Date,Open,High,Low,Close,Volume,OpenInt
20090406,6.9,7.3,6.9,7.2,220,0
20090407,7.1,7.4,7.1,7.2,1796,0
20090408,7.15,7.2,7.08,7.1,1100,0
20090409,7,7.13,7,7.13,300,0
20090414,7,7.14,6.9,7.03,645,0
20090415,6.9,7.18,6.9,7.17,2945,0
20090416,7.15,7.35,7.05,7.3,7450,0
20090417,7.15,7.3,7.1,7.2,700,0
20090420,7.1,7.45,7.05,7.2,1300,0
20090421,7.05,7.5,7.05,7.2,3490,0
20090422,7.05,7.4,7.05,7.33,1000,0
20090423,7.2,7.5,7.14,7.2,1805,0
20090424,7.05,7.46,7.05,7.23,255,0
20090427,7.1,7.23,7,7.23,100,0
20090428,7.1,7.7,7.1,7.3,3100,0
20090429,7.1,7.81,7.1,7.81,3850,0
20090430,7.81,8.2,7.73,7.73,6951,0
20090504,7.65,8.49,7.6,8.38,7412,0
20090505,8.25,8.85,8.1,8.13,12279,0
20090506,8,8.5,8,8.39,3664,0
20090507,7.65,7.8,7.5,7.65,2536,0
20090508,7.5,7.75,7.13,7.13,2770,0
20090511,7.01,7.25,6.8,6.88,1196,0
20090512,6.76,7.18,6.76,6.95,377,0
20090513,6.85,6.95,6.77,6.77,650,0
20090514,6.76,7.09,6.76,7.02,1440,0
20090515,6.95,7.3,6.95,7.2,2110,0
20090518,7.1,7.2,7,7.19,70,0
20090519,7.15,7.19,7.09,7.09,2240,0
20090520,6.97,7.18,6.95,7.18,241,0
20090525,7.1,7.3,7.1,7.3,1200,0
20090526,7.2,7.37,7.1,7.37,200,0
20090527,7.25,7.49,7.25,7.38,500,0
20090528,7.25,7.5,7.25,7.5,2,0
20090529,7.45,7.5,7.25,7.35,1000,0
20090605,7.25,7.28,7.25,7.28,600,0
20090608,7.25,7.28,7.25,7.28,1820,0
20090609,7.25,7.28,7.25,7.28,200,0
20090610,7.25,7.3,7.25,7.28,1877,0
20090612,7.25,7.31,7.25,7.28,250,0
20090615,7.25,7.29,7.25,7.28,376,0
20090616,7.25,7.28,7.25,7.28,24,0
20090618,7.25,7.3,7.25,7.28,3090,0
20090619,7.25,7.35,7.25,7.35,1774,0
20090622,7.25,7.25,6.9,7.05,1480,0
20090623,6.9,7.05,6.6,6.75,1316,0
20090624,6.6,7.25,6.6,6.95,1550,0
20090625,6.8,7,6.8,6.95,275,0
20090629,6.9,7.25,6.9,7.15,2020,0
20090630,7,7.25,7,7.25,40,0
20090701,7.1,7.25,7.1,7.15,80,0
20090702,7,7.2,7,7.2,1269,0
20090706,7,7.15,6.8,7.05,97,0
20090707,6.9,7.2,6.9,7.03,290,0
20090708,6.9,7.15,6.84,7,440,0
20090709,6.85,7.15,6.85,7.13,540,0
20090710,6.9,7.05,6.9,7.03,320,0
20090714,6.9,7.15,6.9,7.15,500,0
20090715,7.25,7.25,7,7,265,0
20090716,6.75,7.25,6.75,7.25,2200,0
20090717,7.2,7.3,7.2,7.3,100,0
20090720,7.35,7.35,7.13,7.13,507,0
20090721,7,7.31,7,7.2,1550,0
20090722,7.34,7.34,7.24,7.24,1053,0
20090723,7.2,7.24,7.19,7.24,200,0
20090727,7.21,7.25,7.2,7.24,50,0
20090729,7.2,7.24,7.05,7.05,600,0
20090730,6.9,7.1,6.6,6.88,1916,0
20090731,6.88,6.99,6.8,6.9,500,0
20090803,7.15,7.16,7.15,7.16,1437,0
20090804,7.15,7.25,7,7.18,375,0
20090805,7.15,7.2,7.1,7.1,900,0
20090806,7,7.3,7,7.15,1625,0
20090807,7.3,7.3,6.95,7.25,1200,0
20090810,7.25,7.28,7.1,7.25,910,0
20090811,7.1,7.32,7,7.15,500,0
20090812,7.15,7.2,7.09,7.09,1070,0
20090813,7.09,7.3,7,7,80,0
20090814,7.09,7.3,7,7.15,1020,0
20090817,7.01,7.15,6.79,6.93,2048,0
20090818,6.93,6.95,6.79,6.95,1610,0
20090819,6.8,7,6.6,6.9,2720,0
20090820,6.8,7.2,6.8,7.1,4700,0
20090821,7,7.11,6.95,6.95,585,0
20090824,6.8,7.1,6.65,6.88,2798,0
20090825,6.8,7,6.8,7,1400,0
20090827,6.9,7,6.83,6.83,240,0
20090828,6.7,7,6.7,6.95,770,0
20090831,6.8,6.9,6.8,6.9,2,0
20090901,6.8,7,6.76,6.76,1040,0
20090902,7,7,6.56,6.7,1600,0
20090903,6.6,7.15,6.5,7.15,1440,0
20090904,7.1,7.21,7,7.14,760,0
20090909,7.1,7.21,7.1,7.16,275,0
20090910,7.1,7.16,7.1,7.16,150,0
20090911,7.1,7.16,7.1,7.16,300,0
20090914,7.1,7.16,6.79,7.16,1400,0
20090915,7.1,7.1,6.8,7,1750,0
20090916,6.9,7.19,6.75,6.85,2050,0
20090917,6.75,7.28,6.7,7.1,4972,0
20090918,7,7.1,7,7.1,220,0
20090921,6.8,7.1,6.8,6.95,250,0
20090923,7,7,6.75,6.8,1000,0
20090924,6.8,7,6.75,6.75,100,0
20090925,6.75,7.08,6.75,7.08,1750,0
20090928,6.95,7.15,6.9,7.15,870,0
20090929,7,7.12,7,7.12,100,0
20090930,6.9,7.19,6.9,7.05,239,0
20091001,6.9,7.3,6.9,7.03,8,0
20091002,6.9,7.03,6.9,6.99,299,0
20091005,6.9,7,6.9,6.99,700,0
20091006,6.99,7,6.99,7,1800,0
20091007,6.99,7.1,6.99,7,1313,0
20091008,6.71,6.9,6.71,6.89,1740,0
20091009,6.75,6.9,6.75,6.78,5162,0
20091012,6.76,6.8,6.76,6.76,1800,0
20091013,6.85,7.1,6.8,7.1,1475,0
20091014,7.03,7.1,6.72,6.9,4025,0
20091015,6.9,7,6.9,6.9,3000,0
20091016,7,7.3,7,7.06,1235,0
20091019,7.05,7.3,6.7,7.3,621,0
20091020,7.15,7.3,7.15,7.3,1600,0
20091021,7.3,7.5,7,7.4,7230,0
20091022,7.4,7.4,7.3,7.35,580,0
20091023,7.3,7.47,7.3,7.44,1075,0
20091026,7.3,7.4,7,7,1000,0
20091027,7,7.4,7,7.17,150,0
20091028,7,7.25,7,7.05,458,0
20091029,7,7.31,7,7.22,270,0
20091030,7.15,7.22,6.99,6.99,120,0
20091103,7,7.28,7,7.01,130,0
20091105,7,7.3,7,7.3,150,0
20091110,7,7.3,6.8,6.85,11900,0
20091111,6.81,7.1,6.8,6.95,802,0
20091113,6.85,7,6.85,7,362,0
20091116,6.85,7,6.85,7,930,0
20091117,6.86,7,6.8,6.96,370,0
20091118,6.86,7.25,6.86,7.12,1175,0
20091119,7.12,7.28,7.12,7.21,1075,0
20091120,7.13,7.21,7.13,7.13,350,0
20091123,7.13,7.3,7.1,7.25,2210,0
20091126,7.02,7.09,6.8,6.8,1513,0
20091127,6.7,6.93,6.7,6.93,762,0
20091130,6.8,7.25,6.8,7.15,1300,0
20091201,7.05,7.31,7,7.25,2102,0
20091203,7.1,7.34,7.1,7.25,471,0
20091204,7.15,7.34,7.15,7.34,450,0
20091207,7.15,7.25,7.15,7.15,40,0
20091208,7,7.29,7,7.29,40,0
20091209,7,7.2,7,7.1,300,0
20091210,7,7.15,7,7.15,574,0
20091211,7.1,7.15,7.1,7.11,2,0
20091214,7.1,7.2,7.05,7.05,600,0
20091216,7,7.05,7,7.02,500,0
20091217,7.01,7.12,6.75,7.09,558,0
20091218,7.05,7.2,7.05,7.2,1400,0
20091221,7.1,7.1,7.1,7.1,300,0
20091222,7.11,7.11,7.11,7.11,1000,0
20091223,7.1,7.3,7.01,7.3,2000,0
20091228,7.15,7.15,7.02,7.15,571,0
20091229,7.02,7.25,7,7.15,2152,0
20091230,7.15,7.4,7.15,7.15,2450,0
20100104,7.15,7.74,7.15,7.39,1290,0
20100105,7.2,7.26,7.18,7.2,1179,0
20100106,7.05,7.249,7.05,7.11,1150,0
20100107,7.1,7.2,7,7,150,0
20100108,7.11,7.2,7.11,7.18,158,0
20100111,7.15,7.25,7.15,7.25,500,0
20100112,7.15,7.364,7.15,7.364,1350,0
20100114,7.3,7.35,7.29,7.349,1100,0
20100115,7.25,7.39,7.25,7.39,2350,0
20100118,7.3,7.41,7.3,7.3,550,0
20100119,7.3,7.4,7.25,7.4,3200,0
20100120,7.25,7.36,7.25,7.36,250,0
20100121,7.35,7.36,7.35,7.35,25,0
20100122,7.37,7.37,7.25,7.25,1100,0
20100125,7.25,7.45,7.25,7.251,3683,0
20100126,7.25,7.256,7.25,7.251,50,0
20100128,7.25,7.26,7.25,7.26,805,0
20100129,7.25,7.256,7.25,7.25,2000,0
20100202,7.22,7.28,7.22,7.28,1650,0
20100203,7.1,7.3,7.1,7.3,107,0
20100204,7.12,7.3,7.12,7.28,550,0
20100205,7.2,7.55,7.2,7.55,1100,0
20100208,7.35,7.4,7.3,7.3,1200,0
20100209,7.21,7.35,7.21,7.28,94,0
20100210,7.21,7.55,7.21,7.55,1700,0
20100211,7.5,7.7,7.5,7.7,650,0
20100212,7.5,7.7,7.49,7.7,50,0
20100215,7.5,7.601,7.5,7.6,1110,0
20100216,7.54,7.7,7.51,7.7,100,0
20100217,7.51,7.97,7.5,7.5,450,0
20100218,7.35,7.55,7.35,7.55,500,0
20100219,7.4,7.55,7.35,7.35,515,0
20100222,7.36,7.52,7.36,7.52,50,0
20100224,7.41,7.48,7.4,7.451,440,0
20100225,7.46,7.51,7.28,7.51,450,0
20100226,7.5,7.5,7.49,7.49,50,0
20100301,7.5,7.65,7.5,7.65,500,0
20100302,7.6,7.799,7.6,7.6,650,0
20100303,7.6,7.799,7.6,7.799,80,0
20100304,7.61,7.8,7.61,7.8,1120,0
20100305,7.61,7.95,7.61,7.95,12370,0
20100308,7.8,7.9,7.8,7.9,3334,0
20100309,7.81,7.98,7.81,7.98,735,0
20100310,7.9,8.6,7.85,8.4,7176,0
20100311,8.57,8.57,8.3,8.301,340,0
20100312,8.3,8.3,8.3,8.3,1130,0
20100315,8.3,8.35,8,8.35,1790,0
20100316,8.15,8.339,7.8,7.9,6190,0
20100317,7.8,7.99,7.45,7.785,6390,0
20100318,7.52,7.79,7.52,7.571,3150,0
20100319,7.57,7.75,7.57,7.749,3130,0
20100322,7.6,7.75,7.42,7.65,5520,0
20100323,7.55,7.76,7.55,7.76,750,0
20100324,7.6,7.75,7.6,7.73,165,0
20100325,7.65,7.75,7.58,7.745,500,0
20100326,7.65,7.87,7.65,7.87,5130,0
20100329,7.7,7.77,7.6,7.767,1416,0
20100331,7.75,7.85,7.58,7.85,3800,0
20100406,7.7,7.81,7.7,7.8,707,0
20100407,7.7,7.9,7.7,7.8,735,0
20100408,7.7,7.8,7.6,7.6,1635,0
20100409,7.6,7.6,7.6,7.6,40,0
20100412,7.601,7.601,7.5,7.5,1735,0
20100413,7.55,7.551,7.55,7.551,1550,0
20100414,7.55,8.05,7.55,8.05,3750,0
20100415,8.1,8.201,7.91,8.1,5550,0
20100416,8.05,8.25,8.05,8.1,1000,0
20100419,8.05,8.55,8,8,3861,0
20100420,8.05,8.149,8,8.149,1725,0
20100421,8,8.11,7.98,7.98,1950,0
20100422,7.755,8.149,7.755,8.111,434,0
20100423,8.11,8.149,8.11,8.149,766,0
20100426,8,8.15,7.8,8.049,4180,0
20100427,7.9,8.248,7.9,8.02,2425,0
20100428,8,8.1,8,8,3150,0
20100430,8,8.45,8,8,10,0
20100503,8,8.15,8,8.1,3400,0
20100504,7.9,8.1,7.9,8.1,100,0
20100505,7.9,8.15,7.9,7.9,1000,0
20100506,7.4,7.5,7.08,7.3,6437,0
20100507,7.2,7.55,7.15,7.48,1530,0
20100510,7.4,7.79,7.25,7.63,690,0
20100511,7.161,7.76,7.161,7.33,960,0
20100512,7.255,7.53,7.255,7.5,1600,0
20100513,7.399,7.48,7.35,7.48,400,0
20100514,7.324,7.6,7.324,7.6,499,0
20100517,7.255,8.1,7.255,7.5,4570,0
20100518,7.463,7.48,7.39,7.39,250,0
20100519,7.231,7.4,7.14,7.14,657,0
20100520,7.109,7.35,7.109,7.141,830,0
20100521,7.121,7.25,7.121,7.151,300,0
20100524,7.054,7.25,7.05,7.05,170,0
20100525,6.877,7.05,6.877,6.89,620,0
20100526,6.961,7.25,6.88,7.25,120,0
20100527,6.999,7.35,6.999,7.35,1600,0
20100528,7.7,7.7,7.4,7.4,1,0
20100601,7.395,7.45,7.395,7.45,240,0
20100602,7.147,7.99,7,7.17,2352,0
20100603,7.11,7.199,7,7.11,2607,0
20100604,7.134,7.199,7.1,7.199,40,0
20100607,7.007,7.2,7.007,7.189,105,0
20100609,7.153,7.165,7.1,7.1,250,0
20100610,7.089,7.2,7.03,7.199,328,0
20100614,7.1,7.2,7.1,7.1,300,0
20100616,7.107,7.305,7.1,7.305,70,0
20100617,7.067,7.298,7,7.28,1300,0
20100618,7.18,7.298,7.17,7.17,630,0
20100621,7.315,7.315,7.17,7.17,21,0
20100622,7.164,7.17,6.95,6.95,94,0
20100623,6.952,7.17,6.952,7,245,0
20100624,7.01,7.17,6.95,6.95,500,0
20100625,6.969,7.15,6.969,7.001,594,0
20100628,6.988,7.15,6.9,6.93,4942,0
20100629,6.815,7.03,6.815,6.88,1000,0
20100701,6.779,7.03,6.779,6.88,660,0
20100705,6.934,7,6.91,7,365,0
20100706,6.95,6.95,6.9,6.902,100,0
20100707,6.897,6.91,6.897,6.902,129,0
20100708,7.138,7.18,7.1,7.18,800,0
20100709,7.135,7.5,7.1,7.5,1680,0
20100712,7.304,7.4,7.28,7.4,1200,0
20100713,7.259,7.479,7.259,7.35,1400,0
20100714,7.364,7.48,7.3,7.42,1500,0
20100715,7.328,7.42,7.3,7.35,1016,0
20100716,7.341,7.53,7.3,7.53,2000,0
20100720,7.368,7.368,7.341,7.341,1030,0
20100721,7.363,7.5,7.35,7.47,3050,0
20100722,7.294,7.49,7.294,7.391,1055,0
20100723,7.394,7.5,7.39,7.489,90,0
20100726,7.454,7.5,7.39,7.5,30,0
20100727,7.379,7.49,7.379,7.39,663,0
20100728,7.219,7.49,7.19,7.47,740,0
20100729,7.314,7.52,7.3,7.52,3715,0
20100802,7.469,7.501,7.4,7.5,1766,0
20100803,7.508,7.508,7.05,7.45,4395,0
20100804,7.235,7.519,7.235,7.48,2100,0
20100805,7.326,7.45,7.31,7.4,295,0
20100806,7.329,7.45,7.31,7.351,200,0
20100809,7.351,7.4,7.35,7.4,40,0
20100810,7.328,7.499,7.328,7.37,1028,0
20100811,7.23,7.5,7.23,7.5,1268,0
20100812,7.265,7.48,7.2,7.32,1067,0
20100813,7.264,7.7,7.264,7.5,5899,0
20100816,7.31,7.8,7.31,7.56,800,0
20100817,7.542,7.61,7.5,7.6,1600,0
20100819,7.492,7.6,7.492,7.51,1310,0
20100820,7.512,7.55,7.5,7.501,200,0
20100823,7.512,7.55,7.5,7.51,500,0
20100824,7.447,7.6,7.447,7.6,290,0
20100825,7.483,7.55,7.483,7.501,936,0
20100827,7.494,7.6,7.494,7.6,2750,0
20100830,7.53,7.71,7.53,7.6,900,0
20100901,7.486,7.6,7.45,7.6,2500,0
20100902,7.438,7.6,7.438,7.6,400,0
20100903,7.41,7.65,7.41,7.65,800,0
20100906,7.586,7.66,7.56,7.6,1035,0
20100907,7.531,7.56,7.531,7.56,500,0
20100909,7.545,7.56,7.545,7.55,100,0
20100910,7.57,7.629,7.5,7.551,260,0
20100913,7.55,7.63,7.55,7.629,1332,0
20100914,7.5,7.63,7.5,7.58,200,0
20100915,7.5,7.61,7.45,7.61,1050,0
20100916,7.6,7.61,7.5,7.5,10,0
20100917,7.5,7.68,7.44,7.55,1500,0
20100920,7.5,8.15,7.5,7.999,3955,0
20100921,7.7,8,7.55,7.7,3495,0
20100922,7.6,7.9,7.6,7.75,1200,0
20100923,7.71,7.88,7.71,7.85,847,0
20100924,7.84,7.9,7.69,7.78,5314,0
20100927,7.65,7.8,7.65,7.8,7218,0
20100928,7.72,8.02,7.72,8.02,100,0
20100929,7.9,8.01,7.9,7.999,2050,0
20100930,7.9,7.9,7.85,7.85,350,0
20101001,7.85,8.049,7.85,8.015,4455,0
20101004,7.98,8,7.8,8,2345,0
20101006,7.9,8.049,7.9,8.049,1871,0
20101007,7.929,8.85,7.85,8.5,66871,0
20101008,8.35,8.65,8.35,8.499,23695,0
20101011,8.35,8.62,8.35,8.62,11666,0
20101012,8.45,8.98,8.43,8.98,3201,0
20101013,8.8,10,8.8,9.4,7096,0
20101014,9.35,9.8,9.34,9.34,5055,0
20101015,9.35,9.6,9.04,9.15,9007,0
20101018,9.1,9.35,9.1,9.25,2745,0
20101019,9.25,9.55,9.25,9.51,2326,0
20101020,9.35,9.546,9.35,9.546,2524,0
20101021,9.5,9.75,9.3,9.75,8450,0
20101022,9.49,9.789,9.49,9.789,1774,0
20101025,9.55,10,9.55,9.805,3408,0
20101026,9.815,9.9,9.6,9.85,2170,0
20101027,9.7,9.9,9.7,9.801,2050,0
20101028,9.8,10.2,9.75,10.1,11678,0
20101029,10,10.2,10,10.15,2630,0
20101101,10.05,10.38,10.05,10.25,5005,0
20101102,10.18,10.45,10.15,10.45,4636,0
20101103,10.25,10.45,10.22,10.44,2475,0
20101104,10.3,10.8,10.2,10.8,5100,0
20101105,10.75,11.3,10.7,11.3,3440,0
20101108,11.25,11.3,10.95,10.95,10796,0
20101109,10.8,11,10.2,10.695,4996,0
20101110,10.51,10.7,10.375,10.38,1505,0
20101111,10.35,10.5,10.15,10.4,5500,0
20101112,10.36,10.36,10.3,10.3,400,0
20101115,10.2,10.36,10.15,10.16,5615,0
20101116,10.16,10.3,10.15,10.16,2873,0
20101117,10.17,10.17,9.85,10.15,2700,0
20101118,10.05,10.19,10.05,10.18,950,0
20101119,10.1,10.315,10.1,10.14,1760,0
20101122,10.15,10.25,10.15,10.2,1000,0
20101123,10.13,10.2,9.55,9.55,7846,0
20101124,9.44,9.9,9.44,9.6,3225,0
20101125,9.5,10.02,9.5,9.599,2209,0
20101126,9.4,9.51,8.5,9.51,109,0
20101129,9.4,10.01,9.4,10,2570,0
20101130,9.9,10.55,9.9,10.3,11470,0
20101201,10.3,10.3,10.1,10.295,1034,0
20101202,10.1,10.25,10.1,10.1,30,0
20101203,9.9,10.1,9.9,9.9,330,0
20101206,9.9,10.25,9.89,10,5619,0
20101207,9.9,10.15,9.9,10.15,3185,0
20101208,10,10,9.6,9.6,2950,0
20101209,9.55,9.82,9.44,9.54,3390,0
20101210,9.55,9.96,9.55,9.96,2606,0
20101213,9.8,10,9.8,9.8,1355,0
20101214,9.75,10,9.75,10,300,0
20101215,9.8,9.9,9.6,9.8,950,0
20101216,9.67,9.85,9.67,9.67,1355,0
20101217,9.7,10,9.7,10,1270,0
20101220,9.65,9.85,9.65,9.8,2209,0
20101221,9.6,9.7,9.591,9.611,365,0
20101223,9.62,9.8,9.4,9.59,7050,0
20101227,9.6,9.8,9.6,9.8,2391,0
20101228,9.6,9.8,9.6,9.8,700,0
20101229,9.65,10.1,9.65,9.7,4500,0
20101230,9.7,10.5,9.7,9.9,3150,0
20110103,9.8,10.695,9.8,10.2,4750,0
20110104,10.195,10.6,10.195,10.2,630,0
20110105,10.195,10.41,9.7,10.2,1450,0
20110106,10.195,10.5,10.19,10.35,2700,0
20110107,10.25,10.5,10.25,10.35,1872,0
20110110,10.01,10.36,9.75,9.751,2511,0
20110111,9.75,10.17,9.75,9.77,2560,0
20110112,9.8,10.22,9.75,10.2,38900,0
20110113,10,10.21,9.6,10.13,45968,0
20110114,9.85,10.1,9.85,9.98,9418,0
20110117,9.85,10.1,9.85,9.9,2749,0
20110118,9.85,9.9,9.85,9.88,3589,0
20110119,9.85,10,9.85,10,5733,0
20110120,9.9,10.19,9.65,9.65,1580,0
20110121,9.66,9.9,9.6,9.7,810,0
20110124,9.75,9.84,9.75,9.75,350,0
20110125,9.65,9.84,9.62,9.7,1400,0
20110126,9.61,9.83,9.61,9.61,1300,0
20110127,9.56,9.7,9.56,9.7,659,0
20110128,9.56,9.7,9.56,9.561,100,0
20110131,9.56,9.7,9.56,9.672,1750,0
20110201,9.56,10.1,9.56,9.699,203,0
20110202,9.6,9.65,9.6,9.65,2900,0
20110203,9.57,10.25,9.57,10,3400,0
20110204,9.9,10.69,9.9,10.25,5531,0
20110207,10,10.245,9.76,9.82,3859,0
20110208,9.73,10.05,9.73,10,965,0
20110209,9.8,10,9.8,9.8,500,0
20110210,9.8,10,9.8,9.8,413,0
20110211,9.76,10,9.76,9.95,1288,0
20110214,9.9,9.9,9.61,9.85,2800,0
20110215,9.67,10,9.61,9.61,5011,0
20110216,9.75,9.95,9.6,9.95,1110,0
20110217,9.9,10,9.9,10,1920,0
20110218,9.9,9.95,9.9,9.9,761,0
20110221,9.85,10.5,9.85,9.85,530,0
20110222,9.85,9.938,9.85,9.9,970,0
20110223,9.85,10.14,9.85,9.94,6517,0
20110224,9.92,10.16,9.7,9.85,4800,0
20110225,9.8,10.36,9.8,10,1855,0
20110228,9.95,10.2,9.85,9.85,1505,0
20110301,9.8,10.05,9.8,10.05,1600,0
20110302,9.95,10.25,9.95,10.25,350,0
20110303,10.25,10.35,10,10.35,1300,0
20110304,10.25,10.45,10.09,10.1,2800,0
20110307,9.91,10.195,9.91,10.195,870,0
20110309,10,10.15,9.5,9.7,2250,0
20110310,9.7,10.1,9.7,10,1340,0
20110311,9.95,10.19,9.85,10.1,4740,0
20110314,9.95,9.95,9.7,9.93,1310,0
20110315,9.8,9.93,8.1,9.3,23654,0
20110316,9,9.6,9,9.001,11715,0
20110317,9,9.65,9,9.4,8442,0
20110318,9.4,9.7,9.4,9.7,8303,0
20110321,9.7,9.9,9.5,9.7,1530,0
20110322,9.7,9.95,9.7,9.8,1175,0
20110323,9.75,9.801,9.75,9.801,50,0
20110324,9.8,10.09,9.5,10.09,11890,0
20110325,9.9,10.25,9.9,10.11,8861,0
20110328,10.25,10.55,10.1,10.3,2420,0
20110329,10.2,10.25,10.2,10.23,150,0
20110330,10.2,10.25,10.2,10.2,2190,0
20110331,10.12,10.245,10.12,10.245,90,0
20110401,10.12,10.36,10.12,10.36,2471,0
20110404,10.2,10.48,10.2,10.205,3302,0
20110405,10.2,10.49,10.2,10.23,1145,0
20110406,10.2,10.37,10.2,10.345,915,0
20110407,10.215,10.595,10.215,10.45,3794,0
20110408,10.55,10.6,10.41,10.6,2301,0
20110411,10.5,10.6,10.5,10.55,2575,0
20110412,10.5,10.55,10.4,10.55,3186,0
20110413,10.45,10.68,10.45,10.5,5916,0
20110414,10.45,10.5,9.95,10,11721,0
20110415,9.95,10.1,9.95,10,9309,0
20110418,9.95,10.17,9.95,10,10610,0
20110419,9.95,10,9.895,9.975,11660,0
20110420,9.99,10,9.8,10,8777,0
20110421,9.95,10.05,9.95,10.05,18540,0
20110426,10,10.1,9.9,10,10970,0
20110427,9.95,10.05,9.95,10,13460,0
20110428,9.98,10.18,9.98,10.15,5034,0
20110429,10.15,10.27,10.005,10.26,9620,0
20110502,10.15,10.7,10.15,10.6,17957,0
20110503,10.55,10.74,10.2,10.6,15579,0
20110504,10.55,10.65,10.25,10.45,8058,0
20110505,9.75,9.95,9.54,9.949,8759,0
20110506,9.75,10,9.75,9.995,1090,0
20110509,9.9,9.95,9.81,9.81,3555,0
20110510,9.75,9.9,9.69,9.751,2399,0
20110511,9.72,9.9,9.7,9.8,5060,0
20110512,9.65,9.85,9.65,9.783,4700,0
20110516,9.78,9.9,9.78,9.82,1365,0
20110517,9.78,10.1,9.78,10.1,5250,0
20110518,9.9,9.9,9.85,9.85,580,0
20110519,9.8,10.15,9.8,9.975,3064,0
20110520,9.9,9.975,9.9,9.9,460,0
20110523,9.9,10.025,9.9,10.025,150,0
20110524,9.8,10.025,9.75,9.85,500,0
20110525,9.85,9.85,9.75,9.825,200,0
20110526,9.75,9.875,9.75,9.875,750,0
20110527,9.875,9.875,9.75,9.825,200,0
20110530,9.75,9.825,9.75,9.8,680,0
20110531,9.75,9.825,9.75,9.825,1130,0
20110601,9.75,9.799,9.5,9.5,3050,0
20110602,9.269,9.7,9.269,9.7,450,0
20110603,9.6,9.7,9.55,9.585,1915,0
20110606,9.55,9.775,9.452,9.775,802,0
20110607,9.55,9.775,9.5,9.696,200,0
20110608,9.545,9.696,9.4,9.495,1508,0
20110609,9.495,9.59,9.161,9.37,2607,0
20110610,9.37,9.55,9.25,9.44,6270,0
20110613,9.16,9.586,9.16,9.482,300,0
20110614,9.316,9.558,9.316,9.448,320,0
20110615,9.448,9.5,9.36,9.485,2270,0
20110616,9.4,9.501,9.36,9.378,4535,0
20110617,9.3,9.64,9.3,9.64,270,0
20110620,9.5,9.6,9.39,9.5,4303,0
20110621,9.4,9.535,9.4,9.535,2302,0
20110622,9.4,9.599,9.4,9.599,200,0
20110624,9.415,9.65,9.4,9.55,480,0
20110627,9.599,9.6,9.49,9.599,2259,0
20110628,9.4,9.65,9.4,9.4,3580,0
20110629,9.55,9.599,9.39,9.4,1952,0
20110630,9.3,9.625,9.3,9.3,1175,0
20110701,9.7,9.7,9.5,9.5,1000,0
20110704,9.45,9.72,9.441,9.45,1100,0
20110705,9.724,9.724,9.37,9.5,3492,0
20110706,9.549,9.644,9.45,9.549,674,0
20110707,9.5,9.607,9.445,9.5,959,0
20110708,9.451,9.607,9.45,9.451,1155,0
20110711,9.452,9.689,9.45,9.451,3257,0
20110712,9.451,9.536,9.4,9.451,2350,0
20110713,9.28,10.2,9.28,9.95,10455,0
20110714,10.01,10.1,9.9,9.9,810,0
20110715,9.8,10.05,9.7,9.8,2105,0
20110718,9.75,9.9,9.556,9.75,1035,0
20110719,9.51,9.85,9.51,9.51,3420,0
20110720,9.665,9.85,9.51,9.511,1060,0
20110721,9.6,9.855,9.6,9.6,2450,0
20110722,9.855,10.095,9.61,9.61,3760,0
20110725,10.095,10.095,9.75,9.75,800,0
20110726,10,10,9.61,9.61,3100,0
20110727,9.95,10.1,9.7,9.7,2677,0
20110728,9.925,9.925,9.65,9.7,450,0
20110729,9.6,9.755,9.6,9.6,916,0
20110801,9.7,9.75,9.5,9.56,1575,0
20110802,9.35,9.65,9.35,9.35,270,0
20110803,9.551,9.551,9.172,9.172,1637,0
20110804,9.495,9.5,8.7,9.21,16280,0
20110805,9,9.2,8.24,8.5,20007,0
20110808,9,9,8.4,8.4,9294,0
20110809,8.4,9.19,8.4,8.4,7458,0
20110810,9.04,9.2,8.6,9.14,3477,0
20110811,8.75,9.089,8.5,8.51,575,0
20110812,8.87,9.29,8.87,8.87,726,0
20110815,8.87,9.78,8.87,8.87,1020,0
20110816,9.553,9.739,9.39,9.52,2515,0
20110817,9.291,9.523,9.047,9.291,1125,0
20110819,8.991,9.291,8.99,8.991,25,0
20110822,8.991,9.291,8.99,8.991,1410,0
20110823,9.191,9.291,9.19,9.191,300,0
20110824,9.171,9.24,9.091,9.171,2446,0
20110826,9.071,9.121,9.041,9.041,760,0
20110829,9.041,9.07,9,9.041,1530,0
20110830,9.1,9.1,8.961,9.031,250,0
20110831,8.961,9.2,8.96,9.081,1600,0
20110901,9.011,9.2,9.01,9.081,2042,0
20110902,9.011,9.15,9.01,9.081,350,0
20110905,9.011,9.081,8.866,8.866,620,0
20110906,8.781,9,8.771,8.891,920,0
20110907,8.781,9.3,8.78,9.241,2830,0
20110908,9.081,9.4,9.08,9.275,250,0
20110909,9.15,9.4,9.1,9.15,1584,0
20110912,9.05,9.25,9,9,500,0
20110913,8.9,9,8.9,8.925,1300,0
20110914,8.85,8.999,8.85,8.97,935,0
20110915,8.85,8.97,8.85,8.935,35,0
20110916,8.88,8.99,8.88,8.94,530,0
20110919,8.88,9.2,8.88,9.04,556,0
20110920,8.88,9.1,8.87,8.99,500,0
20110921,8.99,8.99,8.88,8.94,10,0
20110922,8.88,8.94,8.85,8.85,1350,0
20110926,8.7,8.901,8.7,8.901,500,0
20110927,8.85,9,8.85,8.95,550,0
20110928,8.9,9.15,8.9,9.05,2406,0
20110929,8.9,9.2,8.9,8.95,1580,0
20110930,8.95,9.2,8.95,9.075,2300,0
20111004,8.95,9.2,8.9,9.05,5380,0
20111005,8.9,9.1,8.9,9.04,1280,0
20111006,8.96,9.17,8.96,9.1,310,0
20111007,9.03,9.1,8.96,9.065,561,0
20111010,8.96,9.17,8.95,8.95,1625,0
20111011,8.96,9.5,8.96,9.355,2513,0
20111012,9.127,9.75,9.127,9.5,3804,0
20111013,9.5,9.7,9.5,9.525,2560,0
20111014,9.525,9.699,9.35,9.5,660,0
20111017,9.5,9.612,9.35,9.612,1970,0
20111018,9.612,9.612,9.34,9.46,1150,0
20111019,9.581,9.78,9.35,9.69,4100,0
20111020,9.5,9.83,9.5,9.75,3318,0
20111021,9.75,9.849,9.5,9.8,2168,0
20111024,9.75,10,9.39,9.95,2150,0
20111025,9.579,9.95,9.48,9.5,420,0
20111026,9.479,9.952,9.479,9.9,150,0
20111027,9.537,10.04,9.537,10.04,400,0
20111028,9.8,10.04,9.8,9.96,6105,0
20111031,9.664,9.999,9.664,9.95,300,0
20111101,9.8,9.999,9.8,9.999,200,0
20111102,9.7,9.99,9.7,9.945,400,0
20111103,9.703,10.1,9.703,10.1,1400,0
20111104,9.727,10.2,9.727,9.95,2738,0
20111107,9.781,10.97,9.781,10.72,8455,0
20111108,10.72,10.885,10.3,10.695,4225,0
20111109,10.435,10.695,10.15,10.15,4310,0
20111110,10.2,10.6,10.2,10.34,800,0
20111111,10.1,10.445,10.1,10.305,850,0
20111114,10.445,10.445,10.2,10.425,1102,0
20111115,10.15,10.445,10,10.265,4783,0
20111116,9.966,10.265,9.966,10.25,1122,0
20111117,10.25,10.305,10.25,10.305,560,0
20111118,10.09,10.305,10.06,10.165,500,0
20111121,10.03,10.305,10,10.2,1600,0
20111122,10,10.2,9.75,10.035,1990,0
20111123,9.65,10.035,9.65,9.9,540,0
20111124,9.7,10,9.7,9.955,500,0
20111128,9.778,10.125,9.778,10.125,50,0
20111129,9.914,10.125,9.782,10.05,3500,0
20111130,9.9,10.2,9.9,10.2,500,0
20111201,9.923,10.15,9.881,9.966,340,0
20111202,9.966,10.235,9.8,10.155,402,0
20111205,9.919,10.155,9.904,10.155,3450,0
20111206,9.839,10,9.751,10,1450,0
20111207,9.776,10,9.669,9.877,1000,0
20111208,9.877,9.877,9.52,9.683,3050,0
20111209,9.501,9.683,9.166,9.35,4378,0
20111212,9.208,9.44,9.086,9.255,5402,0
20111213,9.05,9.303,9.05,9.303,1912,0
20111214,9.05,9.485,9.05,9.367,1636,0
20111215,9.25,9.375,9.25,9.375,1040,0
20111216,9.25,9.84,9.25,9.4,2950,0
20111219,9.4,9.433,9.25,9.433,20,0
20111220,9.25,9.7,9.25,9.493,2181,0
20111221,9.3,9.6,9.3,9.45,463,0
20111222,9.3,9.55,9.3,9.45,600,0
20111223,9.3,9.45,9.3,9.45,120,0
20111227,9.3,9.65,9.11,9.45,1936,0
20111228,9.45,9.639,9.26,9.416,1104,0
20111230,9.25,10.089,9.25,9.35,7425,0
20120102,9.38,9.876,9.38,9.631,900,0
20120103,9.46,9.924,9.46,9.81,860,0
20120104,9.596,9.81,9.588,9.695,700,0
20120105,9.695,9.695,9.486,9.65,1500,0
20120106,9.4,9.892,9.4,9.709,300,0
20120109,9.51,10.2,9.51,10.02,4150,0
20120110,9.808,10.3,9.807,10.155,2280,0
20120111,9.95,10.4,9.94,10.245,9100,0
20120112,10.3,10.39,9.995,10.031,5101,0
20120113,10.35,10.39,9.8,10.11,5650,0
20120116,10.11,10.28,9.86,10.1,13,0
20120117,9.802,10.35,9.8,10.175,4350,0
20120119,10.075,10.125,9.915,10.125,2350,0
20120120,10.01,10.125,9.75,9.99,4930,0
20120123,9.7,10.12,9.7,10.03,200,0
20120124,9.85,10.249,9.65,10.075,5020,0
20120125,9.801,10.248,9.78,10.02,1990,0
20120127,10.05,10.075,9.85,10.075,302,0
20120130,9.865,10.075,9.851,10.005,641,0
20120131,9.86,10.144,9.86,10.05,1803,0
20120201,9.853,10.175,9.85,10.06,2310,0
20120202,10.199,10.199,9.87,10.1,450,0
20120203,9.91,10.1,9.7,9.965,2550,0
20120206,9.85,10.099,9.85,10.02,1850,0
20120207,9.9,10.03,9.9,10.03,1200,0
20120208,9.86,10.03,9.86,9.93,2260,0
20120209,9.91,10.2,9.91,10.1,2305,0
20120210,9.986,10.169,9.952,10.05,1075,0
20120213,10.05,10.185,9.9,10.065,1451,0
20120214,10.065,10.199,9.95,10.055,1425,0
20120215,9.96,10.18,9.9,10.035,1081,0
20120216,10.035,10.195,9.91,10.05,1800,0
20120217,10.2,10.3,9.91,10.115,3218,0
20120220,10.2,10.2,10.01,10.05,2100,0
20120221,10.04,10.095,10.04,10.095,714,0
20120222,10.01,10.2,9.95,10.085,2800,0
20120223,9.95,10.14,9.95,10.105,821,0
20120227,9.91,10.1,9.91,10.07,330,0
20120228,9.91,10.139,9.91,10.05,1828,0
20120229,9.91,10.139,9.91,10.03,550,0
20120301,9.915,10.139,9.915,10.05,590,0
20120302,9.96,10.14,9.96,10.055,1000,0
20120305,10.055,10.2,9.97,10.12,480,0
20120306,10.05,10.35,10.025,10.025,2790,0
20120307,10.05,10.16,10.017,10.06,1985,0
20120308,9.97,10.2,9.97,10.001,2600,0
20120309,10,10.279,10,10.2,4340,0
20120312,10.15,10.36,10.15,10.2,2060,0
20120313,10.15,10.4,10.14,10.27,4664,0
20120314,10.44,10.49,10.1,10.4,3969,0
20120315,10.4,10.49,10.21,10.49,2990,0
20120316,10.49,10.54,10.401,10.54,8314,0
20120319,10.6,10.75,10.48,10.635,5900,0
20120320,10.789,10.789,10.48,10.695,3115,0
20120321,10.4,10.789,10.4,10.645,2120,0
20120322,10.645,10.789,10.4,10.65,1550,0
20120323,10.785,10.84,10.6,10.65,2609,0
20120326,10.8,10.894,10.6,10.765,6609,0
20120327,10.61,11,10.61,10.805,2700,0
20120329,10.6,10.96,10.54,10.8,3260,0
20120330,10.6,10.8,10.58,10.725,3090,0
20120402,10.79,10.799,10.55,10.7,1250,0
20120403,10.7,10.849,10.55,10.75,2385,0
20120404,10.849,10.849,10.55,10.65,400,0
20120405,10.55,10.833,10.4,10.585,7020,0
20120410,10.585,11.24,10.54,11,11750,0
20120411,10.75,11.2,10.745,10.911,380,0
20120412,10.92,11.16,10.91,10.925,3428,0
20120413,10.925,11.05,10.75,11.025,4200,0
20120416,11.025,11.025,10.755,10.96,3320,0
20120417,10.92,10.96,10.55,10.83,5805,0
20120418,10.83,11.075,10.651,10.85,2978,0
20120419,10.7,11.018,10.7,10.875,4650,0
20120423,10.75,10.99,10.75,10.875,5375,0
20120424,10.851,10.99,10.75,10.865,6429,0
20120425,10.71,11,10.71,10.9,1423,0
20120426,10.71,10.999,10.71,10.915,2380,0
20120427,10.7,11,10.7,10.95,1510,0
20120430,11.049,11.15,10.73,11.025,10247,0
20120502,10.83,11.2,10.83,11.065,12100,0
20120503,10.81,11.149,10.806,10.96,3310,0
20120504,10.1,10.605,9.935,10.13,2437,0
20120507,10.1,10.275,9.54,10.275,7176,0
20120508,10.035,10.275,10.035,10.195,300,0
20120509,10.38,10.38,10,10.125,2000,0
20120510,10,10.249,10,10.125,2914,0
20120511,10.125,10.15,9.829,10.15,500,0
20120514,9.874,10.8,9.874,10.27,7565,0
20120515,10.085,10.3,10.085,10.225,2000,0
20120516,9.967,10.299,9.967,10.15,2435,0
20120517,9.911,10.2,9.911,9.978,2250,0
20120518,9.667,9.999,9.667,9.91,75,0
20120521,9.665,9.999,9.581,9.783,3399,0
20120522,9.89,9.915,9.5,9.915,2952,0
20120523,9.629,9.915,9.5,9.633,2915,0
20120524,9.445,9.633,9.445,9.516,3600,0
20120525,9.269,9.6,9.269,9.45,3310,0
20120528,9.3,9.45,9.3,9.45,300,0
20120529,9.3,9.5,9.3,9.375,3425,0
20120530,9.3,9.51,9.3,9.51,350,0
20120531,9.35,9.549,9.35,9.498,100,0
20120601,9.251,9.498,9.251,9.473,1000,0
20120604,9.196,9.473,9.143,9.377,931,0
20120605,9.171,9.61,9.13,9.42,101,0
20120606,9.232,9.42,9.232,9.3,79,0
20120607,9.133,9.399,9.133,9.325,50,0
20120608,9.25,9.5,9.056,9.3,870,0
20120611,9.157,9.45,9.157,9.3,2050,0
20120613,9.095,9.31,9.095,9.3,55,0
20120614,9.07,9.489,9.07,9.403,220,0
20120615,9.3,9.649,9.19,9.329,1000,0
20120618,9.3,9.35,9.12,9.35,300,0
20120619,9.59,9.59,9.2,9.4,1880,0
20120620,9.3,9.4,9.3,9.35,500,0
20120621,9.3,9.559,9.3,9.5,250,0
20120622,9.304,9.649,9.2,9.475,2355,0
20120625,9.3,9.475,9.3,9.475,326,0
20120626,9.3,9.65,9.3,9.485,255,0
20120627,9.3,9.49,9.3,9.49,350,0
20120628,9.31,9.54,9.3,9.54,3249,0
20120629,9.381,9.83,9.29,9.74,11290,0
20120702,9.54,9.824,9.37,9.625,2559,0
20120703,9.625,9.625,9.41,9.575,19,0
20120704,9.575,9.575,9.34,9.52,50,0
20120705,9.5,9.901,9.3,9.793,2000,0
20120706,9.543,9.793,9.543,9.695,600,0
20120709,9.695,9.76,9.61,9.74,3075,0
20120710,9.55,9.8,9.55,9.746,575,0
20120711,9.538,9.79,9.538,9.675,4000,0
20120712,9.675,9.69,9.5,9.65,3040,0
20120713,9.8,9.8,9.5,9.525,2400,0
20120716,9.858,9.858,9.39,9.62,650,0
20120717,9.62,9.689,9.41,9.589,1525,0
20120718,9.5,9.589,9.35,9.425,695,0
20120719,9.209,9.68,9.209,9.515,1435,0
20120720,9.275,9.515,9.275,9.425,1650,0
20120723,9.177,9.5,9.177,9.36,1100,0
20120724,9.34,9.687,9.135,9.37,2299,0
20120725,9.37,9.371,9.119,9.371,6481,0
20120726,9.143,9.588,9.143,9.403,2400,0
20120727,9.403,9.75,9.189,9.536,10260,0
20120730,9.346,9.599,9.346,9.5,600,0
20120731,9.41,9.5,9.287,9.45,1010,0
20120801,9.3,9.561,9.222,9.561,2750,0
20120802,9.335,9.561,9.2,9.448,2700,0
20120803,9.448,9.988,9.217,9.88,2503,0
20120806,9.88,9.88,9.637,9.732,100,0
20120807,9.732,9.949,9.486,9.775,510,0
20120808,9.6,9.775,9.531,9.775,380,0
20120809,9.949,9.95,9.547,9.825,808,0
20120810,9.825,9.93,9.567,9.825,110,0
20120813,9.59,9.97,9.59,9.839,2675,0
20120814,9.617,9.839,9.617,9.82,300,0
20120816,9.7,9.95,9.7,9.83,550,0
20120817,9.597,9.83,9.597,9.826,550,0
20120820,9.59,9.948,9.59,9.816,1390,0
20120821,9.581,9.95,9.581,9.801,2600,0
20120822,9.568,9.801,9.568,9.68,2000,0
20120823,9.62,9.74,9.61,9.68,750,0
20120824,9.68,9.905,9.6,9.8,2000,0
20120827,9.6,9.8,9.6,9.725,600,0
20120828,9.6,9.749,9.6,9.68,2800,0
20120829,9.6,9.71,9.6,9.655,250,0
20120830,9.6,9.699,9.55,9.555,1300,0
20120904,9.5,9.6,9.341,9.6,100,0
20120905,9.371,9.649,9.371,9.6,6,0
20120906,9.374,9.749,9.374,9.749,1965,0
20120907,9.4,9.7,9.4,9.625,220,0
20120910,9.39,9.749,9.39,9.635,1420,0
20120911,9.38,9.825,9.38,9.825,1279,0
20120912,9.588,9.9,9.588,9.85,1072,0
20120914,9.668,9.85,9.668,9.738,1120,0
20120917,9.485,9.921,9.482,9.786,2650,0
20120918,9.54,9.786,9.48,9.732,70,0
20120919,9.518,9.732,9.5,9.69,170,0
20120920,9.536,9.95,9.536,9.92,1692,0
20120921,9.98,10.1,9.5,9.974,2630,0
20120925,9.658,10.04,9.658,9.885,1005,0
20120926,9.6,10.03,9.6,9.885,10,0
20120927,9.668,10.05,9.668,9.8,1900,0
20120928,9.8,9.999,9.2,9.425,10381,0
20121001,9.189,9.599,9.189,9.475,2610,0
20121002,9.635,9.635,9.261,9.5,1700,0
20121004,9.5,9.714,9.28,9.55,1660,0
20121005,9.337,9.778,9.337,9.68,1210,0
20121008,9.417,9.75,9.417,9.613,650,0
20121009,9.4,9.613,9.4,9.608,500,0
20121010,9.357,9.764,9.357,9.61,655,0
20121011,9.364,9.767,9.364,9.62,700,0
20121012,9.377,9.769,9.377,9.621,2060,0
20121015,9.621,9.8,9.382,9.7,2220,0
20121016,9.6,9.792,9.496,9.697,200,0
20121017,9.697,9.8,9.464,9.792,2380,0
20121018,9.792,10,9.565,9.915,4100,0
20121019,9.915,10.03,9.661,9.858,3175,0
20121022,9.613,9.858,9.613,9.856,3265,0
20121023,9.856,9.988,9.626,9.855,750,0
20121024,9.638,10.2,9.638,10.2,865,0
20121025,9.684,10.17,9.684,9.885,1100,0
20121026,9.616,9.885,9.616,9.88,2605,0
20121029,9.636,9.949,9.636,9.875,972,0
20121030,9.608,10.09,9.608,9.95,1250,0
20121031,9.714,10.1,9.714,10.07,550,0
20121102,10.07,10.139,9.825,10.105,700,0
20121105,9.804,10.6,9.804,10.27,3820,0
20121106,10.03,10.399,10.03,10.25,400,0
20121107,10.01,10.499,10.01,10.3,1335,0
20121108,10.3,10.449,10.07,10.26,208,0
20121109,10.2,10.484,10.025,10.245,880,0
20121113,10.08,10.245,9.971,10.235,1310,0
20121114,9.974,10.4,9.974,10.245,1772,0
20121115,10.245,10.245,9.957,10.225,1000,0
20121116,10.225,10.225,9.976,10.185,200,0
20121119,10.071,10.49,10,10.285,2900,0
20121120,10.02,10.285,10.02,10.225,100,0
20121121,10,10.48,10,10.25,767,0
20121122,10.01,10.3,10.01,10.3,1450,0
20121123,10.055,10.5,10.055,10.285,1280,0
20121126,10.285,10.3,10.025,10.3,100,0
20121127,10.075,10.3,10.075,10.2,2580,0
20121128,10,10.409,10,10.35,1086,0
20121129,10.135,10.35,10.135,10.335,1070,0
20121203,10.45,10.45,9.9,10.255,2050,0
20121204,9.994,10.3,9.994,10.29,600,0
20121205,10.075,10.43,10,10.23,2500,0
20121206,9.721,10.23,9.721,10.17,900,0
20121207,9.646,10.43,9.646,10.255,1353,0
20121210,9.755,10.39,9.755,10.2,2075,0
20121211,9.954,10.44,9.65,10.225,1870,0
20121212,9.638,10.52,9.638,10.47,3007,0
20121213,9.805,10.55,9.805,10.445,214,0
20121214,9.911,10.55,9.911,10.45,3565,0
20121217,9.968,10.45,9.968,10.45,8,0
20121218,9.981,10.45,9.981,10.45,1100,0
20121219,9.965,10.549,9.965,10.45,719,0
20121220,9.977,10.55,9.977,10.48,950,0
20121221,9.955,11.489,9.955,10.6,8550,0
20121227,10.6,11.199,10.09,10.89,5610,0
20121228,10.235,11.1,10.235,10.89,6998,0
20130102,10.2,11.278,10.2,11.18,2660,0
20130103,10.595,11.18,10.52,10.8,1100,0
20130104,10.19,10.999,10.19,10.85,200,0
20130107,10.275,11,10.275,10.8,1460,0
20130108,10.235,11,10.235,10.87,2260,0
20130109,10.365,10.99,10.365,10.845,514,0
20130110,10.305,10.99,10.305,10.9,1400,0
20130111,10.415,11,10.415,10.905,850,0
20130114,10.99,11.1,10.265,11.005,1800,0
20130115,10.35,11.005,10.35,10.915,100,0
20130116,10.32,10.999,10.32,10.9,300,0
20130117,10.8,10.9,10.39,10.895,1000,0
20130118,10.4,10.895,10.4,10.89,557,0
20130121,10.4,10.979,10.4,10.83,3597,0
20130122,10.71,10.965,10.71,10.965,200,0
20130123,10.535,10.965,10.535,10.965,1014,0
20130124,10.52,11,10.52,10.93,900,0
20130128,10.545,10.999,10.545,10.94,1945,0
20130129,10.545,11,10.545,10.999,340,0
20130130,10.545,11,10.545,11,2015,0
20130131,10.515,11,10.515,10.999,335,0
20130201,10.72,11.22,10.355,10.455,1116,0
20130204,10.35,11.2,10.35,11.14,5320,0
20130205,10.775,11.17,10.775,11.149,3700,0
20130206,10.72,11.15,10.72,11.15,2620,0
20130207,10.775,11.19,10.775,11.19,1100,0
20130208,11.07,11.599,11.07,11.201,2000,0
20130211,11.125,11.5,11.125,11.199,1820,0
20130212,11,11.2,10.82,11.01,600,0
20130213,10.825,11.2,10.825,10.901,570,0
20130214,10.78,11,10.7,10.71,3090,0
20130215,10.595,11.02,10.595,11.02,930,0
20130218,10.64,11.199,10.64,11,4884,0
20130219,10.78,11.2,10.78,10.853,1250,0
20130220,10.75,10.96,10.66,10.96,1200,0
20130221,10.705,11,10.705,10.9,1735,0
20130222,10.72,11,10.72,11,1026,0
20130225,10.9,11.201,10.765,11.201,1000,0
20130226,10.87,11.249,10.87,11.248,540,0
20130227,10.865,11.3,10.865,11.3,1393,0
20130228,10.92,11.4,10.92,10.991,1410,0
20130301,10.87,11.41,10.87,11.389,1500,0
20130304,10.87,11.4,10.87,11.4,140,0
20130305,10.95,11.45,10.95,11.101,700,0
20130306,10.965,11.28,10.965,11.04,849,0
20130307,11.051,11.439,10.955,11.4,641,0
20130308,10.96,11.4,10.96,11.05,948,0
20130311,10.95,11.42,10.945,10.945,563,0
20130312,10.88,11.4,10.87,11.25,1910,0
20130313,11.06,11.49,11.06,11.48,3955,0
20130314,11.095,11.51,11.095,11.51,560,0
20130315,11.1,11.49,11.1,11.49,870,0
20130318,11.075,11.522,11,11.52,2341,0
20130319,11.01,11.49,11.01,11.251,500,0
20130320,11.1,12,11.1,11.65,3265,0
20130321,11.96,11.96,11.338,11.338,310,0
20130325,11.335,11.89,11.335,11.55,2109,0
20130326,11.45,11.99,11.45,11.5,1332,0
20130327,11.45,11.9,11.45,11.9,100,0
20130328,11.45,11.99,11.45,11.451,700,0
20130402,11.66,11.66,11.45,11.468,255,0
20130403,11.45,11.649,11.45,11.45,1900,0
20130408,11.5,12.01,11.5,12.01,3367,0
20130409,11.565,11.969,11.565,11.969,100,0
20130410,11.7,11.8,11.5,11.505,410,0
20130411,11.5,11.94,11.5,11.8,2590,0
20130415,11.37,11.8,11.37,11.5,1565,0
20130416,11.45,11.8,11.45,11.79,975,0
20130417,11.45,12.01,11.45,12.01,833,0
20130418,11.65,11.95,11.515,11.95,4988,0
20130419,11.45,11.94,11.45,11.51,233,0
20130422,11.9,11.9,11.46,11.899,470,0
20130423,11.5,11.9,11.5,11.75,461,0
20130424,11.7,11.9,11.5,11.72,1320,0
20130425,11.5,11.9,11.5,11.7,700,0
20130429,11.45,11.899,11.45,11.899,1190,0
20130430,11.45,11.82,11.45,11.7,1535,0
20130502,11.31,12,11.31,11.899,4650,0
20130503,11.76,12,11.76,12,4100,0
20130506,11.66,12,11.656,11.95,2335,0
20130507,11.57,12,11.496,11.496,980,0
20130508,11.325,11.384,10.95,11.37,919,0
20130509,11.39,11.919,11.39,11.919,130,0
20130510,11.465,12,11.46,11.76,691,0
20130513,11.4,11.875,11.37,11.37,2080,0
20130514,11.39,11.39,11.38,11.39,1641,0
20130515,11.39,11.39,10.6,11,5739,0
20130516,10.6,11.089,10.6,11.085,2082,0
20130517,10.6,10.6,10.5,10.511,240,0
20130520,10.675,10.675,10.6,10.6,200,0
20130521,10.675,10.815,10.51,10.68,1090,0
20130522,10.6,11.05,10.6,10.6,1100,0
20130523,10.915,10.915,10.55,10.915,75,0
20130524,10.56,11.08,10.55,11.08,1345,0
20130527,11,11,10.505,10.579,501,0
20130528,10.55,10.675,10.55,10.601,550,0
20130529,10.5,10.675,10.5,10.511,100,0
20130530,10.675,10.675,10.5,10.511,1160,0
20130531,10.675,10.675,10.48,10.48,290,0
20130603,10.61,10.675,10.281,10.281,1440,0
20130604,10.324,10.7,10.281,10.281,757,0
20130605,10.58,10.794,10.27,10.794,2200,0
20130606,10.3,10.707,10.3,10.707,521,0
20130607,10.5,10.839,10.21,10.21,3094,0
20130610,10.2,10.657,10.2,10.657,200,0
20130611,10.23,10.5,10.23,10.24,400,0
20130613,10.31,10.648,10.31,10.648,300,0
20130614,10.31,10.648,10.31,10.648,1000,0
20130617,10.315,10.5,10.31,10.33,700,0
20130618,10.35,10.5,10.35,10.351,400,0
20130619,10.35,10.645,10.33,10.351,853,0
20130620,10.35,10.65,10.35,10.351,600,0
20130621,10.35,10.599,10.35,10.599,100,0
20130624,10.38,10.5,10.35,10.499,366,0
20130625,10.38,10.55,10.2,10.499,120,0
20130626,10.38,10.55,10.11,10.2,2603,0
20130627,10.135,10.57,10.135,10.3,3259,0
20130628,10.1,10.95,10.1,10.631,2600,0
20130701,10.515,11.085,10.513,10.989,150,0
20130702,10.48,10.95,10.475,10.482,970,0
20130703,11,11,10.47,10.473,865,0
20130704,10.405,10.61,10.393,10.393,110,0
20130705,10.295,10.83,10.1,10.1,2650,0
20130708,10.1,10.425,10.1,10.368,1410,0
20130709,10.1,10.8,10.1,10.8,800,0
20130710,10.44,10.949,10.44,10.949,500,0
20130711,10.435,10.95,10.43,10.75,910,0
20130712,10.285,10.75,10.285,10.75,1000,0
20130715,10.23,10.699,10.21,10.21,420,0
20130716,10.23,10.699,10.23,10.699,200,0
20130717,10.21,10.44,10.101,10.391,1650,0
20130718,10.15,10.39,10.15,10.35,1034,0
20130719,10.3,10.39,10.3,10.301,220,0
20130722,10.39,10.599,10.3,10.599,10,0
20130724,10.32,10.4,10.32,10.4,323,0
20130726,10.699,10.699,10.32,10.4,300,0
20130729,10.39,10.7,10.32,10.32,775,0
20130805,10.39,10.39,10.305,10.35,100,0
20130808,10.49,10.96,10.44,10.875,1000,0
20130809,10.5,10.8,10.5,10.8,150,0
20130812,10.5,10.8,10.5,10.52,1800,0
20130813,10.61,10.9,10.6,10.6,1050,0
20130814,10.56,10.85,10.56,10.7,577,0
20130815,10.65,10.75,10.65,10.75,260,0
20130816,10.65,10.88,10.65,10.75,1567,0
20130819,10.65,11.051,10.65,11.05,4150,0
20130820,10.75,11.036,10.75,11.036,400,0
20130822,10.75,11.09,10.75,11,1355,0
20130823,10.75,11.02,10.75,11.02,700,0
20130826,10.75,10.76,10.61,10.61,1396,0
20130827,10.75,10.849,10.75,10.8,890,0
20130828,10.75,10.81,10.731,10.81,701,0
20130830,10.75,10.82,10.75,10.75,1023,0
20130902,10.75,11,10.7,10.75,6600,0
20130904,10.65,10.899,10.65,10.7,258,0
20130905,10.585,11,10.583,11,300,0
20130906,10.57,11.29,10.57,11.29,4616,0
20130909,10.81,11.3,10.663,11.089,782,0
20130910,10.585,11.11,10.42,10.42,1221,0
20130911,10.44,10.805,10.44,10.442,150,0
20130912,10.4,11,10.4,10.832,2735,0
20130913,10.415,10.935,10.415,10.935,150,0
20130916,10.415,10.936,10.415,10.92,320,0
20130917,10.5,10.8,10.5,10.799,10,0
20130918,10.51,10.8,10.5,10.55,370,0
20130919,10.54,10.8,10.54,10.541,100,0
20130920,10.54,10.82,10.501,10.501,1030,0
20130923,10.5,10.65,10.5,10.65,1100,0
20130924,10.5,11,10.5,11,1000,0
20130925,10.505,10.95,10.5,10.95,570,0
20130927,10.52,10.98,10.515,10.8,650,0
20130930,10.5,10.98,10.49,10.49,350,0
20131004,10.51,10.7,10.51,10.7,500,0
20131007,10.8,10.95,10.8,10.95,300,0
20131009,10.8,10.801,10.8,10.801,200,0
20131011,10.8,10.8,10.8,10.8,623,0
20131014,10.6,11,10.51,10.9,2429,0
20131015,10.52,10.9,10.51,10.879,2300,0
20131016,10.5,10.82,10.5,10.8,1770,0
20131017,10.6,10.999,10.6,10.999,2566,0
20131018,10.7,11.38,10.7,11.38,2597,0
20131021,10.7,11.46,10.7,11.1,3690,0
20131022,10.835,11.2,10.835,11.006,1400,0
20131023,11.005,11.501,11,11.5,1770,0
20131024,11.02,11.5,11.015,11.499,900,0
20131025,11.02,11.03,11.01,11.01,400,0
20131028,11.03,11.32,11.02,11.319,2840,0
20131029,11.03,11.45,10.7,11.349,17888,0
20131030,11,11.38,11,11.349,134,0
20131031,11.35,11.35,10.99,10.99,450,0
20131101,10.815,11.04,10.55,11.04,3251,0
20131104,10.7,11.08,10.7,11.08,250,0
20131105,10.8,11.299,10.8,10.9,1335,0
20131106,11,11.3,10.86,11.24,1600,0
20131107,10.86,11.3,10.86,11.28,1160,0
20131108,10.91,11.47,10.91,11.47,600,0
20131111,10.9,11.3,10.9,11.299,1900,0
20131112,10.91,11.32,10.91,11.28,2960,0
20131113,10.91,11.01,10.88,10.88,3724,0
20131114,10.9,11.18,10.9,11.18,1170,0
20131115,10.9,11.199,10.9,11.051,274,0
20131118,10.845,11.169,10.845,11.1,2069,0
20131119,10.85,11.22,10.75,10.861,1500,0
20131120,10.85,11.149,10.85,11.149,500,0
20131121,11.16,11.16,10.78,11.05,5300,0
20131122,11,11.29,11,11.29,2597,0
20131125,11.21,11.43,11.21,11.43,5002,0
20131126,11.21,11.43,11.21,11.215,470,0
20131127,11.389,11.43,10.98,10.98,4168,0
20131128,11.02,11.7,11.01,11.457,5391,0
20131129,11.05,11.439,11.05,11.43,2549,0
20131202,11.44,11.609,11.185,11.4,3750,0
20131203,11.2,11.39,11.121,11.121,1395,0
20131204,11.12,11.39,11,11.01,880,0
20131205,11,11.421,11,11.4,1380,0
20131206,11.1,11.3,11.1,11.1,50,0
20131209,11.1,11.75,11.1,11.75,2163,0
20131210,11.5,11.68,11.5,11.51,1400,0
20131212,11.5,11.649,11.5,11.51,310,0
20131213,11.5,11.51,11.4,11.51,1099,0
20131216,11.5,11.55,11.401,11.401,1025,0
20131217,11.4,11.5,11.38,11.42,1440,0
20131218,11.25,11.565,11.25,11.565,500,0
20131219,11.25,11.53,11.25,11.5,970,0
20131220,11.25,11.5,11.25,11.496,450,0
20131223,11.49,11.7,11.4,11.7,2760,0
20131227,11.4,11.813,11.25,11.75,6275,0
20131230,11.35,11.49,11.35,11.4,1435,0
20140102,11.4,11.49,11.38,11.38,200,0
20140103,11.4,11.9,11.4,11.51,310,0
20140106,11.4,11.63,11.15,11.6,2800,0
20140107,11.34,11.63,11.25,11.49,2300,0
20140108,11.49,11.8,11.26,11.8,1150,0
20140109,11.5,11.73,11.5,11.728,2300,0
20140110,11.37,11.87,11.37,11.87,1050,0
20140113,11.59,11.92,11.59,11.9,3810,0
20140114,11.5,11.9,11.5,11.9,600,0
20140115,11.62,11.9,11.62,11.9,700,0
20140116,11.6,11.9,11.6,11.9,880,0
20140117,11.62,12.049,11.62,12.049,3963,0
20140120,11.85,12.35,11.71,12,4450,0
20140121,11.75,12.15,11.75,12.15,1774,0
20140122,11.85,12.2,11.85,12.2,2700,0
20140123,11.89,12.24,11.6,11.65,14060,0
20140124,11.65,11.66,11.53,11.65,4776,0
20140127,11.555,11.555,11.45,11.5,2327,0
20140129,11.5,11.75,11.5,11.5,700,0
20140130,11.41,11.505,11.211,11.495,3640,0
20140131,11.3,11.495,11.3,11.49,1825,0
20140203,11.3,11.49,11.3,11.49,400,0
20140204,11.3,11.45,11,11,1345,0
20140205,11.26,11.489,11.26,11.26,1030,0
20140206,11.255,11.479,11.255,11.479,50,0
20140207,11.255,11.376,11,11.18,5213,0
20140210,11.3,11.44,11.2,11.21,1850,0
20140211,11.03,11.3,10.9,11.299,1361,0
20140212,11.05,11.33,11,11.25,7162,0
20140213,11.03,11.24,10.901,10.901,2510,0
20140214,10.91,11.25,10.91,11.25,2040,0
20140217,11.1,11.2,11.1,11.199,1000,0
20140218,10.93,11.195,10.93,11.189,3015,0
20140219,11,11.18,11,11.051,600,0
20140220,11.05,11.18,11.05,11.05,320,0
20140221,11.18,11.19,11.12,11.12,799,0
20140224,11.05,11.35,11.05,11.2,3919,0
20140225,11.1,11.228,11.1,11.22,545,0
20140227,11.24,11.41,11.15,11.15,3938,0
20140228,11.15,11.4,11.15,11.15,420,0
20140303,11.25,11.25,11.15,11.15,1386,0
20140304,11.2,11.23,11.15,11.15,1100,0
20140305,11.25,11.399,11.15,11.15,720,0
20140306,11.2,11.399,11.15,11.2,494,0
20140307,11.2,11.399,11.15,11.2,280,0
20140310,11.15,11.3,11.15,11.15,655,0
20140311,11.15,11.38,11.15,11.3,1295,0
20140312,11.4,11.4,10.99,10.99,1021,0
20140313,11.15,11.399,11.15,11.2,730,0
20140314,11.19,11.39,11.1,11.1,1195,0
20140317,11.1,11.38,11.1,11.12,550,0
20140318,11.11,11.38,11.11,11.11,350,0
20140319,11.11,11.449,11.11,11.3,190,0
20140320,11.3,11.38,11.28,11.3,100,0
20140321,11.3,11.449,11.3,11.4,350,0
20140324,11.3,11.459,11.15,11.33,1920,0
20140325,11.34,11.449,11.15,11.33,3,0
20140326,11.33,11.4,11.15,11.33,400,0
20140327,11.4,11.46,10.81,11.33,1225,0
20140328,11.33,11.47,10.75,11.33,903,0
20140331,10.785,11.55,10.785,11.21,2348,0
20140401,11.09,11.499,11.09,11.22,50,0
20140402,11.09,11.499,11.09,11.355,200,0
20140403,11.345,11.499,11.345,11.355,9,0
20140404,11.345,11.4,11.345,11.345,510,0
20140407,11.345,11.71,11.345,11.41,310,0
20140408,11.345,11.4,11.345,11.375,1310,0
20140409,11.345,11.55,11.345,11.375,1300,0
20140410,11.35,11.649,11.35,11.445,3296,0
20140414,11.5,11.69,11.48,11.48,2410,0
20140415,11.48,11.7,11.48,11.48,994,0
20140417,11.52,11.55,11.52,11.52,220,0
20140422,11.55,11.768,11.5,11.5,1675,0
20140423,11.5,11.768,11.5,11.5,25,0
20140424,11.55,11.768,11.48,11.5,990,0
20140425,11.5,11.758,11.5,11.5,450,0
20140428,11.55,11.748,11.5,11.696,1230,0
20140429,11.5,11.68,11.48,11.48,930,0
20140430,11.48,11.55,11.48,11.48,50,0
20140502,11.35,11.579,11.35,11.35,2600,0
20140505,11.35,11.638,11.35,11.4,3472,0
20140506,11.4,11.628,11.35,11.35,1666,0
20140507,10.79,11.325,10.79,10.95,1241,0
20140508,11.249,11.25,10.8,10.8,1922,0
20140509,10.95,11.22,10.6,10.625,2429,0
20140512,11,11.18,10.665,10.76,4310,0
20140513,10.76,11.06,10.76,10.9,1500,0
20140514,10.9,11.05,10.76,10.76,900,0
20140515,10.76,11.05,10.48,10.48,2060,0
20140516,10.575,11.1,10.362,10.8,3970,0
20140519,10.5,10.85,10.38,10.381,1240,0
20140520,10.4,10.85,10.4,10.45,595,0
20140521,10.42,10.85,10.42,10.45,810,0
20140522,10.83,10.83,10.45,10.5,150,0
20140523,10.45,10.82,10.45,10.5,250,0
20140526,10.5,10.82,10.5,10.55,1600,0
20140527,10.55,10.82,10.55,10.6,150,0
20140528,10.6,10.82,10.454,10.6,2003,0
20140530,10.6,10.98,10.6,10.65,2200,0
20140602,10.65,10.82,10.46,10.47,2965,0
20140603,10.47,10.829,10.35,10.46,2579,0
20140604,10.45,10.82,10.44,10.45,3230,0
20140605,10.45,10.75,10.45,10.5,600,0
20140606,10.46,10.72,10.4,10.4,4475,0
20140609,10.48,10.697,10.4,10.48,1950,0
20140610,10.48,10.77,10.48,10.5,850,0
20140611,10.5,10.7,10.5,10.55,50,0
20140612,10.55,10.75,10.55,10.56,1500,0
20140613,10.5,10.79,10.5,10.6,313,0
20140616,10.5,10.61,10.5,10.56,220,0
20140617,10.5,10.56,10.5,10.56,250,0
20140618,10.51,10.75,10.51,10.6,970,0
20140619,10.6,10.79,10.51,10.51,670,0
20140620,10.6,10.79,10.56,10.56,952,0
20140623,10.5,10.79,10.5,10.6,1325,0
20140624,10.6,10.78,10.6,10.6,55,0
20140625,10.6,10.78,10.5,10.5,1000,0
20140626,10.58,10.78,10.5,10.5,80,0
20140627,10.5,10.78,10.5,10.5,390,0
20140630,10.395,10.78,10.395,10.5,920,0
20140702,10.5,10.75,10.5,10.505,2049,0
20140703,10.5,10.75,10.5,10.5,500,0
20140704,10.75,10.75,10.5,10.5,292,0
20140707,10.5,10.797,10.5,10.5,1625,0
20140708,10.52,10.75,10.4,10.4,4958,0
20140709,10.4,10.7,10.4,10.4,600,0
20140710,10.4,10.5,10.4,10.4,100,0
20140711,10.4,10.68,10.4,10.5,907,0
20140714,10.345,10.68,10.345,10.48,1513,0
20140715,10.4,10.615,10.4,10.48,1000,0
20140716,10.65,11.139,10.605,10.605,3445,0
20140717,10.52,10.98,10.52,10.61,1380,0
20140718,10.61,10.98,10.61,10.61,500,0
20140721,10.61,11.02,10.61,10.8,400,0
20140722,11.019,11.019,10.61,10.61,1126,0
20140723,10.61,11.019,10.61,10.815,140,0
20140724,10.815,10.98,10.815,10.815,10,0
20140725,10.82,10.98,10.82,10.82,200,0
20140728,10.65,10.98,10.65,10.66,2166,0
20140729,10.62,10.95,10.5,10.5,5105,0
20140730,10.8,10.8,10.5,10.51,309,0
20140731,10.51,10.8,10.51,10.51,1558,0
20140801,10.51,10.7,10.265,10.28,1545,0
20140804,10.62,10.649,10.5,10.5,700,0
20140805,10.64,10.64,10.28,10.41,5299,0
20140806,10.3,10.6,10.28,10.28,300,0
20140807,10.3,10.669,10.28,10.28,140,0
20140808,10.55,10.55,10.25,10.25,440,0
20140811,10.55,10.83,10.25,10.83,300,0
20140812,10.55,10.55,10.25,10.3,100,0
20140814,10.55,10.595,10.32,10.32,300,0
20140815,10.55,10.6,10.32,10.6,1000,0
20140818,10.64,10.64,10.6,10.6,400,0
20140819,10.6,10.601,10.6,10.6,1110,0
20140820,10.6,10.6,10.6,10.6,175,0
20140821,10.6,10.6,10.38,10.41,500,0
20140826,10.355,10.88,10.355,10.6,190,0
20140827,10.6,10.785,10.6,10.6,150,0
20140828,10.6,10.843,10.35,10.39,1331,0
20140829,10.395,10.989,10.395,10.395,2020,0
20140901,10.355,10.82,10.35,10.39,820,0
20140903,10.685,10.819,10.4,10.4,106,0
20140904,10.4,10.8,10.4,10.4,648,0
20140905,10.44,10.685,10.43,10.5,500,0
20140908,10.6,10.685,10.5,10.5,1287,0
20140910,10.5,10.699,10.5,10.5,590,0
20140911,10.5,10.685,10.5,10.55,188,0
20140912,10.51,10.74,10.51,10.51,100,0
20140915,10.51,10.74,10.5,10.5,288,0
20140916,10.739,10.74,10.5,10.5,875,0
20140917,10.5,10.52,10.43,10.52,750,0
20140918,10.43,10.5,10.43,10.43,300,0
20140919,10.43,10.7,10.43,10.43,200,0
20140922,10.43,10.5,10.43,10.43,430,0
20140923,10.43,11.239,10.43,10.655,4196,0
20140925,10.47,10.8,10.468,10.6,750,0
20140926,10.6,10.99,10.6,10.7,1380,0
20140929,10.645,10.999,10.52,10.52,1590,0
20140930,10.5,10.79,10.5,10.61,50,0
20141001,10.5,10.965,10.485,10.53,200,0
20141002,10.5,10.949,10.5,10.5,260,0
20141006,10.49,10.64,10.3,10.36,2998,0
20141007,10.35,10.694,10.35,10.45,1200,0
20141010,10.32,10.64,10.316,10.45,800,0
20141013,10.25,10.6,10.25,10.45,55,0
20141014,10.25,10.65,10.25,10.452,1800,0
20141016,10.42,10.9,10.3,10.3,2222,0
20141017,10.85,10.9,10.28,10.3,3265,0
20141020,10.4,10.8,10.3,10.3,1205,0
20141021,10.32,10.8,10.3,10.3,130,0
20141022,10.38,10.8,10.3,10.3,80,0
20141024,10.358,10.4,10.3,10.3,300,0
20141027,10.4,10.4,10.3,10.3,400,0
20141028,10.4,10.4,10.3,10.3,200,0
20141029,10.4,10.68,10.3,10.3,280,0
20141030,10.4,10.645,10.3,10.3,1000,0
20141103,10.3,10.77,10.3,10.45,1150,0
20141104,10.45,10.799,10.3,10.3,577,0
20141106,10.45,10.83,10.34,10.34,2520,0
20141107,10.55,10.875,10.3,10.3,450,0
20141111,10.55,10.88,10.329,10.329,1350,0
20141112,10.605,10.8,10.303,10.303,320,0
20141113,10.57,11.02,10.497,10.497,550,0
20141117,10.665,11.195,10.444,10.444,830,0
20141118,10.94,11.295,10.516,10.516,2280,0
20141119,10.8,10.8,10.542,10.542,150,0
20141120,10.8,11.3,10.578,10.578,850,0
20141121,10.8,11.195,10.489,10.489,1515,0
20141124,10.8,11.05,10.449,10.449,435,0
20141125,10.8,11.25,10.616,10.616,700,0
20141126,11.25,11.25,10.8,10.85,250,0
20141127,10.8,11.25,10.5,10.5,52,0
20141128,10.8,11.25,10.544,10.544,100,0
20141201,10.705,11.2,10.5,10.5,950,0
20141202,10.7,11.12,10.5,10.5,710,0
20141203,10.7,11.07,10.416,10.416,2750,0
20141204,10.9,10.9,10.5,10.5,320,0
20141205,10.9,10.9,10.5,10.5,256,0
20141208,10.92,11.1,10.6,10.6,5220,0
20141209,11.1,11.1,10.5,10.5,250,0
20141210,10.755,11.18,10.5,10.5,3280,0
20141211,11.08,11.089,10.5,10.5,1987,0
20141212,10.959,10.959,10.5,10.5,233,0
20141215,10.66,10.95,10.5,10.5,500,0
20141216,10.66,10.95,10.66,10.8,1350,0
20141217,10.66,11.01,10.5,10.5,2315,0
20141218,10.66,11.06,10.5,10.5,475,0
20141219,10.66,11.06,10.427,10.427,1907,0
20141222,10.65,11.06,10.517,10.517,120,0
20141223,10.7,11.06,10.7,10.765,656,0
20141229,10.66,11.05,10.66,10.8,78,0
20141230,10.7,11.15,10.66,11.15,3034,0
20150106,10.7,11.3,10.67,10.771,1824,0
20150107,10.775,11.145,10.728,10.75,1570,0
20150108,10.81,11.05,10.75,10.75,200,0
20150109,10.9,11.17,10.75,10.75,2503,0
20150112,10.9,11.149,10.75,10.75,1098,0
20150113,10.9,11.149,10.75,10.75,2140,0
20150114,10.85,11.149,10.85,10.85,721,0
20150115,10.85,11.149,10.85,10.85,1000,0
20150119,10.85,11.05,10.81,10.85,2105,0
20150120,10.85,11.149,10.85,10.85,200,0
20150121,10.85,11.15,10.85,10.85,966,0
20150122,10.85,11.48,10.85,11.48,693,0
20150123,10.87,11.15,10.85,10.85,2827,0
20150126,11.04,11.2,10.85,10.85,1067,0
20150127,11.05,11.2,10.85,10.85,1814,0
20150128,11.025,11.2,10.85,10.85,1400,0
20150129,11.19,11.22,10.85,10.85,4812,0
20150130,10.9,11.3,10.85,10.85,1734,0
20150203,11.01,11.315,10.676,10.676,2100,0
20150204,11.01,11.32,11.01,11.05,4047,0
20150205,11.01,11.3,10.752,10.752,3050,0
20150206,11.325,11.34,10.775,10.775,1400,0
20150209,11.345,11.345,10.694,10.694,1768,0
20150210,11.125,11.125,10.644,10.644,2632,0
20150211,11.1,11.26,10.68,10.68,650,0
20150212,11.04,11.239,10.672,10.672,650,0
20150213,11.15,11.239,10.575,10.575,150,0
20150216,11.1,11.24,11.01,11.01,799,0
20150217,11.12,11.24,11.01,11.01,2000,0
20150218,11.04,11.24,11.01,11.01,1083,0
20150219,11.11,11.22,11.01,11.01,1885,0
20150220,11.06,11.215,11.01,11.01,1500,0
20150223,11.215,11.215,11.01,11.01,944,0
20150224,11.05,11.215,11.01,11.01,1050,0
20150225,11.05,11.19,11.01,11.01,760,0
20150226,11.05,11.185,11.01,11.01,750,0
20150227,11.05,11.187,11.01,11.01,1032,0
20150302,11.055,11.186,11.055,11.1,800,0
20150303,11.08,11.187,11.065,11.1,2450,0
20150304,11.06,11.1,11.01,11.01,600,0
20150305,11.06,11.335,11.01,11.01,4076,0
20150306,11.055,11.33,11.01,11.01,1046,0
20150309,11.065,11.33,11.065,11.1,1100,0
20150310,11.065,11.32,10.87,10.87,7888,0
20150311,11.03,11.171,10.87,10.87,6482,0
20150312,10.95,11.15,10.87,11,8460,0
20150313,10.735,11.048,10.735,11,820,0
20150316,10.9,11.048,10.8,10.829,6460,0
20150318,10.65,11.049,10.451,10.451,1550,0
20150319,10.66,11.048,10.5,10.9,8500,0
20150320,10.615,11.05,10.615,10.65,1800,0
20150323,10.655,11.04,10.65,10.65,3132,0
20150324,10.8,11,10.65,10.69,1743,0
20150325,10.83,10.9,10.69,10.69,1415,0
20150326,10.9,11.09,10.8,10.82,7254,0
20150327,10.81,11.099,10.8,10.8,2907,0
20150330,10.655,11.11,10.655,10.8,2220,0
20150331,10.65,11.1,10.65,10.8,1850,0
20150401,10.69,11.05,10.45,10.509,800,0
20150402,10.725,11.101,10.45,10.45,1120,0
20150407,10.85,10.855,10.85,10.855,500,0
20150409,10.85,11,10.85,11,2530,0
20150410,10.85,11.048,10.85,11.048,1800,0
20150413,10.85,10.999,10.85,10.855,1921,0
20150414,10.85,11.047,10.85,11,1688,0
20150415,10.85,10.905,10.85,10.901,830,0
20150416,10.9,11.048,10.851,10.851,4028,0
20150417,10.85,11.048,10.85,11.048,900,0
20150420,10.97,10.989,10.852,10.985,1049,0
20150421,10.85,10.99,10.85,10.99,700,0
20150422,10.9,11.05,10.9,11.05,467,0
20150423,10.9,10.9,10.855,10.9,900,0
20150424,10.85,11.09,10.85,11.048,985,0
20150427,10.85,11,10.85,11,250,0
20150429,10.9,11.1,10.9,10.901,4805,0
20150430,10.9,10.99,10.81,10.81,3189,0
20150504,11.105,11.13,10.921,10.921,3935,0
20150505,11.075,11.075,11.075,11.075,400,0
20150506,10.92,10.921,10.92,10.921,230,0
20150507,10.92,11,10.901,10.902,2642,0
20150508,10.329,10.858,10.329,10.38,1267,0
20150511,10.759,10.759,10.472,10.74,1300,0
20150512,10.47,10.55,10.47,10.55,455,0
20150513,10.499,10.5,10.499,10.5,384,0
20150515,10.497,10.5,10.497,10.5,1007,0
20150518,10.471,10.471,10.471,10.471,285,0
20150519,10.5,10.755,10.5,10.755,1050,0
20150520,10.505,10.699,10.505,10.699,25,0
20150521,10.505,10.51,10.505,10.506,320,0
20150522,10.505,10.505,10.505,10.505,500,0
20150526,10.5,10.505,10.5,10.5,1150,0
20150527,10.685,10.685,10.61,10.61,1424,0
20150528,10.61,10.61,10.505,10.505,726,0
20150529,10.47,10.609,10.47,10.609,700,0
20150601,10.4,10.5,10.4,10.5,500,0
20150602,10.52,10.52,10.23,10.4,4130,0
20150603,10.236,10.55,10.236,10.55,300,0
20150604,10.38,10.54,10.38,10.54,400,0
20150608,10.38,10.38,10.207,10.25,770,0
20150609,10.3,10.399,10.3,10.399,670,0
20150610,10.31,10.31,9.8,9.8,1171,0
20150611,9.801,10.082,9.801,10.082,185,0
20150612,10,10.133,9.815,9.817,1956,0
20150616,9.801,9.98,9.702,9.98,1471,0
20150617,9.8,9.964,9.62,9.62,825,0
20150618,9.53,9.895,9.4,9.411,1866,0
20150619,9.5,9.877,9.3,9.877,1490,0
20150622,9.615,9.9,9.615,9.7,1962,0
20150625,9.715,9.74,9.421,9.74,2555,0
20150626,9.435,9.813,9.401,9.401,2020,0
20150629,9.401,9.401,9.4,9.4,834,0
20150630,9.5,9.5,9.301,9.301,2670,0
20150702,9.31,9.31,8.7,8.7,4664,0
20150706,9.019,9.019,8.7,8.7,684,0
20150707,8.7,9.105,8.7,9.1,1570,0
20150708,9.02,9.02,8.701,8.701,599,0
20150710,8.732,9.05,8.732,9.05,590,0
20150713,8.82,8.82,8.725,8.725,700,0
20150714,8.82,8.999,8.819,8.99,490,0
20150715,8.7,8.999,8.7,8.999,5,0
20150717,8.75,8.9,8.75,8.75,1977,0
20150720,8.602,8.65,8.505,8.505,6613,0
20150721,8.5,8.515,8.31,8.515,1241,0
20150722,8.4,8.62,8.4,8.62,1836,0
20150723,8.371,8.629,8.35,8.35,628,0
20150724,8.3,8.398,8.3,8.35,1408,0
20150727,8.3,8.3,8.022,8.278,2437,0
20150728,8.02,8.3,7.973,8.1,1550,0
20150729,8.05,8.05,7.564,7.564,3377,0
20150730,7.76,7.899,7.4,7.899,3823,0
20150731,7.6,7.856,7.6,7.856,1058,0
20150803,7.61,8.2,7.61,8.2,700,0
20150804,8.5,8.5,7.989,7.989,1716,0
20150805,7.895,8.01,7.895,7.95,488,0
20150806,7.93,8.291,7.93,8.291,250,0
20150807,7.93,8.148,7.93,8.148,400,0
20150810,7.93,8.337,7.93,8.337,550,0
20150811,8.1,9.741,8.1,9.639,8981,0
20150812,9.124,9.124,8.635,9.073,4633,0
20150813,8.8,10.1,8.8,9.72,16383,0
20150814,9.423,9.618,9.155,9.155,920,0
20150817,8.727,10.35,8.05,9.576,15051,0
20150818,8.811,10.1,8.811,9.99,4506,0
20150819,8.98,9.02,8.98,9.02,218,0
20150820,8.98,9.25,8.967,9.25,883,0
20150824,8.934,9.6,8.934,9.3,1800,0
20150826,8.85,9.306,8.85,9.306,110,0
20150827,9.059,9.079,9.059,9.079,284,0
20150828,9.057,9.057,9.035,9.035,500,0
20150831,9.01,9.01,9,9,300,0
20150902,8.88,8.88,8.55,8.83,1509,0
20150904,8.765,8.765,8.417,8.69,1894,0
20150907,8.598,8.598,8.45,8.45,757,0
20150908,8.44,8.485,8.2,8.2,1250,0
20150909,8.262,8.482,8.262,8.482,422,0
20150911,8.26,8.277,8.26,8.261,563,0
20150915,8.264,8.432,8.261,8.432,700,0
20150916,8.26,8.54,8.218,8.218,2225,0
20150917,8.2,8.2,8.2,8.2,200,0
20150918,8.2,8.262,7.99,8.24,1926,0
20150921,7.888,8.27,7.888,8.27,666,0
20150922,7.975,8.277,7.967,8.277,1232,0
20150923,7.95,8.342,7.95,8.342,1700,0
20150924,8.127,8.379,8.127,8.379,120,0
20150925,8.048,8.41,8.048,8.41,439,0
20150928,8.1,8.1,8.007,8.007,790,0
20150929,8,8,8,8,250,0
20150930,7.996,8.5,7.996,8.5,910,0
20151001,8.285,8.642,8.285,8.642,90,0
20151002,8.232,8.615,8.232,8.615,350,0
20151006,8.3,8.9,8.3,8.505,2866,0
20151009,8.508,8.89,8.508,8.547,5769,0
20151013,8.55,8.55,8.53,8.53,1003,0
20151014,8.53,8.9,8.53,8.7,6385,0
20151015,8.75,8.767,8.75,8.767,1335,0
20151019,9.5,9.5,8.75,8.75,6394,0
20151020,8.73,8.782,8.2,8.394,2647,0
20151023,8.31,8.433,8.249,8.251,4166,0
20151026,8.449,8.449,8.449,8.449,274,0
20151029,8.3,8.45,8.3,8.45,400,0
20151104,8.39,8.39,8.36,8.36,1300,0
20151105,8.345,8.618,8.345,8.35,1576,0
20151106,8.3,8.317,8.3,8.3,600,0
20151111,8.35,8.35,8.35,8.35,828,0
20151112,8.35,8.383,8.35,8.383,705,0
20151116,8.35,8.35,8.35,8.35,100,0
20151117,8.31,8.311,8.31,8.311,50,0
20151119,8.31,8.311,8.3,8.3,525,0
20151120,8.25,8.25,8.2,8.2,280,0
20151124,8.19,8.19,8.19,8.19,244,0
20151125,8.2,8.304,8.15,8.15,1660,0
20151126,8.3,8.3,8.3,8.3,300,0
20151130,8.11,8.111,8.11,8.111,10,0
20151201,8.1,8.3,8.1,8.105,500,0
20151202,8.11,8.11,7.8,7.8,1605,0
20151203,7.86,8.292,7.86,8.292,945,0
20151204,8.02,8.02,7.735,7.925,4400,0
20151207,7.9,7.95,7.9,7.95,1354,0
20151211,7.85,7.851,7.85,7.85,500,0
20151214,7.85,7.895,7.85,7.895,350,0
20151215,7.85,8.3,7.85,8.3,757,0
20151216,7.883,8.288,7.883,8.288,480,0
20151218,7.9,7.9,7.9,7.9,500,0
20151221,7.885,7.9,7.85,7.85,2553,0
20151222,7.796,7.796,7.796,7.796,114,0
20151223,7.795,7.99,7.795,7.99,1000,0
20151229,7.81,7.81,7.77,7.77,290,0
20151230,7.751,7.751,7.749,7.749,831,0
20160104,7.611,7.809,7.61,7.61,526,0
20160105,7.57,7.57,7.545,7.545,299,0
20160106,7.51,7.54,7.51,7.54,1100,0
20160107,7.783,7.783,7.783,7.783,200,0
20160111,7.52,7.522,7.52,7.522,100,0
20160112,7.52,7.788,7.52,7.531,480,0
20160115,7.52,7.747,7.52,7.747,150,0
20160118,7.52,7.794,7.52,7.794,536,0
20160121,7.52,7.795,7.52,7.795,264,0
20160122,7.677,8,7.677,8,257,0
20160125,7.55,7.55,7.55,7.55,400,0
20160128,7.6,8.045,7.6,8.045,1455,0
20160129,7.742,8.08,7.742,8.08,383,0
20160202,7.8,8.1,7.8,8.1,650,0
20160203,7.8,8.085,7.66,8.085,1700,0
20160208,7.75,7.75,7.75,7.75,100,0
20160209,7.65,7.65,7.65,7.65,560,0
20160211,7.613,7.613,7.5,7.5,1460,0
20160212,7.5,7.675,7.5,7.675,100,0
20160215,7.5,7.77,7.5,7.77,400,0
20160216,7.505,7.51,7.505,7.51,500,0
20160217,7.51,7.551,7.51,7.551,100,0
20160218,7.56,7.579,7.51,7.51,1500,0
20160219,7.45,7.66,7.45,7.6,600,0
20160222,7.5,7.5,7.3,7.3,1960,0
20160223,7.35,7.6,7.35,7.6,500,0
20160224,7.5,8,7.5,8,1000,0
20160225,7.633,7.939,7.627,7.939,300,0
20160226,7.655,8,7.655,8,90,0
20160229,7.7,7.8,7.7,7.8,10,0
20160302,7.7,7.987,7.7,7.987,500,0
20160303,7.746,8.099,7.737,7.737,90,0
20160307,7.86,8.08,7.86,8.08,745,0
20160309,7.9,8.025,7.85,8.025,2100,0
20160310,7.645,8.099,7.6,8.099,1750,0
20160311,8.1,8.1,7.6,7.63,3613,0
20160314,7.66,7.661,7.65,7.65,1050,0
20160315,7.63,7.859,7.62,7.859,1512,0
20160321,7.65,7.65,7.65,7.65,250,0
20160322,7.61,7.779,7.61,7.779,200,0
20160331,7.6,7.65,7.6,7.65,600,0
20160405,7.51,7.51,7.51,7.51,270,0
20160406,7.5,7.5,7.5,7.5,183,0
20160408,7.3,7.54,7.3,7.54,1642,0
20160412,7.35,7.6,7.35,7.547,860,0
20160413,7.35,7.61,7.35,7.61,750,0
20160415,7.35,7.45,7.35,7.4,1345,0
20160418,7.35,7.48,7.35,7.48,4579,0
20160419,7.45,7.48,7.45,7.48,2450,0
20160420,7.5,7.77,7.5,7.77,1410,0
20160421,7.45,7.779,7.45,7.451,140,0
20160428,7.47,7.68,7.47,7.68,333,0
20160429,7.47,7.779,7.47,7.779,1200,0
20160502,7.47,7.75,7.47,7.75,100,0
20160503,7.47,7.55,7.32,7.32,1513,0
20160504,7.3,7.6,7.3,7.3,800,0
20160506,7.136,7.136,7.134,7.136,2200,0
20160509,7.07,7.07,7.015,7.03,1650,0
20160510,7.224,7.224,6.89,6.89,3450,0
20160511,6.76,6.8,6.495,6.611,6050,0
20160512,6.55,6.697,6.55,6.697,235,0
20160517,6.47,6.47,6.151,6.16,5173,0
20160518,6.16,6.35,6.16,6.16,2100,0
20160519,6.16,6.399,6.16,6.399,2980,0
20160520,6.12,6.58,6.12,6.58,2050,0
20160524,6.295,6.5,6.295,6.5,300,0
20160530,6.55,6.829,6.55,6.829,1873,0
20160531,6.8,6.99,6.8,6.99,2000,0
20160601,6.775,7.099,6.7,6.7,450,0
20160603,6.681,6.9,6.681,6.9,535,0
20160608,7.035,7.099,7.035,7.099,1050,0
20160609,6.9,7,6.9,7,100,0
20160613,6.99,7.14,6.91,7.14,1463,0
20160614,6.911,7,6.911,7,500,0
20160615,6.901,7.27,6.901,7.27,2740,0
20160623,6.94,7.27,6.94,7.27,700,0
20160624,7.25,7.55,6.9,7.55,2800,0
20160628,7.161,7.5,7.161,7.5,1075,0
20160629,7.169,7.21,7.169,7.21,900,0
20160704,7.493,7.493,7.137,7.137,700,0
20160706,6.931,6.931,6.9,6.9,380,0
20160712,6.958,7.04,6.958,7.04,808,0
20160713,7.04,7.38,7.04,7.38,392,0
20160714,7.134,7.144,7.134,7.144,400,0
20160715,7.136,7.497,7.136,7.497,465,0
20160722,7.2,7.2,7,7,800,0
20160725,7,7.01,7,7.01,250,0
20160728,7.2,7.2,7.2,7.2,200,0
20160729,7.09,7.09,7.09,7.09,300,0
20160802,7.21,7.21,7.21,7.21,300,0
20160810,7.139,7.139,7.1,7.1,1000,0
20160811,7.09,7.1,7.09,7.1,805,0
20160812,7.02,7.02,7.016,7.016,105,0
20160815,7.01,7.19,6.801,6.801,1985,0
20160817,7,7,7,7,1403,0
20160818,7,7.001,7,7.001,45,0
20160822,7,7,7,7,500,0
20160823,6.8,7.1,6.8,7.1,440,0
20160830,6.88,6.907,6.88,6.907,200,0
20160831,6.86,6.95,6.86,6.95,300,0
20160907,6.869,7.25,6.869,7.199,1038,0
20160908,6.95,7.15,6.95,7.15,750,0
20160909,6.939,7.4,6.939,7.23,2189,0
20160913,7.399,7.399,7.049,7.049,224,0
20160916,7.04,7.383,7.04,7.383,5,0
20160920,7.2,7.2,7.2,7.2,200,0
20160921,7.148,7.15,7.148,7.149,647,0
20160926,6.85,6.85,6.85,6.85,323,0
20160927,6.84,6.85,6.84,6.85,350,0
20161007,6.83,7.149,6.83,7.149,200,0
20161010,6.85,6.88,6.85,6.86,270,0
20161011,7.096,7.096,6.766,6.766,1200,0
20161012,6.761,7.101,6.761,7.05,400,0
20161013,6.762,7.07,6.762,7.07,500,0
20161014,6.763,7.124,6.763,7.124,14,0
20161017,6.855,6.855,6.771,6.771,70,0
20161019,6.812,7.149,6.812,7.149,600,0
20161020,6.849,7.135,6.8,6.92,3283,0
20161021,7,7.45,7,7.051,3230,0
20161024,7.057,7.41,7.057,7.11,850,0
20161025,7.1,7.2,7.1,7.2,1450,0
20161027,7.25,7.25,7.108,7.108,550,0
20161028,7.159,7.2,7.159,7.2,190,0
20161031,7.389,7.389,7.101,7.101,1117,0
20161102,7.2,7.2,7.2,7.2,300,0
20161103,7.1,7.199,7.003,7.199,1300,0
20161107,7,7.329,7,7.155,850,0
20161108,7.15,7.39,7.15,7.39,585,0
20161110,7.08,7.08,7.079,7.079,352,0
20161111,7,7.08,6.96,6.96,800,0
20161116,6.97,7.22,6.97,6.974,1170,0
20161122,7,7.001,7,7.001,350,0
20161123,7,7.001,7,7.001,200,0
20161124,7,7.05,7,7,800,0
20161128,7,7.05,7,7.001,325,0
20161130,7.015,7.015,7.015,7.015,500,0
20161202,7.05,7.129,7.05,7.129,1900,0
20161205,7.001,7.001,7,7,309,0
20161206,6.91,7.01,6.91,7.01,428,0
20161207,7.02,7.02,6.935,7,3188,0
20161208,6.92,7.03,6.92,7.03,750,0
20161212,6.95,6.95,6.925,6.925,300,0
20161213,7,7,6.93,6.93,1200,0
20161214,6.92,6.922,6.92,6.921,765,0
20161216,6.92,6.93,6.92,6.921,1500,0
20161219,6.92,6.921,6.92,6.92,1116,0
20161220,6.91,6.91,6.9,6.9,870,0
20161221,6.88,6.88,6.76,6.85,2520,0
20161222,6.81,6.81,6.731,6.8,1115,0
20161223,6.72,6.75,6.72,6.75,580,0
20161227,6.667,6.949,6.667,6.949,790,0
20161228,6.75,7.014,6.75,6.8,1304,0
20161229,6.75,6.95,6.75,6.95,1570,0
20161230,6.7,7.023,6.7,6.969,3525,0
20170102,6.715,7.025,6.715,7,1750,0
20170104,6.8,6.9,6.8,6.9,990,0
20170110,6.855,6.979,6.855,6.979,300,0
20170111,6.855,6.94,6.855,6.855,1210,0
20170112,6.8,6.825,6.8,6.825,1960,0
20170113,6.801,6.85,6.801,6.85,850,0
20170116,6.8,6.92,6.8,6.92,600,0
20170118,6.88,6.88,6.88,6.88,600,0
20170119,6.82,6.88,6.82,6.88,1100,0
20170123,6.86,6.95,6.86,6.95,1700,0
20170124,6.86,6.95,6.825,6.825,1370,0
20170125,6.82,6.85,6.82,6.85,890,0
20170126,6.82,6.821,6.82,6.821,500,0
20170127,6.9,6.9,6.9,6.9,500,0
20170130,6.82,6.821,6.82,6.821,700,0
20170131,6.82,6.98,6.82,6.98,800,0
20170201,6.82,7.2,6.82,6.913,2050,0
20170202,6.82,6.821,6.82,6.821,301,0
20170206,6.83,6.83,6.83,6.83,500,0
20170208,6.83,7,6.83,6.99,2070,0
20170213,6.951,7.195,6.951,6.951,800,0
20170214,6.95,7.1,6.95,6.95,800,0
20170215,6.9,7.099,6.9,7.099,1450,0
20170216,6.9,7.101,6.9,7.101,1000,0
20170217,6.9,6.91,6.9,6.901,370,0
20170220,6.95,6.96,6.95,6.96,400,0
20170221,6.9,7.001,6.9,7.001,750,0
20170222,7.02,7.02,6.9,6.98,1670,0
20170223,6.98,7.099,6.98,6.999,803,0
20170224,6.83,7.096,6.83,7.096,100,0
20170227,6.83,6.84,6.83,6.84,600,0
20170228,6.82,6.831,6.82,6.831,100,0
20170301,6.82,6.83,6.82,6.821,620,0
20170302,6.82,6.98,6.82,6.98,660,0
20170306,6.92,6.97,6.92,6.95,1300,0
20170307,6.82,7,6.82,7,1107,0
20170308,6.825,6.999,6.825,6.999,200,0
20170309,6.9,6.9,6.825,6.825,1360,0
20170313,6.84,6.9,6.84,6.9,100,0
20170315,6.84,6.84,6.84,6.84,700,0
20170316,6.82,6.918,6.82,6.918,294,0
20170317,6.82,6.82,6.82,6.82,1900,0
20170320,6.92,6.92,6.851,6.851,1200,0
20170321,6.94,6.94,6.851,6.851,540,0
20170322,6.85,6.851,6.85,6.851,90,0
20170323,6.85,6.949,6.85,6.949,850,0
