Date,Open,High,Low,Close,Volume,OpenInt
20090406,24.944,25.094,24.494,24.786,8411,0
20090407,24.724,25.138,24.714,25.138,7643,0
20090408,25.121,25.138,24.697,24.82,13847,0
20090409,24.714,26.434,24.714,25.809,17834,0
20090414,25.755,26.462,25.447,25.447,13054,0
20090415,25.721,28.005,25.367,27.14,17370,0
20090416,27.035,29.954,27.035,29.751,11981,0
20090417,29.549,30.21,29.107,30.21,20363,0
20090420,29.981,30.219,29.107,29.945,6423,0
20090421,29.989,30.254,28.913,29.637,8795,0
20090422,29.637,29.813,29.116,29.655,4373,0
20090423,29.813,30.192,29.151,30.192,12131,0
20090424,29.857,31.313,29.566,31.295,9361,0
20090427,31.313,31.313,28.852,29.054,20080,0
20090428,28.852,29.204,27.785,28.428,35936,0
20090429,28.27,30.166,28.225,29.875,26730,0
20090430,28.446,30.298,28.446,29.681,12652,0
20090504,29.725,31.569,29.725,31.295,4734,0
20090505,30.095,31.313,30.095,30.562,22824,0
20090506,30.828,31.489,30.298,31.136,8965,0
20090507,31.489,31.489,30.21,30.562,8308,0
20090508,31.004,31.004,29.901,29.901,23520,0
20090511,29.989,30.466,28.402,29.945,5228,0
20090512,29.901,31.268,29.901,31.18,6477,0
20090513,30.518,31.18,30.448,30.66,4659,0
20090514,30.562,30.66,29.769,30.21,6245,0
20090515,30.183,30.21,29.575,29.857,12065,0
20090518,29.883,30.484,29.107,30.43,27597,0
20090519,30.43,30.43,29.813,30.386,9207,0
20090520,30.025,30.43,29.989,30.033,14166,0
20090521,30.078,30.43,29.989,30.21,6677,0
20090522,30.228,30.43,29.989,29.989,5104,0
20090525,30.254,30.474,29.989,30.474,4197,0
20090526,30.351,31.092,30.351,30.474,2520,0
20090527,30.44,31.885,30.44,31.885,3725,0
20090528,31.577,32.53,31.33,32.15,3243,0
20090529,31.339,32.847,30.43,30.65,22992,0
20090601,32.194,32.636,30.43,31.118,6507,0
20090602,31.719,32.283,31.313,32.194,6026,0
20090603,32.177,33.041,32.177,32.9,2393,0
20090604,33.041,33.633,32.636,33.367,5231,0
20090605,32.724,33.791,32.636,33.297,4910,0
20090608,32.636,33.517,32.636,33.209,8038,0
20090609,33.253,34.973,33.174,34.84,2911,0
20090610,33.174,35.079,33.174,34.823,2411,0
20090611,35.079,35.255,33.641,34.532,2502,0
20090612,34.576,35.679,34.4,35.193,2878,0
20090615,34.806,35.458,34.4,34.884,7014,0
20090616,35.088,36.428,35.044,35.679,15948,0
20090617,35.29,35.741,34.408,35.149,7850,0
20090618,35.017,35.723,34.84,35.052,2867,0
20090619,35.176,35.282,34.179,34.796,7906,0
20090622,35.282,35.282,34.4,34.84,5290,0
20090623,34.858,35.105,34.62,34.796,3944,0
20090624,34.84,35.07,34.62,34.884,1661,0
20090625,34.85,34.85,33.959,34.664,9442,0
20090626,34.664,34.938,34.17,34.876,12654,0
20090629,34.84,35.537,34.638,35.017,6417,0
20090630,34.84,36.164,34.84,35.979,3602,0
20090701,35.881,36.164,35.29,36.164,1510,0
20090702,35.379,36.137,34.4,34.4,4536,0
20090703,34.4,36.164,34.4,36.164,2150,0
20090706,35.379,36.164,35.37,35.731,905,0
20090707,35.731,36.252,35.282,35.723,3110,0
20090708,35.547,36.243,35.282,35.723,892,0
20090709,35.819,36.252,35.282,35.723,4795,0
20090710,35.723,36.075,35.317,35.635,533,0
20090713,35.317,35.635,34.902,35.282,3934,0
20090714,36.111,36.111,35.317,35.899,785,0
20090715,35.591,35.811,35.405,35.669,1138,0
20090716,35.405,37.487,35.405,37.152,4589,0
20090717,37.019,39.066,36.737,39.066,2165,0
20090720,37.539,39.595,37.539,38.81,1929,0
20090721,39.251,43.317,38.369,42.073,30880,0
20090722,39.957,42.338,38.139,39.691,3578,0
20090723,40.574,41.438,39.251,40.998,1336,0
20090724,39.789,41.191,39.489,40.574,3210,0
20090727,39.691,41.28,37.972,41.094,5965,0
20090728,37.972,40.874,37.487,39.78,2265,0
20090729,39.78,40.221,39.251,39.251,2469,0
20090730,39.251,39.885,37.927,38.422,1867,0
20090731,37.927,39.11,37.575,38.545,934,0
20090803,37.575,38.81,37.575,37.937,3818,0
20090804,38.81,38.81,37.707,37.927,3307,0
20090805,37.927,38.281,37.487,37.927,1100,0
20090806,37.487,38.104,37.046,37.046,4987,0
20090807,37.487,38.095,37.046,37.927,1920,0
20090810,36.596,38.148,36.596,38.148,2019,0
20090811,38.351,38.351,37.046,37.927,867,0
20090812,37.927,38.325,37.046,38.139,1105,0
20090813,37.046,38.139,37.046,37.927,760,0
20090814,37.046,39.691,37.046,39.691,15244,0
20090817,37.046,39.251,37.046,38.263,1935,0
20090818,38.545,39.691,38.334,38.334,6233,0
20090819,38.369,39.118,38.201,38.369,3365,0
20090820,38.201,38.81,37.927,38.413,2893,0
20090821,38.148,38.634,37.927,38.351,350,0
20090824,37.927,38.413,37.927,38.413,1687,0
20090825,38.104,38.325,37.733,38.325,1277,0
20090826,37.927,38.157,37.345,38.157,2966,0
20090827,37.345,38.404,37.345,38.404,1950,0
20090828,37.927,38.369,37.927,38.342,1856,0
20090831,38.016,38.36,37.487,38.36,1528,0
20090901,37.487,38.695,37.487,37.954,1490,0
20090902,37.954,38.316,37.663,38.281,1689,0
20090903,37.663,38.325,37.354,38.192,1341,0
20090904,37.354,38.148,37.354,37.927,5156,0
20090907,37.927,38.148,37.487,37.927,960,0
20090908,37.707,37.927,37.487,37.927,1944,0
20090909,37.707,37.927,37.707,37.927,2272,0
20090910,37.707,37.927,37.707,37.927,1628,0
20090911,37.707,37.927,37.046,37.927,2249,0
20090914,37.663,38.104,37.663,38.104,4869,0
20090915,37.716,38.183,37.716,38.104,1998,0
20090916,37.927,38.104,37.927,38.104,859,0
20090917,37.927,39.515,37.927,39.515,5071,0
20090918,37.927,39.647,37.927,39.251,4327,0
20090921,39.691,39.691,38.607,38.686,2030,0
20090922,38.378,39.603,38.378,39.603,2153,0
20090923,38.501,39.507,38.501,39.233,708,0
20090924,39.63,40.574,38.81,40.574,2960,0
20090925,39.392,43.441,39.392,43.441,11947,0
20090928,42.082,44.217,40.936,42.161,8562,0
20090929,43.873,43.873,40.724,41.456,1546,0
20090930,42.082,42.161,40.794,41.985,1313,0
20091001,42.082,42.082,40.715,41.032,788,0
20091002,40.838,41.368,39.825,41.368,1309,0
20091005,40.732,42.161,39.825,41.791,1045,0
20091006,40.856,41.633,40.574,41.456,434,0
20091007,41.182,43.211,40.574,41.897,2403,0
20091008,41.182,42.294,41.112,42.25,929,0
20091009,41.721,42.276,40.398,41.677,2007,0
20091012,41.711,41.711,39.895,41.544,2828,0
20091013,39.789,41.28,39.789,39.869,189,0
20091014,41.015,41.28,40.133,41.28,2143,0
20091015,41.2,41.412,40.574,41.412,2016,0
20091016,41.473,41.677,40.838,41.456,5961,0
20091019,42.082,42.082,41.015,41.897,883,0
20091020,42.7,42.7,41.288,41.897,956,0
20091021,41.905,41.905,41.456,41.456,1235,0
20091022,42.25,42.25,41.456,41.853,2303,0
20091023,42.25,42.373,41.641,42.338,3766,0
20091026,41.703,43.555,41.703,43.555,5362,0
20091027,41.985,43.573,41.985,43.573,2941,0
20091028,41.985,43.661,41.853,43.22,4339,0
20091029,43.017,43.017,41.633,41.633,1816,0
20091030,41.13,43.22,41.13,43.114,3279,0
20091102,42.435,44.102,41.456,44.102,6256,0
20091103,43.873,44.058,42.338,43.079,5432,0
20091104,42.223,43.238,42.073,43.044,5990,0
20091105,43.873,43.873,42.868,43.661,2408,0
20091106,44.305,44.305,42.779,43.661,2428,0
20091109,43.22,45.867,43.044,43.617,1289,0
20091110,42.576,43.661,42.576,43.317,1246,0
20091111,43.414,43.652,43.044,43.229,696,0
20091112,42.4,44.764,42.4,44.543,3412,0
20091113,42.4,44.852,42.4,44.852,5298,0
20091116,44.199,44.852,43.591,44.843,938,0
20091117,43.123,44.71,43.123,44.631,581,0
20091118,43.441,44.199,43.441,44.102,1623,0
20091119,43.123,44.411,42.779,42.779,512,0
20091120,42.135,44.411,42.135,42.779,967,0
20091123,42.135,43.061,41.544,42.956,1403,0
20091124,40.918,43.661,40.918,43.396,1265,0
20091125,41.773,44.72,41.773,43.935,1319,0
20091126,41.703,44.72,41.703,43.935,3634,0
20091127,44.455,44.808,43.22,44.808,630,0
20091130,43.441,44.808,43.441,43.925,545,0
20091201,43.008,44.058,43.008,43.467,701,0
20091202,42.682,44.808,42.682,44.455,1445,0
20091203,43.785,44.808,43.785,44.367,1343,0
20091204,43.485,44.808,43.485,44.798,285,0
20091207,43.493,44.71,43.493,44.71,935,0
20091208,42.84,44.887,42.84,44.367,692,0
20091209,43.229,44.896,43.229,44.896,2771,0
20091210,43.617,44.896,43.617,44.543,1857,0
20091211,44.543,44.543,43.625,44.102,148,0
20091214,42.973,44.279,42.973,44.279,5315,0
20091215,44.279,44.808,43.599,44.808,826,0
20091216,44.279,44.375,43.661,44.279,425,0
20091217,41.421,44.279,41.421,42.585,1660,0
20091218,41.421,43.273,36.604,38.36,12237,0
20091221,36.446,43.22,36.446,42.109,6423,0
20091222,38.131,42.241,38.131,42.241,8897,0
20091223,38.545,42.25,38.545,42.25,2190,0
20091228,43.07,43.07,41.403,42.338,255,0
20091229,40.221,42.779,40.221,42.338,1794,0
20091230,39.551,44.102,39.551,44.102,1774,0
20100104,40.221,44.631,40.221,43.661,3229,0
20100105,41.482,44.543,41.482,43.308,1224,0
20100106,42.148,43.961,42.148,43.441,399,0
20100107,41.271,43.67,41.271,42.907,1108,0
20100108,40.97,43.67,40.97,43.215,2384,0
20100111,40.053,43.485,40.053,41.677,6066,0
20100112,39.807,42.25,39.807,42.161,9070,0
20100113,39.551,42.073,39.551,41.897,9503,0
20100114,38.968,43.661,38.968,43.388,3445,0
20100115,38.968,44.111,38.968,44.102,4600,0
20100118,38.968,44.093,38.968,41.897,1328,0
20100119,40.609,44.102,40.609,44.102,1170,0
20100120,42.612,44.098,42.612,44,1638,0
20100121,42.612,44.093,42.612,44.093,851,0
20100122,43.617,44.08,43.22,43.22,1366,0
20100125,43.485,44.19,43.308,44.102,2832,0
20100126,43.749,44.543,43.749,43.907,909,0
20100127,43.573,44.543,42.563,42.563,3395,0
20100128,43.661,43.881,41.456,41.456,4215,0
20100129,41.482,44.428,41.456,43.48,548,0
20100201,42.356,44.393,41.456,41.897,2477,0
20100202,41.915,42.92,41.897,42.779,883,0
20100203,41.915,43.837,41.915,43.837,794,0
20100204,41.915,43.789,41.915,42.558,1549,0
20100205,43.352,43.48,42.338,42.779,575,0
20100208,43.352,43.608,42.779,43.22,803,0
20100209,43.352,43.608,42.338,42.779,321,0
20100210,41.915,43.608,41.915,42.779,3823,0
20100211,42.356,43.573,42.338,42.558,1095,0
20100212,41.915,43.22,41.915,42.713,409,0
20100217,41.915,43.22,41.915,42.558,909,0
20100218,42.135,43.661,42.135,42.338,3818,0
20100219,42.356,42.726,42.338,42.338,797,0
20100222,41.915,43.088,41.915,43.088,748,0
20100223,41.915,42.356,41.915,42.117,1236,0
20100224,41.915,43.396,41.915,42.581,1240,0
20100225,41.915,43.308,41.897,41.897,9675,0
20100226,41.915,43.15,41.897,42.338,1199,0
20100301,41.915,42.718,41.677,41.897,760,0
20100302,41.262,42.673,41.262,42.382,4621,0
20100303,41.915,42.646,41.897,42.184,844,0
20100304,41.915,42.868,41.897,42.47,1574,0
20100305,42.091,43,41.915,42.426,1717,0
20100308,42.426,42.912,41.897,42.422,2895,0
20100309,41.783,42.514,41.783,42.184,2684,0
20100310,41.482,42.272,41.482,42.272,12,0
20100311,41.482,42.779,41.482,42.184,1017,0
20100312,41.517,42.184,41.235,41.628,5540,0
20100315,41.368,41.456,41.015,41.191,2202,0
20100316,41.368,41.456,40.759,41.235,986,0
20100317,40.353,41.235,40.353,41.103,2037,0
20100318,40.362,41.897,40.362,41.191,3511,0
20100319,40.353,41.897,40.353,41.068,2632,0
20100322,40.477,41.447,40.477,41.103,1532,0
20100323,40.344,41.368,40.344,41.103,6471,0
20100324,40.344,41.456,40.344,41.31,5416,0
20100325,41.019,41.531,41.015,41.531,153,0
20100326,40.609,41.531,40.578,40.838,2549,0
20100329,40.574,40.838,39.855,39.957,2398,0
20100330,40.168,41.654,40.133,40.706,1099,0
20100331,40.609,42.779,40.574,42.779,8134,0
20100401,40.671,42.779,40.671,41.985,53,0
20100406,40.671,42.77,40.671,41.897,1331,0
20100407,41.915,42.735,41.915,42.69,1609,0
20100408,41.959,42.69,41.959,42.426,919,0
20100409,41.915,42.426,41.677,41.677,2081,0
20100412,41.915,42.329,41.015,41.897,2044,0
20100413,41.482,42.25,41.456,41.456,239,0
20100414,41.482,42.422,41.456,41.677,1008,0
20100415,41.042,42.14,41.042,41.346,508,0
20100416,41.042,42.779,41.015,41.015,8130,0
20100419,41.262,41.35,40.799,41.235,77,0
20100420,41.262,41.633,40.794,41.368,2058,0
20100421,41.262,41.54,41.059,41.535,695,0
20100422,41.262,41.456,40.424,40.574,6033,0
20100423,41.262,41.297,40.133,40.596,9430,0
20100426,39.736,41.456,39.736,41.456,1526,0
20100427,40.609,41.456,40.398,41.015,13643,0
20100428,41.042,41.791,40.221,40.618,1597,0
20100429,39.815,40.931,39.815,40.715,336,0
20100430,39.815,41.368,39.815,40.626,804,0
20100503,40.221,40.715,40.221,40.486,408,0
20100504,39.974,41.28,39.974,40.618,2205,0
20100505,40.133,40.662,38.81,40.133,2504,0
20100506,39.409,41.897,39.409,41.103,1587,0
20100507,40.221,41.103,39.869,40.353,1144,0
20100510,39.471,41.888,39.471,41.888,991,0
20100511,40.168,41.456,40.168,41.015,941,0
20100512,40.609,41.456,40.353,40.926,747,0
20100513,40.168,41.456,40.168,41.456,183,0
20100514,40.168,41.456,39.691,41.015,712,0
20100517,40.212,41.562,40.212,40.967,478,0
20100518,40.688,41.456,40.226,40.794,663,0
20100519,40.609,40.926,39.78,40.631,322,0
20100520,40.609,40.609,39.691,39.691,2462,0
20100521,40.609,40.609,39.691,40.133,1045,0
20100525,39.295,39.701,38.81,39.251,389,0
20100526,38.422,40.574,38.422,39.251,1174,0
20100527,38.686,40.574,38.686,40.486,20,0
20100528,38.686,40.486,38.686,40.419,138,0
20100531,39.691,40.574,39.691,40.199,48,0
20100601,39.436,40.574,39.436,40.221,190,0
20100602,40.168,40.574,39.691,40.221,585,0
20100604,40.168,40.177,39.78,40.177,20,0
20100607,39.383,40.565,39.383,40.177,106,0
20100608,39.383,40.574,39.383,40.177,666,0
20100609,40.168,40.177,39.427,39.869,435,0
20100610,39.03,40.565,39.03,39.691,1,0
20100611,39.03,40.561,39.03,40.353,306,0
20100614,39.03,40.124,39.03,40.124,1044,0
20100615,39.056,40.133,39.056,40.133,5,0
20100616,39.056,39.869,39.056,39.691,113,0
20100617,39.056,39.869,39.056,39.869,306,0
20100618,39.056,39.869,39.056,39.841,386,0
20100621,39.056,39.841,39.056,39.691,170,0
20100622,39.295,40.344,39.295,39.745,575,0
20100623,39.295,40.75,39.264,40.442,2241,0
20100624,40.336,40.561,39.957,40.089,438,0
20100625,40.336,40.349,39.691,40.022,815,0
20100628,39.295,40.393,39.295,40.089,236,0
20100629,39.295,40.309,39.295,39.427,159,0
20100630,39.295,41.363,39.295,40.398,1403,0
20100701,39.295,40.569,39.295,39.957,624,0
20100702,39.118,40.463,39.118,40.045,84,0
20100705,39.118,40.574,39.118,40.045,781,0
20100706,39.295,40.538,39.295,40.111,222,0
20100707,39.295,40.574,39.295,40.309,2341,0
20100708,40.08,40.838,39.691,40.221,36,0
20100709,39.295,40.794,39.295,40.486,1725,0
20100712,39.374,40.834,39.374,40.706,83,0
20100713,39.374,41.147,39.374,41.147,175,0
20100714,39.374,40.97,39.374,40.97,47,0
20100715,40.433,40.97,40.362,40.97,18,0
20100716,40.168,40.838,40.168,40.574,136,0
20100719,40.168,40.838,40.168,40.574,2246,0
20100720,39.78,40.715,39.78,40.578,239,0
20100721,39.78,40.838,39.78,40.574,511,0
20100722,39.78,40.838,39.78,40.353,32,0
20100723,39.78,40.662,39.78,40.353,33,0
20100726,39.771,40.838,39.771,40.468,180,0
20100727,39.957,40.838,39.957,40.463,411,0
20100728,39.957,40.838,39.957,40.794,2717,0
20100729,40.168,41.059,40.133,41.059,2075,0
20100730,40.089,40.838,40.089,40.618,147,0
20100802,40.08,41.015,39.691,40.463,469,0
20100803,39.736,41.103,39.736,41.015,426,0
20100804,40.688,41.059,40.318,41.059,79,0
20100805,40.688,41.015,40.574,41.015,195,0
20100806,40.609,41.015,40.353,40.574,560,0
20100809,39.991,40.662,39.991,40.133,405,0
20100810,39.736,40.75,39.736,40.419,719,0
20100811,39.427,40.68,39.427,40.618,220,0
20100812,39.427,40.618,39.427,40.133,298,0
20100813,39.427,40.574,39.427,40.133,227,0
20100816,39.427,40.75,39.427,40.574,732,0
20100817,39.427,40.75,39.427,40.75,4078,0
20100818,39.427,40.75,39.427,39.825,120,0
20100819,39.427,40.045,39.251,39.794,394,0
20100820,39.647,39.691,38.898,39.339,2187,0
20100823,39.647,39.691,38.722,39.162,421,0
20100824,39.647,39.965,39.03,39.162,51,0
20100825,38.81,39.162,37.751,38.016,8050,0
20100826,37.372,38.986,37.372,38.347,159,0
20100827,37.505,38.81,37.505,38.369,86,0
20100830,38.307,38.986,37.932,38.898,1137,0
20100831,38.307,38.898,37.707,37.707,1080,0
20100901,38.307,38.307,37.839,37.994,1348,0
20100902,37.46,38.766,37.46,38.325,671,0
20100903,37.989,39.03,37.927,39.03,1036,0
20100906,38.642,39.515,38.373,38.92,252,0
20100907,38.942,39.074,38.369,38.699,1037,0
20100908,37.989,39.03,37.927,38.59,1730,0
20100909,37.989,38.81,37.927,38.06,875,0
20100910,37.989,38.175,37.751,37.751,1074,0
20100913,37.787,37.914,37.487,37.487,2967,0
20100914,37.116,37.791,37.116,37.575,1507,0
20100915,37.116,37.927,36.164,36.604,13838,0
20100916,36.676,37.487,36.676,36.781,3624,0
20100917,36.676,37.416,34.84,35.282,22327,0
20100920,34.928,35.635,34.928,35.502,336,0
20100921,34.938,36.173,34.84,36.173,18161,0
20100922,35.811,35.811,34.84,35.193,1800,0
20100923,35.811,35.811,34.84,34.84,248,0
20100924,35.811,35.811,34.4,35.061,13851,0
20100927,35.811,35.811,34.311,34.748,4086,0
20100928,35.811,35.811,34.576,35.149,2335,0
20100929,35.811,35.811,33.892,33.892,6455,0
20100930,35.811,35.816,34.4,34.796,20289,0
20101001,34.055,35.277,34.055,34.179,1512,0
20101004,34.055,35.286,34.055,35.083,1115,0
20101005,34.796,35.542,34.796,35.304,1729,0
20101006,34.796,35.537,34.796,35.083,2673,0
20101007,34.532,35.635,34.532,35.502,234,0
20101008,34.532,35.533,34.532,35.414,145,0
20101011,34.928,35.529,34.884,35.502,505,0
20101012,34.928,35.516,34.884,35.26,271,0
20101013,34.928,35.519,34.84,35.326,451,0
20101014,34.532,35.524,34.532,35.524,1270,0
20101015,34.532,35.202,33.385,34.179,9153,0
20101018,34.532,34.928,33.517,34.223,942,0
20101019,34.055,34.695,33.517,34.179,95,0
20101020,34.055,34.179,33.517,33.827,3424,0
20101021,33.535,34.558,33.535,34.4,2207,0
20101022,33.535,34.602,33.535,33.915,2394,0
20101025,33.535,34.568,33.535,34.016,795,0
20101026,34.84,34.84,33.959,34.223,1274,0
20101027,33.535,34.4,33.535,34.223,723,0
20101028,33.535,34.62,33.076,33.738,3286,0
20101029,33.182,34.62,33.182,33.915,3847,0
20101101,33.182,34.695,33.182,34.4,201,0
20101102,33.182,34.832,33.182,34.223,116,0
20101103,33.182,34.84,33.182,34.664,126,0
20101104,33.182,34.832,33.182,34.62,286,0
20101105,34.232,34.664,33.959,34.664,453,0
20101108,34.232,34.656,33.253,34.267,422,0
20101109,33.623,34.925,33.623,34.069,3170,0
20101110,34.055,34.62,33.782,34.356,1963,0
20101111,33.447,34.77,33.447,34.364,250,0
20101112,33.447,34.646,33.447,33.994,1765,0
20101115,34.84,34.84,33.667,34.047,789,0
20101116,34.496,34.496,33.649,34.003,8082,0
20101117,34.496,34.496,33.959,34.206,760,0
20101118,34.496,34.496,33.53,33.959,2212,0
20101119,34.496,34.496,33.297,33.738,1129,0
20101122,33.315,34.4,33.315,34.4,90,0
20101123,33.315,33.949,33.315,33.628,542,0
20101124,33.271,33.693,33.138,33.411,660,0
20101125,33.359,33.778,33.138,33.649,4625,0
20101126,33.403,33.959,33.076,33.649,1318,0
20101129,33.182,33.649,33.076,33.297,10195,0
20101130,32.75,33.782,32.543,32.926,30557,0
20101201,32.706,33.504,32.706,33.125,3210,0
20101202,32.918,33.517,32.807,33.055,2626,0
20101203,32.476,33.121,32.476,33.055,498,0
20101206,32.468,33.121,32.468,32.918,481,0
20101207,32.476,33.517,32.476,33.09,2841,0
20101208,32.494,33.385,32.494,33.213,2472,0
20101209,32.52,33.429,32.52,33.196,4253,0
20101210,33.006,39.859,33.006,39.691,51661,0
20101213,39.295,39.82,36.878,38.898,21075,0
20101214,37.549,40.481,37.549,40.133,7540,0
20101215,39.736,40.486,39.701,40.486,4247,0
20101216,39.304,40.133,39.304,40.124,12693,0
20101217,39.736,40.468,39.551,39.828,25559,0
20101220,39.304,39.828,39.304,39.78,15755,0
20101221,39.295,39.691,38.836,39.242,24552,0
20101222,38.448,39.251,38.016,38.854,2938,0
20101223,38.395,39.586,38.395,39.105,12069,0
20101227,39.869,39.869,38.523,39.026,23667,0
20101228,38.139,39.515,38.139,39.026,5696,0
20101229,38.166,39.251,38.166,39.03,3924,0
20101230,38.598,39.251,38.598,38.898,243,0
20110103,38.439,39.251,38.439,38.929,841,0
20110104,38.598,39.603,38.598,39.295,1454,0
20110105,38.686,39.63,38.686,39.273,1930,0
20110106,38.642,39.515,38.642,39.383,648,0
20110107,38.642,39.89,38.642,39.361,825,0
20110110,39.162,39.709,39.162,39.494,451,0
20110111,38.642,39.494,38.642,39.494,512,0
20110112,38.686,40.133,38.686,39.736,4644,0
20110113,39.118,40.221,39.118,39.825,1046,0
20110114,39.127,40.561,39.127,40.133,7568,0
20110117,40.159,40.221,39.48,40.001,813,0
20110118,39.162,40.565,39.162,40.133,1079,0
20110119,40.159,40.874,39.533,40.045,170,0
20110120,40.265,40.75,39.613,39.957,5,0
20110121,39.216,40.565,39.216,40.137,561,0
20110124,39.947,40.442,39.75,40.442,1178,0
20110125,39.957,40.745,39.957,40.442,285,0
20110126,39.947,40.463,39.947,40.463,183,0
20110127,39.957,40.649,39.957,40.53,1367,0
20110128,40.168,40.688,40.168,40.688,1087,0
20110131,39.947,40.794,39.947,40.794,5388,0
20110201,40.168,41.368,40.168,40.918,2365,0
20110202,39.965,42.241,39.965,42.241,4802,0
20110203,41.482,43.396,41.482,42.69,5496,0
20110204,42.964,43.171,41.936,42.646,22,0
20110207,41.517,42.783,41.517,42.532,878,0
20110208,41.482,42.779,41.482,42.69,1302,0
20110209,42.779,42.779,41.985,42.338,2229,0
20110210,42.779,43.114,41.985,42.558,411,0
20110211,42.779,42.779,42.338,42.47,3704,0
20110214,41.65,42.779,41.65,42.779,580,0
20110215,41.65,42.779,41.65,42.14,856,0
20110216,41.65,42.581,41.65,42.581,643,0
20110217,41.65,42.581,41.65,42.426,429,0
20110221,42.576,42.602,41.739,42.602,2444,0
20110222,41.739,42.576,41.739,42.558,4542,0
20110223,42.558,42.558,41.739,42.161,317,0
20110224,41.739,42.338,41.739,42.161,266,0
20110225,41.739,42.558,41.739,42.558,545,0
20110228,41.517,42.558,41.517,42.558,114,0
20110301,42.364,42.364,41.527,42.029,58,0
20110302,42.029,42.558,41.527,41.897,1202,0
20110303,41.527,42.558,41.527,41.902,27,0
20110304,41.902,42.779,41.182,41.804,5254,0
20110307,41.191,42.646,41.191,42.329,360,0
20110308,41.191,42.558,41.191,41.879,307,0
20110309,41.879,42.558,41.253,42.558,317,0
20110310,42.558,42.779,41.915,42.47,419,0
20110311,42.356,42.938,42.021,42.938,4465,0
20110314,42.938,42.938,41.791,42.161,2264,0
20110315,42.161,42.951,41.5,41.985,2658,0
20110316,41.985,42.594,41.5,41.985,914,0
20110317,41.959,42.942,41.13,41.985,441,0
20110318,41.13,42.426,41.13,42.029,545,0
20110321,41.13,42.823,41.13,42.823,1680,0
20110322,41.959,42.942,41.13,42.602,731,0
20110323,41.959,42.779,41.13,42.602,156,0
20110324,42.602,42.951,42.003,42.602,226,0
20110325,42.602,42.853,42.047,42.514,175,0
20110328,42.514,45.601,42.047,44.94,22369,0
20110329,44.94,44.984,44.534,44.764,12156,0
20110330,44.764,45.867,44.534,45.557,13890,0
20110331,44.71,45.867,44.71,45.867,1362,0
20110401,45.867,45.955,45.143,45.955,2447,0
20110404,45.955,45.955,45.01,45.434,974,0
20110405,45.434,45.822,44.561,45.425,5216,0
20110406,45.425,45.601,44.561,45.425,676,0
20110407,44.561,45.839,44.561,45.54,2222,0
20110408,44.754,45.849,44.754,45.54,878,0
20110411,45.54,46.043,44.754,45.381,2317,0
20110412,45.381,45.857,44.798,45.857,226,0
20110413,45.839,45.867,44.798,45.857,3230,0
20110414,44.798,46.131,44.798,45.867,3227,0
20110415,44.798,46.325,44.798,45.945,1805,0
20110418,45.39,47.18,45.39,47.18,159,0
20110419,45.381,46.289,45.381,45.963,250,0
20110420,45.381,46.484,45.381,46.077,855,0
20110421,46.077,46.307,45.381,46.077,931,0
20110426,46.077,46.077,45.381,45.645,1721,0
20110427,45.645,45.672,45.072,45.293,2991,0
20110428,45.293,45.867,44.72,44.984,8966,0
20110429,44.984,44.992,44.279,44.984,18737,0
20110502,44.279,45.857,44.279,45.425,7195,0
20110503,44.976,45.425,44.72,45.169,2076,0
20110504,45.169,45.425,44.287,45.01,12622,0
20110505,44.137,45.778,44.137,45.072,18821,0
20110506,44.137,45.566,44.137,44.992,15417,0
20110509,44.992,45.575,44.534,45.575,6047,0
20110510,44.992,45.795,44.534,45.248,1998,0
20110511,44.534,45.778,44.534,45.072,20325,0
20110512,45.072,45.513,44.534,44.94,10266,0
20110513,44.57,45.328,44.543,45.31,11234,0
20110516,44.57,45.346,44.57,45.204,12393,0
20110517,44.181,45.275,44.181,45.275,13158,0
20110518,45.072,45.16,44.181,44.984,26314,0
20110519,44.102,46.51,44.102,46.095,25523,0
20110520,45.407,46.175,45.407,45.707,3064,0
20110523,45.707,46.21,44.402,45.725,1979,0
20110524,45.46,46.475,44.746,45.487,3871,0
20110525,45.549,46.237,44.86,45.46,1490,0
20110526,45.46,46.087,44.746,45.363,8415,0
20110527,45.258,46.484,44.552,45.434,16158,0
20110530,45.372,46.157,44.684,45.407,4078,0
20110531,45.443,46.131,44.728,45.761,1293,0
20110601,45.54,46.289,44.852,45.645,3787,0
20110602,45.593,46.395,45.593,45.689,303,0
20110603,45.655,46.289,44.984,46.077,194,0
20110606,46.077,46.254,44.896,45.425,2045,0
20110607,45.672,46.043,45.002,45.927,3565,0
20110608,45.434,46.298,44.772,45.443,1120,0
20110609,45.54,46.307,44.878,45.681,12646,0
20110610,45.098,46.237,44.843,45.399,7874,0
20110613,45.399,45.971,43.749,44.922,6494,0
20110614,44.922,45.867,43.661,44.737,23984,0
20110615,43.643,45.795,43.643,45.169,5144,0
20110616,44.472,45.601,44.42,44.42,3607,0
20110617,43.044,45.601,43.044,44.904,5758,0
20110620,44.208,45.381,44.208,45.381,4011,0
20110621,45.072,45.469,45.072,45.337,3583,0
20110622,45.337,45.337,44.984,45.293,10320,0
20110623,44.984,45.416,44.984,45.09,1427,0
20110624,44.984,46.545,44.984,46.069,15945,0
20110627,46.069,46.122,44.984,44.984,10740,0
20110628,44.984,46.122,44.984,44.984,4691,0
20110629,44.984,46.492,44.984,46.087,5044,0
20110630,45.125,46.748,44.543,46.051,25228,0
20110701,44.146,45.425,44.146,44.146,20378,0
20110704,44.666,45.204,44.208,44.798,18618,0
20110705,43.925,45.204,43.749,43.749,21778,0
20110706,44.57,45.337,43.925,43.925,19053,0
20110707,44.013,45.231,44.013,44.013,7647,0
20110708,44.013,45.31,44.013,44.013,1628,0
20110711,44.499,45.204,44.013,44.013,5993,0
20110712,44.764,44.896,44.464,44.72,14446,0
20110713,44.852,44.896,44.552,44.72,37832,0
20110714,44.764,45.416,44.552,44.552,7617,0
20110715,45.214,45.54,44.552,45.275,6209,0
20110718,45.54,46.572,44.552,45.037,17048,0
20110719,45.487,46.175,44.658,44.658,12186,0
20110720,45.169,45.169,43.969,44.914,7834,0
20110721,44.966,45.867,43.969,45.407,8491,0
20110722,45.522,45.937,44.658,45.416,6580,0
20110725,45.689,46.077,44.746,44.746,41489,0
20110726,43.969,46.069,43.969,43.969,11121,0
20110727,44.922,45.125,43.969,43.969,19338,0
20110728,43.969,45.955,43.969,43.969,9659,0
20110729,43.969,45.849,43.969,43.969,3150,0
20110801,45.849,45.849,43.731,43.731,677,0
20110802,45.02,45.813,43.886,43.891,302,0
20110803,43.899,45.813,43.894,43.899,3681,0
20110804,43.891,45.795,43.661,43.891,11922,0
20110805,43.132,43.741,43.114,43.114,2319,0
20110808,43.829,43.829,42.912,43.114,726,0
20110809,42.347,44.42,42.347,42.347,9670,0
20110810,43.793,44.455,43.22,43.925,1861,0
20110811,43.485,44.093,43.317,43.485,1505,0
20110812,43.793,44.34,43.246,43.246,521,0
20110815,44.34,44.437,43.537,43.537,919,0
20110816,44.269,44.402,43.537,43.537,424,0
20110817,44.041,44.349,43.537,43.537,68,0
20110818,43.537,44.446,43.493,44.137,643,0
20110819,43.537,44.19,43.502,43.969,2416,0
20110822,44.041,44.041,43.317,43.537,6431,0
20110823,43.246,43.992,43.246,43.246,3609,0
20110824,43.674,44.102,43.246,43.591,5723,0
20110825,43.246,44.543,43.246,43.246,6944,0
20110826,43.308,44.534,43.308,43.925,1356,0
20110829,43.449,44.543,43.449,43.938,4211,0
20110830,43.335,44.543,43.308,43.925,944,0
20110831,43.308,44.808,43.308,44.375,4120,0
20110901,44.146,44.57,44.102,44.57,1440,0
20110902,44.146,44.57,44.146,44.57,1247,0
20110905,44.146,44.614,43.842,44.614,1538,0
20110906,43.847,44.225,43.842,44.217,1269,0
20110907,43.847,44.225,43.847,44.041,2122,0
20110908,44.041,44.543,43.847,44.217,845,0
20110909,43.847,44.367,43.847,44.234,1210,0
20110912,44.234,44.534,43.842,44.217,901,0
20110913,44.19,44.217,43.661,44.217,154,0
20110914,43.661,44.279,43.661,44.217,1311,0
20110915,44.19,44.217,43.661,44.217,221,0
20110916,44.217,44.534,43.661,44.261,2123,0
20110919,44.261,44.534,43.661,44.261,134,0
20110920,43.661,44.534,43.661,44.323,1436,0
20110921,44.323,44.614,43.661,44.614,1,0
20110922,43.661,44.57,43.661,44.57,1,0
20110923,43.661,44.155,43.661,44.044,68,0
20110926,43.661,44.155,43.661,44.137,1172,0
20110927,43.661,44.534,43.661,43.912,3390,0
20110928,43.661,44.578,43.661,44.578,1745,0
20110929,43.661,44.543,43.661,44.323,679,0
20110930,43.661,44.543,43.661,44.323,2980,0
20111003,44.323,44.984,43.026,44.534,6,0
20111004,43.458,44.102,43.458,43.983,2534,0
20111005,42.598,44.323,42.598,43.863,11842,0
20111006,42.793,44.013,42.793,43.878,3021,0
20111007,42.868,44.49,42.868,44.49,7473,0
20111010,42.863,44.896,42.863,44.525,6206,0
20111011,42.951,44.808,42.951,44.349,340,0
20111012,43.29,45.108,43.29,44.614,371,0
20111013,43.154,45.108,43.026,44.543,621,0
20111014,43.458,44.798,43.458,44.798,260,0
20111017,44.798,44.984,43.458,44.984,695,0
20111018,43.026,44.605,43.026,44.605,614,0
20111019,44.605,44.976,43.661,44.605,350,0
20111020,43.661,44.976,43.661,44.323,597,0
20111021,43.661,44.984,43.661,44.19,1597,0
20111024,43.705,44.676,43.661,44.367,170,0
20111025,43.749,44.552,43.749,44.367,1,0
20111026,43.749,44.976,43.749,44.543,344,0
20111027,44.808,44.808,43.749,44.693,6992,0
20111028,44.808,44.976,43.749,44.71,172,0
20111031,44.808,44.826,43.793,44.72,219,0
20111101,43.714,44.984,43.714,44.375,131,0
20111102,44.375,44.782,43.171,44.782,77,0
20111103,44.323,44.976,44.323,44.64,1782,0
20111104,44.323,44.984,44.323,44.64,1223,0
20111107,44.543,44.782,44.323,44.782,1261,0
20111108,44.976,44.984,44.323,44.852,98,0
20111109,44.852,44.984,44.323,44.64,1793,0
20111110,44.543,44.764,44.323,44.516,270,0
20111111,44.323,45.072,44.323,44.64,1967,0
20111114,44.64,44.649,44.323,44.64,138,0
20111115,44.367,44.984,44.323,44.86,56,0
20111116,44.543,44.984,44.323,44.798,606,0
20111117,44.367,45.407,44.323,45.407,1676,0
20111118,44.367,45.857,44.323,45.416,91,0
20111121,44.323,45.469,44.323,45.469,904,0
20111122,44.367,45.751,44.323,45.231,396,0
20111123,44.323,45.46,44.323,45.46,641,0
20111124,44.367,45.478,44.323,45.478,188,0
20111125,44.323,45.425,44.323,45.416,435,0
20111128,45.416,46.087,44.323,45.284,627,0
20111129,44.966,46.307,44.966,45.284,73,0
20111130,45.222,46.369,44.984,45.689,2993,0
20111201,44.323,46.025,44.323,46.025,572,0
20111202,45.204,46.316,45.037,46.316,678,0
20111205,45.204,45.867,45.081,45.302,760,0
20111206,44.746,46.678,44.746,46.678,324,0
20111207,46.175,46.995,45.867,46.995,2806,0
20111208,46.131,46.801,45.867,46.801,501,0
20111209,46.131,48.151,46.087,46.986,4642,0
20111212,46.131,47.216,45.822,45.857,453,0
20111213,45.451,45.981,45.407,45.981,544,0
20111214,45.248,46.333,45.248,45.911,686,0
20111215,45.248,45.901,45.248,45.901,393,0
20111219,45.116,46.678,45.116,46.678,567,0
20111220,45.116,46.492,45.116,45.875,1092,0
20111222,45.116,46.492,45.116,46.069,162,0
20111223,45.116,46.307,45.116,45.883,229,0
20111227,45.16,46.307,45.116,45.999,90,0
20111228,45.222,46.968,45.178,46.968,385,0
20111229,45.601,46.748,45.425,46.634,717,0
20111230,45.16,46.686,45.116,45.593,194,0
20120102,45.549,46.686,45.549,46.642,637,0
20120103,45.549,46.642,45.513,46.624,12,0
20120104,46.439,47.48,45.61,47.48,116,0
20120105,46.484,46.484,45.425,45.593,223,0
20120106,44.358,46.678,44.314,46.678,148,0
20120109,45.178,46.73,45.178,46.73,34,0
20120110,44.472,46.748,44.472,45.593,903,0
20120111,44.49,45.807,44.446,45.593,2114,0
20120112,44.367,45.645,44.367,45.619,882,0
20120113,44.358,46.406,44.314,45.867,113,0
20120116,45.425,46.448,45.425,46.448,368,0
20120118,45.469,46.704,45.469,46.466,418,0
20120119,46.466,46.73,45.425,46.607,1317,0
20120120,45.593,46.669,45.591,46.669,447,0
20120124,45.425,46.722,45.425,46.395,398,0
20120125,45.584,46.554,45.584,46.484,4,0
20120126,45.425,46.748,45.425,46.501,1712,0
20120127,45.61,46.748,45.61,46.237,142,0
20120130,45.61,46.642,45.61,46.589,1309,0
20120131,46.589,46.748,45.425,46.307,22,0
20120201,46.307,46.89,45.425,46.89,329,0
20120202,45.61,47.216,45.61,46.58,238,0
20120203,46.06,47.198,46.06,47.198,57,0
20120206,46.025,47.172,46.025,46.58,2839,0
20120207,45.469,46.924,45.416,45.416,989,0
20120209,45.443,47.575,45.443,47.383,623,0
20120210,46.131,47.383,46.131,46.492,1300,0
20120213,45.61,48.097,45.61,47.489,1530,0
20120214,46.924,47.939,46.801,46.801,12,0
20120215,46.766,47.738,46.766,47.63,7,0
20120216,46.528,47.63,46.272,46.836,127,0
20120217,45.39,48.141,45.39,47.701,901,0
20120220,47.701,47.701,46.21,47.692,113,0
20120221,46.21,47.692,46.21,47.066,113,0
20120222,46.466,48.503,46.466,47.63,227,0
20120223,46.466,47.745,46.466,47.745,223,0
20120224,46.21,47.745,46.21,47.719,918,0
20120227,46.21,48.512,46.21,47.162,141,0
20120228,47.33,47.762,47.26,47.26,363,0
20120229,46.492,48.512,46.492,47.753,5,0
20120301,46.424,47.753,46.424,46.951,2326,0
20120302,46.21,47.591,46.21,47.012,45,0
20120305,47.012,47.584,46.431,47.012,165,0
20120306,46.289,47.53,45.901,46.66,5252,0
20120307,46.333,47.233,44.782,46.484,5541,0
20120308,46.492,46.748,46.307,46.607,853,0
20120309,46.748,47.18,46.316,47.084,4541,0
20120312,47.084,47.189,46.492,47.048,56,0
20120314,47.012,47.63,47.012,47.304,555,0
20120315,47.304,47.304,46.748,47.189,334,0
20120316,47.056,47.304,46.748,47.304,285,0
20120319,47.012,48.512,47.012,48.353,70,0
20120320,47.012,48.353,46.748,48.353,579,0
20120321,48.291,48.353,46.492,48.353,184,0
20120322,46.492,48.353,46.492,47.639,987,0
20120323,46.722,47.663,46.713,47.663,403,0
20120326,46.501,48.83,46.501,48.83,761,0
20120327,46.501,48.821,46.492,48.821,1347,0
20120328,47.842,47.842,46.492,47.401,54,0
20120329,47.401,47.401,46.492,47.401,1320,0
20120330,46.492,47.895,46.492,47.048,601,0
20120402,46.466,48.063,46.466,47.569,172,0
20120403,47.101,47.569,46.968,47.392,1774,0
20120405,47.189,47.621,46.968,47.507,62,0
20120410,47.507,47.63,46.968,47.251,297,0
20120411,46.968,48.238,46.748,47.145,635,0
20120412,47.145,47.145,46.748,47.145,551,0
20120413,47.145,47.542,46.748,47.542,2601,0
20120416,48.107,48.113,46.968,47.674,180,0
20120418,47.392,47.63,47.189,47.392,12,0
20120419,47.392,47.392,46.755,47.322,349,0
20120420,46.748,47.401,46.748,47.401,22,0
20120423,46.81,47.978,46.81,47.63,567,0
20120424,47.63,47.657,47.189,47.657,204,0
20120425,47.657,47.674,47.233,47.674,104,0
20120426,47.278,47.983,47.198,47.674,138,0
20120427,47.189,47.674,47.189,47.586,284,0
20120430,47.189,47.586,47.162,47.162,437,0
20120502,47.162,48.057,46.774,47.842,1007,0
20120503,47.842,49.324,47.63,49.324,3398,0
20120504,48.512,50.135,48.512,49.773,22,0
20120507,49.685,50.841,48.6,49.791,719,0
20120508,48.954,53.372,48.954,51.953,968,0
20120509,51.953,52.305,50.964,50.964,243,0
20120510,50.321,51.643,49.1,51.212,2049,0
20120511,51.212,51.731,48.874,51.731,734,0
20120514,51.731,51.953,49.721,51.467,445,0
20120515,50.338,51.776,49.871,50.964,510,0
20120516,50.329,51.564,49.738,50.629,184,0
20120518,50.62,50.62,49.729,50.541,540,0
20120521,49.729,50.532,49.729,50.135,386,0
20120522,50.135,51.158,49.729,50.541,1247,0
20120523,50.541,50.541,49.915,50.444,726,0
20120524,50.444,50.653,49.729,50.444,207,0
20120525,49.729,50.664,49.729,50.409,57,0
20120528,50.409,50.629,49.729,50.444,113,0
20120529,49.729,51.158,49.659,50.541,1902,0
20120530,49.915,51.511,49.694,51.335,703,0
20120601,51.158,53.364,51.158,52.658,1060,0
20120604,52.147,52.658,50.99,50.99,719,0
20120605,52.429,52.429,49.923,51.15,491,0
20120607,49.703,51.212,49.694,51.096,57,0
20120608,49.694,51.608,49.694,50.629,1886,0
20120611,51.15,51.15,50.453,50.938,652,0
20120612,50.717,51.078,50.461,51.078,857,0
20120613,50.461,51.643,50.453,50.673,558,0
20120614,49.447,49.482,48.512,49.218,363,0
20120615,48.644,50.039,47.189,50.039,2403,0
20120618,50.039,50.039,48.512,50.039,170,0
20120619,49.042,50.047,48.468,50.047,10027,0
20120620,49.915,50.109,49.747,49.959,787,0
20120621,48.882,51.034,48.882,50.461,663,0
20120625,49.394,52.305,49.394,52.305,794,0
20120626,50.338,52.305,49.721,50.488,114,0
20120627,49.421,50.717,49.394,50.523,312,0
20120628,49.482,51.555,49.482,50.929,589,0
20120629,50.294,51.555,49.677,51.14,68,0
20120702,51.14,51.223,49.386,51.052,199,0
20120703,49.977,52.129,48.512,49.403,510,0
20120704,49.403,51.026,49.394,51.026,1462,0
20120705,49.394,51.026,49.394,50.762,79,0
20120709,49.394,51.158,49.394,50.717,231,0
20120710,50.717,51.82,49.394,51.82,23,0
20120711,51.82,52.129,49.394,50.85,429,0
20120712,50.85,51.317,49.394,50.806,113,0
20120713,50.806,51.599,49.394,50.938,226,0
20120716,50.938,51.467,49.394,51.467,113,0
20120717,51.467,52.041,49.394,51.467,17,0
20120718,51.467,53.222,49.394,53.222,1451,0
20120719,52.129,53.222,48.512,52.525,380,0
20120720,52.525,52.922,48.512,52.525,459,0
20120723,52.525,52.922,48.512,52.525,385,0
20120724,52.922,53.354,48.512,52.525,340,0
20120725,52.525,52.922,48.512,52.552,308,0
20120727,52.552,52.552,48.512,52.287,289,0
20120730,52.287,52.878,48.512,52.305,935,0
20120731,52.305,52.305,48.512,51.643,62,0
20120801,51.643,52.261,48.512,52.261,391,0
20120802,52.261,52.261,48.512,51.158,289,0
20120806,52.031,52.041,49.765,51.502,941,0
20120808,52.041,52.041,49.8,51.617,113,0
20120809,50.311,52.808,49.8,51.573,500,0
20120810,51.034,52.922,49.835,52.57,1899,0
20120813,52.57,52.922,49.835,51.661,4979,0
20120814,51.661,52.922,49.835,51.864,1134,0
20120815,50.806,53.346,49.835,51.979,170,0
20120816,52.816,53.787,49.835,53.354,141,0
20120817,52.932,53.805,49.835,53.584,554,0
20120820,52.922,53.584,49.835,53.584,147,0
20120821,52.922,53.584,49.835,52.658,193,0
20120822,52.393,54.157,49.835,53.584,45,0
20120823,53.619,53.805,49.835,53.805,1034,0
20120824,53.805,54.025,49.835,54.025,57,0
20120827,53.805,54.025,49.835,53.937,442,0
20120828,53.628,54.237,49.835,54.025,539,0
20120829,53.849,54.025,49.835,54.025,234,0
20120830,53.805,54.237,49.835,54.025,44,0
20120831,54.025,54.245,49.835,54.033,1263,0
20120903,54.642,54.642,49.835,54.025,45,0
20120904,52.772,54.245,49.835,52.993,2075,0
20120905,52.922,53.795,49.835,53.434,68,0
20120906,52.834,53.76,49.835,53.76,165,0
20120907,53.76,54.245,49.835,53.487,533,0
20120910,53.487,53.487,49.835,53.434,782,0
20120911,52.261,54.157,49.835,53.522,1134,0
20120912,53.522,54.686,49.835,54.245,340,0
20120913,53.275,56.892,49.835,54.907,1641,0
20120914,54.907,56.451,49.835,55.348,754,0
20120917,55.357,55.913,49.835,54.73,1308,0
20120918,54.73,55.216,49.835,53.408,2679,0
20120919,53.408,53.408,52.676,52.993,1789,0
20120920,52.147,52.993,49.835,52.111,851,0
20120921,51.52,53.364,49.835,52.614,817,0
20120924,53.372,53.372,49.835,52.481,1254,0
20120925,52.49,54.183,49.835,54.183,432,0
20120926,54.183,54.183,49.835,53.963,282,0
20120928,52.393,55.568,49.835,53.584,557,0
20121001,53.354,54.73,49.835,54.73,29,0
20121002,53.54,54.73,49.835,54.73,29,0
20121004,54.73,54.996,49.835,54.996,522,0
20121005,54.069,55.084,49.835,55.084,691,0
20121008,54.255,55.084,49.835,54.025,1420,0
20121009,53.266,54.245,49.835,54.245,1020,0
20121010,54.245,54.907,49.835,54.907,1240,0
20121011,54.907,55.568,49.835,54.907,1337,0
20121012,54.907,55.084,49.835,54.448,613,0
20121015,55.56,55.56,49.835,54.686,271,0
20121017,54.686,55.568,49.835,55.128,196,0
20121018,54.775,55.128,49.835,55.128,33,0
20121019,54.695,55.559,49.835,55.128,409,0
20121022,55.128,55.551,49.835,54.272,2072,0
20121024,54.272,54.457,49.835,54.272,2,0
20121025,54.069,54.466,49.835,54.272,385,0
20121026,54.272,54.466,53.911,54.272,203,0
20121029,54.272,54.907,53.54,54.907,381,0
20121030,54.907,55.348,54.131,55.348,322,0
20121031,55.128,55.348,54.245,54.907,533,0
20121102,54.069,56.009,53.531,55.789,1671,0
20121105,56.009,56.363,54.069,56.185,1058,0
20121106,56.009,56.715,55.03,56.715,1086,0
20121107,56.715,56.892,55.454,56.715,1837,0
20121108,56.715,56.715,55.348,55.348,680,0
20121109,54.686,56.451,54.686,55.727,663,0
20121112,55.384,57.332,54.149,57.332,496,0
20121113,56.195,57.254,54.686,56.944,335,0
20121114,54.863,56.98,54.316,55.842,257,0
20121115,55.842,56.971,54.686,55.842,91,0
20121116,55.842,56.937,54.686,56.019,272,0
20121119,56.371,56.371,54.598,55.445,965,0
20121120,55.78,56.353,54.598,55.533,529,0
20121121,56.009,56.671,54.686,55.71,1008,0
20121122,54.686,56.442,54.686,55.613,238,0
20121123,55.613,56.442,54.686,55.613,233,0
20121126,54.784,56.451,54.237,56.009,1328,0
20121127,54.686,56.539,54.686,56.009,102,0
20121128,56.009,56.883,54.695,55.789,2930,0
20121129,54.695,56.944,54.695,56.944,29,0
20121130,56.451,56.892,56.451,56.715,1683,0
20121203,57.28,57.288,56.451,57.094,27,0
20121204,56.892,57.288,56.892,57.226,193,0
20121205,57.156,57.668,57.156,57.668,431,0
20121206,57.156,57.668,56.892,57.315,782,0
20121207,56.451,58.171,56.451,57.536,91,0
20121210,58.205,58.205,55.436,57.27,263,0
20121211,55.436,57.332,54.695,56.671,322,0
20121212,56.671,57.862,54.695,57.332,181,0
20121213,57.332,57.332,54.695,56.495,566,0
20121214,56.451,57.86,54.695,57.606,1211,0
20121217,57.818,57.818,57.068,57.315,1000,0
20121218,57.288,57.332,56.627,56.759,712,0
20121219,56.759,56.988,56.627,56.988,161,0
20121220,56.988,57.332,56.627,56.768,1240,0
20121221,56.768,57.332,56.627,56.988,1134,0
20121227,56.988,56.988,54.686,56.768,2261,0
20121228,56.768,57.332,56.539,57.068,788,0
20130102,54.351,59.785,54.351,57.394,17,0
20130103,57.332,58.205,56.892,57.562,931,0
20130104,57.332,57.562,56.892,57.509,1245,0
20130107,58.109,58.135,55.339,56.812,678,0
20130108,56.539,57.332,56.539,56.856,302,0
20130109,56.9,57.121,56.539,57.121,22,0
20130110,56.892,57.121,56.451,56.724,881,0
20130111,56.097,56.892,56.009,56.68,633,0
20130114,56.019,56.68,56.009,56.239,489,0
20130115,54.695,56.027,52.932,56.027,1312,0
20130116,55.128,56.892,55.128,55.983,1,0
20130117,55.507,56.019,55.128,56.019,226,0
20130118,55.568,56.23,55.568,56.23,282,0
20130122,55.568,56.23,55.348,55.348,67,0
20130123,55.128,56.23,54.289,56.23,397,0
20130124,55.568,56.23,55.568,56.185,375,0
20130125,56.185,56.185,55.568,55.568,226,0
20130128,56.786,56.786,55.568,56.451,1771,0
20130129,56.451,56.794,56.363,56.363,794,0
20130130,56.433,56.433,56.363,56.363,113,0
20130131,56.363,56.433,55.568,55.568,304,0
20130201,55.568,56.433,55.56,55.56,361,0
20130204,55.568,56.433,55.128,55.128,334,0
20130205,54.73,56.433,54.722,56.433,670,0
20130206,54.695,56.883,54.686,54.695,1914,0
20130207,54.51,56.353,54.245,54.333,2291,0
20130208,54.333,56.009,54.333,56.009,481,0
20130212,53.805,55.56,53.805,55.56,601,0
20130213,55.128,56.274,54.378,56.274,2409,0
20130214,56.442,56.442,55.568,55.568,645,0
20130215,55.568,56.009,55.568,56.009,113,0
20130218,55.568,55.568,54.378,54.378,242,0
20130219,55.48,55.568,55.472,55.48,292,0
20130220,55.48,55.568,55.472,55.568,324,0
20130221,55.48,56.442,55.472,55.48,22,0
20130222,55.568,55.568,55.472,55.48,164,0
20130225,55.48,56.009,55.472,56.009,1156,0
20130226,55.568,55.568,55.472,55.48,89,0
20130227,55.568,55.568,55.472,55.568,430,0
20130228,55.48,55.568,55.472,55.489,227,0
20130301,54.351,55.568,54.333,55.568,1740,0
20130304,54.36,56.451,54.343,56.451,708,0
20130305,55.48,55.568,55.472,55.498,170,0
20130306,55.568,56.442,55.472,56.442,51,0
20130307,55.568,56.433,55.472,55.48,618,0
20130308,55.48,57.332,54.351,57.332,977,0
20130311,56.009,56.618,56.009,56.009,397,0
20130312,55.586,56.009,54.351,54.351,598,0
20130313,54.351,56.009,54.343,56.001,44,0
20130314,54.351,56.539,54.343,55.568,397,0
20130315,56.009,56.451,55.568,56.451,493,0
20130318,56.009,56.442,54.351,56.442,1329,0
20130319,56.009,56.274,54.333,56.009,304,0
20130321,56.274,56.442,56.097,56.097,1134,0
20130322,56.009,56.097,56.009,56.009,1107,0
20130326,54.642,56.009,54.344,54.344,646,0
20130327,56.009,56.009,54.343,54.635,756,0
20130328,54.343,56.009,54.333,56.009,878,0
20130402,55.568,56.689,54.642,56.689,226,0
20130403,55.568,56.009,55.568,55.577,624,0
20130404,55.568,56.442,55.568,55.568,284,0
20130408,54.801,56.706,52.878,56.627,132,0
20130409,56.009,56.706,54.792,55.568,1090,0
20130411,55.568,56.009,55.568,56.009,2284,0
20130412,55.568,56.009,55.568,56.001,153,0
20130415,55.568,56.009,54.784,55.48,1253,0
20130416,55.128,55.965,55.128,55.128,1700,0
20130417,55.128,55.921,55.128,55.128,385,0
20130422,55.921,55.921,54.686,55.921,53,0
20130424,55.568,56.009,55.568,55.568,183,0
20130425,55.568,56.008,55.568,55.568,1028,0
20130426,55.568,55.921,54.686,54.686,2621,0
20130429,54.686,55.128,54.686,55.128,1046,0
20130430,55.128,55.964,55.128,55.964,509,0
20130502,54.801,55.957,54.801,55.957,227,0
20130503,55.146,55.965,55.146,55.348,562,0
20130506,55.348,56.706,55.348,55.348,18,0
20130507,55.436,56.442,55.348,55.348,57,0
20130508,55.436,56.698,55.162,55.683,2788,0
20130509,55.683,56.009,55.683,55.701,1211,0
20130510,56.009,56.451,55.162,55.172,3497,0
20130513,55.172,55.727,55.162,55.56,954,0
20130514,55.727,55.727,55.304,55.304,125,0
20130515,55.727,55.727,55.304,55.568,113,0
20130516,55.304,55.568,55.304,55.312,181,0
20130517,55.304,55.568,55.304,55.304,1474,0
20130520,55.56,55.56,55.304,55.348,108,0
20130521,55.348,55.568,55.348,55.568,923,0
20130522,55.304,55.657,55.304,55.304,1319,0
20130523,55.304,56.98,54.907,56.98,4236,0
20130524,54.907,57.226,54.907,57.218,1749,0
20130527,55.568,57.182,55.568,57.182,86,0
20130528,55.568,57.156,55.56,56.009,1892,0
20130529,53.346,55.56,53.337,54.493,474,0
20130531,54.245,54.245,53.805,53.805,226,0
20130603,53.805,56.009,53.805,55.56,99,0
20130604,54.245,55.965,53.805,53.849,570,0
20130605,53.813,54.686,52.922,52.922,1791,0
20130606,53.584,54.686,52.94,52.949,5,0
20130607,52.94,54.686,52.932,52.94,5,0
20130610,53.751,53.76,53.01,53.01,57,0
20130611,53.364,53.76,53.364,53.627,170,0
20130612,53.628,53.628,53.364,53.364,144,0
20130613,53.628,53.628,53.01,53.098,284,0
20130614,53.098,53.805,53.098,53.76,143,0
20130617,53.098,53.795,52.94,53.716,789,0
20130618,52.94,53.364,52.94,53.364,567,0
20130619,52.958,54.157,52.958,53.805,623,0
20130620,53.364,54.157,53.364,54.157,181,0
20130621,53.364,53.778,53.364,53.778,62,0
20130624,53.364,53.795,53.364,53.364,627,0
20130625,53.364,53.795,53.364,53.795,113,0
20130626,53.364,53.795,53.364,53.795,635,0
20130627,53.364,53.408,53.364,53.408,159,0
20130628,53.364,53.364,53.187,53.187,1134,0
20130701,53.054,54.245,52.922,52.922,1208,0
20130702,53.054,53.628,52.922,53.099,488,0
20130703,53.098,53.795,52.922,53.795,260,0
20130704,53.364,53.364,53.02,53.02,1928,0
20130705,53.354,53.354,53.098,53.098,568,0
20130708,53.098,53.187,52.746,52.834,30391,0
20130709,52.746,53.098,52.57,53.054,8547,0
20130710,53.054,53.32,52.922,53.116,3211,0
20130711,53.098,54.149,53.098,54.149,4136,0
20130712,53.672,55.921,53.672,53.981,2196,0
20130715,55.965,56.001,53.981,54.686,125,0
20130716,54.686,55.128,54.686,54.73,680,0
20130719,54.73,54.731,54.545,54.73,210,0
20130722,54.73,55.48,54.722,54.74,125,0
20130723,54.73,56.009,54.722,56.009,3084,0
20130724,56.019,56.353,56.009,56.009,375,0
20130725,56.009,56.451,56.009,56.451,1531,0
20130726,56.019,56.019,56.009,56.009,57,0
20130729,56.019,56.451,56.009,56.009,478,0
20130730,56.009,56.451,55.348,55.348,1027,0
20130731,56.019,56.019,54.025,54.025,226,0
20130801,54.025,55.568,54.025,55.568,284,0
20130802,54.686,55.568,54.686,55.234,96,0
20130805,55.234,55.992,55.224,55.992,236,0
20130806,55.234,55.242,55.224,55.234,1535,0
20130807,55.234,55.234,55.224,55.234,454,0
20130812,55.234,55.234,55.128,55.234,284,0
20130813,55.224,55.242,55.224,55.242,12,0
20130814,55.234,55.348,55.224,55.234,628,0
20130815,55.234,55.348,55.224,55.242,590,0
20130816,55.234,55.48,54.73,54.951,3940,0
20130819,54.951,55.472,54.942,55.472,1248,0
20130820,55.234,55.234,54.686,54.686,4337,0
20130821,54.333,55.472,54.333,55.472,760,0
20130822,54.281,55.04,54.281,54.686,45,0
20130823,55.04,55.04,54.686,54.686,142,0
20130826,54.686,55.48,54.686,55.472,328,0
20130827,54.686,55.472,54.686,55.472,226,0
20130828,54.686,55.48,54.686,54.686,258,0
20130829,54.686,55.48,54.686,54.686,303,0
20130830,54.686,55.472,54.686,54.686,652,0
20130902,54.686,54.686,54.245,54.333,3,0
20130904,54.554,55.348,54.325,55.348,613,0
20130906,54.333,54.775,54.333,54.351,113,0
20130909,54.422,54.686,54.422,54.554,375,0
20130910,54.686,55.568,54.245,54.245,985,0
20130911,54.686,54.819,54.245,54.819,34,0
20130912,54.819,55.48,54.81,54.819,339,0
20130913,54.819,55.56,54.81,54.819,12,0
20130916,54.819,54.96,54.81,54.951,136,0
20130917,54.951,55.128,54.466,54.466,1713,0
20130918,54.466,54.951,54.466,54.466,717,0
20130919,54.466,54.686,54.245,54.245,781,0
20130920,54.686,54.686,54.175,54.175,517,0
20130923,54.245,55.507,54.175,54.333,646,0
20130924,54.175,55.101,54.175,54.175,340,0
20130925,54.175,55.101,54.175,54.175,263,0
20130926,54.175,54.686,53.813,54.686,1929,0
20130927,53.849,54.686,53.84,54.686,4210,0
20130930,54.686,55.568,53.849,53.849,1230,0
20131002,54.333,54.775,53.893,54.775,29,0
20131003,54.686,54.695,54.686,54.686,368,0
20131007,54.333,54.775,53.981,53.981,1275,0
20131008,53.981,54.554,53.981,54.554,181,0
20131009,54.554,54.554,54.51,54.519,1202,0
20131010,54.501,54.554,54.245,54.51,1903,0
20131014,54.686,55.736,54.686,54.863,703,0
20131015,54.863,54.872,54.863,54.863,57,0
20131016,54.863,54.951,54.863,54.951,68,0
20131017,54.863,55.745,54.863,54.863,931,0
20131018,54.872,55.568,54.863,55.568,153,0
20131021,55.568,55.568,54.863,55.568,860,0
20131023,55.568,55.568,54.863,54.863,233,0
20131024,55.568,55.568,54.863,54.996,114,0
20131025,54.996,55.568,54.996,54.996,375,0
20131028,55.012,55.012,55.004,55.012,12,0
20131029,54.113,55.568,54.113,54.996,509,0
20131030,54.996,55.568,54.996,55.568,4195,0
20131031,54.996,55.524,54.996,54.996,233,0
20131104,55.216,55.568,54.996,55.568,4790,0
20131105,55.304,55.568,55.304,55.304,701,0
20131106,55.304,55.56,55.304,55.56,113,0
20131107,55.304,55.568,54.872,54.951,1365,0
20131108,55.304,55.568,54.942,54.951,408,0
20131115,55.304,55.568,51.158,54.951,646,0
20131118,54.951,55.568,54.942,55.568,2140,0
20131119,55.304,55.568,54.942,54.951,407,0
20131120,55.304,55.304,54.686,54.686,4558,0
20131121,55.304,55.304,53.937,54.686,2407,0
20131122,55.304,55.56,51.176,54.554,2903,0
20131125,55.568,55.568,53.937,53.981,6576,0
20131126,55.304,55.304,53.893,53.901,579,0
20131128,53.937,55.516,53.928,55.516,397,0
20131129,53.937,55.162,53.849,55.161,1202,0
20131203,54.686,55.524,54.281,54.299,84,0
20131204,54.289,55.524,54.289,54.289,205,0
20131205,53.981,55.234,53.84,53.849,1440,0
20131206,54.245,54.245,53.849,53.849,552,0
20131209,54.007,54.245,53.672,54.245,2421,0
20131210,54.245,54.245,53.098,53.142,7955,0
20131211,54.245,54.245,52.041,53.098,2553,0
20131212,54.245,54.245,52.922,53.098,2018,0
20131213,53.672,54.245,53.098,54.237,317,0
20131216,53.187,54.245,53.098,53.098,29,0
20131218,54.245,54.245,51.158,53.593,2025,0
20131219,53.584,54.245,52.922,54.237,390,0
20131220,53.372,54.245,53.364,54.245,284,0
20131223,53.452,54.237,53.452,54.237,238,0
20131227,53.452,54.237,53.364,53.901,676,0
20131230,53.805,54.237,53.364,53.364,803,0
20140102,53.805,54.237,53.01,54.237,226,0
20140103,53.805,54.634,53.805,54.634,229,0
20140106,53.805,54.634,53.805,53.805,113,0
20140107,53.805,54.219,53.805,53.805,569,0
20140108,53.805,54.634,53.02,54.634,216,0
20140109,53.981,54.642,53.981,54.642,1575,0
20140110,54.642,54.642,53.893,53.893,193,0
20140113,54.642,54.642,51.158,54.598,297,0
20140115,54.245,54.245,53.893,54.069,34,0
20140116,54.069,54.245,53.893,54.095,335,0
20140117,53.945,54.245,53.937,54.237,925,0
20140120,54.157,54.245,53.937,54.183,786,0
20140121,53.937,54.245,53.937,54.183,701,0
20140122,53.937,54.422,53.02,54.422,1190,0
20140123,53.981,54.625,53.981,54.289,577,0
20140124,54.289,54.598,53.981,54.598,164,0
20140127,53.981,54.51,53.61,53.61,122,0
20140128,54.272,54.51,52.922,54.272,264,0
20140129,53.981,54.554,53.981,54.113,815,0
20140130,54.272,54.554,53.981,54.069,344,0
20140131,53.893,54.554,53.893,54.554,472,0
20140203,54.211,54.554,53.61,53.61,754,0
20140204,54.554,54.554,52.932,54.025,268,0
20140205,54.554,54.554,52.932,53.61,142,0
20140206,54.183,54.554,52.966,53.76,199,0
20140207,52.966,54.554,50.806,51.158,10899,0
20140210,51.67,51.67,51.026,51.202,24435,0
20140211,51.158,52.031,51.158,51.855,736,0
20140212,51.864,52.261,51.167,51.467,1839,0
20140213,51.802,52.217,51.467,52.217,521,0
20140214,52.243,53.24,51.202,53.24,1631,0
20140217,52.746,52.922,51.212,52.496,1254,0
20140218,51.388,52.393,51.388,52.393,588,0
20140219,52.261,52.385,51.388,51.891,79,0
20140220,51.891,52.393,51.388,52.393,107,0
20140221,51.908,52.393,51.158,51.643,7449,0
20140224,51.379,52.437,51.379,51.626,19,0
20140225,52.393,52.393,50.806,51.326,608,0
20140226,51.158,51.326,50.894,51.202,575,0
20140227,52.305,52.305,51.158,51.158,18,0
20140228,51.776,52.481,51.158,52.023,2381,0
20140303,52.067,52.922,51.202,51.202,223,0
20140304,52.649,52.89,51.202,51.687,29,0
20140305,53.082,53.082,51.687,51.687,68,0
20140306,52.173,52.552,52.085,52.173,113,0
20140307,52.331,52.552,52.173,52.173,34,0
20140310,53.32,53.32,52.085,52.173,1009,0
20140311,54.457,54.457,52.173,52.173,25,0
20140312,52.922,53.628,52.173,52.173,45,0
20140313,52.922,54.157,52.163,52.922,147,0
20140317,52.922,53.663,52.173,52.173,234,0
20140318,53.628,53.672,52.173,52.173,139,0
20140320,52.772,53.364,52.173,52.772,57,0
20140321,52.772,53.364,52.173,52.922,343,0
20140324,52.772,53.364,52.173,52.922,555,0
20140325,53.354,54.422,52.173,53.354,2301,0
20140326,53.354,54.245,53.354,53.364,271,0
20140327,53.584,54.157,53.054,54.157,853,0
20140328,54.157,54.245,53.364,54.033,397,0
20140331,54.033,54.033,53.17,53.17,2584,0
20140401,53.487,53.822,53.17,53.364,405,0
20140402,53.584,53.805,53.17,53.17,1046,0
20140403,53.487,54.025,53.17,53.364,323,0
20140404,53.602,54.245,53.17,53.805,194,0
20140407,53.364,54.245,53.142,53.61,1025,0
20140408,53.61,54.069,53.142,53.142,567,0
20140409,53.699,54.051,53.142,53.275,25,0
20140410,53.187,54.051,52.966,53.372,1153,0
20140411,53.593,54.24,52.94,53.805,1033,0
20140414,53.805,54.237,53.364,53.584,656,0
20140415,53.584,54.245,52.041,52.041,1566,0
20140416,53.354,53.364,53.054,53.231,431,0
20140417,53.302,54.245,53.231,53.743,3673,0
20140422,53.231,54.466,53.231,53.364,473,0
20140423,53.743,54.227,53.231,53.805,181,0
20140424,53.805,54.201,53.805,53.805,796,0
20140425,53.805,54.245,53.805,53.893,560,0
20140428,54.245,55.613,53.884,55.613,728,0
20140429,54.183,54.466,53.364,53.364,236,0
20140430,53.981,54.245,53.231,54.245,139,0
20140502,53.32,54.245,53.32,53.584,1991,0
20140505,53.805,54.245,53.452,53.452,326,0
20140506,53.452,54.227,53.452,53.628,76,0
20140507,53.628,54.237,53.54,53.54,655,0
20140508,53.822,54.077,52.393,53.231,2234,0
20140509,53.302,54.087,53.231,53.734,873,0
20140512,53.734,53.866,53.364,53.364,794,0
20140513,53.734,54.095,52.385,53.364,600,0
20140514,53.734,53.911,53.231,53.364,1136,0
20140515,53.734,54.466,53.231,54.466,584,0
20140516,54.092,54.095,53.364,53.584,105,0
20140519,53.84,54.157,53.584,53.628,1363,0
20140521,53.981,54.061,53.372,53.372,454,0
20140522,53.593,53.805,53.372,53.795,332,0
20140523,53.619,54.245,53.425,53.805,2260,0
20140526,54.025,59.096,53.805,55.568,3712,0
20140527,55.128,55.568,53.805,55.568,4094,0
20140528,54.695,56.005,53.822,55.118,2877,0
20140529,54.73,55.11,54.686,54.89,106,0
20140530,54.89,55.11,53.822,54.581,3870,0
20140602,54.854,58.215,54.581,54.581,3532,0
20140603,55.463,55.833,53.01,53.01,417,0
20140604,50.807,52.878,50.806,51.997,993,0
20140605,52.155,52.826,51.997,52.57,1349,0
20140606,52.702,52.702,51.379,51.687,3480,0
20140609,52.464,52.525,51.687,51.687,142,0
20140610,52.129,52.57,51.687,51.687,535,0
20140611,52.129,52.57,51.687,51.687,614,0
20140612,51.687,52.305,51.687,51.687,113,0
20140613,52.305,52.922,51.687,51.705,377,0
20140616,52.314,52.921,50.321,51.687,1320,0
20140617,51.494,51.687,51.212,51.687,148,0
20140618,51.494,52.031,51.212,51.687,29,0
20140619,51.494,52.217,48.276,49.438,3228,0
20140620,50.171,50.946,48.556,50.285,1612,0
20140623,51.034,51.643,50.109,51.643,440,0
20140624,50.946,51.511,50.109,51.158,45,0
20140625,51.335,51.423,50.902,51.158,1342,0
20140626,51.335,51.511,50.726,50.726,508,0
20140627,51.564,52.393,50.717,51.405,358,0
20140630,52.217,52.473,51.591,51.599,99,0
20140701,52.596,52.596,51.82,51.82,4093,0
20140702,52.375,52.393,51.731,51.731,585,0
20140703,52.331,52.331,51.731,51.82,62,0
20140704,52.375,52.473,51.82,52.155,193,0
20140707,52.375,52.375,51.731,51.731,625,0
20140708,52.481,52.481,51.731,51.82,4,0
20140709,52.349,52.349,51.82,51.82,1,0
20140710,52.349,52.349,51.82,52.041,981,0
20140711,52.349,52.349,51.599,52.085,534,0
20140715,52.129,52.481,51.687,51.687,488,0
20140716,52.173,52.261,51.687,51.687,963,0
20140717,52.173,52.393,51.687,52.305,142,0
20140718,52.481,52.525,51.687,51.687,603,0
20140721,52.173,52.393,50.938,50.938,2250,0
20140722,51.802,52.405,50.426,50.497,2594,0
20140723,51.273,51.273,50.497,50.726,743,0
20140724,51.3,51.3,50.726,50.726,794,0
20140725,51.3,51.855,50.426,50.426,340,0
20140728,50.454,51.511,50.453,50.453,145,0
20140729,51.026,51.507,50.453,50.717,226,0
20140730,50.717,51.114,50.717,50.717,113,0
20140731,51.114,51.114,50.426,50.426,481,0
20140801,50.426,51.114,50.426,50.806,13649,0
20140804,50.85,50.85,50.426,50.426,373,0
20140805,50.62,50.806,48.521,48.521,2099,0
20140806,48.521,50.779,48.512,48.6,1031,0
20140807,48.609,49.694,48.424,48.424,1134,0
20140808,48.291,49.28,48.107,48.107,558,0
20140811,48.107,49.394,48.107,49.394,203,0
20140812,49.967,50.188,48.107,48.107,91,0
20140813,48.882,49.571,48.107,48.159,226,0
20140814,47.63,48.291,41.015,43.581,31032,0
20140815,43.221,45.37,43.221,44.525,1354,0
20140818,44.808,45.072,43.22,43.22,2787,0
20140819,44.525,45.275,43.758,43.793,1494,0
20140820,43.837,45.293,43.837,45.072,1171,0
20140821,45.143,45.849,45.072,45.072,1414,0
20140822,45.248,45.857,44.984,45.293,3647,0
20140825,45.293,45.557,44.111,45.248,901,0
20140826,45.425,45.513,44.914,44.984,426,0
20140827,45.302,45.513,44.764,44.984,6270,0
20140828,44.984,45.557,44.808,45.072,3878,0
20140829,45.381,45.425,44.984,45.204,95,0
20140901,44.764,45.337,43.837,44.984,2439,0
20140902,45.187,46.087,44.543,45.425,4557,0
20140903,45.645,45.822,45.425,45.425,225,0
20140904,45.645,45.867,45.425,45.425,509,0
20140905,45.645,45.778,44.984,45.204,1112,0
20140908,45.204,45.337,43.837,44.19,3531,0
20140909,44.676,44.984,43.837,43.837,799,0
20140911,44.552,44.906,44.111,44.111,114,0
20140912,44.552,45.072,44.111,44.111,516,0
20140915,44.129,45.072,44.111,44.543,170,0
20140916,44.764,44.764,44.111,44.129,621,0
20140917,44.323,44.543,43.749,43.758,1429,0
20140918,43.842,43.925,42.779,43.008,5741,0
20140919,42.779,43.555,42.779,43.555,700,0
20140922,43.003,43.819,42.788,43.308,498,0
20140923,43.308,43.661,40.488,41.456,20000,0
20140924,42.254,42.735,41.015,41.544,27134,0
20140925,41.592,41.853,41.456,41.853,13713,0
20140926,41.888,41.888,41.235,41.412,9743,0
20140929,41.235,41.623,41.015,41.421,3663,0
20140930,41.628,41.853,37.927,40.133,15866,0
20141001,40.468,41.359,38.784,40.133,4974,0
20141002,40.221,41.456,39.691,39.691,15610,0
20141003,38.81,39.771,38.81,39.691,57,0
20141006,41.015,41.368,40.107,40.133,14295,0
20141007,40.133,40.926,39.78,40.75,877,0
20141008,40.75,40.838,39.691,40.398,1394,0
20141009,40.861,41.487,40.353,40.486,6673,0
20141013,40.926,41.65,40.662,41.368,719,0
20141014,41.884,41.888,41.368,41.465,255,0
20141015,41.888,41.892,40.909,40.995,159,0
20141016,41.884,42.294,41.205,41.205,589,0
20141017,41.977,42.303,41.217,41.217,57,0
20141020,41.977,42.311,41.222,41.222,68,0
20141022,41.65,43.441,41.65,42.426,478,0
20141023,43.207,45.425,42.311,43.753,391,0
20141024,44.243,45.204,43.058,43.664,70,0
20141027,45.16,45.16,42.426,42.777,41,0
20141028,43.299,44.279,42.32,43.065,272,0
20141029,43.749,43.837,42.571,42.571,142,0
20141030,43.749,43.837,43.22,43.308,102,0
20141031,43.749,44.273,43.22,43.308,148,0
20141103,43.299,44.261,42.32,42.435,744,0
20141104,42.435,44.269,42.183,42.201,58,0
20141106,43.754,44.129,42.739,42.843,144,0
20141107,43.705,44.119,42.338,42.577,480,0
20141110,43.22,44.101,41.809,41.809,254,0
20141111,43.308,43.551,42.417,42.417,57,0
20141113,43.313,43.357,42.021,42.021,85,0
20141117,42.523,44.543,42.453,42.926,513,0
20141118,43.225,44.013,42.335,42.335,218,0
20141119,42.523,44.816,42.523,43.596,1674,0
20141120,45.337,45.337,43.479,43.479,113,0
20141121,42.523,50.055,42.523,48.598,2790,0
20141124,48.98,49.977,46.748,47.41,1826,0
20141125,46.484,47.745,44.543,46.304,329,0
20141127,46.404,48.25,45.937,46.087,134,0
20141128,46.087,47.542,44.631,46.924,210,0
20141201,47.26,47.542,45.564,45.564,74,0
20141202,46.289,46.774,45.501,45.624,218,0
20141203,45.601,46.748,45.601,45.786,79,0
20141205,46.087,46.748,45.425,45.699,126,0
20141208,46.422,46.748,45.404,45.404,226,0
20141209,46.087,46.748,44.93,44.93,229,0
20141211,45.258,46.351,44.137,44.137,170,0
20141212,45.24,46.528,44.137,45.214,25,0
20141215,45.214,46.342,44.081,44.081,1106,0
20141216,43.361,45.531,43.361,43.827,113,0
20141217,43.357,45.522,43.357,43.833,236,0
20141218,45.02,45.522,43.11,43.298,22,0
20141219,44.19,45.266,43.113,43.121,476,0
20141222,43.114,45.266,43.114,43.35,251,0
20141229,44.199,44.728,43.418,43.662,944,0
20141230,44.199,46.007,42.779,46.007,2039,0
20150102,43.529,45.867,42.779,44.834,605,0
20150105,44.111,47.56,43.031,45.867,749,0
20150106,43.652,48.159,43.652,45.159,510,0
20150107,45.196,46.748,44.102,45.09,671,0
20150108,46.748,46.766,44.783,44.783,84,0
20150109,45.769,46.305,44.784,44.931,162,0
20150112,46.747,46.836,45.597,45.597,1443,0
20150113,45.61,46.74,45.478,45.478,226,0
20150114,46.175,46.713,45.213,45.427,210,0
20150115,45.33,46.713,44.225,45.307,464,0
20150116,45.875,46.607,44.984,45.219,61,0
20150119,44.64,46.836,44.602,44.917,489,0
20150120,45.725,45.971,44.406,44.406,104,0
20150121,45.275,46.307,44.173,45.304,163,0
20150122,45.751,46.528,45.187,45.373,548,0
20150123,46.051,46.74,44.896,45.601,13,0
20150126,46.699,46.699,45.425,45.645,486,0
20150127,44.772,45.883,44.772,44.966,741,0
20150128,44.896,46.307,44.367,44.443,1160,0
20150129,44.896,45.425,43.264,43.264,3878,0
20150130,43.406,44.464,43.392,43.661,1606,0
20150202,43.85,44.693,43.229,43.414,3568,0
20150203,43.229,44.464,43.229,43.414,926,0
20150204,44.208,44.464,43.414,43.414,480,0
20150205,43.762,44.102,43.22,43.264,1778,0
20150206,43.666,45.204,43.229,44.543,2367,0
20150209,44.826,45.425,44.013,44.013,540,0
20150210,44.013,44.984,44.013,44.013,691,0
20150211,45.389,45.399,44.013,44.013,597,0
20150212,44.826,44.826,44.013,44.013,1664,0
20150213,44.013,45.266,44.013,44.013,1026,0
20150216,44.543,44.552,43.215,43.22,5804,0
20150217,44.287,44.587,43.202,43.22,1643,0
20150218,43.031,44.534,43.031,43.285,677,0
20150219,43.661,44.19,43.128,43.128,1250,0
20150220,43.661,44.19,42.998,42.998,57,0
20150223,44.19,44.72,43.449,43.449,4674,0
20150224,44.367,44.543,43.449,43.449,1125,0
20150225,44.19,44.534,43.555,43.555,259,0
20150226,44.19,45.187,43.529,44.19,6613,0
20150227,44.279,44.782,43.426,43.426,3586,0
20150302,43.863,46.298,43.863,44.367,3464,0
20150303,44.119,46.237,44.119,44.977,1531,0
20150304,44.119,46.307,44.119,45.294,616,0
20150305,44.658,46.298,44.658,45.133,636,0
20150306,44.208,46.21,44.208,44.792,1290,0
20150309,45.434,46.748,44.323,45.867,89,0
20150310,46.391,46.404,45.266,45.476,1372,0
20150311,46.395,47.63,45.266,45.971,719,0
20150312,44.94,48.503,44.94,47.043,562,0
20150313,46.519,48.732,45.407,47.571,469,0
20150316,46.907,48.512,45.769,45.802,1871,0
20150317,46.916,47.33,45.769,46.152,760,0
20150318,46.766,46.846,45.609,45.841,150,0
20150319,46.757,47.683,45.61,45.897,248,0
20150320,45.619,47.957,45.619,46.001,285,0
20150323,47.118,47.533,46.171,46.171,566,0
20150324,46.748,47.621,46.564,46.564,218,0
20150325,46.748,47.348,46.195,46.195,91,0
20150326,47.33,47.33,45.075,45.075,4273,0
20150327,45.875,46.748,44.451,44.451,1205,0
20150330,45.707,46.748,44.367,44.834,1159,0
20150331,45.302,46.404,44.279,44.67,3027,0
20150401,46.624,47.145,44.569,44.569,1664,0
20150402,44.826,45.54,44.102,44.543,5541,0
20150407,44.561,44.561,44.552,44.561,1654,0
20150408,44.596,45.955,44.587,45.955,861,0
20150409,45.911,45.911,45.258,45.258,98,0
20150410,45.867,45.867,45.645,45.645,1077,0
20150413,45.937,45.937,45.425,45.937,581,0
20150414,46.113,46.122,45.619,46.122,204,0
20150415,46.122,46.995,46.122,46.995,231,0
20150416,46.995,47.012,46.995,47.012,189,0
20150417,46.916,46.924,46.395,46.924,692,0
20150420,46.616,46.748,46.484,46.748,161,0
20150421,47.092,47.092,46.74,47.004,218,0
20150422,47.136,47.136,47.136,47.136,43,0
20150423,46.916,46.916,46.528,46.872,136,0
20150424,46.916,46.924,46.316,46.316,199,0
20150427,47.084,47.092,46.58,46.66,193,0
20150428,46.88,47.63,46.88,47.63,680,0
20150429,47.11,47.11,45.716,45.867,3895,0
20150430,46.131,46.968,45.875,46.968,381,0
20150504,47.895,47.903,47.189,47.189,559,0
20150505,47.048,47.63,45.999,47.357,1258,0
20150508,47.763,47.957,47.753,47.957,635,0
20150511,47.63,48.336,47.63,48.071,2230,0
20150512,48.503,48.512,47.63,47.719,916,0
20150513,47.63,47.63,47.63,47.63,370,0
20150515,48.186,48.186,48.186,48.186,442,0
20150518,48.291,48.291,47.736,47.736,307,0
20150519,47.551,48.38,47.551,48.38,32,0
20150520,47.683,47.683,47.674,47.674,53,0
20150521,47.63,48.732,47.118,48.512,2421,0
20150522,48.503,48.954,48.503,48.954,765,0
20150526,48.732,50.267,48.732,49.05,2246,0
20150527,49.05,49.05,48.742,48.742,175,0
20150528,49.394,49.835,49.386,49.835,440,0
20150529,49.827,49.835,49.827,49.827,164,0
20150601,48.954,49.518,48.954,49.518,273,0
20150602,49.394,49.394,48.848,49.042,915,0
20150603,48.944,49.182,48.732,48.962,635,0
20150604,48.765,49.927,48.4,49.655,464,0
20150605,47.594,48.718,46.845,48.615,1610,0
20150608,48.25,48.25,47.463,47.463,589,0
20150610,47.604,47.604,47.594,47.594,174,0
20150611,47.594,47.632,47.594,47.632,148,0
20150612,47.594,47.772,47.594,47.594,346,0
20150615,47.594,47.594,47.5,47.594,790,0
20150616,48.156,48.156,47.5,47.5,583,0
20150617,48.175,48.25,48.175,48.25,213,0
20150618,48.718,49,47.782,47.782,251,0
20150622,48.241,48.241,48.241,48.241,14,0
20150623,48.25,48.25,48.25,48.25,21,0
20150624,47.782,48.25,47.594,47.594,365,0
20150625,47.594,47.604,47.5,47.5,215,0
20150626,47.782,48.587,47.782,48.587,244,0
20150629,47.707,49,47.688,49,221,0
20150630,48.718,48.718,48.718,48.718,107,0
20150701,49,49,49,49,96,0
20150703,48.128,49,48.128,49,35,0
20150706,49,49,48.531,48.531,50,0
20150707,49,49,49,49,16,0
20150708,49,49,48.259,48.259,152,0
20150713,48.718,48.718,48.718,48.718,27,0
20150717,48.709,48.709,48.709,48.709,15,0
20150721,49.14,49.14,46.845,47.772,3169,0
20150722,46.938,46.938,46.84,46.845,1651,0
20150723,47.782,47.782,47.782,47.782,16,0
20150724,46.938,46.938,46.751,46.751,243,0
20150727,46.756,47.088,46.756,46.976,187,0
20150728,47.65,47.65,47.65,47.65,22,0
20150729,47.585,47.585,47.585,47.585,85,0
20150730,46.92,46.92,46.498,46.498,250,0
20150803,46.854,47.304,46.798,46.957,364,0
20150804,46.845,47.276,46.845,46.985,379,0
20150805,47.079,47.079,47.079,47.079,27,0
20150806,47.538,47.538,47.5,47.5,18,0
20150807,47.116,47.116,47.116,47.116,69,0
20150810,47.313,47.547,47.313,47.547,704,0
20150811,47.594,47.66,46.845,46.845,778,0
20150814,46.854,46.854,46.845,46.845,70,0
20150817,47.313,47.313,47.313,47.313,32,0
20150818,47.641,48.447,47.641,48.447,43,0
20150820,47.313,47.313,46.845,46.845,255,0
20150821,46.854,46.854,46.845,46.845,100,0
20150824,45.908,46.854,45.908,46.84,153,0
20150825,46.845,46.845,46.845,46.845,21,0
20150826,46.845,47.294,45.908,45.908,403,0
20150827,47.313,49.187,47.313,48.718,934,0
20150828,48.709,48.709,48.709,48.709,107,0
20150902,47.782,47.782,47.782,47.782,53,0
20150904,46.845,47.322,46.845,47.313,147,0
20150908,48.25,48.615,47.828,48.569,532,0
20150909,48.896,48.906,48.25,48.25,785,0
20150911,47.782,47.782,47.313,47.313,375,0
20150914,47.782,47.782,47.782,47.782,213,0
20150915,47.772,47.782,47.772,47.782,106,0
20150916,47.594,48.016,47.594,48.016,96,0
20150918,47.322,47.322,47.322,47.322,219,0
20150921,47.313,47.313,47.313,47.313,5,0
20150922,48.25,48.25,47.313,47.313,272,0
20150923,47.772,47.772,47.173,47.772,49,0
20150924,48.147,48.25,48.147,48.25,537,0
20150925,48.119,48.606,48.119,48.166,394,0
20150930,48.569,48.569,48.569,48.569,34,0
20151001,48.512,48.512,48.156,48.156,169,0
20151002,48.156,48.156,47.735,47.735,1745,0
20151005,47.594,47.594,46.845,47.313,157,0
20151006,47.5,47.5,47.5,47.5,107,0
20151007,46.845,47.772,46.381,47.772,117,0
20151008,47.725,47.725,47.725,47.725,61,0
20151009,47.725,47.725,47.725,47.725,3,0
20151012,47.782,47.782,47.782,47.782,248,0
20151013,46.845,47.782,46.845,47.313,575,0
20151014,47.688,47.782,47.688,47.782,585,0
20151015,47.735,47.782,47.604,47.604,254,0
20151016,48.006,48.006,48.006,48.006,10,0
20151021,47.416,47.416,47.407,47.407,68,0
20151022,47.313,47.313,46.798,47.313,615,0
20151023,46.845,47.772,46.798,47.772,128,0
20151026,47.772,47.782,47.772,47.782,291,0
20151027,47.782,47.782,47.547,47.547,390,0
20151028,48.016,48.512,47.547,47.735,874,0
20151029,47.744,47.782,47.744,47.782,124,0
20151030,48.512,48.672,48.512,48.672,76,0
20151102,48.578,48.578,48.025,48.025,124,0
20151103,49.187,49.187,47.547,49.14,1704,0
20151104,49.121,49.131,49.093,49.093,284,0
20151105,48.718,49.187,48.718,48.85,841,0
20151106,48.587,48.896,48.25,48.896,409,0
20151109,49.187,49.187,49.187,49.187,21,0
20151110,49.552,49.552,49.552,49.552,32,0
20151111,49.552,49.562,48.747,48.747,416,0
20151112,49.459,49.459,49.178,49.187,188,0
20151113,49.178,49.187,49.178,49.187,47,0
20151117,49.196,49.412,49.187,49.412,385,0
20151118,49.196,49.196,49.187,49.187,301,0
20151119,49.196,49.196,49.187,49.187,107,0
20151124,49.196,49.196,49.187,49.187,367,0
20151125,49.374,49.637,49.196,49.196,254,0
20151127,49.637,49.655,49.637,49.655,284,0
20151130,49.562,50.405,49.562,50.405,330,0
20151201,49.196,49.655,49.196,49.655,23,0
20151202,49.196,49.281,48.953,48.953,403,0
20151203,49.646,49.655,48.718,48.718,2143,0
20151204,48.709,48.709,48.7,48.7,117,0
20151207,48.718,48.718,48.718,48.718,235,0
20151208,48.681,48.681,48.672,48.672,211,0
20151210,48.231,48.606,47.782,48.4,1334,0
20151211,48.709,48.709,47.875,48.241,409,0
20151214,47.791,48.241,47.782,48.241,192,0
20151215,48.241,48.25,47.782,47.782,514,0
20151216,48.484,48.484,47.154,47.913,678,0
20151218,47.782,47.782,47.782,47.782,78,0
20151221,47.482,47.482,47.482,47.482,322,0
20151222,47.5,47.782,47.5,47.782,107,0
20151223,47.96,47.969,47.229,47.782,275,0
20151228,47.313,47.866,47.229,47.866,127,0
20151229,47.173,47.875,47.173,47.875,100,0
20151230,47.772,47.791,47.772,47.782,165,0
20160104,48.7,49.955,48.634,48.718,720,0
20160105,48.681,48.718,48.681,48.718,85,0
20160107,47.847,48.728,47.716,48.728,67,0
20160108,48.25,49,48.25,48.25,561,0
20160111,48.728,49.187,48.718,48.718,251,0
20160112,48.718,48.953,48.718,48.953,160,0
20160113,49.178,49.178,49.178,49.178,85,0
20160114,48.362,48.475,48.25,48.475,550,0
20160115,48.25,48.428,47.716,47.716,862,0
20160118,48.241,48.259,47.322,47.322,695,0
20160119,47.791,47.791,47.313,47.313,534,0
20160120,47.313,47.313,47.079,47.079,161,0
20160122,48.016,48.016,48.016,48.016,21,0
20160125,47.313,48.016,47.313,47.5,885,0
20160126,47.791,48.25,47.791,48.25,79,0
20160127,48.25,48.25,48.25,48.25,117,0
20160128,48.344,48.344,48.344,48.344,213,0
20160129,47.782,48.25,47.735,48.25,247,0
20160201,48.531,48.531,48.531,48.531,107,0
20160202,48.25,48.259,48.241,48.241,463,0
20160203,48.241,48.241,48.241,48.241,20,0
20160205,47.791,47.791,47.791,47.791,107,0
20160208,48.7,48.709,48.7,48.709,244,0
20160209,48.718,48.943,47.5,47.5,409,0
20160210,47.5,47.5,47.5,47.5,126,0
20160211,48.025,48.025,48.025,48.025,100,0
20160212,48.709,49.178,48.522,48.709,241,0
20160215,48.259,49.084,48.259,49.084,22,0
20160216,48.943,48.943,48.943,48.943,62,0
20160217,48.953,49.187,48.953,49.187,183,0
20160218,48.718,48.718,48.259,48.7,197,0
20160222,48.7,49.178,48.7,49.178,130,0
20160223,48.803,49.187,48.803,49.187,405,0
20160224,48.718,48.718,48.718,48.718,23,0
20160225,48.4,49.178,48.4,49.178,213,0
20160226,49.178,49.187,49.178,49.187,88,0
20160229,49.178,49.562,49.178,49.552,335,0
20160301,49.187,49.187,48.475,48.728,1216,0
20160302,48.896,48.896,48.812,48.812,122,0
20160303,49.168,49.168,49.093,49.093,21,0
20160304,48.297,48.896,48.297,48.7,260,0
20160307,48.297,48.597,48.297,48.587,552,0
20160309,48.297,49.009,48.269,49.009,456,0
20160310,49.187,49.552,49.187,49.552,84,0
20160315,49.187,49.655,49.187,49.655,400,0
20160316,49.646,49.646,48.718,48.718,57,0
20160317,49.646,49.655,49.646,49.655,161,0
20160321,49.178,49.196,48.156,48.156,1546,0
20160322,48.259,48.718,47.828,48.531,1267,0
20160323,49.168,49.168,48.606,48.606,303,0
20160324,49.074,49.074,49.074,49.074,107,0
20160329,48.69,48.69,48.269,48.531,491,0
20160331,49.187,49.187,48.522,48.522,171,0
20160401,48.803,50.592,48.803,49.187,722,0
20160404,49.046,49.046,49.046,49.046,11,0
20160405,48.728,48.728,48.25,48.25,735,0
20160406,48.728,48.728,48.728,48.728,136,0
20160407,48.709,48.718,48.709,48.718,427,0
20160408,49.262,49.309,48.728,49.309,176,0
20160412,49.178,49.178,49.178,49.178,2,0
20160413,48.728,48.728,48.259,48.634,399,0
20160414,48.259,48.259,48.25,48.25,158,0
20160415,48.25,48.259,48.241,48.25,2318,0
20160418,48.99,49,48.25,48.25,907,0
20160420,48.7,48.7,48.7,48.7,128,0
20160421,49.178,49.178,47.782,47.782,1893,0
20160422,47.782,47.791,47.782,47.782,549,0
20160425,48.606,48.606,47.782,47.8,1071,0
20160426,47.594,47.782,47.594,47.782,1216,0
20160427,48.653,48.662,48.653,48.662,100,0
20160428,49.178,49.187,48.241,48.241,488,0
20160429,47.782,47.782,47.341,47.782,227,0
20160503,48.7,49.693,48.419,49.459,713,0
20160504,47.791,49.131,47.791,48.775,748,0
20160505,49.861,49.861,49.861,49.861,43,0
20160506,49.327,49.627,48.7,48.85,1392,0
20160509,48.718,48.718,48.259,48.259,605,0
20160510,48.25,48.25,48.25,48.25,569,0
20160511,47.791,48.241,47.782,47.782,1612,0
20160512,47.332,48.203,47.313,47.313,2444,0
20160513,47.313,49.159,47.313,48.718,886,0
20160517,49.168,49.168,47.782,47.96,1362,0
20160518,48.475,48.475,47.782,47.782,3409,0
20160519,47.332,47.753,47.304,47.313,1811,0
20160520,48.484,48.718,48.484,48.718,740,0
20160523,48.353,49.459,48.25,48.334,4432,0
20160524,48.241,48.241,47.041,47.782,6181,0
20160525,47.782,47.96,47.313,47.782,11046,0
20160526,47.782,49.374,47.782,48.953,2225,0
20160527,48.465,48.934,48.465,48.54,1474,0
20160530,48.934,49.149,48.559,48.971,3989,0
20160531,48.55,48.55,47.782,47.782,4799,0
20160601,48.063,48.138,47.547,47.922,6401,0
20160602,48.241,48.981,48.241,48.578,2135,0
20160603,48.99,49.29,48.634,49.178,2249,0
20160606,49.178,49.88,48.25,48.765,6321,0
20160607,49.655,49.655,48.006,48.25,3056,0
20160608,49.6,49.9,49.295,49.5,9687,0
20160609,49.5,49.895,49.3,49.5,1536,0
20160610,50,50.49,49.755,49.9,1963,0
20160613,49.995,49.995,48.5,48.5,6020,0
20160615,49,49,48.5,48.5,994,0
20160616,48.5,48.5,48.495,48.5,4627,0
20160617,48.555,48.555,48.55,48.55,131,0
20160620,48.51,48.51,48.1,48.3,3183,0
20160621,49.69,49.69,48.21,48.21,257,0
20160622,49.15,49.15,49,49,255,0
20160623,48.405,49.035,48.2,48.2,2701,0
20160624,48.05,49.285,48,48,3791,0
20160627,48.66,48.66,47.38,47.385,674,0
20160628,49,49,47.8,47.8,1387,0
20160629,48.31,48.315,47.685,48.14,1274,0
20160630,48.195,48.2,47.69,48.2,1201,0
20160701,48.495,48.5,47.86,48,1764,0
20160704,48.2,48.2,47.71,47.715,348,0
20160705,48,48.05,47.745,47.765,862,0
20160706,47.96,48.195,47.815,47.9,404,0
20160707,48.2,48.2,47.775,47.865,600,0
20160708,48.46,48.46,47.905,48,971,0
20160711,48,48.2,48,48.005,10201,0
20160712,48.01,48.01,47.985,48,3959,0
20160713,48.005,48.005,47.9,48,930,0
20160714,48.005,48.005,47.855,48,727,0
20160715,48.005,48.005,48,48,895,0
20160718,48.185,48.185,47.715,47.995,350,0
20160719,48,48,48,48,272,0
20160721,48.005,49.495,48.005,49.48,2502,0
20160722,49.48,49.48,49.48,49.48,368,0
20160726,49.705,49.72,49.705,49.72,280,0
20160727,49.995,50.03,49.995,50.03,337,0
20160728,50.07,50.07,50.07,50.07,40,0
20160729,50,50,50,50,57,0
20160801,49.5,49.75,49.5,49.75,258,0
20160802,49.155,49.595,49,49.585,734,0
20160803,49.855,49.855,49.83,49.85,259,0
20160804,49,49.005,49,49,146,0
20160809,49,50,49,50,1719,0
20160810,50.3,50.54,50.3,50.54,300,0
20160811,50,50.04,50,50.04,328,0
20160812,50.49,50.5,50.49,50.5,100,0
20160816,50,50.68,50,50.67,206,0
20160818,50.01,50.55,50.01,50.01,305,0
20160819,50.1,50.59,50,50,3368,0
20160822,50.1,50.2,50,50,5885,0
20160823,50.69,50.69,50,50.66,1012,0
20160825,50.03,50.03,49.5,49.5,323,0
20160826,49.605,49.995,49.6,49.995,261,0
20160829,49.5,49.73,49.35,49.73,1250,0
20160830,49.7,49.7,49.155,49.155,1144,0
20160831,49.5,49.5,49,49.5,1316,0
20160901,49.305,49.505,49.005,49.475,392,0
20160905,50,50,48.75,48.75,1025,0
20160906,48.99,48.99,48.99,48.99,200,0
20160907,49.475,49.475,48.55,48.55,360,0
20160908,48.705,49.465,48.705,49.465,300,0
20160909,49.005,49.5,49,49,1021,0
20160912,48.705,49.215,48.53,49.155,896,0
20160913,49.09,49.09,48.36,48.36,1875,0
20160914,48.6,48.69,48.36,48.685,857,0
20160915,48.69,49.19,48.355,48.845,844,0
20160916,49.04,49.255,49.04,49.25,1250,0
20160919,49.42,50.39,49.42,50.3,1301,0
20160920,50.01,50.01,49.75,49.75,981,0
20160921,49.875,50.35,49.875,50.3,2465,0
20160922,50.34,50.35,50,50.35,3695,0
20160923,50.35,50.35,50.35,50.35,26,0
20160926,50.34,50.35,50.05,50.35,1005,0
20160927,50.02,50.02,50,50.01,220,0
20160928,50.01,50.7,50.01,50.7,1874,0
20160929,50.7,50.7,50.3,50.7,3585,0
20160930,50.49,50.49,50.49,50.49,5,0
20161004,50.5,52.5,50.5,52.5,13109,0
20161005,52.5,52.65,52.5,52.55,4302,0
20161006,52.6,52.6,52.4,52.42,2825,0
20161007,52.6,52.6,52.35,52.35,4149,0
20161010,52.45,52.6,52.15,52.6,1122,0
20161012,51.97,51.97,51.8,51.8,4276,0
20161013,51.8,51.8,51.6,51.6,816,0
20161014,51.84,51.84,51.65,51.65,521,0
20161017,51.65,51.65,51.06,51.51,517,0
20161018,51.52,51.6,51.5,51.6,1290,0
20161019,51.6,51.6,51.5,51.5,800,0
20161020,51.75,51.75,51.75,51.75,100,0
20161021,51.6,51.6,51.6,51.6,200,0
20161024,51.51,51.99,51.51,51.99,454,0
20161026,51.99,52,51.99,52,100,0
20161027,51.9,52.29,51.9,52.29,704,0
20161028,52,52.25,51.62,51.62,6774,0
20161031,52.26,52.26,51.7,51.7,54,0
20161101,52.39,52.39,52.39,52.39,95,0
20161102,52.38,52.38,52.35,52.35,400,0
20161103,52.48,52.48,52.08,52.08,17,0
20161104,51.76,52.24,51.75,52.24,273,0
20161107,51.87,51.87,51.71,51.73,1535,0
20161108,51.74,51.74,51.52,51.61,5313,0
20161109,51.5,52.47,51.5,52.47,363,0
20161110,51.67,51.8,51.51,51.8,950,0
20161111,51.71,51.71,51.71,51.71,80,0
20161114,52.39,52.39,51.71,51.71,115,0
20161115,52,52,52,52,100,0
20161116,51.71,51.71,51.71,51.71,20,0
20161118,52.12,52.12,51.7,51.7,355,0
20161121,52.08,52.08,51.72,51.72,700,0
20161123,52.2,52.2,52.17,52.17,90,0
20161124,52.17,52.17,51.51,51.51,6983,0
20161125,52.11,52.11,52.11,52.11,230,0
20161128,52,52,52,52,40,0
20161129,52.17,52.17,52.17,52.17,90,0
20161130,52.16,52.2,51.81,51.81,977,0
20161201,51.91,52.22,51.91,52.22,222,0
20161202,52.01,52.01,51.85,51.85,1610,0
20161205,51.99,52,51.99,52,400,0
20161206,52,52,51.8,51.8,600,0
20161207,52,52.01,51.8,51.8,10489,0
20161208,51.99,51.99,51.99,51.99,100,0
20161209,51.99,51.99,51.99,51.99,100,0
20161212,51.74,51.74,51.64,51.64,400,0
20161213,51.75,51.75,51.75,51.75,152,0
20161214,51.99,52,51.99,52,200,0
20161215,52,52,51.6,51.6,11550,0
20161216,51.98,51.98,51.98,51.98,78,0
20161219,51.71,51.99,51.71,51.99,1509,0
20161220,51.99,52.1,51.99,52.1,320,0
20161221,52.1,52.1,52,52,913,0
20161222,52.1,52.12,52.01,52.01,206,0
20161223,52.2,52.35,52.2,52.35,560,0
20161227,52.2,52.2,52.2,52.2,60,0
20161228,52.2,52.2,52.2,52.2,1650,0
20161229,52.2,52.3,52.1,52.19,932,0
20161230,52.35,52.77,52.35,52.42,771,0
20170104,52.52,52.52,52.2,52.4,1700,0
20170106,52.91,52.91,52.5,52.5,300,0
20170109,52.74,52.74,52.74,52.74,16,0
20170110,52.94,52.95,52.8,52.95,1242,0
20170111,52.95,53.37,52.95,53.37,580,0
20170112,53.37,53.47,53.05,53.47,297,0
20170113,53.47,53.74,52.93,52.93,1014,0
20170116,53.74,53.74,53.01,53.01,175,0
20170117,53.8,53.8,53.8,53.8,17,0
20170119,53.8,53.8,53.8,53.8,78,0
20170120,53.8,53.81,53.62,53.62,515,0
20170123,53.25,53.69,53.05,53.69,476,0
20170124,53.06,53.59,53.06,53.59,208,0
20170125,53.46,53.46,53.46,53.46,128,0
20170126,53.7,53.7,53.2,53.21,1173,0
20170127,53.49,53.49,53.25,53.25,1487,0
20170130,53.49,53.49,53.46,53.47,62,0
20170131,53.25,53.25,53.25,53.25,295,0
20170201,53.5,53.5,53.5,53.5,1000,0
20170202,53.52,53.85,53.5,53.54,1046,0
20170203,53.5,53.85,53.5,53.5,1139,0
20170206,53.86,53.86,53.51,53.8,358,0
20170207,53.89,53.89,53.53,53.53,110,0
20170208,53.89,53.89,53.89,53.89,125,0
20170209,53.66,53.9,53.66,53.9,665,0
20170210,53.9,54.2,53.5,54.2,676,0
20170213,54.21,54.46,53.9,54.46,274,0
20170214,54.45,54.67,54.45,54.67,300,0
20170215,54.66,54.67,54.66,54.67,600,0
20170216,54.26,54.26,54.25,54.25,54,0
20170217,54.74,54.74,54,54,301,0
20170221,54.76,54.8,54.01,54.26,1100,0
20170223,54,54,53.94,53.94,28,0
20170224,54.24,54.24,53.52,53.52,66,0
20170227,54.25,54.25,53.54,53.54,134,0
20170228,54.15,54.25,54.15,54.25,41,0
20170301,54.5,54.5,54.5,54.5,88,0
20170302,54.89,54.89,54.21,54.21,206,0
20170303,54.35,54.35,54.35,54.35,18,0
20170306,54.88,54.93,54.85,54.93,771,0
20170307,54.93,54.94,54.93,54.94,200,0
20170308,54.9,56.21,54.83,56.21,1300,0
20170309,57.78,58.41,57.06,58.41,925,0
20170310,59,59,57.64,58.07,4937,0
20170313,58.92,58.92,57.02,57.83,1866,0
20170314,58.15,58.15,57.1,57.1,5005,0
20170315,57.1,57.15,56.9,56.9,7864,0
20170316,57,57.5,57,57,4993,0
20170317,56.33,57.2,56.33,57,253,0
20170320,57,57.2,56.67,56.67,1360,0
20170321,57,57.1,56.61,56.76,1428,0
20170322,57.09,57.1,57.09,57.1,750,0
20170323,57.51,58.01,57.51,57.9,1170,0
