Date,Open,High,Low,Close,Volume,OpenInt
20060213,2.07,2.07,2.07,2.07,100,0
20060214,2.41,2.41,2.41,2.41,5000,0
20060221,2.89,2.89,2.89,2.89,2000,0
20060418,4.79,4.79,4.79,4.79,200,0
20060419,5.05,5.1,5.05,5.1,800,0
20060420,5.2,5.2,5.2,5.2,500,0
20060421,5.2,5.2,5.1,5.2,1500,0
20060424,5.02,5.35,5,5.06,11000,0
20060425,5.25,5.25,4.99,4.99,1400,0
20060426,5.18,5.18,5.18,5.18,200,0
20060428,5,5,5,5,500,0
20060502,5,5.05,4.76,5.05,5400,0
20060503,5.05,5.09,4.86,4.86,5800,0
20060504,5.05,5.2,5.05,5.2,3000,0
20060505,5.2,5.2,4.96,4.96,3100,0
20060508,5.1,5.15,5.1,5.15,600,0
20060509,5.21,5.21,5.21,5.21,500,0
20060510,5.35,5.35,5.01,5.01,2800,0
20060512,5.2,5.3,5.2,5.3,500,0
20060515,5.43,5.49,5.43,5.49,1700,0
20060516,5.59,5.59,5.59,5.59,100,0
20060517,5.55,5.55,5.54,5.54,2700,0
20060518,5.54,5.56,5.5,5.56,2800,0
20060519,5.91,6.64,5.91,6.45,8600,0
20060522,6.46,7.2,6.46,6.9,6600,0
20060523,6.9,6.9,6.7,6.7,800,0
20060524,6.81,6.81,6.55,6.8,2900,0
20060525,6.6,6.6,6.6,6.6,500,0
20060526,6.55,6.77,6.55,6.6,1300,0
20060529,6.71,6.75,6.71,6.75,500,0
20060530,6.46,6.46,6.46,6.46,300,0
20060531,6.5,6.5,6.5,6.5,100,0
20060601,6.6,6.6,6.6,6.6,600,0
20060605,6.36,6.36,6.36,6.36,1600,0
20060606,6.1,6.1,5.7,5.99,3800,0
20060607,5.7,6.14,5.7,6.14,1200,0
20060608,6.17,6.17,5,5.8,16200,0
20060609,5.51,5.75,5.51,5.75,1000,0
20060612,5.47,5.8,5.46,5.7,1900,0
20060613,5.75,5.85,5.33,5.82,6500,0
20060614,5.6,5.61,5.51,5.61,3600,0
20060619,5.92,5.92,5.65,5.9,4800,0
20060620,5.6,5.85,5.6,5.85,1500,0
20060621,5.6,5.69,5.51,5.69,3900,0
20060622,5.46,5.69,5.41,5.6,2000,0
20060623,5.65,5.75,5.65,5.75,500,0
20060626,5.75,5.85,5.75,5.85,5800,0
20060627,5.9,6.2,5.63,6.2,7800,0
20060628,6.05,6.15,5.91,5.91,2100,0
20060629,6.14,6.29,6,6.05,9700,0
20060630,5.05,5.35,4.9,5.15,36100,0
20060703,5.06,5.19,4.9,5.1,5100,0
20060704,4.9,5.1,4.81,4.85,11500,0
20060705,4.85,4.85,4.2,4.44,12800,0
20060706,4.21,4.4,3.76,4.14,6500,0
20060707,4.2,4.29,4.1,4.29,3000,0
20060710,4.01,4.29,3.91,4.29,1200,0
20060711,4.29,4.39,4,4.2,22600,0
20060712,4.2,4.39,4.1,4.19,9600,0
20060713,4.1,4.34,4.05,4.2,5800,0
20060714,4.05,4.28,4.05,4.25,6400,0
20060717,4.1,4.2,4.05,4.2,3500,0
20060718,4.05,4.2,3.92,4.2,1300,0
20060719,3.96,4,3.81,4,6200,0
20060720,3.77,4,3.77,4,600,0
20060721,4,4.14,4,4.14,1100,0
20060724,3.9,4.2,3.9,4.2,10300,0
20060727,4.25,4.25,4.25,4.25,100,0
20060728,4.05,4.25,4.05,4.25,1300,0
20060731,4.1,4.29,4,4.18,21000,0
20060801,4.18,4.32,4.01,4.2,4100,0
20060802,4.19,4.19,4.15,4.15,3900,0
20060803,4.15,4.2,4.03,4.2,6100,0
20060804,4,4.15,3.91,4.1,12300,0
20060807,4.01,4.06,3.91,4.06,2000,0
20060808,3.96,4.05,3.89,3.9,3200,0
20060809,4,4.05,4,4.05,2000,0
20060810,4.05,4.05,3.8,4.05,1900,0
20060811,3.8,4.05,3.8,4.05,100,0
20060814,3.92,4,3.92,4,1000,0
20060815,3.8,4,3.75,4,3800,0
20060816,3.76,3.88,3.65,3.88,7000,0
20060817,3.9,3.9,3.7,3.75,3300,0
20060821,3.9,3.96,3.9,3.96,5100,0
20060822,3.9,4.03,3.8,4.03,2200,0
20060823,4,4,3.94,3.98,2900,0
20060825,3.94,4.01,3.8,4.01,3200,0
20060828,3.9,3.9,3.9,3.9,2000,0
20060829,3.95,4,3.85,3.99,4300,0
20060830,3.9,4.04,3.9,4.04,6800,0
20060831,4.04,4.06,4.04,4.06,3200,0
20060901,4.08,4.08,4.08,4.08,2500,0
20060904,4.04,4.05,4.04,4.05,500,0
20060905,4.03,4.05,3.81,4.05,1500,0
20060906,3.8,4.05,3.8,4.05,3000,0
20060908,4.05,4.05,4.05,4.05,100,0
20060913,4.02,4.05,3.8,4.05,2300,0
20060914,3.9,4.04,3.9,4,1000,0
20060915,4,4,4,4,500,0
20060919,3.95,3.95,3.9,3.9,700,0
20060920,3.95,4,3.95,4,700,0
20060925,4,4,3.9,4,400,0
20060927,3.86,4,3.86,4,900,0
20060928,4.03,4.35,3.82,4.09,29900,0
20060929,4,4.3,4,4.07,26700,0
20061002,4.1,4.1,4.05,4.05,7500,0
20061009,4.05,4.1,4,4.05,1300,0
20061010,4.09,4.09,4.05,4.05,100,0
20061013,4.07,4.2,4.07,4.1,12400,0
20061016,4.1,4.15,4.1,4.15,8100,0
20061017,4.09,4.13,4,4.05,8300,0
20061018,3.95,4.05,3.95,4.05,1700,0
20061019,4,4.05,4,4.05,300,0
20061020,4.05,4.05,4,4.05,2000,0
20061024,3.87,4.05,3.84,4.05,3000,0
20061025,4.05,4.05,4.05,4.05,900,0
20061026,3.9,4.05,3.9,4.05,200,0
20061027,3.95,4,3.95,4,600,0
20061102,4.04,4.04,4.04,4.04,1000,0
20061103,3.81,4.05,3.81,3.99,2500,0
20061106,3.99,3.99,3.99,3.99,500,0
20061107,3.99,4,3.75,3.75,1900,0
20061108,4,4,3.8,4,500,0
20061113,3.82,4.05,3.82,4.05,1700,0
20061116,4.05,4.08,4.05,4.08,200,0
20061117,4.05,4.35,3.99,4.1,9800,0
20061120,4.1,4.12,4.05,4.12,4500,0
20061121,4.1,4.1,4,4,800,0
20061122,4,4.15,3.85,4.13,4700,0
20061124,4.1,4.15,4.1,4.15,500,0
20061129,4.2,4.2,4.2,4.2,100,0
20061201,4.2,4.2,3.96,4.2,2000,0
20061204,3.99,4.17,3.99,4.17,14800,0
20061205,4,4.16,3.87,4.16,6700,0
20061206,4.15,4.2,4.15,4.19,3400,0
20061207,4.2,4.24,4.2,4.2,200,0
20061208,4.19,4.19,4.19,4.19,300,0
20061211,4.01,4.14,4.01,4.14,700,0
20061213,4.15,4.15,3.92,4.12,500,0
20061215,4.1,4.11,4.1,4.11,1200,0
20061218,3.95,4.07,3.79,4,2000,0
20061219,3.95,4,3.8,4,2500,0
20061220,4,4,3.99,3.99,3000,0
20061221,3.99,4.02,3.9,4,28100,0
20061222,4,4,4,4,200,0
20061227,3.8,3.98,3.8,3.98,100,0
20061229,3.95,4.13,3.73,3.95,35400,0
20070102,3.9,3.97,3.74,3.97,5000,0
20070105,3.9,3.96,3.69,3.96,9100,0
20070108,3.96,4.12,3.96,4.09,9500,0
20070109,4.08,4.15,4.01,4.02,8900,0
20070110,4.1,4.22,3.98,4.13,3900,0
20070111,4.13,4.2,4.05,4.05,1600,0
20070112,4.04,4.1,4,4.1,2100,0
20070115,4.1,4.1,3.96,4.08,1000,0
20070116,4.1,4.1,3.95,3.95,2500,0
20070117,4.04,4.04,3.84,4,5600,0
20070118,4,4.25,3.97,4.02,30700,0
20070119,4.2,4.2,4.1,4.2,14300,0
20070122,4.15,4.2,4.1,4.12,15500,0
20070123,4.12,4.2,4.1,4.2,6300,0
20070124,4.15,4.23,4.05,4.15,10500,0
20070125,4.16,4.23,4.02,4.14,4200,0
20070126,4.1,4.15,4.03,4.15,4300,0
20070129,4.05,4.15,4.01,4.14,2100,0
20070130,4.17,4.17,4.01,4.08,6000,0
20070131,4.01,4.13,4,4.05,2800,0
20070201,4.13,4.15,3.96,4.14,55700,0
20070202,4.14,4.14,4.01,4.14,1300,0
20070205,4.2,4.2,4.03,4.03,2600,0
20070206,4.1,4.15,4,4.09,8800,0
20070207,4.09,4.09,3.9,4.09,2600,0
20070212,4.1,4.1,4,4.08,5800,0
20070213,4.1,4.1,4,4.08,5900,0
20070215,4.07,4.07,3.95,4.07,1100,0
20070219,4.05,4.05,3.9,4.04,3300,0
20070220,3.85,4.05,3.85,4,1600,0
20070221,3.99,4.04,3.99,4.04,700,0
20070222,3.98,4.06,3.98,4.05,3500,0
20070223,4.02,4.02,3.92,3.99,1900,0
20070226,4.07,4.09,3.83,3.99,17400,0
20070227,4,4,3.6,3.94,16500,0
20070228,3.85,3.85,3.3,3.64,18700,0
20070301,3.6,3.64,3.32,3.49,9100,0
20070302,3.5,3.5,3.1,3.31,16200,0
20070305,3.19,3.35,3.09,3.35,11100,0
20070307,3.48,3.52,3.45,3.52,1100,0
20070308,3.55,3.55,3.43,3.51,1600,0
20070312,3.52,3.52,3.46,3.5,2300,0
20070313,3.55,3.55,3.39,3.5,3200,0
20070314,3.5,3.5,2.95,3.1,26700,0
20070315,3.14,3.24,3.09,3.13,7000,0
20070316,3.14,3.14,3.1,3.1,1400,0
20070319,3.1,3.37,3.05,3.25,27000,0
20070321,3.04,3.24,3.04,3.24,100,0
20070322,3.08,3.31,3,3.19,17600,0
20070323,3.2,3.2,2.65,2.98,42000,0
20070326,2.98,3.05,2.96,3,3000,0
20070327,2.92,3.08,2.7,2.8,16300,0
20070328,2.89,2.96,2.89,2.96,2000,0
20070329,2.95,3.06,2.95,3.02,2900,0
20070402,2.95,3.09,2.65,3,20700,0
20070403,2.96,3.01,2.79,2.79,3900,0
20070404,2.76,2.96,2.76,2.9,6800,0
20070405,2.89,2.89,2.61,2.61,13100,0
20070410,2.8,2.87,2.8,2.86,6400,0
20070411,2.81,2.85,2.75,2.85,2200,0
20070412,2.9,2.9,2.85,2.9,4800,0
20070413,2.89,2.99,2.81,2.95,23800,0
20070416,2.86,2.95,2.8,2.8,22500,0
20070417,2.8,2.9,2.8,2.85,24800,0
20070418,2.89,2.89,2.82,2.87,25700,0
20070419,2.88,2.88,2.74,2.88,15800,0
20070420,2.76,2.9,2.76,2.9,10200,0
20070423,2.83,2.93,2.78,2.79,10200,0
20070424,2.79,2.84,2.7,2.75,4500,0
20070425,2.72,2.75,2.3,2.6,69300,0
20070426,2.65,2.65,2.65,2.65,100,0
20070427,2.58,2.58,2.46,2.57,400,0
20070430,2.75,2.84,2.66,2.73,15000,0
20070502,2.78,2.95,2.7,2.88,53200,0
20070503,2.94,3.09,2.88,3.09,22800,0
20070504,3.1,3.19,2.95,3.08,27100,0
20070507,3.01,3.05,2.81,2.9,10100,0
20070508,2.9,2.92,2.81,2.88,14500,0
20070509,2.78,2.94,2.78,2.94,1900,0
20070510,2.97,2.99,2.97,2.99,2200,0
20070511,2.83,2.95,2.83,2.95,10500,0
20070514,2.94,2.94,2.8,2.93,13200,0
20070515,2.92,2.95,2.9,2.95,7000,0
20070516,3,3,2.81,2.93,6200,0
20070518,2.9,2.9,2.75,2.89,700,0
20070522,2.75,2.9,2.74,2.83,1500,0
20070523,2.8,2.83,2.69,2.83,500,0
20070524,2.8,2.83,2.67,2.82,4700,0
20070525,2.72,2.9,2.72,2.9,26300,0
20070529,2.9,2.94,2.9,2.94,6000,0
20070530,2.89,2.9,2.72,2.89,10800,0
20070531,2.75,2.8,2.55,2.8,14900,0
20070601,2.85,3.18,2.85,2.95,295500,0
20070604,2.95,2.95,2.82,2.89,27000,0
20070605,2.96,2.96,2.73,2.79,15900,0
20070606,2.75,3.01,2.75,3.01,334600,0
20070607,3.1,3.33,3,3.31,229200,0
20070608,3.3,3.4,3.02,3.02,78000,0
20070611,3.15,3.21,3.02,3.12,70800,0
20070612,3.17,3.18,3.08,3.18,50000,0
20070613,3.18,3.18,2.9,3.09,147000,0
20070614,3.1,3.1,2.9,2.99,41000,0
20070615,3,3,2.91,3,7800,0
20070618,3,3.09,2.98,2.98,4900,0
20070619,3.01,3.08,2.69,2.72,133900,0
20070620,2.72,2.8,2.68,2.77,15700,0
20070621,2.7,2.8,2.58,2.69,41200,0
20070622,2.75,2.76,2.67,2.76,14200,0
20070625,2.7,2.76,2.66,2.73,10400,0
20070626,2.67,2.74,2.66,2.74,5800,0
20070627,2.72,2.8,2.67,2.77,54900,0
20070628,2.79,2.8,2.7,2.8,82500,0
20070629,2.75,2.8,2.73,2.75,71800,0
20070702,2.78,2.8,2.75,2.75,43700,0
20070703,2.77,2.89,2.72,2.8,154500,0
20070704,2.85,2.95,2.8,2.89,41900,0
20070705,2.9,2.93,2.81,2.93,23700,0
20070706,2.9,2.96,2.85,2.93,10000,0
20070709,2.97,2.98,2.8,2.85,128900,0
20070710,2.85,2.85,2.75,2.84,13100,0
20070711,2.75,2.81,2.75,2.79,2700,0
20070712,2.71,2.78,2.61,2.77,18800,0
20070713,2.75,2.75,2.6,2.6,20800,0
20070716,2.65,2.73,2.62,2.7,52600,0
20070717,2.7,2.76,2.7,2.71,5700,0
20070718,2.68,2.73,2.59,2.59,60800,0
20070719,2.55,2.64,2.55,2.63,8500,0
20070720,2.63,2.63,2.22,2.3,124500,0
20070723,2.12,2.3,2.07,2.2,62500,0
20070724,2.2,2.28,2.2,2.28,47400,0
20070725,2.28,2.49,2.28,2.48,130800,0
20070726,2.55,2.6,2.4,2.5,54800,0
20070727,2.5,2.66,2.5,2.6,18900,0
20070730,2.62,2.62,2.6,2.6,3100,0
20070731,2.6,2.61,2.51,2.54,9600,0
20070801,2.5,2.5,2.3,2.5,24300,0
20070802,2.5,2.55,2.5,2.55,15000,0
20070803,2.51,2.63,2.5,2.63,9000,0
20070806,2.65,2.65,2.55,2.55,1500,0
20070807,2.5,2.6,2.5,2.6,1800,0
20070808,2.58,2.59,2.58,2.59,4200,0
20070809,2.55,2.6,2.5,2.5,9100,0
20070810,2.45,2.5,2.4,2.5,23400,0
20070813,2.45,2.45,2.35,2.4,40400,0
20070814,2.32,2.39,2.32,2.39,5700,0
20070815,2.39,2.39,2.29,2.33,19800,0
20070816,2.3,2.3,2.15,2.15,13500,0
20070817,2.18,2.18,2.07,2.18,44200,0
20070820,2.1,2.12,2.07,2.07,4100,0
20070821,2.15,2.17,2.15,2.17,3900,0
20070822,2.17,2.17,2.17,2.17,2100,0
20070823,2.2,2.3,2.2,2.3,5600,0
20070824,2.24,2.29,2.24,2.29,2000,0
20070827,2.24,2.24,2.2,2.2,5300,0
20070828,2.2,2.2,2.13,2.2,12100,0
20070829,2.11,2.24,2.1,2.24,7300,0
20070830,2.24,2.24,2.19,2.24,1500,0
20070831,2.28,2.31,2.2,2.3,34800,0
20070903,2.35,2.38,2.25,2.38,7600,0
20070904,2.44,2.58,2.42,2.45,27000,0
20070905,2.54,2.54,2.32,2.32,32600,0
20070906,2.42,2.42,2.22,2.38,15800,0
20070907,2.4,2.45,2.28,2.4,11200,0
20070910,2.38,2.4,2.38,2.4,3000,0
20070911,2.38,2.38,2.38,2.38,100,0
20070912,2.31,2.37,2.31,2.37,1200,0
20070913,2.37,2.37,2.37,2.37,800,0
20070914,2.37,2.4,2.37,2.38,3200,0
20070917,2.38,2.38,2.27,2.27,3900,0
20070918,2.25,2.35,2.24,2.25,47800,0
20070919,2.3,2.3,2.3,2.3,11800,0
20070920,2.25,2.32,2.22,2.25,14300,0
20070921,2.25,2.29,2.25,2.29,39800,0
20070924,2.3,2.4,2.3,2.4,5900,0
20070925,2.32,2.4,2.32,2.4,600,0
20070926,2.39,2.39,2.39,2.39,2500,0
20070927,2.33,2.33,2.33,2.33,1300,0
20070928,2.37,2.37,2.37,2.37,300,0
20071001,2.39,2.39,2.38,2.38,5400,0
20071002,2.4,2.4,2.38,2.38,2000,0
20071004,2.33,2.35,2.3,2.3,4400,0
20071005,2.3,2.3,2.25,2.25,7200,0
20071008,2.3,2.32,2.27,2.32,4000,0
20071009,2.25,2.25,2.13,2.24,13600,0
20071010,2.25,2.25,2.25,2.25,3500,0
20071011,2.25,2.29,2.25,2.29,1300,0
20071012,2.25,2.3,2.25,2.3,3300,0
20071015,2.25,2.25,2.17,2.25,11300,0
20071016,2.2,2.27,2.15,2.27,3800,0
20071017,2.15,2.19,2.05,2.05,15900,0
20071018,1.99,1.99,1.83,1.95,72300,0
20071019,1.9,1.96,1.9,1.95,10500,0
20071022,1.96,1.96,1.9,1.96,9700,0
20071023,1.9,1.96,1.9,1.96,2700,0
20071024,1.96,1.96,1.9,1.95,2900,0
20071025,1.86,1.95,1.86,1.95,63900,0
20071026,1.9,1.95,1.9,1.95,12400,0
20071029,1.93,1.94,1.9,1.94,7400,0
20071030,1.9,1.92,1.9,1.92,10600,0
20071031,1.9,1.91,1.78,1.9,21800,0
20071101,1.85,1.89,1.78,1.85,7200,0
20071102,1.75,1.85,1.73,1.85,9800,0
20071105,1.73,1.84,1.73,1.84,8200,0
20071106,1.75,1.82,1.75,1.82,6300,0
20071107,1.75,1.81,1.7,1.72,8600,0
20071108,1.75,1.8,1.67,1.79,17600,0
20071109,1.79,1.79,1.75,1.79,800,0
20071112,1.75,1.8,1.75,1.8,2800,0
20071113,1.8,1.8,1.73,1.75,6000,0
20071114,1.7,1.78,1.65,1.7,14100,0
20071115,1.67,1.69,1.52,1.57,27000,0
20071116,1.58,1.58,1.48,1.54,7400,0
20071119,1.5,1.53,1.47,1.5,4400,0
20071120,1.47,1.5,1.42,1.49,18600,0
20071121,1.43,1.55,1.42,1.5,19200,0
20071122,1.5,1.53,1.48,1.53,10400,0
20071123,1.48,1.49,1.42,1.45,14800,0
20071126,1.48,1.49,1.43,1.49,5800,0
20071127,1.44,1.49,1.41,1.49,5900,0
20071128,1.48,1.48,1.48,1.48,1000,0
20071129,1.47,1.5,1.47,1.5,10700,0
20071130,1.53,1.7,1.53,1.69,38100,0
20071203,1.7,1.71,1.6,1.65,17900,0
20071204,1.6,1.6,1.59,1.59,2800,0
20071205,1.54,1.58,1.5,1.58,3300,0
20071206,1.56,1.56,1.56,1.56,300,0
20071207,1.55,1.63,1.55,1.63,7500,0
20071210,1.6,1.67,1.6,1.67,11800,0
20071211,1.6,1.62,1.6,1.6,5400,0
20071212,1.56,1.64,1.56,1.62,7000,0
20071213,1.62,1.62,1.56,1.62,5900,0
20071214,1.63,1.63,1.55,1.58,9000,0
20071217,1.55,1.58,1.52,1.58,21600,0
20071218,1.58,1.6,1.48,1.49,20500,0
20071219,1.4,1.59,1.4,1.54,21200,0
20071220,1.52,1.55,1.47,1.55,8200,0
20071221,1.5,1.53,1.5,1.53,2600,0
20071227,1.5,1.55,1.46,1.5,16700,0
20071228,1.5,1.52,1.46,1.46,32400,0
20080102,1.51,1.51,1.47,1.5,3100,0
20080103,1.5,1.55,1.5,1.55,14400,0
20080104,1.55,1.71,1.55,1.65,25900,0
20080107,1.58,1.62,1.52,1.56,59500,0
20080108,1.57,1.57,1.49,1.55,10100,0
20080109,1.52,1.54,1.42,1.5,48700,0
20080110,1.49,1.52,1.49,1.49,7100,0
20080111,1.42,1.48,1.33,1.48,16700,0
20080114,1.49,1.52,1.48,1.51,29900,0
20080115,1.51,1.51,1.47,1.49,3800,0
20080116,1.46,1.46,1.4,1.43,5300,0
20080117,1.47,1.47,1.47,1.47,100,0
20080118,1.42,1.43,1.35,1.41,11700,0
20080121,1.37,1.4,1.28,1.3,11900,0
20080122,1.3,1.3,1.25,1.29,5300,0
20080123,1.2,1.22,1.15,1.15,11800,0
20080124,1.15,1.17,1.12,1.13,13600,0
20080125,1.2,1.25,1.2,1.21,16800,0
20080128,1.19,1.19,1.19,1.19,1500,0
20080129,1.22,1.3,1.19,1.3,23100,0
20080130,1.31,1.32,1.27,1.27,20100,0
20080131,1.28,1.28,1.15,1.18,15800,0
20080201,1.2,1.2,1.09,1.15,181600,0
20080204,1.15,1.22,1.11,1.17,44700,0
20080205,1.17,1.18,1.14,1.18,138400,0
20080206,1.18,1.24,1.13,1.2,153900,0
20080207,1.19,1.19,1.07,1.07,161400,0
20080208,1.11,1.12,1.03,1.08,115300,0
20080211,1.05,1.1,1.05,1.1,14500,0
20080212,1.1,1.1,1.1,1.1,2500,0
20080213,1.1,1.13,1.06,1.13,40200,0
20080214,1.13,1.18,1.11,1.13,18200,0
20080215,1.13,1.15,1.05,1.15,24900,0
20080218,1.15,1.18,1.15,1.15,36500,0
20080219,1.11,1.17,1.11,1.14,13300,0
20080220,1.15,1.2,1.12,1.15,74400,0
20080221,1.22,1.34,1.2,1.31,140300,0
20080222,1.29,1.45,1.28,1.38,50400,0
20080225,1.38,1.4,1.33,1.37,14200,0
20080226,1.45,1.45,1.37,1.44,26200,0
20080227,1.46,1.46,1.38,1.44,42300,0
20080228,1.44,1.44,1.36,1.38,41600,0
20080229,1.36,1.4,1.3,1.3,22100,0
20080303,1.3,1.35,1.27,1.27,16700,0
20080304,1.27,1.32,1.27,1.3,24200,0
20080305,1.28,1.31,1.24,1.31,15500,0
20080306,1.26,1.3,1.26,1.3,3100,0
20080307,1.26,1.3,1.25,1.3,18000,0
20080310,1.25,1.3,1.24,1.3,5200,0
20080311,1.24,1.24,1.24,1.24,8300,0
20080312,1.27,1.27,1.2,1.25,13400,0
20080313,1.22,1.25,1.21,1.21,14000,0
20080314,1.2,1.2,1.14,1.2,10200,0
20080317,1.18,1.19,1.14,1.18,15200,0
20080318,1.14,1.19,1.14,1.19,12600,0
20080319,1.19,1.19,1.09,1.09,35900,0
20080320,1.12,1.13,1.05,1.11,46900,0
20080325,1.13,1.2,1.13,1.2,35300,0
20080326,1.2,1.22,1.2,1.2,17900,0
20080327,1.23,1.28,1.23,1.26,21000,0
20080328,1.21,1.25,1.21,1.25,22000,0
20080331,1.21,1.25,1.2,1.22,163100,0
20080401,1.21,1.24,1.21,1.24,3900,0
20080402,1.24,1.26,1.22,1.24,9200,0
20080403,1.25,1.26,1.25,1.26,1500,0
20080404,1.22,1.26,1.22,1.23,10600,0
20080407,1.21,1.24,1.21,1.23,11600,0
20080408,1.26,1.26,1.21,1.26,5100,0
20080409,1.22,1.23,1.21,1.23,13000,0
20080410,1.21,1.24,1.19,1.24,20400,0
20080414,1.21,1.22,1.2,1.22,6700,0
20080415,1.22,1.22,1.18,1.19,8200,0
20080416,1.18,1.19,1.17,1.19,7800,0
20080417,1.16,1.2,1.16,1.2,5500,0
20080418,1.22,1.22,1.21,1.22,4200,0
20080421,1.16,1.2,1.16,1.2,4000,0
20080422,1.2,1.25,1.17,1.2,15000,0
20080423,1.2,1.2,1.2,1.2,100,0
20080424,1.17,1.2,1.17,1.2,700,0
20080425,1.17,1.19,1.1,1.1,35400,0
20080428,1.15,1.18,1.13,1.18,9700,0
20080429,1.18,1.19,1.18,1.19,4000,0
20080502,1.15,1.17,1.15,1.15,3900,0
20080505,1.12,1.17,1.1,1.17,30200,0
20080506,1.17,1.24,1.17,1.24,47900,0
20080507,1.24,1.24,1.22,1.22,2000,0
20080508,1.2,1.2,1.15,1.16,27000,0
20080509,1.16,1.2,1.16,1.2,8200,0
20080512,1.2,1.2,1.2,1.2,400,0
20080513,1.22,1.22,1.22,1.22,500,0
20080514,1.17,1.2,1.17,1.2,2100,0
20080515,1.2,1.2,1.17,1.17,4000,0
20080516,1.15,1.19,1.14,1.19,17100,0
20080519,1.18,1.18,1.18,1.18,1200,0
20080520,1.18,1.2,1.16,1.18,8100,0
20080521,1.18,1.18,1.15,1.18,3400,0
20080522,1.16,1.16,1.13,1.15,7100,0
20080523,1.16,1.16,1.16,1.16,1000,0
20080526,1.15,1.16,1.15,1.16,3000,0
20080527,1.12,1.12,1.12,1.12,5000,0
20080528,1.13,1.15,1.13,1.15,1200,0
20080529,1.16,1.16,1.16,1.16,500,0
20080602,1.17,1.18,1.1,1.14,6800,0
20080603,1.1,1.15,1.1,1.1,5300,0
20080604,1.09,1.12,1.09,1.12,4200,0
20080605,1.13,1.16,1.1,1.12,20500,0
20080606,1.14,1.15,1.11,1.14,7100,0
20080609,1.11,1.14,1.11,1.14,2000,0
20080610,1.11,1.13,1.1,1.13,8500,0
20080611,1.13,1.13,1.09,1.13,27100,0
20080612,1.1,1.1,1.09,1.09,600,0
20080613,1.06,1.08,1.05,1.08,3000,0
20080616,1.08,1.1,1.06,1.08,10000,0
20080617,1.06,1.08,1.05,1.08,4000,0
20080618,1.05,1.08,1.05,1.05,3700,0
20080619,1.05,1.07,1.03,1.07,6000,0
20080620,1.08,1.08,1.07,1.07,2300,0
20080623,1.04,1.08,1.03,1.07,7800,0
20080624,1.05,1.08,1.04,1.04,6700,0
20080625,1.03,1.05,1.02,1.04,5000,0
20080626,1.05,1.05,0.95,1,17700,0
20080627,0.99,1.01,0.98,1,7200,0
20080630,0.99,1,0.97,1,3200,0
20080701,0.97,0.99,0.94,0.94,19800,0
20080702,0.96,0.98,0.96,0.98,4100,0
20080703,0.95,0.95,0.95,0.95,9500,0
20080704,0.94,0.94,0.92,0.94,700,0
20080707,0.95,0.95,0.92,0.92,16200,0
20080708,0.91,0.91,0.9,0.9,11500,0
20080709,0.91,0.93,0.91,0.93,1100,0
20080710,0.93,0.93,0.93,0.93,100,0
20080711,0.91,0.93,0.91,0.91,10100,0
20080714,0.93,0.94,0.93,0.94,1200,0
20080715,0.91,0.94,0.89,0.89,12400,0
20080716,0.89,0.92,0.89,0.89,15200,0
20080717,0.91,0.92,0.91,0.92,2000,0
20080718,0.89,0.92,0.89,0.92,2100,0
20080721,0.89,0.89,0.86,0.88,6100,0
20080722,0.88,0.9,0.88,0.89,4300,0
20080723,0.9,0.9,0.9,0.9,2000,0
20080724,0.88,0.94,0.87,0.94,12500,0
20080725,0.94,0.94,0.94,0.94,100,0
20080728,0.95,1.09,0.95,0.98,28300,0
20080818,1.08,1.08,1.08,1.08,100,0
20080819,1.08,1.09,1.08,1.09,400,0
20080820,1.04,1.04,1.04,1.04,300,0
20080821,1.07,1.07,1.02,1.06,1100,0
20080822,1.06,1.06,1.05,1.05,3300,0
20080825,1.02,1.02,0.99,0.99,22900,0
20080826,1.02,1.03,1,1.03,2300,0
20080827,1.02,1.02,0.99,0.99,5400,0
20080828,1.01,1.01,1.01,1.01,100,0
20080829,1.02,1.05,1,1.05,900,0
20080901,1.03,1.08,1.03,1.08,400,0
20080905,1.08,1.08,1.08,1.08,100,0
20080909,1.08,1.08,1.04,1.08,600,0
20080910,1.08,1.08,1.04,1.07,2200,0
20080911,1.07,1.08,1.03,1.07,6200,0
20080912,1.07,1.12,1.07,1.12,12300,0
20080915,1.12,1.12,1.08,1.11,6800,0
20080916,1.11,1.11,1.05,1.08,12200,0
20080917,1.08,1.08,1.05,1.08,5200,0
20080918,1.05,1.08,1,1.08,11100,0
20080919,1.08,1.08,1.02,1.07,3900,0
20080922,1.06,1.07,1.06,1.07,200,0
20080923,1.06,1.07,1.06,1.07,100,0
20080925,1.02,1.02,1,1.01,23700,0
20080926,1.03,1.05,1.01,1.03,2700,0
20080929,1.05,1.05,0.97,0.97,19600,0
20080930,0.95,0.95,0.91,0.91,9400,0
20081002,0.95,0.95,0.95,0.95,100,0
20081003,0.96,0.97,0.96,0.97,200,0
20081006,0.94,0.94,0.93,0.93,3200,0
20081007,0.91,0.91,0.89,0.9,2900,0
20081008,0.89,0.89,0.86,0.86,3700,0
20081013,0.9,0.9,0.9,0.9,100,0
20081014,0.91,0.91,0.86,0.86,2900,0
20081015,0.88,0.89,0.85,0.89,6200,0
20081017,0.85,0.85,0.85,0.85,100,0
20081020,0.87,0.87,0.8,0.84,4300,0
20081021,0.78,0.8,0.78,0.8,1600,0
20081022,0.8,0.8,0.76,0.8,5000,0
20081023,0.8,0.8,0.8,0.8,200,0
20081024,0.8,0.8,0.69,0.8,300,0
20081027,0.7,0.7,0.7,0.7,3100,0
20081028,0.8,0.8,0.8,0.8,100,0
20081029,0.8,0.8,0.8,0.8,100,0
20081030,0.8,0.89,0.78,0.89,5300,0
20081031,0.89,0.9,0.83,0.9,1800,0
20081103,0.9,0.9,0.9,0.9,10800,0
20081104,0.9,0.9,0.86,0.86,600,0
20081105,0.9,0.9,0.86,0.86,1000,0
20081107,0.86,0.86,0.81,0.81,8100,0
20081110,0.81,0.81,0.8,0.8,2100,0
20081111,0.82,0.82,0.82,0.82,100,0
20081112,0.83,0.83,0.77,0.8,3100,0
20081113,0.71,0.76,0.7,0.76,8800,0
20081114,0.78,0.78,0.72,0.74,400,0
20081117,0.71,0.77,0.71,0.77,700,0
20081118,0.77,0.77,0.7,0.76,8300,0
20081119,0.75,0.75,0.7,0.75,900,0
20081120,0.76,0.76,0.65,0.75,5400,0
20081121,0.71,0.72,0.69,0.72,2500,0
20081124,0.7,0.7,0.7,0.7,100,0
20081125,0.7,0.7,0.7,0.7,100,0
20081126,0.7,0.7,0.7,0.7,100,0
20081127,0.65,0.65,0.64,0.65,6800,0
20081128,0.67,0.67,0.62,0.65,2500,0
20081201,0.65,0.65,0.59,0.63,6000,0
20081202,0.64,0.64,0.64,0.64,1000,0
20081204,0.66,0.66,0.66,0.66,200,0
20081205,0.67,0.67,0.62,0.65,300,0
20081208,0.63,0.66,0.63,0.66,2700,0
20081209,0.66,0.66,0.63,0.65,7100,0
20081210,0.66,0.66,0.66,0.66,4300,0
20081211,0.65,0.65,0.5,0.57,29900,0
20081212,0.55,0.55,0.55,0.55,1500,0
20081215,0.56,0.63,0.56,0.63,11400,0
20081216,0.65,0.65,0.6,0.62,2400,0
20081217,0.59,0.59,0.59,0.59,4000,0
20081218,0.59,0.6,0.59,0.59,12700,0
20081219,0.59,0.59,0.59,0.59,10700,0
20081222,0.59,0.62,0.53,0.53,24500,0
20081223,0.57,0.59,0.57,0.59,6000,0
20081229,0.6,0.6,0.55,0.57,32200,0
20081230,0.58,0.62,0.57,0.6,21700,0
20090102,0.61,0.61,0.55,0.56,5200,0
20090105,0.57,0.6,0.57,0.6,5900,0
20090106,0.59,0.6,0.59,0.6,2100,0
20090107,0.6,0.62,0.6,0.62,8100,0
20090108,0.62,0.62,0.62,0.62,2000,0
20090109,0.63,0.63,0.62,0.62,2400,0
20090112,0.62,0.62,0.62,0.62,2400,0
20090113,0.6,0.62,0.6,0.62,10100,0
20090114,0.6,0.62,0.57,0.62,3300,0
20090115,0.62,0.62,0.62,0.62,100,0
20090116,0.62,0.62,0.62,0.62,500,0
20090119,0.57,0.61,0.57,0.61,400,0
20090121,0.56,0.61,0.56,0.61,200,0
20090122,0.56,0.61,0.56,0.61,500,0
20090126,0.59,0.59,0.56,0.56,600,0
20090127,0.59,0.59,0.59,0.59,100,0
20090128,0.59,0.59,0.59,0.59,100,0
20090129,0.59,0.59,0.59,0.59,100,0
20090130,0.59,0.59,0.59,0.59,100,0
20090202,0.63,0.63,0.63,0.63,100,0
20090204,0.6,0.6,0.6,0.6,100,0
20090205,0.6,0.6,0.52,0.56,3800,0
20090206,0.56,0.59,0.56,0.59,1600,0
20090209,0.59,0.59,0.59,0.59,100,0
20090210,0.59,0.59,0.54,0.59,2600,0
20090211,0.59,0.59,0.59,0.59,100,0
20090212,0.59,0.59,0.59,0.59,100,0
20090213,0.59,0.59,0.59,0.59,100,0
20090216,0.59,0.59,0.54,0.59,200,0
20090217,0.52,0.59,0.43,0.51,19900,0
20090218,0.52,0.52,0.52,0.52,100,0
20090219,0.52,0.52,0.52,0.52,100,0
20090220,0.54,0.54,0.54,0.54,100,0
20090223,0.55,0.55,0.5,0.5,7500,0
20090224,0.53,0.53,0.5,0.52,5100,0
20090225,0.51,0.51,0.51,0.51,100,0
20090226,0.51,0.51,0.51,0.51,100,0
20090227,0.51,0.51,0.5,0.5,1600,0
20090302,0.51,0.52,0.5,0.5,2500,0
20090303,0.52,0.52,0.52,0.52,100,0
20090304,0.54,0.56,0.54,0.56,600,0
20090305,0.56,0.56,0.56,0.56,100,0
20090306,0.55,0.55,0.55,0.55,100,0
20090310,0.55,0.55,0.55,0.55,100,0
20090311,0.55,0.55,0.55,0.55,6800,0
20090312,0.57,0.57,0.57,0.57,100,0
20090313,0.54,0.54,0.51,0.51,4000,0
20090316,0.53,0.53,0.53,0.53,100,0
20090317,0.55,0.55,0.55,0.55,100,0
20090318,0.55,0.55,0.55,0.55,100,0
20090319,0.56,0.56,0.5,0.55,700,0
20090320,0.56,0.56,0.56,0.56,100,0
20090323,0.56,0.56,0.56,0.56,100,0
20090324,0.56,0.56,0.56,0.56,100,0
20090325,0.56,0.57,0.5,0.51,10300,0
20090326,0.57,0.57,0.57,0.57,100,0
20090327,0.56,0.56,0.56,0.56,100,0
20090330,0.56,0.56,0.55,0.55,1100,0
20090331,0.55,0.55,0.54,0.54,4000,0
20090401,0.56,0.56,0.56,0.56,100,0
20090402,0.58,0.58,0.58,0.58,100,0
20090403,0.58,0.59,0.58,0.59,7400,0
20090406,0.59,0.59,0.59,0.59,100,0
20090407,0.6,0.6,0.6,0.6,100,0
20090408,0.59,0.59,0.59,0.59,100,0
20090409,0.59,0.59,0.59,0.59,7100,0
20090414,0.59,0.59,0.59,0.59,100,0
20090415,0.59,0.59,0.59,0.59,100,0
20090416,0.55,0.59,0.55,0.58,3000,0
20090417,0.59,0.59,0.59,0.59,100,0
20090420,0.55,0.59,0.55,0.59,10300,0
20090421,0.55,0.59,0.54,0.59,17800,0
20090422,0.59,0.59,0.55,0.59,800,0
20090423,0.59,0.59,0.59,0.59,100,0
20090424,0.59,0.59,0.59,0.59,5000,0
20090430,0.59,0.59,0.59,0.59,100,0
20090504,0.59,0.59,0.58,0.58,600,0
20090505,0.58,0.58,0.55,0.58,1200,0
20090506,0.58,0.58,0.55,0.58,700,0
20090507,0.58,0.58,0.58,0.58,2100,0
20090508,0.58,0.58,0.58,0.58,4000,0
20090511,0.58,0.58,0.57,0.58,8400,0
20090512,0.58,0.58,0.58,0.58,2300,0
20090513,0.58,0.58,0.58,0.58,100,0
20090514,0.58,0.58,0.58,0.58,100,0
20090515,0.58,0.59,0.58,0.59,6400,0
20090518,0.55,0.7,0.54,0.69,31600,0
20090519,0.77,0.92,0.75,0.87,196600,0
20090520,0.91,0.94,0.87,0.91,148400,0
20090521,0.91,0.93,0.91,0.93,46300,0
20090522,0.95,0.96,0.91,0.95,75800,0
20090525,0.96,0.96,0.86,0.93,68400,0
20090526,0.93,0.93,0.86,0.9,44300,0
20090527,0.9,0.9,0.83,0.87,42300,0
20090528,0.9,0.9,0.8,0.85,24000,0
20090529,0.84,0.85,0.78,0.85,127300,0
20090601,0.8,0.83,0.76,0.81,8800,0
20090602,0.79,0.81,0.76,0.79,26700,0
20090603,0.8,0.8,0.73,0.76,17800,0
20090604,0.72,0.79,0.72,0.78,23100,0
20090605,0.8,0.8,0.8,0.8,1500,0
20090608,0.81,0.85,0.8,0.81,22800,0
20090609,0.81,0.84,0.79,0.79,18900,0
20090610,0.84,0.84,0.77,0.81,17900,0
20090611,0.8,0.81,0.75,0.8,11900,0
20090612,0.82,0.82,0.76,0.79,2100,0
20090615,0.75,0.79,0.72,0.73,32400,0
20090616,0.7,0.7,0.55,0.69,60600,0
20090617,0.71,0.71,0.64,0.71,9500,0
20090618,0.7,0.7,0.7,0.7,1000,0
20090619,0.67,0.7,0.67,0.7,10300,0
20090622,0.69,0.72,0.64,0.66,14400,0
20090623,0.72,0.74,0.68,0.68,12500,0
20090624,0.72,0.73,0.72,0.73,4000,0
20090625,0.73,0.73,0.73,0.73,100,0
20090629,0.7,0.72,0.7,0.72,4400,0
20090630,0.72,0.72,0.7,0.7,1100,0
20090701,0.72,0.72,0.72,0.72,200,0
20090702,0.71,0.71,0.71,0.71,1300,0
20090703,0.7,0.72,0.7,0.7,4000,0
20090706,0.7,0.7,0.7,0.7,2300,0
20090707,0.7,0.73,0.68,0.73,2400,0
20090709,0.75,0.75,0.75,0.75,1100,0
20090710,0.75,0.75,0.75,0.75,100,0
20090713,0.75,0.75,0.75,0.75,3000,0
20090714,0.75,0.75,0.6,0.66,15400,0
20090715,0.62,0.66,0.6,0.66,5600,0
20090716,0.66,0.67,0.62,0.67,10300,0
20090717,0.69,0.69,0.69,0.69,3600,0
20090720,0.69,0.69,0.69,0.69,100,0
20090721,0.63,0.72,0.63,0.63,27200,0
20090722,0.72,0.72,0.72,0.72,5100,0
20090723,0.6,0.66,0.6,0.66,27500,0
20090724,0.67,0.67,0.67,0.67,400,0
20090728,0.67,0.67,0.61,0.65,8200,0
20090729,0.65,0.65,0.62,0.65,6300,0
20090730,0.65,0.65,0.65,0.65,100,0
20090731,0.61,0.65,0.61,0.65,4800,0
20090803,0.65,0.65,0.65,0.65,7100,0
20090804,0.65,0.65,0.65,0.65,600,0
20090805,0.65,0.65,0.62,0.65,5300,0
20090806,0.65,0.65,0.63,0.65,28000,0
20090807,0.65,0.65,0.64,0.65,11100,0
20090810,0.67,0.67,0.65,0.65,4400,0
20090811,0.65,0.7,0.63,0.7,18500,0
20090812,0.69,0.69,0.64,0.69,1000,0
20090813,0.69,0.69,0.64,0.69,2000,0
20090814,0.65,0.69,0.65,0.66,12300,0
20090817,0.67,0.69,0.66,0.69,5600,0
20090818,0.69,0.75,0.66,0.71,6700,0
20090819,0.75,0.75,0.71,0.71,200,0
20090820,0.71,0.71,0.71,0.71,200,0
20090821,0.74,0.74,0.72,0.72,1100,0
20090824,0.67,0.72,0.67,0.72,1500,0
20090825,0.72,0.72,0.67,0.72,8200,0
20090826,0.72,0.75,0.72,0.75,8700,0
20090827,0.75,0.75,0.67,0.74,4900,0
20090828,0.68,0.75,0.68,0.75,3800,0
20090831,0.69,0.74,0.69,0.74,3600,0
20090901,0.69,0.72,0.67,0.72,12100,0
20090902,0.73,0.73,0.73,0.73,2000,0
20090903,0.73,0.74,0.69,0.74,9500,0
20090904,0.74,0.74,0.74,0.74,100,0
20090907,0.68,0.72,0.68,0.72,500,0
20090908,0.72,0.72,0.72,0.72,200,0
20090909,0.72,0.72,0.64,0.72,14100,0
20090910,0.72,0.72,0.64,0.72,2200,0
20090911,0.72,0.72,0.69,0.69,700,0
20090914,0.67,0.7,0.67,0.69,5700,0
20090915,0.69,0.69,0.65,0.65,700,0
20090916,0.68,0.68,0.65,0.65,18100,0
20090917,0.65,0.68,0.65,0.65,800,0
20090918,0.65,0.7,0.65,0.7,2100,0
20090921,0.7,0.7,0.7,0.7,100,0
20090922,0.7,0.7,0.64,0.66,5200,0
20090923,0.66,0.7,0.66,0.7,8200,0
20090924,0.7,0.7,0.62,0.65,10600,0
20090925,0.6,0.66,0.6,0.66,8100,0
20090928,0.66,0.66,0.66,0.66,100,0
20090929,0.64,0.66,0.6,0.66,6200,0
20090930,0.66,0.66,0.66,0.66,100,0
20091001,0.6,0.67,0.6,0.67,2500,0
20091002,0.69,0.92,0.6,0.92,69900,0
20091005,0.74,0.74,0.68,0.69,5100,0
20091006,0.72,0.72,0.72,0.72,100,0
20091007,0.7,0.72,0.69,0.72,8300,0
20091008,0.72,0.74,0.66,0.74,15400,0
20091009,0.75,0.75,0.75,0.75,9900,0
20091012,0.75,0.75,0.75,0.75,200,0
20091013,0.75,0.75,0.7,0.75,6100,0
20091014,0.7,0.75,0.7,0.75,800,0
20091015,0.71,0.75,0.71,0.75,1100,0
20091016,0.69,0.71,0.69,0.71,600,0
20091019,0.75,0.75,0.75,0.75,100,0
20091020,0.75,0.75,0.64,0.65,19900,0
20091021,0.71,0.71,0.66,0.71,1100,0
20091022,0.67,0.7,0.67,0.7,700,0
20091023,0.67,0.67,0.67,0.67,1000,0
20091026,0.72,0.72,0.72,0.72,100,0
20091027,0.69,0.69,0.69,0.69,2000,0
20091028,0.69,0.72,0.68,0.72,5100,0
20091030,0.68,0.72,0.67,0.72,2500,0
20091102,0.71,0.71,0.71,0.71,100,0
20091103,0.71,0.71,0.71,0.71,100,0
20091104,0.68,0.7,0.68,0.7,500,0
20091105,0.68,0.71,0.68,0.71,4700,0
20091106,0.71,0.71,0.71,0.71,100,0
20091109,0.71,0.71,0.68,0.71,1100,0
20091110,0.71,0.77,0.71,0.77,7200,0
20091111,0.77,0.77,0.72,0.77,2300,0
20091112,0.7,0.7,0.68,0.7,5300,0
20091113,0.7,0.7,0.7,0.7,1000,0
20091116,0.7,0.7,0.66,0.7,18400,0
20091117,0.7,0.7,0.67,0.67,3100,0
20091118,0.65,0.71,0.65,0.71,12500,0
20091119,0.74,0.74,0.65,0.65,300,0
20091120,0.68,0.68,0.63,0.68,300,0
20091123,0.63,0.68,0.63,0.68,2800,0
20091124,0.67,0.67,0.67,0.67,900,0
20091125,0.65,0.65,0.6,0.65,11100,0
20091126,0.65,0.67,0.6,0.6,12900,0
20091127,0.55,0.67,0.55,0.65,67600,0
20091130,0.6,0.61,0.6,0.61,15000,0
20091201,0.59,0.68,0.55,0.61,80300,0
20091202,0.64,0.65,0.61,0.62,58800,0
20091203,0.65,0.65,0.65,0.65,10000,0
20091207,0.6,0.64,0.6,0.64,1900,0
20091208,0.64,0.64,0.64,0.64,700,0
20091209,0.6,0.64,0.6,0.64,8400,0
20091211,0.64,0.64,0.64,0.64,100,0
20091214,0.65,0.65,0.62,0.62,700,0
20091215,0.65,0.65,0.63,0.65,46200,0
20091216,0.65,0.65,0.65,0.65,100,0
20091217,0.65,0.65,0.61,0.61,40300,0
20091218,0.62,0.64,0.59,0.64,7400,0
20091221,0.62,0.62,0.62,0.62,4900,0
20091222,0.63,0.63,0.58,0.62,6300,0
20091223,0.62,0.62,0.62,0.62,100,0
20091224,0.62,0.62,0.62,0.62,100,0
20091228,0.61,0.62,0.61,0.62,2200,0
20091229,0.62,0.62,0.62,0.62,100,0
20091230,0.62,0.62,0.59,0.62,2600,0
20091231,0.62,0.62,0.59,0.62,2600,0
20100104,0.59,0.62,0.59,0.62,6400,0
20100105,0.62,0.62,0.59,0.62,13900,0
20100106,0.62,0.67,0.62,0.67,1400,0
20100107,0.68,0.68,0.68,0.68,100,0
20100108,0.68,0.68,0.62,0.62,12800,0
20100111,0.61,0.61,0.6,0.6,1600,0
20100112,0.65,0.65,0.6,0.64,14400,0
20100113,0.64,0.64,0.64,0.64,100,0
20100114,0.62,0.64,0.62,0.64,2100,0
20100115,0.62,0.64,0.62,0.64,6100,0
20100118,0.64,0.64,0.62,0.62,5500,0
20100119,0.64,0.64,0.64,0.64,100,0
20100120,0.64,0.64,0.64,0.64,500,0
20100121,0.61,0.63,0.61,0.63,4900,0
20100125,0.62,0.62,0.62,0.62,100,0
20100126,0.62,0.62,0.61,0.62,2300,0
20100127,0.62,0.62,0.62,0.62,100,0
20100128,0.62,0.62,0.62,0.62,100,0
20100129,0.62,0.62,0.62,0.62,100,0
20100201,0.62,0.66,0.61,0.62,10700,0
20100202,0.62,0.63,0.62,0.63,8900,0
20100203,0.63,0.64,0.63,0.64,7400,0
20100204,0.64,0.64,0.61,0.63,4800,0
20100205,0.63,0.63,0.63,0.63,100,0
20100208,0.62,0.62,0.62,0.62,100,0
20100209,0.62,0.62,0.62,0.62,100,0
20100210,0.62,0.62,0.62,0.62,100,0
20100211,0.61,0.61,0.61,0.61,200,0
20100212,0.63,0.63,0.63,0.63,100,0
20100215,0.61,0.62,0.6,0.62,5100,0
20100216,0.59,0.63,0.58,0.62,23500,0
20100217,0.63,0.63,0.63,0.63,200,0
20100218,0.6,0.62,0.6,0.62,300,0
20100219,0.63,0.63,0.63,0.63,100,0
20100222,0.62,0.62,0.62,0.62,100,0
20100223,0.6,0.62,0.6,0.62,2800,0
20100224,0.6,0.62,0.56,0.61,8300,0
20100225,0.6,0.6,0.6,0.6,100,0
20100226,0.6,0.6,0.6,0.6,100,0
20100301,0.56,0.6,0.56,0.6,600,0
20100302,0.6,0.61,0.57,0.61,3100,0
20100303,0.61,0.61,0.61,0.61,100,0
20100304,0.61,0.61,0.58,0.6,1400,0
20100305,0.59,0.6,0.59,0.6,1300,0
20100308,0.61,0.61,0.61,0.61,200,0
20100310,0.61,0.61,0.61,0.61,300,0
20100311,0.61,0.61,0.55,0.59,3100,0
20100312,0.55,0.59,0.55,0.59,2500,0
20100315,0.59,0.59,0.59,0.59,100,0
20100316,0.58,0.58,0.58,0.58,100,0
20100317,0.58,0.58,0.58,0.58,500,0
20100318,0.58,0.58,0.58,0.58,100,0
20100319,0.57,0.57,0.52,0.57,700,0
20100322,0.54,0.54,0.54,0.54,2000,0
20100323,0.57,0.57,0.54,0.54,3100,0
20100324,0.56,0.56,0.56,0.56,4000,0
20100325,0.57,0.59,0.57,0.59,2200,0
20100326,0.56,0.56,0.56,0.56,2000,0
20100329,0.59,0.59,0.55,0.59,4600,0
20100330,0.59,0.59,0.59,0.59,2500,0
20100331,0.59,0.59,0.59,0.59,100,0
20100401,0.59,0.59,0.59,0.59,100,0
20100406,0.59,0.6,0.56,0.56,18200,0
20100407,0.6,0.63,0.6,0.62,40400,0
20100408,0.62,0.62,0.61,0.61,6000,0
20100409,0.63,0.63,0.58,0.63,300,0
20100412,0.61,0.61,0.55,0.6,66100,0
20100413,0.6,0.61,0.6,0.61,200,0
20100414,0.61,0.62,0.6,0.6,37100,0
20100415,0.64,0.65,0.6,0.65,12700,0
20100416,0.65,0.65,0.65,0.65,7800,0
20100419,0.65,0.65,0.64,0.65,6100,0
20100420,0.6,0.65,0.6,0.65,1100,0
20100421,0.64,0.64,0.64,0.64,1400,0
20100422,0.64,0.64,0.64,0.64,2400,0
20100423,0.64,0.64,0.63,0.63,200,0
20100426,0.63,0.63,0.63,0.63,1500,0
20100427,0.63,0.63,0.62,0.62,3100,0
20100428,0.61,0.62,0.6,0.62,19600,0
20100429,0.62,0.62,0.62,0.62,10100,0
20100503,0.62,0.62,0.6,0.62,6300,0
20100504,0.62,0.62,0.62,0.62,100,0
20100505,0.62,0.62,0.62,0.62,100,0
20100506,0.62,0.62,0.62,0.62,100,0
20100507,0.56,0.56,0.56,0.56,10000,0
20100510,0.61,0.61,0.58,0.6,1200,0
20100511,0.62,0.62,0.58,0.58,10200,0
20100512,0.58,0.58,0.58,0.58,700,0
20100514,0.6,0.6,0.59,0.59,7800,0
20100517,0.62,0.62,0.62,0.62,100,0
20100518,0.6,0.61,0.6,0.61,16200,0
20100519,0.6,0.6,0.6,0.6,300,0
20100520,0.61,0.61,0.57,0.57,3700,0
20100521,0.59,0.59,0.59,0.59,100,0
20100524,0.59,0.59,0.59,0.59,100,0
20100525,0.59,0.59,0.57,0.59,700,0
20100526,0.56,0.59,0.56,0.59,4100,0
20100527,0.59,0.59,0.59,0.59,100,0
20100528,0.59,0.59,0.59,0.59,100,0
20100531,0.59,0.59,0.59,0.59,100,0
20100601,0.59,0.59,0.56,0.59,2200,0
20100602,0.58,0.58,0.58,0.58,100,0
20100603,0.58,0.58,0.57,0.58,900,0
20100604,0.58,0.58,0.58,0.58,900,0
20100607,0.58,0.58,0.56,0.58,3200,0
20100608,0.56,0.58,0.56,0.57,1200,0
20100609,0.58,0.58,0.58,0.58,2100,0
20100610,0.58,0.58,0.56,0.58,2100,0
20100611,0.58,0.58,0.58,0.58,100,0
20100614,0.6,0.6,0.55,0.6,3200,0
20100615,0.59,0.59,0.55,0.59,9600,0
20100616,0.56,0.59,0.56,0.59,7600,0
20100617,0.58,0.59,0.58,0.59,19600,0
20100618,0.61,0.61,0.59,0.59,20000,0
20100621,0.63,0.63,0.63,0.63,100,0
20100622,0.64,0.64,0.64,0.64,100,0
20100623,0.64,0.64,0.58,0.64,54700,0
20100624,0.64,0.64,0.64,0.64,200,0
20100625,0.59,0.63,0.59,0.63,900,0
20100629,0.62,0.62,0.62,0.62,100,0
20100630,0.62,0.62,0.62,0.62,200,0
20100701,0.62,0.62,0.62,0.62,7500,0
20100702,0.62,0.62,0.62,0.62,200,0
20100705,0.62,0.62,0.62,0.62,100,0
20100706,0.62,0.62,0.62,0.62,100,0
20100707,0.63,0.63,0.63,0.63,100,0
20100708,0.62,0.62,0.58,0.6,3800,0
20100709,0.63,0.63,0.63,0.63,100,0
20100712,0.6,0.63,0.6,0.62,13100,0
20100713,0.63,0.63,0.63,0.63,200,0
20100714,0.63,0.63,0.63,0.63,100,0
20100715,0.63,0.63,0.63,0.63,200,0
20100716,0.6,0.63,0.6,0.63,10100,0
20100719,0.63,0.63,0.62,0.62,1100,0
20100720,0.62,0.62,0.62,0.62,100,0
20100721,0.62,0.62,0.62,0.62,100,0
20100722,0.62,0.62,0.62,0.62,100,0
20100723,0.62,0.62,0.62,0.62,100,0
20100726,0.62,0.62,0.62,0.62,100,0
20100727,0.59,0.61,0.56,0.61,7000,0
20100728,0.61,0.61,0.61,0.61,100,0
20100729,0.61,0.61,0.61,0.61,100,0
20100730,0.61,0.62,0.55,0.61,23800,0
20100802,0.61,0.61,0.56,0.61,2300,0
20100803,0.61,0.61,0.56,0.61,2500,0
20100804,0.61,0.61,0.56,0.6,1400,0
20100805,0.62,0.62,0.56,0.61,2000,0
20100806,0.62,0.62,0.62,0.62,100,0
20100809,0.62,0.62,0.58,0.58,900,0
20100810,0.62,0.62,0.57,0.62,3600,0
20100811,0.57,0.62,0.57,0.6,6600,0
20100812,0.62,0.62,0.62,0.62,100,0
20100813,0.58,0.61,0.57,0.61,4900,0
20100816,0.61,0.61,0.61,0.61,100,0
20100817,0.61,0.61,0.61,0.61,3100,0
20100818,0.61,0.61,0.59,0.61,2300,0
20100819,0.61,0.61,0.61,0.61,1800,0
20100820,0.61,0.61,0.61,0.61,100,0
20100823,0.6,0.6,0.6,0.6,100,0
20100824,0.6,0.6,0.6,0.6,100,0
20100825,0.6,0.61,0.59,0.61,3400,0
20100826,0.61,0.61,0.61,0.61,2000,0
20100827,0.61,0.61,0.59,0.61,700,0
20100830,0.61,0.61,0.61,0.61,100,0
20100831,0.6,0.6,0.6,0.6,10200,0
20100901,0.61,0.61,0.61,0.61,100,0
20100906,0.59,0.59,0.59,0.59,100,0
20100907,0.59,0.59,0.59,0.59,100,0
20100908,0.59,0.59,0.59,0.59,100,0
20100909,0.59,0.59,0.55,0.59,900,0
20100910,0.59,0.59,0.59,0.59,1700,0
20100913,0.59,0.59,0.59,0.59,200,0
20100914,0.59,0.59,0.55,0.59,2200,0
20100915,0.59,0.59,0.59,0.59,100,0
20100916,0.59,0.59,0.59,0.59,100,0
20100917,0.56,0.59,0.56,0.59,2000,0
20100920,0.59,0.59,0.59,0.59,600,0
20100921,0.59,0.59,0.58,0.58,2600,0
20100922,0.58,0.58,0.55,0.55,1100,0
20100923,0.58,0.58,0.58,0.58,100,0
20100924,0.58,0.58,0.58,0.58,1700,0
20100927,0.55,0.58,0.55,0.58,600,0
20100928,0.58,0.58,0.53,0.53,2000,0
20100929,0.58,0.58,0.58,0.58,400,0
20101001,0.58,0.59,0.58,0.59,200,0
20101004,0.57,0.59,0.57,0.59,6000,0
20101011,0.59,0.59,0.53,0.55,10300,0
20101012,0.59,0.59,0.53,0.57,1100,0
20101014,0.57,0.57,0.57,0.57,2200,0
20101015,0.56,0.56,0.56,0.56,100,0
20101018,0.57,0.57,0.57,0.57,100,0
20101019,0.57,0.57,0.55,0.55,200,0
20101020,0.55,0.55,0.55,0.55,100,0
20101021,0.55,0.55,0.55,0.55,100,0
20101022,0.55,0.55,0.55,0.55,100,0
20101025,0.55,0.55,0.55,0.55,6100,0
20101026,0.55,0.56,0.51,0.55,20700,0
20101027,0.55,0.55,0.51,0.55,400,0
20101028,0.55,0.55,0.51,0.55,3000,0
20101029,0.55,0.55,0.51,0.55,2100,0
20101101,0.55,0.55,0.55,0.55,100,0
20101102,0.55,0.55,0.55,0.55,100,0
20101104,0.55,0.55,0.51,0.55,1700,0
20101105,0.55,0.55,0.51,0.51,700,0
20101108,0.55,0.57,0.55,0.57,3000,0
20101109,0.56,0.56,0.55,0.55,31100,0
20101110,0.56,0.56,0.56,0.56,100,0
20101111,0.55,0.55,0.55,0.55,100,0
20101112,0.52,0.52,0.51,0.51,4000,0
20101115,0.54,0.54,0.54,0.54,100,0
20101116,0.54,0.54,0.51,0.51,2000,0
20101117,0.54,0.55,0.54,0.55,2400,0
20101118,0.54,0.54,0.53,0.54,6200,0
20101119,0.54,0.54,0.54,0.54,100,0
20101122,0.54,0.54,0.54,0.54,100,0
20101123,0.54,0.54,0.5,0.54,5700,0
20101124,0.54,0.54,0.54,0.54,100,0
20101125,0.54,0.54,0.54,0.54,100,0
20101129,0.5,0.5,0.5,0.5,29100,0
20101130,0.5,0.5,0.5,0.5,5600,0
20101202,0.48,0.48,0.46,0.46,1800,0
20101203,0.46,0.46,0.46,0.46,9800,0
20101206,0.46,0.46,0.46,0.46,105900,0
20101208,0.49,0.51,0.49,0.51,21500,0
20101209,0.52,0.52,0.52,0.52,8600,0
20101210,0.55,0.67,0.54,0.6,118900,0
20101213,0.64,0.64,0.59,0.59,1500,0
20101214,0.59,0.59,0.59,0.59,2700,0
20101216,0.59,0.59,0.59,0.59,100,0
20101220,0.59,0.59,0.57,0.57,2100,0
20101221,0.58,0.58,0.58,0.58,100,0
20101223,0.57,0.58,0.54,0.58,1100,0
20101227,0.58,0.58,0.58,0.58,100,0
20101228,0.57,0.57,0.55,0.57,400,0
20101229,0.57,0.57,0.55,0.57,1200,0
20101230,0.57,0.57,0.55,0.57,2100,0
20110103,0.58,0.58,0.58,0.58,100,0
20110105,0.57,0.57,0.57,0.57,5500,0
20110106,0.57,0.57,0.52,0.57,8600,0
20110107,0.57,0.57,0.52,0.57,2200,0
20110110,0.57,0.57,0.57,0.57,100,0
20110111,0.57,0.57,0.57,0.57,100,0
20110112,0.57,0.57,0.57,0.57,100,0
20110113,0.57,0.58,0.52,0.58,2800,0
20110114,0.53,0.58,0.53,0.58,1700,0
20110119,0.53,0.55,0.53,0.55,5000,0
20110124,0.58,0.58,0.57,0.57,400,0
20110125,0.57,0.57,0.53,0.57,7400,0
20110126,0.57,0.57,0.52,0.57,2700,0
20110127,0.57,0.57,0.57,0.57,100,0
20110128,0.57,0.57,0.57,0.57,100,0
20110131,0.57,0.57,0.57,0.57,100,0
20110201,0.58,0.58,0.58,0.58,100,0
20110202,0.57,0.58,0.57,0.58,6600,0
20110203,0.58,0.58,0.58,0.58,100,0
20110209,0.56,0.56,0.52,0.56,800,0
20110210,0.56,0.56,0.56,0.56,100,0
20110211,0.56,0.56,0.56,0.56,10100,0
20110214,0.58,0.58,0.55,0.55,10100,0
20110215,0.58,0.58,0.58,0.58,300,0
20110216,0.58,0.58,0.58,0.58,100,0
20110217,0.58,0.58,0.55,0.58,600,0
20110218,0.58,0.58,0.58,0.58,100,0
20110221,0.58,0.58,0.58,0.58,100,0
20110222,0.58,0.58,0.58,0.58,100,0
20110223,0.55,0.55,0.55,0.55,10200,0
20110225,0.52,0.55,0.52,0.55,4100,0
20110228,0.55,0.55,0.55,0.55,6600,0
20110302,0.53,0.53,0.52,0.52,1300,0
20110307,0.52,0.53,0.52,0.53,17400,0
20110309,0.53,0.54,0.53,0.53,10400,0
20110310,0.53,0.56,0.5,0.56,21500,0
20110311,0.51,0.56,0.5,0.56,29100,0
20110315,0.52,0.56,0.52,0.56,1100,0
20110318,0.53,0.53,0.49,0.49,5100,0
20110321,0.53,0.53,0.48,0.48,11200,0
20110325,0.53,0.53,0.53,0.53,100,0
20110328,0.53,0.55,0.53,0.55,4200,0
20110330,0.55,0.55,0.55,0.55,100,0
20110331,0.52,0.55,0.52,0.55,1700,0
20110401,0.5,0.55,0.5,0.55,800,0
20110405,0.55,0.55,0.55,0.55,5300,0
20110406,0.55,0.55,0.53,0.55,4200,0
20110407,0.57,0.57,0.57,0.57,100,0
20110408,0.57,0.57,0.57,0.57,1000,0
20110412,0.57,0.57,0.52,0.57,29400,0
20110413,0.56,0.56,0.56,0.56,100,0
20110414,0.56,0.56,0.56,0.56,100,0
20110415,0.56,0.56,0.56,0.56,100,0
20110418,0.55,0.56,0.55,0.56,3100,0
20110419,0.55,0.57,0.55,0.57,2500,0
20110420,0.57,0.57,0.57,0.57,100,0
20110421,0.57,0.57,0.57,0.57,100,0
20110426,0.57,0.57,0.57,0.57,100,0
20110427,0.54,0.57,0.52,0.57,2800,0
20110428,0.56,0.56,0.56,0.56,800,0
20110429,0.57,0.57,0.57,0.57,500,0
20110503,0.56,0.56,0.56,0.56,100,0
20110504,0.56,0.56,0.56,0.56,100,0
20110505,0.57,0.57,0.57,0.57,200,0
20110506,0.57,0.57,0.57,0.57,200,0
20110509,0.56,0.56,0.56,0.56,1000,0
20110510,0.56,0.57,0.56,0.57,10000,0
20110511,0.57,0.57,0.57,0.57,100,0
20110512,0.57,0.57,0.52,0.57,11000,0
20110513,0.55,0.57,0.55,0.57,4100,0
20110516,0.56,0.58,0.53,0.58,1500,0
20110517,0.57,0.6,0.57,0.6,600,0
20110518,0.6,0.61,0.6,0.61,2600,0
20110519,0.58,0.58,0.58,0.58,1000,0
20110520,0.57,0.58,0.53,0.58,800,0
20110523,0.55,0.58,0.55,0.58,4200,0
20110524,0.55,0.58,0.55,0.58,10100,0
20110525,0.58,0.58,0.58,0.58,200,0
20110526,0.55,0.58,0.55,0.58,5100,0
20110527,0.58,0.58,0.58,0.58,100,0
20110530,0.58,0.58,0.58,0.58,1100,0
20110531,0.54,0.58,0.54,0.58,2500,0
20110601,0.58,0.58,0.56,0.57,2500,0
20110602,0.56,0.57,0.52,0.56,5300,0
20110603,0.52,0.56,0.52,0.56,9400,0
20110606,0.54,0.54,0.54,0.54,3000,0
20110607,0.54,0.55,0.52,0.54,7800,0
20110608,0.55,0.55,0.55,0.55,500,0
20110609,0.55,0.55,0.55,0.55,100,0
20110610,0.54,0.55,0.54,0.55,3000,0
20110614,0.52,0.54,0.5,0.54,38100,0
20110616,0.51,0.54,0.5,0.54,6100,0
20110620,0.54,0.54,0.54,0.54,100,0
20110621,0.54,0.54,0.54,0.54,100,0
20110622,0.52,0.54,0.52,0.54,700,0
20110623,0.52,0.54,0.52,0.52,2200,0
20110627,0.54,0.54,0.54,0.54,200,0
20110628,0.54,0.54,0.5,0.54,2800,0
20110629,0.54,0.56,0.54,0.56,8800,0
20110701,0.58,0.58,0.58,0.58,400,0
20110706,0.5,0.55,0.5,0.55,14000,0
20110707,0.56,0.56,0.56,0.56,7000,0
20110708,0.54,0.57,0.53,0.57,4400,0
20110711,0.55,0.57,0.54,0.57,8000,0
20110713,0.54,0.57,0.53,0.57,6300,0
20110715,0.54,0.54,0.53,0.53,3700,0
20110718,0.57,0.57,0.57,0.57,100,0
20110719,0.57,0.57,0.57,0.57,100,0
20110720,0.54,0.57,0.54,0.57,2200,0
20110721,0.53,0.58,0.53,0.58,1800,0
20110722,0.58,0.58,0.58,0.58,100,0
20110725,0.58,0.58,0.58,0.58,100,0
20110726,0.55,0.58,0.55,0.58,1100,0
20110727,0.58,0.58,0.58,0.58,1000,0
20110729,0.54,0.58,0.53,0.58,1600,0
20110802,0.53,0.56,0.53,0.56,500,0
20110803,0.56,0.56,0.56,0.56,100,0
20110805,0.56,0.56,0.56,0.56,100,0
20110808,0.55,0.56,0.55,0.56,400,0
20110810,0.56,0.56,0.5,0.56,2600,0
20110811,0.56,0.56,0.5,0.56,51100,0
20110812,0.56,0.56,0.56,0.56,100,0
20110815,0.56,0.56,0.49,0.49,17900,0
20110816,0.51,0.52,0.51,0.52,6000,0
20110817,0.52,0.56,0.51,0.56,8400,0
20110818,0.51,0.55,0.5,0.51,52400,0
20110819,0.5,0.51,0.5,0.51,2000,0
20110822,0.51,0.55,0.5,0.51,4600,0
20110823,0.5,0.5,0.49,0.49,3500,0
20110824,0.55,0.55,0.55,0.55,100,0
20110825,0.55,0.55,0.55,0.55,100,0
20110826,0.55,0.55,0.55,0.55,2100,0
20110829,0.55,0.55,0.55,0.55,100,0
20110830,0.55,0.55,0.55,0.55,100,0
20110831,0.51,0.55,0.51,0.55,4200,0
20110901,0.55,0.55,0.55,0.55,100,0
20110905,0.5,0.55,0.5,0.55,4500,0
20110907,0.55,0.55,0.52,0.55,3300,0
20110908,0.55,0.55,0.55,0.55,100,0
20110909,0.5,0.52,0.5,0.52,900,0
20110912,0.5,0.52,0.5,0.52,1300,0
20110913,0.55,0.55,0.53,0.53,2200,0
20110914,0.54,0.54,0.54,0.54,1200,0
20110915,0.55,0.55,0.54,0.54,1000,0
20110916,0.51,0.55,0.51,0.55,3100,0
20110919,0.55,0.55,0.49,0.52,1300,0
20110920,0.5,0.5,0.5,0.5,10000,0
20110921,0.5,0.5,0.49,0.49,5400,0
20110922,0.5,0.5,0.47,0.5,4800,0
20110923,0.46,0.47,0.46,0.47,4000,0
20110926,0.5,0.5,0.46,0.49,900,0
20110927,0.5,0.5,0.5,0.5,100,0
20110928,0.48,0.48,0.43,0.48,4300,0
20110929,0.5,0.5,0.5,0.5,100,0
20110930,0.46,0.5,0.46,0.5,2200,0
20111003,0.5,0.5,0.44,0.44,6600,0
20111004,0.46,0.46,0.42,0.46,2700,0
20111005,0.46,0.46,0.46,0.46,100,0
20111006,0.46,0.46,0.46,0.46,2100,0
20111007,0.5,0.5,0.47,0.47,2100,0
20111010,0.5,0.5,0.5,0.5,1900,0
20111011,0.5,0.5,0.5,0.5,100,0
20111012,0.5,0.5,0.5,0.5,100,0
20111013,0.5,0.5,0.5,0.5,500,0
20111014,0.45,0.5,0.45,0.5,6800,0
20111017,0.5,0.5,0.5,0.5,5700,0
20111018,0.5,0.5,0.5,0.5,10500,0
20111019,0.5,0.5,0.5,0.5,2000,0
20111020,0.5,0.54,0.5,0.54,2300,0
20111021,0.51,0.54,0.51,0.51,6000,0
20111024,0.49,0.49,0.49,0.49,2000,0
20111025,0.51,0.51,0.51,0.51,1100,0
20111026,0.51,0.51,0.49,0.5,4200,0
20111027,0.5,0.56,0.5,0.52,57900,0
20111028,0.48,0.51,0.48,0.51,10900,0
20111031,0.51,0.51,0.51,0.51,600,0
20111101,0.51,0.51,0.51,0.51,200,0
20111102,0.48,0.51,0.48,0.51,10500,0
20111103,0.5,0.51,0.5,0.51,2200,0
20111104,0.5,0.51,0.5,0.51,600,0
20111107,0.52,0.52,0.52,0.52,300,0
20111108,0.53,0.53,0.53,0.53,500,0
20111109,0.48,0.51,0.48,0.51,10500,0
20111110,0.51,0.51,0.47,0.51,3000,0
20111111,0.51,0.51,0.51,0.51,500,0
20111114,0.51,0.51,0.49,0.5,5700,0
20111115,0.5,0.5,0.47,0.49,8500,0
20111116,0.47,0.49,0.47,0.49,6500,0
20111117,0.49,0.49,0.49,0.49,1000,0
20111118,0.49,0.49,0.49,0.49,3000,0
20111121,0.49,0.49,0.49,0.49,4200,0
20111122,0.49,0.49,0.49,0.49,200,0
20111123,0.49,0.49,0.49,0.49,500,0
20111124,0.49,0.49,0.49,0.49,300,0
20111125,0.49,0.49,0.49,0.49,1000,0
20111128,0.48,0.5,0.48,0.5,1300,0
20111129,0.5,0.5,0.5,0.5,500,0
20111130,0.5,0.5,0.5,0.5,500,0
20111201,0.5,0.51,0.5,0.51,4800,0
20111202,0.5,0.57,0.5,0.5,60500,0
20111205,0.52,0.58,0.52,0.57,5300,0
20111206,0.57,0.57,0.57,0.57,1000,0
20111207,0.55,0.55,0.52,0.55,12100,0
20111208,0.55,0.6,0.54,0.55,14700,0
20111209,0.61,0.68,0.61,0.62,55900,0
20111212,0.64,0.66,0.63,0.64,35900,0
20111213,0.61,0.61,0.61,0.61,1000,0
20111214,0.63,0.63,0.61,0.61,15000,0
20111215,0.65,0.65,0.63,0.63,1500,0
20111216,0.63,0.66,0.61,0.61,31700,0
20111219,0.64,0.64,0.63,0.63,13000,0
20111220,0.62,0.62,0.61,0.61,20100,0
20111221,0.61,0.63,0.61,0.63,7000,0
20111222,0.63,0.63,0.59,0.59,50700,0
20111223,0.59,0.6,0.59,0.6,7500,0
20111227,0.57,0.61,0.57,0.61,39200,0
20111228,0.61,0.61,0.59,0.59,9000,0
20111229,0.59,0.59,0.56,0.56,9000,0
20120102,0.62,0.62,0.57,0.58,7200,0
20120104,0.62,0.62,0.59,0.59,3500,0
20120106,0.59,0.59,0.59,0.59,700,0
20120109,0.61,0.61,0.6,0.61,8000,0
20120110,0.61,0.61,0.6,0.61,8300,0
20120111,0.61,0.61,0.6,0.61,11100,0
20120112,0.61,0.62,0.59,0.59,30600,0
20120113,0.6,0.6,0.58,0.58,10300,0
20120116,0.57,0.6,0.57,0.6,12100,0
20120117,0.6,0.61,0.58,0.61,6200,0
20120118,0.6,0.6,0.59,0.59,4600,0
20120119,0.59,0.59,0.58,0.58,5000,0
20120120,0.59,0.62,0.59,0.62,800,0
20120123,0.61,0.61,0.58,0.58,10300,0
20120124,0.58,0.59,0.58,0.58,12300,0
20120125,0.6,0.6,0.6,0.6,100,0
20120126,0.62,0.62,0.6,0.6,8500,0
20120127,0.6,0.61,0.6,0.61,8000,0
20120130,0.61,0.61,0.61,0.61,6000,0
20120131,0.61,0.62,0.6,0.6,21100,0
20120201,0.6,0.6,0.6,0.6,5000,0
20120202,0.62,0.62,0.62,0.62,18200,0
20120203,0.61,0.63,0.6,0.6,29800,0
20120206,0.6,0.69,0.6,0.69,60800,0
20120207,0.65,0.67,0.65,0.65,40600,0
20120208,0.65,0.66,0.64,0.64,59100,0
20120209,0.66,0.66,0.66,0.66,12300,0
20120210,0.68,0.68,0.66,0.66,6800,0
20120213,0.69,0.69,0.68,0.68,2900,0
20120214,0.68,0.68,0.68,0.68,1000,0
20120215,0.68,0.68,0.68,0.68,7500,0
20120216,0.68,0.69,0.68,0.68,11500,0
20120217,0.68,0.69,0.67,0.69,13200,0
20120220,0.71,0.73,0.69,0.72,33800,0
20120221,0.72,0.72,0.7,0.7,17300,0
20120222,0.7,0.71,0.7,0.71,16200,0
20120223,0.71,0.71,0.71,0.71,5000,0
20120224,0.71,0.71,0.71,0.71,2500,0
20120227,0.7,0.7,0.7,0.7,2000,0
20120228,0.7,0.71,0.7,0.71,4900,0
20120229,0.71,0.71,0.71,0.71,11200,0
20120301,0.71,0.71,0.71,0.71,8100,0
20120302,0.7,0.7,0.7,0.7,1000,0
20120305,0.7,0.7,0.7,0.7,5000,0
20120306,0.7,0.7,0.66,0.69,13900,0
20120307,0.69,0.69,0.63,0.69,11300,0
20120308,0.67,0.69,0.65,0.69,4100,0
20120309,0.7,0.7,0.7,0.7,2000,0
20120312,0.71,0.71,0.7,0.71,5400,0
20120313,0.69,0.69,0.68,0.69,6500,0
20120314,0.69,0.7,0.69,0.69,8100,0
20120315,0.69,0.7,0.69,0.7,4500,0
20120316,0.69,0.69,0.69,0.69,4000,0
20120319,0.69,0.69,0.68,0.69,7000,0
20120320,0.69,0.69,0.69,0.69,3100,0
20120321,0.68,0.69,0.68,0.69,3000,0
20120322,0.68,0.68,0.68,0.68,2800,0
20120323,0.68,0.68,0.68,0.68,2400,0
20120326,0.68,0.68,0.68,0.68,2700,0
20120327,0.68,0.68,0.68,0.68,2700,0
20120328,0.68,0.68,0.68,0.68,2500,0
20120329,0.68,0.68,0.66,0.66,4900,0
20120330,0.68,0.71,0.68,0.71,14100,0
20120402,0.72,0.73,0.7,0.71,13400,0
20120403,0.7,0.7,0.7,0.7,2500,0
20120404,0.73,0.73,0.69,0.73,11400,0
20120405,0.71,0.72,0.71,0.72,2700,0
20120410,0.72,0.72,0.7,0.71,10400,0
20120411,0.69,0.7,0.68,0.68,3200,0
20120412,0.68,0.7,0.66,0.7,12900,0
20120413,0.7,0.7,0.69,0.7,10200,0
20120416,0.7,0.7,0.68,0.7,22200,0
20120417,0.7,0.7,0.69,0.69,4100,0
20120418,0.69,0.69,0.69,0.69,3400,0
20120419,0.69,0.71,0.69,0.7,6300,0
20120420,0.7,0.71,0.67,0.71,7100,0
20120423,0.67,0.71,0.66,0.71,7800,0
20120424,0.7,0.72,0.69,0.72,2800,0
20120425,0.72,0.72,0.7,0.71,4000,0
20120426,0.71,0.72,0.71,0.71,10000,0
20120427,0.71,0.71,0.71,0.71,9600,0
20120430,0.71,0.72,0.71,0.72,8000,0
20120502,0.73,0.74,0.72,0.74,9500,0
20120503,0.73,0.74,0.72,0.74,9000,0
20120504,0.75,0.75,0.75,0.75,2000,0
20120507,0.74,0.74,0.71,0.74,12400,0
20120508,0.74,0.75,0.74,0.75,4900,0
20120509,0.75,0.76,0.75,0.75,12000,0
20120510,0.78,0.92,0.78,0.92,15100,0
20120511,0.95,1.05,0.91,0.95,59800,0
20120514,1.05,1.05,0.85,0.93,20000,0
20120516,0.85,0.9,0.85,0.9,2400,0
20120518,0.9,0.9,0.82,0.87,6200,0
20120521,0.9,0.9,0.85,0.9,5800,0
20120522,0.87,0.9,0.87,0.9,5000,0
20120523,0.89,0.97,0.85,0.95,39800,0
20120524,0.97,1.08,0.95,1,26300,0
20120525,1,1,0.95,0.98,41000,0
20120528,0.92,0.98,0.92,0.98,19700,0
20120529,0.95,0.98,0.95,0.98,15100,0
20120530,0.98,0.99,0.92,0.95,43500,0
20120531,0.95,0.99,0.95,0.99,19700,0
20120601,0.92,0.99,0.9,0.99,12400,0
20120604,0.95,0.99,0.93,0.96,10600,0
20120605,0.96,0.96,0.9,0.93,35800,0
20120606,0.95,0.99,0.95,0.98,45400,0
20120607,0.99,0.99,0.96,0.99,10200,0
20120608,0.99,1,0.98,0.99,16400,0
20120611,0.99,0.99,0.98,0.99,10400,0
20120612,0.99,0.99,0.94,0.98,11200,0
20120613,0.98,0.99,0.93,0.98,9100,0
20120614,1,1,0.94,0.98,22700,0
20120615,0.98,0.99,0.98,0.99,44800,0
20120618,0.99,0.99,0.95,0.99,22800,0
20120619,0.99,0.99,0.95,0.95,75200,0
20120620,0.99,0.99,0.94,0.95,53300,0
20120621,0.95,0.97,0.92,0.97,22200,0
20120622,0.97,0.98,0.97,0.97,31000,0
20120625,0.99,1.05,0.98,0.99,38400,0
20120626,1.02,1.02,0.95,0.99,27000,0
20120627,0.99,0.99,0.98,0.98,20100,0
20120628,0.98,0.99,0.93,0.99,19200,0
20120629,0.99,1.04,0.95,1.04,23900,0
20120702,1.1,1.13,1.05,1.13,35400,0
20120703,1.12,1.14,1.1,1.11,24200,0
20120704,1.1,1.13,1.1,1.13,14100,0
20120705,1.15,1.15,1.1,1.12,22100,0
20120706,1.15,1.15,1.1,1.1,28800,0
20120709,1.08,1.08,0.92,1,65400,0
20120710,1.03,1.08,1,1,20700,0
20120711,1.05,1.05,1,1.05,31800,0
20120712,1.04,1.06,1,1,18100,0
20120713,1.03,1.05,1.03,1.05,26600,0
20120716,1.05,1.09,1,1,34900,0
20120717,1.04,1.08,1.03,1.03,30100,0
20120718,1.1,1.1,1.05,1.05,13800,0
20120719,1.1,1.15,1.08,1.15,15000,0
20120720,1.15,1.16,1.14,1.14,29200,0
20120723,1.18,1.18,1.18,1.18,23100,0
20120724,1.19,1.19,1.18,1.18,10600,0
20120725,1.19,1.19,1.15,1.19,4100,0
20120726,1.19,1.19,1.18,1.18,2200,0
20120727,1.17,1.17,1.15,1.16,1500,0
20120730,1.16,1.16,1.15,1.16,7200,0
20120731,1.15,1.18,1.13,1.18,19200,0
20120801,1.18,1.18,1.15,1.17,1400,0
20120802,1.18,1.18,1.15,1.18,6300,0
20120803,1.2,1.2,1.13,1.19,3000,0
20120806,1.19,1.19,1.13,1.18,5800,0
20120807,1.18,1.18,1.14,1.17,3200,0
20120808,1.17,1.17,1.14,1.15,8100,0
20120809,1.15,1.15,1.12,1.13,12100,0
20120810,1.12,1.13,1.09,1.1,14900,0
20120813,1.1,1.13,1.1,1.1,10500,0
20120814,1.13,1.13,1.11,1.11,10300,0
20120815,1.09,1.1,1.03,1.1,11500,0
20120816,1.1,1.1,1.05,1.05,100,0
20120817,1.1,1.1,1.05,1.1,6700,0
20120820,1.1,1.12,1.1,1.1,4100,0
20120821,1.1,1.12,1.06,1.06,7600,0
20120822,1.08,1.1,1.05,1.1,15200,0
20120823,1.09,1.09,1.04,1.08,11800,0
20120824,1.08,1.08,1.04,1.08,23900,0
20120827,1.08,1.09,1.07,1.07,6500,0
20120828,1.09,1.1,1.06,1.07,16600,0
20120829,1.1,1.12,1.06,1.06,16100,0
20120830,1.12,1.12,1.1,1.1,4800,0
20120831,1.05,1.11,1.05,1.09,9000,0
20120903,1.09,1.16,1.08,1.15,28100,0
20120904,1.15,1.15,1.09,1.12,35800,0
20120905,1.15,1.15,1.15,1.15,5700,0
20120906,1.15,1.15,1.15,1.15,5000,0
20120907,1.14,1.18,1.14,1.15,9600,0
20120910,1.16,1.18,1.16,1.18,8100,0
20120912,1.16,1.16,1.15,1.15,8000,0
20120913,1.15,1.18,1.15,1.18,17100,0
20120914,1.15,1.15,1.15,1.15,1000,0
20120917,1.14,1.14,1.11,1.14,19400,0
20120918,1.13,1.18,1.13,1.18,13000,0
20120919,1.17,1.17,1.09,1.16,20000,0
20120920,1.14,1.16,1.12,1.16,8300,0
20120921,1.16,1.16,1.15,1.15,10100,0
20120924,1.16,1.19,1.15,1.19,21100,0
20120927,1.19,1.19,1.17,1.19,4200,0
20120928,1.2,1.28,1.2,1.28,12900,0
20121001,1.28,1.28,1.2,1.24,6000,0
20121002,1.28,1.3,1.28,1.3,5800,0
20121003,1.3,1.3,1.3,1.3,1000,0
20121004,1.3,1.35,1.3,1.35,9900,0
20121005,1.35,1.4,1.33,1.4,5900,0
20121008,1.4,1.4,1.37,1.37,7200,0
20121009,1.39,1.4,1.39,1.39,8200,0
20121010,1.39,1.39,1.38,1.38,4600,0
20121011,1.39,1.39,1.37,1.39,6400,0
20121012,1.39,1.39,1.39,1.39,13300,0
20121015,1.4,1.44,1.39,1.44,60300,0
20121016,1.44,1.45,1.44,1.45,34400,0
20121017,1.45,1.45,1.4,1.45,1000,0
20121019,1.45,1.45,1.36,1.42,6600,0
20121022,1.42,1.43,1.42,1.42,20600,0
20121023,1.42,1.47,1.4,1.47,6800,0
20121024,1.48,1.48,1.47,1.47,3000,0
20121025,1.47,1.47,1.47,1.47,3400,0
20121026,1.48,1.5,1.48,1.5,7300,0
20121029,1.5,1.6,1.39,1.58,35200,0
20121030,1.51,1.58,1.51,1.58,5200,0
20121031,1.58,1.59,1.58,1.59,17800,0
20121101,1.59,1.59,1.59,1.59,7200,0
20121102,1.59,1.59,1.49,1.58,3100,0
20121105,1.54,1.58,1.5,1.58,4300,0
20121106,1.58,1.58,1.58,1.58,1500,0
20121107,1.58,1.58,1.55,1.58,300,0
20121108,1.55,1.55,1.43,1.5,4500,0
20121109,1.47,1.47,1.47,1.47,2000,0
20121112,1.48,1.48,1.33,1.48,6200,0
20121113,1.37,1.48,1.37,1.48,2400,0
20121114,1.48,1.48,1.48,1.48,900,0
20121115,1.39,1.47,1.33,1.47,9700,0
20121116,1.47,1.47,1.33,1.46,1100,0
20121119,1.37,1.45,1.37,1.45,1000,0
20121120,1.35,1.44,1.2,1.43,23400,0
20121121,1.25,1.34,1.08,1.34,139800,0
20121122,1.38,1.38,1.28,1.28,6200,0
20121123,1.28,1.28,1.2,1.28,6200,0
20121126,1.28,1.28,1.22,1.28,2900,0
20121127,1.28,1.28,1.2,1.26,16300,0
20121128,1.25,1.25,1.2,1.23,8200,0
20121129,1.23,1.23,1.2,1.23,4100,0
20121130,1.23,1.23,1.2,1.23,8600,0
20121203,1.2,1.22,1.11,1.12,12200,0
20121204,1.14,1.18,1.14,1.18,27800,0
20121205,1.2,1.39,1.13,1.39,13200,0
20121206,1.35,1.45,1.3,1.45,32300,0
20121207,1.4,1.4,1.35,1.4,800,0
20121211,1.39,1.4,1.37,1.39,7700,0
20121212,1.37,1.4,1.22,1.33,12800,0
20121213,1.4,1.4,1.38,1.38,900,0
20121214,1.38,1.38,1.25,1.35,9000,0
20121217,1.33,1.33,1.22,1.25,14100,0
20121218,1.25,1.25,1.25,1.25,500,0
20121219,1.27,1.27,1.27,1.27,20100,0
20121220,1.28,1.33,1.28,1.33,2100,0
20121227,1.26,1.33,1.26,1.33,7200,0
20130102,1.35,1.4,1.35,1.4,7700,0
20130103,1.45,1.45,1.35,1.39,2500,0
20130104,1.37,1.37,1.37,1.37,20000,0
20130107,1.35,1.37,1.29,1.37,13000,0
20130108,1.37,1.37,1.28,1.37,8600,0
20130109,1.34,1.37,1.28,1.37,3100,0
20130110,1.28,1.37,1.22,1.28,26300,0
20130111,1.21,1.28,1.21,1.24,10900,0
20130114,1.29,1.29,1.24,1.29,8200,0
20130116,1.27,1.29,1.27,1.29,500,0
20130121,1.23,1.29,1.23,1.25,2300,0
20130122,1.25,1.4,1.25,1.38,16100,0
20130123,1.39,1.39,1.35,1.38,1200,0
20130125,1.38,1.38,1.26,1.38,6200,0
20130128,1.38,1.38,1.31,1.38,3400,0
20130130,1.3,1.35,1.27,1.35,11700,0
20130131,1.35,1.48,1.32,1.47,46200,0
20130201,1.44,1.48,1.4,1.48,75300,0
20130204,1.55,1.6,1.44,1.52,150100,0
20130205,1.53,1.53,1.46,1.5,53100,0
20130206,1.5,1.54,1.49,1.54,24200,0
20130207,1.53,1.58,1.5,1.5,72500,0
20130208,1.57,1.57,1.48,1.55,47500,0
20130211,1.56,1.56,1.52,1.56,34500,0
20130212,1.55,1.58,1.52,1.52,16500,0
20130213,1.54,1.55,1.52,1.55,6200,0
20130214,1.57,1.57,1.56,1.57,14700,0
20130215,1.58,1.58,1.55,1.58,12900,0
20130218,1.57,1.57,1.57,1.57,2500,0
20130219,1.55,1.55,1.53,1.55,14500,0
20130220,1.55,1.56,1.55,1.56,4600,0
20130221,1.56,1.6,1.53,1.6,34100,0
20130222,1.6,1.6,1.55,1.58,18800,0
20130225,1.58,1.6,1.58,1.58,5600,0
20130226,1.58,1.58,1.55,1.58,6600,0
20130227,1.57,1.6,1.57,1.6,16200,0
20130228,1.6,1.6,1.5,1.58,20200,0
20130301,1.58,1.58,1.48,1.58,6900,0
20130304,1.58,1.59,1.55,1.58,42300,0
20130305,1.58,1.58,1.52,1.52,13800,0
20130306,1.58,1.58,1.53,1.53,4100,0
20130307,1.54,1.58,1.54,1.56,9100,0
20130308,1.56,1.58,1.56,1.58,7000,0
20130311,1.58,1.58,1.58,1.58,3700,0
20130312,1.57,1.57,1.5,1.55,5800,0
20130313,1.53,1.56,1.53,1.55,1700,0
20130314,1.47,1.55,1.46,1.54,15600,0
20130315,1.53,1.53,1.52,1.53,3300,0
20130318,1.53,1.72,1.46,1.7,97200,0
20130319,1.67,1.7,1.66,1.7,9500,0
20130320,1.67,1.7,1.65,1.7,16400,0
20130321,1.7,1.99,1.7,1.92,98400,0
20130322,1.83,1.88,1.83,1.88,16500,0
20130325,1.89,1.89,1.51,1.69,57900,0
20130326,1.69,1.7,1.51,1.6,20800,0
20130327,1.61,1.7,1.61,1.69,6900,0
20130328,1.66,1.7,1.53,1.64,9000,0
20130402,1.59,1.65,1.59,1.65,15200,0
20130403,1.6,1.6,1.6,1.6,1000,0
20130405,1.65,1.65,1.55,1.61,5300,0
20130408,1.64,1.65,1.5,1.57,28500,0
20130409,1.59,1.64,1.53,1.59,11900,0
20130410,1.54,1.6,1.54,1.6,7200,0
20130411,1.63,1.63,1.6,1.63,3000,0
20130412,1.63,1.63,1.54,1.63,13800,0
20130415,1.6,1.63,1.6,1.63,2200,0
20130416,1.64,1.65,1.55,1.64,2400,0
20130417,1.64,1.64,1.54,1.6,1100,0
20130418,1.6,1.6,1.52,1.55,5800,0
20130419,1.6,1.6,1.59,1.59,1000,0
20130422,1.6,1.65,1.52,1.65,2700,0
20130423,1.65,1.65,1.65,1.65,600,0
20130425,1.65,1.65,1.55,1.64,7300,0
20130426,1.64,1.64,1.62,1.62,1700,0
20130430,1.62,1.62,1.6,1.6,1400,0
20130502,1.65,1.65,1.54,1.6,9600,0
20130503,1.6,1.6,1.51,1.58,9100,0
20130506,1.6,1.7,1.56,1.7,22900,0
20130507,1.62,1.88,1.62,1.85,72500,0
20130508,1.77,1.9,1.77,1.84,30400,0
20130509,1.84,1.84,1.71,1.83,3700,0
20130510,1.8,1.8,1.7,1.79,13000,0
20130513,1.79,1.84,1.71,1.8,13400,0
20130514,1.82,1.82,1.75,1.82,17400,0
20130515,1.82,1.9,1.8,1.88,64400,0
20130516,1.88,1.89,1.85,1.87,59000,0
20130517,1.87,1.9,1.81,1.85,39500,0
20130520,1.85,1.85,1.81,1.85,2600,0
20130521,1.82,1.84,1.75,1.84,15300,0
20130522,1.75,1.84,1.74,1.8,18300,0
20130523,1.75,1.8,1.71,1.8,2200,0
20130524,1.8,1.8,1.71,1.8,1100,0
20130527,1.8,1.84,1.67,1.8,14700,0
20130528,1.67,1.83,1.67,1.8,12100,0
20130529,1.8,1.8,1.79,1.79,2000,0
20130530,1.8,1.8,1.8,1.8,400,0
20130531,1.8,1.83,1.75,1.83,8800,0
20130603,1.83,1.83,1.73,1.8,4800,0
20130604,1.73,1.82,1.73,1.82,15700,0
20130605,1.83,1.83,1.75,1.83,6300,0
20130606,1.8,1.95,1.8,1.95,45400,0
20130607,1.95,2.15,1.88,2.15,54900,0
20130610,2.08,2.15,2.08,2.1,15700,0
20130611,2.1,2.1,1.9,2,44300,0
20130612,2.15,2.29,2.1,2.1,27200,0
20130613,2.05,2.11,2.05,2.1,8400,0
20130614,2.03,2.22,2.03,2.18,62500,0
20130617,2.17,2.22,2.09,2.15,26800,0
20130618,2.13,2.14,2.11,2.14,13000,0
20130619,2.15,2.15,2.1,2.14,10900,0
20130620,2.1,2.13,2.08,2.1,16000,0
20130621,2.1,2.13,1.95,2.13,130800,0
20130624,2.1,2.13,2.04,2.05,45400,0
20130625,2.04,2.12,2,2.03,80900,0
20130626,2.13,2.13,2.02,2.04,4900,0
20130627,2.08,2.08,2.03,2.07,7900,0
20130701,2.07,2.07,2,2.05,5500,0
20130703,2.05,2.05,2,2.03,7100,0
20130704,2.05,2.05,2.03,2.05,2000,0
20130708,2.05,2.05,1.98,2.05,15500,0
20130709,2.05,2.05,2.04,2.05,8200,0
20130710,1.98,2.05,1.98,2.05,3200,0
20130711,1.99,2.04,1.99,2.04,4500,0
20130712,2.05,2.05,1.99,1.99,2800,0
20130717,1.98,2.02,1.95,2.02,5300,0
20130718,1.95,2,1.95,2,3500,0
20130719,1.95,2,1.89,2,15200,0
20130722,2,2,2,2,2000,0
20130723,1.94,2,1.94,2,3500,0
20130724,1.9,2,1.9,2,8300,0
20130725,2,2,1.9,2,25800,0
20130726,1.91,2,1.91,2,5000,0
20130729,2,2,2,2,1000,0
20130730,1.95,2,1.95,2,900,0
20130731,2,2,2,2,12400,0
20130802,1.91,2,1.9,2,21400,0
20130805,1.9,2,1.9,2,8000,0
20130806,2,2,1.9,2,9200,0
20130807,1.96,2,1.96,2,3900,0
20130808,1.99,1.99,1.9,1.99,1100,0
20130809,1.99,2,1.95,2,3900,0
20130812,1.95,2,1.95,2,21600,0
20130813,2.08,2.09,1.96,2.06,37000,0
20130814,2.06,2.35,2.06,2.22,52700,0
20130815,2.27,2.38,2.27,2.38,40200,0
20130816,2.35,2.35,2.3,2.35,6200,0
20130819,2.3,2.36,2.3,2.35,16400,0
20130820,2.35,2.35,2.31,2.31,9100,0
20130821,2.35,2.36,2.31,2.36,14300,0
20130822,2.38,2.38,2.36,2.36,500,0
20130823,2.35,2.38,2.34,2.38,5500,0
20130826,2.35,2.38,2.32,2.38,6000,0
20130827,2.36,2.36,2.2,2.35,40800,0
20130828,2.3,2.3,2.23,2.28,4600,0
20130829,2.2,2.3,2.2,2.3,20700,0
20130830,2.28,2.35,2.27,2.35,31100,0
20130902,2.35,2.35,2.3,2.35,9100,0
20130903,2.33,2.35,2.33,2.35,5100,0
20130904,2.34,2.34,2.28,2.3,3600,0
20130905,2.32,2.32,2.31,2.31,1300,0
20130906,2.32,2.32,2.3,2.3,1800,0
20130909,2.3,2.72,2.3,2.56,81700,0
20130910,2.5,2.65,2.5,2.52,22000,0
20130911,2.55,2.6,2.51,2.51,7300,0
20130912,2.58,2.6,2.55,2.55,10000,0
20130913,2.61,2.65,2.55,2.65,12300,0
20130916,2.69,2.69,2.65,2.65,12000,0
20130917,2.69,2.75,2.65,2.74,27400,0
20130918,2.75,2.9,2.75,2.87,57400,0
20130919,2.88,2.95,2.85,2.9,41000,0
20130920,2.9,3.14,2.89,3.05,68100,0
20130923,3.05,3.08,2.92,3,23600,0
20130924,2.99,2.99,2.85,2.95,14100,0
20130925,2.92,2.92,2.82,2.85,12600,0
20130926,2.9,3,2.83,2.99,8800,0
20130927,2.96,3,2.82,3,24100,0
20130930,2.98,2.98,2.95,2.95,2000,0
20131001,2.9,2.98,2.9,2.95,16400,0
20131002,2.95,3.15,2.95,3,26400,0
20131003,3,3,2.95,2.98,12100,0
20131004,2.98,3,2.9,2.94,18900,0
20131007,3.06,3.06,2.91,2.92,19100,0
20131008,2.92,2.95,2.9,2.93,18000,0
20131009,2.95,2.99,2.95,2.99,4800,0
20131010,3,3.05,2.98,2.98,3000,0
20131011,3.09,3.09,2.97,3,9900,0
20131014,3.09,3.15,3,3.08,38400,0
20131015,3.08,3.1,3.03,3.1,109400,0
20131016,3.05,3.1,3,3.08,29600,0
20131017,3,3.05,2.89,3.05,25100,0
20131018,3.02,3.02,2.98,3,10400,0
20131021,2.98,3.04,2.98,2.99,40100,0
20131022,3,3.05,2.97,3.05,45300,0
20131023,3.05,3.3,3.05,3.16,52600,0
20131024,3.3,3.32,3.18,3.3,110100,0
20131025,3.23,3.3,3.2,3.3,18500,0
20131028,3.34,3.34,3.27,3.27,22200,0
20131029,3.3,3.4,3.25,3.3,114600,0
20131030,3.39,3.48,3.38,3.4,28300,0
20131031,3.45,3.65,3.4,3.65,39300,0
20131101,3.64,3.79,3.51,3.74,25100,0
20131104,3.72,3.72,3.48,3.6,55300,0
20131105,3.6,3.7,3.6,3.66,9800,0
20131106,3.61,3.66,3.59,3.59,6700,0
20131107,3.59,3.59,3.5,3.51,7600,0
20131108,3.48,3.6,3.48,3.51,15700,0
20131111,3.6,3.6,3.48,3.49,6400,0
20131112,3.65,3.66,3.51,3.59,13400,0
20131113,3.59,3.8,3.59,3.8,18900,0
20131114,3.75,3.9,3.75,3.9,22500,0
20131115,3.9,4,3.79,4,44400,0
20131118,4,4.08,3.91,4.08,66300,0
20131119,4.09,4.32,4.09,4.32,19300,0
20131120,4.36,4.4,4.15,4.28,43300,0
20131121,4.19,4.29,4.05,4.19,21100,0
20131122,4.2,4.2,4.1,4.14,11400,0
20131125,4.17,4.29,4.16,4.25,34200,0
20131126,4.28,4.31,4.17,4.25,45500,0
20131127,4.29,4.29,4.2,4.25,3300,0
20131128,4.25,4.25,4.18,4.25,4700,0
20131129,4.25,4.25,4.12,4.2,6400,0
20131202,4.25,4.29,4.07,4.11,37800,0
20131203,4.19,4.19,3.73,3.99,134500,0
20131204,3.95,4.08,3.9,4.07,12700,0
20131205,4.07,4.07,3.86,4.02,62900,0
20131206,4.02,4.02,3.98,4.02,3900,0
20131209,4.02,4.03,3.96,4.03,10500,0
20131210,3.97,4,3.97,4,2100,0
20131211,3.92,4,3.91,4,26800,0
20131212,3.94,4,3.89,4,13900,0
20131213,3.9,3.95,3.9,3.94,14700,0
20131216,3.89,3.92,3.85,3.92,12100,0
20131217,3.84,3.99,3.76,3.98,57100,0
20131218,3.99,3.99,3.87,3.99,6700,0
20131219,3.99,3.99,3.82,3.95,46200,0
20131220,3.87,3.95,3.86,3.94,7200,0
20131223,3.99,3.99,3.83,3.95,5600,0
20131227,3.84,3.92,3.77,3.86,28800,0
20131230,3.93,3.95,3.82,3.95,13000,0
20140102,3.95,3.95,3.81,3.9,9700,0
20140103,3.88,3.9,3.88,3.9,1400,0
20140106,3.9,3.97,3.88,3.9,30600,0
20140107,3.86,3.9,3.86,3.9,6500,0
20140108,3.9,3.9,3.83,3.85,6300,0
20140109,3.86,3.9,3.86,3.9,51700,0
20140110,3.85,3.85,3.83,3.85,5000,0
20140113,3.89,3.89,3.8,3.85,10000,0
20140114,3.88,3.88,3.79,3.85,19400,0
20140115,3.85,3.85,3.73,3.8,12800,0
20140116,3.8,3.8,3.7,3.72,25700,0
20140117,3.72,3.72,3.6,3.7,24100,0
20140120,3.7,3.77,3.69,3.77,13100,0
20140121,3.75,3.75,3.64,3.75,5100,0
20140122,3.76,3.77,3.7,3.7,2700,0
20140123,3.78,3.78,3.66,3.75,3500,0
20140124,3.66,3.75,3.63,3.73,8000,0
20140127,3.58,3.75,3.58,3.72,11800,0
20140128,3.74,3.75,3.62,3.74,8000,0
20140129,3.62,3.68,3.62,3.67,600,0
20140130,3.67,3.67,3.62,3.67,6500,0
20140131,3.68,3.7,3.67,3.67,9400,0
20140203,3.67,3.7,3.65,3.7,6900,0
20140204,3.7,3.9,3.7,3.86,47800,0
20140205,3.86,3.92,3.8,3.8,42400,0
20140206,3.88,4.05,3.85,3.98,191700,0
20140207,3.98,3.98,3.9,3.95,31300,0
20140210,4.05,4.22,3.95,4.02,84700,0
20140211,4.05,4.1,4,4.05,87600,0
20140212,4.05,4.13,4.05,4.13,30100,0
20140213,4.13,4.19,4.1,4.1,24700,0
20140214,4.14,4.29,4.14,4.29,41500,0
20140217,4.45,4.6,4.3,4.59,101700,0
20140218,4.65,4.66,4.5,4.52,50400,0
20140219,4.6,4.72,4.6,4.72,38100,0
20140220,4.74,4.74,4.55,4.57,53200,0
20140221,4.6,4.64,4.53,4.6,25700,0
20140224,4.64,4.64,4.54,4.64,9600,0
20140225,4.65,4.65,4.54,4.6,7500,0
20140226,4.6,4.6,4.53,4.53,5500,0
20140227,4.6,4.6,4.4,4.5,71700,0
20140228,4.5,4.5,4.39,4.49,22900,0
20140303,4.31,4.55,4.31,4.55,39700,0
20140304,4.5,4.64,4.5,4.64,29400,0
20140305,4.64,4.78,4.6,4.65,70500,0
20140306,4.6,4.65,4.59,4.65,8900,0
20140307,4.65,4.65,4.55,4.55,11600,0
20140310,4.49,4.62,4.39,4.53,57500,0
20140311,4.5,4.77,4.46,4.7,52700,0
20140312,4.65,4.73,4.61,4.73,130200,0
20140313,4.7,5.03,4.66,4.99,127700,0
20140314,4.79,5.1,4.67,4.75,96500,0
20140317,4.74,4.95,4.69,4.83,42100,0
20140318,4.97,4.97,4.81,4.94,18500,0
20140319,4.93,4.99,4.81,4.93,53000,0
20140320,4.9,4.94,4.85,4.94,30900,0
20140321,4.95,4.95,4.85,4.9,41900,0
20140324,4.94,4.99,4.83,4.92,26800,0
20140325,4.9,4.92,4.8,4.9,13300,0
20140326,4.9,4.97,4.87,4.9,17900,0
20140327,4.9,4.9,4.77,4.86,9500,0
20140328,4.81,5.21,4.72,5.21,85300,0
20140331,5.21,5.21,5.04,5.1,19900,0
20140401,5.1,5.25,5.1,5.25,32900,0
20140402,5.25,5.4,5.16,5.4,32000,0
20140403,5.35,5.36,5.22,5.35,29200,0
20140404,5.35,5.35,5.2,5.33,20400,0
20140407,5.33,5.33,5.12,5.3,49300,0
20140408,5.35,5.39,5.16,5.39,19300,0
20140409,5.35,5.39,5.21,5.39,44700,0
20140410,5.38,5.55,5.32,5.35,48000,0
20140411,5.35,5.49,5.29,5.49,32100,0
20140414,5.35,5.35,5.14,5.29,46800,0
20140415,5.29,5.29,5.12,5.15,16300,0
20140416,5.15,5.15,5,5.01,37500,0
20140417,5.08,5.28,5,5.28,28600,0
20140422,5.15,5.29,5.11,5.25,21200,0
20140423,5.3,5.3,5.01,5.03,15900,0
20140424,5.1,5.1,5.01,5.01,9100,0
20140425,5.1,5.1,4.85,5,19100,0
20140428,5,5.11,4.88,5,26800,0
20140429,4.85,4.9,4.56,4.89,53200,0
20140430,4.82,5,4.78,5,39000,0
20140502,4.96,5.12,4.9,5.12,16900,0
20140505,5.17,5.17,4.9,5.01,34200,0
20140506,5.1,5.1,4.95,5.03,8400,0
20140507,5,5.05,4.88,5,9900,0
20140508,5.04,5.04,4.86,4.99,38800,0
20140509,4.92,5.04,4.88,5.04,21400,0
20140512,4.95,4.95,4.94,4.95,1700,0
20140513,4.88,5.05,4.88,5,40600,0
20140514,4.97,5.05,4.9,5,26300,0
20140515,4.95,5.05,4.9,5,28100,0
20140516,4.99,5.05,4.94,5.02,14300,0
20140519,4.9,5.02,4.9,5,10800,0
20140520,5.02,5.02,4.96,5,10800,0
20140521,4.95,5.02,4.84,5.02,10000,0
20140522,4.91,5,4.91,5,2400,0
20140523,5.1,5.44,5.1,5.43,72300,0
20140526,5.56,5.56,5.37,5.5,33600,0
20140527,5.56,5.56,5.37,5.53,9500,0
20140528,5.56,5.6,5.44,5.57,27400,0
20140529,5.6,5.7,5.57,5.66,11500,0
20140530,5.75,5.75,5.55,5.74,16100,0
20140602,5.75,5.95,5.63,5.95,35300,0
20140603,5.85,5.95,5.65,5.82,142800,0
20140604,5.85,5.85,5.55,5.79,49100,0
20140605,5.6,5.8,5.6,5.8,22600,0
20140606,5.8,6,5.71,6,33700,0
20140609,5.86,6.05,5.86,6.05,9200,0
20140610,6,6.25,5.85,6.25,128200,0
20140611,6.3,6.3,6,6.27,43300,0
20140612,6.3,6.3,6.15,6.2,52900,0
20140613,6.22,6.25,6.1,6.2,39900,0
20140616,6.23,6.25,6.17,6.22,16600,0
20140617,6.2,6.29,6.2,6.29,29300,0
20140618,6.28,6.45,6.2,6.45,23300,0
20140619,6.58,6.59,6.36,6.57,37400,0
20140620,6.6,6.65,6.39,6.65,94400,0
20140623,6.7,6.8,6.48,6.5,92600,0
20140624,6.48,6.5,5.75,6.44,174300,0
20140625,6.3,6.49,6.23,6.45,173500,0
20140626,6.26,6.28,6.05,6.13,361800,0
20140627,6.05,6.17,5.83,6.17,543500,0
20140630,6.14,6.24,6,6.05,162300,0
20140701,6.12,6.3,6.12,6.3,88800,0
20140702,6.29,6.39,6.16,6.25,93500,0
20140703,6.2,6.25,6.15,6.25,37300,0
20140704,6.2,6.25,6.04,6.25,52200,0
20140707,6.25,6.25,6.1,6.19,31100,0
20140708,6.19,6.24,6.01,6.23,38700,0
20140709,6.24,6.24,6.1,6.2,17000,0
20140710,6.22,6.22,6.04,6.19,37500,0
20140711,6.2,6.22,6.15,6.22,30900,0
20140714,6.25,6.34,6.17,6.33,34200,0
20140715,6.34,6.45,6.34,6.45,49900,0
20140716,6.45,6.5,6.4,6.5,51000,0
20140717,6.5,6.64,6.36,6.6,131700,0
20140718,6.56,6.64,6.55,6.64,24100,0
20140721,6.55,6.64,6.45,6.57,59000,0
20140722,6.56,6.58,6.43,6.5,47800,0
20140723,6.49,6.5,6.34,6.5,46900,0
20140724,6.39,6.58,6.38,6.45,46000,0
20140725,6.45,6.49,6.37,6.48,19900,0
20140728,6.48,6.48,6.31,6.4,54000,0
20140729,6.45,6.45,6.39,6.43,8700,0
20140730,6.42,6.52,6.39,6.49,18200,0
20140731,6.53,6.53,6.35,6.47,31600,0
20140801,6.51,6.66,6.4,6.58,117400,0
20140804,6.55,6.57,6.39,6.53,77200,0
20140805,6.45,6.5,6.4,6.5,30600,0
20140806,6.5,6.5,6.35,6.4,60000,0
20140807,6.4,6.43,6.33,6.42,40900,0
20140808,6.36,6.38,6.29,6.34,88000,0
20140811,6.35,6.45,6.33,6.45,45100,0
20140812,6.45,6.49,6.45,6.48,39400,0
20140813,6.48,6.65,6.43,6.62,65300,0
20140814,6.64,7.1,6.55,6.87,136300,0
20140815,6.87,7.31,6.87,7.25,108900,0
20140818,7.3,7.39,7.12,7.2,56300,0
20140819,7.2,7.5,7.2,7.49,93800,0
20140820,7.4,7.6,7.24,7.6,80100,0
20140821,7.65,7.96,7.58,7.96,61400,0
20140822,7.9,8.03,7.76,8.03,106000,0
20140825,8.11,8.25,7.98,8.25,75300,0
20140826,8.12,8.3,8.01,8.27,46700,0
20140827,8.17,8.25,7.99,8.12,198800,0
20140828,8.09,8.17,7.99,8.12,65500,0
20140829,8.05,8.05,7.9,8.02,103000,0
20140901,8.02,8.02,7.9,8.02,136200,0
20140902,8.02,8.11,7.95,8.07,217100,0
20140903,8,8.17,8,8.16,173100,0
20140904,8.17,8.5,8.17,8.44,128300,0
20140905,8.49,8.66,8.4,8.66,159300,0
20140908,8.66,8.74,8.49,8.67,140000,0
20140909,8.64,8.8,8.64,8.7,105500,0
20140910,8.7,8.74,8.67,8.73,80600,0
20140911,8.7,8.89,8.69,8.8,128300,0
20140912,8.9,9.2,8.88,8.89,164800,0
20140915,8.9,8.9,8.31,8.48,170700,0
20140916,8.39,8.48,8.02,8.11,211000,0
20140917,8.02,8.4,7.95,8.4,267700,0
20140918,8.41,8.96,8.41,8.96,134900,0
20140919,8.88,9.1,8.75,8.95,177300,0
20140922,8.9,9,8.68,8.77,91200,0
20140923,8.8,8.8,8.57,8.7,49200,0
20140924,8.79,8.8,8.64,8.8,26700,0
20140925,8.8,8.85,8.56,8.6,59000,0
20140926,8.64,8.65,8.52,8.6,30400,0
20140929,8.57,8.63,8.53,8.6,52500,0
20140930,8.6,8.6,8.51,8.53,36600,0
20141001,8.51,8.57,8.3,8.4,76200,0
20141002,8.48,8.48,8.29,8.38,94800,0
20141006,8.31,8.6,8.31,8.36,73100,0
20141007,8.35,8.38,8.24,8.29,43100,0
20141008,8.24,8.28,8,8.09,98400,0
20141009,8.1,8.19,8.04,8.1,80100,0
20141010,8,8.08,7.95,8,279600,0
20141013,7.97,8,7.96,8,41600,0
20141014,7.96,8.1,7.96,8.07,79700,0
20141015,8.02,8.08,7.98,8.02,76300,0
20141016,8,8.03,7.93,8.03,76700,0
20141017,8.05,8.07,7.98,8,46100,0
20141020,8,8.05,7.97,8,51900,0
20141021,8,8.03,7.95,8,62500,0
20141022,8,8.02,7.93,7.98,34200,0
20141023,8,8.07,7.95,8,57100,0
20141024,8.05,8.19,8.03,8.1,68700,0
20141027,8.12,8.15,7.54,8.1,136900,0
20141028,8.05,8.1,7.97,8,55400,0
20141029,7.85,7.89,7.41,7.43,625100,0
20141030,7.32,7.4,7.07,7.25,452200,0
20141031,7.2,7.34,7.1,7.25,98700,0
20141103,7.14,7.26,7.14,7.19,84500,0
20141104,7.2,7.22,6.81,7.01,192600,0
20141105,7,7.04,6.51,6.71,317400,0
20141106,6.63,6.76,6.45,6.66,160900,0
20141107,6.69,6.94,6.6,6.7,236400,0
20141110,6.78,6.78,6.5,6.75,105800,0
20141111,6.78,6.89,6.74,6.89,71700,0
20141112,6.93,7.1,6.76,7.09,150100,0
20141113,7.02,7.17,7,7.17,173200,0
20141114,7.22,7.36,7.1,7.3,163600,0
20141117,7.4,7.4,7.16,7.18,207500,0
20141118,7.19,7.22,7.05,7.22,87200,0
20141119,7.14,7.24,7.12,7.24,66700,0
20141120,7.25,7.27,7.1,7.27,92000,0
20141121,7.27,7.39,7.18,7.38,207800,0
20141124,7.39,7.45,7.32,7.39,132400,0
20141125,7.42,7.43,7.33,7.43,59600,0
20141126,7.4,7.55,7.38,7.53,100500,0
20141127,7.6,7.6,7.45,7.52,36300,0
20141128,7.51,7.58,7.43,7.48,65100,0
20141201,7.52,7.58,7.5,7.53,49200,0
20141202,7.53,7.53,7.41,7.48,74600,0
20141203,7.48,7.48,7.41,7.48,31200,0
20141204,7.47,7.47,7.32,7.43,58900,0
20141205,7.42,7.44,7.36,7.44,34700,0
20141208,7.45,7.45,7.38,7.44,34300,0
20141209,7.41,7.45,7.33,7.4,32300,0
20141210,7.38,7.4,7.31,7.39,55400,0
20141211,7.38,7.4,7.3,7.39,48100,0
20141212,7.38,7.38,7.3,7.36,65200,0
20141215,7.35,7.43,7.3,7.38,68500,0
20141216,7.35,7.35,7.25,7.32,57200,0
20141217,7.24,7.33,7.17,7.3,49600,0
20141218,7.3,7.36,7.21,7.35,17600,0
20141219,7.3,7.35,7.19,7.27,47600,0
20141222,7.21,7.35,7.21,7.32,58000,0
20141223,7.32,7.35,7.28,7.3,28700,0
20141229,7.28,7.38,7.22,7.36,36300,0
20141230,7.38,7.44,7.26,7.43,50900,0
20150102,7.49,7.8,7.41,7.8,50800,0
20150105,7.8,8.15,7.75,7.83,115900,0
20150106,7.84,7.97,7.8,7.95,38900,0
20150107,7.98,8,7.87,7.96,57300,0
20150108,8.03,8.09,7.95,8.01,73800,0
20150109,8.01,8.1,7.85,8.02,58400,0
20150112,7.91,8.09,7.9,8.03,54200,0
20150113,8.05,8.05,7.99,8.04,18700,0
20150114,8.01,8.25,7.94,8.22,113900,0
20150115,8.24,8.42,8.1,8.28,196100,0
20150116,8.28,8.3,8.15,8.3,46500,0
20150119,8.3,8.38,8.2,8.38,50600,0
20150120,8.4,8.4,8.3,8.37,67100,0
20150121,8.39,8.47,8.3,8.47,61200,0
20150122,8.49,8.49,8.38,8.43,35000,0
20150123,8.41,8.44,8.31,8.39,111700,0
20150126,8.39,8.49,8.3,8.49,176800,0
20150127,8.49,8.49,8.33,8.44,121800,0
20150128,8.39,8.45,8.33,8.45,101100,0
20150129,8.45,8.47,8.35,8.47,47200,0
20150130,8.45,8.48,8.37,8.48,76200,0
20150202,8.49,8.59,8.3,8.4,208400,0
20150203,8.41,8.73,8.33,8.73,111000,0
20150204,8.79,9.03,8.74,8.93,210700,0
20150205,9,9.35,8.93,9.35,187100,0
20150206,9.41,9.68,9.2,9.68,194800,0
20150209,9.6,9.77,9.32,9.76,168100,0
20150210,9.77,10.15,9.64,10.1,132200,0
20150211,10.15,10.59,10.12,10.5,164500,0
20150212,10.5,10.92,10.49,10.87,121100,0
20150213,10.87,11.06,10.31,10.53,180300,0
20150216,10.39,11.1,10.39,11.1,182200,0
20150217,11.22,12.3,10.95,11.99,416100,0
20150218,11.89,12.05,11.12,11.8,231400,0
20150219,11.86,11.86,11.16,11.48,219600,0
20150220,11.48,11.75,11.2,11.73,85800,0
20150223,11.6,12.16,11.6,12.15,230000,0
20150224,12.3,12.59,12.06,12.59,207500,0
20150225,12.52,12.8,12.44,12.8,171300,0
20150226,12.83,12.99,12.55,12.83,178800,0
20150227,12.88,13,12.68,13,111900,0
20150302,13.01,13.18,12.9,13,174600,0
20150303,12.99,12.99,12.37,12.59,133600,0
20150304,12.77,13.19,12.55,13.19,245000,0
20150305,13.2,13.86,13.16,13.86,326800,0
20150306,14.18,14.48,13.8,14,339400,0
20150309,14.15,14.19,13.57,13.88,222700,0
20150310,13.95,14,13.33,13.54,208500,0
20150311,13.64,14.07,13.6,14.07,283900,0
20150312,14.15,14.15,13.83,13.98,220700,0
20150313,13.96,13.96,13.57,13.81,142400,0
20150316,13.84,13.84,13.61,13.76,134200,0
20150317,13.76,13.76,12.96,13.31,210800,0
20150318,13.18,13.31,12.83,12.85,136400,0
20150319,12.69,13.06,12.62,13,118300,0
20150320,13,13.23,12.95,13.09,731000,0
20150323,13.25,13.25,12.81,13.13,196100,0
20150324,13.17,13.17,12.92,13.15,103000,0
20150325,13.04,13.19,12.92,13.15,109200,0
20150326,13,13.1,12.8,13.1,125800,0
20150327,13.18,13.18,12.93,13.06,91800,0
20150330,12.94,12.99,12.93,12.98,93600,0
20150331,12.96,13.44,12.88,13.43,144400,0
20150401,13.3,13.72,13.17,13.65,140300,0
20150402,13.64,14,13.64,13.99,267600,0
20150407,14,14.3,13.93,14.255,132027,0
20150408,14.25,14.25,13.94,14.125,120763,0
20150409,14.125,14.39,14.125,14.285,104343,0
20150410,14.375,14.82,14.34,14.73,191463,0
20150413,14.7,14.82,14.62,14.75,97674,0
20150414,14.78,14.785,14.59,14.735,225943,0
20150415,14.645,14.76,14.5,14.685,120690,0
20150416,14.7,14.73,14.34,14.465,154187,0
20150417,14.295,14.355,13.725,13.785,204499,0
20150420,13.74,13.745,13.195,13.345,144194,0
20150421,13.285,13.49,13.07,13.46,145062,0
20150422,13.41,13.66,13.35,13.66,102000,0
20150423,13.6,13.73,13.31,13.4,159198,0
20150424,13.355,13.82,13.355,13.66,94804,0
20150427,13.78,14,13.4,14,84656,0
20150428,14.05,14.05,13.68,13.8,113319,0
20150429,13.795,13.85,13.025,13.175,206480,0
20150430,13.16,13.285,12.99,13.15,226817,0
20150504,13.04,13.28,13.04,13.105,93287,0
20150505,13.105,13.15,13.01,13.01,129331,0
20150506,13.01,13.13,13,13,96745,0
20150507,13,13.195,12.935,13.095,223199,0
20150508,13.095,13.11,12.96,13.05,150810,0
20150511,13.09,13.195,12.98,13.005,38058,0
20150512,13,13.085,12.85,13.005,98414,0
20150513,13,13.22,13,13.17,71351,0
20150514,13.025,13.36,12.95,13.36,53507,0
20150515,13.35,13.53,13.35,13.515,68574,0
20150518,13.57,13.625,13.42,13.57,92983,0
20150519,13.62,14.3,13.52,14.275,119257,0
20150520,14.355,14.355,14.17,14.29,103704,0
20150521,14.205,14.66,14.19,14.66,127543,0
20150522,14.64,15,14.57,14.95,170781,0
20150526,14.95,14.95,14.72,14.875,118725,0
20150527,14.8,14.8,14.47,14.69,98911,0
20150528,14.78,14.78,14.42,14.52,155561,0
20150529,14.675,15.085,14.56,15,286759,0
20150601,14.985,15.5,14.91,15.5,134438,0
20150602,15.5,15.99,15.485,15.74,82057,0
20150603,15.74,16.24,15.645,16.24,254227,0
20150604,16.2,16.2,15.815,16,260522,0
20150605,15.875,15.9,15.81,15.81,181964,0
20150608,15.81,15.92,15.775,15.775,166711,0
20150609,15.775,15.87,15.015,15.015,247803,0
20150610,15,15,13.92,14.13,204249,0
20150611,14.03,14.54,13.93,14.1,125035,0
20150612,14.01,14.015,13.11,13.24,139013,0
20150615,13.11,13.23,13.05,13.18,80997,0
20150616,13.3,13.3,13.045,13.24,119804,0
20150617,13.23,13.26,13.03,13.03,93495,0
20150618,13.17,13.17,13.01,13.1,78037,0
20150619,13.15,13.22,13.015,13.05,101627,0
20150622,13.22,13.3,13,13.105,93604,0
20150623,13.215,13.215,13,13.09,77255,0
20150624,13.19,13.19,12.64,12.78,173167,0
20150625,12.605,13.05,12.13,13,207465,0
20150626,13.005,13.465,12.82,13.465,45352,0
20150629,12.98,12.98,12.58,12.675,78016,0
20150630,12.6,13.085,12.6,12.86,54589,0
20150701,13.02,13.125,12.64,12.75,69137,0
20150702,12.895,12.9,12.305,12.525,84766,0
20150703,12.515,12.88,12.195,12.865,100839,0
20150706,12.705,13.375,12.7,12.935,93191,0
20150707,12.985,13.155,12.8,13.155,86238,0
20150708,13.065,13.17,12.8,13.005,264206,0
20150709,13.095,13.095,12.84,12.955,60177,0
20150710,13.075,13.505,13.065,13.4,99566,0
20150713,13.49,14.4,13.485,14.005,119238,0
20150714,14.33,14.34,13.6,13.6,85762,0
20150715,13.535,13.685,13.35,13.64,47779,0
20150716,13.7,14,13.51,13.545,53568,0
20150717,13.465,14,13.465,13.975,161303,0
20150720,14,14.2,13.845,14,171495,0
20150721,14.01,14.47,13.845,14.305,200892,0
20150722,14.47,15.2,14.21,15,183906,0
20150723,15.06,15.2,14.46,14.75,227720,0
20150724,14.93,15.175,14.71,15.175,168467,0
20150727,15.1,15.1,14.39,14.6,70400,0
20150728,14.8,14.91,14.505,14.76,63980,0
20150729,14.75,14.94,14.505,14.505,42053,0
20150730,14.49,14.54,13.655,14,223023,0
20150731,14,14.515,14,14.235,72681,0
20150803,14.4,14.485,14.05,14.11,47931,0
20150804,14.28,14.46,14.11,14.365,25599,0
20150805,14.5,14.5,14.07,14.14,37910,0
20150806,14.05,14.495,14.05,14.405,47783,0
20150807,14.28,14.495,14.25,14.26,29244,0
20150810,14.2,14.335,14.105,14.155,36426,0
20150811,14.25,14.3,14.05,14.14,20951,0
20150812,14.035,14.08,13.85,14,74337,0
20150813,13.98,14.12,13.905,13.97,58439,0
20150814,13.99,14.25,13.99,14.02,27830,0
20150817,13.965,14.745,13.965,14.725,110424,0
20150818,14.7,14.705,14.275,14.7,115832,0
20150819,14.75,14.75,14.45,14.635,64617,0
20150820,14.555,14.59,14.075,14.15,62773,0
20150821,13.83,13.83,13.25,13.27,158041,0
20150824,12.3,12.77,11.17,11.8,441634,0
20150825,12.025,13.95,11.95,13.13,216447,0
20150826,13.13,13.43,12.31,12.41,113364,0
20150827,13,13.25,12.635,12.98,90769,0
20150828,12.92,12.92,12.505,12.7,38769,0
20150831,12.855,13.26,12.555,13.26,119631,0
20150901,12.92,12.98,12.56,12.795,72696,0
20150902,12.75,12.975,12.51,12.915,98824,0
20150903,13.07,13.07,12.39,12.49,81521,0
20150904,12.49,12.49,11.96,12.115,84290,0
20150907,12.15,12.255,11.9,12.12,61042,0
20150908,12.13,12.75,12.13,12.465,73617,0
20150909,12.72,12.77,12.38,12.55,50774,0
20150910,12.55,12.55,12.135,12.2,24307,0
20150911,12.23,12.38,12.08,12.305,36763,0
20150914,12.22,12.22,11.735,11.81,73058,0
20150915,12.005,12.005,11.3,11.8,86477,0
20150916,11.795,12.48,11.77,12.445,72835,0
20150917,12.32,12.4,12.3,12.4,35384,0
20150918,12.4,13,12.285,13,188726,0
20150921,12.75,13.245,12.565,13.245,106129,0
20150922,13.11,13.11,12.49,12.87,89869,0
20150923,12.7,12.75,12.405,12.405,190519,0
20150924,12.35,12.43,11.95,12.14,111645,0
20150925,12.2,12.495,12.2,12.48,34127,0
20150928,12.48,12.485,11.515,11.515,56854,0
20150929,11.405,11.98,11.4,11.7,107395,0
20150930,11.84,12.4,11.835,12.24,79504,0
20151001,12.48,12.48,11.95,12.285,109414,0
20151002,12.21,12.38,12.095,12.19,69342,0
20151005,12.33,12.33,12.15,12.175,35403,0
20151006,12.28,12.28,12.1,12.15,31280,0
20151007,12.15,12.18,11.94,12.025,42733,0
20151008,12,12.06,11.6,12.02,41145,0
20151009,12.08,12.08,11.78,11.95,34240,0
20151012,11.99,11.99,11.855,11.89,26666,0
20151013,11.67,11.885,11.635,11.83,13918,0
20151014,11.85,12.05,11.64,12,71683,0
20151015,11.98,12.1,11.81,12.1,23814,0
20151016,12.1,12.3,11.985,12.245,50676,0
20151019,12.35,12.5,12.13,12.5,66712,0
20151020,12.545,13.24,12.545,13.08,151493,0
20151021,13.23,13.625,13.15,13.25,95992,0
20151022,13.345,13.75,13.255,13.75,67793,0
20151023,13.75,13.96,13.49,13.83,73395,0
20151026,13.87,13.99,13.67,13.99,27680,0
20151027,13.98,14.49,13.915,14.49,51013,0
20151028,14.49,14.65,14.005,14.025,49583,0
20151029,14,14.255,13.68,13.99,44740,0
20151030,14.07,14.14,13.99,14.14,40524,0
20151102,14.05,14.435,14.035,14.265,40318,0
20151103,14.29,14.4,14.18,14.295,33121,0
20151104,14.295,14.295,14.05,14.06,74414,0
20151105,14.14,14.14,13.335,13.645,95522,0
20151106,13.695,14.235,13.695,14.155,57666,0
20151109,14.2,14.205,14.01,14.02,34881,0
20151110,14.19,14.26,14.03,14.095,57089,0
20151111,14.06,14.36,14.06,14.145,28663,0
20151112,14.375,14.375,13.905,14.025,41602,0
20151113,14.05,14.1,13.935,14.035,20457,0
20151116,14.02,14.275,14,14.1,35301,0
20151117,14.3,14.37,14.06,14.28,17125,0
20151118,14.28,14.35,14.165,14.335,20032,0
20151119,14.395,14.45,14.215,14.395,51081,0
20151120,14.42,14.42,14.02,14.33,76373,0
20151123,14.04,14.3,13.97,14.3,55521,0
20151124,14.31,14.31,13.915,14.1,61110,0
20151125,14.1,14.395,13.88,14.395,91991,0
20151126,14.39,14.4,13.985,14.09,45419,0
20151127,14.1,14.1,13.7,13.9,64476,0
20151130,13.89,14.1,13.81,14.1,61436,0
20151201,14.05,14.18,13.905,14.115,36219,0
20151202,14.115,14.645,14.115,14.44,109092,0
20151203,14.425,14.525,13.9,13.9,51504,0
20151204,14.045,14.045,13.77,13.93,53425,0
20151207,13.835,14.16,13.835,13.965,22153,0
20151208,14.12,14.12,13.72,13.75,25573,0
20151209,13.9,13.985,13.7,13.735,25729,0
20151210,13.95,13.95,13.455,13.455,28673,0
20151211,13.3,13.3,12.77,13,81536,0
20151214,13.01,13.04,12.57,12.9,47939,0
20151215,12.81,13.435,12.81,13.32,40927,0
20151216,13.055,13.5,13.055,13.28,27019,0
20151217,13.225,13.745,13.225,13.375,33090,0
20151218,13.275,13.5,13.135,13.19,36777,0
20151221,13.335,13.61,13.325,13.355,39142,0
20151222,13.4,13.4,13.175,13.355,18778,0
20151223,13.37,13.73,13.24,13.73,39209,0
20151228,13.51,13.9,13.5,13.845,96886,0
20151229,13.87,14.52,13.755,14.52,57994,0
20151230,14.62,14.62,14.045,14.22,33476,0
20160104,14.2,14.2,13.8,13.9,71924,0
20160105,13.82,13.94,13.53,13.85,57158,0
20160106,13.9,13.9,13.71,13.835,22320,0
20160107,13.48,13.75,13.17,13.6,76445,0
20160108,13.54,13.645,13.07,13.465,39988,0
20160111,13.18,13.46,13.1,13.42,87926,0
20160112,13.46,13.505,13.2,13.505,32728,0
20160113,13.42,13.815,13.07,13.325,84226,0
20160114,13.095,13.19,12.68,13.145,151262,0
20160115,12.99,12.99,11.81,12.99,167558,0
20160118,12.995,12.995,12.08,12.435,155250,0
20160119,12.49,12.49,12.15,12.4,99832,0
20160120,12.265,12.3,11.895,12.23,113596,0
20160121,12.2,12.38,12.12,12.195,159635,0
20160122,12.295,12.5,12.21,12.435,65985,0
20160125,12.5,12.705,12.36,12.64,64854,0
20160126,12.5,12.52,12.38,12.455,43505,0
20160127,12.355,12.4,12.06,12.31,140010,0
20160128,12.2,12.26,11.89,12.19,83738,0
20160129,12.1,12.775,12.1,12.57,107812,0
20160201,12.585,12.75,12.415,12.67,68051,0
20160202,12.565,12.635,12.38,12.545,37495,0
20160203,12.44,12.46,12.095,12.34,65671,0
20160204,12.25,12.35,12.005,12.29,58120,0
20160205,12.28,12.28,12.095,12.245,50231,0
20160208,12.17,12.17,11.875,12.05,93404,0
20160209,11.88,11.9,10.66,11.195,357177,0
20160210,11.18,11.31,10.84,10.88,155194,0
20160211,10.73,10.915,10.045,10.315,376138,0
20160212,10.3,10.385,10.105,10.235,99279,0
20160215,10.405,10.875,10.35,10.67,130248,0
20160216,10.8,11.025,10.74,10.91,95501,0
20160217,10.96,12.1,10.895,11.94,107787,0
20160218,12.12,12.265,11.71,12.18,89324,0
20160219,12,12.215,11.82,12,65073,0
20160222,12,12.21,11.84,11.845,63418,0
20160223,11.8,11.845,11.63,11.765,49756,0
20160224,11.69,11.69,11.125,11.5,100953,0
20160225,11.45,11.455,10.74,10.95,107233,0
20160226,11,11.09,10.76,10.76,51537,0
20160229,10.76,10.76,10.5,10.61,61044,0
20160301,10.52,11.1,10.52,11.03,65597,0
20160302,11.02,11.24,11.02,11.15,38495,0
20160303,11,11.38,10.555,10.62,96518,0
20160304,10.65,10.775,10.45,10.7,195505,0
20160307,10.78,10.78,10.25,10.435,108344,0
20160308,10.46,10.485,10.26,10.44,136719,0
20160309,10.5,10.5,10.2,10.415,142624,0
20160310,10.45,10.72,10.18,10.665,119840,0
20160311,10.53,10.93,10.375,10.915,88268,0
20160314,10.95,11.495,10.925,11.265,104839,0
20160315,11.5,11.5,11.005,11.005,93832,0
20160316,11,11.09,10.82,10.96,132276,0
20160317,11.025,11.11,10.62,10.96,61040,0
20160318,11.02,11.11,10.65,10.9,119349,0
20160321,10.96,11.055,10.865,11,66856,0
20160322,10.85,10.995,10.785,10.995,52271,0
20160323,10.95,10.985,10.865,10.905,67128,0
20160324,11.075,11.3,10.9,11.3,113106,0
20160329,11.2,11.43,11.165,11.215,99357,0
20160330,11.36,11.45,11.215,11.41,116038,0
20160331,11.5,11.585,11.38,11.46,73170,0
20160401,11.475,11.56,11.31,11.495,86413,0
20160404,11.555,11.705,11.5,11.515,30094,0
20160405,11.485,11.485,11.145,11.38,75636,0
20160406,11.35,11.62,11.23,11.62,65090,0
20160407,11.695,11.88,11.36,11.425,114326,0
20160408,11.375,11.485,11.16,11.24,61996,0
20160411,11.35,11.35,11,11.175,56737,0
20160412,11.18,11.35,10.92,10.935,103715,0
20160413,10.95,11.09,10.825,11,97584,0
20160414,11,11.085,10.815,10.995,95674,0
20160415,11.05,11.185,10.58,11.175,139826,0
20160418,11,11.075,10.79,10.965,130994,0
20160419,10.92,11.485,10.89,11.305,129200,0
20160420,11.36,11.425,11.05,11.2,72492,0
20160421,11.105,11.98,10.98,11.145,408895,0
20160422,11.2,11.24,10.845,10.905,121595,0
20160425,11.06,11.06,10.67,10.8,114979,0
20160426,10.8,10.92,10.63,10.745,71600,0
20160427,10.79,10.92,10.755,10.92,70688,0
20160428,10.9,11.46,10.88,11.455,103843,0
20160429,11.53,11.6,11.255,11.565,131451,0
20160502,11.54,11.745,11.4,11.64,118517,0
20160503,11.525,11.525,11.04,11.34,143673,0
20160504,11.27,11.36,11.02,11.32,105631,0
20160505,11.34,11.34,11.185,11.33,49875,0
20160506,11.25,11.565,11.25,11.34,74503,0
20160509,11.36,11.77,11.36,11.675,102518,0
20160510,11.69,11.75,11.49,11.6,58891,0
20160511,11.6,11.6,11.19,11.23,92308,0
20160512,11.21,11.67,11.025,11.285,247289,0
20160513,11.35,11.675,11.24,11.57,117653,0
20160517,11.595,11.825,11.5,11.6,86592,0
20160518,11.635,11.635,11.38,11.635,88720,0
20160519,11.6,11.6,11.29,11.35,52205,0
20160520,11.485,11.51,11.2,11.39,81596,0
20160523,11.42,11.8,11.31,11.8,60809,0
20160524,11.805,11.805,11.585,11.665,46681,0
20160525,11.775,12,11.705,12,84477,0
20160526,11.995,12.125,11.925,12.07,52847,0
20160527,12.05,12.11,11.875,12.05,55761,0
20160530,11.995,12.4,11.96,12.165,114055,0
20160531,12.18,12.5,11.93,12.415,91607,0
20160601,12.43,12.45,12.18,12.45,47415,0
20160602,12.445,13.205,12.375,12.745,300372,0
20160603,12.73,12.98,12.665,12.98,91558,0
20160606,12.915,12.96,12.735,12.96,32947,0
20160607,12.98,13,12.89,12.975,29389,0
20160608,12.975,12.99,12.82,12.9,95559,0
20160609,12.97,12.97,12.7,12.735,78693,0
20160610,12.825,12.825,12.295,12.5,118134,0
20160613,12.32,12.485,12.065,12.3,112144,0
20160614,12.01,12.075,11.735,11.88,141364,0
20160615,11.795,11.8,11.41,11.675,162266,0
20160616,11.49,11.5,11.03,11.485,167981,0
20160617,11.425,11.76,11.425,11.52,176715,0
20160620,11.56,11.76,11.56,11.6,98061,0
20160621,11.6,11.88,11.455,11.685,107262,0
20160622,11.6,11.88,11.6,11.7,68454,0
20160623,11.795,11.835,11.575,11.765,88269,0
20160624,10.73,11.655,10.65,11.655,216491,0
20160627,11.6,11.785,11.52,11.61,214743,0
20160628,11.67,11.75,11.55,11.585,79634,0
20160629,11.73,11.8,11.6,11.6,59242,0
20160630,11.65,11.65,11.37,11.4,112855,0
20160701,11.51,11.795,11.215,11.715,119455,0
20160704,11.635,11.785,11.635,11.695,32081,0
20160705,11.7,11.705,11.41,11.47,38953,0
20160706,11.405,11.475,11.085,11.4,89393,0
20160707,11.35,11.655,11.35,11.59,72103,0
20160708,11.69,12.2,11.475,12.14,84820,0
20160711,12.18,12.34,11.58,11.725,262537,0
20160712,11.71,12.17,11.7,12.07,130318,0
20160713,12.15,12.15,11.905,11.96,86567,0
20160714,12.06,12.175,11.935,12.13,91689,0
20160715,12.28,12.715,12.28,12.615,225641,0
20160718,12.86,12.87,12.705,12.725,66320,0
20160719,12.82,12.85,12.715,12.79,33991,0
20160720,12.905,12.99,12.795,12.9,86873,0
20160721,13.04,13.065,12.63,12.89,74437,0
20160722,12.95,13.06,12.78,12.84,73442,0
20160725,12.98,12.98,12.755,12.8,84327,0
20160726,12.845,12.94,12.65,12.69,80329,0
20160727,12.79,12.965,12.78,12.8,114182,0
20160728,12.885,12.93,12.765,12.78,47049,0
20160729,12.915,13.475,12.87,13.42,163192,0
20160801,13.62,14.08,13.62,13.785,189472,0
20160802,14.175,14.175,13.33,13.415,82045,0
20160803,13.345,13.435,13.12,13.205,41494,0
20160804,13.4,13.44,13.14,13.375,24958,0
20160805,13.355,13.66,13.355,13.565,69585,0
20160808,13.7,13.775,13.43,13.6,60065,0
20160809,13.6,13.775,13.55,13.69,39274,0
20160810,13.835,13.86,13.65,13.705,47079,0
20160811,13.825,13.925,13.7,13.85,52024,0
20160812,13.9,14.045,13.75,13.91,72531,0
20160815,14.05,14.09,13.9,13.995,45358,0
20160816,14,14,13.725,13.9,50934,0
20160817,13.85,13.85,13.195,13.25,110654,0
20160818,13.32,13.395,13.245,13.29,38131,0
20160819,13.345,13.36,13,13.055,60129,0
20160822,13.165,13.345,13.095,13.32,47195,0
20160823,13.355,13.6,13.335,13.51,29676,0
20160824,13.615,13.625,13.28,13.425,52386,0
20160825,13.52,13.525,13.305,13.465,32844,0
20160826,13.475,13.67,13.38,13.55,39618,0
20160829,13.59,13.775,13.4,13.66,64586,0
20160830,13.775,13.85,13.61,13.64,84570,0
20160831,13.745,13.745,13.58,13.65,57734,0
20160901,13.68,13.705,13.455,13.565,80202,0
20160902,13.65,13.655,13.465,13.5,138423,0
20160905,14.26,14.735,14.01,14.065,319799,0
20160906,14.065,14.325,14.06,14.135,89824,0
20160907,14.255,14.285,14.1,14.165,73722,0
20160908,14.21,14.55,14.14,14.5,127258,0
20160909,14.475,14.54,14.06,14.1,93782,0
20160912,13.895,13.97,13.525,13.94,122713,0
20160913,13.98,14.06,13.76,13.87,42605,0
20160914,13.95,13.995,13.815,13.935,55671,0
20160915,13.93,14.145,13.85,14.01,43607,0
20160916,14,14.17,14,14.11,57547,0
20160919,14.2,14.21,14.115,14.13,63114,0
20160920,14.2,14.2,13.845,14.055,81422,0
20160921,13.925,14.15,13.925,14.1,113042,0
20160922,14.14,14.57,14.065,14.435,95192,0
20160923,14.395,14.495,14.3,14.385,70262,0
20160926,14.25,14.33,14.045,14.3,51086,0
20160927,14.3,14.32,13.89,13.89,49481,0
20160928,13.995,14.25,13.895,14.17,40848,0
20160929,14.375,14.4,14.185,14.27,32764,0
20160930,14.015,14.295,13.755,14.175,65421,0
20161004,14.015,14.235,13.895,13.915,45036,0
20161005,13.92,13.92,13.4,13.5,120557,0
20161006,13.46,13.575,13.28,13.48,102312,0
20161007,13.5,13.715,13.38,13.645,46286,0
20161010,13.705,13.81,13.6,13.745,70490,0
20161011,13.7,14.075,13.695,13.985,84101,0
20161012,13.98,14.13,13.87,13.905,53704,0
20161013,13.9,13.92,13.625,13.92,63862,0
20161014,14.05,14.05,13.75,13.85,45464,0
20161017,13.945,13.99,13.7,13.71,32242,0
20161018,13.86,13.88,13.71,13.845,25218,0
20161019,13.895,13.895,13.675,13.68,47538,0
20161020,13.725,13.755,13.615,13.735,36856,0
20161021,13.75,14.3,13.745,14.205,142485,0
20161024,14.125,14.21,14.08,14.125,52897,0
20161025,14.25,14.25,14.06,14.105,26506,0
20161026,14.005,14.04,13.68,13.81,82835,0
20161027,13.775,13.775,13.37,13.475,86508,0
20161028,13.4,13.555,13.27,13.495,53037,0
20161031,13.45,13.475,13.34,13.345,35603,0
20161101,13.28,13.37,12.885,12.945,70475,0
20161102,12.8,13.075,12.735,12.965,79956,0
20161103,12.91,13.5,12.91,13.255,131619,0
20161104,13.2,14.055,13.065,13.88,170996,0
20161107,13.77,13.99,13.49,13.67,97404,0
20161108,13.69,13.69,13.37,13.58,38782,0
20161109,12.93,13.45,12.93,13.4,37945,0
20161110,13.28,13.63,12.975,13.12,77728,0
20161111,12.965,13.105,12.93,12.97,62846,0
20161114,13.24,13.4,12.915,13.015,63325,0
20161115,12.995,13.36,12.945,13.36,37703,0
20161116,13.52,13.52,13.23,13.3,34743,0
20161117,13.24,13.595,13.24,13.595,95068,0
20161118,13.65,13.65,13.215,13.23,44795,0
20161121,13.17,13.75,13.12,13.75,89423,0
20161122,13.8,13.9,13.58,13.9,52219,0
20161123,13.88,13.91,13.565,13.9,51409,0
20161124,13.76,13.99,13.74,13.99,34678,0
20161125,13.99,13.99,13.61,13.66,28178,0
20161128,13.78,13.78,13.345,13.685,26124,0
20161129,13.625,13.7,13.43,13.55,86600,0
20161130,13.565,13.58,13.395,13.57,34048,0
20161201,13.565,13.57,12.83,12.895,67673,0
20161202,12.88,13.18,12.7,13.18,108760,0
20161205,13.115,13.115,12.835,12.9,32167,0
20161206,12.8,12.9,12.615,12.835,45336,0
20161207,12.89,13.4,12.825,13.295,64769,0
20161208,13.18,13.715,13.13,13.715,86459,0
20161209,13.6,13.99,13.48,13.99,55191,0
20161212,13.95,13.95,13.41,13.445,46711,0
20161213,13.32,13.56,13.32,13.52,30606,0
20161214,13.37,13.61,13.37,13.45,27332,0
20161215,13.485,13.485,12.905,12.97,33777,0
20161216,13,13.49,12.96,13.42,81065,0
20161219,13.45,13.59,13.31,13.375,22526,0
20161220,13.395,13.5,13.275,13.275,52141,0
20161221,13.315,13.5,13.12,13.5,70974,0
20161222,13.41,13.5,13.12,13.5,31231,0
20161223,13.5,13.98,13.365,13.98,44929,0
20161227,13.9,13.905,13.71,13.72,23362,0
20161228,13.72,13.845,13.67,13.785,30206,0
20161229,13.745,13.99,13.65,13.95,70495,0
20161230,13.95,14.49,13.93,14.49,178943,0
20170102,14.4,14.4,14.18,14.365,43198,0
20170103,14.295,14.45,14.24,14.29,90393,0
20170104,14.31,14.445,14.07,14.445,95525,0
20170105,14.32,14.54,14.32,14.465,84065,0
20170106,14.44,14.89,14.44,14.745,60531,0
20170109,14.68,14.68,14.285,14.285,48574,0
20170110,14.35,14.495,14.3,14.495,46357,0
20170111,14.4,14.43,14.25,14.25,38089,0
20170112,14.24,14.24,13.75,13.75,109659,0
20170113,13.855,14.04,13.815,14,21608,0
20170116,14,14,13.605,13.775,49465,0
20170117,13.765,13.84,13.525,13.84,27775,0
20170118,13.86,13.86,13.6,13.8,58726,0
20170119,13.84,13.84,13.61,13.8,23066,0
20170120,13.675,13.84,13.63,13.84,19608,0
20170123,13.72,13.72,13.53,13.53,34101,0
20170124,13.59,13.915,13.475,13.9,57906,0
20170125,13.97,14.23,13.95,14.185,67517,0
20170126,14.24,14.24,13.835,13.9,58444,0
20170127,14,14,13.835,13.9,29741,0
20170130,13.835,13.9,13.475,13.645,50823,0
20170131,13.57,13.705,13.545,13.545,52669,0
20170201,13.66,14.245,13.65,14.22,93309,0
20170202,14.09,14.15,13.945,14.09,30270,0
20170203,14.06,14.135,13.73,13.885,34321,0
20170206,14.05,14.05,13.625,13.8,16620,0
20170207,13.8,13.88,13.715,13.85,30965,0
20170208,13.895,14,13.725,14,80870,0
20170209,14.02,14.25,14.02,14.1,117383,0
20170210,14.25,14.25,14.03,14.245,146097,0
20170213,14.2,14.245,13.94,13.985,57574,0
20170214,14.035,14.1,13.945,14.06,41819,0
20170215,14.135,14.25,14.06,14.25,53168,0
20170216,14.2,14.69,14.2,14.69,101300,0
20170217,14.655,14.75,14.57,14.75,36541,0
20170220,14.745,14.85,14.62,14.705,28723,0
20170221,14.7,14.82,14.615,14.67,55899,0
20170222,14.715,15.34,14.685,15.34,154282,0
20170223,15.3,15.305,15.1,15.24,81280,0
20170224,15.18,15.18,14.72,15.02,44284,0
20170227,15.14,15.225,14.77,14.945,31071,0
20170228,14.9,15.195,14.745,15.195,57291,0
20170301,15.32,15.32,14.78,14.87,98234,0
20170302,14.89,14.955,14.5,14.695,74482,0
20170303,14.7,14.705,14.35,14.59,66947,0
20170306,14.575,14.575,14.34,14.395,52314,0
20170307,14.36,14.43,14.015,14.17,80624,0
20170308,14.105,14.125,13.91,14.02,99525,0
20170309,14.025,14.09,13.92,14.08,39044,0
20170310,14.08,14.08,13.885,14.08,46373,0
20170313,14.035,14.09,13.85,13.965,44375,0
20170314,13.97,13.975,13.685,13.955,49181,0
20170315,14.05,14.055,13.7,13.91,78217,0
20170316,14,14.02,13.9,13.95,47954,0
20170317,13.955,14.05,13.88,14.045,66381,0
20170320,14.09,14.14,13.875,13.99,25101,0
20170321,14.05,14.05,13.7,13.745,45000,0
20170322,13.7,13.875,13.465,13.855,82744,0
20170323,13.85,13.925,13.745,13.88,49293,0
