Date,Open,High,Low,Close,Volume,OpenInt
20091106,5.261,6.84,5.261,6.821,37806,0
20091109,6.524,6.916,6.275,6.409,71496,0
20091110,6.409,6.505,5.893,5.931,47713,0
20091111,5.931,6.075,5.319,5.74,37966,0
20091112,5.357,5.711,5.357,5.568,5966,0
20091113,5.357,5.701,5.338,5.663,17967,0
20091116,5.453,5.587,5.242,5.242,25009,0
20091117,5.214,5.491,5.214,5.309,6699,0
20091118,5.214,5.453,5.214,5.29,10228,0
20091119,5.214,5.271,4.898,4.898,15875,0
20091120,4.86,5.261,4.601,4.678,29014,0
20091123,4.544,5.261,3.903,4.018,35005,0
20091124,3.97,3.999,3.348,3.798,81812,0
20091125,3.348,4.027,3.348,3.922,55798,0
20091126,3.549,4.161,3.549,3.635,14772,0
20091127,3.157,3.75,3.157,3.597,20203,0
20091130,3.444,3.826,3.444,3.712,30565,0
20091201,3.444,4.496,3.444,3.98,136132,0
20091202,3.444,5.07,3.444,4.927,162492,0
20091203,4.783,5.338,4.735,4.917,98498,0
20091204,4.783,5.405,4.783,5.386,48419,0
20091207,4.687,5.453,4.687,5.242,28690,0
20091208,4.64,5.443,4.64,5.261,11104,0
20091209,4.678,5.443,4.678,5.309,22130,0
20091210,4.678,5.367,4.678,5.347,10315,0
20091211,5.166,5.405,5.166,5.261,1941,0
20091214,5.166,5.281,4.879,5.06,14617,0
20091215,5.166,5.357,5.07,5.118,23212,0
20091216,5.166,5.214,5.07,5.214,6238,0
20091217,5.099,5.261,5.08,5.204,9307,0
20091218,5.166,5.252,5.089,5.252,3087,0
20091221,5.166,5.194,5.051,5.051,18761,0
20091222,5.166,5.788,5.108,5.788,52396,0
20091223,5.166,5.778,5.166,5.414,23205,0
20091228,5.309,5.548,5.08,5.223,22691,0
20091229,5.261,5.261,5.08,5.127,25757,0
20091230,5.07,5.137,4.907,5.022,33359,0
20100104,4.927,5.357,4.869,5.261,54100,0
20100105,5.166,5.405,5.166,5.399,7805,0
20100106,5.07,5.357,5.07,5.177,5814,0
20100107,5.07,5.453,5.07,5.281,12429,0
20100108,5.07,5.692,5.07,5.563,50050,0
20100111,5.357,5.692,5.357,5.548,30360,0
20100112,5.357,5.548,5.357,5.472,5279,0
20100113,5.357,5.577,5.357,5.453,9474,0
20100114,5.309,5.453,5.309,5.338,8518,0
20100115,5.261,5.424,5.261,5.357,4209,0
20100118,5.252,5.357,5.214,5.214,2394,0
20100119,5.261,5.309,5.127,5.185,9743,0
20100120,5.108,5.214,5.084,5.118,5220,0
20100121,5.07,5.185,4.553,4.831,41913,0
20100122,4.687,4.687,4.506,4.687,21124,0
20100125,4.496,4.783,4.496,4.783,8352,0
20100126,4.4,4.882,4.4,4.882,19323,0
20100127,4.4,4.85,4.4,4.735,3557,0
20100128,4.4,4.783,4.4,4.783,2376,0
20100129,4.4,4.867,4.4,4.64,15623,0
20100201,4.592,4.736,4.544,4.601,2198,0
20100202,4.496,4.729,4.496,4.649,12784,0
20100203,4.496,4.687,4.496,4.63,2865,0
20100204,4.496,4.687,4.496,4.601,3565,0
20100205,4.4,4.639,4.4,4.553,11940,0
20100208,4.4,4.563,4.4,4.544,16719,0
20100209,4.337,4.59,4.337,4.544,4874,0
20100210,4.4,4.883,4.4,4.514,17074,0
20100211,4.4,4.764,4.4,4.754,1049,0
20100212,4.4,4.774,4.4,4.774,3548,0
20100215,4.4,4.782,4.4,4.571,3728,0
20100216,4.592,4.667,4.393,4.393,3378,0
20100217,4.592,4.592,4.123,4.305,33313,0
20100218,4.4,4.4,4.018,4.123,22065,0
20100219,4.305,4.305,4.027,4.305,7630,0
20100222,4.305,4.305,4.066,4.113,4770,0
20100223,4.305,4.305,4.067,4.19,3923,0
20100224,4.305,4.305,4.027,4.113,4622,0
20100225,4.018,4.094,3.779,3.825,20774,0
20100226,3.826,4.495,3.826,4.305,39196,0
20100301,3.874,4.745,3.874,4.497,39486,0
20100302,4.4,5.261,4.4,5.233,66341,0
20100303,4.4,5.644,4.4,5.357,95607,0
20100304,5.357,5.519,5.18,5.261,46847,0
20100305,5.281,5.356,5.167,5.26,15391,0
20100308,5.214,5.318,5.099,5.214,21066,0
20100309,5.214,5.369,5.147,5.333,14905,0
20100310,5.166,5.374,5.166,5.261,15731,0
20100311,5.166,5.337,5.127,5.261,38074,0
20100312,5.166,5.385,5.156,5.242,32217,0
20100315,5.07,5.281,5.07,5.28,13572,0
20100316,5.07,5.357,5.07,5.357,9244,0
20100317,5.07,5.356,5.07,5.249,30300,0
20100318,5.07,5.357,5.07,5.214,24659,0
20100319,5.07,5.47,5.07,5.453,17203,0
20100322,5.07,5.394,5.07,5.261,12020,0
20100323,5.07,5.328,5.07,5.3,4668,0
20100324,5.07,5.309,5.07,5.309,9066,0
20100325,5.07,5.338,5.07,5.233,9207,0
20100326,5.29,5.313,5.171,5.24,5252,0
20100329,5.175,5.309,5.095,5.095,11081,0
20100330,5.118,5.214,4.743,4.879,24261,0
20100331,4.927,5,4.831,4.938,13529,0
20100401,4.938,4.974,4.79,4.79,15690,0
20100406,4.831,4.974,4.783,4.973,12498,0
20100407,4.793,4.974,4.783,4.912,6142,0
20100408,4.783,5.165,4.783,5.099,5638,0
20100409,5.022,5.041,4.879,4.903,8526,0
20100412,4.955,5.022,4.821,4.936,3968,0
20100413,4.927,4.946,4.764,4.783,33462,0
20100414,4.735,5.041,4.735,5.013,15833,0
20100415,4.687,5.06,4.687,4.831,5794,0
20100416,4.687,4.974,4.687,4.846,11275,0
20100419,4.687,4.974,4.687,4.946,5963,0
20100420,4.687,4.965,4.687,4.965,22570,0
20100421,4.687,4.974,4.687,4.974,3901,0
20100422,4.687,4.878,4.687,4.868,5348,0
20100423,4.687,5.07,4.687,4.974,22272,0
20100426,4.687,4.974,4.687,4.84,9621,0
20100427,4.687,4.917,4.687,4.898,3118,0
20100428,4.687,4.869,4.612,4.782,19692,0
20100429,4.592,4.783,4.592,4.783,7280,0
20100430,4.64,4.831,4.64,4.64,7996,0
20100503,4.64,4.707,4.592,4.706,4786,0
20100504,4.64,4.705,4.336,4.401,19196,0
20100505,4.64,4.64,4.322,4.504,16374,0
20100506,4.4,4.573,4.4,4.448,10267,0
20100507,4.209,4.496,4.056,4.232,19693,0
20100510,4.209,4.592,4.161,4.374,21631,0
20100511,4.113,4.496,4.104,4.113,30420,0
20100512,4.113,4.257,4.113,4.209,10408,0
20100513,4.113,4.228,4.113,4.228,10662,0
20100514,4.324,4.51,4.303,4.51,22527,0
20100517,4.113,4.439,4.113,4.118,18276,0
20100518,4.113,4.238,4.113,4.238,14194,0
20100519,4.018,4.754,4.018,4.398,91213,0
20100520,4.544,4.544,4.128,4.18,40380,0
20100521,4.209,4.257,3.932,4.209,24785,0
20100524,4.113,4.2,3.97,4.094,1638,0
20100525,3.934,4.161,3.934,3.98,10205,0
20100526,4.123,4.333,3.948,4.208,30597,0
20100527,4.094,4.305,4.018,4.143,23618,0
20100528,4.094,4.185,3.999,4.113,10264,0
20100531,4.066,4.107,3.98,4.018,7416,0
20100601,3.922,4.041,3.922,4.041,1831,0
20100602,3.97,3.999,3.951,3.97,2103,0
20100603,3.96,4.018,3.932,4.018,4915,0
20100604,3.951,4.066,3.947,4.018,2502,0
20100607,3.922,4.257,3.922,4.161,28171,0
20100608,3.97,4.199,3.97,4.142,9614,0
20100609,4.018,4.142,4.018,4.133,5388,0
20100610,4.018,4.133,3.899,3.899,5402,0
20100611,4.018,4.138,3.958,3.958,23614,0
20100614,4.018,4.094,3.951,4.086,12546,0
20100615,4.018,4.525,3.97,4.4,59439,0
20100616,4.066,4.512,4.066,4.178,49301,0
20100617,4.066,4.485,4.066,4.353,25171,0
20100618,4.305,4.343,4.222,4.314,3096,0
20100621,4.257,4.648,4.257,4.543,30219,0
20100622,4.257,4.573,4.257,4.448,24061,0
20100623,4.515,4.553,4.257,4.549,22288,0
20100624,4.582,4.582,4.257,4.544,11653,0
20100625,4.305,4.496,4.231,4.231,4950,0
20100628,4.209,4.517,4.209,4.254,8178,0
20100629,4.161,4.467,4.161,4.42,17252,0
20100630,4.161,4.362,4.133,4.133,6377,0
20100701,4.161,4.35,4.142,4.256,2613,0
20100702,4.066,4.333,4.066,4.276,12443,0
20100705,4.066,4.314,4.018,4.065,9315,0
20100706,4.113,4.144,3.97,4.091,8243,0
20100707,4.113,4.114,3.97,4.056,4898,0
20100708,4.113,4.113,3.92,3.92,8980,0
20100709,4.018,4.19,3.941,4.128,10117,0
20100712,4.018,4.391,4.018,4.391,11505,0
20100713,4.018,4.428,4.018,4.428,15023,0
20100714,4.018,4.448,4.018,4.429,11520,0
20100715,4.018,4.4,4.018,4.393,7496,0
20100716,4.018,4.362,4.018,4.172,4408,0
20100719,4.018,4.2,4.018,4.152,2378,0
20100720,4.018,4.217,4.018,4.217,1372,0
20100721,4.037,4.209,4.037,4.161,1045,0
20100722,4.018,4.209,3.838,4.046,9784,0
20100723,4.018,4.209,3.903,3.903,9070,0
20100726,4.066,4.136,4.002,4.136,7312,0
20100727,4.037,4.055,3.936,3.968,10831,0
20100728,3.96,3.989,3.941,3.98,8014,0
20100729,3.941,3.98,3.847,3.96,17339,0
20100730,3.836,3.972,3.759,3.922,3577,0
20100802,3.903,3.932,3.826,3.922,5546,0
20100803,3.826,3.98,3.826,3.961,12883,0
20100804,3.865,3.944,3.826,3.922,2002,0
20100805,3.846,3.979,3.836,3.836,4058,0
20100806,3.874,3.947,3.826,3.939,11744,0
20100809,3.922,4.01,3.817,4.01,19414,0
20100810,3.898,4.013,3.846,3.935,13747,0
20100811,3.925,4.056,3.917,4.003,6436,0
20100812,3.988,4.245,3.937,4.209,22943,0
20100813,4.056,4.18,3.97,4.18,3327,0
20100816,4.082,4.2,3.97,4.19,2401,0
20100817,4.108,4.219,3.97,4.219,4583,0
20100818,4.097,4.219,3.97,4.219,1548,0
20100819,4.033,4.209,3.97,4.19,4147,0
20100820,4.005,4.189,3.97,4.011,754,0
20100823,4.005,4.176,4.003,4.066,4915,0
20100824,3.979,4.123,3.976,4.008,1727,0
20100825,3.989,4.046,3.965,3.999,6274,0
20100826,4.075,4.075,3.903,3.951,5236,0
20100827,3.811,4.061,3.811,3.973,5223,0
20100830,3.889,4.109,3.889,4.109,1233,0
20100831,3.98,4.062,3.936,4.018,876,0
20100901,3.989,4.16,3.946,4.123,12779,0
20100902,4.012,4.018,3.946,3.958,970,0
20100903,3.874,4.113,3.874,4.053,4730,0
20100906,3.868,4.051,3.868,3.932,752,0
20100907,3.826,4.066,3.826,4.035,5377,0
20100908,3.918,4.113,3.918,4.018,1738,0
20100909,3.86,4.027,3.846,4.027,11537,0
20100910,3.937,4.046,3.836,3.836,8898,0
20100913,3.874,3.97,3.825,3.908,9770,0
20100914,3.848,4.046,3.848,4.046,4919,0
20100915,3.85,3.989,3.847,3.913,9678,0
20100916,3.903,4.066,3.874,3.991,16283,0
20100917,4.046,4.126,3.82,3.992,8945,0
20100920,3.73,3.99,3.668,3.71,22220,0
20100921,3.712,3.865,3.71,3.71,9993,0
20100922,3.706,3.939,3.706,3.841,9486,0
20100923,3.918,3.918,3.79,3.83,12591,0
20100924,3.781,3.899,3.781,3.82,7049,0
20100927,3.836,3.989,3.816,3.82,14599,0
20100928,3.799,3.936,3.785,3.87,8587,0
20100929,3.79,3.944,3.79,3.944,16584,0
20100930,3.808,4.131,3.808,4.131,38930,0
20101001,3.92,4.1,3.92,4.02,44088,0
20101004,3.986,4.2,3.986,4.2,59524,0
20101005,4.101,4.21,4.04,4.04,15154,0
20101006,4.052,4.15,3.962,3.962,26703,0
20101007,3.97,4.08,3.84,4,41564,0
20101008,3.873,4.045,3.82,3.82,40572,0
20101011,3.818,3.95,3.818,3.849,6070,0
20101012,3.852,3.969,3.841,3.94,4595,0
20101013,3.888,3.99,3.841,3.87,51751,0
20101014,3.86,3.89,3.8,3.89,39018,0
20101015,3.82,3.88,3.81,3.86,6097,0
20101018,3.796,3.85,3.75,3.8,29003,0
20101019,3.798,3.82,3.798,3.806,11757,0
20101020,3.8,3.82,3.8,3.8,7746,0
20101021,3.79,3.81,3.75,3.794,30770,0
20101022,3.79,3.84,3.74,3.76,9812,0
20101025,3.777,3.81,3.72,3.75,12433,0
20101026,3.726,3.746,3.67,3.67,25081,0
20101027,3.657,3.74,3.62,3.74,14367,0
20101028,3.685,3.72,3.62,3.62,10080,0
20101029,3.549,3.659,3.549,3.659,18329,0
20101101,3.632,3.7,3.55,3.6,4785,0
20101102,3.545,3.65,3.545,3.62,12123,0
20101103,3.607,3.66,3.56,3.586,12443,0
20101104,3.563,3.69,3.563,3.68,5753,0
20101105,3.621,3.65,3.58,3.65,7476,0
20101108,3.576,3.6,3.52,3.6,11714,0
20101109,3.469,3.6,3.469,3.52,8142,0
20101110,3.507,3.56,3.46,3.49,19174,0
20101111,3.498,3.571,3.46,3.5,7998,0
20101112,3.408,3.495,3.4,3.41,12366,0
20101115,3.48,3.48,3.27,3.33,18572,0
20101116,3.253,3.3,2.85,3.1,57124,0
20101117,3.149,3.54,3.149,3.499,57750,0
20101118,3.484,3.489,3.38,3.38,16084,0
20101119,3.386,3.46,3.292,3.4,21896,0
20101122,3.357,3.59,3.34,3.49,79977,0
20101123,3.493,3.59,3.49,3.571,15560,0
20101124,3.516,3.601,3.5,3.601,14816,0
20101125,3.519,3.599,3.473,3.51,12880,0
20101126,3.49,3.659,3.49,3.659,1785,0
20101129,3.608,3.608,3.52,3.541,4786,0
20101130,3.509,3.581,3.5,3.549,4888,0
20101201,3.506,3.545,3.38,3.545,23538,0
20101202,3.463,3.55,3.463,3.5,5640,0
20101203,3.506,3.55,3.48,3.51,4983,0
20101206,3.505,3.55,3.401,3.478,28008,0
20101207,3.473,3.54,3.405,3.41,7395,0
20101208,3.375,3.494,3.25,3.25,7695,0
20101209,3.361,3.45,3.341,3.35,9202,0
20101210,3.322,3.351,3.19,3.324,7277,0
20101213,3.232,3.276,3.15,3.2,7326,0
20101214,3.141,3.25,3.06,3.11,12838,0
20101215,3.122,3.549,3.08,3.405,25583,0
20101216,3.314,3.48,3.301,3.301,7116,0
20101217,3.34,3.42,3.266,3.268,9564,0
20101220,3.26,3.421,3.26,3.32,13143,0
20101221,3.29,3.539,3.29,3.418,15176,0
20101222,3.47,3.561,3.47,3.5,11889,0
20101223,3.506,3.589,3.506,3.558,9127,0
20101227,3.505,3.59,3.5,3.589,12872,0
20101228,3.545,3.599,3.46,3.46,12701,0
20101229,3.53,3.588,3.46,3.46,3383,0
20101230,3.48,3.58,3.48,3.5,2283,0
20110103,3.47,3.57,3.47,3.5,2495,0
20110104,3.47,3.52,3.335,3.335,10232,0
20110105,3.445,3.52,3.4,3.45,8273,0
20110106,3.47,3.57,3.47,3.5,11306,0
20110107,3.511,3.569,3.5,3.52,7769,0
20110110,3.481,3.569,3.432,3.51,6478,0
20110111,3.481,3.55,3.45,3.52,8897,0
20110112,3.476,3.58,3.47,3.52,6871,0
20110113,3.513,3.549,3.31,3.549,22619,0
20110114,3.446,3.571,3.43,3.45,4886,0
20110117,3.481,3.549,3.41,3.41,3708,0
20110118,3.476,3.53,3.37,3.53,5407,0
20110119,3.485,3.53,3.45,3.5,4902,0
20110120,3.446,3.5,3.42,3.42,3188,0
20110121,3.43,3.495,3.4,3.405,15306,0
20110124,3.399,3.45,3.399,3.45,4444,0
20110125,3.395,3.529,3.395,3.456,7580,0
20110126,3.426,3.526,3.4,3.523,5068,0
20110127,3.467,3.528,3.4,3.457,9721,0
20110128,3.428,3.53,3.385,3.451,6274,0
20110131,3.445,3.54,3.371,3.497,7359,0
20110201,3.429,3.497,3.4,3.4,10674,0
20110202,3.37,3.489,3.37,3.4,14270,0
20110203,3.45,3.487,3.33,3.34,13359,0
20110204,3.321,3.4,3.321,3.375,3823,0
20110207,3.33,3.46,3.33,3.34,16069,0
20110208,3.392,3.48,3.354,3.354,1555,0
20110209,3.435,3.49,3.41,3.49,3860,0
20110210,3.424,3.508,3.33,3.33,18897,0
20110211,3.351,3.45,3.35,3.36,22465,0
20110214,3.337,3.485,3.337,3.42,2455,0
20110215,3.413,3.475,3.375,3.45,1555,0
20110216,3.405,3.447,3.35,3.398,26284,0
20110217,3.354,3.41,3.29,3.29,22130,0
20110218,3.335,3.4,3.303,3.321,24357,0
20110221,3.291,3.401,3.291,3.31,2697,0
20110222,3.28,3.35,3.28,3.31,2133,0
20110223,3.28,3.31,3.254,3.28,12611,0
20110224,3.25,3.3,3.21,3.25,8647,0
20110225,3.221,3.31,3.113,3.185,32481,0
20110228,3.155,3.23,3.06,3.1,31512,0
20110301,3.1,3.23,2.9,3.1,95326,0
20110302,2.981,3.123,2.95,3.031,19363,0
20110303,3.035,3.044,2.941,3.01,21218,0
20110304,2.946,3.035,2.886,2.97,14516,0
20110307,2.911,2.98,2.795,2.795,9962,0
20110308,2.921,3.011,2.85,2.85,15034,0
20110309,2.91,3.099,2.85,2.99,8343,0
20110310,2.957,3.061,2.85,2.92,18930,0
20110311,2.886,2.94,2.82,2.87,10068,0
20110314,2.851,2.988,2.81,2.832,5549,0
20110315,2.747,2.89,2.4,2.551,62340,0
20110316,2.586,2.68,2.4,2.48,32567,0
20110317,2.58,2.78,2.4,2.57,14337,0
20110318,2.672,2.86,2.6,2.75,17330,0
20110321,2.72,2.977,2.68,2.897,11952,0
20110322,2.807,2.825,2.71,2.71,1204,0
20110323,2.78,3.15,2.722,3.15,48948,0
20110324,3.021,3.58,3.021,3.58,34092,0
20110325,3.458,4.16,3.432,4.03,140755,0
20110328,4.1,4.27,3.875,3.91,88931,0
20110329,3.769,4.01,3.7,3.71,33252,0
20110330,3.78,3.78,3.237,3.569,54170,0
20110331,3.495,3.783,3.424,3.717,12263,0
20110401,3.613,3.717,3.52,3.689,10495,0
20110404,3.51,3.688,3.5,3.68,6281,0
20110405,3.61,3.69,3.512,3.685,4072,0
20110406,3.61,3.655,3.515,3.6,5638,0
20110407,3.555,3.645,3.471,3.644,4853,0
20110408,3.61,3.704,3.52,3.68,12025,0
20110411,3.582,3.704,3.53,3.58,5640,0
20110412,3.521,3.609,3.391,3.55,3928,0
20110413,3.456,3.66,3.415,3.55,12260,0
20110414,3.52,3.6,3.38,3.518,13659,0
20110415,3.41,3.638,3.31,3.438,1517,0
20110418,3.409,3.6,3.26,3.26,8039,0
20110419,3.335,3.597,3.26,3.55,5238,0
20110420,3.439,3.55,3.3,3.51,1299,0
20110421,3.47,3.55,3.4,3.54,3903,0
20110426,3.474,3.55,3.411,3.55,2875,0
20110427,3.411,3.548,3.41,3.45,2620,0
20110428,3.42,3.55,3.42,3.55,8447,0
20110429,3.45,3.55,3.45,3.488,2200,0
20110502,3.471,3.64,3.429,3.64,8789,0
20110503,3.492,3.58,3.45,3.58,2791,0
20110504,3.505,3.582,3.48,3.5,1333,0
20110505,3.47,3.587,3.44,3.56,3225,0
20110506,3.477,3.59,3.41,3.58,5505,0
20110509,3.491,3.61,3.41,3.48,3858,0
20110510,3.461,3.598,3.42,3.51,4499,0
20110511,3.463,3.589,3.461,3.5,3629,0
20110512,3.458,3.53,3.402,3.45,4827,0
20110513,3.42,3.53,3.36,3.499,4208,0
20110516,3.4,3.48,3.331,3.344,970,0
20110517,3.375,3.498,3.375,3.4,2852,0
20110518,3.36,3.405,3.283,3.38,13879,0
20110519,3.302,3.473,3.29,3.38,14344,0
20110520,3.383,3.51,3.3,3.509,2598,0
20110523,3.445,3.509,3.32,3.446,2813,0
20110524,3.369,3.474,3.352,3.469,3572,0
20110525,3.423,3.465,3.33,3.465,1729,0
20110526,3.413,3.42,3.351,3.351,1306,0
20110527,3.42,3.42,3.3,3.356,3437,0
20110530,3.323,3.42,3.295,3.349,11605,0
20110531,3.321,3.4,3.3,3.399,4427,0
20110601,3.385,3.449,3.33,3.33,865,0
20110602,3.268,3.51,3.268,3.4,509,0
20110603,3.3,3.435,3.25,3.357,5697,0
20110606,3.276,3.391,3.257,3.349,1341,0
20110607,3.321,3.35,3.25,3.35,280,0
20110608,3.4,3.4,3.149,3.255,2860,0
20110609,3.273,3.31,3.105,3.159,7719,0
20110610,3.15,3.289,3.1,3.1,9781,0
20110613,3.145,3.151,3.05,3.151,1846,0
20110614,3.15,3.152,3.025,3.13,2626,0
20110615,3.15,3.279,3.01,3.219,3312,0
20110616,3.186,3.309,3.12,3.229,1175,0
20110617,3.211,3.25,3.161,3.162,1590,0
20110620,3.14,3.279,3.131,3.131,2446,0
20110621,3.088,3.225,3.02,3.119,7611,0
20110622,3.11,3.205,3.07,3.205,2790,0
20110623,3.08,3.17,3.01,3.082,4429,0
20110624,3.001,3.099,2.925,2.994,4185,0
20110627,3.22,3.22,2.97,3,9536,0
20110628,3.13,3.224,2.971,3.13,2706,0
20110629,3.04,3.17,2.931,3.036,1151,0
20110630,3.101,3.169,3.008,3.101,4596,0
20110701,3.051,3.17,3.005,3.051,2435,0
20110704,3.101,3.16,3.003,3.09,6446,0
20110705,3.06,3.153,3.007,3.06,9045,0
20110706,3.068,3.074,2.981,3.068,3865,0
20110707,3.02,3.089,2.91,2.984,9613,0
20110708,2.921,3.099,2.91,2.921,14969,0
20110711,3.12,3.12,2.91,3.027,3714,0
20110712,2.79,2.99,2.79,2.91,4386,0
20110713,2.936,2.999,2.91,2.936,877,0
20110714,2.929,2.99,2.89,2.935,6930,0
20110715,2.96,3,2.91,2.96,1896,0
20110718,2.951,3,2.91,2.951,5846,0
20110719,2.95,3.094,2.91,3.02,3941,0
20110720,3.05,3.158,2.977,3.02,4947,0
20110721,3.3,3.3,2.99,3.047,10095,0
20110722,2.99,3.148,2.93,2.97,2867,0
20110725,2.92,3.1,2.87,2.936,6505,0
20110726,2.925,2.99,2.84,2.9,9059,0
20110727,2.92,3.03,2.858,2.891,1075,0
20110728,2.95,3,2.896,2.96,1688,0
20110729,2.96,3.058,2.9,2.96,7678,0
20110801,2.95,3.291,2.95,2.98,2570,0
20110802,3.055,3.172,2.961,3.055,5500,0
20110803,3,3.106,2.913,2.987,5164,0
20110804,2.9,3.077,2.747,2.866,10981,0
20110805,2.96,3.133,2.65,3.133,18140,0
20110808,2.748,3.1,2.67,2.75,13231,0
20110809,2.72,2.95,2.67,2.72,10503,0
20110810,2.721,2.9,2.668,2.721,10809,0
20110811,2.775,2.85,2.695,2.775,1363,0
20110812,2.75,2.847,2.72,2.75,1202,0
20110815,2.794,2.91,2.696,2.794,9259,0
20110816,2.73,3.034,2.7,2.773,7599,0
20110817,2.78,2.902,2.755,2.783,959,0
20110818,2.796,2.906,2.7,2.796,1658,0
20110819,2.67,2.832,2.67,2.67,6016,0
20110822,2.716,2.8,2.671,2.716,6785,0
20110823,2.727,2.829,2.672,2.727,11144,0
20110824,2.686,2.88,2.632,2.686,865,0
20110825,2.727,2.911,2.727,2.778,631,0
20110826,2.76,2.764,2.631,2.686,4236,0
20110829,2.665,2.79,2.594,2.73,11379,0
20110830,2.613,2.7,2.612,2.65,2880,0
20110831,2.645,2.7,2.564,2.65,718,0
20110901,2.62,2.748,2.578,2.651,252,0
20110902,2.618,2.68,2.564,2.631,740,0
20110905,2.598,2.73,2.511,2.523,1344,0
20110906,2.54,2.611,2.45,2.496,2596,0
20110907,2.555,2.64,2.496,2.591,18601,0
20110908,2.591,2.63,2.439,2.45,26492,0
20110909,2.471,2.6,2.352,2.537,22962,0
20110912,2.527,2.598,2.48,2.488,3370,0
20110913,2.488,2.55,2.444,2.488,1546,0
20110914,2.486,2.55,2.44,2.515,3476,0
20110915,2.478,2.64,2.441,2.583,12841,0
20110916,2.565,2.817,2.476,2.816,7185,0
20110919,2.67,2.888,2.667,2.72,6349,0
20110920,2.691,2.873,2.67,2.873,9287,0
20110921,2.873,2.96,2.771,2.96,9014,0
20110922,2.913,3.06,2.85,2.85,17861,0
20110923,2.957,3.06,2.86,2.999,8112,0
20110926,3.01,3.086,2.92,2.968,13202,0
20110927,3.053,3.196,2.92,3.196,5594,0
20110928,3.05,3.196,3.043,3.043,14143,0
20110929,3.055,3.165,3.04,3.092,8838,0
20110930,3.085,3.207,3.075,3.175,3283,0
20111003,3.175,3.233,2.962,3.14,2500,0
20111004,3.015,3.145,2.945,2.945,5812,0
20111005,2.955,3.001,2.932,2.987,5032,0
20111006,2.971,3.062,2.93,3.062,3427,0
20111007,2.973,3.062,2.973,3.056,2120,0
20111010,3,3.13,3,3.056,358,0
20111011,2.983,3.149,2.983,3.122,1843,0
20111012,3.037,3.151,2.99,3.15,11732,0
20111013,3.036,3.151,2.988,3.056,2778,0
20111014,2.991,3.19,2.99,3.131,5471,0
20111017,3.131,3.246,3.091,3.142,9403,0
20111018,3.193,3.2,3.032,3.138,3804,0
20111019,3.16,3.2,3.045,3.065,887,0
20111020,3.065,3.139,3.045,3.139,448,0
20111021,3.139,3.139,3.046,3.09,140,0
20111024,3.061,3.15,3.061,3.139,900,0
20111025,3.051,3.147,3.051,3.09,4470,0
20111026,3.07,3.148,3.07,3.102,1700,0
20111027,3.144,3.144,3.09,3.1,487,0
20111028,3.07,3.154,3.07,3.154,9749,0
20111031,3.065,3.134,3.021,3.036,4190,0
20111101,3.079,3.079,2.848,2.918,6118,0
20111102,2.92,3.057,2.89,3.057,2312,0
20111103,2.985,3.02,2.88,3.001,2355,0
20111104,3.006,3.006,2.89,2.982,2921,0
20111107,2.94,3.025,2.89,2.995,606,0
20111108,2.91,3,2.91,2.97,4791,0
20111109,2.97,2.977,2.917,2.921,2485,0
20111110,2.88,3,2.868,2.97,2349,0
20111111,2.92,3.014,2.861,3.014,5179,0
20111114,2.871,3.068,2.871,3.068,1178,0
20111115,2.982,3.05,2.871,3.017,2276,0
20111116,2.901,3.063,2.901,2.97,331,0
20111117,2.871,3,2.871,2.928,4675,0
20111118,2.872,3.049,2.872,2.915,11416,0
20111121,2.851,2.953,2.84,2.925,8143,0
20111122,2.801,2.884,2.658,2.658,9143,0
20111123,2.75,2.879,2.65,2.795,23759,0
20111124,2.672,2.88,2.672,2.837,20165,0
20111125,2.731,2.849,2.673,2.758,28007,0
20111128,2.651,2.794,2.651,2.779,28721,0
20111129,2.733,2.87,2.66,2.87,45842,0
20111130,2.75,2.944,2.75,2.878,25575,0
20111201,2.76,2.95,2.76,2.947,23299,0
20111202,2.843,3.017,2.843,3.017,18635,0
20111205,2.861,3.017,2.85,2.917,14788,0
20111206,2.885,2.948,2.81,2.948,26040,0
20111207,2.789,2.89,2.789,2.876,2113,0
20111208,2.823,2.942,2.776,2.909,15546,0
20111209,2.81,2.909,2.757,2.817,30955,0
20111212,2.761,2.897,2.761,2.83,22870,0
20111213,2.731,2.887,2.731,2.887,31674,0
20111214,2.84,2.89,2.781,2.868,25914,0
20111215,2.77,2.839,2.77,2.82,35151,0
20111216,2.762,2.823,2.7,2.7,31897,0
20111219,2.68,2.75,2.65,2.726,2277,0
20111220,2.683,2.775,2.63,2.672,28815,0
20111221,2.58,2.672,2.278,2.416,52851,0
20111222,2.205,2.5,2.205,2.44,38264,0
20111223,2.4,2.742,2.37,2.742,16154,0
20111227,2.551,2.749,2.551,2.702,7668,0
20111228,2.6,2.752,2.585,2.745,13616,0
20111229,2.65,2.748,2.581,2.738,3610,0
20111230,2.68,2.75,2.62,2.62,4507,0
20120102,2.531,2.95,2.531,2.94,28799,0
20120103,2.811,2.95,2.811,2.883,15856,0
20120104,2.836,2.942,2.756,2.816,14141,0
20120105,2.777,2.807,2.713,2.807,17400,0
20120106,2.651,2.81,2.651,2.765,1826,0
20120109,2.661,2.765,2.661,2.738,21515,0
20120110,2.636,2.74,2.629,2.629,43695,0
20120111,2.621,2.69,2.61,2.65,35236,0
20120112,2.618,2.669,2.51,2.564,41382,0
20120113,2.471,2.619,2.471,2.619,29032,0
20120116,2.575,2.608,2.512,2.57,8463,0
20120117,2.664,2.702,2.54,2.702,41041,0
20120118,2.664,2.702,2.611,2.692,43213,0
20120119,2.61,2.827,2.6,2.692,11338,0
20120120,2.66,2.753,2.621,2.753,28505,0
20120123,2.652,2.848,2.652,2.799,36234,0
20120124,2.731,2.87,2.731,2.769,16846,0
20120125,2.702,2.816,2.702,2.771,18044,0
20120126,2.771,2.79,2.696,2.774,21018,0
20120127,2.747,2.849,2.67,2.763,42876,0
20120130,2.62,2.763,2.62,2.658,27505,0
20120131,2.66,2.902,2.61,2.761,40011,0
20120201,2.659,2.827,2.659,2.698,20222,0
20120202,2.6,2.694,1.754,1.966,202957,0
20120203,1.82,2.035,1.76,1.842,113021,0
20120206,1.728,1.9,1.45,1.59,145439,0
20120207,1.585,1.705,1.56,1.702,27102,0
20120208,1.621,1.763,1.601,1.607,26380,0
20120209,1.57,1.686,1.57,1.654,6013,0
20120210,1.56,1.678,1.56,1.623,11681,0
20120213,1.627,1.657,1.58,1.624,5147,0
20120214,1.624,1.721,1.57,1.664,10551,0
20120215,1.669,1.749,1.63,1.73,3515,0
20120216,1.73,1.78,1.63,1.71,33970,0
20120217,1.681,1.797,1.64,1.757,22889,0
20120220,1.69,1.815,1.669,1.752,33341,0
20120221,1.73,1.764,1.67,1.764,18939,0
20120222,1.687,1.764,1.687,1.698,4830,0
20120223,1.648,1.806,1.648,1.766,2909,0
20120224,1.68,1.785,1.68,1.738,7887,0
20120227,1.656,1.738,1.64,1.688,28417,0
20120228,1.57,1.688,1.57,1.658,15935,0
20120229,1.56,1.68,1.56,1.656,15349,0
20120301,1.575,1.656,1.575,1.62,3106,0
20120302,1.55,1.63,1.55,1.576,15454,0
20120305,1.6,1.63,1.57,1.604,7458,0
20120306,1.58,1.63,1.47,1.579,16572,0
20120307,1.472,1.579,1.446,1.51,25911,0
20120308,1.39,1.547,1.39,1.519,31722,0
20120309,1.49,1.532,1.414,1.532,28274,0
20120312,1.43,1.504,1.43,1.5,9599,0
20120313,1.445,1.807,1.445,1.7,72396,0
20120314,1.71,1.93,1.66,1.772,105240,0
20120315,1.804,1.919,1.759,1.766,28265,0
20120316,1.79,1.826,1.711,1.789,9887,0
20120319,1.72,1.8,1.72,1.78,28350,0
20120320,1.75,1.79,1.713,1.713,12592,0
20120321,1.68,1.83,1.68,1.728,29030,0
20120322,1.72,1.788,1.672,1.788,8434,0
20120323,1.76,1.8,1.673,1.724,6997,0
20120326,1.672,1.755,1.672,1.715,8352,0
20120327,1.661,1.76,1.661,1.715,17711,0
20120328,1.66,1.738,1.66,1.711,7302,0
20120329,1.66,1.72,1.651,1.66,2800,0
20120330,1.62,1.76,1.62,1.719,7570,0
20120402,1.719,1.8,1.67,1.738,16546,0
20120403,1.679,1.766,1.652,1.734,11761,0
20120404,1.734,1.769,1.68,1.76,2927,0
20120405,1.73,1.77,1.69,1.72,10386,0
20120410,1.726,1.8,1.671,1.709,10098,0
20120411,1.71,1.739,1.67,1.707,11716,0
20120412,1.705,1.793,1.67,1.682,20681,0
20120413,1.743,1.743,1.67,1.686,23194,0
20120416,1.63,1.743,1.63,1.676,10067,0
20120417,1.63,1.719,1.63,1.662,4804,0
20120418,1.661,1.725,1.613,1.725,6140,0
20120419,1.65,1.73,1.65,1.72,2346,0
20120420,1.64,1.749,1.611,1.73,6908,0
20120423,1.612,1.772,1.612,1.664,11297,0
20120424,1.642,1.701,1.642,1.677,2719,0
20120425,1.625,1.742,1.625,1.665,2640,0
20120426,1.616,1.665,1.616,1.641,2479,0
20120427,1.65,1.74,1.65,1.665,3695,0
20120430,1.679,1.749,1.65,1.7,5946,0
20120502,1.679,1.749,1.601,1.654,11840,0
20120503,1.6,1.7,1.6,1.647,1826,0
20120504,1.598,1.679,1.598,1.617,1008,0
20120507,1.561,1.709,1.561,1.691,8622,0
20120508,1.65,1.8,1.65,1.722,17324,0
20120509,1.716,1.771,1.66,1.707,764,0
20120510,1.65,1.75,1.621,1.65,5493,0
20120511,1.65,1.743,1.578,1.666,74,0
20120514,1.63,1.739,1.63,1.672,2787,0
20120515,1.61,1.744,1.61,1.65,21476,0
20120516,1.602,1.71,1.598,1.651,8966,0
20120517,1.6,1.715,1.6,1.715,350,0
20120518,1.602,1.725,1.602,1.63,2606,0
20120521,1.581,1.74,1.581,1.7,10952,0
20120522,1.722,1.75,1.67,1.7,14927,0
20120523,1.651,1.75,1.651,1.706,8545,0
20120524,1.651,1.73,1.651,1.699,5544,0
20120525,1.65,1.762,1.65,1.683,11663,0
20120529,1.68,1.738,1.62,1.65,2369,0
20120530,1.601,1.679,1.6,1.671,14396,0
20120531,1.622,1.721,1.622,1.721,10783,0
20120601,1.61,1.731,1.61,1.731,11627,0
20120604,1.612,1.75,1.612,1.632,12083,0
20120605,1.6,1.698,1.6,1.67,9836,0
20120606,1.61,1.71,1.6,1.69,11531,0
20120607,1.58,1.749,1.58,1.749,12495,0
20120608,1.696,1.749,1.64,1.73,16029,0
20120611,1.615,1.71,1.615,1.683,11828,0
20120612,1.683,1.719,1.631,1.7,4837,0
20120613,1.601,1.715,1.601,1.657,2581,0
20120614,1.6,1.71,1.6,1.64,3379,0
20120615,1.569,1.685,1.541,1.64,16107,0
20120618,1.59,1.65,1.566,1.614,4916,0
20120619,1.521,1.64,1.521,1.605,3148,0
20120620,1.551,1.75,1.551,1.75,15727,0
20120621,1.683,1.74,1.625,1.629,16831,0
20120622,1.57,1.749,1.57,1.749,6194,0
20120625,1.63,1.74,1.622,1.691,10496,0
20120626,1.649,1.752,1.649,1.752,23685,0
20120627,1.692,1.78,1.692,1.746,8627,0
20120628,1.72,1.79,1.702,1.747,3060,0
20120629,1.7,1.83,1.7,1.78,16204,0
20120702,1.71,1.908,1.71,1.813,30183,0
20120703,1.782,1.87,1.77,1.83,13725,0
20120704,1.842,1.92,1.77,1.903,19534,0
20120705,1.851,1.974,1.842,1.904,13454,0
20120706,1.904,1.92,1.806,1.808,24782,0
20120709,1.75,1.859,1.75,1.79,6065,0
20120710,1.731,1.92,1.731,1.87,9627,0
20120711,1.751,2,1.751,1.826,24369,0
20120712,1.802,1.89,1.73,1.78,15147,0
20120713,1.732,1.815,1.673,1.736,4762,0
20120716,1.68,1.765,1.68,1.74,2932,0
20120717,1.671,1.834,1.671,1.765,18940,0
20120718,1.711,1.8,1.711,1.771,7841,0
20120719,1.7,1.773,1.7,1.72,4448,0
20120720,1.67,1.773,1.67,1.735,1640,0
20120723,1.651,1.791,1.651,1.719,22572,0
20120724,1.72,1.82,1.67,1.734,1715,0
20120725,1.73,1.769,1.68,1.71,11904,0
20120726,1.68,1.795,1.68,1.741,7298,0
20120727,1.748,1.826,1.69,1.729,33850,0
20120730,1.68,1.806,1.68,1.74,9442,0
20120731,1.69,1.825,1.69,1.794,29957,0
20120801,1.67,1.92,1.67,1.794,21554,0
20120802,1.771,1.912,1.752,1.829,16972,0
20120803,1.742,1.899,1.742,1.812,12415,0
20120806,1.812,1.944,1.76,1.887,16346,0
20120807,1.78,1.78,0.53,0.53,1205786,0
20120808,0.569,0.569,0.415,0.46,606385,0
20120809,0.452,0.58,0.38,0.469,407495,0
20120810,0.498,0.5,0.41,0.485,115642,0
20120813,0.417,0.5,0.405,0.44,233276,0
20120814,0.383,0.45,0.383,0.399,198240,0
20120815,0.335,0.399,0.329,0.346,168050,0
20120816,0.35,0.4,0.305,0.4,309963,0
20120817,0.312,0.435,0.312,0.373,119377,0
20120820,0.326,0.397,0.326,0.346,152229,0
20120821,0.293,0.395,0.293,0.365,61478,0
20120822,0.297,0.382,0.297,0.38,48099,0
20120823,0.31,0.379,0.31,0.358,38568,0
20120824,0.348,0.437,0.31,0.348,262805,0
20120827,0.338,0.358,0.276,0.293,417869,0
20120828,0.242,0.343,0.242,0.31,384660,0
20120829,0.26,0.349,0.26,0.34,80239,0
20120830,0.271,0.37,0.271,0.37,128076,0
20120831,0.34,0.368,0.268,0.35,62407,0
20120903,0.292,0.355,0.292,0.333,24065,0
20120904,0.271,0.335,0.271,0.321,7988,0
20120905,0.275,0.335,0.275,0.3,126625,0
20120906,0.245,0.31,0.245,0.3,31360,0
20120907,0.232,0.32,0.232,0.31,43333,0
20120910,0.25,0.31,0.25,0.292,71152,0
20120911,0.235,0.329,0.235,0.329,87480,0
20120912,0.25,0.33,0.25,0.309,25495,0
20120913,0.25,0.318,0.25,0.301,92222,0
20120914,0.241,0.318,0.241,0.3,21105,0
20120917,0.26,0.35,0.26,0.33,183179,0
20120918,0.271,0.359,0.271,0.331,31207,0
20120919,0.279,0.34,0.279,0.317,33929,0
20120920,0.26,0.32,0.26,0.31,30332,0
20120921,0.256,0.348,0.256,0.315,26814,0
20120924,0.251,0.315,0.251,0.298,79995,0
20120925,0.243,0.31,0.243,0.3,40487,0
20120926,0.242,0.309,0.242,0.3,34525,0
20120927,0.237,0.303,0.237,0.291,31266,0
20120928,0.291,0.299,0.232,0.291,23337,0
20121001,0.24,0.3,0.24,0.292,6266,0
20121002,0.232,0.295,0.232,0.286,15518,0
20121003,0.289,0.29,0.236,0.28,50061,0
20121004,0.282,0.285,0.23,0.28,25734,0
20121005,0.215,0.29,0.215,0.27,111683,0
20121008,0.212,0.28,0.212,0.27,9224,0
20121009,0.211,0.3,0.211,0.289,37525,0
20121010,0.217,0.298,0.217,0.279,30224,0
20121011,0.23,0.314,0.23,0.285,134877,0
20121012,0.22,0.29,0.22,0.271,51659,0
20121015,0.271,0.289,0.215,0.27,20068,0
20121016,0.27,0.28,0.26,0.269,12793,0
20121017,0.261,0.273,0.257,0.273,12582,0
20121018,0.272,0.274,0.26,0.27,33168,0
20121019,0.27,0.28,0.258,0.271,18165,0
20121022,0.209,0.274,0.209,0.272,22149,0
20121023,0.267,0.279,0.26,0.271,12155,0
20121024,0.216,0.271,0.216,0.27,492,0
20121025,0.23,0.27,0.23,0.27,13040,0
20121026,0.23,0.28,0.23,0.27,17822,0
20121029,0.211,0.279,0.211,0.27,17370,0
20121030,0.209,0.273,0.209,0.27,20977,0
20121031,0.265,0.27,0.212,0.27,13212,0
20121101,0.211,0.27,0.211,0.27,1000,0
20121102,0.26,0.27,0.2,0.26,13404,0
20121105,0.215,0.339,0.215,0.299,114729,0
20121106,0.235,0.384,0.235,0.322,323071,0
20121107,0.284,0.463,0.284,0.463,864149,0
20121108,0.465,0.734,0.365,0.734,1451038,0
20121109,0.72,0.75,0.462,0.55,950832,0
20121112,0.545,0.59,0.456,0.525,337898,0
20121113,0.53,0.53,0.385,0.401,345025,0
20121114,0.383,0.44,0.373,0.393,275182,0
20121115,0.398,0.41,0.327,0.357,273455,0
20121116,0.366,0.38,0.308,0.362,104267,0
20121119,0.363,0.478,0.295,0.44,271888,0
20121120,0.401,0.44,0.394,0.4,127999,0
20121121,0.359,0.455,0.359,0.405,46544,0
20121122,0.37,0.42,0.362,0.385,44281,0
20121123,0.37,0.455,0.365,0.396,25353,0
20121126,0.393,0.44,0.321,0.435,56751,0
20121127,0.35,0.453,0.35,0.41,27782,0
20121128,0.35,0.425,0.35,0.4,42200,0
20121129,0.313,0.44,0.313,0.383,42281,0
20121130,0.324,0.508,0.321,0.438,386871,0
20121203,0.4,0.448,0.372,0.39,76183,0
20121204,0.331,0.39,0.331,0.375,40358,0
20121205,0.31,0.389,0.31,0.34,42224,0
20121206,0.301,0.41,0.301,0.365,74866,0
20121207,0.303,0.41,0.303,0.381,12352,0
20121210,0.325,0.41,0.325,0.366,31954,0
20121211,0.366,0.399,0.316,0.365,30111,0
20121212,0.311,0.38,0.311,0.365,31310,0
20121213,0.301,0.365,0.301,0.346,58629,0
20121214,0.281,0.349,0.281,0.347,11428,0
20121217,0.28,0.357,0.28,0.352,19854,0
20121218,0.285,0.379,0.285,0.355,33763,0
20121219,0.29,0.368,0.29,0.348,7755,0
20121220,0.285,0.372,0.285,0.355,31830,0
20121221,0.31,0.38,0.31,0.346,32932,0
20121227,0.362,0.37,0.32,0.357,45827,0
20121228,0.281,0.359,0.281,0.35,18029,0
20130102,0.322,0.35,0.3,0.334,64346,0
20130103,0.265,0.35,0.265,0.315,48269,0
20130104,0.251,0.347,0.251,0.314,42527,0
20130107,0.301,0.349,0.29,0.312,25163,0
20130108,0.241,0.32,0.241,0.315,50493,0
20130109,0.25,0.349,0.25,0.328,25837,0
20130110,0.262,0.34,0.262,0.323,21246,0
20130111,0.27,0.348,0.27,0.328,13583,0
20130114,0.328,0.333,0.263,0.323,7426,0
20130115,0.263,0.339,0.263,0.331,6410,0
20130116,0.27,0.331,0.27,0.329,14971,0
20130117,0.315,0.335,0.275,0.33,17755,0
20130118,0.276,0.345,0.276,0.333,13083,0
20130121,0.28,0.353,0.28,0.34,27674,0
20130122,0.34,0.37,0.3,0.34,26265,0
20130123,0.336,0.38,0.3,0.356,58723,0
20130124,0.3,0.358,0.3,0.33,3942,0
20130125,0.3,0.356,0.3,0.335,14162,0
20130128,0.3,0.359,0.3,0.335,3408,0
20130129,0.3,0.35,0.3,0.331,14399,0
20130130,0.333,0.348,0.3,0.348,946,0
20130131,0.333,0.36,0.3,0.359,27340,0
20130201,0.333,0.489,0.33,0.398,581328,0
20130204,0.42,0.458,0.378,0.414,191110,0
20130205,0.36,0.47,0.35,0.395,167853,0
20130206,0.332,0.418,0.332,0.369,30552,0
20130207,0.317,0.391,0.317,0.364,15872,0
20130208,0.315,0.404,0.315,0.375,5625,0
20130211,0.322,0.4,0.322,0.4,8458,0
20130212,0.385,0.397,0.33,0.368,11730,0
20130213,0.32,0.397,0.32,0.373,17896,0
20130214,0.323,0.397,0.323,0.376,7159,0
20130215,0.326,0.38,0.326,0.365,7881,0
20130218,0.315,0.405,0.315,0.388,23376,0
20130219,0.35,0.405,0.35,0.372,16658,0
20130220,0.32,0.39,0.32,0.37,18624,0
20130221,0.32,0.39,0.32,0.381,10439,0
20130222,0.32,0.39,0.32,0.368,6200,0
20130225,0.381,0.39,0.325,0.376,26310,0
20130226,0.326,0.389,0.326,0.375,10846,0
20130227,0.326,0.422,0.326,0.389,114376,0
20130228,0.35,0.422,0.35,0.389,15551,0
20130301,0.34,0.417,0.34,0.4,26505,0
20130304,0.399,0.4,0.36,0.365,11850,0
20130305,0.365,0.394,0.326,0.37,6640,0
20130306,0.394,0.394,0.36,0.37,1105,0
20130307,0.362,0.389,0.36,0.362,3290,0
20130308,0.326,0.39,0.326,0.363,9651,0
20130311,0.326,0.389,0.326,0.352,40235,0
20130312,0.3,0.378,0.3,0.345,8116,0
20130313,0.35,0.365,0.295,0.365,10594,0
20130314,0.296,0.364,0.296,0.323,21843,0
20130315,0.295,0.361,0.295,0.341,24856,0
20130318,0.289,0.349,0.289,0.34,13999,0
20130319,0.29,0.341,0.29,0.34,2295,0
20130320,0.291,0.37,0.291,0.37,5082,0
20130321,0.356,0.375,0.29,0.341,15664,0
20130322,0.291,0.365,0.291,0.335,6390,0
20130325,0.29,0.36,0.29,0.36,840,0
20130326,0.29,0.4,0.29,0.36,42110,0
20130327,0.29,0.356,0.272,0.31,176790,0
20130328,0.236,0.325,0.236,0.281,44139,0
20130402,0.281,0.327,0.28,0.3,46714,0
20130403,0.28,0.331,0.266,0.292,99772,0
20130404,0.28,0.298,0.265,0.287,5252,0
20130405,0.28,0.355,0.269,0.336,36210,0
20130408,0.249,0.34,0.249,0.33,12584,0
20130409,0.256,0.33,0.256,0.31,6720,0
20130410,0.3,0.329,0.255,0.257,145982,0
20130411,0.213,0.295,0.213,0.267,79499,0
20130412,0.19,0.296,0.19,0.251,60525,0
20130415,0.21,0.268,0.21,0.225,70963,0
20130416,0.18,0.246,0.145,0.161,123662,0
20130417,0.111,0.2,0.111,0.16,24222,0
20130418,0.12,0.202,0.12,0.202,30860,0
20130419,0.112,0.223,0.112,0.181,37287,0
20130422,0.18,0.245,0.127,0.181,124025,0
20130423,0.125,0.198,0.125,0.18,3810,0
20130424,0.18,0.214,0.126,0.18,48672,0
20130425,0.125,0.197,0.1,0.118,211684,0
20130426,0.125,0.16,0.112,0.112,145644,0
20130429,0.111,0.116,0.07,0.116,92523,0
20130430,0.051,0.16,0.051,0.11,160272,0
20130502,0.065,0.132,0.065,0.123,36687,0
20130503,0.06,0.131,0.06,0.113,88991,0
20130506,0.06,0.13,0.06,0.13,79433,0
20130507,0.061,0.136,0.061,0.113,89436,0
20130508,0.13,0.155,0.069,0.131,135758,0
20130509,0.085,0.14,0.085,0.125,22170,0
20130510,0.075,0.14,0.075,0.121,15046,0
20130513,0.121,0.136,0.076,0.123,46769,0
20130514,0.119,0.12,0.074,0.12,9256,0
20130515,0.119,0.132,0.07,0.117,20171,0
20130516,0.11,0.125,0.11,0.115,41600,0
20130517,0.113,0.135,0.11,0.116,65577,0
20130520,0.116,0.144,0.065,0.109,110813,0
20130521,0.115,0.134,0.072,0.118,77214,0
20130522,0.116,0.133,0.07,0.115,20461,0
20130523,0.105,0.135,0.091,0.1,212993,0
20130524,0.091,0.1,0.05,0.063,786083,0
20130527,0.06,0.079,0.06,0.062,445818,0
20130528,0.062,0.079,0.057,0.057,51367,0
20130529,0.06,0.068,0.054,0.06,122320,0
20130530,0.06,0.062,0.054,0.054,22310,0
20130531,0.059,0.059,0.057,0.057,330994,0
20130603,0.063,0.078,0.062,0.062,175826,0
20130604,0.058,0.07,0.058,0.059,28335,0
20130605,0.059,0.07,0.059,0.06,74738,0
20130606,0.06,0.069,0.06,0.06,53166,0
20130607,0.056,0.07,0.054,0.057,32743,0
20130610,0.015,0.065,0.015,0.054,55602,0
20130611,0.046,0.065,0.046,0.063,27293,0
20130612,0.055,0.073,0.05,0.073,43355,0
20130613,0.051,0.078,0.051,0.055,14222,0
20130614,0.051,0.073,0.051,0.055,55956,0
20130617,0.03,0.065,0.03,0.037,157579,0
20130618,0.05,0.05,0.037,0.042,24591,0
20130619,0.03,0.059,0.03,0.044,58055,0
20130620,0.044,0.05,0.03,0.044,13396,0
20130621,0.032,0.045,0.03,0.041,32729,0
20130624,0.041,0.041,0.03,0.041,6048,0
20130625,0.04,0.041,0.03,0.033,96027,0
20130626,0.033,0.041,0.031,0.034,61695,0
20130627,0.034,0.041,0.03,0.032,27970,0
20130628,0.03,0.04,0.03,0.03,15595,0
20130701,0.049,0.049,0.03,0.04,55853,0
20130702,0.033,0.042,0.03,0.035,1264,0
20130703,0.035,0.05,0.03,0.033,54768,0
20130704,0.033,0.047,0.03,0.032,2340,0
20130705,0.033,0.042,0.03,0.042,12730,0
20130708,0.038,0.04,0.03,0.037,32747,0
20130709,0.03,0.044,0.03,0.038,12823,0
20130710,0.037,0.044,0.03,0.039,33825,0
20130711,0.03,0.041,0.03,0.036,37072,0
20130712,0.034,0.04,0.03,0.034,32077,0
20130715,0.033,0.043,0.03,0.04,189798,0
20130716,0.03,0.031,0.024,0.024,3695,0
20130717,0.031,0.031,0.019,0.031,16328,0
20130718,0.029,0.031,0.021,0.029,763,0
20130719,0.029,0.031,0.021,0.029,59782,0
20130722,0.025,0.038,0.02,0.03,10110,0
20130723,0.03,0.038,0.026,0.026,20574,0
20130724,0.03,0.03,0.018,0.03,24857,0
20130725,0.03,0.033,0.027,0.031,10807,0
20130726,0.03,0.036,0.025,0.036,16460,0
20130729,0.03,0.039,0.025,0.039,54167,0
20130730,0.03,0.035,0.021,0.03,3626,0
20130731,0.031,0.031,0.03,0.03,1897,0
20130801,0.02,0.031,0.02,0.021,565,0
20130802,0.02,0.03,0.02,0.021,2737,0
20130805,0.033,0.033,0.025,0.025,24758,0
20130806,0.017,0.031,0.017,0.018,12988,0
20130807,0.031,0.031,0.01,0.027,81016,0
20130808,0.019,0.031,0.019,0.019,1855,0
20130809,0.016,0.027,0.012,0.027,63852,0
20130812,0.019,0.028,0.019,0.028,34664,0
20130813,0.019,0.025,0.018,0.018,18127,0
20130814,0.018,0.03,0.018,0.03,96896,0
20130815,0.009,0.025,0.009,0.021,510,0
20130816,0.02,0.025,0.02,0.022,2214,0
20130819,0.023,0.025,0.02,0.02,1445,0
20130820,0.007,0.025,0.007,0.021,10962,0
20130821,0.02,0.029,0.02,0.029,154306,0
20130822,0.02,0.042,0.017,0.042,48623,0
20130823,0.035,0.052,0.035,0.037,138635,0
20130826,0.04,0.098,0.02,0.098,654482,0
20130827,0.077,0.169,0.077,0.169,718208,0
20130828,0.173,0.209,0.147,0.209,920388,0
20130829,0.215,0.25,0.19,0.215,352089,0
20130830,0.224,0.224,0.13,0.17,274030,0
20130902,0.147,0.168,0.116,0.132,111454,0
20130903,0.12,0.13,0.082,0.093,180342,0
20130904,0.09,0.114,0.074,0.098,25251,0
20130905,0.101,0.105,0.08,0.085,85491,0
20130906,0.085,0.104,0.076,0.095,46295,0
20130909,0.08,0.107,0.071,0.095,49301,0
20130910,0.069,0.109,0.069,0.085,45366,0
20130911,0.08,0.15,0.071,0.15,430743,0
20130912,0.149,0.18,0.121,0.18,805203,0
20130913,0.2,0.235,0.16,0.193,563223,0
20130916,0.181,0.183,0.13,0.15,163712,0
20130917,0.17,0.18,0.138,0.15,138312,0
20130918,0.146,0.18,0.137,0.15,106327,0
20130919,0.143,0.18,0.127,0.152,116016,0
20130920,0.145,0.18,0.121,0.148,26332,0
20130923,0.13,0.151,0.121,0.131,47180,0
20130924,0.13,0.155,0.121,0.149,15677,0
20130925,0.13,0.177,0.126,0.169,87688,0
20130926,0.135,0.15,0.13,0.15,4672,0
20130927,0.15,0.167,0.13,0.14,50410,0
20130930,0.14,0.15,0.13,0.145,12985,0
20131001,0.135,0.15,0.125,0.134,26104,0
20131002,0.124,0.141,0.124,0.132,59056,0
20131003,0.121,0.132,0.121,0.131,1219,0
20131004,0.121,0.154,0.121,0.154,14983,0
20131007,0.121,0.155,0.121,0.149,199244,0
20131008,0.125,0.149,0.125,0.137,16042,0
20131009,0.126,0.137,0.126,0.135,18400,0
20131010,0.123,0.148,0.12,0.12,86808,0
20131011,0.121,0.139,0.11,0.12,28740,0
20131014,0.123,0.138,0.09,0.138,95774,0
20131015,0.112,0.143,0.08,0.116,30485,0
20131016,0.116,0.131,0.106,0.116,38355,0
20131017,0.105,0.117,0.099,0.11,68809,0
20131018,0.106,0.116,0.096,0.104,4530,0
20131021,0.1,0.121,0.1,0.112,19526,0
20131022,0.121,0.134,0.11,0.13,44084,0
20131023,0.111,0.134,0.111,0.13,108335,0
20131024,0.105,0.135,0.105,0.129,28501,0
20131025,0.108,0.132,0.108,0.12,39592,0
20131028,0.108,0.13,0.108,0.12,10449,0
20131029,0.108,0.132,0.108,0.125,48915,0
20131030,0.108,0.12,0.108,0.118,1956,0
20131031,0.119,0.134,0.108,0.12,51082,0
20131101,0.078,0.139,0.078,0.099,21089,0
20131104,0.117,0.135,0.108,0.12,8430,0
20131105,0.108,0.133,0.108,0.122,47346,0
20131106,0.118,0.132,0.108,0.132,5424,0
20131107,0.108,0.132,0.108,0.132,34358,0
20131108,0.108,0.13,0.108,0.119,17380,0
20131111,0.108,0.127,0.108,0.119,41417,0
20131112,0.115,0.128,0.102,0.119,29231,0
20131113,0.108,0.119,0.101,0.101,73605,0
20131114,0.09,0.13,0.09,0.11,110856,0
20131115,0.099,0.134,0.099,0.115,12561,0
20131118,0.111,0.13,0.106,0.125,51326,0
20131119,0.101,0.129,0.1,0.12,9074,0
20131120,0.101,0.112,0.1,0.11,11607,0
20131121,0.099,0.112,0.099,0.11,26299,0
20131122,0.099,0.127,0.099,0.103,86993,0
20131125,0.096,0.12,0.096,0.103,16795,0
20131126,0.096,0.107,0.096,0.107,3560,0
20131127,0.106,0.107,0.096,0.106,27871,0
20131128,0.106,0.106,0.095,0.106,5488,0
20131129,0.095,0.107,0.095,0.106,23072,0
20131202,0.095,0.106,0.092,0.098,84668,0
20131203,0.098,0.1,0.087,0.095,16657,0
20131204,0.085,0.108,0.085,0.108,36874,0
20131205,0.081,0.1,0.08,0.096,25009,0
20131206,0.081,0.092,0.081,0.091,4494,0
20131209,0.081,0.092,0.078,0.084,22574,0
20131210,0.076,0.091,0.076,0.088,84550,0
20131211,0.076,0.12,0.076,0.12,142446,0
20131212,0.072,0.1,0.072,0.086,22015,0
20131213,0.075,0.115,0.075,0.115,34943,0
20131216,0.075,0.1,0.075,0.086,3322,0
20131217,0.08,0.117,0.08,0.115,85786,0
20131218,0.077,0.118,0.077,0.091,15833,0
20131219,0.077,0.115,0.077,0.114,26507,0
20131220,0.102,0.115,0.087,0.087,52033,0
20131223,0.112,0.12,0.08,0.12,106964,0
20131227,0.077,0.131,0.077,0.11,287989,0
20131230,0.09,0.118,0.09,0.11,37122,0
20140102,0.092,0.133,0.092,0.133,21101,0
20140103,0.092,0.124,0.091,0.105,43572,0
20140106,0.081,0.108,0.081,0.099,37078,0
20140107,0.085,0.118,0.085,0.118,70820,0
20140108,0.092,0.118,0.081,0.094,97213,0
20140109,0.083,0.117,0.083,0.101,25121,0
20140110,0.083,0.115,0.083,0.11,53135,0
20140113,0.084,0.115,0.084,0.115,40957,0
20140114,0.086,0.109,0.086,0.108,101999,0
20140115,0.086,0.109,0.086,0.109,44688,0
20140116,0.085,0.108,0.085,0.093,47343,0
20140117,0.093,0.099,0.083,0.099,92488,0
20140120,0.099,0.106,0.077,0.089,95131,0
20140121,0.077,0.105,0.077,0.087,11036,0
20140122,0.077,0.102,0.077,0.09,54615,0
20140123,0.079,0.1,0.079,0.085,14697,0
20140124,0.078,0.092,0.031,0.031,54738,0
20140127,0.09,0.09,0.08,0.08,75755,0
20140128,0.07,0.09,0.07,0.09,46397,0
20140129,0.09,0.09,0.07,0.072,14995,0
20140130,0.076,0.081,0.07,0.075,38606,0
20140131,0.076,0.077,0.07,0.076,29027,0
20140203,0.064,0.088,0.064,0.077,7258,0
20140204,0.044,0.083,0.044,0.082,31708,0
20140205,0.051,0.078,0.051,0.064,2453,0
20140206,0.054,0.075,0.054,0.066,21213,0
20140207,0.075,0.085,0.055,0.08,9885,0
20140210,0.055,0.075,0.055,0.075,3325,0
20140211,0.056,0.079,0.056,0.07,6199,0
20140212,0.06,0.075,0.06,0.071,3741,0
20140213,0.06,0.075,0.06,0.065,140133,0
20140214,0.065,0.066,0.055,0.065,30832,0
20140217,0.067,0.069,0.06,0.069,38142,0
20140218,0.056,0.067,0.056,0.067,1406,0
20140219,0.056,0.075,0.056,0.075,4546,0
20140220,0.056,0.078,0.056,0.066,37005,0
20140221,0.066,0.079,0.055,0.079,31841,0
20140224,0.055,0.067,0.055,0.067,3286,0
20140225,0.056,0.078,0.056,0.067,3058,0
20140226,0.067,0.067,0.056,0.066,6537,0
20140227,0.066,0.067,0.04,0.04,20160,0
20140228,0.065,0.065,0.055,0.065,30923,0
20140303,0.05,0.066,0.04,0.065,21379,0
20140304,0.061,0.065,0.041,0.06,154519,0
20140305,0.06,0.06,0.045,0.055,855,0
20140306,0.055,0.057,0.045,0.057,1721,0
20140307,0.056,0.075,0.045,0.057,72610,0
20140310,0.047,0.07,0.047,0.057,1021,0
20140311,0.047,0.058,0.047,0.057,37055,0
20140312,0.047,0.058,0.047,0.057,2229,0
20140313,0.04,0.07,0.04,0.07,69924,0
20140314,0.043,0.065,0.043,0.053,4230,0
20140317,0.043,0.056,0.043,0.053,3110,0
20140318,0.043,0.054,0.043,0.053,171,0
20140319,0.035,0.054,0.035,0.047,17352,0
20140320,0.037,0.061,0.037,0.047,27451,0
20140321,0.037,0.058,0.037,0.047,13334,0
20140324,0.042,0.058,0.042,0.052,12339,0
20140325,0.052,0.058,0.042,0.052,10194,0
20140326,0.052,0.053,0.042,0.052,10003,0
20140327,0.052,0.055,0.042,0.055,3406,0
20140328,0.052,0.054,0.05,0.052,2143,0
20140331,0.055,0.055,0.049,0.055,16544,0
20140401,0.055,0.057,0.047,0.057,35468,0
20140402,0.056,0.065,0.05,0.052,15048,0
20140403,0.052,0.059,0.049,0.052,5958,0
20140404,0.052,0.057,0.05,0.052,6350,0
20140407,0.052,0.053,0.049,0.052,17528,0
20140408,0.052,0.059,0.05,0.054,15904,0
20140409,0.044,0.06,0.044,0.054,35804,0
20140410,0.044,0.055,0.033,0.048,26143,0
20140411,0.025,0.055,0.025,0.052,483,0
20140414,0.042,0.053,0.042,0.052,25232,0
20140415,0.025,0.063,0.025,0.048,45778,0
20140416,0.037,0.061,0.037,0.058,25580,0
20140417,0.037,0.063,0.037,0.048,21091,0
20140422,0.048,0.063,0.037,0.05,62032,0
20140423,0.037,0.061,0.037,0.048,5060,0
20140424,0.047,0.061,0.037,0.048,71383,0
20140425,0.03,0.049,0.03,0.048,7440,0
20140428,0.023,0.055,0.023,0.048,16154,0
20140429,0.023,0.056,0.023,0.033,12740,0
20140430,0.023,0.045,0.023,0.034,4770,0
20140502,0.024,0.04,0.024,0.04,15053,0
20140505,0.03,0.05,0.03,0.04,57,0
20140506,0.066,0.066,0.037,0.04,993,0
20140507,0.03,0.045,0.03,0.039,107856,0
20140508,0.03,0.05,0.03,0.039,21497,0
20140509,0.03,0.043,0.03,0.042,28,0
20140512,0.03,0.05,0.03,0.043,47844,0
20140513,0.03,0.05,0.03,0.044,8655,0
20140514,0.03,0.055,0.03,0.04,9875,0
20140515,0.03,0.055,0.03,0.043,887,0
20140516,0.032,0.044,0.032,0.038,107490,0
20140519,0.028,0.045,0.028,0.038,9304,0
20140520,0.028,0.04,0.028,0.038,2619,0
20140521,0.028,0.041,0.028,0.041,6574,0
20140522,0.041,0.042,0.03,0.04,16414,0
20140523,0.03,0.042,0.03,0.041,220,0
20140526,0.028,0.048,0.028,0.048,11330,0
20140527,0.03,0.055,0.03,0.055,21409,0
20140528,0.03,0.049,0.03,0.04,30453,0
20140529,0.03,0.041,0.03,0.04,1199,0
20140530,0.03,0.043,0.03,0.043,437,0
20140602,0.03,0.043,0.03,0.042,10842,0
20140603,0.03,0.041,0.03,0.04,2268,0
20140604,0.03,0.041,0.03,0.04,1356,0
20140605,0.04,0.049,0.03,0.04,14310,0
20140606,0.03,0.041,0.03,0.04,7626,0
20140609,0.04,0.041,0.03,0.04,549,0
20140610,0.03,0.049,0.03,0.04,21630,0
20140611,0.03,0.05,0.03,0.04,16725,0
20140612,0.03,0.043,0.03,0.042,623,0
20140613,0.03,0.043,0.03,0.042,3248,0
20140616,0.032,0.043,0.032,0.04,239,0
20140617,0.03,0.043,0.03,0.04,2404,0
20140618,0.04,0.05,0.03,0.04,4024,0
20140619,0.03,0.041,0.03,0.04,87,0
20140620,0.04,0.041,0.03,0.04,1208,0
20140623,0.04,0.041,0.037,0.04,2353,0
20140624,0.03,0.045,0.03,0.04,15665,0
20140625,0.041,0.043,0.03,0.04,290,0
20140626,0.041,0.041,0.03,0.04,13034,0
20140627,0.03,0.044,0.03,0.04,10910,0
20140630,0.03,0.043,0.03,0.042,15751,0
20140701,0.03,0.044,0.03,0.04,43336,0
20140702,0.041,0.041,0.04,0.04,535,0
20140703,0.041,0.041,0.04,0.04,346,0
20140704,0.041,0.041,0.04,0.04,539,0
20140707,0.033,0.042,0.033,0.04,176,0
20140708,0.041,0.042,0.04,0.04,200,0
20140709,0.041,0.042,0.04,0.04,4200,0
20140710,0.041,0.043,0.04,0.043,600,0
20140711,0.041,0.045,0.037,0.04,49995,0
20140714,0.04,0.042,0.039,0.04,52137,0
20140715,0.04,0.045,0.039,0.04,5312,0
20140716,0.04,0.042,0.039,0.04,735,0
20140717,0.04,0.041,0.036,0.04,1753,0
20140718,0.039,0.049,0.039,0.042,15000,0
20140721,0.042,0.042,0.039,0.04,3260,0
20140722,0.04,0.041,0.039,0.04,22603,0
20140723,0.04,0.044,0.04,0.043,920,0
20140724,0.04,0.041,0.039,0.04,240,0
20140725,0.039,0.047,0.036,0.04,6500,0
20140728,0.04,0.041,0.039,0.04,527,0
20140729,0.04,0.041,0.039,0.041,65,0
20140730,0.04,0.041,0.039,0.04,2137,0
20140731,0.04,0.05,0.033,0.04,142552,0
20140801,0.033,0.045,0.032,0.032,20682,0
20140804,0.033,0.04,0.032,0.04,767,0
20140805,0.033,0.045,0.032,0.034,15130,0
20140806,0.035,0.042,0.033,0.034,61,0
20140807,0.035,0.04,0.033,0.034,80,0
20140808,0.035,0.04,0.033,0.034,125,0
20140811,0.033,0.04,0.033,0.033,356,0
20140812,0.045,0.045,0.033,0.033,2741,0
20140813,0.033,0.043,0.033,0.04,12155,0
20140814,0.04,0.046,0.033,0.033,10438,0
20140815,0.041,0.041,0.033,0.036,50432,0
20140818,0.033,0.042,0.033,0.035,23081,0
20140819,0.035,0.041,0.033,0.035,603,0
20140820,0.033,0.041,0.033,0.033,460,0
20140821,0.034,0.043,0.033,0.033,47240,0
20140822,0.034,0.042,0.033,0.033,1460,0
20140825,0.033,0.041,0.033,0.033,182,0
20140826,0.033,0.041,0.033,0.033,125,0
20140827,0.03,0.042,0.03,0.04,22870,0
20140828,0.038,0.041,0.03,0.038,243,0
20140829,0.032,0.041,0.032,0.036,381,0
20140901,0.032,0.041,0.032,0.033,675,0
20140902,0.032,0.041,0.032,0.033,1000,0
20140903,0.034,0.041,0.032,0.033,15243,0
20140904,0.033,0.041,0.032,0.033,2028,0
20140908,0.031,0.035,0.03,0.035,2400,0
20140909,0.03,0.036,0.03,0.035,222,0
20140910,0.04,0.045,0.03,0.04,42198,0
20140911,0.036,0.044,0.032,0.04,32260,0
20140912,0.04,0.044,0.04,0.041,55595,0
20140915,0.038,0.044,0.035,0.044,975831,0
20140916,0.031,0.052,0.031,0.049,117025,0
20140917,0.038,0.049,0.038,0.042,3563,0
20140918,0.04,0.05,0.037,0.04,30905,0
20140919,0.04,0.053,0.037,0.043,84142,0
20140922,0.039,0.058,0.036,0.05,60894,0
20140923,0.041,0.065,0.039,0.043,22556,0
20140924,0.055,0.055,0.043,0.051,42857,0
20140925,0.043,0.055,0.043,0.043,31250,0
20140926,0.047,0.052,0.043,0.043,26070,0
20140929,0.044,0.045,0.04,0.04,1296,0
20140930,0.044,0.054,0.035,0.035,10559,0
20141001,0.03,0.044,0.027,0.04,7954,0
20141002,0.041,0.049,0.03,0.04,4646,0
20141003,0.049,0.049,0.042,0.047,330,0
20141006,0.04,0.049,0.04,0.04,907,0
20141007,0.041,0.049,0.04,0.041,10890,0
20141008,0.041,0.044,0.033,0.035,71803,0
20141009,0.044,0.044,0.035,0.035,236,0
20141010,0.035,0.044,0.03,0.035,10582,0
20141013,0.025,0.044,0.025,0.035,1840,0
20141014,0.03,0.035,0.03,0.035,1053,0
20141015,0.029,0.044,0.029,0.035,1118,0
20141016,0.031,0.044,0.026,0.035,5807,0
20141017,0.031,0.044,0.031,0.035,1376,0
20141020,0.031,0.041,0.031,0.035,313,0
20141021,0.031,0.041,0.031,0.035,980,0
20141022,0.036,0.041,0.035,0.036,208,0
20141023,0.036,0.05,0.035,0.036,1738,0
20141024,0.036,0.044,0.036,0.036,5306,0
20141027,0.041,0.041,0.033,0.036,645,0
20141028,0.036,0.041,0.033,0.036,6460,0
20141029,0.037,0.041,0.036,0.036,853,0
20141030,0.036,0.041,0.036,0.036,130,0
20141031,0.036,0.041,0.036,0.036,8,0
20141103,0.035,0.04,0.035,0.035,339,0
20141104,0.037,0.041,0.035,0.04,17176,0
20141105,0.04,0.041,0.04,0.04,1574,0
20141106,0.04,0.04,0.039,0.039,740,0
20141107,0.04,0.041,0.04,0.04,1100,0
20141110,0.04,0.04,0.03,0.03,156,0
20141111,0.035,0.04,0.03,0.03,12134,0
20141113,0.036,0.04,0.03,0.03,4568,0
20141114,0.036,0.04,0.03,0.03,96,0
20141117,0.036,0.04,0.03,0.03,5150,0
20141118,0.036,0.04,0.03,0.03,199,0
20141119,0.036,0.04,0.03,0.03,500,0
20141120,0.037,0.04,0.03,0.03,161,0
20141121,0.037,0.04,0.03,0.03,1325,0
20141124,0.038,0.04,0.03,0.03,475,0
20141125,0.037,0.04,0.03,0.03,937,0
20141126,0.037,0.04,0.03,0.03,117,0
20141127,0.038,0.04,0.03,0.03,4646,0
20141128,0.037,0.04,0.03,0.03,3073,0
20141201,0.031,0.04,0.018,0.03,1893,0
20141202,0.035,0.04,0.028,0.03,2173,0
20141203,0.035,0.04,0.03,0.03,17716,0
20141204,0.035,0.04,0.03,0.03,5384,0
20141205,0.035,0.04,0.03,0.03,226,0
20141208,0.036,0.04,0.03,0.03,3856,0
20141209,0.035,0.04,0.03,0.03,15306,0
20141210,0.035,0.04,0.03,0.03,8535,0
20141211,0.035,0.04,0.03,0.03,10000,0
20141212,0.036,0.04,0.03,0.03,4386,0
20141215,0.035,0.04,0.03,0.03,64208,0
20141216,0.032,0.04,0.03,0.03,90,0
20141217,0.032,0.04,0.03,0.03,568,0
20141218,0.032,0.04,0.03,0.03,5228,0
20141219,0.032,0.04,0.03,0.034,1531,0
20141222,0.032,0.039,0.03,0.03,10078,0
20141223,0.032,0.039,0.03,0.03,17552,0
20141229,0.032,0.033,0.029,0.03,3418,0
20141230,0.032,0.033,0.029,0.032,41527,0
20150102,0.017,0.032,0.015,0.015,148,0
20150105,0.016,0.02,0.016,0.02,25464,0
20150106,0.022,0.03,0.021,0.03,263,0
20150107,0.03,0.032,0.02,0.02,17,0
20150108,0.03,0.03,0.02,0.02,4540,0
20150109,0.03,0.03,0.02,0.021,1337,0
20150112,0.03,0.031,0.019,0.031,4638,0
20150113,0.03,0.045,0.017,0.029,25638,0
20150114,0.028,0.028,0.021,0.021,1161,0
20150115,0.021,0.021,0.011,0.02,21354,0
20150116,0.021,0.021,0.02,0.02,10151,0
20150119,0.028,0.03,0.021,0.025,8861,0
20150120,0.022,0.025,0.022,0.025,13328,0
20150121,0.026,0.03,0.025,0.025,2212,0
20150122,0.026,0.03,0.024,0.025,56267,0
20150123,0.021,0.03,0.021,0.025,4917,0
20150126,0.026,0.03,0.021,0.025,25487,0
20150127,0.026,0.028,0.022,0.025,17186,0
20150128,0.025,0.03,0.021,0.025,6417,0
20150129,0.025,0.028,0.019,0.025,4062,0
20150130,0.026,0.028,0.021,0.025,22135,0
20150202,0.022,0.028,0.019,0.025,1192,0
20150203,0.023,0.028,0.02,0.025,6924,0
20150204,0.02,0.028,0.02,0.025,3877,0
20150205,0.022,0.029,0.02,0.025,27899,0
20150206,0.02,0.028,0.02,0.025,10707,0
20150209,0.022,0.028,0.021,0.025,1985,0
20150210,0.021,0.029,0.021,0.025,3279,0
20150211,0.026,0.028,0.021,0.025,1356,0
20150212,0.021,0.025,0.021,0.025,182639,0
20150213,0.022,0.026,0.021,0.025,1558,0
20150216,0.022,0.03,0.021,0.025,7429,0
20150217,0.021,0.026,0.021,0.025,214,0
20150218,0.021,0.03,0.021,0.025,34430,0
20150219,0.021,0.03,0.021,0.025,1010,0
20150220,0.021,0.025,0.021,0.025,460,0
20150223,0.022,0.029,0.021,0.025,5826,0
20150224,0.024,0.027,0.022,0.025,4447,0
20150225,0.025,0.028,0.023,0.025,9970,0
20150226,0.023,0.029,0.023,0.025,282,0
20150227,0.023,0.03,0.021,0.025,22635,0
20150302,0.025,0.026,0.02,0.025,3220,0
20150303,0.024,0.029,0.023,0.025,87501,0
20150304,0.021,0.026,0.021,0.025,334,0
20150305,0.023,0.026,0.023,0.025,9530,0
20150306,0.023,0.026,0.023,0.025,1310,0
20150309,0.025,0.03,0.025,0.025,104191,0
20150310,0.025,0.027,0.025,0.025,3156,0
20150311,0.028,0.028,0.025,0.025,17377,0
20150312,0.025,0.027,0.025,0.025,6631,0
20150313,0.025,0.027,0.025,0.025,1637,0
20150316,0.03,0.03,0.025,0.025,114900,0
20150317,0.031,0.031,0.025,0.03,2932,0
20150318,0.03,0.04,0.025,0.025,1821,0
20150319,0.03,0.035,0.025,0.025,3146,0
20150320,0.03,0.031,0.025,0.025,9353,0
20150323,0.03,0.031,0.025,0.025,26605,0
20150324,0.03,0.04,0.025,0.04,26108,0
20150325,0.03,0.035,0.03,0.035,199570,0
20150326,0.07,0.07,0.03,0.058,77076,0
20150327,0.037,0.05,0.03,0.05,2782,0
20150330,0.068,0.068,0.03,0.036,1860,0
20150331,0.03,0.032,0.03,0.032,12580,0
20150401,0.036,0.036,0.032,0.033,20,0
20150402,0.033,0.036,0.025,0.03,270,0
20150407,0.036,0.045,0.034,0.034,135232,0
20150408,0.037,0.038,0.034,0.034,114880,0
20150409,0.032,0.032,0.025,0.031,442,0
20150410,0.028,0.035,0.028,0.03,6510,0
20150413,0.03,0.03,0.028,0.029,2845,0
20150414,0.025,0.035,0.025,0.029,23605,0
20150415,0.028,0.031,0.027,0.031,24,0
20150416,0.029,0.036,0.029,0.031,79367,0
20150417,0.03,0.031,0.03,0.031,270,0
20150420,0.031,0.033,0.03,0.033,388,0
20150421,0.03,0.036,0.03,0.031,24745,0
20150422,0.03,0.031,0.03,0.031,85,0
20150423,0.03,0.031,0.03,0.031,140,0
20150424,0.03,0.031,0.03,0.031,4607,0
20150427,0.031,0.031,0.03,0.031,922,0
20150428,0.031,0.031,0.03,0.031,1662,0
20150429,0.03,0.034,0.03,0.031,9472,0
20150430,0.03,0.031,0.03,0.031,1438,0
20150504,0.03,0.034,0.025,0.034,8619,0
20150506,0.027,0.031,0.027,0.031,1000,0
20150507,0.031,0.033,0.027,0.028,5407,0
20150508,0.035,0.035,0.03,0.03,10162,0
20150511,0.038,0.038,0.028,0.028,4159,0
20150512,0.027,0.028,0.027,0.028,50,0
20150513,0.027,0.028,0.027,0.028,154,0
20150514,0.027,0.033,0.027,0.028,20225,0
20150515,0.027,0.028,0.027,0.028,862,0
20150518,0.028,0.028,0.027,0.028,20,0
20150519,0.027,0.031,0.027,0.029,6184,0
20150520,0.027,0.029,0.027,0.029,1937,0
20150521,0.027,0.029,0.027,0.029,75,0
20150522,0.027,0.029,0.027,0.029,221,0
20150526,0.029,0.033,0.027,0.033,30194,0
20150527,0.033,0.033,0.027,0.033,454,0
20150528,0.027,0.028,0.027,0.028,711,0
20150529,0.027,0.03,0.027,0.03,130,0
20150601,0.03,0.03,0.027,0.027,78152,0
20150602,0.025,0.029,0.025,0.026,13208,0
20150603,0.025,0.031,0.025,0.031,12165,0
20150604,0.025,0.026,0.025,0.026,2626,0
20150605,0.025,0.026,0.025,0.026,460,0
20150608,0.026,0.026,0.025,0.026,264,0
20150609,0.025,0.03,0.025,0.03,1354,0
20150610,0.027,0.027,0.025,0.027,402,0
20150611,0.025,0.027,0.025,0.027,1558,0
20150612,0.025,0.031,0.025,0.031,310,0
20150615,0.025,0.031,0.025,0.027,19460,0
20150616,0.025,0.027,0.025,0.027,505,0
20150617,0.025,0.028,0.025,0.028,13195,0
20150618,0.025,0.026,0.025,0.026,4445,0
20150619,0.025,0.026,0.025,0.026,270,0
20150622,0.026,0.026,0.025,0.026,1114,0
20150623,0.025,0.031,0.025,0.026,6780,0
20150624,0.025,0.032,0.025,0.032,24240,0
20150625,0.032,0.036,0.032,0.036,15000,0
20150626,0.038,0.038,0.027,0.027,3630,0
20150629,0.026,0.026,0.025,0.026,80,0
20150630,0.026,0.03,0.025,0.029,11531,0
20150701,0.025,0.035,0.025,0.035,21000,0
20150702,0.026,0.036,0.026,0.036,560,0
20150706,0.025,0.038,0.025,0.038,13280,0
20150707,0.038,0.041,0.027,0.041,10438,0
20150708,0.035,0.048,0.035,0.041,5665,0
20150709,0.041,0.058,0.035,0.045,53629,0
20150710,0.05,0.05,0.044,0.045,4610,0
20150713,0.037,0.06,0.037,0.057,32994,0
20150714,0.05,0.06,0.05,0.06,14806,0
20150715,0.05,0.069,0.05,0.069,30622,0
20150716,0.065,0.065,0.057,0.062,56532,0
20150717,0.052,0.064,0.052,0.064,3000,0
20150720,0.058,0.064,0.05,0.064,8535,0
20150721,0.055,0.064,0.05,0.062,10500,0
20150722,0.05,0.069,0.05,0.069,5170,0
20150723,0.058,0.07,0.058,0.07,27700,0
20150724,0.06,0.06,0.052,0.052,7097,0
20150727,0.051,0.072,0.051,0.072,31358,0
20150728,0.081,0.082,0.055,0.055,185780,0
20150729,0.051,0.055,0.051,0.055,850,0
20150730,0.051,0.065,0.051,0.065,832,0
20150731,0.065,0.069,0.061,0.069,34565,0
20150803,0.07,0.071,0.063,0.063,10086,0
20150804,0.06,0.061,0.06,0.061,2004,0
20150805,0.06,0.07,0.06,0.07,10776,0
20150806,0.06,0.084,0.06,0.061,10218,0
20150807,0.06,0.061,0.06,0.061,759,0
20150810,0.06,0.088,0.06,0.088,7080,0
20150811,0.069,0.13,0.06,0.13,257460,0
20150812,0.108,0.149,0.069,0.09,381775,0
20150813,0.061,0.07,0.055,0.07,262530,0
20150814,0.061,0.073,0.061,0.069,39052,0
20150817,0.062,0.074,0.06,0.074,41538,0
20150818,0.074,0.074,0.06,0.061,32394,0
20150819,0.061,0.061,0.053,0.061,33,0
20150820,0.05,0.069,0.05,0.06,35022,0
20150821,0.05,0.053,0.05,0.053,1220,0
20150824,0.051,0.053,0.05,0.053,146,0
20150825,0.05,0.064,0.05,0.064,10230,0
20150826,0.054,0.054,0.05,0.052,121,0
20150827,0.05,0.052,0.05,0.051,12220,0
20150828,0.05,0.063,0.05,0.06,25911,0
20150831,0.069,0.069,0.06,0.06,830,0
20150901,0.05,0.068,0.05,0.06,402,0
20150902,0.05,0.051,0.05,0.051,73,0
20150903,0.05,0.061,0.05,0.061,5034,0
20150904,0.05,0.053,0.05,0.053,1818,0
20150907,0.05,0.064,0.05,0.064,76,0
20150908,0.064,0.065,0.06,0.065,9204,0
20150909,0.064,0.064,0.06,0.064,9872,0
20150910,0.05,0.051,0.05,0.051,390,0
20150911,0.057,0.064,0.057,0.064,5760,0
20150914,0.057,0.065,0.057,0.065,12160,0
20150915,0.057,0.064,0.057,0.064,5380,0
20150916,0.057,0.058,0.057,0.058,85,0
20150917,0.057,0.064,0.057,0.058,4470,0
20150918,0.057,0.063,0.057,0.058,3510,0
20150921,0.057,0.064,0.057,0.058,20035,0
20150922,0.057,0.058,0.057,0.058,3020,0
20150923,0.057,0.058,0.057,0.058,601,0
20150924,0.057,0.058,0.057,0.058,11,0
20150925,0.058,0.058,0.057,0.058,720,0
20150928,0.057,0.058,0.057,0.058,480,0
20150929,0.064,0.064,0.057,0.058,1450,0
20150930,0.057,0.059,0.057,0.059,50,0
20151001,0.057,0.058,0.057,0.058,4,0
20151002,0.058,0.068,0.057,0.068,6030,0
20151006,0.057,0.057,0.057,0.057,20000,0
20151007,0.05,0.066,0.05,0.066,6382,0
20151008,0.068,0.068,0.051,0.051,15094,0
20151009,0.051,0.07,0.051,0.059,30191,0
20151013,0.051,0.06,0.05,0.05,15760,0
20151015,0.055,0.056,0.055,0.056,48,0
20151016,0.059,0.06,0.055,0.056,15278,0
20151019,0.055,0.056,0.055,0.056,1503,0
20151020,0.055,0.059,0.055,0.059,2000,0
20151021,0.055,0.059,0.055,0.056,1265,0
20151022,0.055,0.056,0.055,0.056,1133,0
20151023,0.055,0.06,0.055,0.056,27262,0
20151026,0.056,0.06,0.055,0.056,2191,0
20151027,0.055,0.07,0.055,0.055,11907,0
20151028,0.054,0.055,0.054,0.055,280,0
20151029,0.054,0.055,0.054,0.055,7480,0
20151030,0.06,0.06,0.054,0.055,818,0
20151102,0.054,0.055,0.054,0.055,327,0
20151103,0.054,0.06,0.054,0.06,298,0
20151104,0.054,0.055,0.054,0.054,130,0
20151105,0.054,0.055,0.054,0.054,1220,0
20151106,0.054,0.057,0.054,0.056,17317,0
20151109,0.054,0.055,0.054,0.054,75,0
20151110,0.054,0.055,0.054,0.054,547,0
20151112,0.055,0.065,0.054,0.055,5147,0
20151113,0.054,0.055,0.054,0.054,620,0
20151116,0.054,0.055,0.054,0.055,175,0
20151117,0.054,0.055,0.054,0.054,318,0
20151118,0.054,0.06,0.054,0.06,6244,0
20151119,0.054,0.055,0.054,0.055,1072,0
20151120,0.055,0.055,0.054,0.055,80,0
20151124,0.054,0.055,0.054,0.055,738,0
20151125,0.058,0.058,0.054,0.055,7709,0
20151126,0.054,0.055,0.054,0.055,1083,0
20151127,0.059,0.065,0.059,0.065,15900,0
20151130,0.078,0.095,0.077,0.095,22822,0
20151201,0.055,0.055,0.055,0.055,532,0
20151202,0.054,0.064,0.054,0.057,25467,0
20151203,0.054,0.08,0.049,0.067,150090,0
20151204,0.056,0.067,0.055,0.055,20558,0
20151207,0.056,0.084,0.056,0.07,38580,0
20151208,0.057,0.083,0.057,0.059,16816,0
20151209,0.058,0.073,0.058,0.071,4431,0
20151210,0.07,0.074,0.07,0.071,16900,0
20151211,0.07,0.071,0.07,0.071,3200,0
20151214,0.071,0.075,0.07,0.071,12681,0
20151215,0.07,0.071,0.07,0.071,3050,0
20151216,0.07,0.071,0.055,0.055,4900,0
20151217,0.06,0.062,0.06,0.062,190,0
20151218,0.06,0.061,0.06,0.061,618,0
20151221,0.061,0.061,0.061,0.061,1220,0
20151222,0.06,0.075,0.06,0.061,19506,0
20151223,0.06,0.061,0.057,0.057,21600,0
20151228,0.054,0.055,0.054,0.055,59,0
20151229,0.054,0.074,0.048,0.074,59853,0
20151230,0.06,0.068,0.058,0.061,1320,0
20160104,0.05,0.062,0.05,0.053,2631,0
20160105,0.052,0.052,0.045,0.045,360,0
20160106,0.038,0.042,0.038,0.042,64,0
20160108,0.03,0.06,0.03,0.045,7300,0
20160111,0.045,0.045,0.042,0.042,588,0
20160112,0.035,0.052,0.035,0.052,3050,0
20160113,0.042,0.051,0.042,0.051,1010,0
20160114,0.05,0.051,0.05,0.05,10,0
20160115,0.05,0.055,0.05,0.055,804,0
20160118,0.05,0.051,0.05,0.051,98,0
20160120,0.05,0.051,0.05,0.051,15300,0
20160121,0.05,0.051,0.05,0.051,2320,0
20160122,0.05,0.06,0.05,0.05,1011,0
20160125,0.051,0.051,0.05,0.051,60,0
20160126,0.05,0.062,0.05,0.055,5406,0
20160127,0.05,0.051,0.05,0.051,460,0
20160128,0.05,0.051,0.05,0.051,74,0
20160129,0.05,0.051,0.05,0.051,450,0
20160201,0.042,0.051,0.042,0.051,101,0
20160202,0.042,0.051,0.042,0.051,1030,0
20160203,0.051,0.051,0.042,0.042,4888,0
20160204,0.042,0.051,0.042,0.051,7590,0
20160205,0.05,0.051,0.05,0.051,130,0
20160208,0.05,0.051,0.05,0.051,600,0
20160209,0.05,0.051,0.05,0.05,20060,0
20160210,0.042,0.051,0.042,0.051,402,0
20160211,0.042,0.043,0.042,0.043,10002,0
20160212,0.042,0.05,0.042,0.05,5032,0
20160215,0.042,0.052,0.042,0.043,15200,0
20160216,0.042,0.051,0.042,0.051,4920,0
20160218,0.042,0.052,0.042,0.043,10070,0
20160219,0.042,0.051,0.042,0.051,13021,0
20160222,0.043,0.044,0.042,0.044,5711,0
20160223,0.043,0.051,0.043,0.051,7760,0
20160224,0.043,0.044,0.043,0.043,300,0
20160225,0.042,0.052,0.042,0.044,11033,0
20160226,0.043,0.051,0.043,0.046,47791,0
20160229,0.046,0.051,0.045,0.046,7110,0
20160301,0.045,0.046,0.045,0.046,260,0
20160302,0.045,0.049,0.045,0.049,5000,0
20160304,0.045,0.046,0.045,0.046,3000,0
20160307,0.046,0.046,0.045,0.046,189,0
20160308,0.045,0.057,0.045,0.052,15574,0
20160309,0.045,0.055,0.045,0.05,5057,0
20160310,0.045,0.047,0.045,0.047,581,0
20160311,0.045,0.047,0.045,0.046,270,0
20160314,0.045,0.056,0.045,0.046,10621,0
20160316,0.045,0.046,0.045,0.046,255,0
20160317,0.045,0.056,0.045,0.046,5047,0
20160318,0.045,0.046,0.045,0.046,6,0
20160322,0.045,0.046,0.045,0.046,1976,0
20160323,0.045,0.057,0.045,0.057,5416,0
20160324,0.046,0.047,0.046,0.046,1200,0
20160329,0.046,0.046,0.045,0.046,7722,0
20160401,0.046,0.046,0.045,0.046,1642,0
20160404,0.045,0.046,0.045,0.046,2851,0
20160406,0.045,0.046,0.045,0.046,526,0
20160407,0.045,0.046,0.045,0.046,210,0
20160408,0.045,0.05,0.045,0.05,88,0
20160411,0.046,0.046,0.045,0.046,166,0
20160412,0.045,0.058,0.045,0.05,5148,0
20160413,0.045,0.05,0.045,0.046,23904,0
20160414,0.045,0.046,0.045,0.046,466,0
20160418,0.045,0.053,0.045,0.046,4073,0
20160419,0.045,0.053,0.045,0.053,7227,0
20160420,0.045,0.046,0.045,0.046,5400,0
20160421,0.045,0.046,0.045,0.046,40,0
20160422,0.045,0.05,0.045,0.05,5000,0
20160425,0.045,0.046,0.045,0.046,141,0
20160427,0.045,0.046,0.045,0.046,311,0
20160428,0.045,0.052,0.045,0.046,8515,0
20160429,0.045,0.047,0.045,0.047,86,0
20160502,0.046,0.048,0.045,0.048,1512,0
20160503,0.047,0.048,0.047,0.048,96,0
20160504,0.047,0.048,0.047,0.048,2520,0
20160505,0.047,0.048,0.047,0.048,420,0
20160506,0.047,0.048,0.047,0.048,49,0
20160510,0.047,0.048,0.047,0.048,20,0
20160511,0.047,0.053,0.047,0.048,10163,0
20160513,0.047,0.049,0.047,0.049,5120,0
20160517,0.04,0.053,0.04,0.051,38100,0
20160518,0.043,0.05,0.043,0.05,180,0
20160519,0.05,0.08,0.05,0.078,93452,0
20160520,0.065,0.095,0.061,0.09,92078,0
20160523,0.07,0.089,0.065,0.082,10540,0
20160524,0.08,0.09,0.065,0.085,76396,0
20160525,0.083,0.1,0.083,0.095,44144,0
20160526,0.083,0.12,0.07,0.072,54907,0
20160527,0.059,0.072,0.059,0.072,10,0
20160530,0.072,0.095,0.071,0.085,30427,0
20160531,0.071,0.119,0.071,0.115,83742,0
20160601,0.093,0.115,0.09,0.092,76918,0
20160602,0.092,0.12,0.078,0.12,32657,0
20160603,0.1,0.12,0.095,0.12,10374,0
20160606,0.11,0.143,0.11,0.111,30190,0
20160607,0.095,0.15,0.095,0.145,90475,0
20160608,0.15,0.168,0.134,0.151,95887,0
20160609,0.13,0.15,0.13,0.13,17605,0
20160610,0.114,0.115,0.114,0.115,20,0
20160613,0.11,0.13,0.11,0.11,10088,0
20160614,0.11,0.129,0.101,0.129,29274,0
20160615,0.111,0.115,0.111,0.112,206,0
20160616,0.103,0.112,0.103,0.112,1384,0
20160617,0.102,0.103,0.102,0.103,9300,0
20160620,0.1,0.12,0.1,0.12,9609,0
20160621,0.11,0.11,0.104,0.105,216,0
20160622,0.104,0.12,0.104,0.12,1305,0
20160623,0.104,0.129,0.104,0.129,13510,0
20160624,0.112,0.112,0.103,0.11,13035,0
20160627,0.103,0.179,0.103,0.117,148880,0
20160628,0.111,0.112,0.111,0.112,5657,0
20160629,0.113,0.12,0.112,0.115,17732,0
20160630,0.112,0.129,0.112,0.113,11282,0
20160701,0.112,0.134,0.112,0.129,21000,0
20160704,0.112,0.13,0.112,0.116,14000,0
20160705,0.112,0.121,0.112,0.121,54,0
20160706,0.112,0.13,0.112,0.13,4405,0
20160707,0.112,0.121,0.112,0.121,380,0
20160708,0.112,0.114,0.112,0.114,400,0
20160711,0.112,0.113,0.112,0.113,1140,0
20160712,0.112,0.112,0.112,0.112,40,0
20160713,0.112,0.114,0.108,0.108,47917,0
20160714,0.106,0.113,0.105,0.107,3135,0
20160718,0.105,0.106,0.105,0.106,504,0
20160719,0.105,0.106,0.105,0.106,412,0
20160720,0.105,0.106,0.105,0.106,272,0
20160721,0.105,0.116,0.105,0.106,3050,0
20160725,0.105,0.106,0.105,0.106,44,0
20160726,0.106,0.106,0.105,0.106,236,0
20160727,0.105,0.106,0.105,0.105,20248,0
20160728,0.1,0.106,0.1,0.1,1060,0
20160729,0.089,0.089,0.089,0.089,2682,0
20160801,0.076,0.08,0.076,0.08,1225,0
20160803,0.065,0.095,0.065,0.095,32304,0
20160804,0.09,0.09,0.09,0.09,370,0
20160805,0.085,0.085,0.076,0.076,1287,0
20160808,0.076,0.079,0.076,0.079,755,0
20160809,0.078,0.079,0.078,0.079,280,0
20160810,0.078,0.079,0.078,0.079,20,0
20160811,0.078,0.079,0.078,0.079,402,0
20160815,0.08,0.08,0.078,0.079,974,0
20160816,0.078,0.079,0.078,0.079,400,0
20160817,0.078,0.082,0.078,0.082,1706,0
20160818,0.082,0.086,0.082,0.086,23416,0
20160822,0.085,0.09,0.08,0.08,194,0
20160823,0.076,0.117,0.076,0.117,7040,0
20160824,0.11,0.11,0.1,0.1,680,0
20160825,0.08,0.09,0.08,0.085,1070,0
20160826,0.076,0.083,0.076,0.083,140,0
20160829,0.076,0.084,0.076,0.084,2180,0
20160830,0.077,0.079,0.076,0.079,10502,0
20160901,0.077,0.09,0.076,0.09,32185,0
20160902,0.076,0.078,0.076,0.078,1300,0
20160905,0.081,0.1,0.081,0.082,2011,0
20160906,0.095,0.1,0.081,0.1,7466,0
20160907,0.1,0.1,0.081,0.081,35,0
20160908,0.081,0.082,0.081,0.082,710,0
20160909,0.085,0.086,0.085,0.086,23,0
20160912,0.085,0.09,0.085,0.086,153,0
20160913,0.086,0.086,0.085,0.086,444,0
20160914,0.085,0.11,0.085,0.11,50531,0
20160915,0.09,0.123,0.09,0.123,2410,0
20160916,0.115,0.115,0.11,0.11,10,0
20160919,0.105,0.105,0.087,0.088,352,0
20160920,0.087,0.089,0.087,0.089,11222,0
20160921,0.089,0.107,0.089,0.107,13000,0
20160922,0.089,0.09,0.089,0.09,20,0
20160923,0.089,0.09,0.089,0.09,9,0
20160926,0.089,0.11,0.089,0.11,5623,0
20160927,0.089,0.09,0.089,0.09,414,0
20160928,0.089,0.09,0.089,0.09,105,0
20160929,0.089,0.09,0.089,0.09,50,0
20160930,0.089,0.106,0.089,0.106,1970,0
20161004,0.105,0.105,0.089,0.099,48,0
20161005,0.089,0.099,0.089,0.099,75,0
20161006,0.09,0.099,0.09,0.099,208,0
20161010,0.09,0.101,0.09,0.099,1420,0
20161011,0.09,0.099,0.09,0.091,3762,0
20161012,0.09,0.095,0.09,0.095,1100,0
20161013,0.09,0.091,0.09,0.091,13,0
20161014,0.09,0.1,0.09,0.095,252,0
20161017,0.09,0.091,0.09,0.091,4026,0
20161018,0.09,0.091,0.09,0.091,632,0
20161019,0.09,0.091,0.09,0.091,70,0
20161020,0.091,0.091,0.09,0.091,3321,0
20161021,0.09,0.091,0.09,0.091,2275,0
20161024,0.091,0.091,0.091,0.091,340,0
20161025,0.091,0.091,0.09,0.091,1164,0
20161027,0.09,0.091,0.09,0.091,100,0
20161028,0.09,0.091,0.09,0.091,1252,0
20161031,0.09,0.095,0.09,0.091,4542,0
20161101,0.09,0.092,0.09,0.092,1410,0
20161102,0.091,0.091,0.089,0.089,44784,0
20161103,0.079,0.08,0.079,0.08,22,0
20161104,0.079,0.08,0.079,0.08,512,0
20161107,0.079,0.08,0.079,0.08,1081,0
20161109,0.079,0.08,0.06,0.063,100231,0
20161110,0.061,0.078,0.061,0.078,41681,0
20161111,0.064,0.075,0.064,0.065,2202,0
20161114,0.064,0.065,0.064,0.065,320,0
20161115,0.064,0.075,0.064,0.071,33405,0
20161117,0.064,0.065,0.064,0.065,1020,0
20161118,0.064,0.067,0.064,0.067,21,0
20161121,0.067,0.075,0.066,0.075,4946,0
20161122,0.064,0.065,0.064,0.065,655,0
20161124,0.064,0.065,0.064,0.065,129,0
20161125,0.064,0.065,0.064,0.065,488,0
20161128,0.064,0.065,0.064,0.065,14,0
20161129,0.064,0.065,0.064,0.065,65,0
20161130,0.064,0.065,0.064,0.065,1200,0
20161201,0.064,0.065,0.064,0.065,822,0
20161206,0.064,0.064,0.058,0.058,20493,0
20161207,0.057,0.058,0.057,0.058,1725,0
20161208,0.057,0.058,0.057,0.058,1502,0
20161209,0.057,0.065,0.057,0.058,10088,0
20161212,0.058,0.058,0.057,0.058,233,0
20161213,0.057,0.058,0.057,0.058,500,0
20161214,0.057,0.058,0.057,0.058,932,0
20161215,0.059,0.059,0.058,0.058,10994,0
20161216,0.057,0.065,0.057,0.06,4391,0
20161219,0.058,0.058,0.057,0.058,500,0
20161220,0.057,0.065,0.057,0.065,3160,0
20161221,0.057,0.058,0.057,0.058,316,0
20161222,0.057,0.067,0.057,0.058,6676,0
20161223,0.057,0.06,0.057,0.058,33424,0
20161227,0.058,0.062,0.057,0.058,2643,0
20161228,0.057,0.058,0.044,0.044,60108,0
20161229,0.043,0.052,0.043,0.05,13554,0
20161230,0.043,0.045,0.043,0.044,12580,0
20170102,0.043,0.055,0.043,0.046,5590,0
20170103,0.045,0.046,0.043,0.043,83380,0
20170104,0.04,0.045,0.04,0.042,2329,0
20170105,0.045,0.049,0.04,0.045,88808,0
20170106,0.04,0.046,0.04,0.045,61400,0
20170109,0.04,0.043,0.04,0.043,1,0
20170110,0.04,0.051,0.04,0.05,123415,0
20170111,0.041,0.043,0.041,0.043,45,0
20170112,0.041,0.051,0.041,0.051,50152,0
20170113,0.041,0.058,0.041,0.05,89009,0
20170116,0.048,0.048,0.041,0.046,1158,0
20170117,0.055,0.07,0.045,0.07,88889,0
20170118,0.06,0.06,0.046,0.049,276,0
20170119,0.048,0.053,0.048,0.049,94,0
20170120,0.05,0.059,0.05,0.059,81006,0
20170123,0.051,0.059,0.051,0.051,35762,0
20170124,0.041,0.058,0.041,0.045,11114,0
20170125,0.043,0.048,0.043,0.048,1381,0
20170126,0.041,0.057,0.041,0.05,45021,0
20170127,0.041,0.053,0.041,0.05,50795,0
20170130,0.05,0.05,0.045,0.049,2330,0
20170131,0.045,0.059,0.045,0.059,10012,0
20170201,0.046,0.055,0.046,0.055,2436,0
20170202,0.045,0.056,0.045,0.056,8070,0
20170203,0.045,0.046,0.045,0.046,5023,0
20170206,0.048,0.05,0.045,0.05,2135,0
20170207,0.045,0.047,0.045,0.046,30245,0
20170208,0.045,0.05,0.045,0.05,1380,0
20170209,0.045,0.051,0.045,0.05,10250,0
20170210,0.045,0.05,0.045,0.049,62350,0
20170213,0.046,0.05,0.045,0.05,795,0
20170214,0.045,0.05,0.045,0.046,5520,0
20170215,0.045,0.046,0.044,0.044,51117,0
20170216,0.043,0.044,0.043,0.044,2047,0
20170217,0.05,0.05,0.045,0.045,1000,0
20170220,0.043,0.044,0.043,0.044,255,0
20170221,0.043,0.045,0.043,0.045,70,0
20170222,0.043,0.045,0.043,0.045,457,0
20170223,0.043,0.046,0.043,0.046,370,0
20170224,0.045,0.046,0.045,0.046,150,0
20170227,0.045,0.047,0.045,0.047,1065,0
20170228,0.045,0.052,0.04,0.048,50265,0
20170301,0.045,0.053,0.044,0.046,4830,0
20170302,0.043,0.05,0.043,0.043,30233,0
20170303,0.043,0.048,0.041,0.046,4546,0
20170306,0.048,0.055,0.043,0.051,88968,0
20170307,0.045,0.047,0.044,0.047,1810,0
20170308,0.044,0.047,0.044,0.047,1244,0
20170309,0.044,0.051,0.044,0.051,22199,0
20170310,0.044,0.051,0.044,0.048,33815,0
20170313,0.052,0.057,0.044,0.044,37516,0
20170314,0.042,0.044,0.042,0.044,700,0
20170315,0.042,0.05,0.042,0.05,4000,0
20170316,0.045,0.045,0.045,0.045,23000,0
20170317,0.046,0.046,0.042,0.045,2250,0
20170320,0.044,0.044,0.042,0.044,123,0
20170321,0.044,0.049,0.043,0.044,11816,0
20170322,0.039,0.044,0.039,0.044,33,0
20170323,0.043,0.044,0.043,0.044,18,0
