Date,Open,High,Low,Close,Volume,OpenInt
20140509,18.2,18.79,18,18.3,793893,0
20140512,18.4,19.65,18.298,19.04,398870,0
20140513,19.2,21.795,18.5,20.75,495758,0
20140514,20.95,21.21,19.855,20.648,166956,0
20140515,20.548,20.6,18.8,19.01,176107,0
20140516,19.25,19.75,18.9,18.9,46566,0
20140519,19.3,19.425,18.6,18.6,41569,0
20140520,18.79,19.59,18.65,19.4,35571,0
20140521,19.58,19.62,19.196,19.2,25859,0
20140522,19.8,20.05,19.2,19.8,58254,0
20140523,20.29,20.35,19.5,19.65,47566,0
20140526,20,20.15,19.275,19.4,28970,0
20140527,19.3,19.695,18.8,19.04,32922,0
20140528,19.3,19.3,18.65,18.88,37749,0
20140529,18.99,20.2,18.81,19.66,38381,0
20140530,19.712,20.2,19.121,19.3,34584,0
20140602,19.4,19.85,19.32,19.44,21699,0
20140603,19.39,19.995,19.31,19.84,51263,0
20140604,19.772,20.095,19.11,20.095,19448,0
20140605,19.6,19.6,19.275,19.33,18582,0
20140606,19.544,19.544,19.315,19.33,28301,0
20140609,19.5,19.5,19.315,19.32,3053,0
20140610,19.459,19.475,18.7,18.85,27827,0
20140611,18.9,19.18,18.67,18.7,27561,0
20140612,18.7,18.87,18.63,18.832,10975,0
20140613,18.741,19.21,18.565,19.2,45585,0
20140616,19.6,19.6,19.06,19.305,32710,0
20140617,19.499,19.5,18.92,18.965,32834,0
20140618,19.25,19.48,18.93,19.165,24465,0
20140619,19.001,19.175,18.85,19.06,25748,0
20140620,19,19.165,18.87,18.98,19900,0
20140623,19.31,19.5,18.77,19.265,64288,0
20140624,19.48,20.58,19.2,20.24,177524,0
20140625,20.38,20.38,19,19.405,110095,0
20140626,19.5,19.67,19.2,19.2,37900,0
20140627,19.2,19.635,19.2,19.45,17441,0
20140630,20,20.29,19.45,20.184,74264,0
20140701,20.001,20.7,19.82,20.7,54611,0
20140702,20.7,22,20.425,21.4,169713,0
20140703,21.689,21.689,20.915,21.4,45151,0
20140704,21.4,21.5,20.65,21.2,33113,0
20140707,21.359,22.55,21.15,22.17,104530,0
20140708,21.87,22.495,20.7,21.4,68808,0
20140709,21.32,21.93,21.21,21.7,25146,0
20140710,21.7,21.7,19.72,20.4,94389,0
20140711,20.6,20.75,19.82,20.649,37274,0
20140714,20.703,21.39,20.545,21.106,23093,0
20140715,21.349,21.349,20.655,20.7,14307,0
20140716,20.85,21.15,20.055,20.1,34098,0
20140717,20.39,20.527,20.03,20.03,10392,0
20140718,20.02,20.484,19.6,20.484,71018,0
20140721,20,20.01,18.75,19.424,55994,0
20140722,19.4,19.82,19.185,19.38,23959,0
20140723,19.13,20,19.01,19.7,37206,0
20140724,19.95,20.485,19.55,20,63297,0
20140725,20.2,20.2,19.63,19.98,20913,0
20140728,20,20.2,19.62,19.77,33310,0
20140729,19.811,20.05,19.65,19.7,4107,0
20140730,19.583,19.9,19.1,19.225,57902,0
20140731,19.26,19.5,19.1,19.31,59783,0
20140801,19.3,19.42,18.8,18.8,44049,0
20140804,18.81,19.03,18,18.4,16864,0
20140805,18.49,18.875,18.4,18.7,21661,0
20140806,18.8,18.8,18,18.1,28193,0
20140807,18,19.15,18,18.565,13215,0
20140808,18.55,18.865,18.33,18.5,14845,0
20140811,19,19.405,18.52,18.745,13911,0
20140812,18.978,19.69,18.695,19.25,10861,0
20140813,19.48,19.64,19,19,12242,0
20140814,19.09,19.49,18.95,19.49,6793,0
20140815,19.706,19.706,19,19,8923,0
20140818,18.85,19.82,18.82,19.561,10788,0
20140819,19.4,19.815,19.255,19.42,20375,0
20140820,19.65,19.67,19.235,19.38,8403,0
20140821,19.455,19.85,19.125,19.695,10556,0
20140822,20,20,19.4,19.605,9683,0
20140825,19.79,20.365,19.435,19.8,27207,0
20140826,19.695,19.93,19.33,19.45,10274,0
20140827,19.404,19.716,19.36,19.57,13008,0
20140828,20.08,20.4,18.9,19.7,75338,0
20140829,19.573,19.78,19.26,19.4,17758,0
20140901,19.49,19.49,19,19,11802,0
20140902,19.015,19.39,18.95,19,8105,0
20140903,19.12,19.22,19.025,19.22,27360,0
20140904,19.27,19.43,18.65,19.1,40456,0
20140905,19.28,19.28,19.015,19.25,9329,0
20140908,19.02,19.3,19.02,19.115,9356,0
20140909,19.101,19.14,18.835,18.915,10198,0
20140910,19.137,19.137,18.8,18.915,6075,0
20140911,19.09,19.1,18.5,18.65,26475,0
20140912,18.67,19.2,18.515,18.8,28073,0
20140915,19.05,19.05,18.65,18.65,10494,0
20140916,18.67,18.685,18.44,18.5,11783,0
20140917,18.5,18.795,18.5,18.515,6178,0
20140918,18.5,18.62,18.105,18.15,9398,0
20140919,18.17,18.495,18.02,18.29,53734,0
20140922,18.8,18.98,18.082,18.1,10552,0
20140923,18.12,18.3,18,18.085,16542,0
20140924,18.05,18.485,17.6,18.02,83155,0
20140925,18.02,18.25,17.385,17.98,37527,0
20140926,17.6,17.835,17.415,17.65,13746,0
20140929,17.52,18.21,17.49,17.92,30795,0
20140930,17.885,17.995,17.74,17.9,5346,0
20141001,17.9,18.29,17.76,17.874,21554,0
20141002,18.05,18.05,17.458,17.84,18403,0
20141003,17.805,17.875,17.805,17.805,150,0
20141006,18.49,18.715,17.85,17.914,24179,0
20141007,18.054,18.22,16.645,17.1,70513,0
20141008,17.3,17.7,17.02,17.3,33597,0
20141009,17.8,17.8,17.15,17.2,10962,0
20141010,16.9,17.529,16.79,17.305,41692,0
20141013,17.5,17.5,17.15,17.427,15658,0
20141014,17.65,17.65,16.765,17.009,26400,0
20141015,16.92,17.22,15.3,15.5,41387,0
20141016,15.5,17,15.12,16.366,56093,0
20141017,16.63,17.64,16.63,17.25,38004,0
20141020,17.636,17.66,17.25,17.292,8900,0
20141021,17.19,17.89,17.171,17.582,11062,0
20141022,17.735,18.2,17.438,17.54,25095,0
20141023,17.806,18,17.272,17.385,9814,0
20141024,17.523,18.2,17.52,17.82,11556,0
20141027,18.004,18.2,17.29,17.483,10646,0
20141028,17.865,18.175,17.603,17.687,7777,0
20141029,18,18.1,17.49,18,5249,0
20141030,17.8,18.1,17.28,17.302,7233,0
20141031,17.765,18.2,17.562,17.77,10931,0
20141103,17.89,18.81,17.804,17.874,24541,0
20141104,18.2,18.86,18.2,18.488,34648,0
20141105,18.744,19.35,18.336,18.7,26137,0
20141106,18.796,19.35,18.364,18.741,18461,0
20141107,18.801,19.605,18.715,18.93,46634,0
20141110,19.07,19.55,18.1,18.75,19412,0
20141111,18.711,19.315,17.9,18.217,27588,0
20141112,18.501,19.27,18.297,18.297,11866,0
20141113,18.644,19.1,18.451,18.466,3418,0
20141114,18.865,19.3,18.68,18.68,8041,0
20141117,19.449,19.449,18.672,18.784,5611,0
20141118,19.22,19.45,18.697,18.831,8307,0
20141119,19.376,19.45,18.809,18.809,11453,0
20141120,19.1,19.4,18.47,18.717,12813,0
20141121,19.5,19.73,19,19.31,35637,0
20141124,19.6,19.85,19,19.041,28706,0
20141125,19.453,19.61,18.316,18.316,127132,0
20141126,18.776,19.13,18.45,18.536,20173,0
20141127,18.87,19.48,18.723,18.851,17397,0
20141128,19.031,19.13,18.5,18.693,4388,0
20141201,19.1,19.15,18.5,18.5,10765,0
20141202,18.68,19,18,18.583,13862,0
20141203,18.573,19,18.289,18.289,10348,0
20141204,18.609,19.03,18.506,18.66,8853,0
20141205,18.735,19.05,18.424,18.787,9788,0
20141208,19.217,19.217,18.489,18.684,25146,0
20141209,18.951,19.1,18.235,18.47,10021,0
20141210,18.7,19,18.69,18.75,5417,0
20141211,18.681,18.915,18.044,18.15,6017,0
20141212,18.551,18.785,18.505,18.551,8239,0
20141215,18.555,18.935,17.976,18.017,7782,0
20141216,18.6,18.83,17.953,17.953,18594,0
20141217,18.4,18.875,17.969,17.969,15745,0
20141218,18.456,18.88,18.267,18.267,11692,0
20141219,18.999,19.2,18.462,18.462,25755,0
20141222,19.142,19.16,18.332,18.332,7114,0
20141223,18.86,19.09,18.261,18.288,9455,0
20141229,18.858,19.4,18.575,19.2,14653,0
20141230,19.106,19.44,19.105,19.3,10346,0
20150102,19.493,19.495,18.581,18.581,3843,0
20150105,19.359,19.39,18.9,19.2,6418,0
20150106,19.12,19.39,18.82,18.92,6931,0
20150107,18.9,19.29,18.78,18.811,7642,0
20150108,18.8,19.06,18.8,18.85,15148,0
20150109,19,19,18.251,18.251,10095,0
20150112,18.9,19.125,18.26,18.26,13563,0
20150113,18.71,19,18.288,18.298,2968,0
20150114,18.709,18.92,18.208,18.211,1880,0
20150115,18.941,19,18.383,18.383,8785,0
20150116,18.732,18.985,18.202,18.202,5906,0
20150119,18.941,19.14,18.61,18.61,14681,0
20150120,18.771,18.95,18.281,18.281,73781,0
20150121,18.749,18.99,18.11,18.161,51329,0
20150122,18.659,18.85,18.055,18.055,22175,0
20150123,18.44,18.85,18.35,18.4,27144,0
20150126,18.3,19.05,18.3,18.4,25072,0
20150127,18.5,18.86,18.4,18.4,15533,0
20150128,18.8,19,18.306,18.306,26038,0
20150129,18.749,18.99,18.3,18.3,12371,0
20150130,18.779,18.8,18.3,18.3,8077,0
20150202,18.659,18.8,18.149,18.28,7953,0
20150203,18.659,18.8,18.055,18.055,16349,0
20150204,18.301,18.795,18.055,18.055,11117,0
20150205,18.596,18.805,18.173,18.173,15570,0
20150206,18.6,18.8,18.29,18.29,8308,0
20150209,18.45,18.515,17.315,17.315,9968,0
20150210,18.35,18.35,17.3,17.3,16998,0
20150211,17.771,18.3,17.77,17.85,11089,0
20150212,18.015,18.4,17.85,17.85,8127,0
20150213,18.15,19.15,18.15,18.695,71683,0
20150216,18.9,19.6,18.7,19.25,67572,0
20150217,19.25,19.595,18.724,18.775,31647,0
20150218,19.135,19.425,18.733,18.765,28325,0
20150219,19.075,19.48,18.796,18.796,43253,0
20150220,19.255,19.29,18.563,18.563,19594,0
20150223,19.45,19.45,18.57,18.57,8789,0
20150224,19.35,19.35,18.661,18.661,12241,0
20150225,19.086,19.32,18.585,18.635,19545,0
20150226,19.056,19.3,19,19.204,15198,0
20150227,19.161,19.35,18.811,18.811,11346,0
20150302,18.8,19.185,18.8,19,22634,0
20150303,18.76,19.075,18.758,18.825,18961,0
20150304,18.7,19,18.685,18.925,9940,0
20150305,19.142,19.142,18.785,18.816,15301,0
20150306,18.75,19.025,18.75,18.925,16534,0
20150309,19.142,19.15,18.86,19.025,29123,0
20150310,18.9,19.185,18.8,18.925,23955,0
20150311,19.11,19.57,18.91,18.985,70084,0
20150312,18.84,19.16,18.8,18.891,21917,0
20150313,19.09,19.2,18.895,18.95,36766,0
20150316,19.099,19.437,18.885,19.437,32463,0
20150317,19.509,19.6,18.91,18.925,31357,0
20150318,18.901,19.2,18.9,19.135,22983,0
20150319,19.13,19.45,18.965,19.308,41465,0
20150320,19.255,19.45,19.105,19.205,59039,0
20150323,19.505,19.505,18.975,19.03,16262,0
20150324,19,19.14,18.8,18.99,14997,0
20150325,19.2,19.2,18.855,18.949,20190,0
20150326,18.883,19.13,18.785,18.855,9054,0
20150327,18.85,18.995,18.363,18.363,18309,0
20150330,18.302,18.8,17.26,17.865,30857,0
20150331,17.95,18.05,17.8,17.977,9633,0
20150401,17.98,18.492,17.8,18.369,15164,0
20150402,18.262,18.465,17.88,18.029,26118,0
20150407,18.1,18.45,18.1,18.33,12194,0
20150408,18.55,18.55,17.84,18,25167,0
20150409,18.005,18.3,18,18.19,14296,0
20150410,18.3,18.3,18.045,18.3,13141,0
20150413,18,18.195,17.885,18.16,13962,0
20150414,18.16,18.16,17.82,18.045,11639,0
20150415,18.045,18.15,17.82,17.995,22317,0
20150416,17.99,17.99,17.615,17.835,22027,0
20150417,17.79,17.895,17.7,17.7,8054,0
20150420,17.775,17.98,17.7,17.8,15347,0
20150421,17.9,18.29,17.8,17.99,61972,0
20150422,18.15,18.15,17.88,18.05,20416,0
20150423,18.05,18.05,17.755,17.9,25992,0
20150424,17.94,17.94,17.68,17.915,11791,0
20150427,17.7,17.9,17.305,17.9,38941,0
20150428,17.895,17.9,17.5,17.835,16065,0
20150429,17.9,18.045,17.75,17.995,34774,0
20150430,17.8,17.875,17.5,17.8,18218,0
20150504,17.9,18,17.715,18,18869,0
20150505,17.9,18.09,17.9,18.05,23656,0
20150506,18,18.1,17.905,18.005,16974,0
20150507,17.955,17.955,17.705,17.905,19289,0
20150508,17.825,18.05,17.825,18.045,6872,0
20150511,17.925,17.94,17.755,17.8,16251,0
20150512,17.855,17.89,17.73,17.885,6663,0
20150513,18.01,18.825,17.915,18.145,62686,0
20150514,18.025,18.3,18,18,11908,0
20150515,18.16,18.205,18,18,13464,0
20150518,18.1,18.1,17.87,17.87,11264,0
20150519,18.025,18.11,18,18,9563,0
20150520,18,18.11,17.87,18,26224,0
20150521,18,18,17.8,17.8,10023,0
20150522,18.15,18.65,18.02,18.2,85305,0
20150526,18.215,18.33,18,18.25,120657,0
20150527,18.255,18.69,18.075,18.45,68505,0
20150528,18.25,18.685,18.25,18.6,33312,0
20150529,18.68,18.75,18.55,18.75,57184,0
20150601,18.78,18.94,18.65,18.9,45661,0
20150602,18.9,19.32,18.7,19.2,53165,0
20150603,19.015,19.4,19.015,19.395,19315,0
20150604,19.15,19.15,18.805,18.9,44444,0
20150605,18.9,19.095,18.805,19.085,19102,0
20150608,19.215,19.22,18.91,18.99,19735,0
20150609,18.905,18.905,18.4,18.75,24156,0
20150610,18.83,18.945,18.69,18.945,12046,0
20150611,18.75,19.1,18.75,19,79526,0
20150612,18.95,19.1,18.9,19,20120,0
20150615,18.85,19.07,18.85,19,21000,0
20150616,18.85,19.45,18.85,19.44,31674,0
20150617,19.43,19.445,19,19.12,27348,0
20150618,19.11,19.49,18.91,19.39,43702,0
20150619,19.39,20.3,19.2,19.85,97545,0
20150622,20.1,20.1,19.435,19.88,61035,0
20150623,19.99,20.05,19.73,19.92,33731,0
20150624,19.975,19.975,19.245,19.6,33926,0
20150625,19.48,19.65,19.305,19.58,14383,0
20150626,19.34,19.47,18.71,19.2,34473,0
20150629,18.6,19.1,18.5,19,18608,0
20150630,19.18,19.885,18.42,19.865,88275,0
20150701,19.985,19.985,19.72,19.865,16769,0
20150702,19.79,20.765,19.79,20.6,71892,0
20150703,20.65,20.695,20.12,20.2,34080,0
20150706,19.785,20.35,19.785,20.295,19785,0
20150707,20.145,20.425,20.01,20.1,35518,0
20150708,20.12,20.12,19.9,20.1,27416,0
20150709,20.02,20.4,19.96,20.2,43422,0
20150710,20.275,20.435,19.925,20.3,29460,0
20150713,20.39,20.555,20.02,20.29,31479,0
20150714,20.3,20.3,19.825,19.895,42612,0
20150715,20.135,20.135,19.45,19.45,27023,0
20150716,19.69,20.155,19.504,20.045,55700,0
20150717,20.1,20.25,19.91,20.25,55035,0
20150720,20.09,20.19,19.865,20.03,15777,0
20150721,20,20,19.7,19.88,21554,0
20150722,19.9,19.99,19.75,19.75,7973,0
20150723,19.8,19.9,19.8,19.85,11069,0
20150724,19.85,19.99,19.8,19.99,35635,0
20150727,19.9,19.955,19.72,19.72,24952,0
20150728,19.88,19.88,19.695,19.85,9460,0
20150729,19.675,19.8,19.5,19.6,8325,0
20150730,19.75,19.75,19.03,19.3,25902,0
20150731,19.395,19.87,19.3,19.87,39436,0
20150803,19.85,20.18,19.7,20.095,55390,0
20150804,20,20.08,19.86,19.88,31622,0
20150805,19.81,20,19.79,19.985,11878,0
20150806,20,20,19.77,19.9,6342,0
20150807,19.845,19.9,19.7,19.725,9238,0
20150810,19.8,19.8,19.21,19.37,24655,0
20150811,19.32,19.43,19.11,19.35,10835,0
20150812,19.355,19.355,18.535,18.61,29484,0
20150813,18.84,18.84,17.9,18,39483,0
20150814,18.1,18.3,18,18.075,21186,0
20150817,18.2,18.295,17.085,17.25,87362,0
20150818,17.265,17.465,17.005,17.05,30874,0
20150819,16.99,17.02,16.5,16.515,40119,0
20150820,16.5,16.71,15.93,15.93,35442,0
20150821,15.8,15.8,15.25,15.25,57449,0
20150824,15.15,15.19,13.32,14,79702,0
20150825,14.175,16.07,14.05,15.815,74253,0
20150826,15.875,16,15.23,15.3,58882,0
20150827,15.6,15.7,15.175,15.375,92119,0
20150828,15.3,15.79,15.3,15.38,22339,0
20150831,15.45,15.45,15.22,15.41,16542,0
20150901,15.05,15.255,14.8,14.8,10731,0
20150902,15.06,15.06,14.7,14.95,12089,0
20150903,15.08,15.2,14.925,14.975,26240,0
20150904,15.05,15.05,14.755,14.755,21830,0
20150907,14.9,14.9,14.18,14.25,41235,0
20150908,14.285,14.485,14.2,14.4,21326,0
20150909,14.49,15.4,14.475,15.3,73508,0
20150910,15.265,15.4,14.79,15.2,55243,0
20150911,15.265,15.265,14.305,15.11,50885,0
20150914,15.175,15.175,14.905,15.01,24333,0
20150915,15.1,15.685,14.935,15.58,48664,0
20150916,15.58,16.1,15.58,16,43090,0
20150917,16.1,16.1,15.755,15.755,20112,0
20150918,15.75,15.805,15.4,15.75,40541,0
20150921,15.7,15.825,15.585,15.8,25064,0
20150922,15.905,15.905,15.2,15.26,50304,0
20150923,15.46,15.615,15.21,15.33,39270,0
20150924,15.2,15.68,14.93,15.49,32803,0
20150925,15.39,15.64,15.06,15.15,14861,0
20150928,15.26,15.47,14.95,15.4,43831,0
20150929,15.4,15.4,14.7,14.9,54331,0
20150930,15.12,15.145,14.55,14.725,31819,0
20151001,14.925,14.98,14.365,14.47,22437,0
20151002,14.26,14.35,13.82,14.255,64787,0
20151005,14.5,15.03,14.09,15.03,53716,0
20151006,15.075,15.195,14.735,14.735,15096,0
20151007,14.865,15.17,14.84,15,12443,0
20151008,15.13,15.575,15.1,15.14,21158,0
20151009,15.31,15.4,15.225,15.25,22948,0
20151012,15.25,15.445,15,15,8664,0
20151013,15.15,15.15,14.85,14.85,8560,0
20151014,15.015,15.015,14.84,14.86,11562,0
20151015,14.94,15.1,14.85,15.085,25432,0
20151016,15,16.05,14.995,15.8,83083,0
20151019,15.75,16,15.555,15.88,25133,0
20151020,16.2,16.795,16.155,16.795,72693,0
20151021,16.975,17.3,16.825,16.835,25842,0
20151022,16.85,17.13,16.8,17,16777,0
20151023,17.095,17.1,16.69,17,18248,0
20151026,17.05,17.12,16.905,17,13725,0
20151027,17.08,17.08,16.6,16.77,20085,0
20151028,16.8,16.89,16.6,16.8,10919,0
20151029,16.895,17.28,16.875,17.2,17563,0
20151030,17.38,17.5,17.015,17.3,34651,0
20151102,17.4,17.45,16.715,16.84,25106,0
20151103,16.94,17.2,16.685,17.2,23154,0
20151104,17.015,17.3,16.82,16.915,26868,0
20151105,17.26,17.37,16.85,16.85,16866,0
20151106,16.84,16.845,16.15,16.15,31468,0
20151109,16.39,16.6,16.195,16.35,23312,0
20151110,16.26,16.645,16.21,16.265,21770,0
20151111,16.12,16.45,16.115,16.235,31388,0
20151112,16.425,16.48,16.15,16.175,20057,0
20151113,16.15,16.185,15.955,16.04,11090,0
20151116,15.95,16.07,15.6,15.69,15603,0
20151117,15.79,16.285,15.72,16,28988,0
20151118,16.14,16.775,16.015,16.69,33532,0
20151119,16.8,17.235,16.8,17.055,48306,0
20151120,17.09,17.415,17.005,17.4,24039,0
20151123,17.465,17.975,17.375,17.975,31970,0
20151124,18,18.395,17.885,17.945,95555,0
20151125,18.045,18.305,17.89,18.095,24676,0
20151126,18.1,18.255,17.925,18.16,19021,0
20151127,18.2,18.25,18.105,18.185,16806,0
20151130,18.29,18.72,17.71,17.71,74686,0
20151201,18.27,18.295,18.02,18.2,26614,0
20151202,18,18.25,17.95,18.1,9234,0
20151203,18.25,18.25,17.92,18.02,2897,0
20151204,18.25,18.46,18.025,18.435,45208,0
20151207,18.5,19.815,18.5,19.4,120412,0
20151208,19.3,19.64,18.135,18.26,78300,0
20151209,18.255,18.255,17.625,17.91,27919,0
20151210,17.995,18.25,17.615,18.25,27408,0
20151211,18.23,18.23,17.13,17.5,20526,0
20151214,17.8,17.8,17.335,17.6,43402,0
20151215,17.545,18.665,17.545,18.665,42712,0
20151216,18.695,19,18.375,18.5,48179,0
20151217,18.5,18.95,18.34,18.65,12606,0
20151218,18.715,18.715,17.84,17.935,16790,0
20151221,18.295,18.295,17.925,18,9116,0
20151222,18.155,18.155,17.79,17.93,35510,0
20151223,18,18.18,17.89,18,17002,0
20151228,17.98,18.145,17.87,18.02,7780,0
20151229,18.2,18.875,18.145,18.875,16282,0
20151230,19,19.025,18.89,19,20802,0
20160104,18.95,19.035,18.575,18.995,28221,0
20160105,18.8,18.975,18.65,18.94,25117,0
20160106,18.995,19.375,18.885,19.11,101878,0
20160107,18.315,18.82,18.25,18.63,56060,0
20160108,18.535,18.7,18.5,18.525,8859,0
20160111,18.36,18.59,18.02,18.02,47946,0
20160112,18.02,18.25,18,18.14,7991,0
20160113,18.3,18.31,17.72,17.8,14657,0
20160114,17.74,17.815,16.815,17.02,28598,0
20160115,16.9,16.9,15.945,16.29,20436,0
20160118,16.35,16.4,14.9,15.13,75403,0
20160119,15.4,15.83,15.03,15.03,59169,0
20160120,14.985,15.005,14.6,14.83,21876,0
20160121,15.25,15.615,14.855,15.37,24773,0
20160122,15.5,16.02,15.2,15.55,30615,0
20160125,15.745,15.925,15.57,15.77,14974,0
20160126,15.9,15.9,14.995,15.05,45441,0
20160127,15.255,15.255,14.65,14.86,34036,0
20160128,14.99,15.11,14.775,14.86,24798,0
20160129,15.19,15.19,14.9,14.9,20147,0
20160201,15.195,16.06,15.02,16.06,29104,0
20160202,16.08,16.08,15.525,15.665,32942,0
20160203,15.805,16.745,15.63,16.51,54047,0
20160204,16.655,17.385,16.51,16.66,16032,0
20160205,16.805,16.825,16.24,16.495,14518,0
20160208,16.935,16.935,15.29,15.55,67264,0
20160209,15.59,15.94,15.125,15.7,52799,0
20160210,15.965,15.965,15,15.13,30730,0
20160211,15.3,15.3,14.35,14.55,85332,0
20160212,14.87,14.87,14.295,14.295,24777,0
20160215,15.005,15.9,14.94,15.33,22486,0
20160216,15.5,15.645,15.205,15.51,19232,0
20160217,15.645,16.135,15.495,15.795,28707,0
20160218,15.9,16.325,15.685,16.095,61772,0
20160219,16.17,16.605,15.8,16.605,37578,0
20160222,16.75,17.19,16.745,16.93,22734,0
20160223,17,17.91,17,17.8,26574,0
20160224,17.88,18.085,17.45,17.45,35518,0
20160225,17.61,17.835,17.495,17.825,14205,0
20160226,17.95,18.29,17.905,18.25,31103,0
20160229,18.085,18.685,17.83,17.83,67360,0
20160301,17.985,19.05,17.985,18.7,51330,0
20160302,19,19.05,18.52,18.52,30013,0
20160303,18.64,18.64,18.04,18.065,28811,0
20160304,18.305,18.84,18.305,18.83,49079,0
20160307,18.8,18.99,18.755,18.955,27314,0
20160308,18.99,18.99,18.77,18.99,17605,0
20160309,18.99,18.99,18.5,18.76,26635,0
20160310,18.69,18.88,18.1,18.12,24356,0
20160311,18.19,18.49,18.105,18.35,20100,0
20160314,18.5,19.155,18.405,19.085,46993,0
20160315,19,19.365,18.68,18.76,23561,0
20160316,18.975,19.18,18.78,19.18,20596,0
20160317,19.195,19.66,19.04,19.3,30204,0
20160318,19.46,20.33,19.43,19.75,181130,0
20160321,19.85,20.53,19.6,19.85,53325,0
20160322,19.78,20.22,19.585,19.9,14885,0
20160323,20,20.15,19.865,20,26174,0
20160324,19.98,19.98,19.39,19.39,18478,0
20160329,19.565,20.47,19.565,20,36233,0
20160330,20.215,22,20.215,21.85,115562,0
20160331,21.98,22.35,21.9,22.2,128317,0
20160401,21.9,22.85,21.8,22.85,80975,0
20160404,23,23.65,22.46,22.95,141322,0
20160405,22.68,22.68,21.8,22,96392,0
20160406,22.145,22.5,21.945,22.25,66196,0
20160407,22.2,22.9,22.195,22.75,30675,0
20160408,23.05,25.445,23.05,24.97,263164,0
20160411,25.4,26,24.55,25.85,152477,0
20160412,25.975,26,24.61,26,121329,0
20160413,25.99,26,24.9,25.565,116150,0
20160414,25.79,25.85,25.2,25.4,63365,0
20160415,25.575,25.585,24.82,25.215,51142,0
20160418,25.33,25.63,25.025,25.35,42498,0
20160419,25.55,25.575,25.22,25.485,38185,0
20160420,25.5,25.645,25.03,25.165,56012,0
20160421,25.25,25.95,23.845,24.735,167653,0
20160422,24.5,24.995,24.5,24.62,30120,0
20160425,24.7,25,24.7,24.9,33015,0
20160426,25.05,25.945,25,25.9,111021,0
20160427,26,26.265,25.685,26,128253,0
20160428,25.97,25.97,24.8,25,64908,0
20160429,25.185,25.37,24.79,24.79,72765,0
20160502,25.055,25.755,25,25.31,34391,0
20160503,25.5,25.5,24.86,25.14,27530,0
20160504,25.1,25.48,24.2,24.68,48993,0
20160505,24.85,25.26,24.78,25,10967,0
20160506,24.975,25.19,24.61,24.62,22934,0
20160509,24.82,25.085,24.22,24.22,36683,0
20160510,24.285,25,24.17,24.775,37875,0
20160511,25.05,25.195,24.575,24.64,65259,0
20160512,24.9,24.925,24,24,81339,0
20160513,23.9,24.105,23.04,24.015,97059,0
20160517,24.105,24.515,23.75,23.86,22350,0
20160518,23.71,24.035,23.615,23.615,27628,0
20160519,23.485,24.105,23.08,23.8,51171,0
20160520,23.905,24,23.71,23.85,23219,0
20160523,23.89,25.15,23.85,25,72409,0
20160524,24.775,25.25,24.415,24.65,33383,0
20160525,24.86,25.12,24.38,25.1,22813,0
20160526,25.1,25.35,24.74,25.15,33316,0
20160527,25.165,25.35,25.015,25.35,32318,0
20160530,25.325,25.35,24.6,24.685,31781,0
20160531,24.775,25.35,24.58,25.35,63120,0
20160601,25.35,25.45,24.835,25.35,106340,0
20160602,25.345,25.5,25.15,25.5,68293,0
20160603,25.495,25.5,24.565,25.005,40714,0
20160606,25.2,25.395,25.045,25.355,26391,0
20160607,25.35,25.35,25.185,25.22,17900,0
20160608,25.25,25.265,25.02,25.2,30768,0
20160609,25.18,25.35,24.7,25.2,28279,0
20160610,25,25,23.89,24.095,44082,0
20160613,23.53,23.53,22.05,22.85,120094,0
20160614,22.805,22.85,22.25,22.85,46566,0
20160615,23.03,23.65,22.61,23.37,51478,0
20160616,23.26,23.42,22.415,22.44,40305,0
20160617,22.655,23.045,22.1,22.29,30207,0
20160620,22.585,23.865,22.585,23.72,57403,0
20160621,23.765,24.145,23.565,23.6,27975,0
20160622,24.25,24.34,23.91,24.16,28178,0
20160623,24.27,24.49,23.33,23.44,33437,0
20160624,21.25,23.5,20.25,22.935,98912,0
20160627,23.2,23.2,21.785,21.785,55821,0
20160628,22.05,22.355,21.9,22,40046,0
20160629,22.5,23.145,22.5,22.755,41308,0
20160630,22.8,23.46,22.5,23.4,39582,0
20160701,23.575,23.9,23.44,23.72,20965,0
20160704,24.2,24.895,24.045,24.29,30689,0
20160705,24.15,24.715,23.35,23.5,35881,0
20160706,23.4,23.4,22.55,23.045,42697,0
20160707,23.365,23.635,22.85,23.5,19781,0
20160708,23.35,24.065,23.26,23.73,17691,0
20160711,23.985,24.3,23.8,24.115,24465,0
20160712,24.2,24.345,24.05,24.05,22889,0
20160713,24.055,24.51,24.055,24.25,19950,0
20160714,24.405,25.5,24.405,24.805,83886,0
20160715,24.77,24.915,24.155,24.8,33551,0
20160718,24.89,25.205,24.77,24.945,46988,0
20160719,24.815,25,24.575,24.94,17605,0
20160720,25.055,25.2,24.87,24.98,36873,0
20160721,24.995,25,24.69,24.925,15983,0
20160722,24.75,24.845,24.15,24.4,22948,0
20160725,24.69,24.97,24.55,24.97,14902,0
20160726,24.98,25.195,24.62,24.795,20900,0
20160727,25.015,25.2,24.62,24.995,24264,0
20160728,25,25.1,24.5,25.08,23388,0
20160729,25.2,25.21,24.805,24.805,13681,0
20160801,24.97,25.11,23.43,23.84,83584,0
20160802,23.76,23.76,23.02,23.02,41992,0
20160803,23.125,23.125,22.805,22.96,21335,0
20160804,23.025,23.685,22.9,23.67,29447,0
20160805,24.5,25.22,24.5,25.105,80440,0
20160808,25.36,25.91,25.005,25.91,136588,0
20160809,25.69,25.85,24.53,25.58,60063,0
20160810,25.6,26.77,25.5,26.655,116597,0
20160811,26.31,27.8,26.235,27.7,127906,0
20160812,27.695,28,27.14,27.85,80829,0
20160815,27.9,27.985,27.32,27.92,41736,0
20160816,27.815,27.985,26.61,26.735,48120,0
20160817,26.68,27.8,26.63,27.28,62892,0
20160818,27.3,28,27.3,27.575,97893,0
20160819,27.805,28,26.675,27.28,43805,0
20160822,27.32,27.99,26.915,27.695,38360,0
20160823,27.955,28.17,27.52,27.64,46701,0
20160824,27.55,27.595,26.95,27.43,38639,0
20160825,27.355,27.475,26.245,27,50060,0
20160826,27.02,27.585,27.02,27.35,22862,0
20160829,27.65,27.74,27.105,27.65,21979,0
20160830,27.78,28.2,27.655,28.1,43237,0
20160831,28.11,28.15,26.45,27.21,50276,0
20160901,27.22,27.95,26.9,27.425,75796,0
20160902,27.55,27.61,27.075,27.34,28038,0
20160905,27.73,28.2,27.73,27.8,47646,0
20160906,38.01,39.25,38.01,39.155,1744100,0
20160907,38.8,39.895,38.75,39.75,482040,0
20160908,39.9,43.685,39.75,41.18,314866,0
20160909,40.91,41.96,40.245,41,154227,0
20160912,41,42.255,40.5,42,170622,0
20160913,41.71,42.48,41.5,42.05,171326,0
20160914,41.69,43.65,41.69,43,154146,0
20160915,42.86,44.3,42.86,43.195,76590,0
20160916,43,43.775,41.63,42.51,154983,0
20160919,42.865,42.865,41.1,42.1,116305,0
20160920,41.8,42.575,41.615,42.08,74636,0
20160921,42,42.14,41.77,42.05,88180,0
20160922,42.04,42.57,42.03,42.19,58187,0
20160923,42.2,42.76,42,42.5,55579,0
20160926,42.195,42.22,41.885,42.02,84401,0
20160927,42.355,43.82,41.995,42.7,99038,0
20160928,42.99,43,42.335,42.69,53499,0
20160929,42.8,42.8,42.3,42.37,42869,0
20160930,41.85,42.47,41.535,42.12,58998,0
20161004,42.04,42.12,41.255,41.385,83282,0
20161005,40.8,41.25,40.115,40.605,136690,0
20161006,40.895,40.895,39.5,39.785,167346,0
20161007,39.55,40.05,39.32,39.75,116625,0
20161010,39.565,40.475,39.5,39.85,74275,0
20161011,39.7,41.395,39.5,40.2,150844,0
20161012,40,40.49,39.7,40,110925,0
20161013,40,41.37,39.6,40.8,101941,0
20161014,41,41.19,40.5,40.765,25013,0
20161017,41.1,41.1,40.05,40.24,39195,0
20161018,40.01,40.375,39.55,39.65,105139,0
20161019,39.71,39.935,39.515,39.6,99312,0
20161020,39.555,39.97,39.45,39.535,134488,0
20161021,37.97,37.99,34.24,36.325,841434,0
20161024,34.9,36.24,34.6,35.5,255343,0
20161025,34.97,36.185,34.55,36.1,45359,0
20161026,36.06,37.94,35.505,37.4,52998,0
20161027,31.4,33.215,31.07,31.195,571459,0
20161028,30.4,30.4,29.13,29.4,282841,0
20161031,29.405,30.145,28.75,30.1,120265,0
20161101,30.205,30.49,29.36,29.685,90837,0
20161102,29.425,30.095,29.15,29.785,140345,0
20161103,29.77,29.99,28.94,29,90979,0
20161104,29,29.645,28.71,29.62,102780,0
20161107,29.965,30.42,29.815,29.995,69081,0
20161108,30.26,30.26,29.15,29.23,64138,0
20161109,28.82,31.215,28.82,31,160232,0
20161110,30.5,31.7,30.255,30.97,111537,0
20161111,31.19,31.315,29.38,30.525,121017,0
20161114,30.795,30.795,29.225,30.18,107916,0
20161115,30.055,30.505,29.605,30.415,60498,0
20161116,30.435,30.6,30.125,30.6,35649,0
20161117,30.47,31.22,30.47,31,40477,0
20161118,31.3,32.25,30.715,31.58,99610,0
20161121,31.67,31.855,31.265,31.67,40802,0
20161122,31.815,31.895,31.5,31.51,30179,0
20161123,31.485,31.89,30.525,31.55,68370,0
20161124,31.79,31.795,30.61,31,28680,0
20161125,31.095,31.42,30.81,30.825,15564,0
20161128,30.76,31.12,30.7,30.81,10225,0
20161129,30.845,30.845,30.335,30.54,23752,0
20161130,30.54,30.58,30.01,30.36,38200,0
20161201,30.1,31.705,30.1,31.705,37642,0
20161202,29.05,30.75,29.05,30.745,142506,0
20161205,30.64,31.67,30.305,30.79,26320,0
20161206,30.885,31.17,30.25,30.75,25489,0
20161207,31,31.71,30.285,31.71,30592,0
20161208,31.42,31.8,30.9,31.53,34375,0
20161209,31.42,31.8,31.35,31.78,26912,0
20161212,31.8,32.775,31.77,32.5,42372,0
20161213,32.635,32.74,32.295,32.68,25565,0
20161214,32.64,33.1,32.64,32.875,39404,0
20161215,33.01,33.01,32.31,32.8,23413,0
20161216,33,33.09,31.94,32,84311,0
20161219,32.29,32.8,31.8,31.995,21718,0
20161220,32,32.38,31.875,31.99,28937,0
20161221,32,32.485,32,32.07,18771,0
20161222,32.005,32.27,31.985,32.16,25392,0
20161223,32.115,32.655,31.9,32.145,14026,0
20161227,32.5,33.1,32.295,32.5,34220,0
20161228,32.7,32.73,31.965,32.16,18376,0
20161229,32.025,32.675,32.025,32.335,29480,0
20161230,32.58,32.735,32.18,32.5,28071,0
20170102,32.795,34.75,32.475,34.75,69647,0
20170103,35,36.445,34.855,35.15,89527,0
20170104,35.35,35.65,34.625,34.895,65887,0
20170105,34.86,34.9,33.205,33.5,118456,0
20170106,33.805,34.455,33,33.075,55781,0
20170109,33.695,34.445,33.365,34.205,48126,0
20170110,34.335,34.335,33.615,33.755,34562,0
20170111,34.045,34.085,33.64,33.64,31001,0
20170112,33.645,34.105,32.75,33.38,56086,0
20170113,33.615,34,33.5,34,18668,0
20170116,33.805,34.2,33.525,33.855,15001,0
20170117,33.75,34.235,33.75,34.19,17336,0
20170118,34.2,34.495,33.505,34.2,28397,0
20170119,34.33,34.8,34.025,34.8,45014,0
20170120,34.8,35.495,33.88,34.35,67053,0
20170123,34.24,34.85,34.05,34.1,39699,0
20170124,34.25,34.88,33.8,34.88,55394,0
20170125,34.99,35.14,34.395,34.865,64004,0
20170126,34.88,35.32,34.37,34.545,54493,0
20170127,34.85,36.575,34.63,35.72,91015,0
20170130,35.9,36,35.58,35.99,46861,0
20170131,35.91,36.145,35.155,35.5,42784,0
20170201,35.69,36.5,35.45,36.335,40818,0
20170202,36.3,36.9,36.16,36.9,37517,0
20170203,37.005,37.195,36.65,37.195,47746,0
20170206,37,37.59,36.625,37.45,56265,0
20170207,37.495,37.62,37.28,37.62,47735,0
20170208,37.795,38.025,37.04,37.4,54244,0
20170209,37.675,37.885,36.72,37.885,45762,0
20170210,38.01,38.05,37.49,37.77,33397,0
20170213,37.945,39.28,37.625,38.775,51209,0
20170214,38.85,39.64,38.56,39.495,85338,0
20170215,39.75,40.34,39.6,39.9,56077,0
20170216,39.935,40.02,38.75,39.57,42958,0
20170217,39.6,39.9,38.605,39.42,31684,0
20170220,39.73,39.9,38.77,39,37957,0
20170221,39.11,39.245,38.73,39,18422,0
20170222,38.915,39.11,38.565,38.93,27909,0
20170223,38.85,39,37.34,37.715,54129,0
20170224,37.65,37.975,35.35,36.405,92814,0
20170227,36.4,37.4,35.85,37.25,42776,0
20170228,37.395,39.045,37.335,38.9,55677,0
20170301,39.24,39.35,37.63,38.775,93057,0
20170302,38.915,38.915,38.405,38.8,13300,0
20170303,38.92,39.295,38.1,38.5,38833,0
20170306,38.38,39.4,38.25,39.155,42909,0
20170307,39.1,39.4,38.85,39.28,23480,0
20170308,39.195,39.3,38.975,39.055,27352,0
20170309,39.2,39.405,38.9,39.005,43744,0
20170310,39.29,39.6,38.58,39.5,47615,0
20170313,39.5,39.73,39.275,39.525,52985,0
20170314,39.5,39.775,39.11,39.5,23451,0
20170315,39.27,39.76,39.13,39.315,24323,0
20170316,39.01,39.59,38.755,39.54,68253,0
20170317,39.245,39.59,38.505,38.76,52911,0
20170320,38.8,39.79,38.8,39.455,78271,0
20170321,39.45,39.9,38.62,39.02,48251,0
20170322,38.74,38.74,36.5,37,113388,0
20170323,36.93,38.38,36.93,38.06,51702,0
