Date,Open,High,Low,Close,Volume,OpenInt
20090406,1.696,1.759,1.632,1.759,457,0
20090415,1.759,1.914,1.686,1.914,548,0
20090417,1.914,1.914,1.768,1.841,438,0
20090422,1.896,1.896,1.823,1.823,274,0
20090430,1.823,1.823,1.677,1.75,1305,0
20090505,1.75,1.778,1.696,1.732,162,0
20090511,1.732,1.732,1.623,1.723,4892,0
20090512,1.668,1.805,1.659,1.805,274,0
20090515,1.732,1.914,1.659,1.805,2742,0
20090518,1.896,2.024,1.814,2.024,2742,0
20090519,2.024,2.252,1.933,2.252,3729,0
20090525,2.252,2.279,2.151,2.151,1321,0
20090527,2.151,2.361,2.069,2.361,1755,0
20090528,2.361,2.461,2.197,2.37,2194,0
20090601,2.443,2.443,2.197,2.334,548,0
20090602,2.37,2.416,2.242,2.334,21,0
20090603,2.37,2.37,2.197,2.288,175,0
20090604,2.37,2.397,2.224,2.315,186,0
20090609,2.37,2.37,1.96,1.987,3587,0
20090611,1.96,2.015,1.905,2.015,680,0
20090618,2.005,2.005,1.896,1.96,438,0
20090619,1.978,1.978,1.814,1.814,274,0
20090622,1.814,1.841,1.759,1.796,2194,0
20090624,1.841,1.869,1.732,1.869,548,0
20090625,1.869,2.005,1.696,1.759,5199,0
20090626,1.814,1.869,1.741,1.814,658,0
20090629,1.805,1.805,1.668,1.732,5073,0
20090630,1.732,1.796,1.723,1.796,1206,0
20090701,1.796,1.796,1.732,1.732,1950,0
20090702,1.732,1.796,1.732,1.732,767,0
20090703,1.732,1.86,1.732,1.86,1305,0
20090706,1.86,1.914,1.86,1.914,2237,0
20090707,1.914,1.996,1.914,1.996,6,0
20090708,1.996,2.097,1.996,2.097,2742,0
20090709,2.097,2.142,1.869,2.142,5375,0
20090710,2.142,2.315,2.142,2.315,24986,0
20090713,2.315,2.507,2.315,2.443,20254,0
20090714,2.498,2.625,2.443,2.625,14703,0
20090715,2.625,2.689,2.479,2.552,14985,0
20090716,2.552,2.552,2.397,2.461,1645,0
20090717,2.397,2.552,2.397,2.397,6735,0
20090720,2.397,2.543,2.397,2.543,6051,0
20090721,2.543,2.561,2.47,2.543,4914,0
20090722,2.543,2.543,2.452,2.452,3236,0
20090723,2.452,2.662,2.452,2.543,18190,0
20090724,2.543,2.543,2.279,2.279,12977,0
20090727,2.324,2.461,2.279,2.416,3839,0
20090728,2.416,2.461,2.324,2.416,3455,0
20090729,2.416,2.489,2.416,2.489,7939,0
20090730,2.489,2.489,2.388,2.407,13153,0
20090731,2.407,2.407,2.306,2.306,383,0
20090803,2.306,2.37,2.206,2.315,2961,0
20090804,2.206,2.206,2.087,2.142,1150,0
20090805,2.142,2.142,1.969,1.969,8194,0
20090806,1.969,2.042,1.86,1.96,6801,0
20090807,1.96,2.005,1.96,1.987,3016,0
20090810,2.024,2.106,1.987,2.06,2248,0
20090811,2.106,2.115,2.06,2.06,3615,0
20090812,2.106,2.115,2.106,2.115,548,0
20090813,2.106,2.215,2.106,2.179,8771,0
20090814,2.179,2.252,2.151,2.252,2534,0
20090817,2.252,2.297,2.252,2.252,3291,0
20090819,2.252,2.252,1.987,2.188,948,0
20090821,2.188,2.224,2.188,2.188,437,0
20090824,2.188,2.224,1.869,1.96,16647,0
20090825,1.96,2.069,1.96,2.024,1450,0
20090826,2.024,2.097,2.015,2.015,4758,0
20090827,2.015,2.033,1.923,2.033,3734,0
20090828,2.033,2.033,1.942,1.942,8,0
20090831,1.942,1.96,1.942,1.96,2194,0
20090901,1.96,1.96,1.96,1.96,1853,0
20090907,2.005,2.005,2.005,2.005,877,0
20090908,2.005,2.005,1.869,1.869,2796,0
20090909,1.914,1.914,1.905,1.905,3949,0
20090911,1.869,1.933,1.823,1.823,2937,0
20090914,1.823,1.987,1.778,1.823,11474,0
20090915,1.823,1.823,1.705,1.75,9609,0
20090916,1.75,1.996,1.741,1.887,12659,0
20090917,1.887,1.996,1.841,1.978,2531,0
20090918,1.978,1.978,1.869,1.914,7742,0
20090921,1.933,1.933,1.869,1.914,2358,0
20090922,1.878,1.942,1.869,1.933,6691,0
20090923,1.923,1.933,1.887,1.887,1756,0
20090924,1.914,1.914,1.732,1.732,9354,0
20090925,1.75,1.869,1.732,1.841,7298,0
20090928,1.869,1.869,1.796,1.869,987,0
20090929,1.896,1.896,1.823,1.823,2742,0
20090930,1.896,1.896,1.823,1.823,3291,0
20091001,1.85,1.85,1.768,1.778,3400,0
20091002,1.75,1.823,1.732,1.732,8447,0
20091005,1.75,1.778,1.686,1.778,153,0
20091006,1.796,1.796,1.686,1.686,274,0
20091007,1.796,1.796,1.686,1.686,4388,0
20091008,1.75,1.75,1.641,1.677,11662,0
20091009,1.696,1.696,1.668,1.668,2741,0
20091012,1.696,1.741,1.668,1.741,2964,0
20091013,1.714,1.759,1.714,1.759,3291,0
20091014,1.732,1.741,1.732,1.732,6033,0
20091015,1.75,1.796,1.686,1.796,1810,0
20091016,1.814,1.814,1.686,1.768,5046,0
20091019,1.796,1.796,1.696,1.759,6690,0
20091020,1.778,1.778,1.714,1.714,131,0
20091021,1.732,1.768,1.686,1.732,658,0
20091022,1.732,1.732,1.641,1.668,11507,0
20091023,1.686,2.279,1.65,2.188,55023,0
20091026,2.242,2.552,2.097,2.461,22995,0
20091027,2.498,2.598,2.416,2.598,13330,0
20091028,2.589,2.589,2.461,2.461,9093,0
20091029,2.498,2.589,2.416,2.552,8776,0
20091030,2.516,2.552,2.461,2.552,1810,0
20091102,2.543,2.543,2.416,2.416,1179,0
20091103,2.534,2.534,2.297,2.297,6266,0
20091104,2.27,2.352,2.27,2.306,2369,0
20091105,2.334,2.443,2.297,2.352,629,0
20091106,2.334,2.352,2.279,2.279,1864,0
20091110,2.306,2.324,2.233,2.233,5485,0
20091111,2.261,2.297,2.188,2.252,1097,0
20091112,2.261,2.261,2.233,2.233,219,0
20091113,2.197,2.252,2.097,2.215,767,0
20091116,2.252,2.261,2.097,2.261,6636,0
20091117,2.224,2.261,2.17,2.215,2194,0
20091118,2.215,2.261,2.106,2.206,4629,0
20091119,2.17,2.215,2.106,2.16,1782,0
20091123,2.051,2.142,2.051,2.097,383,0
20091124,2.078,2.142,2.051,2.124,1488,0
20091125,2.024,2.051,2.024,2.051,1663,0
20091126,2.024,2.097,2.024,2.097,548,0
20091127,2.097,2.097,2.005,2.005,383,0
20091130,2.042,2.097,2.042,2.097,1976,0
20091201,2.033,2.097,2.015,2.051,767,0
20091204,2.051,2.115,2.005,2.069,2961,0
20091208,2.005,2.078,1.96,2.078,3570,0
20091210,1.951,2.051,1.951,2.015,257,0
20091211,2.024,2.024,1.96,1.96,630,0
20091217,1.878,2.051,1.878,2.051,3291,0
20091221,1.96,2.188,1.96,2.188,3071,0
20091222,2.042,2.188,2.042,2.106,15588,0
20091223,1.996,2.188,1.996,2.142,52931,0
20091228,2.297,2.37,2.188,2.37,12651,0
20091229,2.252,2.552,2.252,2.516,29219,0
20091230,2.388,2.461,2.242,2.37,7130,0
20100104,2.133,2.37,2.133,2.279,6944,0
20100106,2.165,2.37,2.165,2.37,6132,0
20100107,2.252,2.416,2.252,2.416,548,0
20100108,2.295,2.481,2.295,2.434,9379,0
20100111,2.33,2.461,2.33,2.452,4278,0
20100112,2.33,2.479,2.33,2.452,877,0
20100113,2.33,2.434,2.33,2.434,1206,0
20100114,2.313,2.489,2.313,2.479,3291,0
20100115,2.355,2.489,2.355,2.438,17974,0
20100118,2.295,2.46,2.295,2.46,12286,0
20100120,2.252,2.438,2.252,2.438,22236,0
20100121,2.295,2.598,2.295,2.598,41576,0
20100122,2.426,2.736,2.426,2.712,30639,0
20100125,2.598,2.908,2.598,2.871,9149,0
20100126,2.762,3.464,2.762,3.455,23311,0
20100127,3.282,3.418,2.963,3.054,15091,0
20100128,2.817,3.186,2.817,3.186,4552,0
20100129,3.026,3.19,2.917,2.918,5883,0
20100201,2.771,2.999,2.771,2.94,57,0
20100202,2.771,3.036,2.771,2.953,4618,0
20100203,2.808,3.081,2.808,2.963,5867,0
20100204,2.817,2.972,2.817,2.871,1804,0
20100205,2.726,2.926,2.689,2.689,12067,0
20100208,2.589,2.748,2.589,2.748,54,0
20100209,2.516,3.19,2.516,2.826,3400,0
20100210,2.689,2.881,2.644,2.881,1097,0
20100211,2.735,2.871,2.644,2.871,1206,0
20100212,2.726,3.19,2.726,3.19,548,0
20100215,2.653,3.19,2.644,2.735,9006,0
20100216,2.525,3.099,2.525,3.008,3620,0
20100217,2.862,3.2,2.862,3.099,658,0
20100218,2.99,3.282,2.917,3.19,2751,0
20100219,3.118,3.418,2.917,3.118,3400,0
20100222,3.209,3.373,2.917,3.177,109,0
20100225,3.127,3.236,3.026,3.026,548,0
20100226,2.871,3.172,2.844,2.981,603,0
20100301,2.944,3.099,2.844,2.972,778,0
20100302,2.899,3.09,2.735,2.912,2852,0
20100303,2.808,3.09,2.808,3.026,2687,0
20100304,2.835,3.874,2.835,3.646,8543,0
20100305,3.464,3.874,3.282,3.651,21568,0
20100308,3.651,4.376,3.345,3.76,2911,0
20100309,3.51,3.873,3.51,3.783,4360,0
20100310,3.592,3.809,3.592,3.715,7075,0
20100311,3.464,4.083,3.282,3.664,27920,0
20100315,3.464,4.102,3.464,3.92,6582,0
20100316,3.637,3.874,3.637,3.737,2540,0
20100317,3.683,4.101,3.683,4.006,5733,0
20100318,3.728,4.376,3.728,4.376,7515,0
20100319,3.901,4.148,3.901,4.107,3604,0
20100322,3.901,4.23,3.829,4.189,4010,0
20100323,3.938,4.558,3.938,4.262,12547,0
20100324,3.938,4.558,3.938,4.193,5320,0
20100325,4.157,4.262,4.157,4.157,164,0
20100326,3.947,4.262,3.646,4.252,1097,0
20100329,4.293,4.467,4.293,4.467,1251,0
20100330,4.248,5.652,4.248,4.968,20475,0
20100331,4.722,5.606,4.722,5.415,25048,0
20100401,5.114,5.561,5.114,5.365,9281,0
20100406,5.114,5.433,5.114,5.288,8732,0
20100407,5.023,5.46,5.023,5.314,7475,0
20100408,5.05,5.469,5.05,5.264,1897,0
20100409,4.941,5.433,4.558,4.786,21863,0
20100412,4.549,4.877,4.549,4.877,4687,0
20100413,4.503,4.831,4.43,4.494,2030,0
20100414,4.211,4.558,4.211,4.376,1946,0
20100415,4.157,4.467,4.148,4.148,3536,0
20100416,4.211,4.462,4.148,4.348,2391,0
20100419,4.239,4.913,4.239,4.831,23805,0
20100420,4.594,5.196,4.594,5.105,22587,0
20100421,4.941,5.196,4.922,5.014,21095,0
20100422,4.895,5.132,4.895,5.105,1755,0
20100423,4.767,5.195,4.767,5.082,11463,0
20100426,4.932,5.196,4.922,4.932,5364,0
20100427,4.685,4.967,4.685,4.831,5869,0
20100428,4.594,4.786,4.594,4.603,1316,0
20100429,4.549,4.922,4.549,4.558,5,0
20100430,4.676,4.877,4.376,4.467,636,0
20100503,4.631,4.904,4.631,4.831,1206,0
20100506,4.503,4.786,4.376,4.54,3499,0
20100507,4.54,4.54,4.011,4.193,3702,0
20100510,4.284,4.521,4.193,4.193,109,0
20100511,4.293,4.53,3.92,4.33,394,0
20100514,4.075,4.284,3.829,4.284,21,0
20100517,4.075,4.467,3.829,4.047,4887,0
20100518,4.066,4.328,3.92,3.92,2983,0
20100519,3.728,4.011,3.701,3.828,6748,0
20100520,3.637,3.829,3.601,3.601,3071,0
20100521,3.418,3.645,3.418,3.555,4772,0
20100524,3.382,3.601,3.382,3.601,534,0
20100526,3.4,3.582,3.4,3.417,383,0
20100527,3.245,3.537,3.245,3.537,1645,0
20100528,3.364,3.519,3.19,3.19,1098,0
20100601,3.345,3.51,3.345,3.391,2194,0
20100602,3.245,3.627,3.245,3.627,219,0
20100604,3.218,3.51,3.218,3.51,219,0
20100607,3.218,3.455,3.218,3.374,274,0
20100608,3.209,3.455,3.209,3.374,372,0
20100609,3.209,3.601,3.209,3.601,438,0
20100610,3.418,3.628,3.373,3.487,197,0
20100614,3.382,3.555,3.327,3.555,4497,0
20100615,3.382,3.554,3.282,3.4,2689,0
20100616,3.245,3.464,3.236,3.345,1755,0
20100617,3.181,3.282,3.054,3.191,2687,0
20100618,3.036,3.35,3.036,3.35,515,0
20100621,3.118,3.573,3.118,3.482,6373,0
20100622,3.309,3.35,3.209,3.259,7020,0
20100623,3.154,3.236,3.145,3.145,7218,0
20100624,3.036,3.19,3.036,3.19,3696,0
20100625,3.036,3.355,3.036,3.355,3642,0
20100629,3.2,3.237,3.19,3.237,121,0
20100630,3.072,3.5,3.072,3.464,7898,0
20100701,3.327,3.464,3.327,3.446,2084,0
20100702,3.273,3.645,3.273,3.555,20536,0
20100705,3.273,3.655,3.273,3.655,32,0
20100706,3.291,3.792,3.291,3.792,3323,0
20100707,3.555,3.792,3.555,3.692,3817,0
20100708,3.51,3.81,3.51,3.81,1097,0
20100709,3.382,3.728,3.382,3.728,2194,0
20100712,3.546,3.81,3.546,3.674,285,0
20100713,3.391,3.737,3.391,3.737,3839,0
20100714,3.51,3.953,3.51,3.953,6691,0
20100715,3.756,4.084,3.646,4.084,4804,0
20100716,3.883,4.284,3.883,4.011,4064,0
20100719,3.81,4.029,3.81,4.011,3861,0
20100720,3.81,4.011,3.81,3.874,2303,0
20100721,3.683,3.901,3.683,3.692,877,0
20100722,3.51,3.901,3.51,3.601,1042,0
20100723,3.71,4.102,3.373,4.102,9928,0
20100726,3.901,4.102,3.646,4.102,23827,0
20100727,3.901,4.102,3.901,4.102,3291,0
20100728,3.901,4.102,3.901,4.093,4746,0
20100729,3.901,4.102,3.901,3.965,1316,0
20100730,3.901,4.102,3.901,4.102,219,0
20100802,3.737,4.111,3.737,4.111,2742,0
20100803,3.892,4.102,3.829,4.011,263,0
20100804,3.81,4.056,3.81,3.92,2610,0
20100805,3.728,4.011,3.728,3.92,1097,0
20100806,3.728,4.011,3.646,3.92,1535,0
20100809,3.683,3.92,3.683,3.874,1042,0
20100810,3.637,4.038,3.637,4.011,5934,0
20100811,3.838,4.011,3.737,4.011,2358,0
20100812,3.592,4.002,3.592,4.002,2184,0
20100813,3.801,4.239,3.737,4.239,11573,0
20100816,3.901,4.239,3.901,4.148,6708,0
20100818,3.938,4.056,3.938,4.011,4966,0
20100819,3.81,4.138,3.81,4.056,1722,0
20100820,3.856,4.056,3.856,4.011,1097,0
20100823,3.81,4.193,3.81,4.011,1903,0
20100824,3.901,4.102,3.901,4.075,1097,0
20100825,3.81,4.075,3.81,4.029,1316,0
20100826,3.81,4.102,3.81,4.102,658,0
20100830,3.81,4.034,3.81,3.874,438,0
20100831,3.683,4.034,3.683,3.965,8995,0
20100901,3.81,4.034,3.646,3.874,4388,0
20100902,3.692,3.874,3.646,3.783,219,0
20100903,3.51,4.075,3.51,3.897,329,0
20100906,3.51,3.897,3.51,3.874,11738,0
20100909,3.555,3.829,3.555,3.829,3345,0
20100910,3.637,3.783,3.637,3.783,4113,0
20100913,3.592,4.093,3.592,3.865,11299,0
20100914,3.664,3.847,3.51,3.646,1645,0
20100915,3.555,3.829,3.51,3.555,548,0
20100916,3.382,3.646,3.382,3.646,2632,0
20100917,3.464,3.646,3.464,3.646,2151,0
20100921,3.464,3.646,3.464,3.555,1656,0
20100922,3.464,3.646,3.464,3.646,1371,0
20100923,3.464,3.646,3.464,3.556,82,0
20100924,3.382,3.646,3.382,3.601,1371,0
20100927,3.382,3.737,3.382,3.646,4936,0
20100928,3.418,3.646,3.418,3.623,10,0
20100929,3.382,3.646,3.382,3.623,54,0
20100930,3.382,3.737,3.382,3.646,3839,0
20101001,3.382,3.737,3.382,3.692,2325,0
20101004,3.51,3.829,3.51,3.715,219,0
20101005,3.464,3.783,3.464,3.783,2194,0
20101006,3.737,3.737,3.592,3.692,3326,0
20101007,3.555,3.874,3.555,3.828,3488,0
20101008,3.637,3.829,3.637,3.783,362,0
20101011,3.51,3.737,3.51,3.692,274,0
20101012,3.51,3.829,3.51,3.829,5880,0
20101013,3.555,3.829,3.555,3.829,1568,0
20101014,3.51,3.829,3.464,3.637,6437,0
20101015,3.382,3.829,3.382,3.829,782,0
20101018,3.464,3.692,3.464,3.692,219,0
20101019,3.51,3.708,3.464,3.692,44771,0
20101020,3.841,3.991,3.692,3.866,3537,0
20101021,3.682,3.866,3.552,3.692,3918,0
20101022,3.512,3.792,3.512,3.742,334,0
20101025,3.552,3.87,3.552,3.793,13234,0
20101026,3.602,3.87,3.592,3.691,21987,0
20101027,3.502,3.832,3.442,3.592,15259,0
20101028,3.323,3.632,3.323,3.442,8204,0
20101029,3.173,3.491,3.173,3.391,8988,0
20101101,3.083,3.243,2.993,2.993,19516,0
20101102,2.844,3.172,2.844,3.033,24899,0
20101103,2.884,3.113,2.884,3.013,47436,0
20101104,2.904,3.792,2.904,3.691,128527,0
20101105,3.502,3.792,3.441,3.441,125884,0
20101108,3.273,3.494,3.273,3.344,12912,0
20101109,3.173,3.392,3.173,3.392,11224,0
20101110,3.223,3.343,3.223,3.293,50,0
20101111,3.123,3.442,3.123,3.253,7243,0
20101112,3.133,3.293,3.133,3.163,4845,0
20101115,3.253,3.253,3.093,3.095,10052,0
20101116,3.033,3.253,3.033,3.153,3006,0
20101117,2.993,3.343,2.993,3.343,1904,0
20101118,3.176,3.472,3.176,3.368,13770,0
20101119,3.223,3.432,3.223,3.432,14895,0
20101122,3.261,3.442,3.261,3.442,5239,0
20101123,3.27,3.442,3.27,3.313,50,0
20101124,3.223,3.492,3.223,3.417,6178,0
20101125,3.223,3.442,3.223,3.442,963,0
20101126,3.271,3.442,3.271,3.363,501,0
20101129,3.147,3.442,3.147,3.383,8768,0
20101201,3.219,3.392,3.219,3.293,6125,0
20101202,3.138,3.392,3.138,3.392,4509,0
20101203,3.383,3.392,3.293,3.343,701,0
20101206,3.176,3.442,3.176,3.293,300,0
20101207,3.128,3.402,3.128,3.343,260,0
20101208,3.128,3.343,3.128,3.323,200,0
20101209,3.128,3.343,3.128,3.294,532,0
20101210,3.129,3.373,3.129,3.343,1012,0
20101213,3.204,3.442,3.204,3.442,2092,0
20101216,3.128,3.373,3.128,3.293,6764,0
20101217,3.204,3.383,3.204,3.343,300,0
20101220,3.214,3.343,3.053,3.08,19262,0
20101221,2.927,3.228,2.927,3.043,1182,0
20101222,3.032,3.183,2.993,2.993,16656,0
20101223,3.143,3.143,2.894,3.063,16725,0
20101227,2.768,3.033,2.768,2.992,1292,0
20101228,2.843,3.033,2.843,2.925,60,0
20101229,2.778,3.013,2.778,3.013,5121,0
20101230,2.778,3.013,2.778,2.963,1523,0
20110103,2.844,2.993,2.844,2.943,1333,0
20110104,2.749,2.953,2.749,2.953,501,0
20110105,2.806,2.983,2.806,2.983,527,0
20110106,2.797,2.993,2.797,2.993,3227,0
20110107,2.764,2.993,2.764,2.992,881,0
20110110,2.843,2.993,2.843,2.943,506,0
20110111,2.797,2.993,2.797,2.894,5,0
20110112,2.749,2.993,2.749,2.894,5215,0
20110113,2.749,2.993,2.749,2.983,2921,0
20110114,2.749,2.993,2.749,2.943,4023,0
20110117,2.844,2.953,2.844,2.943,6404,0
20110118,2.749,2.943,2.544,2.691,14814,0
20110119,2.749,2.749,2.494,2.599,19944,0
20110120,2.749,2.883,2.599,2.734,8458,0
20110121,2.749,2.934,2.645,2.924,10026,0
20110124,2.744,2.973,2.744,2.973,4675,0
20110125,2.744,2.874,2.744,2.843,79243,0
20110126,2.701,2.884,2.701,2.844,14785,0
20110127,2.702,3.169,2.702,3.043,45249,0
20110128,3.01,3.043,2.794,2.843,63970,0
20110131,2.701,2.894,2.694,2.694,7501,0
20110201,2.993,2.993,2.694,2.778,6313,0
20110202,2.639,2.794,2.639,2.794,4808,0
20110203,2.653,2.794,2.653,2.794,551,0
20110204,2.607,2.794,2.607,2.784,17147,0
20110207,2.607,2.924,2.607,2.924,11983,0
20110208,2.692,2.834,2.692,2.834,2138,0
20110209,2.654,2.992,2.654,2.992,19076,0
20110210,2.597,3.228,2.597,3.162,454441,0
20110211,3.004,3.293,3.004,3.083,16967,0
20110214,2.93,3.143,2.93,3.093,30154,0
20110215,2.915,3.113,2.915,3.072,54520,0
20110216,2.918,3.099,2.87,3.074,72131,0
20110217,2.92,3.08,2.92,3.03,46684,0
20110218,2.926,3.087,2.926,3.08,48105,0
20110221,2.926,3.08,2.926,3.04,67087,0
20110222,2.874,3.06,2.874,3.05,16010,0
20110223,2.905,3.09,2.905,3.09,26082,0
20110224,2.908,3.09,2.908,3.04,18215,0
20110225,2.898,3.23,2.898,3.23,59378,0
20110228,3.069,3.12,3.069,3.098,58443,0
20110301,2.931,3.1,2.931,3.1,12770,0
20110302,2.888,3.095,2.888,3.094,19738,0
20110303,2.939,3.47,2.939,3.368,40619,0
20110304,3.2,3.4,3.15,3.29,32553,0
20110307,3.05,3.2,3,3.06,52712,0
20110308,2.879,3.189,2.851,3,130534,0
20110309,2.85,2.98,2.82,2.84,68219,0
20110310,2.753,2.91,2.68,2.72,71847,0
20110311,2.584,2.849,2.584,2.755,50586,0
20110314,2.613,2.76,2.5,2.609,21720,0
20110315,2.479,2.649,2.14,2.4,70098,0
20110316,2.28,2.58,2.28,2.36,45694,0
20110317,2.242,2.6,2.242,2.55,22943,0
20110318,2.422,2.735,2.422,2.669,58738,0
20110321,2.527,2.72,2.527,2.65,59100,0
20110322,2.47,2.779,2.47,2.72,40307,0
20110323,2.584,2.705,2.584,2.7,67009,0
20110324,2.565,2.695,2.565,2.64,7250,0
20110325,2.471,2.661,2.352,2.6,30075,0
20110328,2.66,2.67,2.362,2.67,23790,0
20110329,2.345,2.699,2.345,2.699,3530,0
20110330,2.564,2.699,2.56,2.665,2820,0
20110331,2.545,2.675,2.545,2.675,1977,0
20110401,2.433,2.769,2.433,2.769,26903,0
20110404,2.631,2.82,2.6,2.617,2492,0
20110405,2.486,2.786,2.486,2.786,6800,0
20110406,2.518,2.795,2.518,2.75,31700,0
20110407,2.518,2.749,2.518,2.64,69961,0
20110408,2.603,2.739,2.58,2.65,11831,0
20110411,2.451,2.7,2.451,2.7,13610,0
20110412,2.537,2.657,2.537,2.59,23421,0
20110413,2.461,2.657,2.461,2.6,6200,0
20110414,2.423,2.64,2.423,2.54,25925,0
20110415,2.413,2.62,2.413,2.579,3735,0
20110418,2.38,2.59,2.38,2.495,20196,0
20110419,2.375,2.579,2.375,2.49,6030,0
20110420,2.366,2.65,2.366,2.53,27804,0
20110421,2.442,2.599,2.442,2.585,3000,0
20110426,2.422,2.599,2.422,2.599,10720,0
20110427,2.448,2.589,2.448,2.589,3705,0
20110428,2.404,2.7,2.404,2.7,50430,0
20110429,2.565,2.73,2.537,2.629,70838,0
20110502,2.555,2.65,2.5,2.65,36930,0
20110503,2.516,2.643,2.4,2.537,58498,0
20110504,2.375,2.539,2.36,2.43,18260,0
20110505,2.29,2.488,2.29,2.41,11005,0
20110506,2.28,2.45,2.28,2.45,42623,0
20110509,2.242,2.509,2.242,2.509,4110,0
20110510,2.384,2.509,2.333,2.432,9908,0
20110511,2.233,2.596,2.233,2.36,20001,0
20110512,2.44,2.477,2.323,2.477,5101,0
20110513,2.353,2.6,2.35,2.568,26785,0
20110516,2.375,2.57,2.375,2.529,3950,0
20110517,2.403,2.55,2.403,2.51,4090,0
20110518,2.5,2.55,2.42,2.48,56196,0
20110519,2.366,2.55,2.366,2.5,23561,0
20110520,2.375,2.53,2.375,2.4,43458,0
20110523,2.28,2.53,2.28,2.425,20650,0
20110524,2.299,2.489,2.299,2.37,5040,0
20110525,2.28,2.47,2.19,2.264,56819,0
20110526,2.091,2.34,2.091,2.252,34855,0
20110527,2.138,2.4,2.138,2.33,75070,0
20110530,2.107,2.394,2.107,2.31,28490,0
20110531,2.147,2.37,2.147,2.292,21892,0
20110601,2.138,2.339,2.138,2.302,13532,0
20110602,2.222,2.33,2.222,2.29,1600,0
20110603,2.29,2.3,2.138,2.29,6270,0
20110606,2.29,2.29,2.138,2.202,14135,0
20110607,2.09,2.25,2.09,2.229,32793,0
20110608,2.062,2.23,2.062,2.223,4000,0
20110609,2.062,2.223,2.062,2.218,30,0
20110610,2.166,2.25,2.151,2.228,1950,0
20110613,2.228,2.25,2.15,2.195,5,0
20110614,2.176,2.25,2.15,2.227,22039,0
20110615,2.185,2.35,2.151,2.303,34217,0
20110616,2.25,2.303,2.186,2.272,21556,0
20110617,2.244,2.28,2.15,2.157,13852,0
20110620,2.161,2.249,2.15,2.247,5,0
20110621,2.195,2.249,2.161,2.183,15,0
20110622,2.183,2.25,2.16,2.25,4350,0
20110623,2.196,2.287,2.16,2.246,8484,0
20110624,2.192,2.247,2.15,2.246,4150,0
20110627,2.246,2.246,2.151,2.151,6542,0
20110628,2.191,2.24,2.151,2.191,4760,0
20110629,2.135,2.229,2.11,2.135,8909,0
20110630,2.11,2.229,2.11,2.115,9516,0
20110701,2.107,2.23,2.107,2.107,545,0
20110704,2.22,2.299,2.126,2.141,11162,0
20110705,2.15,2.28,2.13,2.15,5233,0
20110706,2.146,2.2,2.13,2.146,3000,0
20110707,2.1,2.26,2.1,2.1,5302,0
20110708,2.2,2.26,2.141,2.2,360,0
20110711,2.252,2.32,2.14,2.151,5150,0
20110712,2.257,2.257,2.132,2.145,5154,0
20110713,2.14,2.23,2.088,2.16,6617,0
20110714,2.23,2.249,2.175,2.2,9985,0
20110715,2.214,2.25,2.1,2.104,14400,0
20110718,2.19,2.19,1.915,2.05,31362,0
20110719,1.997,2,1.8,1.902,55648,0
20110720,1.813,1.903,1.61,1.63,85670,0
20110721,1.69,1.794,1.688,1.745,61882,0
20110722,1.707,2.2,1.707,1.937,69010,0
20110725,1.93,2.099,1.91,1.93,20402,0
20110726,2.046,2.099,2.01,2.046,6380,0
20110727,2.01,2.099,1.891,2.01,11687,0
20110728,1.913,2.039,1.821,1.913,24817,0
20110729,1.815,1.88,1.75,1.815,46750,0
20110801,1.92,2.288,1.862,1.862,144409,0
20110802,2.068,2.168,2.011,2.068,9721,0
20110803,2.044,2.14,2.01,2.044,5040,0
20110804,2.09,2.25,2.08,2.088,97969,0
20110805,2.152,2.2,2.1,2.101,59154,0
20110808,2.2,2.24,2.039,2.147,8586,0
20110809,2.15,2.199,1.721,2.098,3306,0
20110810,2.1,2.16,1.941,2.049,25345,0
20110811,2.025,2.1,2,2.025,1595,0
20110812,2.025,2.08,1.976,1.976,4852,0
20110815,2.03,2.098,2,2,2520,0
20110816,2.02,2.099,1.97,1.971,21383,0
20110817,2.03,2.118,2,2.026,17850,0
20110818,2.048,2.1,1.91,2.021,74880,0
20110819,1.951,2.03,1.95,1.98,990,0
20110823,2.03,2.03,1.9,1.981,7725,0
20110824,1.91,1.99,1.86,1.875,2920,0
20110825,1.971,1.971,1.883,1.942,1000,0
20110826,1.883,1.98,1.825,1.83,11656,0
20110829,1.83,1.925,1.73,1.87,120,0
20110830,1.83,1.95,1.75,1.927,660,0
20110831,1.903,1.94,1.85,1.876,9344,0
20110901,1.842,1.92,1.84,1.897,1100,0
20110902,1.874,1.897,1.77,1.86,13186,0
20110905,1.82,1.87,1.67,1.745,21220,0
20110906,1.7,1.745,1.65,1.66,12500,0
20110907,1.62,1.77,1.6,1.764,5379,0
20110908,1.764,1.8,1.624,1.779,20,0
20110909,1.757,1.84,1.65,1.81,3353,0
20110912,1.81,1.81,1.66,1.7,4500,0
20110913,1.7,1.82,1.58,1.82,5267,0
20110914,1.78,1.888,1.71,1.844,6248,0
20110915,1.888,2,1.84,1.937,42918,0
20110916,1.937,2.1,1.84,2.03,46900,0
20110919,2.049,2.065,1.942,2.058,3600,0
20110920,2.058,2.098,1.97,2.06,4200,0
20110921,1.981,2.15,1.97,2.124,17709,0
20110922,2.124,2.2,2.02,2.18,37517,0
20110923,2.18,2.18,2.002,2.005,6950,0
20110926,2.005,2.1,1.957,2.1,2000,0
20110927,2.14,2.14,2.001,2.001,3050,0
20110928,1.953,2.159,1.95,2,2435,0
20110929,2,2.18,1.95,2.18,6479,0
20110930,2.127,2.18,1.99,2.1,3000,0
20111003,2.1,2.1,1.91,2.08,393,0
20111004,2.08,2.08,2,2.08,3005,0
20111005,2.08,2.08,1.96,2,500,0
20111007,2,2.03,1.95,1.991,2100,0
20111010,1.991,2.03,1.9,1.981,2170,0
20111011,1.981,2.03,1.911,2.016,1877,0
20111012,2.016,2.03,1.882,1.966,510,0
20111013,1.966,2.03,1.883,1.93,28910,0
20111014,1.883,1.975,1.86,1.925,9541,0
20111017,1.9,1.97,1.85,1.92,18970,0
20111018,1.92,2,1.83,1.89,10070,0
20111019,1.89,1.9,1.8,1.897,600,0
20111020,1.854,1.92,1.8,1.912,4962,0
20111021,1.874,1.92,1.8,1.912,1143,0
20111024,1.912,1.95,1.8,1.887,40,0
20111025,1.874,1.97,1.82,1.97,2640,0
20111026,1.922,1.97,1.85,1.97,180,0
20111027,1.922,1.97,1.85,1.97,1670,0
20111028,1.922,1.97,1.811,1.949,435,0
20111031,1.902,2,1.83,2,880,0
20111102,1.903,1.903,1.82,1.872,2875,0
20111103,1.827,2,1.8,1.955,15515,0
20111104,1.908,1.955,1.87,1.87,5577,0
20111109,1.895,1.92,1.827,1.882,25,0
20111110,1.882,1.92,1.827,1.882,1000,0
20111111,1.874,1.89,1.75,1.86,3300,0
20111114,1.86,1.89,1.79,1.796,5652,0
20111115,1.796,1.869,1.75,1.834,3306,0
20111116,1.834,1.9,1.75,1.86,1560,0
20111117,1.86,1.869,1.81,1.839,2055,0
20111118,1.795,1.883,1.762,1.883,286,0
20111121,1.86,1.892,1.757,1.854,2703,0
20111122,1.854,1.859,1.81,1.859,250,0
20111123,1.814,1.859,1.666,1.746,9435,0
20111124,1.746,1.78,1.6,1.7,12349,0
20111125,1.659,1.701,1.6,1.701,1010,0
20111128,1.701,1.779,1.6,1.779,4440,0
20111129,1.736,1.779,1.595,1.65,1710,0
20111130,1.65,1.7,1.6,1.675,1382,0
20111201,1.675,1.72,1.62,1.72,12744,0
20111202,1.72,1.72,1.6,1.659,4205,0
20111205,1.619,1.689,1.59,1.657,3205,0
20111207,1.669,1.689,1.57,1.571,9646,0
20111208,1.561,1.67,1.54,1.6,42092,0
20111209,1.57,1.6,1.525,1.59,3347,0
20111212,1.552,1.699,1.53,1.609,5460,0
20111213,1.607,1.607,1.51,1.583,10001,0
20111214,1.53,1.606,1.47,1.571,6913,0
20111215,1.6,1.604,1.349,1.45,60579,0
20111216,1.42,1.49,1.35,1.436,121110,0
20111219,1.394,1.436,1.31,1.402,2910,0
20111220,1.37,1.5,1.34,1.425,22364,0
20111221,1.425,1.502,1.397,1.502,10,0
20111222,1.47,1.5,1.42,1.435,9580,0
20111223,1.413,1.5,1.41,1.45,3402,0
20111227,1.45,1.5,1.39,1.429,758,0
20111228,1.429,1.5,1.386,1.443,4571,0
20111229,1.443,1.5,1.395,1.448,5,0
20111230,1.418,1.47,1.395,1.42,805,0
20120102,1.448,1.65,1.395,1.563,4302,0
20120103,1.532,1.65,1.51,1.597,12310,0
20120104,1.558,1.66,1.558,1.603,11305,0
20120105,1.603,1.708,1.56,1.708,7577,0
20120109,1.68,1.7,1.644,1.681,10,0
20120110,1.68,1.75,1.609,1.657,3565,0
20120111,1.657,1.695,1.615,1.675,1200,0
20120112,1.675,1.715,1.61,1.661,1555,0
20120113,1.661,1.708,1.62,1.685,810,0
20120116,1.649,1.7,1.62,1.684,10,0
20120117,1.709,1.849,1.66,1.681,62904,0
20120118,1.681,1.7,1.6,1.675,15775,0
20120119,1.675,1.74,1.638,1.704,5700,0
20120120,1.665,1.75,1.66,1.703,1020,0
20120123,1.703,1.703,1.66,1.67,6000,0
20120124,1.638,1.75,1.634,1.731,23587,0
20120125,1.731,1.781,1.7,1.748,10612,0
20120126,1.748,1.87,1.7,1.795,15454,0
20120127,1.795,1.869,1.69,1.818,9629,0
20120130,1.818,1.864,1.76,1.814,1002,0
20120131,1.814,1.881,1.75,1.81,5051,0
20120201,1.81,1.81,1.75,1.794,1191,0
20120202,1.754,1.849,1.75,1.751,1593,0
20120203,1.728,1.848,1.728,1.804,8505,0
20120206,1.762,1.937,1.75,1.818,14743,0
20120207,1.777,1.899,1.748,1.818,15623,0
20120208,1.78,1.9,1.75,1.865,32152,0
20120209,1.824,1.896,1.81,1.858,5510,0
20120210,1.858,1.869,1.781,1.825,6610,0
20120213,1.825,1.85,1.77,1.823,5,0
20120214,1.78,1.85,1.78,1.809,2015,0
20120215,1.809,1.85,1.77,1.817,5487,0
20120216,1.817,1.85,1.77,1.831,5,0
20120217,1.831,1.85,1.775,1.821,5,0
20120220,1.821,1.869,1.775,1.82,10,0
20120221,1.79,1.82,1.775,1.783,2305,0
20120222,1.783,1.8,1.755,1.777,4505,0
20120223,1.747,1.799,1.74,1.776,2242,0
20120224,1.754,1.8,1.754,1.799,5,0
20120227,1.799,1.8,1.743,1.775,3611,0
20120228,1.775,1.8,1.749,1.774,5,0
20120229,1.774,1.8,1.649,1.692,10160,0
20120301,1.692,1.692,1.51,1.603,26138,0
20120302,1.603,1.603,1.545,1.565,1815,0
20120305,1.565,1.599,1.528,1.567,2,0
20120306,1.54,1.599,1.536,1.554,2789,0
20120307,1.554,1.599,1.52,1.579,6989,0
20120308,1.579,1.674,1.53,1.6,3627,0
20120309,1.58,1.633,1.53,1.583,1102,0
20120312,1.583,1.6,1.54,1.584,2,0
20120313,1.584,1.6,1.533,1.58,227,0
20120314,1.58,1.6,1.55,1.58,20530,0
20120315,1.58,1.6,1.55,1.58,1010,0
20120316,1.564,1.6,1.55,1.58,1260,0
20120319,1.57,1.6,1.51,1.556,29897,0
20120320,1.53,1.6,1.5,1.578,40174,0
20120321,1.578,1.6,1.53,1.569,505,0
20120322,1.569,1.6,1.53,1.573,8399,0
20120323,1.573,1.6,1.505,1.574,17468,0
20120326,1.574,1.6,1.55,1.579,1602,0
20120327,1.57,1.6,1.567,1.575,17502,0
20120328,1.575,1.6,1.54,1.572,2,0
20120329,1.572,1.6,1.51,1.561,5602,0
20120330,1.561,1.6,1.51,1.573,10212,0
20120402,1.548,1.58,1.52,1.556,7200,0
20120403,1.556,1.58,1.53,1.553,5,0
20120404,1.553,1.58,1.516,1.559,6454,0
20120405,1.54,1.58,1.5,1.554,8920,0
20120410,1.554,1.59,1.5,1.564,7706,0
20120411,1.54,1.6,1.53,1.549,752,0
20120412,1.529,1.57,1.51,1.543,4107,0
20120413,1.518,1.569,1.51,1.521,2007,0
20120416,1.521,1.534,1.478,1.479,9804,0
20120417,1.479,1.57,1.41,1.556,385256,0
20120418,1.556,1.58,1.511,1.523,174024,0
20120419,1.5,1.58,1.47,1.555,200890,0
20120420,1.54,1.57,1.517,1.517,83300,0
20120423,1.488,1.545,1.47,1.545,22200,0
20120424,1.52,1.6,1.47,1.579,32663,0
20120425,1.579,1.581,1.551,1.551,100,0
20120427,1.509,1.57,1.5,1.542,304,0
20120430,1.51,1.57,1.5,1.55,1062,0
20120502,1.55,1.57,1.534,1.538,1005,0
20120503,1.538,1.6,1.5,1.585,37879,0
20120504,1.642,1.642,1.55,1.555,16132,0
20120507,1.555,1.597,1.4,1.411,21297,0
20120508,1.4,1.55,1.08,1.25,94291,0
20120509,1.191,1.234,1.11,1.176,47790,0
20120510,1.155,1.2,1.15,1.188,11050,0
20120511,1.16,1.259,1.159,1.202,25500,0
20120514,1.227,1.3,1.16,1.209,18874,0
20120515,1.19,1.27,1.155,1.155,39838,0
20120516,1.13,1.3,0.95,0.97,61393,0
20120517,0.955,1.12,0.955,1.052,18109,0
20120518,1.052,1.109,0.91,1.024,68453,0
20120521,1.067,1.067,0.98,1.017,74419,0
20120522,1.017,1.02,0.949,0.949,32085,0
20120523,0.989,1.039,0.88,1.015,58731,0
20120524,1.08,1.095,0.963,1.09,31633,0
20120525,0.995,1.12,0.995,1.037,54089,0
20120528,1.037,1.101,1.02,1.101,7000,0
20120529,1.09,1.152,1.072,1.137,25582,0
20120530,1.12,1.199,1.091,1.179,10715,0
20120531,1.157,1.265,1.131,1.265,76091,0
20120601,1.24,1.265,1.19,1.226,30996,0
20120604,1.225,1.379,1.17,1.344,57520,0
20120605,1.323,1.38,1.255,1.361,36190,0
20120606,1.34,1.361,1.308,1.343,14000,0
20120607,1.32,1.36,1.3,1.336,22100,0
20120611,1.38,1.42,1.31,1.42,7165,0
20120612,1.39,1.589,1.325,1.581,75681,0
20120613,1.59,1.59,1.5,1.566,46978,0
20120614,1.566,1.58,1.486,1.569,8390,0
20120615,1.569,1.569,1.48,1.515,5801,0
20120618,1.501,1.515,1.14,1.168,85658,0
20120619,1.18,1.235,1.12,1.2,38790,0
20120620,1.199,1.265,1.057,1.085,72969,0
20120621,1.06,1.082,0.95,0.975,154936,0
20120622,0.954,1.01,0.868,0.879,243988,0
20120625,0.86,0.989,0.86,0.94,85611,0
20120626,0.957,0.96,0.86,0.876,109237,0
20120627,0.86,0.899,0.703,0.789,233917,0
20120628,0.78,0.835,0.67,0.796,83448,0
20120629,0.796,0.89,0.76,0.827,45850,0
20120702,0.86,0.91,0.82,0.881,34329,0
20120703,0.866,0.976,0.866,0.959,34893,0
20120704,0.95,1.015,0.95,1.007,71177,0
20120705,0.957,1.004,0.957,1.001,78059,0
20120706,0.952,1.18,0.95,1.119,102515,0
20120709,1.129,1.2,1.121,1.18,69135,0
20120710,1.129,1.23,1.12,1.225,102907,0
20120711,1.225,1.345,1.1,1.217,85515,0
20120712,1.163,1.217,0.87,0.953,117870,0
20120713,0.955,1.1,0.95,1.022,40004,0
20120716,1.02,1.03,0.95,1.017,17675,0
20120717,1.02,1.119,1,1.038,27541,0
20120718,1.01,1.129,1.01,1.076,63711,0
20120719,1.05,1.114,1.05,1.065,44000,0
20120720,1.065,1.07,1.038,1.04,13094,0
20120723,1.04,1.05,1.011,1.047,5920,0
20120725,1.03,1.066,1.02,1.044,2000,0
20120726,1.044,1.05,1.011,1.042,23800,0
20120727,1.11,1.11,1.01,1.035,11130,0
20120730,1.035,1.06,1.01,1.049,6651,0
20120731,1.049,1.06,1.02,1.043,1830,0
20120801,1.043,1.06,1,1.023,14256,0
20120802,1.023,1.2,1,1.125,56324,0
20120803,1.125,1.15,1.05,1.056,15400,0
20120806,1.056,1.098,1.031,1.08,3400,0
20120807,1.08,1.083,1,1.083,2499,0
20120808,1.083,1.083,1.003,1.064,4502,0
20120810,1.097,1.097,0.974,1.09,18180,0
20120813,1.09,1.09,1.02,1.036,8005,0
20120814,1.036,1.07,1.01,1.04,4200,0
20120815,1.04,1.078,1,1.051,5415,0
20120817,1.03,1.053,1,1.042,4000,0
20120820,1.042,1.079,1,1.051,80588,0
20120821,1.03,1.15,1.02,1.055,130660,0
20120822,1.049,1.1,1.03,1.05,73686,0
20120823,1.039,1.077,1.007,1.042,65824,0
20120824,1.038,1.047,0.997,1.047,364,0
20120827,1.07,1.076,1.027,1.076,12353,0
20120828,1.05,1.076,1.048,1.048,25070,0
20120829,1.073,1.073,1.02,1.041,9605,0
20120830,1.052,1.06,1.018,1.041,3631,0
20120831,1.076,1.076,1.028,1.031,1850,0
20120903,1.031,1.049,1.008,1.04,7479,0
20120904,1.018,1.1,0.981,1.078,30498,0
20120905,1.065,1.17,1.049,1.049,75762,0
20120906,1.044,1.096,1.025,1.048,60054,0
20120907,1.048,1.09,1.005,1.035,44253,0
20120910,1.035,1.079,1,1.06,23383,0
20120911,1,1.06,1,1.041,150,0
20120912,1.041,1.05,1,1.035,5217,0
20120913,1.012,1.054,1.012,1.054,50,0
20120914,1.054,1.07,1,1.07,1050,0
20120917,1.07,1.07,1.026,1.054,4050,0
20120918,1.054,1.06,1.027,1.034,8350,0
20120919,0.991,1.046,0.991,1.035,14008,0
20120920,1.026,1.06,1.02,1.038,6800,0
20120921,1,1.059,1,1.028,8060,0
20120924,1.028,1.038,0.975,1.019,4150,0
20120925,1.01,1.037,0.99,1.007,5020,0
20120926,1.007,1.01,0.974,0.995,13400,0
20120927,0.995,1,0.96,0.988,10950,0
20120928,0.988,1.01,0.96,1,50707,0
20121001,1.043,1.075,0.96,1,6992,0
20121002,0.975,1.01,0.96,1.002,4010,0
20121003,1.002,1.01,0.977,0.996,500,0
20121004,0.996,1.01,0.977,0.998,5,0
20121005,0.98,1.01,0.977,1.006,50,0
20121008,1.006,1.022,0.98,1.009,644,0
20121009,1.002,1.009,0.982,0.999,50,0
20121010,0.999,1.009,0.966,0.997,8055,0
20121011,0.997,1.15,0.967,1.135,86576,0
20121012,1.149,1.165,1.096,1.132,79060,0
20121015,1.132,1.132,1.029,1.079,33855,0
20121016,1.055,1.079,1.03,1.06,11000,0
20121017,1.035,1.07,1.015,1.055,27300,0
20121018,1.031,1.09,1.011,1.041,20710,0
20121019,1.015,1.059,0.995,1.04,12305,0
20121022,1.04,1.059,0.995,1.051,4514,0
20121023,1.051,1.051,0.995,1.043,4350,0
20121024,1.043,1.05,0.998,1.042,105,0
20121025,1.018,1.05,0.999,1.038,14105,0
20121026,1.038,1.049,0.991,1.027,5755,0
20121029,1.027,1.05,0.99,1.048,11420,0
20121030,1.048,1.074,1.002,1.039,300,0
20121031,1.053,1.06,1.02,1.038,1080,0
20121101,1.007,1.1,0.993,1.048,14540,0
20121102,1.061,1.061,1.026,1.058,31358,0
20121105,1.058,1.075,1.027,1.049,30760,0
20121106,1.026,1.079,1.001,1.052,21490,0
20121107,1.05,1.05,1.021,1.041,54800,0
20121108,1.029,1.073,1.01,1.031,74790,0
20121109,1.02,1.031,0.92,0.994,220561,0
20121112,1,1.049,0.972,1.036,102697,0
20121113,1.007,1.06,0.987,1.04,89625,0
20121114,1.05,1.05,1.02,1.03,107548,0
20121115,1.03,1.068,1.005,1.062,85758,0
20121116,1.087,1.089,1.04,1.049,201409,0
20121119,1.105,1.146,1.036,1.085,562265,0
20121120,1.09,1.23,1.07,1.222,549773,0
20121121,1.215,1.219,1.13,1.159,227143,0
20121122,1.159,1.159,1.039,1.058,860293,0
20121123,1.052,1.13,1.031,1.06,312145,0
20121126,1.07,1.08,1.05,1.07,220267,0
20121127,1.06,1.076,1.04,1.052,263929,0
20121128,1.052,1.079,1.021,1.062,239092,0
20121129,1.081,1.1,1.041,1.086,308756,0
20121130,1.095,1.166,1.065,1.133,245062,0
20121203,1.149,1.149,1.075,1.103,505407,0
20121204,1.08,1.103,1.07,1.08,193080,0
20121205,1.089,1.09,1.02,1.026,299031,0
20121206,1.02,1.058,0.971,0.993,440334,0
20121207,0.971,1.068,0.96,1.056,447907,0
20121210,1.071,1.09,1.024,1.04,325227,0
20121211,1.02,1.08,1.014,1.05,112788,0
20121212,1.058,1.058,1.01,1.043,68724,0
20121213,1.043,1.049,0.985,0.995,207851,0
20121214,1.005,1.03,0.97,1.003,116377,0
20121217,1.011,1.04,0.973,1.026,144510,0
20121218,1.028,1.07,0.992,1.064,197866,0
20121219,1.07,1.086,1.032,1.058,54181,0
20121220,1.061,1.061,1.03,1.04,67703,0
20121221,1.031,1.059,1.02,1.04,51163,0
20121227,1.048,1.07,1.024,1.055,165862,0
20121228,1.01,1.06,1.01,1.05,109546,0
20130102,1.05,1.085,1.048,1.06,385691,0
20130103,1.04,1.06,0.999,1.008,87173,0
20130104,1.025,1.05,1.01,1.045,99477,0
20130107,1.05,1.06,1.03,1.055,148559,0
20130108,1.031,1.11,1.031,1.08,1193727,0
20130109,1.06,1.099,1.051,1.061,263298,0
20130110,1.04,1.146,1.04,1.078,752696,0
20130111,1.079,1.119,1.056,1.085,572985,0
20130114,1.08,1.113,1.08,1.085,353634,0
20130115,1.07,1.11,1.06,1.06,348922,0
20130116,1.07,1.08,1.04,1.06,141738,0
20130117,1.04,1.077,1.031,1.063,193631,0
20130118,1.035,1.065,1.003,1.046,250453,0
20130121,1.051,1.067,1.04,1.042,129844,0
20130122,1.042,1.054,1.01,1.035,203930,0
20130123,1.035,1.059,1.01,1.027,128701,0
20130124,1,1.057,1,1.033,71749,0
20130125,1.03,1.089,1,1.087,391289,0
20130128,1.08,1.083,1.047,1.07,303971,0
20130129,1.042,1.078,1.041,1.064,147384,0
20130130,1.074,1.074,1.034,1.067,86194,0
20130131,1.022,1.074,1.022,1.059,91330,0
20130201,1.029,1.09,1.029,1.08,319473,0
20130204,1.07,1.209,1.07,1.127,1953337,0
20130205,1.11,1.14,1.09,1.134,783882,0
20130206,1.138,1.194,1.115,1.185,1327037,0
20130207,1.198,1.3,1.17,1.285,2061748,0
20130208,1.294,1.34,1.26,1.289,900842,0
20130211,1.3,1.339,1.251,1.271,705912,0
20130212,1.28,1.296,1.218,1.279,644635,0
20130213,1.282,1.334,1.25,1.3,1146617,0
20130214,1.33,1.399,1.305,1.379,1093564,0
20130215,1.39,1.459,1.361,1.453,877392,0
20130218,1.495,1.5,1.431,1.5,1198359,0
20130219,1.5,1.637,1.48,1.61,1374106,0
20130220,1.571,1.649,1.43,1.544,1647976,0
20130221,1.529,1.574,1.46,1.5,1179177,0
20130222,1.538,1.555,1.461,1.461,639686,0
20130225,1.519,1.538,1.471,1.488,762034,0
20130226,1.499,1.499,1.428,1.465,608515,0
20130227,1.49,1.564,1.455,1.564,397394,0
20130228,1.49,1.58,1.49,1.58,465914,0
20130301,1.609,1.609,1.526,1.559,386933,0
20130304,1.52,1.55,1.459,1.488,438624,0
20130305,1.483,1.52,1.442,1.475,370335,0
20130306,1.48,1.488,1.28,1.347,1090687,0
20130307,1.321,1.425,1.32,1.399,509706,0
20130308,1.365,1.46,1.342,1.38,531749,0
20130311,1.343,1.514,1.343,1.514,316277,0
20130312,1.49,1.517,1.382,1.43,184937,0
20130313,1.411,1.47,1.386,1.47,142994,0
20130314,1.498,1.498,1.391,1.391,134210,0
20130315,1.438,1.45,1.39,1.45,261860,0
20130318,1.424,1.449,1.383,1.428,125142,0
20130319,1.449,1.449,1.38,1.41,84339,0
20130320,1.391,1.414,1.333,1.377,63927,0
20130321,1.418,1.449,1.351,1.435,325223,0
20130322,1.41,1.453,1.38,1.405,147753,0
20130325,1.35,1.46,1.35,1.41,351418,0
20130326,1.41,1.41,1.372,1.38,84540,0
20130327,1.41,1.41,1.33,1.358,287628,0
20130328,1.365,1.369,1.29,1.358,179097,0
20130402,1.341,1.369,1.243,1.317,424927,0
20130403,1.313,1.35,1.297,1.33,201835,0
20130404,1.329,1.369,1.291,1.353,125116,0
20130405,1.33,1.358,1.3,1.357,102029,0
20130408,1.349,1.36,1.3,1.3,142853,0
20130409,1.317,1.347,1.3,1.315,108769,0
20130410,1.291,1.401,1.291,1.401,459891,0
20130411,1.381,1.457,1.36,1.421,416956,0
20130412,1.46,1.479,1.38,1.385,344427,0
20130415,1.435,1.435,1.369,1.369,164421,0
20130416,1.38,1.429,1.351,1.375,78275,0
20130417,1.39,1.533,1.36,1.53,971497,0
20130418,1.528,1.535,1.459,1.461,213579,0
20130419,1.47,1.495,1.46,1.468,108231,0
20130422,1.473,1.572,1.473,1.565,286004,0
20130423,1.553,1.6,1.536,1.569,408383,0
20130424,1.53,1.56,1.48,1.48,309231,0
20130425,1.5,1.53,1.462,1.489,258285,0
20130426,1.491,1.52,1.4,1.435,365214,0
20130429,1.457,1.55,1.446,1.451,541256,0
20130430,1.48,1.495,1.4,1.439,240664,0
20130502,1.34,1.43,1.34,1.4,253362,0
20130503,1.449,1.449,1.342,1.342,193193,0
20130506,1.36,1.498,1.36,1.475,278077,0
20130507,1.43,1.49,1.42,1.461,300850,0
20130508,1.45,1.479,1.39,1.41,344665,0
20130509,1.41,1.43,1.39,1.41,31661,0
20130510,1.43,1.449,1.373,1.414,181684,0
20130513,1.373,1.415,1.354,1.367,338007,0
20130514,1.39,1.418,1.335,1.391,303038,0
20130515,1.39,1.42,1.34,1.351,205354,0
20130516,1.312,1.462,1.312,1.425,879497,0
20130517,1.413,1.42,1.36,1.36,203205,0
20130520,1.41,1.41,1.35,1.381,113327,0
20130521,1.387,1.398,1.34,1.34,262816,0
20130522,1.34,1.373,1.213,1.24,884172,0
20130523,1.231,1.269,1.156,1.234,1028753,0
20130524,1.221,1.245,1.171,1.239,356686,0
20130527,1.22,1.3,1.22,1.284,327455,0
20130528,1.271,1.331,1.24,1.273,340023,0
20130529,1.252,1.293,1.242,1.288,154183,0
20130530,1.279,1.341,1.263,1.341,150339,0
20130531,1.37,1.43,1.294,1.42,582343,0
20130603,1.414,1.428,1.34,1.352,177561,0
20130604,1.395,1.395,1.326,1.375,107723,0
20130605,1.34,1.388,1.34,1.34,49835,0
20130606,1.33,1.35,1.21,1.29,290510,0
20130607,1.302,1.35,1.252,1.299,238435,0
20130610,1.3,1.35,1.28,1.35,200804,0
20130611,1.34,1.424,1.282,1.296,135406,0
20130612,1.314,1.349,1.28,1.29,97572,0
20130613,1.32,1.32,1.27,1.287,49567,0
20130614,1.27,1.32,1.26,1.288,69501,0
20130617,1.32,1.32,1.26,1.315,82606,0
20130618,1.303,1.32,1.266,1.3,47466,0
20130619,1.295,1.32,1.276,1.312,43586,0
20130620,1.278,1.32,1.211,1.24,74103,0
20130621,1.232,1.3,1.222,1.271,47761,0
20130624,1.279,1.279,1.175,1.215,138186,0
20130625,1.184,1.29,1.17,1.255,283520,0
20130626,1.227,1.33,1.197,1.31,347026,0
20130627,1.337,1.337,1.21,1.239,769529,0
20130628,1.24,1.259,1.129,1.179,619451,0
20130701,1.194,1.2,1.14,1.179,161454,0
20130702,1.17,1.189,1.159,1.185,88452,0
20130703,1.18,1.19,1.152,1.152,100409,0
20130704,1.179,1.255,1.14,1.23,184844,0
20130705,1.19,1.204,1.141,1.152,201961,0
20130708,1.169,1.175,1.141,1.149,142905,0
20130709,1.14,1.15,0.99,1.016,1006246,0
20130710,1.057,1.11,1.001,1.084,389753,0
20130711,1.091,1.11,1.037,1.056,216173,0
20130712,1.055,1.091,1.025,1.032,178942,0
20130715,1.09,1.09,1.035,1.035,179540,0
20130716,1.07,1.07,1.026,1.032,97273,0
20130717,1.03,1.06,1.01,1.059,169454,0
20130718,1.04,1.07,0.981,0.994,203064,0
20130719,1.056,1.078,1.035,1.061,53010,0
20130722,1.069,1.15,1.01,1.119,301934,0
20130723,1.08,1.137,1.05,1.119,75792,0
20130724,1.065,1.11,1.031,1.079,110213,0
20130725,1.055,1.1,1.045,1.07,67924,0
20130726,1.06,1.08,1.043,1.054,67190,0
20130729,1.08,1.092,1.024,1.046,67222,0
20130730,1.045,1.084,1.034,1.084,131139,0
20130731,1.061,1.08,1.026,1.049,158169,0
20130801,1.03,1.083,1.02,1.031,205947,0
20130802,1.021,1.08,1.01,1.01,59157,0
20130805,1.02,1.049,0.855,0.99,1381275,0
20130806,1.03,1.06,0.95,0.979,689419,0
20130807,1.018,1.031,0.953,1.025,267092,0
20130808,1.01,1.061,0.98,1.021,309559,0
20130809,1,1.039,0.97,0.997,269827,0
20130812,1.018,1.04,0.998,1.028,188276,0
20130813,1,1.02,0.96,1.002,83561,0
20130814,1.039,1.149,1.001,1.116,1341611,0
20130815,1.129,1.136,1.075,1.11,300413,0
20130816,1.105,1.117,1.05,1.05,265188,0
20130819,1.055,1.103,1.038,1.055,157234,0
20130820,1.093,1.093,1.04,1.05,132317,0
20130821,1.03,1.164,1.023,1.126,403021,0
20130822,1.15,1.21,1.103,1.208,789054,0
20130823,1.23,1.289,1.18,1.265,523425,0
20130826,1.323,1.324,1.202,1.23,412765,0
20130827,1.249,1.255,1.179,1.194,386120,0
20130828,1.18,1.274,1.12,1.25,636915,0
20130829,1.235,1.27,1.188,1.248,357269,0
20130830,1.225,1.257,1.15,1.159,299696,0
20130902,1.183,1.238,1.149,1.15,314728,0
20130903,1.155,1.155,1.1,1.147,237993,0
20130904,1.12,1.147,1.005,1.04,255876,0
20130905,1.05,1.137,1.01,1.08,248161,0
20130906,1.139,1.145,1.07,1.14,158009,0
20130909,1.145,1.158,1.08,1.12,100904,0
20130910,1.13,1.148,1.09,1.12,110558,0
20130911,1.12,1.138,1.062,1.113,107640,0
20130912,1.12,1.12,1.064,1.095,187103,0
20130913,1.1,1.121,1.075,1.11,235873,0
20130916,1.057,1.149,1.057,1.13,243327,0
20130917,1.101,1.14,1.091,1.11,86270,0
20130918,1.114,1.135,1.079,1.09,85279,0
20130919,1.11,1.138,1.073,1.12,287861,0
20130920,1.1,1.12,1.076,1.09,91120,0
20130923,1.093,1.128,1.08,1.096,45148,0
20130924,1.091,1.117,1.08,1.081,128571,0
20130925,1.09,1.111,1.056,1.073,115307,0
20130926,1.097,1.194,1.026,1.188,612390,0
20130927,1.185,1.185,1.124,1.147,114433,0
20130930,1.11,1.153,1.105,1.12,55598,0
20131001,1.126,1.153,1.09,1.12,198517,0
20131002,1.136,1.137,1.08,1.13,87167,0
20131003,1.099,1.148,1.089,1.148,34125,0
20131004,1.14,1.169,1.12,1.15,118311,0
20131007,1.165,1.18,1.111,1.111,78634,0
20131008,1.119,1.15,1.101,1.124,67525,0
20131009,1.09,1.15,1.09,1.1,114251,0
20131010,1.123,1.189,1.1,1.164,128713,0
20131011,1.174,1.188,1.121,1.121,95313,0
20131014,1.131,1.15,1.124,1.13,57294,0
20131015,1.134,1.189,1.103,1.189,150794,0
20131016,1.188,1.188,1.136,1.14,42788,0
20131017,1.15,1.159,1.112,1.142,78163,0
20131018,1.143,1.164,1.11,1.125,117692,0
20131021,1.159,1.16,1.115,1.14,96473,0
20131022,1.138,1.165,1.12,1.16,68868,0
20131023,1.183,1.183,1.114,1.135,79176,0
20131024,1.124,1.169,1.113,1.121,80058,0
20131025,1.135,1.135,1.092,1.092,86626,0
20131028,1.11,1.133,1.092,1.1,186736,0
20131029,1.105,1.13,1.052,1.08,119822,0
20131030,1.098,1.129,1.04,1.061,250337,0
20131031,1.064,1.1,1.042,1.052,217147,0
20131101,1.09,1.13,0.98,1.089,175418,0
20131104,1.15,1.152,1.08,1.11,338165,0
20131105,1.09,1.14,1.08,1.08,102006,0
20131106,1.093,1.14,1.06,1.075,249163,0
20131107,1.075,1.133,1.046,1.123,281511,0
20131108,1.12,1.128,1.089,1.092,73159,0
20131111,1.128,1.145,1.085,1.139,241963,0
20131112,1.145,1.169,1.1,1.157,237090,0
20131113,1.16,1.179,1.099,1.177,119028,0
20131114,1.127,1.22,1.125,1.149,1081062,0
20131115,1.11,1.135,1.06,1.063,496524,0
20131118,1.07,1.093,0.862,0.971,3269261,0
20131119,0.97,1.02,0.89,0.89,625504,0
20131120,0.911,0.95,0.87,0.949,302048,0
20131121,0.94,0.991,0.89,0.991,610085,0
20131122,0.97,1.004,0.93,0.978,375071,0
20131125,0.971,1.047,0.97,1.02,450465,0
20131126,1.005,1.024,0.978,0.998,219328,0
20131127,0.996,1.04,0.985,1.001,295245,0
20131128,1.03,1.06,0.98,1.028,171228,0
20131129,1.056,1.06,1.006,1.039,59520,0
20131202,1.058,1.062,0.997,1.001,243733,0
20131203,1.011,1.037,0.97,0.999,194476,0
20131204,0.97,1.049,0.97,1.049,308667,0
20131205,1.01,1.081,1,1.081,310695,0
20131206,1.06,1.094,1.024,1.074,148942,0
20131209,1.04,1.055,1,1.01,94264,0
20131210,1.01,1.066,1.01,1.021,84327,0
20131211,1.01,1.063,1.01,1.03,82018,0
20131212,1.028,1.045,1,1,242138,0
20131213,1.01,1.046,1,1.014,89691,0
20131216,1.013,1.029,0.983,0.999,175617,0
20131217,1.009,1.023,0.888,0.95,624987,0
20131218,0.961,0.965,0.925,0.948,232636,0
20131219,0.915,0.961,0.915,0.94,222388,0
20131220,0.949,0.95,0.9,0.9,285708,0
20131223,0.91,0.939,0.9,0.9,117534,0
20131227,0.91,0.945,0.89,0.945,187839,0
20131230,0.95,0.975,0.912,0.938,140722,0
20140102,0.94,0.982,0.94,0.958,58016,0
20140103,0.929,0.97,0.929,0.97,39745,0
20140106,0.94,0.974,0.927,0.966,27883,0
20140107,0.966,0.97,0.934,0.969,74217,0
20140108,0.941,1.03,0.941,0.991,162093,0
20140109,1.029,1.03,0.974,1.01,187544,0
20140110,1.01,1.04,0.984,1.04,48841,0
20140113,1.01,1.024,1.008,1.019,105641,0
20140114,1.01,1.01,0.981,0.99,75996,0
20140115,0.985,1.02,0.985,1,130822,0
20140116,1.008,1.04,0.995,1.035,116964,0
20140117,1.12,1.22,1.117,1.187,2045782,0
20140120,1.22,1.26,1.12,1.12,592693,0
20140121,1.108,1.149,1.041,1.095,368127,0
20140122,1.07,1.134,1.07,1.11,217880,0
20140123,1.085,1.15,1.085,1.14,341363,0
20140124,1.149,1.165,1.1,1.12,291659,0
20140127,1.11,1.12,1.06,1.08,101497,0
20140128,1.099,1.115,1.055,1.093,67541,0
20140129,1.1,1.114,1.066,1.066,118729,0
20140130,1.065,1.139,1.065,1.103,231069,0
20140131,1.15,1.15,1.086,1.11,72261,0
20140203,1.07,1.135,1.07,1.108,98904,0
20140204,1.13,1.13,1.07,1.09,90836,0
20140205,1.06,1.133,1.06,1.133,149940,0
20140206,1.11,1.143,1.08,1.1,71009,0
20140207,1.095,1.121,1.078,1.121,65060,0
20140210,1.106,1.133,1.08,1.081,140818,0
20140211,1.08,1.12,1.072,1.091,91962,0
20140212,1.118,1.12,1.081,1.091,106742,0
20140213,1.106,1.118,1.077,1.116,208147,0
20140214,1.081,1.109,1.062,1.069,203544,0
20140217,1.109,1.109,1.05,1.065,105865,0
20140218,1.05,1.09,1.05,1.073,42811,0
20140219,1.05,1.084,1.05,1.051,125387,0
20140220,1.05,1.075,1.013,1.072,144228,0
20140221,1.063,1.075,1.03,1.053,40190,0
20140224,1.03,1.064,1.026,1.041,82931,0
20140225,1.045,1.063,1.02,1.02,112886,0
20140226,1.05,1.068,1.01,1.018,45950,0
20140227,1.08,1.08,1,1.01,163407,0
20140228,1.008,1.029,0.988,1.012,266138,0
20140303,0.995,1.012,0.911,0.946,265775,0
20140304,0.941,1.019,0.941,0.99,111883,0
20140305,0.99,1.058,0.97,1,426604,0
20140306,0.99,1.044,0.99,1.001,78434,0
20140307,1.03,1.045,0.99,1.013,166212,0
20140310,1.027,1.028,0.997,0.997,70142,0
20140311,0.993,1.03,0.993,1.02,46986,0
20140312,1.01,1.045,1,1.011,244975,0
20140313,1.03,1.03,0.95,0.967,36596,0
20140314,1.001,1.023,0.926,0.987,497892,0
20140317,0.985,1.02,0.96,1,78354,0
20140318,0.99,1.094,0.99,1.08,347336,0
20140319,1.12,1.12,0.985,1.027,280472,0
20140320,1.01,1.034,0.932,1.009,403195,0
20140321,1.02,1.02,0.953,0.966,127827,0
20140324,1.011,1.011,0.95,0.983,140536,0
20140325,0.93,0.995,0.93,0.963,218227,0
20140326,0.99,1.058,0.948,1.048,462387,0
20140327,1.01,1.062,0.983,0.983,188319,0
20140328,1.032,1.07,1.027,1.049,413655,0
20140331,1.053,1.087,1.035,1.08,180283,0
20140401,1.077,1.1,1.037,1.037,249636,0
20140402,1.037,1.089,1.037,1.04,100306,0
20140403,1.068,1.082,1.04,1.04,68157,0
20140404,1.03,1.069,1.03,1.057,115339,0
20140407,1.074,1.074,1.01,1.048,61271,0
20140408,1.03,1.05,0.984,1.044,359869,0
20140409,1,1.05,1,1.045,117187,0
20140410,1.017,1.05,1.003,1.011,59835,0
20140411,1.027,1.043,0.99,0.99,47931,0
20140414,1.044,1.044,0.989,1.008,52582,0
20140415,0.99,1.035,0.984,0.984,10886,0
20140416,1.012,1.034,0.989,1.02,38926,0
20140417,1.01,1.05,1.008,1.031,67479,0
20140422,1.055,1.058,1.011,1.02,194643,0
20140423,1.035,1.05,1.02,1.02,62027,0
20140424,1.02,1.05,1.01,1.04,141481,0
20140425,1.01,1.049,1.01,1.01,40681,0
20140428,1.049,1.05,0.99,0.99,27343,0
20140429,1.035,1.049,1,1.022,139440,0
20140430,1,1.049,1,1.002,53467,0
20140502,1.049,1.049,1.002,1.047,41263,0
20140505,1.034,1.035,1.005,1.008,20433,0
20140506,1.015,1.035,1.003,1.015,55196,0
20140507,1.035,1.035,1.015,1.015,58030,0
20140508,1.025,1.035,1.015,1.02,22624,0
20140509,1.025,1.034,1.015,1.023,60279,0
20140512,1.024,1.049,1.015,1.03,58589,0
20140513,1.035,1.049,1.006,1.012,137139,0
20140514,1.012,1.041,1.003,1.034,73743,0
20140515,1.048,1.05,0.996,1,205042,0
20140516,1.033,1.034,0.951,0.97,127350,0
20140519,0.962,1.034,0.937,0.95,86189,0
20140520,0.92,0.989,0.92,0.95,167973,0
20140521,0.941,1,0.941,0.95,247484,0
20140522,0.969,0.983,0.95,0.95,19483,0
20140523,0.952,1.002,0.95,0.95,101500,0
20140526,0.965,0.989,0.95,0.984,126635,0
20140527,0.968,0.984,0.915,0.931,113867,0
20140528,0.95,0.981,0.936,0.973,179186,0
20140529,0.97,0.989,0.941,0.962,8627,0
20140530,0.967,0.979,0.915,0.923,192351,0
20140602,0.94,0.958,0.91,0.92,98676,0
20140603,0.937,0.94,0.881,0.902,420901,0
20140604,0.909,0.924,0.874,0.891,242179,0
20140605,0.895,0.906,0.88,0.906,127599,0
20140606,0.902,0.91,0.88,0.88,140196,0
20140609,0.889,0.924,0.88,0.881,43036,0
20140610,0.89,0.899,0.81,0.83,403533,0
20140611,0.831,0.851,0.712,0.771,664975,0
20140612,0.8,0.81,0.771,0.78,179856,0
20140613,0.794,0.828,0.759,0.808,184622,0
20140616,0.848,0.848,0.77,0.781,235591,0
20140617,0.77,0.81,0.77,0.79,142374,0
20140618,0.79,0.804,0.77,0.776,223160,0
20140619,0.765,0.8,0.761,0.77,30194,0
20140620,0.801,0.801,0.763,0.775,105229,0
20140623,0.77,0.8,0.77,0.778,161520,0
20140624,0.775,0.8,0.736,0.736,349610,0
20140625,0.75,0.779,0.74,0.741,169135,0
20140626,0.763,0.79,0.709,0.753,165945,0
20140627,0.761,0.773,0.75,0.761,119069,0
20140630,0.77,0.808,0.755,0.768,474836,0
20140701,0.809,0.809,0.766,0.768,139237,0
20140702,0.776,0.786,0.763,0.766,129866,0
20140703,0.791,0.791,0.766,0.769,104590,0
20140704,0.788,0.789,0.766,0.779,68628,0
20140707,0.785,0.788,0.757,0.762,79478,0
20140708,0.766,0.785,0.751,0.751,141751,0
20140709,0.787,0.787,0.75,0.759,49357,0
20140710,0.751,0.78,0.75,0.76,44477,0
20140711,0.765,0.779,0.744,0.757,37439,0
20140714,0.757,0.779,0.74,0.775,80795,0
20140715,0.76,0.779,0.73,0.731,79504,0
20140716,0.749,0.768,0.666,0.708,321098,0
20140717,0.692,0.71,0.64,0.685,106325,0
20140718,0.665,0.71,0.623,0.637,209280,0
20140721,0.664,0.664,0.623,0.638,207338,0
20140722,0.65,0.93,0.531,0.926,2727469,0
20140723,0.903,0.921,0.751,0.761,761992,0
20140724,0.789,0.82,0.77,0.8,347377,0
20140725,0.8,0.806,0.717,0.759,199436,0
20140728,0.815,0.815,0.76,0.783,41635,0
20140729,0.785,0.79,0.75,0.75,14203,0
20140730,0.75,0.78,0.675,0.712,177465,0
20140731,0.72,0.729,0.625,0.676,212888,0
20140801,0.693,0.702,0.623,0.65,142888,0
20140804,0.67,0.69,0.649,0.678,97423,0
20140805,0.688,0.733,0.67,0.68,107960,0
20140806,0.68,0.729,0.68,0.694,10279,0
20140807,0.683,0.729,0.671,0.671,29541,0
20140808,0.704,0.727,0.671,0.68,33189,0
20140811,0.687,0.71,0.67,0.682,42220,0
20140812,0.694,0.719,0.671,0.7,18643,0
20140813,0.701,0.714,0.671,0.704,10038,0
20140814,0.716,0.716,0.69,0.691,21432,0
20140815,0.725,0.725,0.677,0.711,32522,0
20140818,0.71,0.73,0.683,0.714,83652,0
20140819,0.717,0.718,0.693,0.71,8000,0
20140820,0.71,0.735,0.706,0.71,65681,0
20140821,0.72,0.73,0.702,0.711,31020,0
20140822,0.71,0.73,0.706,0.717,13274,0
20140825,0.73,0.74,0.705,0.711,99411,0
20140826,0.725,0.748,0.708,0.739,53688,0
20140827,0.72,0.745,0.713,0.73,40349,0
20140828,0.727,0.737,0.683,0.683,127859,0
20140829,0.696,0.754,0.651,0.74,827299,0
20140901,0.736,0.752,0.65,0.653,416398,0
20140902,0.669,0.685,0.652,0.652,67821,0
20140903,0.652,0.683,0.652,0.683,125697,0
20140904,0.677,0.682,0.658,0.678,43926,0
20140905,0.664,0.69,0.66,0.683,208936,0
20140908,0.681,0.685,0.651,0.662,259000,0
20140909,0.67,0.69,0.661,0.673,142808,0
20140910,0.689,0.689,0.666,0.672,71853,0
20140911,0.68,0.682,0.669,0.67,32879,0
20140912,0.671,0.681,0.667,0.68,23193,0
20140915,0.73,0.73,0.67,0.67,25798,0
20140916,0.679,0.68,0.659,0.659,34600,0
20140917,0.664,0.678,0.65,0.665,8912,0
20140918,0.675,0.679,0.66,0.665,27080,0
20140919,0.67,0.679,0.651,0.652,25519,0
20140922,0.65,0.678,0.65,0.658,3099,0
20140923,0.663,0.675,0.651,0.66,17598,0
20140924,0.665,0.675,0.651,0.66,9250,0
20140925,0.67,0.678,0.653,0.67,69513,0
20140926,0.673,0.68,0.654,0.658,5062,0
20140929,0.675,0.675,0.651,0.651,45399,0
20140930,0.66,0.679,0.65,0.669,25800,0
20141001,0.684,0.684,0.653,0.653,13273,0
20141002,0.665,0.665,0.572,0.576,127242,0
20141006,0.6,0.65,0.445,0.52,910255,0
20141007,0.55,0.559,0.5,0.53,231101,0
20141008,0.53,0.6,0.404,0.6,589654,0
20141009,0.622,0.699,0.555,0.589,696432,0
20141010,0.639,0.639,0.52,0.55,154739,0
20141013,0.567,0.567,0.52,0.521,73599,0
20141014,0.511,0.588,0.511,0.53,139917,0
20141015,0.561,0.561,0.524,0.528,106467,0
20141016,0.522,0.55,0.51,0.514,123370,0
20141017,0.535,0.542,0.477,0.49,180511,0
20141020,0.509,0.515,0.477,0.49,41177,0
20141021,0.508,0.52,0.46,0.477,570108,0
20141022,0.47,0.512,0.465,0.467,54719,0
20141023,0.485,0.51,0.465,0.51,38178,0
20141024,0.493,0.512,0.47,0.477,55306,0
20141027,0.496,0.539,0.495,0.495,51155,0
20141028,0.52,0.53,0.495,0.495,97024,0
20141029,0.518,0.518,0.493,0.493,50063,0
20141030,0.518,0.518,0.465,0.479,55694,0
20141031,0.493,0.506,0.46,0.464,199101,0
20141103,0.485,0.529,0.46,0.52,176208,0
20141104,0.482,0.517,0.47,0.5,112638,0
20141105,0.507,0.53,0.491,0.51,117691,0
20141106,0.491,0.67,0.491,0.585,637558,0
20141107,0.595,0.63,0.57,0.589,176236,0
20141110,0.617,0.675,0.58,0.651,189451,0
20141111,0.67,0.734,0.64,0.7,287245,0
20141112,0.7,0.74,0.686,0.686,547785,0
20141113,0.73,0.88,0.7,0.85,177721,0
20141114,0.87,0.87,0.702,0.703,1175139,0
20141117,0.72,0.72,0.63,0.632,288710,0
20141118,0.655,0.689,0.631,0.674,321310,0
20141119,0.661,0.699,0.655,0.663,11170,0
20141120,0.681,0.7,0.66,0.664,30426,0
20141121,0.699,0.738,0.657,0.669,565753,0
20141124,0.695,0.738,0.67,0.673,217423,0
20141125,0.7,0.73,0.667,0.667,41177,0
20141126,0.683,0.7,0.643,0.659,46412,0
20141127,0.674,0.697,0.666,0.671,36181,0
20141128,0.681,0.695,0.673,0.692,15800,0
20141201,0.686,0.697,0.67,0.67,13700,0
20141202,0.686,0.7,0.672,0.673,71986,0
20141203,0.692,0.697,0.666,0.67,238000,0
20141204,0.683,0.735,0.671,0.695,171097,0
20141205,0.711,0.729,0.694,0.7,54228,0
20141208,0.715,0.73,0.699,0.699,92220,0
20141209,0.7,0.73,0.659,0.681,240409,0
20141210,0.704,0.82,0.68,0.712,97567,0
20141211,0.735,0.74,0.693,0.702,166768,0
20141212,0.692,0.73,0.69,0.69,120879,0
20141215,0.73,0.73,0.688,0.688,109500,0
20141216,0.69,0.725,0.685,0.685,98520,0
20141217,0.685,0.711,0.666,0.666,39796,0
20141218,0.7,0.7,0.653,0.653,359893,0
20141219,0.675,0.684,0.587,0.629,120583,0
20141222,0.639,0.639,0.585,0.592,62445,0
20141223,0.658,0.658,0.602,0.609,117619,0
20141229,0.637,0.639,0.595,0.595,61374,0
20141230,0.621,0.639,0.578,0.579,52199,0
20150102,0.608,0.633,0.591,0.598,15733,0
20150105,0.614,0.654,0.608,0.622,15311,0
20150106,0.612,0.632,0.612,0.613,8700,0
20150107,0.608,0.672,0.608,0.616,152139,0
20150108,0.645,0.687,0.611,0.64,61583,0
20150109,0.64,0.66,0.611,0.618,53951,0
20150112,0.64,0.678,0.598,0.598,114782,0
20150113,0.611,0.632,0.598,0.598,29489,0
20150114,0.619,0.639,0.596,0.596,84437,0
20150115,0.611,0.659,0.61,0.626,47294,0
20150116,0.631,0.656,0.612,0.616,59818,0
20150119,0.613,0.673,0.61,0.628,63380,0
20150120,0.656,0.669,0.633,0.635,45091,0
20150121,0.668,0.68,0.619,0.619,480116,0
20150122,0.634,0.68,0.621,0.658,58953,0
20150123,0.681,0.681,0.634,0.65,85825,0
20150126,0.67,0.689,0.616,0.629,126592,0
20150127,0.661,0.67,0.622,0.623,58600,0
20150128,0.661,0.661,0.619,0.619,118651,0
20150129,0.645,0.661,0.611,0.615,129483,0
20150130,0.644,0.661,0.605,0.605,77208,0
20150202,0.636,0.654,0.619,0.65,426580,0
20150203,0.63,0.65,0.598,0.626,262144,0
20150204,0.626,0.635,0.591,0.6,250942,0
20150205,0.614,0.624,0.6,0.6,145494,0
20150206,0.615,0.618,0.6,0.6,181966,0
20150209,0.621,0.621,0.585,0.585,132705,0
20150210,0.614,0.614,0.584,0.584,22600,0
20150211,0.611,0.639,0.592,0.592,95217,0
20150212,0.597,0.627,0.597,0.598,21230,0
20150213,0.614,0.65,0.607,0.607,63169,0
20150216,0.631,0.666,0.611,0.635,53772,0
20150217,0.615,0.652,0.615,0.626,52023,0
20150218,0.636,0.658,0.625,0.625,57049,0
20150219,0.641,0.656,0.635,0.635,31539,0
20150220,0.641,0.689,0.641,0.656,141813,0
20150223,0.66,0.68,0.641,0.648,203550,0
20150224,0.67,0.67,0.638,0.638,28837,0
20150225,0.641,0.667,0.636,0.636,81077,0
20150226,0.641,0.67,0.641,0.641,163580,0
20150227,0.67,0.68,0.64,0.64,212648,0
20150302,0.667,0.672,0.644,0.644,21900,0
20150303,0.66,0.742,0.66,0.686,326754,0
20150304,0.683,0.748,0.68,0.695,86901,0
20150305,0.686,0.742,0.684,0.717,34113,0
20150306,0.709,0.738,0.701,0.704,22198,0
20150309,0.709,0.758,0.704,0.704,65070,0
20150310,0.693,0.73,0.692,0.692,45736,0
20150311,0.709,0.73,0.699,0.699,38909,0
20150312,0.707,0.739,0.707,0.707,290736,0
20150313,0.71,0.749,0.71,0.728,85874,0
20150316,0.741,0.78,0.715,0.75,161914,0
20150317,0.771,0.776,0.689,0.689,102760,0
20150318,0.711,0.74,0.692,0.717,17600,0
20150319,0.73,0.77,0.716,0.76,38258,0
20150320,0.741,0.76,0.734,0.738,21800,0
20150323,0.763,0.78,0.734,0.741,69757,0
20150324,0.741,0.778,0.741,0.749,49563,0
20150325,0.769,0.889,0.742,0.823,382123,0
20150326,0.83,0.858,0.814,0.818,140687,0
20150327,0.829,0.884,0.82,0.84,234543,0
20150330,0.882,0.961,0.829,0.935,1284240,0
20150331,0.96,0.98,0.809,0.841,817546,0
20150401,0.821,0.86,0.78,0.798,394259,0
20150402,0.82,0.858,0.792,0.825,207504,0
20150407,0.85,0.888,0.84,0.879,88762,0
20150408,0.88,0.888,0.863,0.863,53329,0
20150409,0.88,0.885,0.863,0.879,128415,0
20150410,0.87,0.88,0.86,0.87,117065,0
20150413,0.869,0.869,0.831,0.844,92629,0
20150414,0.831,0.85,0.813,0.814,68518,0
20150415,0.84,0.848,0.826,0.847,11168,0
20150416,0.847,0.847,0.841,0.841,5300,0
20150417,0.85,0.85,0.831,0.832,8000,0
20150420,0.85,0.85,0.819,0.82,43694,0
20150421,0.821,0.823,0.79,0.814,178872,0
20150422,0.823,0.83,0.79,0.791,83197,0
20150423,0.83,0.83,0.78,0.78,74208,0
20150424,0.78,0.8,0.75,0.79,116328,0
20150427,0.8,0.8,0.752,0.76,72150,0
20150428,0.79,0.79,0.752,0.753,69988,0
20150429,0.758,0.777,0.75,0.75,63682,0
20150430,0.75,0.77,0.75,0.77,43012,0
20150504,0.755,0.813,0.755,0.813,35530,0
20150505,0.8,0.801,0.78,0.79,28295,0
20150506,0.795,0.795,0.776,0.78,18557,0
20150507,0.78,0.78,0.765,0.775,59564,0
20150508,0.755,0.784,0.755,0.77,10034,0
20150511,0.772,0.782,0.76,0.782,12000,0
20150512,0.76,0.76,0.76,0.76,11454,0
20150513,0.751,0.758,0.75,0.757,63211,0
20150514,0.73,0.75,0.721,0.75,20980,0
20150515,0.75,0.75,0.712,0.718,28813,0
20150518,0.72,0.755,0.72,0.73,29281,0
20150519,0.73,0.739,0.71,0.725,33100,0
20150520,0.737,0.74,0.737,0.74,10000,0
20150521,0.716,0.723,0.716,0.72,1404,0
20150522,0.726,0.726,0.725,0.725,3200,0
20150526,0.73,0.789,0.73,0.76,38802,0
20150527,0.788,0.788,0.75,0.75,8679,0
20150528,0.74,0.789,0.73,0.785,243250,0
20150529,0.79,0.806,0.78,0.806,105257,0
20150601,0.849,0.849,0.82,0.84,205487,0
20150602,0.838,0.848,0.811,0.829,129541,0
20150603,0.828,0.828,0.782,0.799,37698,0
20150604,0.791,0.791,0.75,0.759,77397,0
20150605,0.75,0.779,0.75,0.75,33716,0
20150608,0.775,0.804,0.751,0.804,40420,0
20150609,0.81,0.82,0.741,0.774,40118,0
20150610,0.751,0.751,0.735,0.748,53610,0
20150611,0.77,0.771,0.76,0.771,23045,0
20150612,0.769,0.769,0.76,0.765,35090,0
20150615,0.779,0.794,0.749,0.749,40830,0
20150616,0.769,0.769,0.74,0.74,12393,0
20150617,0.741,0.768,0.739,0.739,9522,0
20150618,0.75,0.76,0.719,0.719,65598,0
20150619,0.739,0.778,0.739,0.769,36350,0
20150622,0.779,0.779,0.723,0.77,20253,0
20150623,0.741,0.746,0.74,0.745,50609,0
20150624,0.737,0.77,0.734,0.734,65831,0
20150625,0.75,0.758,0.715,0.754,54960,0
20150626,0.716,0.74,0.716,0.723,35875,0
20150629,0.715,0.715,0.621,0.652,158984,0
20150630,0.67,0.709,0.67,0.695,21720,0
20150701,0.67,0.68,0.67,0.68,10079,0
20150702,0.69,0.699,0.688,0.699,31955,0
20150703,0.673,0.698,0.673,0.681,14945,0
20150706,0.674,0.68,0.674,0.68,1000,0
20150707,0.675,0.694,0.66,0.66,25889,0
20150708,0.633,0.69,0.595,0.69,57357,0
20150709,0.631,0.679,0.631,0.675,32470,0
20150710,0.685,0.693,0.666,0.666,30110,0
20150713,0.692,0.692,0.64,0.64,29776,0
20150714,0.655,0.686,0.655,0.686,8980,0
20150715,0.681,0.688,0.653,0.685,24989,0
20150716,0.662,0.683,0.66,0.662,17087,0
20150717,0.665,0.665,0.64,0.641,91759,0
20150720,0.642,0.642,0.621,0.621,12020,0
20150721,0.67,0.67,0.62,0.627,102219,0
20150722,0.659,0.659,0.62,0.627,99309,0
20150723,0.63,0.63,0.616,0.628,77623,0
20150724,0.637,0.637,0.612,0.612,15000,0
20150727,0.635,0.635,0.602,0.602,46901,0
20150728,0.647,0.66,0.622,0.647,220572,0
20150729,0.649,0.65,0.62,0.62,85191,0
20150730,0.63,0.645,0.62,0.63,41879,0
20150731,0.625,0.643,0.619,0.619,14314,0
20150803,0.633,0.633,0.6,0.6,38741,0
20150804,0.624,0.624,0.585,0.6,13857,0
20150805,0.617,0.617,0.596,0.6,8962,0
20150806,0.6,0.611,0.599,0.6,134590,0
20150807,0.596,0.599,0.595,0.595,13572,0
20150810,0.6,0.601,0.6,0.6,7768,0
20150811,0.61,0.61,0.58,0.599,27182,0
20150812,0.61,0.632,0.58,0.589,20380,0
20150813,0.6,0.6,0.57,0.57,39540,0
20150814,0.61,0.61,0.571,0.59,13530,0
20150817,0.591,0.596,0.57,0.596,49481,0
20150818,0.563,0.598,0.555,0.575,69211,0
20150819,0.585,0.587,0.555,0.566,40014,0
20150820,0.57,0.61,0.57,0.58,37722,0
20150821,0.58,0.589,0.551,0.551,46041,0
20150824,0.55,0.573,0.5,0.502,78411,0
20150825,0.537,0.576,0.537,0.565,52064,0
20150826,0.552,0.562,0.5,0.52,111652,0
20150827,0.549,0.549,0.52,0.54,58552,0
20150828,0.549,0.598,0.549,0.569,62919,0
20150831,0.525,0.561,0.525,0.54,24085,0
20150901,0.537,0.537,0.514,0.514,40503,0
20150902,0.514,0.544,0.5,0.503,65413,0
20150903,0.504,0.548,0.504,0.52,32536,0
20150904,0.52,0.537,0.52,0.52,12292,0
20150907,0.522,0.548,0.522,0.522,31841,0
20150908,0.51,0.547,0.51,0.511,23146,0
20150909,0.544,0.544,0.485,0.5,117553,0
20150910,0.527,0.529,0.515,0.518,25170,0
20150911,0.51,0.51,0.51,0.51,27,0
20150914,0.51,0.518,0.51,0.518,9417,0
20150915,0.503,0.53,0.501,0.503,10790,0
20150916,0.51,0.528,0.5,0.501,32349,0
20150917,0.509,0.529,0.5,0.5,16669,0
20150918,0.501,0.512,0.501,0.504,25000,0
20150921,0.505,0.519,0.505,0.505,13626,0
20150922,0.5,0.5,0.435,0.47,114334,0
20150923,0.48,0.5,0.46,0.462,37856,0
20150924,0.47,0.47,0.451,0.451,44017,0
20150925,0.451,0.479,0.45,0.45,173520,0
20150928,0.47,0.486,0.47,0.47,62522,0
20150929,0.451,0.469,0.441,0.444,12082,0
20150930,0.474,0.474,0.45,0.46,33123,0
20151001,0.474,0.489,0.46,0.46,10450,0
20151002,0.486,0.49,0.479,0.49,52400,0
20151005,0.53,0.53,0.483,0.5,59234,0
20151006,0.505,0.52,0.5,0.513,28283,0
20151007,0.495,0.55,0.495,0.522,79331,0
20151008,0.514,0.563,0.514,0.522,21687,0
20151009,0.52,0.575,0.52,0.535,132362,0
20151012,0.55,0.589,0.55,0.57,93085,0
20151013,0.552,0.62,0.552,0.6,149414,0
20151014,0.605,0.678,0.604,0.631,120776,0
20151015,0.668,0.69,0.64,0.664,111310,0
20151016,0.651,0.66,0.621,0.622,53267,0
20151019,0.62,0.669,0.62,0.63,21325,0
20151020,0.63,0.63,0.605,0.629,105084,0
20151021,0.601,0.619,0.6,0.601,35718,0
20151022,0.61,0.61,0.591,0.61,72625,0
20151023,0.602,0.61,0.56,0.59,49229,0
20151026,0.597,0.609,0.57,0.597,34997,0
20151027,0.668,0.669,0.581,0.581,288651,0
20151028,0.58,0.608,0.58,0.581,48036,0
20151029,0.59,0.608,0.59,0.59,76416,0
20151030,0.58,0.608,0.58,0.59,13127,0
20151102,0.598,0.604,0.59,0.59,38385,0
20151103,0.584,0.591,0.583,0.583,22135,0
20151104,0.585,0.59,0.58,0.59,33947,0
20151105,0.59,0.6,0.581,0.6,45949,0
20151106,0.602,0.605,0.59,0.595,32823,0
20151109,0.6,0.6,0.58,0.58,47974,0
20151110,0.581,0.599,0.576,0.576,33602,0
20151111,0.581,0.589,0.563,0.563,17744,0
20151112,0.58,0.58,0.571,0.575,18000,0
20151113,0.566,0.59,0.56,0.59,69165,0
20151116,0.604,0.604,0.565,0.6,64281,0
20151117,0.6,0.605,0.59,0.604,9927,0
20151118,0.6,0.638,0.581,0.63,115819,0
20151119,0.63,0.647,0.61,0.61,41802,0
20151120,0.627,0.63,0.605,0.613,40219,0
20151123,0.62,0.64,0.62,0.635,69258,0
20151124,0.621,0.635,0.606,0.606,20030,0
20151125,0.63,0.685,0.63,0.66,426213,0
20151126,0.68,0.749,0.68,0.713,206070,0
20151127,0.744,0.75,0.718,0.748,115490,0
20151130,0.75,0.797,0.708,0.77,160836,0
20151201,0.785,0.798,0.74,0.77,97492,0
20151202,0.788,0.788,0.74,0.755,47778,0
20151203,0.749,0.749,0.7,0.738,206966,0
20151204,0.725,0.74,0.72,0.72,56540,0
20151207,0.73,0.788,0.73,0.77,219965,0
20151208,0.751,0.782,0.75,0.75,62092,0
20151209,0.75,0.77,0.743,0.755,18741,0
20151210,0.755,0.755,0.727,0.727,37694,0
20151211,0.74,0.744,0.723,0.723,5707,0
20151214,0.722,0.73,0.715,0.715,21515,0
20151215,0.728,0.728,0.69,0.715,53561,0
20151216,0.71,0.727,0.71,0.71,14981,0
20151217,0.705,0.727,0.705,0.705,51823,0
20151218,0.705,0.738,0.705,0.738,6789,0
20151221,0.733,0.75,0.73,0.75,219349,0
20151222,0.715,0.763,0.702,0.74,44094,0
20151223,0.734,0.737,0.705,0.737,33984,0
20151228,0.707,0.738,0.701,0.738,18978,0
20151229,0.71,0.73,0.703,0.703,16121,0
20151230,0.703,0.726,0.66,0.716,61750,0
20160104,0.7,0.719,0.658,0.661,81031,0
20160105,0.68,0.731,0.67,0.68,56936,0
20160106,0.66,0.696,0.66,0.679,36972,0
20160107,0.663,0.663,0.582,0.615,138368,0
20160108,0.615,0.648,0.562,0.587,116260,0
20160111,0.58,0.588,0.551,0.57,144021,0
20160112,0.575,0.578,0.56,0.56,44330,0
20160113,0.599,0.605,0.59,0.601,96073,0
20160114,0.591,0.61,0.59,0.605,34872,0
20160115,0.6,0.605,0.6,0.605,14473,0
20160118,0.571,0.636,0.571,0.636,28246,0
20160119,0.635,0.635,0.598,0.598,21810,0
20160120,0.6,0.631,0.6,0.62,10388,0
20160121,0.619,0.619,0.619,0.619,10000,0
20160122,0.588,0.6,0.581,0.581,18591,0
20160125,0.58,0.6,0.58,0.598,15213,0
20160126,0.599,0.6,0.59,0.595,24505,0
20160127,0.6,0.6,0.58,0.58,38850,0
20160128,0.58,0.583,0.569,0.583,31510,0
20160129,0.572,0.575,0.56,0.57,81765,0
20160201,0.56,0.598,0.56,0.57,34796,0
20160202,0.584,0.585,0.56,0.56,27598,0
20160203,0.561,0.562,0.491,0.547,98224,0
20160204,0.554,0.575,0.55,0.55,14871,0
20160205,0.574,0.574,0.55,0.569,21587,0
20160208,0.54,0.56,0.54,0.56,5838,0
20160209,0.501,0.53,0.49,0.501,46629,0
20160210,0.51,0.515,0.48,0.48,77831,0
20160211,0.485,0.529,0.46,0.47,62327,0
20160212,0.47,0.543,0.47,0.51,17493,0
20160215,0.549,0.55,0.52,0.52,6746,0
20160216,0.52,0.544,0.52,0.54,33397,0
20160217,0.53,0.57,0.522,0.563,57213,0
20160218,0.569,0.601,0.554,0.57,90940,0
20160219,0.57,0.603,0.57,0.59,40163,0
20160222,0.572,0.603,0.556,0.59,120622,0
20160223,0.59,0.63,0.59,0.62,203605,0
20160224,0.629,0.629,0.6,0.6,21372,0
20160225,0.63,0.64,0.61,0.615,406142,0
20160226,0.628,0.628,0.605,0.609,372115,0
20160229,0.615,0.615,0.58,0.615,113420,0
20160301,0.591,0.611,0.591,0.611,31648,0
20160302,0.609,0.61,0.595,0.608,103873,0
20160303,0.608,0.615,0.589,0.6,431348,0
20160304,0.603,0.614,0.59,0.6,505555,0
20160307,0.614,0.614,0.58,0.583,134798,0
20160308,0.595,0.595,0.594,0.594,4772,0
20160309,0.587,0.595,0.574,0.595,9737,0
20160310,0.584,0.59,0.58,0.584,47254,0
20160311,0.574,0.585,0.57,0.571,30281,0
20160314,0.594,0.595,0.573,0.594,70452,0
20160315,0.59,0.594,0.59,0.593,4785,0
20160316,0.599,0.6,0.579,0.579,51924,0
20160317,0.59,0.595,0.572,0.585,177578,0
20160318,0.585,0.595,0.58,0.59,98554,0
20160321,0.595,0.595,0.585,0.585,3801,0
20160322,0.58,0.609,0.573,0.609,132619,0
20160323,0.609,0.61,0.595,0.6,147010,0
20160324,0.599,0.599,0.58,0.589,121135,0
20160329,0.585,0.593,0.584,0.585,98891,0
20160330,0.583,0.592,0.58,0.583,149523,0
20160331,0.585,0.59,0.572,0.589,20730,0
20160401,0.61,0.647,0.606,0.607,628273,0
20160404,0.62,0.62,0.572,0.599,59382,0
20160405,0.58,0.6,0.58,0.585,59393,0
20160406,0.582,0.589,0.579,0.588,45737,0
20160407,0.58,0.588,0.58,0.58,27858,0
20160408,0.571,0.59,0.57,0.571,88865,0
20160411,0.573,0.589,0.564,0.565,95974,0
20160412,0.57,0.587,0.57,0.587,5613,0
20160413,0.588,0.588,0.57,0.571,98247,0
20160414,0.58,0.588,0.573,0.573,52254,0
20160415,0.577,0.59,0.577,0.58,62328,0
20160418,0.575,0.585,0.572,0.575,133473,0
20160419,0.585,0.59,0.585,0.585,46317,0
20160420,0.58,0.585,0.56,0.562,171837,0
20160421,0.562,0.565,0.5,0.535,359427,0
20160422,0.555,0.575,0.555,0.555,17904,0
20160425,0.56,0.58,0.56,0.58,82801,0
20160426,0.579,0.58,0.541,0.542,126059,0
20160427,0.57,0.57,0.56,0.57,33041,0
20160428,0.55,0.569,0.55,0.555,12259,0
20160429,0.56,0.564,0.55,0.56,54826,0
20160502,0.57,0.579,0.545,0.55,14799,0
20160503,0.551,0.56,0.55,0.55,4871,0
20160504,0.559,0.559,0.541,0.541,6757,0
20160505,0.541,0.569,0.531,0.541,8620,0
20160506,0.568,0.568,0.558,0.56,7631,0
20160509,0.56,0.56,0.55,0.56,12238,0
20160510,0.559,0.57,0.551,0.57,8180,0
20160511,0.55,0.569,0.54,0.558,46703,0
20160512,0.544,0.555,0.54,0.545,108139,0
20160513,0.559,0.56,0.54,0.55,116744,0
20160517,0.561,0.587,0.516,0.522,281951,0
20160518,0.53,0.53,0.465,0.49,350309,0
20160519,0.49,0.499,0.49,0.49,16252,0
20160520,0.514,0.514,0.497,0.513,135657,0
20160523,0.5,0.514,0.5,0.514,9761,0
20160524,0.5,0.513,0.5,0.5,6963,0
20160525,0.517,0.524,0.46,0.52,87305,0
20160526,0.52,0.524,0.52,0.522,18402,0
20160527,0.533,0.551,0.53,0.544,47308,0
20160530,0.529,0.549,0.505,0.524,37982,0
20160531,0.532,0.56,0.53,0.545,147834,0
20160601,0.559,0.56,0.535,0.535,45125,0
20160602,0.541,0.558,0.541,0.541,25054,0
20160603,0.558,0.572,0.542,0.542,30833,0
20160606,0.57,0.57,0.523,0.525,36002,0
20160607,0.521,0.53,0.503,0.529,44648,0
20160608,0.543,0.543,0.518,0.518,1361,0
20160609,0.52,0.52,0.501,0.503,35355,0
20160610,0.516,0.549,0.492,0.51,83521,0
20160613,0.54,0.54,0.485,0.525,35400,0
20160614,0.5,0.5,0.492,0.5,84068,0
20160615,0.492,0.51,0.49,0.494,56223,0
20160616,0.51,0.51,0.49,0.49,4611,0
20160617,0.495,0.495,0.49,0.495,27647,0
20160620,0.5,0.503,0.5,0.503,2000,0
20160621,0.496,0.509,0.496,0.5,117650,0
20160622,0.5,0.5,0.498,0.498,30661,0
20160623,0.509,0.53,0.49,0.53,358346,0
20160624,0.485,0.52,0.485,0.51,320010,0
20160627,0.5,0.5,0.5,0.5,3000,0
20160628,0.5,0.5,0.499,0.5,13145,0
20160629,0.492,0.5,0.492,0.5,24109,0
20160701,0.499,0.51,0.494,0.51,78446,0
20160704,0.511,0.512,0.501,0.51,7415,0
20160705,0.53,0.53,0.51,0.51,2015,0
20160706,0.51,0.51,0.491,0.494,35049,0
20160707,0.499,0.499,0.48,0.481,7546,0
20160708,0.489,0.5,0.489,0.5,25960,0
20160711,0.5,0.506,0.5,0.5,6040,0
20160712,0.505,0.506,0.498,0.498,59551,0
20160713,0.496,0.496,0.496,0.496,9915,0
20160714,0.484,0.498,0.483,0.498,14559,0
20160715,0.5,0.501,0.489,0.5,63666,0
20160718,0.485,0.504,0.485,0.5,14090,0
20160719,0.5,0.509,0.5,0.509,1175,0
20160720,0.5,0.5,0.5,0.5,2500,0
20160721,0.5,0.508,0.492,0.5,18615,0
20160722,0.509,0.539,0.509,0.53,49394,0
20160725,0.539,0.549,0.52,0.541,25652,0
20160726,0.54,0.54,0.516,0.516,17713,0
20160727,0.515,0.53,0.496,0.53,78333,0
20160728,0.52,0.534,0.52,0.534,14000,0
20160729,0.533,0.55,0.533,0.533,83382,0
20160801,0.533,0.555,0.533,0.548,64329,0
20160802,0.541,0.541,0.54,0.54,24085,0
20160803,0.549,0.565,0.549,0.55,49215,0
20160804,0.569,0.569,0.52,0.525,40419,0
20160805,0.492,0.55,0.492,0.54,14186,0
20160808,0.54,0.549,0.54,0.54,16700,0
20160810,0.539,0.539,0.539,0.539,11203,0
20160811,0.539,0.541,0.539,0.541,15001,0
20160812,0.535,0.55,0.535,0.545,55118,0
20160815,0.531,0.555,0.531,0.535,9604,0
20160816,0.536,0.555,0.535,0.55,114388,0
20160817,0.55,0.557,0.55,0.556,20764,0
20160818,0.56,0.56,0.549,0.559,31024,0
20160819,0.559,0.56,0.549,0.559,44498,0
20160822,0.542,0.56,0.48,0.5,164526,0
20160823,0.49,0.508,0.436,0.499,219772,0
20160824,0.481,0.508,0.481,0.482,30313,0
20160825,0.484,0.488,0.462,0.463,101285,0
20160826,0.487,0.487,0.465,0.47,61362,0
20160829,0.494,0.494,0.471,0.491,119815,0
20160830,0.473,0.489,0.472,0.48,28255,0
20160831,0.472,0.48,0.47,0.47,148447,0
20160901,0.469,0.469,0.452,0.452,58660,0
20160902,0.45,0.465,0.45,0.45,71031,0
20160905,0.438,0.444,0.395,0.426,236030,0
20160906,0.419,0.419,0.402,0.417,57135,0
20160907,0.416,0.417,0.405,0.405,56624,0
20160908,0.408,0.409,0.405,0.409,28539,0
20160909,0.405,0.418,0.405,0.41,63900,0
20160912,0.419,0.42,0.402,0.402,75937,0
20160913,0.403,0.403,0.401,0.401,4044,0
20160914,0.4,0.405,0.399,0.405,39859,0
20160915,0.41,0.41,0.395,0.396,12964,0
20160916,0.403,0.418,0.403,0.405,60613,0
20160919,0.402,0.417,0.402,0.417,5550,0
20160920,0.401,0.401,0.4,0.4,10000,0
20160921,0.386,0.409,0.385,0.409,4400,0
20160922,0.39,0.4,0.39,0.395,27500,0
20160923,0.39,0.4,0.385,0.4,76170,0
20160926,0.386,0.401,0.386,0.391,57290,0
20160927,0.401,0.402,0.396,0.4,242918,0
20160928,0.41,0.42,0.41,0.42,41000,0
20160929,0.41,0.419,0.41,0.41,117862,0
20160930,0.41,0.41,0.41,0.41,18074,0
20161004,0.42,0.479,0.42,0.475,191835,0
20161005,0.474,0.474,0.445,0.467,66572,0
20161006,0.455,0.455,0.44,0.45,9650,0
20161007,0.5,0.5,0.47,0.474,138648,0
20161010,0.488,0.488,0.458,0.466,190411,0
20161011,0.478,0.478,0.46,0.46,53493,0
20161012,0.458,0.458,0.458,0.458,1000,0
20161013,0.46,0.46,0.452,0.452,30000,0
20161014,0.451,0.458,0.436,0.458,73056,0
20161017,0.44,0.44,0.436,0.437,10500,0
20161018,0.453,0.46,0.443,0.443,41578,0
20161020,0.45,0.455,0.45,0.455,11700,0
20161021,0.455,0.465,0.454,0.465,248224,0
20161024,0.461,0.465,0.46,0.463,50790,0
20161025,0.46,0.465,0.455,0.465,34731,0
20161026,0.461,0.469,0.46,0.46,151132,0
20161027,0.455,0.461,0.455,0.458,19138,0
20161028,0.461,0.467,0.46,0.461,74300,0
20161031,0.46,0.475,0.46,0.47,185899,0
20161101,0.47,0.499,0.462,0.47,463676,0
20161102,0.465,0.469,0.456,0.463,95288,0
20161103,0.469,0.477,0.464,0.465,11735,0
20161104,0.47,0.476,0.469,0.469,3298,0
20161107,0.463,0.463,0.46,0.46,25566,0
20161108,0.462,0.472,0.462,0.466,39200,0
20161109,0.465,0.466,0.465,0.465,117027,0
20161110,0.466,0.473,0.465,0.47,351362,0
20161111,0.47,0.47,0.469,0.47,329676,0
20161114,0.472,0.472,0.47,0.47,7333,0
20161115,0.472,0.472,0.47,0.47,125673,0
20161116,0.47,0.488,0.47,0.487,460157,0
20161117,0.485,0.489,0.48,0.481,229959,0
20161118,0.488,0.488,0.481,0.484,37552,0
20161121,0.484,0.485,0.479,0.484,33845,0
20161122,0.48,0.48,0.477,0.478,90932,0
20161123,0.48,0.48,0.476,0.479,212504,0
20161124,0.476,0.48,0.474,0.474,75263,0
20161125,0.476,0.481,0.475,0.479,203910,0
20161128,0.48,0.49,0.474,0.475,251324,0
20161129,0.48,0.483,0.476,0.476,89697,0
20161130,0.48,0.5,0.48,0.49,311724,0
20161201,0.474,0.492,0.474,0.483,132621,0
20161202,0.49,0.49,0.486,0.486,147363,0
20161205,0.488,0.497,0.486,0.491,80463,0
20161206,0.49,0.491,0.489,0.49,45966,0
20161207,0.489,0.491,0.489,0.49,86740,0
20161208,0.49,0.49,0.488,0.488,155497,0
20161209,0.486,0.492,0.486,0.488,56111,0
20161212,0.49,0.491,0.49,0.49,144115,0
20161213,0.49,0.493,0.49,0.493,119334,0
20161214,0.49,0.493,0.49,0.491,140323,0
20161215,0.49,0.499,0.49,0.499,29946,0
20161216,0.49,0.498,0.49,0.498,8103,0
20161219,0.49,0.492,0.49,0.491,20323,0
20161220,0.492,0.495,0.492,0.492,75652,0
20161221,0.499,0.499,0.491,0.491,28190,0
20161222,0.49,0.498,0.49,0.497,279216,0
20161223,0.493,0.493,0.492,0.492,21841,0
20161227,0.496,0.51,0.495,0.503,100694,0
20161228,0.498,0.505,0.496,0.497,209874,0
20161229,0.491,0.504,0.491,0.496,50201,0
20161230,0.496,0.503,0.496,0.5,110599,0
20170102,0.504,0.504,0.495,0.495,136500,0
20170103,0.495,0.5,0.491,0.5,123522,0
20170104,0.491,0.493,0.487,0.487,30898,0
20170105,0.48,0.486,0.441,0.486,17935,0
20170106,0.471,0.471,0.468,0.469,15000,0
20170109,0.456,0.471,0.456,0.464,229699,0
20170110,0.46,0.46,0.452,0.452,5000,0
20170111,0.452,0.476,0.452,0.473,10284,0
20170112,0.453,0.453,0.451,0.451,18008,0
20170113,0.451,0.451,0.421,0.45,347047,0
20170116,0.44,0.44,0.44,0.44,500,0
20170118,0.471,0.471,0.471,0.471,3945,0
20170119,0.466,0.467,0.458,0.458,17521,0
20170120,0.466,0.466,0.466,0.466,11260,0
20170123,0.475,0.475,0.469,0.469,4616,0
20170124,0.48,0.486,0.472,0.472,74650,0
20170125,0.48,0.489,0.472,0.481,10479,0
20170126,0.489,0.489,0.472,0.475,14042,0
20170130,0.477,0.485,0.472,0.485,47224,0
20170131,0.484,0.485,0.484,0.485,50,0
20170201,0.471,0.472,0.471,0.472,4000,0
20170202,0.476,0.501,0.476,0.495,264678,0
20170203,0.494,0.51,0.477,0.49,133110,0
20170206,0.49,0.555,0.49,0.502,246634,0
20170207,0.527,0.55,0.508,0.55,176700,0
20170208,0.549,0.55,0.53,0.53,39000,0
20170209,0.514,0.529,0.509,0.529,15400,0
20170210,0.527,0.528,0.523,0.523,37500,0
20170213,0.511,0.511,0.501,0.501,96193,0
20170214,0.527,0.527,0.501,0.501,9500,0
20170215,0.501,0.52,0.501,0.51,36000,0
20170216,0.502,0.505,0.497,0.497,182551,0
20170217,0.502,0.519,0.5,0.5,79249,0
20170220,0.53,0.53,0.49,0.52,91450,0
20170221,0.5,0.51,0.472,0.5,240643,0
20170222,0.477,0.5,0.477,0.481,100669,0
20170223,0.486,0.486,0.473,0.473,114146,0
20170227,0.469,0.469,0.469,0.469,3000,0
20170228,0.479,0.479,0.479,0.479,8000,0
20170301,0.461,0.47,0.461,0.47,274,0
20170302,0.478,0.479,0.478,0.479,41508,0
20170303,0.48,0.481,0.48,0.48,15374,0
20170306,0.479,0.479,0.447,0.448,26721,0
20170307,0.451,0.468,0.446,0.468,65808,0
20170308,0.469,0.469,0.468,0.468,1840,0
20170314,0.468,0.468,0.456,0.456,8243,0
20170315,0.469,0.47,0.457,0.457,9269,0
20170316,0.457,0.469,0.456,0.469,10639,0
20170317,0.456,0.456,0.456,0.456,1,0
20170320,0.455,0.455,0.455,0.455,5000,0
20170321,0.45,0.45,0.45,0.45,500,0
20170322,0.46,0.46,0.45,0.45,27274,0
20170323,0.459,0.459,0.426,0.426,15500,0
