Date,Open,High,Low,Close,Volume,OpenInt
20090406,1.23,1.27,1.22,1.27,411,0
20090407,1.23,1.27,1.22,1.27,500,0
20090409,1.23,1.27,1.22,1.27,240,0
20090414,1.23,1.27,1.22,1.27,300,0
20090415,1.23,1.27,1.17,1.22,1410,0
20090417,1.22,1.22,1.17,1.22,520,0
20090420,1.22,1.22,1.15,1.17,35,0
20090430,1.17,1.17,1,1,3500,0
20090506,1,1,0.9,1,1698,0
20090507,1,1,0.96,1,60,0
20090508,1,1,0.958,0.958,2304,0
20090527,1.01,1.01,0.93,0.966,300,0
20090529,0.97,1,0.922,0.922,1321,0
20090601,0.92,0.922,0.874,0.91,210,0
20090602,0.91,0.91,0.8,0.816,4500,0
20090608,0.82,0.82,0.787,0.82,20,0
20090619,0.82,0.82,0.76,0.76,2160,0
20090630,0.62,0.66,0.58,0.62,170,0
20090701,0.62,0.7,0.62,0.62,12200,0
20090702,0.62,0.696,0.61,0.61,300,0
20090703,0.62,0.696,0.62,0.65,300,0
20090706,0.65,0.696,0.65,0.69,1020,0
20090707,0.69,0.696,0.68,0.68,1750,0
20090708,0.69,0.696,0.69,0.69,500,0
20090716,0.62,0.656,0.58,0.656,4000,0
20090717,0.66,0.66,0.616,0.616,100,0
20090721,0.59,0.626,0.55,0.561,2215,0
20090722,0.56,0.597,0.52,0.597,1000,0
20090723,0.6,0.6,0.557,0.56,35,0
20090724,0.56,0.593,0.56,0.561,25,0
20090727,0.56,0.593,0.136,0.136,55020,0
20090728,0.115,0.13,0.1,0.13,52960,0
20090729,0.13,0.13,0.09,0.111,650,0
20090730,0.11,0.15,0.09,0.12,3681,0
20090731,0.11,0.13,0.081,0.101,1452,0
20090803,0.1,0.119,0.085,0.09,43975,0
20090805,0.085,0.113,0.08,0.113,1465,0
20090810,0.101,0.101,0.085,0.086,4500,0
20090811,0.101,0.101,0.085,0.085,17200,0
20090812,0.101,0.113,0.1,0.1,14431,0
20090813,0.11,0.11,0.063,0.08,30,0
20090814,0.073,0.101,0.07,0.081,30,0
20090817,0.081,0.101,0.041,0.07,41602,0
20090818,0.07,0.089,0.02,0.02,10950,0
20090820,0.041,0.05,0.03,0.05,10000,0
20090821,0.05,0.07,0.03,0.045,2500,0
20090824,0.05,0.05,0.03,0.03,50,0
20090826,0.059,0.059,0.016,0.045,15837,0
20090827,0.05,0.07,0.05,0.07,33112,0
20090828,0.073,0.101,0.053,0.053,16882,0
20090831,0.1,0.109,0.061,0.109,66417,0
20090901,0.15,0.15,0.069,0.137,20934,0
20090902,0.14,0.15,0.069,0.069,11000,0
20090903,0.1,0.1,0.059,0.1,2000,0
20090904,0.09,0.12,0.059,0.12,1310,0
20090907,0.12,0.12,0.07,0.09,5085,0
20090908,0.12,0.12,0.09,0.1,17900,0
20090914,0.11,0.118,0.07,0.1,90,0
20090915,0.071,0.102,0.07,0.07,20700,0
20090916,0.099,0.12,0.08,0.12,3700,0
20090918,0.12,0.147,0.08,0.147,15000,0
20090921,0.099,0.151,0.08,0.11,19000,0
20090922,0.101,0.17,0.1,0.17,13400,0
20090923,0.169,0.198,0.12,0.15,2900,0
20090924,0.2,0.2,0.148,0.168,13630,0
20090925,0.17,0.196,0.128,0.196,17300,0
20090928,0.198,0.2,0.146,0.156,18230,0
20090929,0.158,0.158,0.106,0.116,50,0
20091001,0.119,0.146,0.108,0.119,5030,0
20091002,0.117,0.147,0.115,0.147,350,0
20091005,0.121,0.168,0.11,0.168,1300,0
20091006,0.17,0.196,0.12,0.132,7640,0
20091007,0.133,0.16,0.132,0.132,5000,0
20091012,0.12,0.16,0.116,0.132,28840,0
20091013,0.13,0.155,0.12,0.12,100,0
20091014,0.155,0.17,0.14,0.17,21324,0
20091015,0.172,0.172,0.12,0.132,19540,0
20091016,0.133,0.155,0.125,0.144,20,0
20091019,0.133,0.17,0.132,0.135,23760,0
20091020,0.137,0.21,0.135,0.21,3400,0
20091021,0.139,0.14,0.115,0.135,3300,0
20091022,0.137,0.137,0.125,0.125,40,0
20091023,0.137,0.205,0.125,0.205,7000,0
20091029,0.192,0.192,0.127,0.178,11325,0
20091030,0.175,0.18,0.168,0.178,1300,0
20091103,0.18,0.18,0.11,0.178,839,0
20091105,0.18,0.2,0.178,0.178,1100,0
20091109,0.178,0.178,0.168,0.168,140,0
20091112,0.175,0.178,0.108,0.14,9860,0
20091117,0.167,0.188,0.167,0.17,2838,0
20091118,0.174,0.178,0.169,0.17,29246,0
20091119,0.167,0.188,0.167,0.17,3750,0
20091120,0.167,0.178,0.13,0.142,80,0
20091124,0.14,0.17,0.14,0.144,581,0
20091125,0.142,0.178,0.142,0.175,4915,0
20091126,0.172,0.172,0.142,0.15,1000,0
20091130,0.148,0.17,0.142,0.15,140,0
20091201,0.148,0.152,0.142,0.152,140,0
20091202,0.15,0.15,0.122,0.122,5028,0
20091207,0.12,0.14,0.12,0.12,21,0
20091208,0.119,0.122,0.119,0.122,451,0
20091209,0.12,0.16,0.12,0.122,19470,0
20091210,0.12,0.123,0.12,0.123,172,0
20091211,0.121,0.122,0.12,0.122,60,0
20091215,0.12,0.122,0.12,0.122,45,0
20091217,0.114,0.16,0.1,0.16,6400,0
20091218,0.152,0.16,0.1,0.13,11701,0
20091221,0.103,0.13,0.1,0.111,2900,0
20091223,0.096,0.13,0.096,0.1,300,0
20091228,0.109,0.13,0.1,0.102,130,0
20091230,0.096,0.15,0.09,0.1,1892,0
20100104,0.143,0.143,0.1,0.1,40,0
20100105,0.133,0.133,0.1,0.1,8000,0
20100106,0.095,0.101,0.095,0.101,10130,0
20100107,0.096,0.1,0.096,0.1,140,0
20100111,0.1,0.1,0.095,0.1,40,0
20100112,0.095,0.101,0.09,0.09,300,0
20100113,0.096,0.101,0.096,0.101,260,0
20100114,0.096,0.102,0.09,0.102,550,0
20100118,0.095,0.101,0.095,0.1,300,0
20100119,0.096,0.101,0.096,0.101,200,0
20100120,0.096,0.101,0.096,0.101,100,0
20100121,0.096,0.101,0.09,0.1,10440,0
20100122,0.095,0.1,0.095,0.1,500,0
20100125,0.095,0.1,0.095,0.1,650,0
20100126,0.095,0.105,0.07,0.105,25,0
20100128,0.08,0.105,0.08,0.085,100,0
20100129,0.081,0.105,0.08,0.08,325,0
20100201,0.081,0.11,0.08,0.11,301,0
20100204,0.076,0.11,0.076,0.08,60,0
20100205,0.076,0.11,0.06,0.06,297,0
20100209,0.076,0.08,0.076,0.08,3800,0
20100212,0.076,0.1,0.073,0.073,200,0
20100215,0.076,0.1,0.06,0.076,415,0
20100218,0.072,0.1,0.072,0.075,100,0
20100219,0.071,0.1,0.071,0.074,280,0
20100222,0.07,0.1,0.06,0.06,1,0
20100223,0.07,0.073,0.07,0.073,20250,0
20100224,0.069,0.1,0.069,0.07,24504,0
20100226,0.067,0.09,0.067,0.07,50,0
20100301,0.067,0.09,0.067,0.07,400,0
20100303,0.067,0.09,0.067,0.07,95,0
20100304,0.067,0.09,0.067,0.07,12000,0
20100305,0.067,0.08,0.06,0.075,19700,0
20100308,0.08,0.09,0.055,0.09,43488,0
20100309,0.086,0.139,0.075,0.139,17000,0
20100310,0.152,0.152,0.081,0.12,170,0
20100311,0.114,0.139,0.076,0.11,5091,0
20100315,0.109,0.115,0.081,0.1,430,0
20100316,0.095,0.115,0.07,0.075,3870,0
20100318,0.067,0.1,0.06,0.1,1076,0
20100319,0.095,0.12,0.06,0.12,65326,0
20100322,0.114,0.131,0.114,0.12,11877,0
20100323,0.123,0.15,0.101,0.101,13849,0
20100325,0.08,0.139,0.07,0.1,50,0
20100326,0.095,0.133,0.08,0.12,60,0
20100329,0.128,0.128,0.085,0.101,100,0
20100401,0.095,0.122,0.083,0.083,170,0
20100406,0.086,0.122,0.086,0.091,514,0
20100407,0.086,0.095,0.086,0.09,1150,0
20100412,0.086,0.09,0.071,0.09,669,0
20100414,0.081,0.09,0.071,0.09,10,0
20100415,0.081,0.09,0.071,0.09,665,0
20100416,0.082,0.09,0.071,0.071,130,0
20100419,0.081,0.09,0.071,0.086,120,0
20100420,0.082,0.086,0.071,0.086,100,0
20100421,0.082,0.086,0.071,0.086,34,0
20100422,0.082,0.086,0.071,0.086,100,0
20100423,0.082,0.085,0.07,0.07,1,0
20100428,0.081,0.086,0.071,0.071,400,0
20100430,0.081,0.086,0.071,0.071,1,0
20100503,0.08,0.086,0.071,0.086,22,0
20100504,0.082,0.085,0.071,0.071,10,0
20100505,0.071,0.086,0.071,0.071,10,0
20100507,0.071,0.08,0.071,0.071,50,0
20100510,0.076,0.08,0.07,0.07,119,0
20100512,0.071,0.08,0.071,0.073,300,0
20100513,0.071,0.073,0.071,0.073,100,0
20100514,0.071,0.073,0.07,0.073,180,0
20100517,0.071,0.073,0.07,0.073,40,0
20100521,0.068,0.073,0.068,0.071,3000,0
20100524,0.069,0.072,0.069,0.07,100,0
20100526,0.068,0.073,0.068,0.073,100,0
20100527,0.069,0.073,0.069,0.071,50,0
20100528,0.069,0.073,0.069,0.071,300,0
20100610,0.068,0.073,0.061,0.073,330,0
20100611,0.069,0.072,0.061,0.061,60,0
20100618,0.068,0.073,0.068,0.071,110,0
20100622,0.068,0.08,0.068,0.08,70,0
20100707,0.068,0.072,0.06,0.06,380,0
20100708,0.068,0.071,0.068,0.07,200,0
20100709,0.067,0.071,0.067,0.07,530,0
20100714,0.067,0.072,0.067,0.072,200,0
20100715,0.068,0.072,0.068,0.072,40,0
20100719,0.067,0.072,0.067,0.072,60,0
20100722,0.067,0.072,0.067,0.072,350,0
20100723,0.068,0.09,0.068,0.09,76,0
20100727,0.068,0.09,0.068,0.09,50,0
20100729,0.067,0.072,0.067,0.072,15,0
20100804,0.067,0.072,0.06,0.072,50,0
20100805,0.068,0.118,0.065,0.118,1100,0
20100806,0.112,0.112,0.07,0.072,124,0
20100809,0.068,0.071,0.06,0.06,60,0
20100817,0.067,0.072,0.067,0.072,76,0
20100824,0.067,0.071,0.06,0.06,600,0
20100901,0.067,0.071,0.067,0.07,145,0
20100903,0.067,0.072,0.05,0.05,5235,0
20100907,0.048,0.089,0.048,0.089,4000,0
20100909,0.09,0.12,0.05,0.12,151570,0
20100910,0.16,0.16,0.1,0.1,22461,0
20100913,0.095,0.14,0.095,0.1,10000,0
20100914,0.095,0.14,0.08,0.13,700,0
20100915,0.095,0.14,0.08,0.128,500,0
20100916,0.122,0.14,0.08,0.119,30,0
20100921,0.095,0.1,0.08,0.08,50,0
20100923,0.095,0.1,0.08,0.1,50,0
20100924,0.095,0.095,0.06,0.06,1000,0
20100927,0.076,0.08,0.07,0.07,15,0
20100929,0.076,0.08,0.06,0.06,235,0
20101001,0.076,0.08,0.07,0.08,200,0
20101004,0.076,0.08,0.06,0.06,116,0
20101007,0.076,0.08,0.07,0.07,110,0
20101008,0.076,0.08,0.07,0.07,30,0
20101011,0.076,0.081,0.07,0.081,135,0
20101012,0.077,0.077,0.07,0.073,400,0
20101021,0.067,0.072,0.067,0.072,108,0
20101022,0.068,0.073,0.068,0.073,100,0
20101027,0.068,0.072,0.068,0.071,3060,0
20101028,0.067,0.07,0.06,0.069,200,0
20101102,0.065,0.07,0.06,0.06,100,0
20101104,0.057,0.07,0.057,0.061,1400,0
20101105,0.058,0.07,0.05,0.06,100,0
20101108,0.057,0.07,0.057,0.06,150,0
20101109,0.058,0.07,0.058,0.061,160,0
20101110,0.058,0.07,0.058,0.061,3120,0
20101115,0.06,0.07,0.06,0.06,5000,0
20101116,0.057,0.07,0.057,0.061,1300,0
20101124,0.057,0.07,0.057,0.061,80,0
20101126,0.057,0.07,0.057,0.06,5,0
20101129,0.058,0.07,0.05,0.05,600,0
20101130,0.057,0.07,0.057,0.06,150,0
20101201,0.057,0.07,0.05,0.05,5060,0
20101202,0.058,0.07,0.05,0.06,8800,0
20101203,0.057,0.07,0.047,0.06,100,0
20101207,0.048,0.072,0.03,0.072,10050,0
20101208,0.068,0.07,0.055,0.055,870,0
20101210,0.067,0.088,0.035,0.088,2600,0
20101213,0.067,0.088,0.067,0.071,65,0
20101216,0.067,0.072,0.067,0.07,115,0
20101217,0.067,0.072,0.045,0.045,6250,0
20101220,0.062,0.062,0.048,0.058,100,0
20101222,0.056,0.071,0.048,0.059,100,0
20101227,0.055,0.105,0.055,0.105,4001,0
20101228,0.1,0.108,0.049,0.049,50,0
20101229,0.047,0.051,0.033,0.051,450,0
20101230,0.048,0.051,0.037,0.037,100,0
20110107,0.048,0.052,0.04,0.052,220,0
20110111,0.048,0.062,0.048,0.062,670,0
20110112,0.059,0.062,0.059,0.062,630,0
20110113,0.059,0.062,0.05,0.062,545,0
20110114,0.059,0.062,0.059,0.062,1000,0
20110117,0.059,0.062,0.059,0.062,260,0
20110121,0.058,0.062,0.05,0.062,102,0
20110125,0.058,0.062,0.058,0.062,198,0
20110127,0.058,0.062,0.05,0.05,280,0
20110128,0.059,0.061,0.05,0.05,278,0
20110201,0.058,0.067,0.05,0.067,1435,0
20110203,0.063,0.067,0.05,0.067,165,0
20110204,0.064,0.066,0.05,0.05,2600,0
20110207,0.063,0.063,0.06,0.06,15,0
20110209,0.057,0.057,0.05,0.05,138,0
20110210,0.092,0.092,0.05,0.06,1330,0
20110215,0.081,0.081,0.05,0.08,780,0
20110218,0.05,0.095,0.05,0.08,400,0
20110222,0.084,0.085,0.05,0.05,40,0
20110224,0.084,0.084,0.05,0.05,26,0
20110225,0.084,0.084,0.05,0.079,200,0
20110301,0.084,0.085,0.06,0.085,1025,0
20110302,0.084,0.084,0.06,0.06,3350,0
20110303,0.074,0.084,0.06,0.07,3200,0
20110304,0.074,0.084,0.05,0.05,214,0
20110307,0.067,0.074,0.06,0.06,40,0
20110308,0.058,0.064,0.05,0.05,348,0
20110310,0.064,0.064,0.058,0.062,100,0
20110314,0.064,0.064,0.05,0.05,410,0
20110315,0.058,0.061,0.05,0.06,2100,0
20110317,0.06,0.06,0.05,0.058,168,0
20110318,0.055,0.06,0.03,0.058,50,0
20110321,0.055,0.06,0.03,0.048,140,0
20110322,0.05,0.05,0.03,0.036,200,0
20110324,0.043,0.055,0.031,0.055,2000,0
20110325,0.052,0.059,0.031,0.031,20,0
20110329,0.056,0.056,0.031,0.036,60,0
20110330,0.034,0.036,0.032,0.036,158,0
20110331,0.034,0.037,0.032,0.037,10,0
20110404,0.04,0.047,0.04,0.045,10,0
20110407,0.057,0.06,0.046,0.05,20,0
20110413,0.057,0.07,0.057,0.069,250,0
20110415,0.067,0.071,0.067,0.071,9954,0
20110418,0.067,0.07,0.067,0.07,50,0
20110419,0.067,0.071,0.067,0.069,8350,0
20110426,0.067,0.071,0.067,0.07,1,0
20110428,0.067,0.07,0.067,0.07,50,0
20110429,0.067,0.09,0.067,0.088,15200,0
20110502,0.084,0.09,0.05,0.05,180,0
20110503,0.076,0.076,0.05,0.051,4000,0
20110504,0.045,0.05,0.045,0.05,284,0
20110505,0.075,0.075,0.05,0.052,1500,0
20110506,0.049,0.054,0.04,0.052,50,0
20110510,0.053,0.07,0.04,0.05,405,0
20110511,0.048,0.07,0.04,0.07,1000,0
20110512,0.044,0.07,0.039,0.039,580,0
20110513,0.04,0.044,0.04,0.043,200,0
20110517,0.042,0.046,0.042,0.046,150,0
20110520,0.043,0.05,0.043,0.05,40559,0
20110524,0.048,0.05,0.04,0.04,2978,0
20110525,0.048,0.051,0.044,0.051,36,0
20110530,0.048,0.051,0.048,0.051,300,0
20110531,0.048,0.052,0.048,0.052,1000,0
20110601,0.049,0.051,0.049,0.051,4004,0
20110603,0.049,0.05,0.046,0.046,10,0
20110606,0.048,0.049,0.045,0.045,80,0
20110608,0.047,0.078,0.045,0.078,60125,0
20110610,0.07,0.078,0.05,0.05,60000,0
20110613,0.05,0.074,0.05,0.05,10,0
20110615,0.05,0.074,0.05,0.07,45,0
20110617,0.05,0.074,0.05,0.051,100,0
20110620,0.05,0.074,0.05,0.05,40,0
20110621,0.05,0.085,0.05,0.085,94543,0
20110622,0.082,0.1,0.082,0.082,230,0
20110623,0.082,0.082,0.082,0.082,4565,0
20110624,0.082,0.082,0.082,0.082,230,0
20110629,0.082,0.082,0.082,0.082,20000,0
20110704,0.047,0.082,0.047,0.05,16,0
20110706,0.077,0.077,0.054,0.054,80,0
20110707,0.054,0.077,0.054,0.054,301,0
20110713,0.058,0.061,0.058,0.058,743,0
20110714,0.058,0.06,0.058,0.058,50,0
20110715,0.058,0.062,0.058,0.058,430,0
20110718,0.058,0.06,0.058,0.058,55,0
20110720,0.058,0.065,0.058,0.058,290,0
20110721,0.058,0.06,0.058,0.058,5185,0
20110725,0.058,0.06,0.058,0.058,220,0
20110726,0.053,0.06,0.053,0.053,77,0
20110727,0.058,0.06,0.053,0.053,235,0
20110728,0.054,0.06,0.054,0.054,77,0
20110729,0.054,0.06,0.054,0.054,84,0
20110801,0.054,0.054,0.054,0.054,36,0
20110802,0.054,0.054,0.053,0.054,100,0
20110804,0.054,0.054,0.053,0.054,30,0
20110805,0.054,0.054,0.053,0.054,241,0
20110809,0.054,0.054,0.047,0.047,10,0
20110812,0.039,0.059,0.038,0.039,164,0
20110818,0.04,0.04,0.039,0.04,41,0
20110823,0.059,0.059,0.04,0.04,95,0
20110824,0.059,0.059,0.039,0.04,420,0
20110825,0.031,0.031,0.021,0.031,60265,0
20110902,0.03,0.032,0.03,0.032,150,0
20110916,0.058,0.058,0.03,0.032,40,0
20110920,0.058,0.058,0.03,0.03,30,0
20110921,0.058,0.058,0.029,0.03,20,0
20110922,0.058,0.058,0.03,0.03,30,0
20110930,0.03,0.03,0.03,0.03,100,0
20111003,0.058,0.058,0.03,0.031,402,0
20111004,0.058,0.058,0.029,0.029,70,0
20111006,0.058,0.058,0.03,0.03,50,0
20111007,0.058,0.058,0.029,0.03,250,0
20111010,0.058,0.058,0.03,0.03,50,0
20111012,0.058,0.058,0.03,0.031,1000,0
20111017,0.058,0.058,0.03,0.032,201,0
20111018,0.058,0.058,0.03,0.032,50,0
20111019,0.058,0.058,0.03,0.032,500,0
20111024,0.058,0.058,0.031,0.031,15,0
20111025,0.031,0.033,0.031,0.033,100,0
20111026,0.058,0.058,0.031,0.033,1000,0
20111027,0.033,0.033,0.031,0.031,400,0
20111028,0.031,0.031,0.031,0.031,260,0
20111107,0.031,0.031,0.031,0.031,10000,0
20111108,0.058,0.058,0.031,0.033,24,0
20111109,0.058,0.058,0.03,0.03,85,0
20111111,0.031,0.031,0.031,0.031,170,0
20111114,0.058,0.058,0.031,0.032,90,0
20111115,0.058,0.058,0.031,0.032,300,0
20111121,0.031,0.031,0.031,0.031,100,0
20111122,0.058,0.058,0.031,0.033,100,0
20111124,0.058,0.058,0.029,0.03,40,0
20111206,0.036,0.056,0.036,0.056,662,0
20111215,0.056,0.056,0.031,0.031,30,0
20111219,0.041,0.041,0.03,0.03,130,0
20111220,0.041,0.041,0.036,0.036,100,0
20111221,0.056,0.056,0.036,0.036,200,0
20111227,0.053,0.053,0.032,0.053,25,0
20111229,0.033,0.053,0.032,0.053,175,0
20120103,0.033,0.053,0.032,0.053,351,0
20120106,0.033,0.053,0.033,0.053,250,0
20120109,0.033,0.053,0.033,0.053,45,0
20120111,0.036,0.053,0.022,0.022,341,0
20120112,0.014,0.037,0.014,0.037,48,0
20120113,0.014,0.053,0.014,0.037,50,0
20120118,0.014,0.053,0.014,0.014,50,0
20120119,0.014,0.019,0.014,0.019,520,0
20120120,0.014,0.014,0.014,0.014,200,0
20120123,0.018,0.025,0.014,0.025,1,0
20120124,0.014,0.025,0.014,0.025,100,0
20120125,0.014,0.018,0.014,0.018,2380,0
20120126,0.024,0.025,0.021,0.025,1390,0
20120127,0.014,0.023,0.014,0.023,83,0
20120130,0.014,0.014,0.014,0.014,198,0
20120131,0.015,0.023,0.014,0.023,867,0
20120201,0.014,0.023,0.013,0.013,50,0
20120202,0.018,0.018,0.017,0.017,102,0
20120203,0.024,0.024,0.013,0.014,1275,0
20120207,0.018,0.018,0.014,0.014,135,0
20120208,0.014,0.014,0.013,0.013,130,0
20120209,0.021,0.021,0.021,0.021,25,0
20120210,0.021,0.022,0.02,0.021,200,0
20120213,0.018,0.022,0.017,0.022,495,0
20120214,0.018,0.021,0.015,0.015,400,0
20120217,0.016,0.029,0.016,0.029,300,0
20120220,0.016,0.029,0.016,0.029,30,0
20120221,0.016,0.029,0.016,0.029,50,0
20120224,0.021,0.028,0.02,0.021,30,0
20120228,0.021,0.033,0.021,0.033,400,0
20120306,0.026,0.033,0.026,0.033,160,0
20120307,0.026,0.035,0.02,0.032,5036,0
20120308,0.026,0.035,0.02,0.032,300,0
20120313,0.027,0.04,0.027,0.036,400,0
20120314,0.027,0.04,0.026,0.026,251,0
20120315,0.027,0.035,0.02,0.027,100,0
20120321,0.027,0.035,0.027,0.035,100,0
20120322,0.027,0.034,0.027,0.028,200,0
20120323,0.02,0.028,0.02,0.028,315,0
20120328,0.027,0.027,0.026,0.027,154,0
20120402,0.027,0.028,0.027,0.028,50,0
20120404,0.028,0.028,0.027,0.027,200,0
20120405,0.027,0.028,0.023,0.023,3550,0
20120410,0.023,0.028,0.023,0.024,150,0
20120416,0.022,0.028,0.021,0.024,450,0
20120417,0.023,0.063,0.023,0.063,15295,0
20120420,0.061,0.064,0.061,0.064,3411,0
20120424,0.016,0.061,0.016,0.045,201,0
20120427,0.026,0.054,0.026,0.04,520,0
20120502,0.04,0.049,0.022,0.04,50,0
20120503,0.014,0.049,0.014,0.015,50,0
20120504,0.024,0.024,0.024,0.024,150,0
20120507,0.016,0.016,0.016,0.016,50,0
20120508,0.01,0.01,0.01,0.01,150,0
20120510,0.01,0.035,0.01,0.035,20000,0
20120514,0.028,0.035,0.028,0.028,50,0
20120516,0.02,0.035,0.019,0.019,120,0
20120518,0.015,0.04,0.015,0.04,50,0
20120521,0.018,0.04,0.018,0.038,2400,0
20120522,0.015,0.038,0.015,0.036,560,0
20120523,0.014,0.036,0.014,0.034,130,0
20120524,0.034,0.034,0.018,0.018,300,0
20120531,0.01,0.022,0.01,0.02,464,0
20120604,0.02,0.021,0.02,0.021,48,0
20120607,0.02,0.021,0.014,0.014,10160,0
20120611,0.02,0.035,0.012,0.035,110,0
20120612,0.018,0.05,0.018,0.05,200,0
20120614,0.02,0.05,0.02,0.02,70,0
20120615,0.018,0.019,0.012,0.019,230,0
20120625,0.02,0.045,0.012,0.045,40,0
20120627,0.018,0.049,0.018,0.049,200,0
20120629,0.02,0.05,0.01,0.01,100,0
20120702,0.04,0.04,0.01,0.01,8,0
20120703,0.01,0.04,0.01,0.04,800,0
20120706,0.011,0.05,0.01,0.01,1250,0
20120709,0.01,0.021,0.01,0.021,64,0
20120710,0.021,0.021,0.02,0.02,150,0
20120713,0.01,0.1,0.01,0.1,86100,0
20120717,0.02,0.1,0.02,0.032,85000,0
20120718,0.02,0.032,0.018,0.032,60,0
20120719,0.02,0.07,0.02,0.07,250,0
20120723,0.02,0.06,0.02,0.042,150,0
20120724,0.02,0.042,0.02,0.02,709,0
20120725,0.022,0.022,0.011,0.011,50,0
20120726,0.02,0.042,0.011,0.042,250,0
20120727,0.02,0.042,0.02,0.042,250,0
20120730,0.02,0.045,0.02,0.045,715,0
20120731,0.02,0.047,0.02,0.047,50,0
20120806,0.04,0.05,0.01,0.01,50,0
20120808,0.05,0.05,0.015,0.015,600,0
20120814,0.05,0.05,0.012,0.02,60000,0
20120816,0.05,0.05,0.03,0.032,5930,0
20120817,0.031,0.032,0.03,0.032,50,0
20120824,0.033,0.034,0.033,0.033,860,0
20120827,0.034,0.034,0.033,0.034,40,0
20120831,0.034,0.034,0.033,0.034,100,0
20120903,0.034,0.034,0.019,0.019,40,0
20120904,0.034,0.034,0.019,0.02,76,0
20120905,0.034,0.034,0.02,0.02,60,0
20120906,0.034,0.034,0.02,0.022,300,0
20120907,0.022,0.022,0.01,0.01,3716,0
20120910,0.022,0.022,0.022,0.022,60,0
20120912,0.025,0.025,0.02,0.021,1287,0
20120913,0.022,0.022,0.02,0.022,22,0
20120917,0.022,0.022,0.021,0.021,75,0
20120919,0.021,0.023,0.021,0.023,172,0
20120920,0.021,0.023,0.021,0.022,160,0
20120924,0.022,0.024,0.021,0.021,115,0
20120927,0.025,0.05,0.023,0.05,202,0
20121001,0.05,0.05,0.045,0.045,287,0
20121012,0.023,0.045,0.023,0.023,20,0
20121022,0.031,0.032,0.031,0.032,1490,0
20121023,0.032,0.032,0.009,0.009,110,0
20121024,0.031,0.032,0.031,0.032,200,0
20121026,0.033,0.034,0.032,0.034,160,0
20121030,0.034,0.034,0.032,0.032,90,0
20121101,0.032,0.033,0.032,0.033,700,0
20121106,0.034,0.035,0.034,0.035,130,0
20121108,0.034,0.035,0.034,0.034,80,0
20121109,0.035,0.035,0.034,0.034,28,0
20121112,0.035,0.035,0.034,0.034,6286,0
20121114,0.034,0.035,0.034,0.035,200,0
20121119,0.035,0.035,0.024,0.03,200,0
20121123,0.024,0.027,0.024,0.027,180,0
20121129,0.024,0.027,0.024,0.027,90,0
20121203,0.009,0.027,0.009,0.009,100,0
20121204,0.009,0.009,0.009,0.009,60,0
20121206,0.01,0.02,0.009,0.02,150,0
20121210,0.02,0.027,0.02,0.025,630,0
20121211,0.02,0.027,0.02,0.02,100,0
20121212,0.02,0.027,0.02,0.025,50,0
20121213,0.024,0.027,0.02,0.02,1409,0
20121219,0.024,0.027,0.02,0.025,4100,0
20121220,0.022,0.028,0.02,0.028,700,0
20121221,0.02,0.028,0.02,0.028,24,0
20121227,0.022,0.027,0.02,0.022,40,0
20121228,0.028,0.028,0.022,0.027,98,0
20130102,0.022,0.028,0.022,0.028,170,0
20130104,0.023,0.028,0.023,0.028,1500,0
20130107,0.023,0.028,0.023,0.028,50,0
20130109,0.027,0.028,0.023,0.028,200,0
20130111,0.03,0.031,0.03,0.031,480,0
20130122,0.038,0.04,0.038,0.04,200,0
20130124,0.038,0.04,0.038,0.04,5300,0
20130128,0.038,0.04,0.038,0.038,112,0
20130129,0.038,0.04,0.038,0.038,2600,0
20130130,0.038,0.039,0.038,0.038,5077,0
20130131,0.025,0.039,0.025,0.039,640,0
20130204,0.025,0.038,0.025,0.034,100,0
20130206,0.025,0.038,0.025,0.027,60,0
20130208,0.025,0.038,0.025,0.034,410,0
20130212,0.026,0.038,0.025,0.034,120,0
20130218,0.025,0.038,0.025,0.026,408,0
20130220,0.025,0.038,0.025,0.034,210,0
20130221,0.025,0.038,0.025,0.034,40,0
20130228,0.025,0.038,0.025,0.027,120,0
20130301,0.025,0.038,0.025,0.025,18,0
20130304,0.025,0.034,0.025,0.034,120,0
20130307,0.026,0.034,0.025,0.034,40,0
20130308,0.025,0.034,0.025,0.025,20,0
20130312,0.025,0.034,0.025,0.025,20,0
20130314,0.025,0.034,0.025,0.034,200,0
20130315,0.025,0.034,0.025,0.034,923,0
20130321,0.033,0.089,0.033,0.089,2535,0
20130325,0.033,0.088,0.033,0.033,1400,0
20130328,0.033,0.034,0.025,0.025,100,0
20130402,0.033,0.034,0.02,0.034,110,0
20130408,0.024,0.034,0.02,0.034,15,0
20130409,0.02,0.033,0.02,0.024,133,0
20130410,0.024,0.034,0.024,0.034,340,0
20130411,0.024,0.034,0.024,0.034,35,0
20130412,0.024,0.035,0.02,0.02,400,0
20130415,0.024,0.035,0.02,0.035,2700,0
20130417,0.033,0.034,0.02,0.02,2663,0
20130418,0.02,0.045,0.02,0.045,378,0
20130419,0.02,0.045,0.02,0.043,100,0
20130422,0.02,0.043,0.02,0.03,100,0
20130429,0.02,0.035,0.02,0.02,125,0
20130430,0.02,0.034,0.02,0.034,100,0
20130503,0.018,0.035,0.018,0.018,150,0
20130507,0.02,0.03,0.011,0.03,250,0
20130510,0.012,0.035,0.012,0.012,25,0
20130513,0.012,0.012,0.012,0.012,50,0
20130514,0.02,0.02,0.012,0.019,630,0
20130515,0.012,0.026,0.012,0.012,45,0
20130516,0.012,0.021,0.012,0.021,730,0
20130517,0.02,0.021,0.012,0.012,100,0
20130520,0.02,0.02,0.012,0.012,2500,0
20130521,0.012,0.021,0.012,0.021,2930,0
20130528,0.02,0.021,0.02,0.021,4000,0
20130531,0.02,0.023,0.011,0.011,300,0
20130604,0.012,0.012,0.012,0.012,53,0
20130610,0.017,0.019,0.017,0.019,60,0
20130611,0.02,0.026,0.019,0.026,78,0
20130614,0.021,0.032,0.021,0.025,50,0
20130618,0.026,0.029,0.026,0.026,25,0
20130620,0.026,0.029,0.021,0.021,818,0
20130621,0.021,0.029,0.021,0.023,350,0
20130624,0.026,0.026,0.021,0.024,18,0
20130626,0.023,0.026,0.023,0.026,50,0
20130628,0.025,0.031,0.025,0.031,8900,0
20130705,0.022,0.026,0.021,0.023,140,0
20130711,0.022,0.026,0.021,0.023,500,0
20130716,0.022,0.026,0.021,0.021,30,0
20130718,0.022,0.026,0.021,0.021,200,0
20130723,0.023,0.026,0.02,0.02,15,0
20130724,0.02,0.026,0.02,0.023,1112,0
20130730,0.02,0.026,0.02,0.024,500,0
20130731,0.02,0.026,0.02,0.02,175,0
20130802,0.02,0.026,0.02,0.02,150,0
20130809,0.026,0.026,0.021,0.021,2880,0
20130813,0.022,0.026,0.021,0.021,60,0
20130814,0.022,0.026,0.021,0.021,50,0
20130815,0.022,0.026,0.021,0.023,150,0
20130816,0.023,0.026,0.021,0.021,318,0
20130820,0.021,0.026,0.021,0.023,100,0
20130822,0.022,0.026,0.021,0.021,45,0
20130826,0.022,0.026,0.021,0.022,50,0
20130827,0.021,0.05,0.021,0.05,10150,0
20130829,0.025,0.031,0.025,0.025,60,0
20130902,0.02,0.026,0.02,0.02,25,0
20130905,0.02,0.021,0.02,0.021,20,0
20130906,0.02,0.032,0.02,0.032,500,0
20130910,0.02,0.031,0.02,0.02,110,0
20130911,0.02,0.032,0.02,0.032,1000,0
20130912,0.02,0.031,0.02,0.02,100,0
20130917,0.031,0.032,0.02,0.032,845,0
20130918,0.02,0.032,0.02,0.032,100,0
20130919,0.02,0.032,0.02,0.032,50,0
20130920,0.02,0.032,0.02,0.021,40,0
20130923,0.032,0.032,0.02,0.032,4210,0
20130924,0.02,0.033,0.02,0.033,10140,0
20130925,0.02,0.033,0.02,0.02,450,0
20130926,0.02,0.021,0.02,0.021,12,0
20130927,0.021,0.022,0.021,0.022,10000,0
20130930,0.025,0.033,0.025,0.033,10000,0
20131001,0.028,0.029,0.028,0.029,649,0
20131007,0.028,0.029,0.028,0.028,1055,0
20131009,0.028,0.029,0.028,0.028,150,0
20131011,0.029,0.029,0.028,0.028,2350,0
20131015,0.028,0.028,0.028,0.028,295,0
20131017,0.028,0.029,0.028,0.029,30,0
20131018,0.028,0.029,0.028,0.028,305,0
20131023,0.028,0.028,0.028,0.028,45,0
20131024,0.028,0.03,0.028,0.03,10045,0
20131025,0.028,0.029,0.028,0.028,120,0
20131029,0.028,0.029,0.028,0.028,60,0
20131030,0.028,0.029,0.028,0.029,120,0
20131105,0.028,0.029,0.028,0.029,350,0
20131106,0.028,0.029,0.028,0.029,1000,0
20131108,0.028,0.029,0.028,0.028,50,0
20131111,0.028,0.029,0.028,0.029,16,0
20131113,0.028,0.028,0.028,0.028,20,0
20131115,0.028,0.028,0.028,0.028,50,0
20131118,0.028,0.029,0.028,0.029,100,0
20131122,0.028,0.028,0.028,0.028,160,0
20131125,0.028,0.029,0.028,0.029,260,0
20131126,0.028,0.028,0.028,0.028,100,0
20131127,0.028,0.029,0.028,0.028,5030,0
20131129,0.02,0.028,0.02,0.021,270,0
20131202,0.02,0.028,0.02,0.021,187,0
20131206,0.02,0.028,0.02,0.02,37,0
20131212,0.02,0.02,0.02,0.02,200,0
20131213,0.058,0.058,0.02,0.02,650,0
20131217,0.058,0.058,0.02,0.021,1075,0
20131219,0.058,0.058,0.02,0.021,1500,0
20131220,0.02,0.02,0.02,0.02,300,0
20131223,0.058,0.058,0.02,0.021,250,0
20131227,0.02,0.021,0.02,0.021,360,0
20131230,0.021,0.021,0.02,0.02,400,0
20140102,0.021,0.021,0.021,0.021,20,0
20140103,0.021,0.021,0.02,0.02,300,0
20140107,0.024,0.025,0.024,0.025,100,0
20140108,0.024,0.025,0.024,0.025,12,0
20140109,0.024,0.024,0.024,0.024,100,0
20140110,0.028,0.05,0.024,0.05,20140,0
20140114,0.046,0.046,0.027,0.027,200,0
20140116,0.039,0.044,0.027,0.044,81606,0
20140120,0.032,0.055,0.032,0.044,100,0
20140121,0.032,0.055,0.028,0.039,100,0
20140122,0.032,0.042,0.028,0.042,40,0
20140124,0.042,0.042,0.028,0.042,240,0
20140127,0.032,0.042,0.028,0.038,240,0
20140128,0.038,0.038,0.022,0.038,125,0
20140130,0.038,0.038,0.022,0.038,80,0
20140131,0.022,0.05,0.022,0.024,300,0
20140205,0.025,0.026,0.024,0.026,100,0
20140206,0.024,0.048,0.024,0.048,50,0
20140210,0.048,0.048,0.024,0.047,150,0
20140211,0.032,0.047,0.024,0.026,100,0
20140217,0.046,0.046,0.021,0.022,10,0
20140220,0.021,0.021,0.021,0.021,30,0
20140221,0.046,0.046,0.021,0.037,50,0
20140224,0.021,0.046,0.021,0.046,1,0
20140225,0.046,0.046,0.046,0.046,200,0
20140304,0.06,0.06,0.021,0.021,136,0
20140305,0.021,0.021,0.021,0.021,10000,0
20140310,0.06,0.06,0.021,0.021,50,0
20140312,0.021,0.021,0.021,0.021,126,0
20140317,0.06,0.06,0.021,0.021,1035,0
20140319,0.06,0.06,0.021,0.021,35,0
20140321,0.024,0.024,0.021,0.021,1077,0
20140325,0.024,0.024,0.021,0.021,10000,0
20140326,0.049,0.049,0.021,0.021,2000,0
20140327,0.059,0.059,0.021,0.021,2,0
20140331,0.036,0.036,0.021,0.026,20102,0
20140402,0.032,0.032,0.028,0.028,401,0
20140404,0.039,0.039,0.028,0.039,20,0
20140411,0.028,0.039,0.028,0.028,140,0
20140415,0.028,0.039,0.028,0.028,190,0
20140417,0.028,0.039,0.028,0.039,421,0
20140422,0.032,0.039,0.028,0.028,202,0
20140423,0.039,0.039,0.028,0.028,100,0
20140425,0.028,0.039,0.028,0.028,322,0
20140428,0.028,0.039,0.028,0.028,140,0
20140506,0.028,0.039,0.028,0.028,55,0
20140507,0.028,0.039,0.028,0.028,165,0
20140509,0.039,0.039,0.028,0.039,100,0
20140514,0.028,0.039,0.028,0.035,30000,0
20140520,0.021,0.035,0.021,0.021,150,0
20140604,0.035,0.035,0.021,0.021,300,0
20140606,0.035,0.035,0.021,0.021,80,0
20140613,0.035,0.035,0.021,0.021,98,0
20140617,0.021,0.021,0.021,0.021,17700,0
20140618,0.035,0.035,0.021,0.021,105,0
20140626,0.031,0.031,0.021,0.021,17700,0
20140701,0.031,0.031,0.021,0.021,300,0
20140716,0.031,0.031,0.02,0.021,70,0
20140721,0.021,0.03,0.021,0.021,6345,0
20140731,0.03,0.03,0.021,0.021,1000,0
20140801,0.021,0.03,0.021,0.021,105,0
20140804,0.022,0.029,0.021,0.021,23,0
20140807,0.021,0.029,0.021,0.021,10200,0
20140813,0.029,0.029,0.018,0.021,100,0
20140814,0.029,0.029,0.021,0.021,250,0
20140815,0.021,0.029,0.021,0.029,100,0
20140818,0.029,0.03,0.021,0.021,1600,0
20140819,0.029,0.029,0.021,0.021,10,0
20140820,0.021,0.029,0.021,0.021,50,0
20140826,0.029,0.029,0.021,0.021,40,0
20140827,0.029,0.029,0.021,0.021,27,0
20140902,0.029,0.029,0.021,0.021,400,0
20140903,0.021,0.03,0.021,0.022,400,0
20140910,0.03,0.03,0.021,0.024,100,0
20140911,0.03,0.03,0.024,0.029,20000,0
20140912,0.03,0.03,0.027,0.03,1433,0
20140916,0.043,0.043,0.028,0.028,95,0
20140918,0.041,0.041,0.025,0.041,70,0
20140922,0.041,0.041,0.025,0.041,70,0
20140923,0.041,0.041,0.022,0.025,30,0
20141007,0.042,0.042,0.023,0.042,33,0
20141010,0.026,0.041,0.022,0.026,106,0
20141020,0.039,0.039,0.021,0.021,1300,0
20141021,0.037,0.037,0.019,0.021,952,0
20141023,0.036,0.036,0.021,0.021,952,0
20141110,0.036,0.036,0.017,0.017,2000,0
20141111,0.036,0.036,0.021,0.021,420,0
20141113,0.036,0.036,0.021,0.021,100,0
20141118,0.036,0.036,0.018,0.02,4619,0
20141120,0.036,0.036,0.018,0.021,465,0
20141121,0.021,0.021,0.02,0.02,1300,0
20141124,0.036,0.036,0.021,0.021,150,0
20141125,0.036,0.036,0.021,0.021,10,0
20141126,0.036,0.036,0.021,0.021,50,0
20141201,0.036,0.036,0.02,0.021,25,0
20141202,0.036,0.036,0.018,0.021,100,0
20141205,0.036,0.036,0.018,0.025,200,0
20141208,0.036,0.036,0.019,0.024,30,0
20141210,0.035,0.035,0.022,0.022,500,0
20141211,0.035,0.035,0.019,0.022,130,0
20141215,0.021,0.021,0.018,0.018,455,0
20141218,0.035,0.035,0.021,0.021,53,0
20141222,0.021,0.021,0.02,0.02,100,0
20141229,0.035,0.035,0.019,0.021,484,0
20141230,0.035,0.035,0.021,0.035,30,0
20150105,0.035,0.035,0.021,0.021,45,0
20150107,0.021,0.021,0.021,0.021,30,0
20150114,0.036,0.036,0.02,0.02,45,0
20150119,0.023,0.023,0.016,0.018,3900,0
20150123,0.032,0.032,0.019,0.019,6150,0
20150126,0.032,0.032,0.019,0.019,1185,0
20150127,0.019,0.019,0.019,0.019,1120,0
20150129,0.032,0.032,0.019,0.019,60,0
20150204,0.033,0.033,0.019,0.02,51,0
20150205,0.019,0.02,0.019,0.02,419,0
20150206,0.033,0.033,0.016,0.019,310,0
20150209,0.033,0.033,0.019,0.019,5040,0
20150211,0.033,0.033,0.019,0.019,125,0
20150213,0.019,0.019,0.019,0.019,340,0
20150218,0.019,0.019,0.014,0.014,280,0
20150220,0.019,0.019,0.016,0.016,100,0
20150224,0.019,0.019,0.017,0.017,50,0
20150225,0.019,0.019,0.019,0.019,50,0
20150226,0.019,0.019,0.019,0.019,100,0
20150227,0.019,0.019,0.019,0.019,1160,0
20150303,0.03,0.03,0.014,0.014,50,0
20150304,0.02,0.02,0.011,0.014,229,0
20150306,0.014,0.014,0.011,0.012,601,0
20150309,0.03,0.03,0.01,0.01,151,0
20150317,0.02,0.02,0.01,0.01,290,0
20150320,0.01,0.01,0.01,0.01,1200,0
20150326,0.029,0.029,0.01,0.01,70,0
20150330,0.01,0.01,0.01,0.01,112,0
20150401,0.029,0.029,0.012,0.012,200,0
20150402,0.012,0.012,0.012,0.012,70,0
20150407,0.012,0.012,0.012,0.012,200,0
20150414,0.015,0.02,0.015,0.02,16,0
20150415,0.015,0.016,0.015,0.016,132,0
20150421,0.015,0.015,0.01,0.01,223,0
20150422,0.011,0.011,0.011,0.011,60,0
20150424,0.011,0.011,0.011,0.011,87,0
20150427,0.011,0.012,0.011,0.012,450,0
20150429,0.02,0.02,0.02,0.02,60,0
20150505,0.018,0.018,0.018,0.018,50,0
20150511,0.01,0.01,0.01,0.01,30,0
20150512,0.01,0.011,0.01,0.011,100,0
20150515,0.01,0.011,0.01,0.011,25,0
20150527,0.01,0.011,0.01,0.011,50,0
20150528,0.01,0.011,0.01,0.011,11258,0
20150610,0.01,0.01,0.01,0.01,100,0
20150611,0.01,0.01,0.01,0.01,340,0
20150612,0.01,0.01,0.01,0.01,30,0
20150630,0.011,0.011,0.011,0.011,100,0
20150715,0.01,0.01,0.01,0.01,745,0
20150716,0.01,0.01,0.01,0.01,1730,0
20150720,0.01,0.01,0.01,0.01,75,0
20150722,0.005,0.011,0.005,0.011,20030,0
20150723,0.012,0.012,0.012,0.012,85,0
20150731,0.012,0.013,0.012,0.013,500,0
20150812,0.012,0.012,0.012,0.012,1100,0
20150821,0.012,0.012,0.012,0.012,100,0
20150824,0.012,0.013,0.012,0.013,25,0
20150902,0.009,0.009,0.009,0.009,50,0
20150908,0.009,0.009,0.009,0.009,90,0
20150910,0.009,0.009,0.009,0.009,5,0
20150915,0.009,0.009,0.009,0.009,150,0
20150916,0.007,0.007,0.007,0.007,110,0
20150924,0.007,0.007,0.007,0.007,100,0
20150929,0.009,0.01,0.009,0.01,2000,0
20151001,0.01,0.011,0.01,0.011,921,0
20151013,0.01,0.012,0.01,0.012,111,0
20151019,0.011,0.012,0.011,0.012,40,0
20151023,0.011,0.011,0.007,0.007,26,0
20151027,0.006,0.006,0.006,0.006,78,0
20151030,0.005,0.014,0.005,0.014,675,0
20151105,0.011,0.012,0.011,0.012,1950,0
20151117,0.011,0.012,0.011,0.012,1532,0
20151207,0.01,0.012,0.01,0.012,140,0
20151216,0.011,0.012,0.011,0.012,71,0
20151222,0.012,0.013,0.012,0.013,150,0
20160104,0.012,0.013,0.012,0.013,1000,0
20160119,0.012,0.063,0.012,0.051,109486,0
20160120,0.045,0.05,0.045,0.05,440,0
20160122,0.036,0.05,0.036,0.05,100,0
20160125,0.036,0.036,0.036,0.036,1825,0
20160129,0.035,0.036,0.035,0.036,100,0
20160201,0.028,0.028,0.028,0.028,100,0
20160211,0.025,0.025,0.025,0.025,115,0
20160217,0.014,0.014,0.014,0.014,280,0
20160222,0.013,0.013,0.013,0.013,30,0
20160229,0.012,0.013,0.012,0.013,60,0
20160301,0.012,0.013,0.012,0.013,1920,0
20160310,0.012,0.013,0.012,0.013,100,0
20160318,0.013,0.013,0.013,0.013,150,0
20160329,0.013,0.013,0.013,0.013,50,0
20160415,0.012,0.013,0.012,0.013,30,0
20160429,0.014,0.014,0.014,0.014,124,0
20160511,0.014,0.014,0.014,0.014,150,0
20160519,0.014,0.021,0.014,0.021,2705,0
20160524,0.014,0.014,0.014,0.014,50,0
20160607,0.018,0.018,0.018,0.018,13000,0
20160609,0.014,0.014,0.014,0.014,2100,0
20160613,0.014,0.017,0.014,0.017,400,0
20160621,0.026,0.031,0.026,0.031,13000,0
20160623,0.027,0.037,0.027,0.037,7500,0
20160624,0.025,0.027,0.025,0.027,490,0
20160629,0.023,0.023,0.023,0.023,200,0
20160704,0.019,0.02,0.019,0.02,3600,0
20160711,0.018,0.018,0.018,0.018,330,0
20160715,0.018,0.018,0.018,0.018,50,0
20160801,0.018,0.018,0.018,0.018,835,0
20160810,0.015,0.033,0.015,0.033,10000,0
20160822,0.015,0.016,0.015,0.016,200,0
20160906,0.015,0.015,0.015,0.015,86,0
20160914,0.015,0.016,0.015,0.016,1000,0
20160926,0.015,0.016,0.015,0.016,10000,0
20160927,0.015,0.016,0.015,0.016,100,0
20160928,0.015,0.016,0.015,0.016,100,0
20161005,0.015,0.016,0.015,0.016,350,0
20161010,0.048,0.048,0.015,0.015,160000,0
20161014,0.015,0.016,0.015,0.016,345,0
20161019,0.015,0.016,0.015,0.016,250,0
20161021,0.015,0.016,0.015,0.016,1200,0
20161024,0.015,0.016,0.015,0.016,79,0
20161025,0.015,0.016,0.015,0.016,50,0
20161028,0.015,0.016,0.015,0.016,18,0
20161108,0.015,0.016,0.015,0.016,100,0
20161121,0.015,0.016,0.015,0.016,60,0
20161125,0.015,0.016,0.015,0.016,150,0
20161130,0.016,0.016,0.016,0.016,25,0
20161205,0.015,0.015,0.015,0.015,200,0
20161208,0.015,0.016,0.015,0.016,200,0
20161209,0.015,0.016,0.015,0.016,10,0
20161214,0.016,0.017,0.016,0.017,30,0
20161220,0.016,0.017,0.016,0.017,10000,0
20161221,0.016,0.017,0.016,0.017,155,0
20161229,0.016,0.017,0.016,0.017,100,0
20170105,0.016,0.016,0.016,0.016,250,0
20170109,0.016,0.016,0.016,0.016,2930,0
20170110,0.016,0.016,0.016,0.016,230,0
20170111,0.016,0.016,0.016,0.016,25,0
20170112,0.016,0.016,0.016,0.016,5000,0
20170116,0.015,0.016,0.015,0.016,45,0
20170119,0.015,0.016,0.015,0.016,100,0
20170131,0.015,0.016,0.015,0.016,108,0
20170203,0.015,0.016,0.015,0.016,85,0
20170206,0.016,0.016,0.016,0.016,740,0
20170207,0.015,0.023,0.015,0.023,47000,0
20170214,0.017,0.023,0.017,0.023,100,0
20170215,0.017,0.022,0.017,0.022,43,0
20170220,0.023,0.024,0.023,0.024,200,0
20170227,0.021,0.021,0.021,0.021,10,0
20170228,0.021,0.021,0.021,0.021,250,0
20170303,0.02,0.024,0.02,0.024,110,0
20170321,0.02,0.02,0.02,0.02,15,0
20170322,0.02,0.02,0.02,0.02,300,0
