Date,Open,High,Low,Close,Volume,OpenInt
20090408,5.5816,7.4421,5.5816,7.4421,3,0
20090414,5.5816,7.4421,5.5816,5.5816,0,0
20090416,5.5816,7.4421,5.5816,5.5816,0,0
20090417,5.5816,7.256,3.721,5.5816,9,0
20090420,5.5816,7.4421,5.5816,6.1398,2,0
20090421,5.5816,7.4421,5.5816,5.5816,17,0
20090423,5.5816,7.4421,5.5816,5.7677,2,0
20090424,5.5816,7.4421,5.5816,5.7677,0,0
20090427,5.5816,7.4421,5.5816,5.7677,1,0
20090429,5.5816,7.4421,5.5816,5.5816,0,0
20090430,5.5816,7.256,5.5816,7.256,807,0
20090504,6.5119,8.0003,5.5816,6.5119,10,0
20090505,5.5816,7.6281,5.5816,6.1398,1,0
20090506,5.9537,9.1166,5.9537,9.1166,12,0
20090507,6.5119,6.5119,5.5816,5.5816,0,0
20090508,5.9537,9.3028,5.9537,9.3028,203,0
20090511,6.5119,9.675,6.5119,9.675,215,0
20090512,6.884,9.675,6.1398,9.675,179,0
20090513,6.884,8.5584,5.5816,5.5816,1,0
20090514,8.1863,10.047,5.9537,10.047,86,0
20090515,8.7445,8.7445,6.3258,7.4421,0,0
20090519,5.9537,8.1863,5.9537,6.698,32,0
20090520,5.9537,8.1863,5.9537,7.07,0,0
20090522,5.9537,8.1863,5.9537,6.698,5,0
20090525,5.9537,8.1863,5.9537,6.698,0,0
20090526,5.9537,9.3028,5.7677,9.3028,0,0
20090527,6.5119,8.3724,4.2792,4.2792,41,0
20090528,5.9537,7.4421,5.9537,7.4421,4,0
20090529,6.698,10.047,5.9537,10.047,45,0
20090603,6.1398,8.1863,3.721,3.721,4,0
20090604,5.5816,8.1863,5.5816,8.1863,5,0
20090605,5.9537,8.1863,5.9537,5.9537,0,0
20090608,5.9537,8.1863,5.9537,6.884,33,0
20090609,5.5816,8.0003,5.5816,6.884,11,0
20090610,5.5816,8.0003,5.5816,7.07,1,0
20090612,5.9537,8.7445,5.9537,8.3724,28,0
20090615,5.9537,10.047,5.9537,7.07,58,0
20090616,6.3258,8.3724,6.3258,7.07,175,0
20090617,6.3258,8.1863,6.3258,7.07,0,0
20090618,5.9537,8.0003,4.0932,8.0003,21,0
20090619,5.9537,8.0003,5.9537,5.9537,33,0
20090622,5.9537,8.0003,5.9537,6.3258,19,0
20090624,6.3258,7.07,5.9537,6.1398,3,0
20090625,5.9537,7.07,4.0932,4.0932,16,0
20090629,5.9537,5.9537,3.721,3.721,0,0
20090630,5.5816,5.7677,3.721,5.7677,0,0
20090702,5.9537,8.1863,4.0932,6.1398,0,0
20090703,5.5816,8.3724,4.2792,8.3724,4,0
20090706,6.1398,8.1863,4.2792,6.3258,1,0
20090707,6.1398,8.1863,4.2792,4.2792,0,0
20090709,6.1398,6.698,4.2792,6.698,30,0
20090710,6.5119,7.4421,4.6513,6.5119,197,0
20090713,6.5119,7.4421,4.6513,6.698,5,0
20090715,6.5119,10.047,4.6513,10.047,256,0
20090716,6.5119,7.4421,6.5119,6.698,0,0
20090717,6.5119,6.698,4.6513,6.698,2,0
20090720,6.5119,7.07,6.5119,6.5119,811,0
20090721,6.5119,7.4421,6.5119,7.4421,10,0
20090722,7.07,7.4421,6.5119,7.4421,28,0
20090723,6.5119,7.4421,6.5119,7.4421,177,0
20090724,6.5119,10.233,6.5119,7.8142,24,0
20090727,8.3724,8.3724,6.5119,6.698,0,0
20090728,6.5119,8.3724,4.6513,4.6513,17,0
20090729,6.5119,10.233,4.6513,10.233,18,0
20090730,6.5119,8.3724,6.5119,6.698,13,0
20090731,8.3724,8.3724,4.6513,6.698,0,0
20090803,8.0003,8.0003,3.721,3.721,5,0
20090805,5.9537,5.9537,4.6513,5.7677,35,0
20090806,5.5816,8.0003,4.6513,7.8142,12,0
20090812,8.1863,8.1863,5.7677,8.0003,108,0
20090813,8.1863,8.1863,5.9537,6.1398,0,0
20090814,6.3258,6.3258,5.5816,6.1398,47,0
20090818,7.4421,7.4421,5.5816,6.698,0,0
20090819,5.5816,7.4421,5.5816,6.5119,0,0
20090820,5.5816,7.256,5.5816,7.256,5,0
20090821,5.5816,8.0003,5.5816,8.0003,135,0
20090824,5.9537,7.6281,5.7677,6.1398,0,0
20090826,6.5119,8.0003,4.8374,6.698,109,0
20090828,6.5119,8.0003,6.5119,6.5119,27,0
20090831,6.5119,8.0003,6.5119,6.5119,1,0
20090901,6.5119,7.8142,5.7677,6.3258,1,0
20090902,7.6281,7.6281,5.7677,6.3258,0,0
20090904,5.5816,7.4421,3.721,3.721,0,0
20090907,5.7677,6.3258,3.9071,6.3258,0,0
20090909,5.7677,6.3258,3.721,3.721,0,0
20090910,5.7677,6.5119,4.6513,6.5119,0,0
20090911,5.7677,6.698,4.6513,4.6513,0,0
20090914,5.7677,5.9537,4.6513,4.6513,135,0
20090915,5.7677,6.698,4.6513,4.6513,10,0
20090916,5.7677,6.698,3.9071,5.9537,18,0
20090917,5.7677,6.698,3.9071,5.9537,1,0
20090918,5.7677,6.698,3.721,3.721,0,0
20090921,5.7677,5.9537,3.9071,5.9537,1,0
20090922,5.7677,7.256,3.721,5.5816,478,0
20090923,4.6513,6.1398,3.1629,5.0234,0,0
20090925,5.0234,6.3258,3.1629,5.0234,2,0
20090928,5.0234,6.3258,3.1629,5.0234,1,0
20090929,4.4653,5.9537,2.9768,4.8374,2,0
20090930,4.2792,9.3028,2.4187,9.3028,268,0
20091002,5.0234,6.698,5.0234,6.698,6,0
20091005,5.2095,7.4421,5.0234,7.4421,177,0
20091006,5.5816,7.4421,5.5816,6.698,0,0
20091007,5.2095,6.698,3.721,6.698,0,0
20091008,5.2095,7.256,3.721,4.8374,1,0
20091012,5.3956,6.698,3.535,6.698,48,0
20091013,5.2095,6.1398,3.1629,3.1629,0,0
20091014,5.0234,6.3258,3.1629,6.3258,3,0
20091015,5.0234,6.3258,3.1629,6.3258,2,0
20091016,5.0234,6.884,3.535,5.3956,92,0
20091019,4.6513,6.884,2.9768,6.884,56,0
20091020,6.3258,6.884,6.3258,6.884,5,0
20091021,5.3956,6.3258,4.6513,4.6513,315,0
20091022,5.3956,5.5816,3.721,5.5816,108,0
20091023,3.721,5.3956,3.535,3.535,0,0
20091026,3.9071,3.9071,3.721,3.721,0,0
20091028,3.9071,5.5816,3.9071,5.5816,5,0
20091029,3.9071,5.9537,3.9071,4.4653,0,0
20091030,3.9071,5.9537,3.9071,5.9537,4,0
20091102,3.9071,5.5816,3.721,5.5816,0,0
20091103,3.721,5.5816,3.721,3.9071,0,0
20091104,3.721,5.5816,3.721,5.5816,0,0
20091105,3.721,5.5816,3.721,4.0932,0,0
20091117,3.9071,5.5816,3.9071,3.9071,0,0
20091118,4.0932,4.0932,4.0932,4.0932,1,0
20091119,4.0932,4.8374,2.2327,4.8374,56,0
20091120,4.0932,6.3258,4.0932,5.2095,1,0
20091124,6.3258,6.3258,4.0932,4.0932,0,0
20091125,4.0932,5.2095,4.0932,4.0932,0,0
20091126,4.0932,5.2095,4.0932,5.2095,1,0
20091127,4.0932,5.2095,4.0932,4.4653,30,0
20091130,4.0932,4.6513,4.0932,4.4653,32,0
20091201,4.0932,5.5816,3.721,4.2792,2,0
20091202,3.721,5.5816,3.721,4.2792,0,0
20091203,3.721,4.2792,3.721,4.2792,2,0
20091204,3.721,5.5816,3.721,4.2792,0,0
20091207,3.721,5.5816,3.721,4.4653,0,0
20091208,4.0932,7.4421,3.721,7.4421,217,0
20091210,4.0932,6.698,4.0932,4.4653,0,0
20091211,4.0932,5.3956,4.0932,5.3956,2,0
20091216,4.0932,4.4653,4.0932,4.4653,0,0
20091217,4.0932,4.4653,4.0932,4.4653,4,0
20091218,4.0932,4.8374,4.0932,4.0932,1,0
20091222,3.721,4.2792,3.721,4.2792,0,0
20091223,4.0932,4.8374,4.0932,4.8374,0,0
20091228,4.0932,4.2792,3.721,4.2792,1,0
20091229,3.721,4.2792,3.721,4.2792,0,0
20091230,3.721,4.8374,3.721,4.8374,2,0
20100104,4.0932,4.6513,4.0932,4.6513,0,0
20100105,3.721,5.5816,3.721,5.5816,219,0
20100106,4.6513,7.256,3.721,7.256,2,0
20100107,4.6513,5.7677,3.721,5.7677,2,0
20100108,4.6513,5.7677,4.6513,5.7677,0,0
20100111,4.6513,5.7677,4.6513,5.7677,1,0
20100112,4.6513,5.7677,4.6513,5.7677,0,0
20100113,4.6513,7.256,4.6513,5.7677,3,0
20100115,4.0932,5.7677,4.0932,5.7677,2,0
20100118,4.0932,6.3258,4.0932,5.5816,107,0
20100119,4.0932,5.7677,4.0932,4.2792,13,0
20100120,4.0932,4.2792,2.2327,4.2792,13,0
20100121,4.0932,4.2792,2.2327,4.2792,54,0
20100122,4.0932,4.2792,2.2327,4.2792,0,0
20100125,4.0932,4.2792,2.2327,4.2792,1,0
20100126,4.6513,4.8374,2.7908,4.8374,4,0
20100127,4.6513,4.8374,2.7908,4.8374,1,0
20100128,4.6513,4.8374,2.7908,4.8374,1,0
20100129,4.6513,4.8374,2.7908,4.8374,10,0
20100201,4.6513,5.0234,2.7908,5.0234,2,0
20100202,4.6513,5.0234,2.7908,5.0234,2,0
20100203,4.6513,4.8374,2.7908,2.7908,0,0
20100204,4.6513,4.8374,2.7908,4.8374,0,0
20100205,4.6513,5.2095,2.7908,5.2095,3,0
20100208,4.6513,4.6513,2.7908,4.6513,1,0
20100209,5.5816,5.7677,2.7908,5.5816,205,0
20100210,4.6513,5.5816,2.7908,5.5816,2,0
20100212,4.6513,4.6513,2.7908,4.6513,0,0
20100215,4.6513,9.3028,2.7908,9.3028,26,0
20100216,4.6513,5.2095,4.6513,4.8374,113,0
20100217,4.6513,4.8374,2.7908,4.8374,1,0
20100218,4.6513,4.8374,2.7908,4.8374,0,0
20100219,4.6513,4.8374,2.7908,4.8374,1,0
20100222,4.6513,4.8374,2.7908,4.8374,0,0
20100223,4.8374,5.3956,2.9768,5.3956,331,0
20100224,4.6513,4.8374,2.7908,4.8374,0,0
20100225,4.6513,4.8374,2.7908,4.8374,1,0
20100302,4.6513,4.8374,2.7908,4.8374,5,0
20100303,4.6513,4.8374,2.7908,4.6513,237,0
20100304,3.9071,3.9071,3.1629,3.9071,1,0
20100305,3.3489,3.9071,3.3489,3.9071,0,0
20100309,3.3489,3.9071,2.7908,3.3489,22,0
20100310,3.3489,3.9071,3.3489,3.9071,1,0
20100311,3.3489,3.9071,3.3489,3.3489,1,0
20100312,3.3489,3.9071,3.3489,3.9071,0,0
20100315,3.3489,3.721,3.3489,3.721,224,0
20100316,2.4187,3.535,2.4187,3.535,1,0
20100317,2.6047,4.6513,2.6047,2.7908,545,0
20100319,2.7908,2.9768,2.4187,2.7908,57,0
20100322,2.4187,2.6047,1.4885,2.6047,1,0
20100323,2.7908,3.721,1.4885,3.721,3,0
20100324,3.721,3.721,2.9768,2.9768,5,0
20100325,2.7908,3.1629,2.7908,3.1629,3,0
20100326,2.6047,2.6047,2.4187,2.4187,0,0
20100329,2.6047,3.1629,2.6047,3.1629,6,0
20100330,2.6047,3.1629,2.6047,3.1629,0,0
20100331,2.6047,3.1629,2.6047,3.1629,1,0
20100406,2.6047,3.1629,2.6047,2.9768,108,0
20100407,2.4187,3.1629,2.4187,3.1629,1,0
20100408,2.4187,3.1629,2.4187,3.1629,0,0
20100409,2.4187,2.4187,2.4187,2.4187,1075,0
20100412,1.6745,2.9768,1.6745,2.7908,54,0
20100413,2.2327,2.7908,2.2327,2.6047,0,0
20100414,2.2327,2.6047,2.2327,2.6047,2,0
20100416,2.0466,3.3489,2.0466,3.3489,592,0
20100419,2.6047,2.9768,2.6047,2.9768,0,0
20100420,2.6047,2.9768,2.6047,2.9768,5,0
20100421,2.6047,3.3489,2.6047,2.9768,0,0
20100422,2.9768,2.9768,2.0466,2.0466,1,0
20100423,2.9768,3.3489,2.0466,3.3489,11,0
20100426,2.9768,2.9768,2.0466,2.0466,1,0
20100427,2.9768,3.3489,2.0466,3.3489,1,0
20100428,2.9768,3.1629,2.9768,3.1629,1,0
20100429,2.9768,3.3489,2.9768,3.3489,0,0
20100430,2.9768,3.3489,2.9768,3.3489,1,0
20100503,2.9768,2.9768,2.0466,2.0466,0,0
20100505,1.8606,2.7908,1.8606,2.7908,0,0
20100506,2.0466,3.721,2.0466,3.721,11,0
20100507,2.2327,2.7908,2.0466,2.7908,1,0
20100510,2.2327,2.7908,2.0466,2.0466,0,0
20100511,2.4187,3.535,2.0466,3.535,19,0
20100514,2.7908,3.535,2.7908,3.535,0,0
20100517,2.7908,3.535,2.2327,3.1629,116,0
20100518,2.7908,3.535,2.7908,3.535,38,0
20100519,2.7908,2.9768,2.7908,2.9768,1,0
20100520,2.7908,2.7908,2.2327,2.2327,0,0
20100521,2.7908,2.9768,2.7908,2.9768,0,0
20100524,2.6047,2.6047,2.6047,2.6047,607,0
20100525,2.4187,2.4187,2.0466,2.4187,139,0
20100528,2.2327,2.7908,2.2327,2.2327,0,0
20100608,2.2327,2.2327,2.0466,2.0466,0,0
20100610,2.2327,2.2327,2.2327,2.2327,0,0
20100611,2.2327,2.4187,2.0466,2.0466,1,0
20100615,2.2327,2.4187,2.2327,2.4187,0,0
20100618,2.2327,2.4187,2.2327,2.4187,5,0
20100621,2.2327,2.9768,2.0466,2.0466,10,0
20100622,2.2327,2.2327,2.2327,2.2327,1,0
20100624,2.2327,2.2327,2.0466,2.0466,22,0
20100628,2.2327,2.2327,2.2327,2.2327,272,0
20100629,2.0466,2.4187,2.0466,2.4187,0,0
20100630,2.0466,2.7908,1.1163,1.1163,215,0
20100702,2.2327,2.2327,1.3024,2.0466,4,0
20100705,2.2327,2.6047,1.3024,2.6047,1,0
20100706,2.0466,2.9768,2.0466,2.6047,54,0
20100707,2.0466,2.9768,1.3024,2.6047,0,0
20100708,2.2327,2.2327,1.3024,1.8606,0,0
20100714,2.7908,2.7908,2.4187,2.7908,512,0
20100715,2.4187,3.1629,2.4187,3.1629,718,0
20100719,2.6047,3.1629,2.0466,2.0466,0,0
20100720,2.2327,2.6047,2.2327,2.6047,91,0
20100721,2.2327,2.6047,1.4885,2.6047,1,0
20100722,2.0466,2.6047,1.3024,2.6047,0,0
20100723,2.2327,2.2327,1.4885,1.4885,0,0
20100726,2.2327,2.6047,1.4885,2.6047,1,0
20100727,2.2327,2.6047,1.4885,2.2327,380,0
20100728,2.0466,2.6047,1.8606,2.6047,1,0
20100730,2.3257,2.3257,1.3954,1.3954,114,0
20100802,1.1163,1.3954,0.8373,0.8373,793,0
20100803,1.1163,1.1163,0.5768,0.6604,316,0
20100804,0.5674,1.2112,0.5674,1.2112,830,0
20100805,0.8373,1.2094,0.6977,0.8558,75,0
20100806,0.8373,1.8606,0.8373,1.8606,324,0
20100809,1.2094,2.4187,1.2094,2.0466,330,0
20100810,2.0466,2.4187,2.0466,2.0559,185,0
20100811,2.0559,2.3722,2.0466,2.0466,417,0
20100812,1.8606,1.8698,1.8606,1.8606,66,0
20100813,1.8606,1.8698,1.2094,1.2094,698,0
20100816,1.8606,1.8606,0.8838,0.9395,1,0
20100817,1.2094,1.8606,1.2094,1.8606,947,0
20100818,1.8606,1.8652,0.9303,0.9303,7,0
20100819,1.6745,1.8606,1.3954,1.8606,7,0
20100820,1.6745,1.6745,0.9415,1.628,1009,0
20100823,1.6745,1.6745,1.3024,1.3954,24,0
20100824,1.6745,1.6745,1.1629,1.1629,199,0
20100825,1.6745,1.8606,1.1172,1.8606,19,0
20100827,1.6745,1.8606,1.0233,1.0233,6,0
20100830,1.6745,1.8606,1.0233,1.8606,2,0
20100831,0.9498,1.6745,0.9498,1.6745,3,0
20100901,1.6745,1.6745,1.0242,1.0373,7,0
20100902,1.6745,1.6745,1.0335,1.6745,1,0
20100907,1.6745,1.6745,1.0419,1.6745,2,0
20100908,1.4885,1.6745,1.0512,1.4419,136,0
20100910,1.0512,1.6745,1.0512,1.6745,22,0
20100913,1.1163,1.6745,1.1163,1.1359,1,0
20100914,1.6745,1.6745,0.9303,0.9303,2,0
20100921,1.1163,1.3954,1.1163,1.1163,19,0
20100923,1.1163,1.1266,1.0326,1.0326,7,0
20100924,1.1163,1.1163,1.1163,1.1163,336,0
20100927,1.1163,1.3973,1.1163,1.3973,4,0
20100929,1.1163,1.3954,1.1163,1.3954,492,0
20100930,1.1163,1.3954,1.1163,1.3954,37,0
20101013,0.9303,1.0326,0.9303,0.9303,2,0
20101014,0.9303,1.0326,0.9303,0.9303,4,0
20101020,1.0326,1.1163,0.9303,1.1163,25,0
20101027,0.9303,1.0838,0.9303,1.0838,1,0
20101105,0.9303,0.9303,0.7442,0.8373,2,0
20101112,0.9303,0.9303,0.7628,0.9303,4,0
20101115,0.9303,0.9303,0.7628,0.8475,501,0
20101122,0.9303,1.3954,0.8568,1.3954,101,0
20101123,0.9303,1.414,0.9303,1.3954,295,0
20101210,0.9303,0.9312,0.9303,0.9312,1,0
20101214,0.9303,1.3024,0.9303,0.9395,56,0
20101215,0.9303,0.9768,0.9303,0.9489,57,0
20101221,0.9303,0.986,0.7442,0.9768,258,0
20101228,0.9303,0.986,0.9303,0.986,118,0
20101229,0.9303,1.3954,0.9303,1.3954,118,0
20101230,0.9303,1.1629,0.9303,0.988,60,0
20110103,0.9303,1.1629,0.9303,1.1629,61,0
20110110,0.8373,1.0335,0.8373,0.9768,10,0
20110114,0.8373,1.0512,0.8373,1.0512,47,0
20110124,0.8373,1.0549,0.8373,0.8373,31,0
20110126,0.8373,1.0559,0.8373,0.9349,1,0
20110201,0.8373,1.0605,0.8373,0.9768,1,0
20110207,1.0791,1.0884,0.8373,1.0884,81,0
20110210,0.8373,1.2186,0.8373,1.2186,5,0
20110211,0.8373,1.228,0.8373,1.228,1,0
20110214,0.8373,1.2205,0.8373,1.2205,1,0
20110215,0.8373,1.2094,0.8373,1.1647,1,0
20110222,0.8373,1.1647,0.8373,0.9489,11,0
20110224,0.8373,1.1721,0.8373,1.1712,27,0
20110314,0.9377,0.9387,0.8373,0.9387,8,0
20110316,0.8373,0.9303,0.8373,0.8577,4,0
20110317,0.8373,0.9349,0.8373,0.9349,2,0
20110324,0.9312,0.9331,0.9312,0.9331,10,0
20110328,0.8373,1.2373,0.7442,0.7442,352,0
20110330,0.8373,1.6001,0.8373,1.6001,22,0
20110331,0.8373,1.5907,0.8373,1.0707,32,0
20110404,0.8373,1.5907,0.8373,1.5907,300,0
20110406,0.8373,1.4047,0.8373,1.4047,1,0
20110408,0.8373,1.4056,0.8373,1.4056,1,0
20110411,0.8373,1.4047,0.8373,1.4047,12,0
20110414,0.8373,1.1731,0.8373,1.1731,2,0
20110419,0.8373,1.1768,0.8373,1.1768,1,0
20110421,0.9303,1.1768,0.9303,1.1768,2,0
20110428,1.1721,1.1814,0.9303,1.1814,1,0
20110429,0.9303,1.1768,0.9303,1.1768,17,0
20110506,0.9303,2.642,0.9303,2.642,443,0
20110509,0.9303,2.7815,0.9303,2.7815,721,0
20110510,0.9303,2.7908,0.9303,1.5815,1,0
20110517,0.9303,0.9303,0.9303,0.9303,2,0
20110518,0.9303,1.0233,0.9303,1.0233,13,0
20110601,0.7442,3.5443,0.7442,3.5443,45,0
20110602,0.7442,3.5443,0.7442,3.2559,197,0
20110607,0.9303,3.2559,0.9303,2.428,1071,0
20110609,1.8606,2.7908,1.8606,2.428,2,0
20110610,1.8606,2.7908,1.8606,2.7908,82,0
20110613,2.428,2.7908,1.8606,2.7908,1,0
20110614,2.4187,3.255,1.8698,3.255,109,0
20110616,1.8792,2.4522,1.8792,2.4522,76,0
20110620,2.4615,2.4615,1.9536,1.9536,2,0
20110622,1.9536,2.5126,1.9536,2.5126,2,0
20110623,1.9536,2.7285,1.9536,2.7285,539,0
20110627,2.4475,3.1898,1.9536,1.9536,364,0
20110629,3.0141,3.0141,1.9536,1.9536,4,0
20110630,1.9536,1.9536,1.9536,1.9536,41,0
20110704,1.9536,1.9536,1.9536,1.9536,17,0
20110706,1.9536,1.9536,1.9536,1.9536,54,0
20110707,3.1629,3.1629,1.9536,1.9536,387,0
20110708,3.2559,3.2559,3.2559,3.2559,251,0
20110711,3.628,3.9862,3.2559,3.2559,23,0
20110712,3.7955,3.7965,3.2559,3.2559,258,0
20110713,3.2559,3.6188,3.1629,3.2559,813,0
20110715,3.2559,3.4699,3.2559,3.2559,701,0
20110718,3.2559,3.5415,3.2559,3.2559,1,0
20110719,3.4605,3.8085,3.2559,3.2559,1,0
20110720,3.721,4.0867,3.2559,3.2559,268,0
20110721,4.0932,4.3778,3.2559,3.2559,27,0
20110722,4.6829,4.6829,3.2559,3.2559,1867,0
20110725,6.5305,6.5305,3.3583,3.3583,1410,0
20110726,7.0887,7.0887,6.5119,6.5119,420,0
20110727,6.5119,7.016,6.5119,6.5119,202,0
20110728,6.5119,6.5119,6.4682,6.5119,42,0
20110729,6.3724,6.5119,5.4886,6.5119,548,0
20110801,5.2281,5.7491,5.2095,5.2095,1,0
20110802,5.3211,5.8467,4.3025,5.2095,547,0
20110803,3.628,5.2095,3.628,5.2095,1338,0
20110804,3.721,3.7304,3.721,3.721,277,0
20110805,3.5443,3.721,2.7815,3.2559,274,0
20110808,3.2559,3.721,2.7815,3.2559,63,0
20110809,2.7908,3.9536,2.7908,2.7908,979,0
20110810,4.3834,4.3834,2.7908,4.1397,358,0
20110811,3.9815,4.0001,3.7518,4.0001,457,0
20110812,3.6001,4.0001,3.5973,4.0001,37,0
20110816,3.7118,3.9071,3.7118,3.9071,266,0
20110817,3.4234,3.9071,3.4206,3.9071,108,0
20110819,3.9071,3.9071,3.5443,3.9071,108,0
20110823,3.3397,3.721,3.3397,3.721,108,0
20110829,3.4699,3.721,3.4661,3.5918,110,0
20110901,3.3862,3.721,3.3862,3.3862,1,0
20110905,3.3862,3.721,3.1898,3.1898,55,0
20110906,3.0047,3.721,3.0029,3.1108,109,0
20110907,3.1071,3.4206,3.0698,3.4206,215,0
20110908,3.2187,3.2225,3.0698,3.2225,1,0
20110912,3.2187,3.3024,3.0698,3.3024,1,0
20110920,3.0698,3.1629,3.0698,3.1629,2,0
20110921,2.9768,3.0698,2.9768,2.9768,1,0
20110922,3.135,3.135,2.949,2.9508,53,0
20110923,2.7722,3.0698,2.7722,2.775,1,0
20110929,2.7722,3.0698,2.7722,2.8373,1,0
20111003,2.5396,3.0698,2.5396,2.6624,28,0
20111004,2.7908,3.0698,2.7908,2.7908,205,0
20111006,2.7908,2.7908,2.294,2.3759,925,0
20111007,2.2884,3.1323,2.2884,3.1323,1281,0
20111010,3.0187,4.162,2.7908,4.0932,2090,0
20111012,4.1862,4.1955,2.7908,4.1862,2,0
20111013,4.1862,4.5583,2.7908,4.1638,1279,0
20111014,4.1676,4.5583,2.7908,4.3415,1853,0
20111017,4.1397,4.6978,2.7908,4.4653,122,0
20111018,4.4653,4.7537,2.7908,4.5024,148,0
20111020,4.4653,4.4839,4.1862,4.416,2748,0
20111021,4.4188,4.5118,4.1862,4.416,145,0
20111024,4.4188,4.6504,4.1862,4.6504,1,0
20111025,4.1862,4.6513,4.1862,4.4718,5376,0
20111026,4.2327,4.8374,4.1862,4.5118,2149,0
20111027,4.5118,4.8374,4.1862,4.6048,1613,0
20111028,4.6048,4.8188,4.1862,4.6513,472,0
20111031,4.6513,4.8374,4.1862,4.7444,3408,0
20111101,4.7444,4.7444,4.3722,4.6513,307,0
20111102,4.6513,4.6607,4.3722,4.6607,103,0
20111103,4.6513,4.6513,4.3722,4.6513,333,0
20111104,4.6513,4.6513,4.3722,4.6513,1,0
20111107,4.6513,4.7444,4.5583,4.6411,54,0
20111108,4.642,4.7444,4.5583,4.6411,54,0
20111109,4.642,4.7444,4.6048,4.629,54,0
20111110,4.6327,4.6699,4.6048,4.6513,188,0
20111111,4.6513,4.6513,4.4086,4.4086,860,0
20111114,4.4094,4.5583,4.3722,4.5583,1,0
20111115,4.5583,4.6978,4.4653,4.5583,108,0
20111116,4.5583,4.9304,4.4653,4.5583,162,0
20111117,4.5583,4.6513,4.5341,4.6513,20,0
20111121,4.5471,4.9304,4.5471,4.6513,430,0
20111122,4.6513,4.9304,4.6457,4.6504,143,0
20111123,4.4867,4.9304,4.4867,4.6513,109,0
20111124,4.6513,4.6513,4.4281,4.6513,1021,0
20111125,4.6513,5.0234,4.5583,4.6513,268,0
20111128,4.6513,5.0234,4.4281,4.6513,51,0
20111129,4.6513,5.0234,4.6142,4.7444,32,0
20111130,4.7444,4.7444,4.5583,4.7444,109,0
20111201,4.5583,5.0234,4.5583,4.6523,4,0
20111202,4.6513,4.6523,4.643,4.643,9,0
20111205,4.6272,4.6467,4.6272,4.6467,1,0
20111206,4.5443,4.8839,4.4281,4.6978,10,0
20111207,4.7202,4.8374,4.6513,4.6513,443,0
20111208,4.6513,5.0049,4.6513,4.6513,4,0
20111209,4.6513,4.9769,4.5192,4.7444,32,0
20111212,4.7444,5.0234,4.696,4.7444,1,0
20111214,4.7444,5.0095,4.6727,4.7444,76,0
20111215,4.7444,4.9304,4.6951,4.9304,119,0
20111216,4.7444,4.9304,4.7211,4.7444,118,0
20111219,4.7444,4.9304,4.6587,4.735,22,0
20111220,4.735,4.9304,4.7164,4.7444,45,0
20111221,4.7444,4.9304,4.6513,4.6513,1613,0
20111222,4.6066,4.9304,4.6066,4.6513,23,0
20111227,4.7537,4.7983,4.602,4.602,864,0
20111228,4.6048,4.8988,4.5583,4.6978,1599,0
20111229,4.6978,4.9769,4.5583,4.8374,2963,0
20111230,4.6048,5.1165,4.6048,5.1165,661,0
20120102,4.5974,4.9769,4.5974,4.7629,116,0
20120103,4.7156,5.1165,4.7156,4.856,215,0
20120104,4.7704,5.2095,4.7704,5.0234,108,0
20120105,5.0234,5.0234,4.8839,4.8839,860,0
20120106,4.8411,5.1165,4.8411,4.8839,4,0
20120109,4.8132,5.1165,4.8132,4.8839,86,0
20120110,4.8727,5.1071,4.8727,4.8839,88,0
20120112,4.8839,5.07,4.8467,4.8839,22,0
20120113,4.8839,5.07,4.8569,4.8839,57,0
20120116,4.8839,5.07,4.8253,4.8839,33,0
20120117,4.8839,5.07,4.8336,4.8839,22,0
20120118,4.8839,5.07,4.8234,4.8821,62,0
20120119,4.8681,5.07,4.7444,4.9304,2050,0
20120120,4.8095,4.9304,4.6988,4.7444,126,0
20120123,4.7444,4.9304,4.6857,4.6857,325,0
20120124,4.5936,4.9816,4.5936,4.9816,54,0
20120125,4.7266,4.9304,4.7266,4.7444,45,0
20120126,4.7258,4.9304,4.7258,4.7444,155,0
20120127,4.6857,5.07,4.6857,5.0411,50,0
20120130,4.6783,5.07,4.6783,4.8011,22,0
20120131,4.7258,5.07,4.7258,4.803,21,0
20120201,4.7146,5.07,4.7146,4.803,55,0
20120202,4.7118,5.07,4.7118,4.8486,10,0
20120203,4.8467,5.07,4.7993,4.8486,41,0
20120206,4.7881,5.1211,4.7881,5.1211,87,0
20120207,4.7965,5.1909,4.7965,4.9843,34,0
20120210,4.8839,5.0876,4.7863,5.0876,29,0
20120213,4.9863,5.0895,4.7276,4.7332,1838,0
20120214,4.735,4.9769,4.7062,4.7397,238,0
20120215,4.7444,5.1341,4.7444,4.937,3343,0
20120216,4.9398,5.0328,4.8141,4.9769,217,0
20120217,4.856,5.1286,4.856,5.1165,965,0
20120220,5.0979,5.1174,4.9174,4.9174,54,0
20120221,4.9211,4.9211,4.8392,4.9137,28,0
20120222,4.83,4.9388,4.83,4.8913,108,0
20120223,4.8932,5.1165,4.7769,4.7769,119,0
20120224,4.8244,4.8839,4.709,4.71,1,0
20120227,4.8839,5.0234,4.5834,4.8234,645,0
20120229,4.8839,5.1165,4.7937,5.1165,3146,0
20120301,5.0634,5.3025,5.043,5.0858,10,0
20120302,5.0737,5.0885,5.07,5.07,2,0
20120305,5.07,5.2095,4.9304,4.9304,5163,0
20120306,4.9304,5.2095,4.8839,4.9462,815,0
20120307,4.8811,4.9304,4.8811,4.9304,879,0
20120308,4.9304,4.9304,4.8681,4.8839,1309,0
20120309,4.8839,4.9769,4.7909,4.7909,4112,0
20120312,4.7434,4.8849,4.7434,4.7918,5,0
20120313,4.7611,4.9676,4.7611,4.7899,2499,0
20120314,4.7555,4.7909,4.7555,4.7909,42,0
20120316,4.7909,4.9769,4.7472,4.7909,101,0
20120319,4.749,4.9769,4.749,4.9304,176,0
20120320,4.7723,4.935,4.7453,4.8839,2228,0
20120321,4.7342,4.9304,4.7342,4.7593,17,0
20120322,4.7723,4.8262,4.723,4.8262,199,0
20120323,4.828,4.9825,4.7453,4.9825,1121,0
20120326,4.7081,4.9295,4.7081,4.7909,1058,0
20120328,4.8374,4.9295,4.6969,4.8374,20,0
20120329,4.8374,4.9295,4.6951,4.7444,22,0
20120330,4.7053,4.9295,4.7053,4.8467,118,0
20120402,4.8374,4.9295,4.7444,4.7444,1123,0
20120403,4.7444,4.9304,4.6997,4.8374,108,0
20120405,4.7815,4.8839,4.7472,4.7769,61,0
20120410,4.7815,4.8839,4.7342,4.7751,108,0
20120411,4.7815,4.8839,4.7434,4.7751,88,0
20120412,4.7472,4.9304,4.7472,4.7751,199,0
20120416,4.8002,4.8839,4.6048,4.8839,361,0
20120419,4.6857,4.8839,4.6048,4.8839,70,0
20120420,4.6048,4.8839,4.6048,4.8839,70,0
20120425,4.7676,4.8839,4.549,4.8839,243,0
20120426,4.549,4.9304,4.549,4.5629,34,0
20120427,4.549,4.9304,4.549,4.9304,123,0
20120430,4.6857,4.7909,4.549,4.7258,6,0
20120502,4.7258,4.8374,4.6895,4.7909,82,0
20120503,4.6569,4.8374,4.6569,4.6923,24,0
20120504,4.6495,4.8374,4.6495,4.6681,6316,0
20120507,4.6066,4.6513,4.5583,4.6513,10,0
20120508,4.6513,4.6513,4.6048,4.6513,3,0
20120509,4.6076,4.6523,4.6048,4.6048,1881,0
20120510,4.6327,4.7444,4.5844,4.5844,1595,0
20120511,4.4746,4.7434,4.4746,4.5844,31,0
20120514,4.5285,4.7434,4.5285,4.5844,10,0
20120515,4.5862,4.7704,4.5379,4.6327,1539,0
20120517,4.6327,4.7899,4.5881,4.6327,1265,0
20120518,4.6327,4.6978,4.5723,4.6048,787,0
20120522,4.5936,4.6327,4.5936,4.6327,11,0
20120524,4.7081,4.7434,4.6011,4.6011,545,0
20120525,4.5565,4.7621,4.5118,4.5788,12,0
20120528,4.5629,4.7621,4.5118,4.5797,248,0
20120529,4.5118,4.6504,4.4942,4.4942,3561,0
20120530,4.4932,4.6504,4.4653,4.4942,113,0
20120531,4.4932,4.7342,4.4662,4.5565,28,0
20120601,4.5118,4.735,4.496,4.735,2189,0
20120604,4.3918,4.7342,4.3918,4.7342,64,0
20120605,4.4048,4.7342,4.4048,4.7342,86,0
20120606,4.5024,4.735,4.4746,4.735,25,0
20120607,4.4932,4.6793,4.4253,4.4653,61,0
20120612,4.4653,4.6969,4.416,4.4802,54,0
20120614,4.4188,4.5936,4.4188,4.4774,2,0
20120615,4.4839,4.6969,4.4802,4.4802,133,0
20120618,4.4802,4.696,4.3722,4.5024,1045,0
20120619,4.3248,4.6504,4.3248,4.4653,1004,0
20120620,4.3248,4.6885,4.3248,4.6885,64,0
20120621,4.4188,4.6876,4.3229,4.6876,64,0
20120622,4.4281,4.6876,4.3192,4.6876,108,0
20120625,4.4281,4.6876,4.3257,4.6876,126,0
20120626,4.3267,4.6876,4.3267,4.6876,54,0
20120627,4.4188,4.6876,4.3295,4.4216,36,0
20120628,4.4188,4.6876,4.3285,4.6876,20,0
20120629,4.4188,4.6513,4.3407,4.6513,6095,0
20120702,4.4653,4.6504,4.2792,4.4188,1159,0
20120703,4.2355,4.6513,4.2355,4.3722,54,0
20120704,4.3722,4.6504,4.2792,4.3722,1034,0
20120705,4.2792,4.6513,4.2309,4.6513,583,0
20120706,4.4188,4.6513,4.376,4.376,64,0
20120709,4.4197,4.5816,4.3769,4.3769,108,0
20120710,4.4188,4.6513,4.3769,4.6513,12,0
20120711,4.4188,4.4188,4.3769,4.3778,6,0
20120712,4.4188,4.6513,4.242,4.6142,2181,0
20120713,4.242,4.6513,4.2011,4.3481,41,0
20120716,4.3443,4.6513,4.3248,4.6513,32,0
20120717,4.3443,4.6513,4.3267,4.6513,41,0
20120718,4.3443,4.6513,4.3276,4.6513,7,0
20120719,4.3443,4.6513,4.3285,4.349,17,0
20120720,4.3443,4.6513,4.3239,4.3425,260,0
20120723,4.3816,4.6504,4.322,4.349,6,0
20120724,4.3443,4.6504,4.3276,4.642,64,0
20120725,4.3908,4.6513,4.3174,4.6513,229,0
20120726,4.5118,4.6504,3.9127,4.0932,6858,0
20120727,3.9536,4.1397,3.9053,4.1397,2909,0
20120730,3.9071,3.963,3.8225,3.8513,3193,0
20120731,3.8513,4.2225,3.8085,4.0402,1203,0
20120801,3.8048,4.2792,3.8048,4.2792,105,0
20120802,4.0932,4.2792,3.9992,4.2792,46,0
20120803,3.8597,4.2876,3.8597,4.2838,62,0
20120806,4.0383,4.2876,4.0383,4.2838,97,0
20120808,4.0839,4.2792,4.0262,4.0746,22,0
20120809,4.0746,4.2327,4.029,4.0746,54,0
20120810,4.0746,4.2792,4.0234,4.2792,54,0
20120813,4.0746,4.2792,4.029,4.2792,338,0
20120814,4.0746,4.2792,4.0318,4.2792,42,0
20120815,4.0746,4.2783,4.0253,4.2783,42,0
20120816,4.0746,4.2783,4.0318,4.2699,215,0
20120817,4.0281,4.2699,4.0281,4.2699,38,0
20120820,4.0746,4.2699,4.029,4.2327,260,0
20120821,4.029,4.2327,4.029,4.0746,25,0
20120822,4.0243,4.0802,4.0243,4.0774,430,0
20120824,4.0774,4.2838,4.0281,4.0774,29,0
20120827,4.0281,4.4373,4.0281,4.282,5171,0
20120828,4.2383,4.6513,4.2383,4.6457,19418,0
20120829,4.3741,5.1276,4.3741,5.1276,7392,0
20120830,4.6513,5.0225,4.6513,4.7759,8620,0
20120831,4.8374,4.8374,4.5974,4.5974,4622,0
20120903,4.7695,4.7909,4.5583,4.7909,6035,0
20120904,4.6513,4.9304,4.6513,4.8979,5254,0
20120905,4.8532,4.9118,4.7909,4.7909,14625,0
20120906,4.7909,4.8829,4.6997,4.8829,5630,0
20120907,4.7974,5.0057,4.7462,4.8495,4192,0
20120910,5.0755,5.4886,4.7918,5.163,11003,0
20120911,5.1667,5.4607,5.1602,5.3127,7036,0
20120912,5.257,5.5258,5.257,5.349,3983,0
20120913,5.3723,5.5816,5.3025,5.3816,7594,0
20120914,5.256,5.6746,5.256,5.4784,8017,0
20120917,5.2095,5.4327,5.056,5.056,8394,0
20120918,5.0234,5.1834,4.9304,5.0234,2852,0
20120919,5.0234,5.1937,4.9769,5.1258,3226,0
20120920,5.07,5.2039,5.0234,5.0328,408,0
20120921,4.9863,5.3025,4.9863,5.07,2709,0
20120924,5.0234,5.3229,5.0234,5.123,215,0
20120925,5.1165,5.1351,5.0718,5.0718,108,0
20120926,5.3249,5.3249,5.07,5.1165,2079,0
20120927,5.1165,5.6746,5.07,5.6746,3977,0
20120928,5.536,5.536,5.0802,5.3593,1237,0
20121001,5.3127,5.7304,5.3127,5.5816,4925,0
20121002,5.5723,6.016,5.5351,5.9109,4734,0
20121003,5.8607,6.698,5.8607,6.5119,6722,0
20121004,6.7705,6.8653,6.0653,6.1398,10233,0
20121005,6.1398,6.3993,6.0747,6.3993,4754,0
20121008,6.0468,6.4319,6.0468,6.1621,7353,0
20121009,6.1398,6.5109,6.056,6.056,5584,0
20121010,6.056,6.3258,5.7677,5.7677,1506,0
20121011,5.7212,6.1398,5.7212,5.9202,6105,0
20121012,5.9434,6.4365,5.9072,6.1584,9245,0
20121015,6.2765,6.2765,5.6485,5.8328,11002,0
20121016,5.856,5.9835,5.6505,5.8514,3163,0
20121017,5.8067,5.9351,5.6561,5.7705,135,0
20121018,5.8709,5.9258,5.7677,5.7677,567,0
20121019,5.7323,5.9258,5.6337,5.9258,1864,0
20121022,5.7575,5.8597,5.4886,5.6281,2543,0
20121023,5.5816,5.7677,5.4588,5.5862,251,0
20121024,5.7351,5.9044,5.5816,5.7677,5970,0
20121025,5.6793,5.8597,5.5816,5.7677,449,0
20121026,5.5825,5.7677,5.5006,5.7677,88,0
20121029,5.5351,5.7677,5.4812,5.7677,1115,0
20121030,5.5165,5.7677,5.5165,5.7677,120,0
20121031,5.5481,5.7677,5.4421,5.7677,1531,0
20121101,5.3137,5.7863,5.3137,5.5537,24,0
20121102,5.5825,5.7677,5.5341,5.5537,17,0
20121105,5.5211,5.7677,5.5211,5.5341,605,0
20121106,5.5574,5.7677,5.4886,5.4886,699,0
20121107,5.4597,5.7491,5.3025,5.4244,2023,0
20121108,5.3778,5.8151,5.3778,5.6737,534,0
20121109,5.6737,5.8178,5.5351,5.8178,600,0
20121112,5.6755,5.7491,5.4998,5.5351,3286,0
20121113,5.4886,5.7491,5.4886,5.7491,54,0
20121114,5.4886,5.7491,5.4886,5.5443,17,0
20121115,5.4886,5.763,5.4886,5.5667,642,0
20121116,5.5351,5.7491,5.163,5.163,3099,0
20121119,5.3025,5.563,5.1165,5.309,3886,0
20121120,5.3025,5.563,5.3025,5.349,54,0
20121121,5.3025,5.47,5.1676,5.1676,3836,0
20121122,5.163,5.3956,4.9304,5.1416,3689,0
20121123,5.07,5.4421,5.07,5.3025,2945,0
20121126,5.3025,5.3025,5.256,5.3025,124,0
20121127,5.256,5.4421,5.2095,5.2095,1108,0
20121128,5.2095,5.4421,5.164,5.2021,45,0
20121130,5.164,5.4421,4.9583,4.9583,6749,0
20121203,4.9536,5.3956,4.8104,4.9304,12369,0
20121204,4.9304,5.163,4.9304,5.163,1436,0
20121205,4.9304,5.2281,4.8551,5.2281,10859,0
20121206,5.1007,5.3025,4.9863,5.256,3548,0
20121207,5.0644,5.2886,5.0234,5.2886,12,0
20121210,5.0328,5.4886,4.9658,5.1788,7023,0
20121211,5.1788,5.3956,5.15,5.3025,1178,0
20121212,5.0793,5.349,5.0793,5.163,1008,0
20121213,5.163,5.2105,5.1165,5.2095,6862,0
20121214,5.2095,5.349,5.163,5.2095,552,0
20121217,5.164,5.3025,5.164,5.2616,321,0
20121218,5.2523,5.349,5.2113,5.2113,1443,0
20121219,5.2374,5.349,5.2169,5.2365,236,0
20121220,5.2374,5.2467,5.2169,5.2467,173,0
20121221,5.2374,5.3881,5.2179,5.3881,413,0
20121227,5.2523,5.349,5.2095,5.2141,3580,0
20121228,5.2141,5.3249,5.1676,5.3249,88,0
20130102,5.2188,5.4886,5.2095,5.2095,12123,0
20130103,5.163,5.5341,5.1425,5.2839,8999,0
20130104,5.0802,5.3025,5.0774,5.1276,613,0
20130107,5.0811,5.3909,5.0811,5.1425,2229,0
20130108,5.07,5.3956,5.07,5.1165,935,0
20130109,5.0885,5.3016,5.0885,5.1165,1139,0
20130110,5.07,5.349,5.07,5.1546,1102,0
20130111,5.1546,5.3946,5.0709,5.1686,1892,0
20130114,5.1686,5.4141,5.1174,5.2077,1833,0
20130115,5.163,5.4048,5.1481,5.4048,427,0
20130116,5.1165,5.3909,5.1165,5.3211,1018,0
20130117,5.3211,5.3956,5.2746,5.3323,973,0
20130118,5.2746,5.4141,5.2746,5.3341,1613,0
20130121,5.2746,5.4141,5.2746,5.4141,1225,0
20130122,5.2746,5.4235,5.2746,5.3583,960,0
20130123,5.3025,5.5816,5.3025,5.5816,7727,0
20130124,5.4886,6.149,5.4886,6.1212,10117,0
20130125,6.1304,6.1863,5.7769,5.8151,9299,0
20130128,6.042,6.1398,5.7314,6.0282,1731,0
20130129,5.8616,6.4002,5.8616,6.3724,5957,0
20130130,6.3724,6.5119,6.0468,6.1621,5652,0
20130131,6.0933,6.363,6.0933,6.2356,215,0
20130201,6.2049,6.3444,6.2049,6.27,3344,0
20130204,6.1398,6.7445,6.1398,6.7445,5188,0
20130205,6.4746,6.6793,6.4467,6.5119,2639,0
20130206,6.51,6.51,6.3537,6.364,3230,0
20130207,6.3546,6.4189,6.2328,6.2328,2459,0
20130208,6.1593,6.4189,6.0941,6.0941,1517,0
20130211,6.1212,6.3258,6.1212,6.1798,5162,0
20130212,6.1798,6.1863,6.1128,6.1574,430,0
20130213,6.1863,6.3909,6.1119,6.3342,2275,0
20130214,6.3249,6.6049,6.2616,6.2616,4912,0
20130215,6.2235,6.3258,6.1398,6.1398,1446,0
20130218,6.2235,7.0421,6.1398,7.0421,13923,0
20130219,7.0421,7.07,6.6365,6.6365,13833,0
20130220,6.6514,6.884,6.6514,6.8263,5649,0
20130221,7.163,7.163,6.8188,6.8188,1100,0
20130222,6.7453,7.0384,6.7453,6.8877,5824,0
20130225,6.8877,7.363,6.7928,7.1026,4257,0
20130226,6.977,6.977,6.4189,6.6514,8610,0
20130227,6.484,6.67,6.4393,6.67,3530,0
20130228,6.5584,6.8282,6.4644,6.7202,7825,0
20130301,6.4002,6.7258,6.4002,6.7212,4838,0
20130304,6.9723,7.3956,6.7742,7.3956,9119,0
20130305,7.163,7.2095,6.8375,7.057,6518,0
20130306,7.0236,7.4886,7.0236,7.3584,7860,0
20130307,7.5035,8.2328,7.2226,8.0096,14856,0
20130308,7.8142,8.1957,7.8142,7.9919,12903,0
20130311,8.0096,8.2793,8.0003,8.0515,9719,0
20130312,7.9724,8.3259,7.8515,7.8523,11081,0
20130313,7.8329,8.0003,7.7119,7.7119,6085,0
20130314,7.7864,7.9072,7.7212,7.7212,4298,0
20130315,7.6747,8.0003,7.6747,7.7343,1328,0
20130318,7.6756,8.0813,7.6756,7.991,2189,0
20130319,7.685,7.9044,6.9305,7.1165,20311,0
20130320,7.163,7.4961,7.0356,7.4235,7592,0
20130321,7.4143,7.4421,7.2366,7.3398,3084,0
20130322,7.163,7.2095,7.0012,7.0012,2430,0
20130325,7.2635,7.2635,6.8673,6.9621,4908,0
20130326,6.9118,7.23,6.9118,7.23,100,0
20130327,7.0839,7.5351,6.977,7.3491,6338,0
20130328,7.3025,7.6747,7.2905,7.6747,322,0
20130402,7.524,7.524,7.2682,7.2682,715,0
20130403,7.2682,7.2682,6.9677,6.9947,2544,0
20130404,6.9947,6.9975,6.9212,6.9733,683,0
20130405,6.9733,6.9937,6.2737,6.5798,10336,0
20130408,6.589,6.8933,6.4281,6.8597,3707,0
20130409,6.8467,7.1165,6.8467,6.8812,4431,0
20130410,6.8812,6.977,6.791,6.9593,1768,0
20130411,6.9593,6.9593,6.79,6.79,2364,0
20130412,6.79,7.0236,6.698,6.8403,527,0
20130415,6.7631,6.8403,6.6858,6.6858,3889,0
20130416,6.7072,6.791,6.7016,6.7016,753,0
20130417,6.6793,6.7268,6.6449,6.6459,54,0
20130418,6.6793,6.7258,6.6449,6.6449,101,0
20130419,6.6793,6.8096,6.6449,6.6449,594,0
20130422,6.6793,6.9118,6.6421,6.6514,54,0
20130423,6.6793,6.9118,6.6514,6.737,1388,0
20130424,6.7445,6.7445,6.7249,6.7249,322,0
20130426,6.8375,6.8375,6.6793,6.7445,538,0
20130429,6.6523,6.977,6.6523,6.8337,1075,0
20130430,6.977,7.07,6.7537,6.9174,843,0
20130502,6.9174,7.7705,6.8849,7.7705,1218,0
20130503,7.524,7.524,7.0236,7.256,1586,0
20130506,7.163,7.4477,7.163,7.1919,1392,0
20130507,7.1165,7.2422,7.0626,7.0626,1077,0
20130508,7.163,7.1817,7.0607,7.0626,594,0
20130510,7.0607,7.2095,6.6049,6.8068,2692,0
20130513,6.8068,7.07,6.7174,6.8012,2640,0
20130514,6.7435,6.977,6.71,6.8905,1736,0
20130515,6.7639,6.884,6.6681,6.8467,842,0
20130516,6.8467,7.0236,6.7082,6.8467,1462,0
20130517,6.8467,6.9677,6.6514,6.7593,447,0
20130520,6.6607,7.1165,6.6607,6.9342,3225,0
20130521,6.9342,7.1705,6.8375,7.1705,140,0
20130522,7.0384,7.1873,6.791,6.8858,1822,0
20130523,6.8858,6.977,6.884,6.8896,2,0
20130527,6.8663,6.8663,6.791,6.8431,5,0
20130528,6.8431,7.0244,6.7445,6.8495,999,0
20130529,6.8495,7.0654,6.7723,6.9426,483,0
20130531,6.9751,6.977,6.791,6.791,86,0
20130603,6.791,7.1314,6.791,6.9835,717,0
20130604,6.9677,6.977,6.791,6.8142,127,0
20130605,6.884,7.07,6.7445,6.9482,2602,0
20130606,6.9482,7.0226,6.884,7.0226,1144,0
20130607,6.884,7.0505,6.6514,7.0505,716,0
20130610,6.698,6.6998,6.5584,6.6998,1105,0
20130611,6.7417,6.884,6.6002,6.617,2022,0
20130612,6.6514,6.7351,6.5119,6.5742,837,0
20130613,6.5742,6.6049,6.3258,6.3872,3938,0
20130614,6.3779,6.6514,6.2793,6.4932,531,0
20130617,6.7361,6.7361,6.3724,6.4932,645,0
20130618,6.4932,6.6151,6.3724,6.6151,122,0
20130619,6.6049,6.6886,6.3724,6.5026,764,0
20130620,6.4002,6.5026,6.3481,6.3481,538,0
20130621,6.3724,6.6886,6.3724,6.5119,1540,0
20130624,6.3724,6.5816,6.3165,6.3165,913,0
20130626,6.2793,6.4467,6.2793,6.3835,2156,0
20130627,6.2793,6.3835,5.6048,5.6737,5589,0
20130628,5.6068,6.0095,5.6068,5.8384,5622,0
20130701,5.8384,6.577,5.7677,6.5119,6321,0
20130702,6.4654,6.5259,6.3035,6.3035,4274,0
20130703,6.3258,6.3258,6.2328,6.2951,646,0
20130704,6.2337,6.5119,6.2337,6.3081,3440,0
20130705,6.3081,6.456,6.2328,6.3025,82,0
20130708,6.2337,6.456,6.2337,6.3826,1569,0
20130709,6.4095,6.4095,6.2793,6.2793,540,0
20130711,6.1025,6.4876,6.1025,6.1909,1022,0
20130715,6.1872,6.1872,5.9434,5.9434,2809,0
20130716,5.8699,5.9639,5.8699,5.9639,10,0
20130718,5.9434,6.456,5.8699,6.456,6263,0
20130719,6.269,6.4654,6.2049,6.2291,31,0
20130722,6.2291,6.3724,6.1398,6.2169,487,0
20130723,6.2169,6.4654,6.1398,6.2616,378,0
20130724,6.2616,6.4654,6.1863,6.2616,108,0
20130725,6.2616,6.3537,6.1863,6.3053,478,0
20130726,6.3053,6.696,6.2421,6.4654,5924,0
20130731,6.3258,6.5658,6.2421,6.5658,335,0
20130801,6.3444,6.5119,6.2886,6.3724,426,0
20130802,6.3724,6.5119,6.2886,6.3724,11,0
20130805,6.3724,6.4932,6.2886,6.3724,303,0
20130806,6.4467,6.4932,6.3147,6.3147,569,0
20130807,6.2328,6.3239,6.2328,6.2552,854,0
20130809,6.3239,6.3295,6.1398,6.2374,5,0
20130812,6.3909,6.4654,6.2356,6.2356,3,0
20130813,6.4654,6.4654,6.1434,6.2281,800,0
20130814,6.4654,6.5389,6.1304,6.4393,1289,0
20130819,6.3724,7.3025,6.3724,7.3025,1875,0
20130820,7.0236,7.07,6.7445,6.937,2526,0
20130821,6.884,6.977,6.5119,6.5119,3953,0
20130822,6.7258,6.7723,6.7202,6.7202,795,0
20130823,6.7202,6.7481,6.67,6.6802,1195,0
20130826,6.6802,6.9444,6.6049,6.8096,376,0
20130827,6.7445,6.8096,6.7258,6.8096,1075,0
20130828,6.7445,6.8049,6.604,6.604,701,0
20130829,6.604,6.6123,6.4942,6.4942,645,0
20130830,6.4002,6.4942,6.4002,6.4169,1591,0
20130902,6.3537,6.4169,6.3537,6.3714,320,0
20130903,6.3258,6.5109,6.3258,6.3835,122,0
20130904,6.5119,6.5119,6.1863,6.4189,598,0
20130905,6.3724,6.7249,6.3724,6.7249,1479,0
20130906,6.4189,6.7445,6.4189,6.577,2457,0
20130909,6.5593,6.9965,6.5593,6.7445,2698,0
20130910,6.977,7.0236,6.698,6.8886,1591,0
20130911,6.9305,7.07,6.8886,6.9184,53,0
20130912,6.9305,6.977,6.9118,6.9118,552,0
20130913,6.791,7.017,6.791,6.9118,172,0
20130916,6.9118,7.1342,6.6523,6.6691,7062,0
20130917,6.6691,6.8375,6.6049,6.8375,452,0
20130918,6.8375,7.0236,6.6988,6.9426,3696,0
20130919,7.0236,7.07,6.884,7.07,1520,0
20130920,7.0236,7.1817,6.9305,7.0236,2753,0
20130923,7.1621,7.1621,6.8467,6.9528,52,0
20130924,6.884,7.2049,6.884,6.9937,1140,0
20130925,6.9407,7.1072,6.9305,6.9807,699,0
20130926,7.0236,7.0737,6.95,6.9798,713,0
20130927,6.977,7.1072,6.977,6.977,539,0
20130930,7.07,7.07,6.884,6.9873,704,0
20131002,6.95,7.0282,6.884,6.884,1323,0
20131003,6.791,6.884,6.791,6.884,538,0
20131004,6.884,6.977,6.791,6.884,268,0
20131008,6.791,6.9305,6.7258,6.8086,2462,0
20131009,6.7445,6.8096,6.7258,6.7854,6,0
20131010,6.6365,6.884,6.6365,6.8226,753,0
20131014,6.8375,6.9677,6.7258,6.8263,842,0
20131015,6.8375,6.9118,6.7258,6.8375,35,0
20131016,6.8096,6.8375,6.7258,6.7946,318,0
20131017,6.7258,6.9118,6.7258,6.8142,12,0
20131018,6.7631,6.9118,6.7258,6.7445,540,0
20131022,6.9118,6.9118,6.6514,6.7639,766,0
20131023,6.6607,6.8096,6.6607,6.7547,54,0
20131024,6.7631,6.8096,6.6514,6.6802,309,0
20131025,6.6049,6.7686,6.6049,6.7501,753,0
20131028,6.9118,6.9118,6.6235,6.6607,1410,0
20131029,6.6049,6.6607,5.9537,6.0933,18896,0
20131030,6.3714,6.3724,5.9723,6.3724,5623,0
20131031,6.3909,6.3909,6.0941,6.1714,1029,0
20131101,6.4439,6.4439,6.0933,6.1398,1839,0
20131104,6.1955,6.3258,6.0979,6.1955,623,0
20131105,6.1025,6.2616,6.1025,6.1955,1818,0
20131106,6.1955,6.2328,6.0933,6.2105,420,0
20131107,6.2105,6.4654,6.1398,6.2598,162,0
20131108,6.1398,6.2598,6.1398,6.1955,2401,0
20131111,6.1398,6.2095,6.1398,6.2059,323,0
20131112,6.2059,6.2095,6.1398,6.2059,364,0
20131113,6.3724,6.3724,6.1398,6.2059,67,0
20131115,6.2059,6.3165,6.1398,6.2003,1075,0
20131118,6.2003,6.4189,6.1398,6.2356,76,0
20131119,6.2356,6.3351,6.1444,6.2793,7074,0
20131120,6.2142,6.2421,6.1444,6.2337,223,0
20131121,6.2337,6.2514,6.1398,6.1398,1720,0
20131122,6.1407,6.3724,6.1398,6.3463,5510,0
20131125,6.2765,6.3463,6.1398,6.1695,10021,0
20131126,6.1695,6.3993,6.123,6.3732,2293,0
20131127,6.1686,6.4654,6.1137,6.2374,3547,0
20131128,6.1407,6.4133,6.1407,6.2626,9675,0
20131129,6.2244,6.4189,6.2151,6.4189,333,0
20131202,6.1909,6.4812,6.1304,6.1304,3581,0
20131203,6.1398,6.2095,6.0002,6.07,1414,0
20131204,6.07,6.1928,6.0002,6.0681,862,0
20131205,6.1863,6.1863,6.0011,6.0681,10,0
20131206,6.0681,6.1863,6.0011,6.1649,50,0
20131209,6.0095,6.1119,6.0095,6.0262,1087,0
20131210,6.0262,6.177,5.9258,6.0262,702,0
20131211,5.9268,6.0282,5.9268,6.0282,121,0
20131212,6.0262,6.0262,5.9268,6.0011,1720,0
20131213,6.0011,6.1863,5.9268,6.1863,10,0
20131216,6.003,6.0598,5.9733,6.0598,2861,0
20131217,6.0002,6.1863,5.9546,6.0011,6289,0
20131218,6.0011,6.0095,5.7695,6.0011,1078,0
20131219,6.0011,6.0011,5.8625,5.9955,2,0
20131220,6.1304,6.1304,5.8625,6.0011,150,0
20131223,6.0011,6.0941,5.8644,6.0598,3037,0
20131227,5.9081,6.1388,5.9081,6.0514,1494,0
20131230,5.9109,6.2225,5.9109,6.2225,4234,0
20140102,6.2142,6.2328,6.0476,6.15,2682,0
20140103,6.15,6.2514,6.003,6.15,430,0
20140106,6.149,6.2421,6.003,6.0951,174,0
20140107,6.003,6.2421,6.003,6.0468,2226,0
20140108,6.0476,6.0709,6.0272,6.0663,3225,0
20140109,6.3175,6.3175,6.0282,6.15,1189,0
20140110,6.029,6.4169,6.029,6.3211,1272,0
20140113,6.3435,6.3435,6.1863,6.2496,1417,0
20140114,6.0468,6.2514,6.0468,6.0933,3781,0
20140115,6.1398,6.2356,6.0476,6.1304,3129,0
20140116,6.1304,6.27,6.0839,6.0839,1317,0
20140117,6.149,6.27,5.8849,5.8849,8676,0
20140120,5.8979,5.9649,5.8151,5.9649,2124,0
20140121,5.8895,6.0756,5.8895,6.0002,3547,0
20140122,5.8886,6.0002,5.8886,5.9528,1077,0
20140123,5.8895,5.9537,5.8895,5.9063,1,0
20140124,5.9072,5.9296,5.9063,5.9296,371,0
20140127,5.9072,5.9537,5.8886,5.9156,1211,0
20140128,5.9156,5.9817,5.9072,5.9156,5878,0
20140129,5.8886,6.0747,5.8188,5.9342,10546,0
20140130,5.9342,5.9472,5.8616,5.9472,867,0
20140203,5.9379,6.3724,5.8886,6.0039,25913,0
20140204,5.9556,6.0039,5.9454,5.9454,10,0
20140205,5.9454,5.9454,5.8607,5.922,2152,0
20140206,5.9454,6.0737,5.8514,5.9416,1704,0
20140207,5.9454,5.9454,5.8412,5.8412,3289,0
20140210,5.8607,5.9537,5.8198,5.8607,1645,0
20140211,5.8607,5.9454,5.8188,5.9072,1741,0
20140212,5.7713,6.0374,5.7705,5.8691,2848,0
20140213,5.9454,5.9454,5.8188,5.8607,1905,0
20140214,5.7705,5.949,5.7705,5.8579,993,0
20140217,5.9444,5.9723,5.8328,5.883,8009,0
20140218,5.8514,5.8839,5.7797,5.7797,3438,0
20140219,5.7212,5.9137,5.7212,5.7891,226,0
20140220,5.7891,5.7891,5.6188,5.6188,3077,0
20140221,5.6198,5.7677,5.5723,5.5909,3638,0
20140224,5.5909,5.6104,5.2514,5.2988,10420,0
20140225,5.2764,5.495,5.2215,5.4048,4219,0
20140226,5.5351,5.6449,5.349,5.6449,5958,0
20140227,5.6449,5.8384,5.4895,5.8384,2831,0
20140228,5.7304,6.0933,5.443,6.0933,12273,0
20140303,5.8737,5.8737,5.6374,5.6681,10321,0
20140304,5.6681,6.0282,5.5918,5.8188,2979,0
20140305,5.8188,6.0905,5.8142,5.8737,2519,0
20140306,5.8737,6.0839,5.6746,5.8737,19587,0
20140307,5.8737,6.0458,5.8607,5.8737,301,0
20140310,6.0468,6.0468,5.8616,5.9537,925,0
20140311,5.9723,6.0282,5.963,5.963,6947,0
20140312,5.9537,6.0002,5.8737,5.8737,6027,0
20140313,5.8737,5.9537,5.8021,5.8021,13560,0
20140314,5.8021,5.9072,5.724,5.8142,4870,0
20140317,5.7212,5.9025,5.6821,5.8142,3748,0
20140318,5.8142,5.9528,5.8012,5.8142,1618,0
20140319,5.7685,6.0579,5.7685,5.7844,14140,0
20140320,5.7547,5.7872,5.5443,5.6002,6989,0
20140321,5.5174,5.6002,5.3956,5.5072,16999,0
20140324,5.5072,5.5072,5.269,5.27,19690,0
20140325,5.257,5.3956,5.0672,5.3956,16377,0
20140326,5.256,5.3481,5.1732,5.3025,30667,0
20140327,5.3025,5.3481,5.2281,5.2327,16671,0
20140328,5.2281,6.0002,5.1341,5.9537,14819,0
20140331,5.3956,5.7212,5.256,5.6188,208155,0
20140401,5.47,5.7491,5.4151,5.7026,160359,0
20140402,5.6281,5.8607,5.6272,5.6886,98370,0
20140403,5.7583,5.7583,5.5351,5.7304,63091,0
20140404,5.5909,5.7304,5.5611,5.6653,40652,0
20140407,5.6281,5.7388,5.6002,5.7295,41776,0
20140408,5.6746,5.7677,5.5816,5.6188,27728,0
20140409,5.6746,5.7639,5.5816,5.6932,13723,0
20140410,5.7026,5.7491,5.5918,5.6374,6744,0
20140411,5.7026,5.7212,5.5816,5.6048,19565,0
20140414,5.6281,5.6746,5.5351,5.616,30479,0
20140415,5.536,5.8132,5.5072,5.5351,5275,0
20140416,5.5072,5.7583,5.5072,5.5816,31155,0
20140417,5.5881,5.6923,5.563,5.563,1626,0
20140422,5.563,5.7677,5.4886,5.6523,11198,0
20140423,5.6839,5.7491,5.5918,5.6281,5464,0
20140424,5.6561,5.9286,5.5816,5.7575,5278,0
20140425,5.7212,5.7388,5.602,5.6281,8533,0
20140428,5.5816,5.6839,5.5351,5.5351,10356,0
20140429,5.5816,5.7212,5.5491,5.5816,7686,0
20140430,5.5499,5.6923,5.5499,5.5816,3539,0
20140502,5.5369,5.6523,5.5369,5.5723,6850,0
20140505,5.5026,5.5816,5.4886,5.5509,14264,0
20140506,5.4988,5.8114,5.497,5.7072,27534,0
20140507,5.5379,5.7657,5.5379,5.6393,17543,0
20140508,5.6746,5.7649,5.5686,5.6439,18021,0
20140509,5.5547,5.6746,5.5547,5.6095,10407,0
20140512,5.6932,6.1538,5.6561,6.0923,82787,0
20140513,5.8886,6.3714,5.8886,6.1742,30221,0
20140514,6.0114,6.2514,6.0114,6.0468,25807,0
20140515,5.9723,6.2189,5.7481,5.9072,12940,0
20140516,5.8625,6.0719,5.8625,6.0719,1392,0
20140519,5.9072,6.1407,5.8142,6.1332,14851,0
20140520,6.0839,6.3249,6.0839,6.177,8540,0
20140521,6.2105,6.3993,6.1612,6.2356,8615,0
20140522,6.3258,6.8458,6.177,6.4393,15845,0
20140523,6.3835,6.7509,6.3835,6.7509,5876,0
20140526,6.7398,6.7398,6.4077,6.6607,10773,0
20140527,6.563,6.591,6.3258,6.4746,13948,0
20140528,6.2802,6.4784,6.2802,6.3407,5816,0
20140529,6.3491,6.5109,6.2802,6.3481,3089,0
20140530,6.3426,6.3891,6.1025,6.1128,11282,0
20140602,6.1398,6.3258,6.0588,6.27,4685,0
20140603,6.27,6.4095,6.149,6.3267,5806,0
20140604,6.1872,6.4067,6.1872,6.3025,3560,0
20140605,6.27,6.4189,6.2328,6.3277,3847,0
20140606,6.3258,6.5584,6.3258,6.5016,5867,0
20140609,6.5007,6.9305,6.5007,6.7481,9107,0
20140610,6.7481,7.1817,6.67,6.8393,7091,0
20140611,6.8393,6.9072,6.6663,6.7333,4854,0
20140612,6.7445,6.804,6.6514,6.6728,4092,0
20140613,6.6728,6.7519,6.4718,6.4718,6053,0
20140616,6.5584,6.6672,6.3909,6.4728,10194,0
20140617,6.4728,6.6049,6.3724,6.5249,7227,0
20140618,6.5249,6.6421,6.4654,6.5584,3218,0
20140619,6.4979,6.6487,6.4347,6.5668,1581,0
20140620,6.5668,6.657,6.5119,6.6235,1097,0
20140623,6.698,6.698,6.4774,6.5584,2803,0
20140624,6.4784,6.6765,6.4784,6.5584,5373,0
20140625,6.4784,6.6607,6.4095,6.4319,17554,0
20140626,6.4319,6.4746,6.2421,6.2858,13599,0
20140627,6.2337,6.3258,6.1584,6.1584,6879,0
20140630,6.2997,6.3165,5.5816,5.9817,42978,0
20140701,5.9072,5.9072,5.6188,5.6281,11318,0
20140702,5.5751,5.8318,5.5751,5.7202,23238,0
20140703,5.6876,5.9444,5.6876,5.7527,3194,0
20140704,5.8607,5.9993,5.7593,5.8607,1171,0
20140707,5.7258,5.9909,5.6281,5.8681,13994,0
20140708,5.8681,5.9537,5.7425,5.7537,8268,0
20140709,5.7685,5.9128,5.6746,5.6746,7850,0
20140710,5.67,5.7677,5.6198,5.6328,11016,0
20140711,5.5732,5.63,5.3956,5.5034,18092,0
20140714,5.4449,5.5034,5.2932,5.2932,15673,0
20140715,5.35,5.403,4.9955,5.1816,46799,0
20140716,5.1351,5.2746,4.9797,5.136,13706,0
20140717,5.1174,5.5742,5.1174,5.4355,37750,0
20140718,5.3862,5.5723,5.1332,5.2839,29060,0
20140721,5.1862,5.4095,5.1174,5.2504,13681,0
20140722,5.2504,5.376,5.07,5.1723,28532,0
20140723,5.1165,5.2653,5.1165,5.1723,13608,0
20140724,5.0709,5.1723,4.7072,4.9165,43412,0
20140725,4.7937,5.0318,4.7676,4.9769,15413,0
20140728,4.9127,5.1127,4.8969,4.9025,8781,0
20140729,4.8384,5.0095,4.7444,4.7444,31171,0
20140730,4.8514,4.9891,4.6997,4.6997,16227,0
20140731,4.6988,4.9211,4.1852,4.6048,46547,0
20140801,4.1415,4.7425,4.1415,4.5676,15304,0
20140804,4.5676,4.8002,4.5024,4.7462,3117,0
20140805,4.7462,4.8849,4.3722,4.8839,8273,0
20140806,4.8141,4.9388,4.6988,4.7909,2430,0
20140807,4.8374,4.9779,4.7909,4.9342,5667,0
20140808,4.9304,4.9304,4.7909,4.8495,3978,0
20140811,4.8653,4.9695,4.7909,4.9406,4898,0
20140812,4.9406,5.07,4.8867,5.07,1709,0
20140813,4.937,5.0216,4.7909,4.9816,4893,0
20140814,4.9816,5.0067,4.7909,4.8969,2998,0
20140815,4.8969,5.0141,4.7909,4.8932,7849,0
20140818,4.8932,5.0123,4.7909,4.8839,2548,0
20140819,4.9062,5.0049,4.7909,4.963,4300,0
20140820,4.8141,5.0737,4.7909,4.9918,3219,0
20140821,4.9918,5.07,4.7909,4.9769,1023,0
20140822,4.9574,5.0606,4.7909,4.9871,1804,0
20140825,4.9342,5.0606,4.9342,4.9881,2116,0
20140826,4.9314,5.0606,4.7909,4.8374,7331,0
20140827,4.8839,4.9918,4.7909,4.8392,674,0
20140828,4.8392,4.9965,4.7909,4.9304,4864,0
20140829,4.8839,5.0234,4.7909,4.8839,5251,0
20140901,4.829,4.9723,4.829,4.896,1284,0
20140902,4.8392,4.9025,4.8392,4.8885,133,0
20140903,4.8885,4.949,4.8374,4.8932,7381,0
20140904,4.8392,4.9398,4.8384,4.9007,1136,0
20140905,4.8458,5.0001,4.8458,4.9658,803,0
20140908,4.9304,5.1816,4.6048,5.1007,8050,0
20140909,5.1007,5.1369,4.6048,4.9955,7114,0
20140910,5.1165,5.163,4.9556,4.9556,9675,0
20140911,4.9304,5.0979,4.6048,5.0979,3195,0
20140912,4.9779,5.1834,4.6048,5.1071,4197,0
20140915,5.0253,5.1816,5.0253,5.0811,6327,0
20140916,4.9927,5.2095,4.9927,5.0979,9452,0
20140917,5.0979,5.0979,4.9899,5.0049,1613,0
20140918,5.0113,5.1165,4.9863,5.0709,2712,0
20140919,5.0234,5.2876,5.0234,5.1137,9036,0
20140922,5.07,5.4039,5.07,5.3528,17227,0
20140923,5.2848,5.4513,5.2848,5.4513,13243,0
20140924,5.3118,5.7192,5.3118,5.5862,22453,0
20140925,5.4978,6.0468,5.4978,6.0002,38652,0
20140926,5.9546,6.0839,5.8421,5.8551,12775,0
20140929,5.7993,5.9072,5.7993,5.8709,3702,0
20140930,5.8198,6.0282,5.8142,5.8282,4636,0
20141001,5.8142,5.8282,5.2653,5.3788,15639,0
20141002,5.2215,5.5351,5.2215,5.3323,3537,0
20141006,5.2039,5.349,5.1648,5.1648,9159,0
20141007,5.2002,5.2467,4.9314,4.949,15069,0
20141008,4.8839,5.0272,4.8197,4.9843,5865,0
20141009,4.8374,5.1258,4.8374,4.9342,1548,0
20141010,4.8448,4.9769,4.6048,4.7202,39866,0
20141013,4.6513,4.7899,4.6513,4.7202,1397,0
20141014,4.6523,4.9304,4.6523,4.7258,8470,0
20141015,4.6978,4.8374,4.5621,4.5621,13115,0
20141016,4.7072,4.7629,4.3443,4.4886,19748,0
20141017,4.5118,4.6699,4.3574,4.3574,8524,0
20141020,4.5118,4.6699,4.4653,4.4653,3524,0
20141021,4.5593,4.8458,4.5183,4.5183,2167,0
20141022,4.7174,4.856,4.6178,4.6178,1517,0
20141023,4.7537,4.9304,4.6142,4.6142,4306,0
20141024,4.749,4.8058,4.5797,4.5797,3733,0
20141027,4.9304,4.9304,4.5583,4.5583,2774,0
20141028,4.8374,4.8374,4.4467,4.4467,2468,0
20141029,4.6094,4.656,4.4467,4.4467,5349,0
20141030,4.5927,4.6039,4.3611,4.3611,2672,0
20141031,4.549,4.7053,4.2988,4.2988,7204,0
20141103,4.3816,4.6783,4.3816,4.4206,3093,0
20141104,4.696,4.696,4.4774,4.496,2542,0
20141105,4.5128,4.6122,4.2672,4.2672,8696,0
20141106,4.3741,4.4346,4.3732,4.3732,161,0
20141107,4.3732,4.4653,4.2708,4.2708,6091,0
20141110,4.2802,4.5685,4.2327,4.2327,1206,0
20141111,4.2802,4.469,4.269,4.349,13117,0
20141112,4.283,4.4653,4.283,4.376,5188,0
20141113,4.2866,4.3797,4.2866,4.376,785,0
20141114,4.2894,4.376,4.2894,4.3722,913,0
20141117,4.2978,4.4643,4.2978,4.376,1718,0
20141118,4.2997,4.4653,4.2997,4.3732,328,0
20141119,4.3044,4.4653,4.3044,4.4653,1326,0
20141120,4.3099,4.6467,4.3099,4.3537,4599,0
20141121,4.5118,4.723,4.4643,4.4643,4024,0
20141124,4.6048,4.7704,4.5909,4.5909,4087,0
20141125,4.6615,4.8374,4.5918,4.5918,1282,0
20141126,4.7909,4.9295,4.6541,4.6541,4506,0
20141127,4.7462,4.9304,4.7462,4.8877,3992,0
20141128,4.7453,5.2504,4.7453,4.9973,11723,0
20141201,5.1806,5.3202,5.0141,5.0179,1363,0
20141202,5.0783,5.4393,4.922,5.1714,19936,0
20141203,5.1295,5.3854,5.1295,5.1797,917,0
20141204,5.3211,5.3397,4.8114,4.8114,7765,0
20141205,4.8932,5.349,4.8932,5.0337,2599,0
20141208,5.07,5.2188,4.9137,4.9137,1889,0
20141209,4.9946,5.0811,4.7751,4.7751,693,0
20141210,4.9202,5.1909,4.8039,4.8039,761,0
20141211,5.0011,5.0011,4.7527,4.7527,2139,0
20141212,4.9258,4.9322,4.6374,4.8374,12473,0
20141215,4.6142,4.6607,4.5806,4.6513,4206,0
20141216,4.4559,4.6513,4.2327,4.3555,22362,0
20141217,4.3732,4.643,4.3732,4.483,538,0
20141218,4.4216,4.6699,4.4216,4.5183,4667,0
20141219,4.6048,4.6932,4.4755,4.4755,4729,0
20141222,4.6048,4.7527,4.3351,4.3351,9452,0
20141223,4.4653,4.6076,4.4653,4.4746,1451,0
20141229,4.3732,4.5397,4.3276,4.3276,5728,0
20141230,4.3211,4.4485,4.3016,4.3137,5926,0
20150102,4.4188,4.642,4.389,4.389,3024,0
20150105,4.4011,4.7453,4.4011,4.5351,3355,0
20150106,4.5136,4.6607,4.4671,4.6309,806,0
20150107,4.5685,5.0197,4.5685,4.8374,7047,0
20150108,4.7081,4.9863,4.7081,4.7128,6801,0
20150109,4.709,4.7779,4.6188,4.6188,21,0
20150112,4.7081,4.8039,4.6467,4.6607,2164,0
20150113,4.7444,4.923,4.6857,4.6857,5979,0
20150114,4.8495,4.8905,4.63,4.63,6011,0
20150115,4.7723,4.922,4.4709,4.4709,4605,0
20150116,4.5676,4.8653,4.5676,4.615,3573,0
20150119,4.7909,4.8374,4.6132,4.6132,5,0
20150120,4.6821,4.7993,4.5593,4.5593,1824,0
20150121,4.6244,4.7276,4.4653,4.5583,2086,0
20150122,4.5779,4.6978,4.5118,4.5118,841,0
20150123,4.5871,4.7909,4.5108,4.5108,5464,0
20150126,4.6513,4.8384,4.6076,4.6076,8139,0
20150127,4.6076,4.8839,4.5537,4.5537,2613,0
20150128,4.6876,4.8634,4.4653,4.7444,8220,0
20150129,4.6774,4.6867,4.429,4.429,2475,0
20150130,4.5406,4.7192,4.5313,4.5313,2151,0
20150202,4.5974,5.016,4.5974,4.7184,9004,0
20150203,4.8402,5.2411,4.8402,4.9583,14103,0
20150204,4.9871,5.07,4.8671,4.8671,8075,0
20150205,4.9769,5.0598,4.7853,4.7853,3473,0
20150206,4.8849,4.9556,4.7118,4.7118,2547,0
20150209,4.8849,4.9946,4.7583,4.7583,2785,0
20150210,4.8857,4.9843,4.7759,4.7759,8057,0
20150211,4.8849,5.1695,4.8849,4.8969,12439,0
20150212,4.9314,5.2197,4.8569,4.8569,20043,0
20150213,5.016,5.1536,4.8002,4.8002,3119,0
20150216,4.9016,5.1286,4.8244,4.8244,3296,0
20150217,4.9314,5.162,4.8169,4.8169,2966,0
20150218,4.9211,5.1732,4.8839,5.1025,9638,0
20150219,4.9322,5.0709,4.8839,4.8839,4963,0
20150220,4.9769,5.0486,4.8839,4.8839,1709,0
20150223,4.9863,5.2095,4.9769,5.0234,6858,0
20150224,5.0885,5.7304,5.0616,5.2309,16878,0
20150225,5.2383,5.5072,5.2049,5.2049,3098,0
20150226,5.3956,5.5816,5.3007,5.484,3687,0
20150227,5.35,5.7118,5.2057,5.2057,9075,0
20150302,5.3965,5.5723,5.2281,5.2346,8908,0
20150303,5.1732,5.5351,5.1732,5.1937,19356,0
20150304,5.2848,5.4421,5.1788,5.1788,3836,0
20150305,5.2848,5.7212,5.2848,5.5816,9138,0
20150306,5.4802,5.6737,5.3518,5.3593,20076,0
20150309,5.443,5.711,5.4141,5.6142,15486,0
20150310,5.5909,5.711,5.3862,5.4523,22424,0
20150311,5.4895,5.6235,5.3723,5.3723,6033,0
20150312,5.5453,5.711,5.3277,5.3277,10272,0
20150313,5.443,5.711,5.3648,5.3648,5256,0
20150316,5.4895,5.7677,5.3956,5.3956,15359,0
20150317,5.5825,5.816,5.3956,5.5137,16956,0
20150318,5.5825,5.8699,5.4653,5.4653,6781,0
20150319,5.5351,5.7677,5.5183,5.5183,1066,0
20150320,5.5825,5.7667,5.4718,5.4718,2081,0
20150323,5.643,5.7621,5.4393,5.4393,10868,0
20150324,5.5825,5.6746,5.5593,5.6746,5451,0
20150325,5.5351,5.6179,5.3509,5.3509,1104,0
20150326,5.5593,5.6188,5.5351,5.5816,888,0
20150327,5.6048,5.6048,5.3025,5.3025,11061,0
20150330,5.4421,5.5351,5.2318,5.2318,3712,0
20150331,5.3965,5.4477,5.2291,5.2291,647,0
20150401,5.3956,5.5341,5.2439,5.2439,2008,0
20150402,5.3593,5.51,5.1313,5.1313,19766,0
20150407,5.3035,5.3854,5.3025,5.377,843,0
20150408,5.3854,5.3862,5.2942,5.2942,3844,0
20150409,5.3854,5.3862,5.257,5.3862,1546,0
20150410,5.3854,5.3862,5.3854,5.3862,594,0
20150413,5.3862,5.4411,5.3862,5.3956,478,0
20150414,5.4375,5.4988,5.3909,5.3909,2320,0
20150415,5.3862,5.3862,5.3862,5.3862,164,0
20150416,5.4319,5.4319,5.3509,5.3593,1352,0
20150417,5.4235,5.4235,5.362,5.4095,1591,0
20150420,5.3583,5.4327,5.3583,5.4225,2376,0
20150421,5.4281,5.4281,5.3862,5.4123,1288,0
20150422,5.3956,5.3956,5.3956,5.3956,538,0
20150423,5.4048,5.4048,5.3602,5.3602,187,0
20150424,5.3965,5.4225,5.3965,5.4225,1509,0
20150427,5.4225,5.4225,5.3035,5.3035,10215,0
20150428,5.2839,5.2839,5.256,5.256,2777,0
20150429,5.256,5.256,5.163,5.2002,7976,0
20150430,5.256,5.3016,5.1444,5.2653,4199,0
20150504,5.256,5.256,5.2542,5.2551,2520,0
20150505,5.256,5.349,5.256,5.349,3636,0
20150506,5.3221,5.3221,5.256,5.2653,2123,0
20150507,5.2662,5.3388,5.1732,5.1909,3336,0
20150508,5.3676,5.3695,5.349,5.349,2400,0
20150511,5.2467,5.349,5.2095,5.2105,8960,0
20150512,5.2095,5.256,5.1816,5.256,3532,0
20150515,5.2551,5.256,4.9891,5.1676,14869,0
20150518,5.1155,5.1806,5.0514,5.0514,5604,0
20150519,5.1546,5.1546,5.1155,5.1155,1281,0
20150520,5.0979,5.35,5.0979,5.35,2325,0
20150521,5.2476,5.3574,5.136,5.3341,3677,0
20150522,5.2299,5.2299,5.2271,5.2271,2688,0
20150527,5.2467,5.2476,5.163,5.2476,576,0
20150528,5.0504,5.1704,5.0337,5.1704,1497,0
20150601,5.1742,5.2653,5.0941,5.2551,2602,0
20150602,5.3481,5.3481,5.3481,5.3481,436,0
20150603,5.2439,5.3574,5.2439,5.3574,3773,0
20150604,5.176,5.176,5.176,5.176,1075,0
20150605,5.2105,5.2802,5.1778,5.1778,3451,0
20150608,5.0234,5.4235,5.0234,5.4048,6740,0
20150609,5.2355,5.5258,5.2355,5.5258,8463,0
20150610,5.4421,5.4421,5.19,5.19,11369,0
20150611,5.2551,5.4402,5.1732,5.4402,22888,0
20150612,5.4327,5.4327,5.4271,5.4327,1451,0
20150615,5.3025,5.3025,5.3025,5.3025,1075,0
20150616,5.3025,5.5333,5.3025,5.5277,23160,0
20150617,5.5072,5.5072,5.4886,5.4886,860,0
20150618,5.3956,5.3956,5.3295,5.3295,1817,0
20150619,5.4337,5.4792,5.4337,5.4792,108,0
20150622,5.5156,5.5156,5.1304,5.2281,12949,0
20150623,5.07,5.2077,5.07,5.2077,58,0
20150624,5.2085,5.2095,5.1035,5.2095,2373,0
20150625,5.3166,5.3166,5.1902,5.1902,1586,0
20150626,5.2982,5.2982,5.2982,5.2982,600,0
20150629,5.1613,5.4507,5.1603,5.4507,4774,0
20150630,5.3426,5.3426,5.306,5.306,2104,0
20150701,5.306,5.306,5.1979,5.1989,1093,0
20150702,5.113,5.2085,5.0908,5.2085,2909,0
20150706,5.1738,5.2085,5.0686,5.0686,2932,0
20150707,5.1767,5.3436,5.1767,5.3436,3294,0
20150708,5.3638,5.4748,5.2346,5.2635,6676,0
20150709,5.3378,5.3388,5.3378,5.3388,207,0
20150710,5.2481,5.2481,5.2481,5.2481,104,0
20150713,5.2876,5.3262,5.2876,5.3262,2534,0
20150714,5.2693,5.306,5.2693,5.306,571,0
20150715,5.2761,5.277,5.2577,5.2577,1240,0
20150716,5.0754,5.2095,5.0754,5.113,644,0
20150717,5.2095,5.305,5.1622,5.305,229,0
20150720,5.2963,5.2963,5.113,5.2095,4008,0
20150721,5.113,5.113,5.0744,5.0744,1581,0
20150722,5.2085,5.3446,5.2085,5.3446,4474,0
20150723,5.2982,5.4458,5.2982,5.4458,2757,0
20150724,5.4217,5.4458,5.4217,5.4458,216,0
20150727,5.3378,5.4439,5.3378,5.4015,1047,0
20150728,5.2664,5.2664,5.2664,5.2664,2073,0
20150729,5.1313,5.2548,4.9857,4.9857,2375,0
20150730,5.1198,5.1198,5.1024,5.1034,697,0
20150731,5.113,5.4015,5.113,5.113,3702,0
20150803,4.9355,5.2375,4.8332,4.867,16500,0
20150804,5.0011,5.0011,5.0011,5.0011,155,0
20150805,4.866,4.8709,4.866,4.8709,2488,0
20150806,5.0059,5.0059,5.0059,5.0059,829,0
20150807,5.1121,5.1121,5.1121,5.1121,138,0
20150812,4.8853,4.8853,4.7262,4.7754,6067,0
20150813,4.7754,5.0165,4.7754,5.0165,1846,0
20150814,5.0262,5.0262,4.9944,4.9944,181,0
20150817,5.113,5.2857,4.9693,5.2452,11075,0
20150818,5.2105,5.2452,5.1613,5.2095,3222,0
20150819,5.1632,5.1632,5.0165,5.1449,1709,0
20150820,5.114,5.1227,5.0098,5.0098,3610,0
20150821,4.7754,5.0165,4.6307,5.0165,3020,0
20150824,4.8429,4.8429,4.8429,4.8429,1173,0
20150825,4.8236,4.8236,4.8236,4.8236,760,0
20150826,4.8718,4.8718,4.8429,4.8429,889,0
20150827,4.8429,4.8728,4.8429,4.8718,1843,0
20150828,4.8718,4.8718,4.8699,4.8699,843,0
20150831,4.8622,5.0156,4.8236,5.0156,722,0
20150901,5.0262,5.0262,4.9008,4.9008,1315,0
20150902,5.0349,5.0349,5.0349,5.0349,31,0
20150903,5.0339,5.0339,5.0339,5.0339,490,0
20150904,5.0339,5.0339,4.9876,4.9876,642,0
20150907,5.1227,5.1227,5.0455,5.0455,1094,0
20150908,5.1352,5.1352,5.1352,5.1352,518,0
20150909,5.1352,5.1352,5.1352,5.1352,513,0
20150910,5.1323,5.1323,5.1323,5.1323,444,0
20150911,5.0165,5.2857,4.9394,5.2857,3148,0
20150914,5.2095,5.2095,5.2095,5.2095,462,0
20150915,5.2076,5.2076,5.2066,5.2066,848,0
20150916,5.168,5.168,5.168,5.168,301,0
20150917,5.167,5.167,4.9654,4.9683,5023,0
20150921,4.8853,5.0069,4.8545,5.0069,6580,0
20150922,5.0165,5.2018,4.6692,5.0629,57130,0
20150923,5.0156,5.0156,4.7802,4.7802,4109,0
20150924,4.7947,4.9153,4.7754,4.9153,7864,0
20150925,5.0493,5.2095,5.0493,5.0503,5860,0
20150928,5.0503,5.4507,5.0503,5.2925,28928,0
20150929,5.2915,5.2915,5.2095,5.2095,1213,0
20150930,5.2095,5.2577,5.2095,5.2577,727,0
20151001,5.306,5.306,5.305,5.305,2073,0
20151002,5.306,5.3484,5.306,5.3484,3089,0
20151005,5.306,5.306,5.2133,5.2133,1368,0
20151006,5.2568,5.2568,5.2095,5.2095,1936,0
20151007,5.2095,5.2095,5.2095,5.2095,174,0
20151012,5.306,5.3243,5.2577,5.2577,1414,0
20151013,5.3436,5.4497,5.3436,5.4497,1892,0
20151014,5.4314,5.4314,5.4314,5.4314,203,0
20151015,5.3069,5.3069,5.306,5.306,2013,0
20151016,5.441,5.441,5.441,5.441,3,0
20151019,5.4024,5.4024,5.4024,5.4024,363,0
20151020,5.4015,5.4082,5.4015,5.4082,286,0
20151021,5.4015,5.4024,5.4015,5.4024,937,0
20151022,5.1227,5.4015,5.1227,5.4015,190,0
20151023,5.2346,5.2346,5.2346,5.2346,1415,0
20151026,5.3677,5.3677,5.3677,5.3677,10,0
20151027,5.306,5.306,5.2288,5.2288,3866,0
20151028,5.2278,5.2278,5.0262,5.0735,5685,0
20151030,5.1603,5.1613,5.1603,5.1613,570,0
20151102,5.114,5.4005,5.114,5.2664,335,0
20151103,5.1323,5.2577,5.1323,5.1323,2870,0
20151104,5.1323,5.2654,5.1323,5.2654,3362,0
20151105,5.1323,5.1323,5.1323,5.1323,437,0
20151110,5.1121,5.1121,5.1121,5.1121,518,0
20151111,4.9191,5.1024,4.9191,5.1024,1741,0
20151112,5.2365,5.2365,5.113,5.113,88,0
20151113,5.0175,5.0175,4.978,4.9866,3751,0
20151116,4.8728,4.8728,4.8718,4.8718,328,0
20151117,4.8332,4.8738,4.8332,4.8738,259,0
20151119,4.7898,4.8738,4.785,4.8738,1288,0
20151120,4.786,5.0079,4.784,4.8429,8618,0
20151123,4.7078,4.9731,4.7078,4.9731,62,0
20151124,4.8043,4.8246,4.7368,4.7368,10935,0
20151125,4.8718,5.0165,4.8718,5.0137,1443,0
20151126,5.0069,5.0069,5.0069,5.0069,457,0
20151127,4.9973,4.9973,4.8718,4.8718,6245,0
20151130,5.0059,5.0059,5.0059,5.0059,424,0
20151201,4.9973,4.9973,4.8728,4.8728,696,0
20151202,4.9973,4.9973,4.8236,4.8236,1916,0
20151203,4.9201,4.9201,4.9201,4.9201,1526,0
20151204,4.9201,4.9201,4.9201,4.9201,503,0
20151207,4.9008,4.9095,4.814,4.9095,1805,0
20151208,4.9008,4.9673,4.8149,4.9673,578,0
20151209,4.9201,4.9201,4.9201,4.9201,533,0
20151210,4.9191,4.9191,4.9191,4.9191,569,0
20151211,4.9683,4.9683,4.8361,4.9664,3107,0
20151214,4.9201,4.9201,4.8718,4.8718,1219,0
20151215,4.9673,4.9673,4.9046,4.9046,461,0
20151216,4.8718,4.8718,4.8718,4.8718,415,0
20151217,4.8622,4.9683,4.7464,4.9683,2339,0
20151218,4.9683,4.9683,4.7754,4.9683,959,0
20151221,4.9683,4.9683,4.9394,4.9394,1246,0
20151222,4.8429,5.0648,4.8429,5.0648,4006,0
20151223,5.0165,5.0165,5.0165,5.0165,363,0
20151228,4.7561,5.0648,4.7561,4.9596,6464,0
20151229,4.8718,4.9587,4.8246,4.9201,3965,0
20151230,4.9201,5.0165,4.7464,4.7754,2631,0
20160104,4.9191,4.9191,4.9191,4.9191,632,0
20160105,4.9365,4.9394,4.9365,4.9394,1555,0
20160107,4.9297,4.9297,4.9297,4.9297,363,0
20160108,5.0059,5.0069,5.0059,5.0069,1447,0
20160111,5.0069,5.0069,5.0069,5.0069,396,0
20160112,5.0069,5.0069,5.0069,5.0069,407,0
20160113,5.0551,5.141,5.0551,5.141,3672,0
20160114,5.1323,5.1323,5.0648,5.0648,1067,0
20160115,4.9693,5.0638,4.7763,5.0638,3462,0
20160118,5.0358,5.0358,4.786,5.0165,1542,0
20160119,4.7474,4.8815,4.7474,4.8815,2161,0
20160120,4.7175,4.8718,4.7175,4.7271,2410,0
20160121,4.7754,4.8477,4.7754,4.7754,3312,0
20160125,4.8989,5.0243,4.8989,5.0243,3471,0
20160126,5.0638,5.0638,5.0165,5.0165,3253,0
20160128,5.0542,5.0551,5.0542,5.0551,393,0
20160129,4.921,4.921,4.7271,4.7271,4559,0
20160201,4.73,4.73,4.7271,4.7271,2500,0
20160202,4.8612,4.9201,4.8332,4.8332,3303,0
20160203,4.7754,4.9191,4.7754,4.8525,6636,0
20160204,4.9201,4.9876,4.9201,4.9673,10052,0
20160205,5.0165,5.1024,5.0165,5.0262,9826,0
20160208,5.2085,5.2085,5.113,5.1931,5875,0
20160209,5.059,5.142,5.0165,5.142,10409,0
20160210,5.1034,5.1034,4.8236,4.8236,9576,0
20160212,4.8246,4.9104,4.8246,4.9104,4457,0
20160215,4.9104,5.113,4.9104,5.113,8294,0
20160216,5.1892,5.3831,5.113,5.306,24638,0
20160217,5.2674,5.3542,5.2674,5.3542,1348,0
20160218,5.3831,5.4024,5.3542,5.3542,3006,0
20160219,5.306,5.306,5.306,5.306,518,0
20160222,5.3156,5.3156,5.3156,5.3156,466,0
20160223,5.306,5.306,5.2095,5.2095,11926,0
20160224,5.306,5.306,5.1902,5.306,3600,0
20160225,5.306,5.3513,5.3513,5.3513,777,0
20160226,5.3532,5.3532,5.306,5.306,7080,0
20160229,5.3532,5.3532,5.1979,5.2597,2786,0
20160301,5.3243,5.3243,5.3243,5.3243,10,0
20160302,5.4015,5.6426,5.4015,5.5471,27371,0
20160303,5.5471,5.5471,5.4024,5.4989,15896,0
20160304,5.4989,5.4989,5.3909,5.3909,5390,0
20160307,5.4979,5.605,5.4487,5.5944,10679,0
20160308,5.605,5.605,5.3552,5.5375,18678,0
20160309,5.5462,5.5471,5.3542,5.3542,36557,0
20160310,5.4989,5.4989,5.47,5.47,914,0
20160311,5.47,5.47,5.47,5.47,1110,0
20160314,5.5471,5.5471,5.4989,5.4989,618,0
20160315,5.5278,5.5278,5.5278,5.5278,1037,0
20160316,5.5471,5.5471,5.4989,5.5471,5177,0
20160317,5.5471,5.5471,5.4391,5.497,9831,0
20160318,5.5471,5.5471,5.4024,5.4507,13177,0
20160321,5.4989,5.8848,5.4989,5.8732,45856,0
20160322,5.8838,6.0295,5.8366,6.0295,13281,0
20160323,5.9224,6.1453,5.9215,6.1453,11349,0
20160324,6.3208,6.9933,6.2032,6.3672,20673,0
20160329,6.4636,6.6566,6.4636,6.6566,15920,0
20160330,6.6566,7.1756,6.6556,6.6759,25075,0
20160331,6.7048,6.7839,5.9813,6.1752,12444,0
20160401,6.2716,6.5601,6.2707,6.5601,6232,0
20160404,6.5601,6.6363,6.4636,6.4636,1920,0
20160405,6.4164,6.4511,6.126,6.126,3538,0
20160406,6.126,6.2331,6.0777,6.1732,1837,0
20160407,6.1742,6.3961,6.1742,6.2224,5915,0
20160408,6.2697,6.2707,6.2697,6.2707,2151,0
20160411,6.2707,6.2707,6.1742,6.1742,2771,0
20160412,6.2697,6.2707,6.1839,6.1839,2448,0
20160413,6.2514,6.2514,6.0295,6.0777,1808,0
20160414,5.9822,6.125,5.9822,6.0295,3295,0
20160415,6.126,6.1376,6.126,6.1376,2526,0
20160418,6.2707,6.2745,6.0787,6.0787,4933,0
20160419,6.0777,6.4048,5.9996,6.2707,10710,0
20160420,6.2716,6.4,6.2716,6.3662,988,0
20160421,6.3672,6.5109,6.3672,6.5013,7571,0
20160422,6.5013,6.5312,6.4829,6.5312,2093,0
20160425,6.5408,6.5505,6.4617,6.4617,1564,0
20160426,6.3546,6.4144,6.3536,6.3536,2528,0
20160427,6.4144,6.5601,6.4144,6.5408,7367,0
20160428,6.4154,6.4154,6.343,6.343,6611,0
20160429,6.3672,6.3672,6.3672,6.3672,311,0
20160502,6.343,6.4154,6.343,6.4154,4345,0
20160503,6.343,6.3864,6.3093,6.3672,15348,0
20160504,6.3189,6.4144,6.3189,6.4144,614,0
20160505,6.453,6.453,6.3073,6.3073,347,0
20160506,6.4144,6.454,6.4144,6.454,3567,0
20160509,6.453,6.453,6.453,6.453,518,0
20160510,6.345,6.4636,6.345,6.3913,4941,0
20160511,6.4057,6.4636,6.4057,6.4636,1780,0
20160512,6.3864,6.3864,5.9282,6.0777,21554,0
20160513,5.8964,6.0874,5.8221,5.9813,72593,0
20160517,5.9909,6.0092,5.8732,5.8732,26102,0
20160518,5.8848,5.8848,5.8221,5.8221,7192,0
20160519,5.8848,5.8848,5.8366,5.8366,6545,0
20160520,5.8221,5.8829,5.7285,5.8829,2241,0
20160523,5.8838,5.8838,5.6919,5.7989,16812,0
20160524,5.7787,5.8549,5.7613,5.7613,3649,0
20160525,5.7883,5.8944,5.7854,5.7883,53950,0
20160526,5.8163,5.8163,5.7411,5.8076,8375,0
20160527,5.7517,5.8645,5.7517,5.7883,12025,0
20160530,5.7883,5.8452,5.7864,5.7893,13224,0
20160531,5.8086,5.8549,5.7883,5.8173,9247,0
20160601,5.8559,5.8829,5.824,5.8568,8678,0
20160602,5.8173,5.8867,5.8173,5.8655,10777,0
20160603,5.8848,5.8848,5.7883,5.8366,6012,0
20160606,5.798,5.8366,5.7787,5.7883,14154,0
20160607,5.7883,5.8356,5.7883,5.8076,8636,0
20160608,5.7796,5.8173,5.7025,5.7034,9186,0
20160609,5.7854,5.7854,5.5963,5.6919,11030,0
20160610,5.6745,5.7835,5.6436,5.6716,4932,0
20160613,5.769,5.769,5.4603,5.4989,10790,0
20160614,5.4603,5.5433,5.4603,5.5433,1371,0
20160615,5.6774,5.6774,5.4507,5.4507,8666,0
20160616,5.4516,5.5848,5.4507,5.4758,5545,0
20160617,5.4507,5.5906,5.4487,5.4507,10966,0
20160620,5.769,5.769,5.5182,5.5578,4968,0
20160621,5.5954,5.6581,5.5944,5.5944,977,0
20160622,5.5934,5.6919,5.5375,5.5568,3861,0
20160623,5.5954,5.6668,5.5471,5.6436,23893,0
20160624,5.1998,5.4507,3.8589,5.306,29757,0
20160627,5.441,5.4497,5.306,5.441,11863,0
20160628,5.5558,5.5751,5.306,5.469,17406,0
20160629,5.259,5.709,5.259,5.3,6726,0
20160630,5.477,5.58,5.401,5.58,3033,0
20160701,5.57,5.68,5.5,5.68,1606,0
20160704,5.71,5.71,5.62,5.68,1430,0
20160705,5.699,5.699,5.65,5.65,1351,0
20160706,5.76,5.768,5.61,5.61,10511,0
20160707,5.739,5.739,5.58,5.62,4333,0
20160708,5.62,5.69,5.62,5.69,1536,0
20160711,5.748,5.749,5.7,5.749,3500,0
20160712,5.749,5.829,5.661,5.77,13164,0
20160713,5.7,5.75,5.666,5.75,4424,0
20160714,5.749,5.749,5.69,5.729,4101,0
20160715,5.75,5.75,5.678,5.7,27465,0
20160718,5.64,5.65,5.6,5.65,8250,0
20160719,5.7,5.7,5.65,5.65,1972,0
20160720,5.68,5.771,5.5,5.77,10582,0
20160721,5.77,5.831,5.77,5.83,4942,0
20160722,5.89,6.498,5.89,6.289,12382,0
20160725,6.219,6.22,5.891,6.15,4929,0
20160726,6.101,6.13,6.08,6.1,3720,0
20160727,6.1,6.169,6.099,6.1,3892,0
20160728,6.13,6.447,6.109,6.447,15048,0
20160729,6.495,6.94,6.4,6.55,29016,0
20160801,6.5,6.5,6.499,6.499,1250,0
20160802,6.49,6.759,6.19,6.349,24724,0
20160803,6.27,6.28,6.27,6.27,1474,0
20160804,6.26,6.41,6.252,6.252,4276,0
20160805,6.391,6.5,6.391,6.5,1529,0
20160808,6.5,6.748,6.3,6.35,13413,0
20160809,6.42,6.489,6.282,6.38,11940,0
20160810,6.479,6.689,6.449,6.681,12228,0
20160811,6.75,7.3,6.749,7.033,32270,0
20160812,7.15,7.949,7.1,7.436,49428,0
20160815,7.5,8.8,7.5,7.984,31562,0
20160816,8.1,8.739,7.99,8.35,45679,0
20160817,8.4,8.4,7.75,7.96,34848,0
20160818,7.75,8,7.75,8,12955,0
20160819,8,8,7.9,7.9,6913,0
20160822,7.71,7.75,7.478,7.648,17369,0
20160823,7.55,7.599,7.52,7.598,6450,0
20160824,7.6,7.898,7.502,7.84,14779,0
20160825,7.9,7.9,7.532,7.532,6238,0
20160826,7.694,7.854,7.65,7.854,11463,0
20160829,7.9,7.98,7.755,7.98,11955,0
20160830,7.999,8,7.813,7.9,11723,0
20160831,7.851,7.899,7.788,7.788,7132,0
20160901,7.677,7.677,7.503,7.503,9244,0
20160902,7.55,7.661,7.55,7.66,1913,0
20160905,7.67,7.78,7.578,7.78,7064,0
20160906,7.85,7.85,7.75,7.85,6874,0
20160907,7.87,8.04,7.87,7.999,10543,0
20160908,7.999,8,7.85,8,15492,0
20160909,7.889,7.986,7.888,7.9,3556,0
20160912,7.79,7.885,7.79,7.885,500,0
20160913,8.01,8.01,7.94,7.94,3500,0
20160914,7.98,7.98,7.84,7.885,3935,0
20160915,7.9,7.9,7.84,7.85,1227,0
20160916,7.899,7.9,7.811,7.82,3210,0
20160919,7.9,7.9,7.751,7.889,8220,0
20160920,7.778,7.879,7.775,7.879,1773,0
20160921,7.899,7.9,7.87,7.9,1542,0
20160922,7.9,7.9,7.78,7.859,9793,0
20160923,7.65,7.8,7.65,7.75,3373,0
20160926,7.75,7.862,7.75,7.78,6685,0
20160927,7.75,7.75,7.65,7.65,4921,0
20160928,7.62,7.744,7.62,7.744,1135,0
20160929,7.7,7.75,7.68,7.689,2333,0
20160930,7.75,7.75,7.599,7.6,8504,0
20161004,7.66,7.66,7.58,7.649,5081,0
20161005,7.6,7.66,7.6,7.649,2886,0
20161006,7.553,7.659,7.553,7.6,4889,0
20161007,7.501,7.619,7.501,7.619,4784,0
20161010,7.66,7.66,7.57,7.66,5121,0
20161011,7.657,7.66,7.619,7.62,4804,0
20161012,7.55,7.551,6.77,6.95,30001,0
20161013,6.91,7.1,6.219,6.898,53529,0
20161014,7,7.09,6.51,6.951,27302,0
20161017,7.103,7.118,7.01,7.116,3043,0
20161018,7.07,7.121,6.901,7,7699,0
20161019,7.12,7.79,7.119,7.7,48499,0
20161020,7.801,7.9,7.6,7.9,17834,0
20161021,7.9,7.9,7.788,7.801,11011,0
20161024,7.8,8.2,7.8,8.2,15226,0
20161025,8.35,8.42,8.25,8.304,19726,0
20161026,8.3,8.33,8.053,8.3,20210,0
20161027,8.3,8.32,8.241,8.32,9459,0
20161028,8.33,8.748,8.303,8.748,21085,0
20161031,8.8,9.2,8.8,8.996,52271,0
20161101,8.969,9.097,8.95,9.049,11748,0
20161102,8.9,9.2,8.681,8.7,30693,0
20161103,8.6,8.894,8.6,8.863,11621,0
20161104,8.9,8.929,8.675,8.675,4753,0
20161107,8.71,8.792,8.557,8.557,10636,0
20161108,8.815,8.815,8.689,8.769,11487,0
20161109,8.5,8.649,8.5,8.649,6552,0
20161110,8.75,8.899,8.75,8.899,7865,0
20161111,8.9,9.1,8.705,8.705,9732,0
20161114,8.8,9.085,8.8,8.999,10203,0
20161115,8.997,8.997,8.85,8.85,14110,0
20161116,9,9,8.87,8.92,8783,0
20161117,8.999,9.18,8.941,9.146,12895,0
20161118,9.3,9.3,9.145,9.2,33182,0
20161121,9.21,9.21,9.14,9.161,25699,0
20161122,9.16,9.2,9.122,9.2,12164,0
20161123,9.2,9.2,9.161,9.2,7498,0
20161124,9.15,9.15,8.715,8.88,13137,0
20161125,9.002,9.002,8.757,8.9,5802,0
20161128,8.778,8.967,8.754,8.9,10263,0
20161129,8.779,9,8.779,9,5415,0
20161130,9,9,8.94,8.955,5705,0
20161201,8.96,9,8.96,9,3265,0
20161202,9,9,8.695,8.695,4876,0
20161205,8.7,8.7,8.131,8.28,12408,0
20161206,8.436,9,8.403,8.995,12508,0
20161207,8.967,9.2,8.966,9.2,5068,0
20161208,9.18,9.211,9.18,9.211,14410,0
20161209,9.1,9.349,9.1,9.265,13307,0
20161212,9.379,9.379,9.131,9.25,5362,0
20161213,9.251,9.5,9.1,9.1,19849,0
20161214,9.34,9.34,9.319,9.319,1070,0
20161215,9.45,9.45,9.111,9.111,8552,0
20161216,9.275,9.275,9.04,9.04,8238,0
20161219,9.2,9.2,8.951,8.951,5175,0
20161220,8.829,9.2,8.829,9.086,4607,0
20161222,9.103,9.135,9.103,9.135,1086,0
20161223,9.14,9.199,9.101,9.169,1054,0
20161227,9.16,9.42,9.15,9.42,7038,0
20161228,9.33,9.33,9.2,9.329,2649,0
20161229,9.27,9.299,9.202,9.299,3417,0
20161230,9.249,9.47,9.249,9.3,7143,0
20170102,9.301,9.301,9.2,9.25,8361,0
20170103,9.3,9.32,9.221,9.248,7035,0
20170104,9.319,9.395,9.319,9.32,13494,0
20170105,9.394,9.4,9.252,9.252,23484,0
20170106,9.45,9.9,9.371,9.765,7845,0
20170109,9.89,10.4,9.886,10.07,14737,0
20170110,10.205,10.4,10.175,10.305,11176,0
20170111,10.305,10.445,10,10.11,10471,0
20170112,10.105,10.355,10.105,10.105,6951,0
20170113,10.105,10.24,10.105,10.24,1258,0
20170116,10.28,10.5,10.28,10.44,7297,0
20170117,10.4,10.945,10.4,10.895,9144,0
20170118,10.965,11.4,10.965,11.4,20923,0
20170119,11.52,11.535,11.255,11.255,18900,0
20170120,11.145,11.145,10.49,10.5,20183,0
20170123,10.4,10.4,9.595,10,25520,0
20170124,10,10.76,10,10.475,7156,0
20170125,10.645,10.745,10.5,10.55,6283,0
20170126,10.63,11.19,10.63,11,11088,0
20170127,11.145,11.44,11.135,11.35,19754,0
20170130,11.495,11.495,10.25,10.25,45512,0
20170131,10.3,10.865,10.06,10.6,21938,0
20170201,10.8,10.8,10.455,10.455,4298,0
20170202,10.63,10.855,10.63,10.78,7057,0
20170203,10.94,11.39,10.745,11.04,16401,0
20170206,11.05,11.375,10.8,10.95,5706,0
20170207,11.23,11.25,10.99,11.25,16786,0
20170208,11.095,11.195,11.095,11.18,6175,0
20170209,11.18,11.18,10.96,11.065,13691,0
20170210,11.03,11.17,10.76,11.13,9171,0
20170213,11.13,11.13,10.88,10.88,4494,0
20170214,10.985,11.07,10.805,10.86,3435,0
20170215,11,11,10.795,11,4629,0
20170216,10.98,10.98,10.865,10.87,1477,0
20170217,10.87,11.34,10.86,11.305,18585,0
20170220,11.16,11.44,11.16,11.42,13537,0
20170221,11.46,11.79,11.46,11.68,16939,0
20170222,11.99,12,11.84,11.95,9489,0
20170223,11.95,12.205,11.9,11.9,14829,0
20170224,11.865,11.89,11.01,11.505,36692,0
20170227,11.66,11.92,11.66,11.7,4201,0
20170228,11.7,11.87,11.26,11.26,5500,0
20170301,11.26,11.755,11.26,11.65,6418,0
20170302,11.65,11.65,11.5,11.5,899,0
20170303,11.65,11.815,11.65,11.815,7919,0
20170306,11.96,11.96,11.8,11.8,7249,0
20170307,11.805,11.91,11.64,11.8,3333,0
20170308,11.895,11.9,11.67,11.875,5436,0
20170309,11.88,11.95,11.8,11.8,9014,0
20170310,11.9,11.9,11.515,11.55,5733,0
20170313,11.6,11.6,11.265,11.44,4484,0
20170314,11.435,11.485,11.225,11.45,2274,0
20170315,11.55,11.605,11.45,11.6,7598,0
20170316,11.74,12.015,11.74,12,8888,0
20170317,12.02,12.15,11.95,12.015,10313,0
20170320,12,12.15,11.95,11.95,6988,0
20170321,11.97,12.045,11.79,11.905,6978,0
20170322,11.605,11.925,11.605,11.925,2268,0
20170323,11.985,11.985,11.835,11.9,832,0
