Date,Open,High,Low,Close,Volume,OpenInt
20131003,7.0804,7.0804,7.0804,7.0804,238646,0
20131008,6.986,7.1087,6.8161,7.0427,407077,0
20131009,7.0616,7.1748,6.986,7.1748,219329,0
20131010,7.1748,7.222,7.0247,7.1182,76885,0
20131011,7.1182,7.1455,7.0719,7.1455,49131,0
20131014,7.1266,7.1549,7.053,7.1455,33307,0
20131015,7.1559,7.172,7.0804,7.1635,38113,0
20131016,7.0899,7.1748,7.071,7.0804,10032,0
20131017,7.0804,7.1087,6.9775,7.1087,30123,0
20131018,7.1153,7.1371,7.0144,7.0804,15670,0
20131021,7.0993,7.1087,7.0238,7.0663,16461,0
20131022,7.0247,7.1276,7.0049,7.1276,24272,0
20131023,7.1276,7.1276,6.9756,7.071,53680,0
20131024,7.0427,7.071,6.901,7.07,34309,0
20131025,7.0049,7.071,6.8935,7.055,44070,0
20131028,7.0427,7.071,6.9199,6.9199,25307,0
20131029,7.0257,7.0332,6.9133,6.9133,12373,0
20131030,6.986,7.071,6.8821,7.0691,39433,0
20131031,7.071,7.088,6.8916,7.07,11710,0
20131101,7.0804,7.0804,6.986,7.0804,13998,0
20131104,7.0899,7.1371,6.986,7.1276,66087,0
20131105,7.1559,7.1654,6.986,7.1371,51173,0
20131106,7.1371,7.4109,7.0616,7.3825,77211,0
20131107,7.4014,7.5241,7.3165,7.4382,109865,0
20131108,7.458,7.4854,7.2786,7.4854,43700,0
20131111,7.458,7.6365,7.3542,7.4759,257582,0
20131112,7.5477,7.5477,7.1192,7.2597,48193,0
20131113,7.307,7.4117,7.2031,7.3976,50439,0
20131114,7.3532,7.3637,7.2031,7.2683,55859,0
20131115,7.3353,7.3448,7.2031,7.2692,34613,0
20131118,7.307,7.3448,7.0804,7.105,110481,0
20131119,7.1276,7.2786,7.071,7.0813,50738,0
20131120,7.0993,7.1748,7.0332,7.1748,52639,0
20131121,7.1654,7.2022,7.0332,7.0804,98863,0
20131122,7.1512,7.222,7.0049,7.2211,14996,0
20131125,7.1654,7.222,7.1182,7.189,11032,0
20131126,7.1465,7.222,7.1069,7.1984,27700,0
20131127,7.1371,7.222,7.071,7.0804,20736,0
20131128,7.0757,7.1739,6.9672,7.0096,97445,0
20131129,6.986,7.1729,6.9681,7.1144,18075,0
20131202,7.1729,7.1729,6.8916,7.0766,44447,0
20131203,7.0804,7.0804,6.7972,6.9473,37363,0
20131204,6.9672,7.0691,6.6839,6.8633,64540,0
20131205,6.7642,6.9832,6.7311,6.8878,18001,0
20131206,6.9388,6.9869,6.7802,6.9869,15330,0
20131209,6.986,6.986,6.8038,6.8444,3283,0
20131210,6.9388,6.9577,6.75,6.7783,14382,0
20131211,6.7896,6.9237,6.6462,6.8236,20268,0
20131212,6.8916,6.9379,6.7131,6.7878,12392,0
20131213,6.7689,6.9388,6.6877,6.901,3817,0
20131216,6.8444,6.986,6.7689,6.8708,7936,0
20131217,6.8916,7.0616,6.8727,7.0332,16936,0
20131218,6.9908,7.1078,6.8916,7.0794,3146,0
20131219,6.9766,7.0616,6.8916,6.9841,6095,0
20131220,7.0606,7.0606,6.8444,7.0323,25973,0
20131223,7.0332,7.0616,6.8907,7.0144,12100,0
20131227,7.0332,7.1701,6.8727,7.0474,14862,0
20131230,6.9388,7.1371,6.9388,7.071,16175,0
20140102,7.1087,7.1654,6.9672,7.0105,18150,0
20140103,7.1087,7.1276,7.0332,7.0616,11517,0
20140106,7.0804,7.1135,6.969,7.071,27368,0
20140107,7.0068,7.1276,6.9672,7.0332,57236,0
20140108,7.0616,7.2343,6.9293,7.2343,67553,0
20140109,7.1635,7.1635,7.0804,7.1549,30023,0
20140110,7.1748,7.222,7.0238,7.0993,45390,0
20140113,7.1635,7.2692,7.0616,7.1692,73632,0
20140114,7.1276,7.1559,7.0332,7.0341,38174,0
20140115,7.0757,7.1502,7.0332,7.1502,41809,0
20140116,7.1559,7.1559,7.0332,7.0521,65420,0
20140117,7.0804,7.0899,7.0332,7.087,16087,0
20140120,7.1559,7.222,7.0361,7.0361,38240,0
20140121,7.0483,7.1399,7.0332,7.0804,7775,0
20140122,7.1371,7.1371,6.986,7.071,28342,0
20140123,7.1371,7.1371,7.0332,7.0889,6223,0
20140124,7.0427,7.1276,6.986,7.0747,39664,0
20140127,6.9869,7.1087,6.986,7.0804,30530,0
20140128,7.0804,7.1087,6.986,7.0851,2659,0
20140129,7.1087,7.1087,6.986,7.0889,19677,0
20140130,7.0191,7.1087,7.0152,7.071,8776,0
20140131,6.9955,7.1022,6.986,7.0238,4024,0
20140203,7.0927,7.0927,6.986,7.0776,16447,0
20140204,7.0804,7.0851,7.0144,7.0521,16106,0
20140205,7.0804,7.1559,7.0144,7.1559,10168,0
20140206,7.02,7.0899,7.0162,7.0899,8480,0
20140207,7.038,7.0804,7.0247,7.0804,5130,0
20140210,7.1276,7.1276,7.0341,7.0747,15015,0
20140211,7.0804,7.0899,7.0294,7.071,23343,0
20140212,7.2692,7.2692,7.038,7.1597,107185,0
20140213,7.1418,7.2589,7.0993,7.2277,68960,0
20140214,7.1758,7.2191,7.0804,7.2191,36513,0
20140217,7.1758,7.222,7.1371,7.1635,45089,0
20140218,7.1672,7.2211,7.1266,7.1276,27782,0
20140219,7.1003,7.2173,7.0341,7.1824,34627,0
20140220,7.1286,7.2277,7.0993,7.2277,7495,0
20140221,7.1087,7.1918,7.104,7.1918,10040,0
20140224,7.1654,7.1654,7.086,7.1455,10667,0
20140225,7.1087,7.1635,7.0983,7.1635,2939,0
20140226,7.2117,7.2117,7.1276,7.1276,7217,0
20140227,7.1087,7.1436,7.0804,7.0804,16671,0
20140228,7.0804,7.1455,7.0616,7.0747,20769,0
20140303,7.0804,7.1436,7.0616,7.0653,11423,0
20140304,7.071,7.1276,7.0436,7.0653,15985,0
20140305,7.1569,7.1748,7.0644,7.1219,13890,0
20140306,7.1371,7.1842,7.0851,7.1219,16229,0
20140307,7.1748,7.1748,7.0314,7.0314,16561,0
20140310,7.0644,7.1276,7.0332,7.0332,6652,0
20140311,7.0521,7.1219,7.0332,7.0653,9503,0
20140312,7.0341,7.1502,7.0332,7.053,11762,0
20140313,7.0332,7.1739,6.9104,7.0049,66238,0
20140314,6.9766,7.0332,6.7972,6.8019,44409,0
20140317,6.8444,6.9388,6.7802,6.8878,8735,0
20140318,6.8916,7.0813,6.8755,6.9775,11687,0
20140319,6.8926,7.038,6.8926,6.934,17699,0
20140320,6.9266,7.0238,6.9266,6.9719,3337,0
20140321,6.9766,7.0804,6.9266,7.0332,21985,0
20140324,7.0427,7.0427,6.9114,6.9152,16733,0
20140325,6.9775,7.0323,6.9114,6.9416,23334,0
20140326,6.986,7.1069,6.8926,6.9851,3057,0
20140327,6.9955,7.0833,6.8916,6.934,22362,0
20140328,6.9388,7.0323,6.9086,6.9586,4137,0
20140331,6.9633,7.0521,6.9209,6.9435,5148,0
20140401,6.9955,7.1087,6.9454,7.0558,24495,0
20140402,7.0247,7.2494,7.0247,7.1455,144216,0
20140403,7.0804,7.1465,7.0455,7.0899,79542,0
20140404,7.1276,7.1559,7.0388,7.071,65670,0
20140407,7.0804,7.1446,6.9822,6.9822,53580,0
20140408,7.0388,7.1276,6.9879,6.9945,25667,0
20140409,6.9964,7.1323,6.986,7.0332,22177,0
20140410,7.0285,7.1502,6.9681,6.9681,15510,0
20140411,6.9974,7.0889,6.9728,7.0351,4020,0
20140414,7.0304,7.0851,6.9841,7.0332,34192,0
20140415,7.0332,7.0851,6.9955,7.0332,7933,0
20140416,7.071,7.0899,7.0144,7.038,2314,0
20140417,7.0238,7.0899,7.0191,7.038,264,0
20140422,7.0804,7.1219,7.0238,7.0899,7100,0
20140423,7.0899,7.1229,7.0644,7.0672,6119,0
20140424,7.0757,7.1257,7.0049,7.0427,11550,0
20140425,7.0427,7.0899,6.9785,7.0332,10894,0
20140428,7.0332,7.0794,6.9549,6.9549,17863,0
20140429,7.0275,7.1087,6.986,7.0558,18728,0
20140430,7.0616,7.1276,7.0502,7.0653,2908,0
20140502,7.0634,7.1276,7.0634,7.0653,4605,0
20140505,7.071,7.1371,7.0587,7.0842,21353,0
20140506,7.0899,7.1465,7.07,7.0993,5397,0
20140507,7.0804,7.1361,7.0606,7.0804,25045,0
20140508,7.0889,7.0946,7.071,7.0804,2069,0
20140509,7.0804,7.1276,7.0511,7.0804,8216,0
20140512,7.0804,7.1549,7.0804,7.0813,20728,0
20140513,7.1229,7.1559,7.0616,7.0616,25009,0
20140514,7.1276,7.1276,7.055,7.0804,5102,0
20140515,7.0804,7.1276,7.0558,7.0616,16747,0
20140516,7.0616,7.1276,7.037,7.0427,17722,0
20140519,7.0332,7.1276,7.0332,7.0332,8781,0
20140520,7.0624,7.1276,7.0332,7.0464,3659,0
20140521,7.0332,7.1087,7.0096,7.0332,936,0
20140522,7.0332,7.2503,7.0247,7.2013,62435,0
20140523,7.1654,7.4382,7.1125,7.3334,180755,0
20140526,7.4109,7.4203,7.2692,7.2692,55546,0
20140527,7.2532,7.3967,7.2333,7.2683,25380,0
20140528,7.273,7.3637,7.222,7.2305,82177,0
20140529,7.1947,7.3165,7.0388,7.0388,70343,0
20140530,7.0804,7.1748,7.0332,7.1266,82393,0
20140602,7.1087,7.1842,7.0511,7.0511,230327,0
20140603,7.0351,7.1465,7.0351,7.0427,48685,0
20140604,7.0427,7.1276,7.0332,7.0436,67872,0
20140605,7.0899,7.0983,7.0351,7.0899,46642,0
20140606,7.1276,7.1399,7.038,7.1352,114724,0
20140609,7.1465,7.1928,7.0624,7.1276,68627,0
20140610,7.086,7.1842,7.0804,7.1711,83355,0
20140611,7.1465,7.3259,7.0804,7.307,61901,0
20140612,7.3165,7.392,7.222,7.375,76044,0
20140613,7.3089,7.3627,7.1436,7.1928,51183,0
20140616,7.2692,7.2692,7.1569,7.223,36888,0
20140617,7.2692,7.408,7.222,7.3165,52008,0
20140618,7.2806,7.5071,7.2692,7.3995,66017,0
20140619,7.374,7.7639,7.3551,7.5799,109184,0
20140620,7.6941,7.8357,7.6912,7.8357,106938,0
20140623,7.8064,7.8168,7.61,7.8064,43852,0
20140624,7.678,7.93,7.6658,7.6855,110874,0
20140625,7.9197,8.2133,7.761,8.0245,188814,0
20140626,8.0603,8.0603,7.8366,7.8867,93846,0
20140627,7.9319,7.9886,7.5534,7.6468,81180,0
20140630,7.6232,7.8357,7.4335,7.6658,128280,0
20140701,7.6252,7.9395,7.6252,7.8763,62277,0
20140702,7.8611,7.9489,7.7903,7.7922,27966,0
20140703,7.8073,7.8886,7.6903,7.6903,21406,0
20140704,7.6837,7.8073,7.6619,7.6619,28163,0
20140707,7.6941,7.8724,7.6279,7.7507,24390,0
20140708,7.6393,7.9017,7.5647,7.8347,63084,0
20140709,7.779,7.9112,7.7602,7.863,15855,0
20140710,7.8357,8.0245,7.8309,7.8357,113624,0
20140711,7.8602,7.9631,7.8394,7.8734,23425,0
20140714,7.8394,7.9017,7.8357,7.9017,41262,0
20140715,7.8262,7.9017,7.7885,7.7885,35198,0
20140716,7.7885,7.8734,7.7413,7.7413,12483,0
20140717,7.746,7.8357,7.7413,7.7536,23448,0
20140718,7.7413,7.8357,7.5713,7.6562,44807,0
20140721,7.6468,7.7082,7.3637,7.4203,55206,0
20140722,7.458,7.5421,7.3637,7.3703,53930,0
20140723,7.4392,7.4948,7.392,7.3957,34770,0
20140724,7.4995,7.6562,7.4109,7.5959,42143,0
20140725,7.5524,7.8158,7.5524,7.6355,21861,0
20140728,7.6185,7.6582,7.543,7.6072,18042,0
20140729,7.5563,7.6658,7.4816,7.5354,19535,0
20140730,7.6374,7.6374,7.4562,7.458,19422,0
20140731,7.458,7.5335,7.2597,7.2664,74587,0
20140801,7.307,7.4165,7.0936,7.1522,55856,0
20140804,7.2692,7.3344,7.1182,7.1465,27399,0
20140805,7.1635,7.3155,7.1484,7.189,24032,0
20140806,7.1834,7.2833,7.0804,7.1739,21118,0
20140807,7.1692,7.222,6.901,7.0464,68530,0
20140808,7.0804,7.1455,6.8633,6.9057,48709,0
20140811,7.0144,7.1371,6.986,7.0804,31137,0
20140812,7.0804,7.1371,7.0332,7.0332,16926,0
20140813,7.0332,7.1087,7.0332,7.0332,20383,0
20140814,7.0332,7.0804,6.9672,6.9917,53783,0
20140815,7.0332,7.307,6.9766,7.0804,83633,0
20140818,7.1276,7.3278,7.0956,7.2541,18101,0
20140819,7.2314,7.3637,7.2314,7.3145,16027,0
20140820,7.3165,7.4571,7.2881,7.4571,10248,0
20140821,7.307,7.4297,7.3051,7.3051,28211,0
20140822,7.3079,7.4014,7.1824,7.1824,23552,0
20140825,7.2786,7.358,7.1748,7.2825,14941,0
20140826,7.2437,7.3165,7.239,7.239,16175,0
20140827,7.239,7.2995,7.2135,7.2135,32277,0
20140828,7.2126,7.3448,7.1323,7.1559,27335,0
20140829,7.1371,7.3637,7.1371,7.2796,7917,0
20140901,7.2692,7.441,7.2692,7.392,6924,0
20140902,7.3448,7.5921,7.3448,7.4845,23273,0
20140903,7.5996,7.6185,7.5052,7.5307,17864,0
20140904,7.5335,7.6185,7.4439,7.5052,18448,0
20140905,7.5052,7.5694,7.4948,7.4948,3405,0
20140908,7.4892,7.6468,7.4882,7.5487,15275,0
20140909,7.6374,7.6374,7.4287,7.458,10284,0
20140910,7.458,7.5288,7.4353,7.458,4011,0
20140911,7.5335,7.5524,7.458,7.4929,6688,0
20140912,7.4873,7.5807,7.4873,7.5109,11867,0
20140915,7.5996,7.713,7.5052,7.593,27904,0
20140916,7.5807,7.6421,7.5581,7.5581,5879,0
20140917,7.6279,7.6847,7.5241,7.6016,24834,0
20140918,7.3334,7.543,7.3334,7.4165,18191,0
20140919,7.4165,7.4732,7.3863,7.4203,5827,0
20140922,7.4203,7.5052,7.3637,7.4203,11434,0
20140923,7.4203,7.458,7.1748,7.1937,22208,0
20140924,7.1947,7.2786,7.1937,7.2305,5660,0
20140925,7.2305,7.3136,7.1965,7.1965,3399,0
20140926,7.1965,7.458,7.1965,7.2286,31148,0
20140929,7.2692,7.4392,7.2494,7.2494,18363,0
20140930,7.2597,7.3221,7.1852,7.1852,4983,0
20141001,7.2154,7.2777,7.0455,7.0455,12981,0
20141002,7.0804,7.3542,7.0804,7.1758,18586,0
20141006,7.1739,7.779,7.1739,7.5241,96844,0
20141007,7.4109,7.5052,7.0899,7.1758,48250,0
20141008,7.1182,7.2126,6.9982,7.0729,21134,0
20141009,7.0719,7.1559,6.9577,7.0247,26413,0
20141010,6.9397,7.088,6.7537,6.8406,55109,0
20141013,6.75,6.8633,6.6821,6.7311,36807,0
20141014,6.8821,6.8821,6.5234,6.7037,26790,0
20141015,6.7028,6.7972,6.4384,6.6179,46606,0
20141016,6.6839,6.7028,6.4838,6.5527,79440,0
20141017,6.5611,6.7972,6.5611,6.7028,17875,0
20141020,6.7018,6.7689,6.5517,6.5517,14361,0
20141021,6.6556,7.0152,6.5611,6.8718,34374,0
20141022,6.9879,7.0332,6.8444,6.9322,25691,0
20141023,7.0833,7.0833,6.8755,6.8869,3402,0
20141024,6.9766,6.9832,6.8661,6.8718,1671,0
20141027,6.8916,7.0228,6.8661,6.8661,7556,0
20141028,6.8916,6.986,6.8274,6.8727,10140,0
20141029,6.8274,6.9199,6.8274,6.8727,1988,0
20141030,6.8255,6.9104,6.7802,6.7802,8016,0
20141031,6.9955,7.0493,6.8444,6.8841,5704,0
20141103,6.9766,7.0804,6.8359,6.9284,17519,0
20141104,6.9293,6.9935,6.8501,6.8661,646,0
20141105,6.8963,6.9577,6.8095,6.8501,5106,0
20141106,6.8349,6.9293,6.7537,6.8444,13549,0
20141107,6.8161,6.8926,6.7481,6.7481,4093,0
20141110,6.7972,6.901,6.7377,6.7377,7813,0
20141111,6.8208,6.8916,6.7358,6.7726,5552,0
20141112,6.8444,6.8444,6.6659,6.6659,6633,0
20141113,6.7028,6.9388,6.7028,6.8916,19091,0
20141114,6.8349,6.902,6.75,6.7699,29808,0
20141117,6.8444,6.8444,6.7396,6.7471,6178,0
20141118,6.7972,6.8841,6.7028,6.7028,47668,0
20141119,6.7122,6.8642,6.7122,6.8444,27495,0
20141120,6.8444,6.8727,6.6801,6.6801,17128,0
20141121,6.7972,6.8585,6.683,6.683,24567,0
20141124,6.75,6.8897,6.7349,6.7349,27466,0
20141125,6.7972,7.0445,6.7972,6.9284,26442,0
20141126,6.9766,6.9955,6.8916,6.8916,10800,0
20141127,6.8916,6.986,6.8916,6.9388,20691,0
20141128,6.9388,6.9851,6.7471,6.7471,17483,0
20141201,6.7689,6.8821,6.7131,6.7131,10808,0
20141202,6.8538,6.9586,6.8066,6.8642,17774,0
20141203,6.8916,7.0427,6.8056,6.8255,12651,0
20141204,6.8444,6.9482,6.8255,6.8255,12575,0
20141205,6.8444,6.9303,6.7377,6.7377,28258,0
20141208,6.7878,6.9152,6.6641,6.6868,14143,0
20141209,6.7623,6.8727,6.6821,6.6821,26271,0
20141210,6.75,6.8341,6.6868,6.6868,2440,0
20141211,6.7122,6.9067,6.7122,6.7217,5137,0
20141212,6.75,6.8095,6.7028,6.7028,3675,0
20141215,6.7131,6.8255,6.6764,6.6764,3574,0
20141216,6.7972,6.7972,6.5857,6.5914,32032,0
20141217,6.6556,6.8227,6.631,6.6905,19266,0
20141218,6.7972,6.8718,6.7301,6.7301,11799,0
20141219,6.75,6.7991,6.6216,6.6934,8780,0
20141222,6.6226,6.7481,6.6056,6.6263,20612,0
20141223,6.7028,6.7217,6.6537,6.6537,10287,0
20141229,6.7037,6.7972,6.598,6.598,47667,0
20141230,6.6556,6.749,6.6556,6.7217,13158,0
20150102,6.6745,6.7311,6.6122,6.614,2789,0
20150105,6.6415,6.75,6.6415,6.6556,20156,0
20150106,6.6556,6.7113,6.6528,6.6528,4771,0
20150107,6.6471,6.7368,6.6471,6.6887,3365,0
20150108,6.6386,6.9133,6.6386,6.7443,44605,0
20150109,6.8199,6.9388,6.6575,6.7962,14186,0
20150112,7.0351,7.0351,6.8878,6.9303,16991,0
20150113,6.9379,6.986,6.8727,6.8727,3044,0
20150114,6.8916,7.0417,6.8803,6.8803,6365,0
20150115,6.9388,7.0427,6.8444,6.8803,21955,0
20150116,6.9388,7.0786,6.9104,6.9104,14210,0
20150119,6.9388,7.1276,6.9388,7.003,5612,0
20150120,7.172,7.1777,6.9869,6.9898,15765,0
20150121,7.0804,7.1748,7.0341,7.0558,11313,0
20150122,7.0965,7.2456,6.9388,7.239,23496,0
20150123,7.0776,7.1748,6.9719,6.9719,16129,0
20150126,7.0332,7.3155,7.0049,7.1153,7848,0
20150127,7.1087,7.3145,7.0058,7.0323,10573,0
20150128,7.1069,7.1455,6.9869,6.9869,6091,0
20150129,7.0587,7.1087,6.9171,6.9171,10807,0
20150130,6.9662,7.1559,6.9662,7.0616,7355,0
20150202,7.206,7.206,7.0181,7.0408,8259,0
20150203,7.1059,7.2013,7.0786,7.0786,9956,0
20150204,7.0993,7.307,7.0993,7.1947,40281,0
20150205,7.2183,7.4109,7.2183,7.3108,36067,0
20150206,7.3589,7.4533,7.2966,7.2966,23362,0
20150209,7.3448,7.5996,7.3259,7.3259,41843,0
20150210,7.3448,7.4864,7.3391,7.3514,4514,0
20150211,7.4109,7.5052,7.3259,7.3259,45100,0
20150212,7.307,7.4014,7.1276,7.2362,24727,0
20150213,7.2654,7.3165,6.986,7.1418,83094,0
20150216,7.2692,7.4439,7.0927,7.1276,21548,0
20150217,7.1748,7.2692,7.0936,7.0936,3741,0
20150218,7.222,7.3136,7.1559,7.1664,5876,0
20150219,7.222,7.3126,7.1748,7.1824,16753,0
20150220,7.2409,7.3608,7.1758,7.1758,25772,0
20150223,7.2786,7.3061,7.1578,7.1578,13357,0
20150224,7.2503,7.2692,7.054,7.0558,21908,0
20150225,7.0804,7.4458,7.0804,7.2645,43423,0
20150226,7.3637,7.5335,7.2692,7.4373,22763,0
20150227,7.4297,7.5807,7.4297,7.4599,34718,0
20150302,7.5524,7.5807,7.3759,7.4061,36414,0
20150303,7.458,7.5147,7.3013,7.3231,33563,0
20150304,7.5052,7.5052,7.2862,7.3212,14628,0
20150305,7.3165,7.4109,7.2579,7.2579,41571,0
20150306,7.3353,7.4297,7.2777,7.2777,17283,0
20150309,7.3259,7.4297,7.3259,7.3401,10728,0
20150310,7.4297,7.4297,7.2815,7.2815,9175,0
20150311,7.3165,7.5081,7.24,7.3419,29357,0
20150312,7.458,7.4665,7.24,7.24,25445,0
20150313,7.4109,7.4571,7.3165,7.3183,12378,0
20150316,7.3637,7.4109,7.1333,7.1333,18533,0
20150317,7.222,7.3145,7.0558,7.0558,28608,0
20150318,7.1276,7.2126,7.0332,7.0332,4286,0
20150319,7.0634,7.1276,6.9974,7.0144,18474,0
20150320,7.0332,7.1276,7.0077,7.0152,11425,0
20150323,7.1192,7.1654,7.0152,7.0228,18753,0
20150324,7.0804,7.1777,7.0341,7.0776,34968,0
20150325,7.0804,7.1276,6.9672,7.0502,51678,0
20150326,6.986,7.0804,6.9369,6.9369,24663,0
20150327,6.9822,7.3731,6.9822,7.1729,21636,0
20150330,7.3844,7.458,7.1758,7.3212,40677,0
20150331,7.407,7.5713,7.3598,7.3787,68894,0
20150401,7.4099,7.459,7.3155,7.4109,19540,0
20150402,7.408,7.4523,7.408,7.4109,12921,0
20150407,7.4392,7.5543,7.4109,7.5052,40859,0
20150408,7.5052,7.5052,7.3637,7.3637,9903,0
20150409,7.3637,7.864,7.3637,7.6554,42457,0
20150410,7.6006,7.6431,7.5524,7.5902,19313,0
20150413,7.5543,8.1472,7.5052,8.0697,302728,0
20150414,8.034,8.1,7.7413,7.7516,242723,0
20150415,7.8168,8.0245,7.8168,7.8697,41362,0
20150416,7.9819,8.0509,7.7431,7.8555,48253,0
20150417,7.9292,7.9292,7.5732,7.5741,50264,0
20150420,7.763,7.8234,7.5713,7.7696,25528,0
20150421,7.7507,7.779,7.6468,7.778,30155,0
20150422,7.778,7.7885,7.6006,7.6252,14726,0
20150423,7.6667,7.6667,7.3259,7.3637,39697,0
20150424,7.458,7.5563,7.4571,7.5496,13292,0
20150427,7.5619,7.6459,7.5052,7.5524,16325,0
20150428,7.5996,7.7413,7.5524,7.6016,19542,0
20150429,7.6006,7.6638,7.375,7.4109,32270,0
20150430,7.4769,7.576,7.4052,7.4958,19381,0
20150504,7.6374,7.6374,7.5241,7.5987,9798,0
20150505,7.5628,7.6318,7.5081,7.5081,3795,0
20150506,7.4958,7.5515,7.4486,7.4646,5274,0
20150507,7.4552,7.4562,7.2541,7.3165,71655,0
20150508,7.4571,7.4571,7.3165,7.3693,9790,0
20150511,7.3825,7.5524,7.3825,7.5524,14421,0
20150512,7.4948,7.5052,7.4203,7.458,4110,0
20150513,7.4392,7.5637,7.4392,7.458,32631,0
20150514,7.4392,7.5024,7.4297,7.4344,1555,0
20150515,7.458,7.4816,7.3967,7.3967,11913,0
20150518,7.4439,7.5147,7.4392,7.4392,9217,0
20150519,7.3731,7.5477,7.3731,7.4769,31314,0
20150520,7.4864,7.5506,7.458,7.4637,16791,0
20150521,7.4788,7.4788,7.3731,7.4306,11377,0
20150522,7.4486,7.5175,7.3637,7.5052,19879,0
20150526,7.543,7.543,7.2692,7.3637,22174,0
20150527,7.4061,7.4061,7.138,7.1937,37459,0
20150528,7.1937,7.2541,7.1748,7.1748,25665,0
20150529,7.222,7.2664,7.1276,7.1276,5718,0
20150601,7.1276,7.222,7.1276,7.1371,12795,0
20150602,7.1229,7.1371,7.0049,7.071,23624,0
20150603,7.0804,7.1918,7.0436,7.0899,28113,0
20150604,7.0624,7.1266,7.0332,7.0341,23418,0
20150605,7.0247,7.0464,6.9888,7.0464,11298,0
20150608,7.0049,7.0794,6.9766,7.0332,17793,0
20150609,7.0616,7.0616,6.9275,6.9303,18180,0
20150610,6.8557,6.8916,6.5234,6.8821,79263,0
20150611,6.8983,6.9104,6.7982,6.9104,6125,0
20150612,6.8633,6.9096,6.8444,6.8916,3522,0
20150615,6.9293,6.9293,6.6915,6.6915,21778,0
20150616,6.5895,6.7358,6.5895,6.599,17896,0
20150617,6.6462,6.7783,6.6084,6.7783,5081,0
20150618,6.7311,6.7783,6.6575,6.7783,10622,0
20150619,6.7783,6.868,6.7217,6.868,16290,0
20150622,7.0332,7.0332,6.869,6.8916,4298,0
20150623,6.9851,7.0285,6.8755,6.9539,11005,0
20150624,6.9067,7.0294,6.8341,6.8341,17335,0
20150625,6.8812,6.9435,6.8009,6.8794,12030,0
20150626,6.9388,7.0606,6.8482,7.0049,10773,0
20150629,6.7972,7.0606,6.7028,6.7972,40686,0
20150630,7.0616,7.1559,6.8916,7.071,56659,0
20150701,7.0804,7.3608,7.0804,7.2484,9649,0
20150702,7.206,7.2664,7.1172,7.1172,6579,0
20150703,7.1645,7.2503,7.1219,7.1314,5701,0
20150706,7.1371,7.2636,7.1371,7.1748,9060,0
20150707,7.222,7.3165,7.1852,7.1852,15277,0
20150708,7.2314,7.2314,7.071,7.0823,22030,0
20150709,7.1295,7.3165,7.0993,7.2135,20589,0
20150710,7.2607,7.3165,7.222,7.3165,14917,0
20150713,7.3165,7.3637,7.3165,7.3542,20302,0
20150714,7.3637,7.3637,7.2476,7.3391,25736,0
20150715,7.3627,7.4901,7.3617,7.4628,11960,0
20150716,7.4854,7.5807,7.4675,7.4741,32023,0
20150717,7.5147,7.5996,7.5052,7.5704,17116,0
20150720,7.5619,7.5713,7.5232,7.5524,17248,0
20150721,7.5524,7.5996,7.5524,7.5996,4109,0
20150722,7.5335,7.5713,7.5147,7.5335,14290,0
20150723,7.5468,7.6185,7.5052,7.6185,8095,0
20150724,7.5807,7.6185,7.5062,7.6185,5301,0
20150727,7.6185,7.6185,7.5147,7.5524,11716,0
20150728,7.5062,7.5534,7.5052,7.5524,2178,0
20150729,7.5524,7.5524,7.4986,7.4986,4004,0
20150730,7.458,7.5458,7.458,7.5052,6936,0
20150731,7.459,7.543,7.459,7.543,6608,0
20150803,7.543,7.6176,7.458,7.458,5501,0
20150804,7.4769,7.5571,7.4109,7.5515,12420,0
20150805,7.5052,7.6185,7.4864,7.5524,10462,0
20150806,7.5515,7.5807,7.5052,7.5524,6858,0
20150807,7.5524,7.5524,7.5052,7.5109,7366,0
20150810,7.5524,7.5524,7.5147,7.5147,5583,0
20150811,7.5327,7.5335,7.5052,7.5052,6836,0
20150812,7.5052,7.5052,7.1276,7.2881,26323,0
20150813,7.4562,7.4562,7.2126,7.2126,4709,0
20150814,7.4099,7.4099,7.3637,7.409,1508,0
20150817,7.4476,7.4476,7.3617,7.4203,1038,0
20150818,7.407,7.4193,7.3825,7.4193,2118,0
20150819,7.3259,7.3514,6.8048,7.0804,55572,0
20150820,7.1824,7.1824,7.0144,7.1739,13760,0
20150821,7.0238,7.1578,6.9293,6.9313,27541,0
20150824,6.8161,6.8161,5.8625,6.3252,191723,0
20150825,6.3252,6.8341,6.278,6.6575,69131,0
20150826,6.6915,6.7868,6.4809,6.6934,14063,0
20150827,6.751,6.8831,6.751,6.8831,7199,0
20150828,6.9096,6.9426,6.8359,6.9426,5558,0
20150831,6.9388,6.9388,6.7972,6.9369,12907,0
20150901,6.8916,6.8916,6.7131,6.7236,12894,0
20150902,6.7707,6.9275,6.7707,6.8444,5191,0
20150903,6.8916,7.053,6.8916,7.053,4950,0
20150904,7.0332,7.0521,6.9388,7.0314,16669,0
20150907,7.0314,7.0616,6.8944,7.0332,15718,0
20150908,7.0521,7.1559,7.0521,7.0804,7017,0
20150909,7.1286,7.3061,7.0804,7.1361,9427,0
20150910,7.1371,7.1834,7.0332,7.0332,29302,0
20150911,7.071,7.2126,6.986,7.2126,13109,0
20150914,7.2126,7.2126,7.071,7.1861,14924,0
20150915,7.2333,7.2333,6.9917,7.0521,6753,0
20150916,6.9709,7.1286,6.9709,7.1276,8942,0
20150917,7.1276,7.2377,7.1276,7.1866,2253,0
20150918,7.1384,7.2181,7.0775,7.0775,7632,0
20150921,7.1257,7.1276,7.0382,7.1266,14644,0
20150922,7.1276,7.1276,6.7924,6.871,7922,0
20150923,6.8818,6.9811,6.7825,6.8966,19171,0
20150924,6.8818,7.0362,6.7344,6.8818,12607,0
20150925,6.8818,7.0185,6.872,6.8818,6311,0
20150928,6.931,6.987,6.8337,6.987,3704,0
20150929,7.0037,7.0047,6.7934,6.8818,21431,0
20150930,7.0264,7.0264,6.7934,6.9742,4703,0
20151001,7.0293,7.1276,6.8818,6.8818,8775,0
20151002,6.931,7.0785,6.931,7.0293,2099,0
20151005,7.049,7.049,6.8877,7.0293,2804,0
20151006,7.0293,7.048,6.9516,7.0293,11826,0
20151007,7.0293,7.0293,6.9801,7.0146,2884,0
20151008,7.0146,7.0146,6.932,7.0096,2494,0
20151009,6.9418,7.0096,6.9408,6.9959,4586,0
20151012,7.0283,7.0588,6.931,7.0293,3871,0
20151013,6.9801,7.0608,6.931,6.9801,4984,0
20151014,6.9801,6.9801,6.9015,6.9015,7958,0
20151015,6.8917,7.0106,6.8917,6.9801,3127,0
20151016,6.8927,7.0775,6.8927,7.0775,1020,0
20151019,6.9801,7.0775,6.9801,6.9801,4203,0
20151020,6.9998,6.9998,6.7619,6.813,17569,0
20151021,6.8425,6.9231,6.8425,6.873,4208,0
20151022,6.9821,7.0323,6.933,6.9418,3633,0
20151023,7.0293,7.1178,6.9428,7.0303,4632,0
20151026,7.1178,7.2653,7.0824,7.2653,3127,0
20151027,7.2643,7.2653,7.2053,7.2653,9151,0
20151028,7.2643,7.2751,7.163,7.2259,12964,0
20151029,7.2643,7.2653,7.1778,7.1778,591,0
20151030,7.2653,7.3636,7.2653,7.3528,2196,0
20151102,7.3931,7.3931,7.2259,7.3528,3360,0
20151103,7.3645,7.4619,7.3636,7.4619,2094,0
20151104,7.3528,7.5405,7.3242,7.5405,16518,0
20151105,7.5395,7.5995,7.4422,7.4422,28505,0
20151106,7.5916,7.5916,7.4422,7.5681,13446,0
20151109,7.4707,7.629,7.4324,7.4815,25192,0
20151110,7.4815,7.4815,7.3724,7.3734,2315,0
20151111,7.3931,7.4707,7.3242,7.3734,3426,0
20151112,7.4216,7.57,7.3783,7.57,8831,0
20151113,7.57,7.6192,7.452,7.4806,10744,0
20151116,7.4226,7.6123,7.3704,7.4393,4013,0
20151117,7.5376,7.5376,7.4422,7.4747,3879,0
20151118,7.4275,7.5356,7.3262,7.3262,21126,0
20151119,7.4363,7.5258,7.4235,7.4717,5292,0
20151120,7.5199,7.5209,7.4226,7.4226,6767,0
20151123,7.5602,7.5602,7.4245,7.4717,6160,0
20151124,7.4717,7.4717,7.4707,7.4717,1153,0
20151125,7.4717,7.4717,7.4226,7.4226,2984,0
20151126,7.4127,7.4707,7.3999,7.4009,1467,0
20151127,7.3999,7.4707,7.3999,7.4078,554,0
20151130,7.398,7.4707,7.398,7.4029,3773,0
20151201,7.4334,7.4688,7.397,7.4668,8222,0
20151202,7.4127,7.4707,7.1247,7.2259,19907,0
20151203,7.1768,7.3272,7.1768,7.2259,12953,0
20151204,7.2053,7.3233,7.1473,7.3233,12442,0
20151207,7.3292,7.3754,7.2289,7.28,12845,0
20151208,7.3724,7.3891,7.2751,7.3891,3330,0
20151209,7.4707,7.4992,7.2967,7.4206,14148,0
20151210,7.3832,7.4216,7.3832,7.4196,2611,0
20151211,7.4117,7.4127,7.2977,7.3734,13338,0
20151214,7.2967,7.3931,7.2967,7.3242,27340,0
20151215,7.2751,7.3174,7.1296,7.1876,18127,0
20151216,7.2014,7.2751,7.1374,7.1374,88082,0
20151217,7.1394,7.2249,7.1394,7.1778,1111,0
20151218,7.1787,7.3734,7.1768,7.3685,43639,0
20151221,7.3233,7.3685,7.2594,7.3655,3439,0
20151222,7.2662,7.2662,7.1374,7.1374,8481,0
20151223,7.1384,7.2476,7.1325,7.2476,11587,0
20151228,7.2554,7.2554,7.2161,7.2161,3854,0
20151229,7.2161,7.3242,7.2161,7.3242,2081,0
20151230,7.3134,7.3144,7.1473,7.2751,7124,0
20160104,7.2259,7.2259,7.0991,7.1276,9017,0
20160105,7.1768,7.2161,7.1571,7.1571,1453,0
20160106,7.1374,7.2643,7.1276,7.1315,2134,0
20160107,7.0981,7.105,6.7049,6.9035,16493,0
20160108,7.0126,7.0126,6.8327,6.9782,8239,0
20160111,6.9782,6.9782,6.813,6.8228,10056,0
20160112,6.8425,6.8425,6.8425,6.8425,1106,0
20160113,6.9438,7.0273,6.8887,7.0195,8570,0
20160114,6.9143,6.9271,6.7344,6.7835,11518,0
20160115,6.8612,6.8612,6.7344,6.7835,7231,0
20160118,6.8897,6.8897,6.7147,6.7147,5181,0
20160119,6.8238,6.8248,6.7835,6.7835,2563,0
20160120,6.6852,6.7344,6.4011,6.4404,20234,0
20160121,6.5083,6.8641,6.5083,6.6852,33464,0
20160122,6.7953,6.8691,6.7835,6.7835,3538,0
20160125,6.9526,6.9526,6.8622,6.8622,819,0
20160126,7.0273,7.0273,6.7934,6.7934,4262,0
20160127,6.9025,6.9221,6.9015,6.9192,2805,0
20160128,6.8818,6.9044,6.8101,6.8622,1584,0
20160129,6.8877,6.931,6.8877,6.931,2893,0
20160201,6.931,7.1276,6.93,6.9959,10039,0
20160202,6.8868,6.9251,6.8818,6.8818,4618,0
20160203,6.8858,6.9919,6.8858,6.9919,414,0
20160204,6.8907,6.8907,6.7226,6.7226,3583,0
20160205,6.7373,6.8327,6.6852,6.7344,4901,0
20160208,6.8445,6.9595,6.6862,6.6862,6293,0
20160209,6.6852,6.8818,6.6852,6.8818,11030,0
20160210,6.9408,6.9801,6.9408,6.9792,468,0
20160211,6.8828,6.9044,6.7934,6.7934,10147,0
20160212,6.6852,6.8985,6.6852,6.8985,5516,0
20160215,7.0077,7.0087,6.8258,7.0087,404,0
20160216,6.932,6.932,6.8818,6.8818,3412,0
20160217,6.8287,6.8287,6.7245,6.7245,11496,0
20160218,6.6852,6.8337,6.6852,6.695,3216,0
20160219,6.698,6.8052,6.6852,6.8052,5764,0
20160222,6.7983,6.872,6.7983,6.872,1725,0
20160223,6.8209,6.8307,6.7049,6.8307,4562,0
20160224,6.8818,6.8818,6.754,6.754,1595,0
20160225,6.8592,6.8632,6.8327,6.8327,2555,0
20160226,6.8327,6.9801,6.8327,6.9801,5720,0
20160229,6.9595,6.9998,6.8838,6.8927,4519,0
20160301,6.9801,7.1669,6.9801,7.1512,4578,0
20160302,7.1551,7.2751,7.1276,7.221,5650,0
20160303,7.1109,7.2249,7.1109,7.1571,998,0
20160304,7.2249,7.2259,7.1866,7.1866,2846,0
20160307,7.1679,7.2751,7.1679,7.2751,6731,0
20160308,7.1738,7.2259,7.0804,7.1669,12323,0
20160309,7.1768,7.2741,7.1768,7.1768,3633,0
20160310,7.2554,7.2574,7.0804,7.1001,5085,0
20160311,7.0804,7.1276,7.0441,7.1276,3383,0
20160314,7.1768,7.2377,7.1768,7.2377,3754,0
20160315,7.2348,7.3478,7.2348,7.3242,43575,0
20160316,7.3439,7.4226,7.2151,7.2151,5367,0
20160317,7.1827,7.3242,7.1768,7.1768,46970,0
20160318,7.2859,7.2859,7.1797,7.2859,832,0
20160321,7.2849,7.3724,7.2849,7.3695,1259,0
20160322,7.2633,7.2879,7.1768,7.1896,15778,0
20160323,7.2043,7.2839,7.2043,7.2839,339,0
20160324,7.2908,7.2908,7.1768,7.1787,16302,0
20160329,7.1896,7.2751,7.1768,7.1768,8611,0
20160330,7.2259,7.2751,7.1768,7.2751,5145,0
20160331,7.2259,7.2751,7.1827,7.1827,520,0
20160401,7.3026,7.3301,7.2741,7.2751,1473,0
20160404,7.3242,7.3262,7.3242,7.3262,407,0
20160405,7.3429,7.3429,7.222,7.2613,5099,0
20160406,7.3685,7.3734,7.2967,7.2967,3577,0
20160408,7.2554,7.3193,7.2554,7.3193,1654,0
20160411,7.3724,7.3734,7.3704,7.3734,3349,0
20160412,7.3734,7.4835,7.3734,7.4835,6412,0
20160413,7.4226,7.5209,7.3351,7.4226,7300,0
20160414,7.3773,7.5307,7.3734,7.3783,1572,0
20160415,7.3744,7.4865,7.3734,7.3734,4291,0
20160418,7.3577,7.4609,7.3567,7.3655,11659,0
20160419,7.3744,7.4678,7.2751,7.2751,18038,0
20160420,7.3842,7.4432,7.3341,7.3341,3055,0
20160421,7.4432,7.4717,7.3419,7.4678,10254,0
20160422,7.3577,7.4383,7.3577,7.3734,1069,0
20160425,7.3793,7.3793,7.3793,7.3793,577,0
20160426,7.4658,7.4658,7.4638,7.4638,250,0
20160427,7.3763,7.5199,7.3734,7.3734,10806,0
20160429,7.4226,7.4226,7.4226,7.4226,1425,0
20160502,7.4226,7.4226,7.3734,7.4226,1666,0
20160504,7.3734,7.4717,7.3724,7.4717,9201,0
20160506,7.4609,7.5199,7.4609,7.5189,1615,0
20160509,7.5209,7.5209,7.511,7.5209,15399,0
20160510,7.5504,7.6162,7.5504,7.5897,3231,0
20160511,7.6123,7.6762,7.5042,7.6241,15193,0
20160512,7.6457,7.8148,7.6457,7.8148,9282,0
20160513,7.7096,7.8138,7.7096,7.7666,3282,0
20160517,7.7273,7.7283,7.6565,7.6565,6262,0
20160518,7.7666,7.8148,7.7175,7.7175,5140,0
20160519,7.7175,7.8138,7.6683,7.7666,2059,0
20160520,7.7666,7.7666,7.5464,7.5936,6252,0
20160523,7.4904,7.6673,7.4904,7.5209,1107,0
20160524,7.6673,7.6673,7.6182,7.6192,2139,0
20160525,7.6683,7.7666,7.6683,7.6683,2077,0
20160526,7.6388,7.7666,7.6388,7.7666,776,0
20160527,7.6595,7.8138,7.6595,7.805,1127,0
20160530,7.7018,7.7666,7.6949,7.7666,3758,0
20160531,7.8129,7.8148,7.8129,7.8148,545,0
20160601,7.7077,7.8335,7.7008,7.7027,2125,0
20160603,7.7165,7.7175,7.6162,7.6162,5575,0
20160606,7.6162,7.7175,7.6162,7.7175,7047,0
20160607,7.8355,7.8355,7.6713,7.7657,1446,0
20160608,7.8158,7.8158,7.8148,7.8148,415,0
20160609,7.8148,7.8148,7.7086,7.7961,2151,0
20160610,7.7666,7.805,7.5022,7.6074,10092,0
20160613,7.6192,7.7155,7.28,7.4688,12493,0
20160614,7.4707,7.4717,7.3734,7.4127,2819,0
20160615,7.4216,7.5504,7.395,7.5209,9213,0
20160616,7.4108,7.6359,7.4108,7.4196,3770,0
20160620,7.57,7.6192,7.4786,7.6192,11231,0
20160621,7.5002,7.6192,7.5002,7.6192,6772,0
20160622,7.51,7.6192,7.4835,7.57,8740,0
20160623,7.6182,7.6192,7.5032,7.6192,2412,0
20160624,7.3636,7.6182,7.2358,7.5995,7513,0
20160627,7.6074,7.6192,7.4914,7.4914,6326,0
20160628,7.3439,7.6192,7.3439,7.5425,15705,0
20160629,7.511,7.511,7.1276,7.1571,29569,0
20160630,7.1571,7.1571,7.0785,7.0785,13292,0
20160701,7.1876,7.1886,7.1276,7.1276,6749,0
20160704,7.0794,7.1266,7.0175,7.0185,10037,0
20160705,6.9841,7.1247,6.9831,7.1168,2866,0
20160706,7.0283,7.0293,7.0096,7.0096,1603,0
20160707,6.99,7.0293,6.9507,6.9801,10813,0
20160708,6.9408,7.0087,6.9408,6.9801,4268,0
20160711,6.9025,7.0283,6.8917,6.8917,8828,0
20160712,7.0195,7.0195,6.8818,6.8818,3945,0
20160713,6.991,6.9919,6.8818,6.8818,4277,0
20160714,6.8818,7.0185,6.8818,6.9212,2660,0
20160715,6.9212,7.1237,6.6656,6.7835,48221,0
20160718,6.4886,6.7442,6.1937,6.6656,117624,0
20160719,6.5476,6.5476,5.8102,5.8889,102297,0
20160720,5.997,6.0649,5.4671,5.8102,101689,0
20160721,5.8004,5.8977,5.6628,5.7994,25560,0
20160722,5.6628,5.7906,5.6628,5.7512,8607,0
20160725,5.7906,6.2566,5.7896,6.1494,20831,0
20160726,6.2595,6.3529,6.1937,6.2595,25380,0
20160727,6.3215,6.3215,6.0914,6.0914,5778,0
20160728,6.0953,6.5328,6.0953,6.3903,32468,0
20160729,6.4296,6.5181,6.0511,6.0727,45479,0
20160801,6.0953,6.1219,5.9675,5.9685,22609,0
20160802,6.0462,6.0462,5.9479,5.9557,13073,0
20160803,5.9154,5.9479,5.8358,5.8987,12365,0
20160804,5.8496,5.9135,5.8496,5.9135,18347,0
20160805,5.8505,5.997,5.8505,5.9725,15397,0
20160808,5.9715,5.9715,5.8987,5.8987,12738,0
20160809,6.0088,6.0088,5.8702,5.8702,1144,0
20160810,5.884,5.997,5.8535,5.997,10829,0
20160811,6.0462,6.1445,6.0462,6.0953,3761,0
20160812,6.1838,6.1927,6.0462,6.1927,5645,0
20160815,6.2428,6.35,6.2428,6.2458,4007,0
20160816,6.2438,6.2438,6.1356,6.1376,3910,0
20160817,6.115,6.1415,6.0265,6.0845,5752,0
20160818,6.0364,6.0944,6.0196,6.055,10888,0
20160819,6.0717,6.0717,6.0462,6.0462,5408,0
20160822,6.0462,6.0953,6.0383,6.0944,3908,0
20160823,6.0944,6.1937,5.997,6.0629,188749,0
20160824,6.0069,6.057,6.0069,6.0462,63716,0
20160825,6.0314,6.0953,5.997,5.997,18034,0
20160826,5.998,6.0167,5.9184,5.9184,17017,0
20160829,5.8987,6.0432,5.8643,5.9105,23806,0
20160830,5.8987,6.0993,5.7699,6.0993,43573,0
20160831,5.9901,5.9901,5.9479,5.9489,7771,0
20160901,5.938,5.9833,5.9213,5.9282,8720,0
20160902,5.9479,5.9774,5.9351,5.9351,4572,0
20160905,5.9675,5.9783,5.9479,5.9479,12986,0
20160906,5.9587,5.997,5.9479,5.9951,10140,0
20160907,5.9489,5.9951,5.9479,5.9479,19805,0
20160908,5.9489,5.996,5.938,5.938,23583,0
20160909,5.9184,5.996,5.8496,5.8496,9467,0
20160912,5.8496,5.9479,5.8496,5.9479,7919,0
20160913,5.9085,5.9085,5.7512,5.7857,10644,0
20160914,5.7512,5.8584,5.3334,5.7817,68720,0
20160915,5.476,5.6716,5.476,5.477,26933,0
20160916,5.477,5.5812,5.4268,5.5812,20780,0
20160919,5.5055,5.5802,5.358,5.3698,10509,0
20160920,5.2597,5.3521,5.1122,5.2007,27594,0
20160921,5.1909,5.4701,5.0817,5.4701,19482,0
20160922,5.4809,5.6746,5.4131,5.6746,23408,0
20160923,5.6038,5.7611,5.6038,5.7611,10919,0
20160926,5.6529,5.7218,5.6529,5.708,4885,0
20160927,5.7896,5.7896,5.7031,5.7041,4890,0
20160928,5.7709,5.8564,5.6824,5.6824,34376,0
20160929,5.6539,5.7021,5.6539,5.6569,1979,0
20160930,5.6529,5.7011,5.5428,5.5851,14568,0
20161004,5.5153,5.765,5.5153,5.765,8731,0
20161005,5.7454,5.7454,5.6284,5.6284,6055,0
20161006,5.652,5.652,5.5556,5.6008,1730,0
20161007,5.652,5.6529,5.652,5.6529,140,0
20161010,5.5546,5.8486,5.5546,5.7768,8830,0
20161011,5.8486,5.8486,5.7218,5.7699,7974,0
20161012,5.8397,5.8397,5.7227,5.7729,277,0
20161013,5.8338,5.8338,5.7925,5.7925,120,0
20161014,5.8397,5.8397,5.7021,5.7709,2289,0
20161017,5.8594,5.8594,5.7021,5.7807,7913,0
20161018,5.8584,5.8584,5.8584,5.8584,17,0
20161019,5.8496,5.8584,5.6411,5.6411,10253,0
20161020,5.7611,5.8594,5.7512,5.8348,6688,0
20161021,5.8486,5.8859,5.8004,5.8496,6251,0
20161024,5.8496,5.9597,5.7807,5.7807,6947,0
20161025,5.7611,5.8899,5.7611,5.7994,10035,0
20161026,5.9095,5.9272,5.7611,5.766,3723,0
20161027,5.7611,5.8751,5.7611,5.7611,702,0
20161028,5.7621,5.8682,5.7562,5.7562,10805,0
20161031,5.7542,5.763,5.7522,5.763,1269,0
20161101,5.7522,5.8004,5.7512,5.8004,529,0
20161102,5.8161,5.8161,5.6628,5.6628,6011,0
20161103,5.7011,5.7611,5.6244,5.6785,4734,0
20161104,5.6873,5.6873,5.6539,5.6539,2872,0
20161107,5.6549,5.7021,5.6402,5.6402,2699,0
20161108,5.6234,5.7493,5.5409,5.7493,2865,0
20161109,5.8152,5.8191,5.531,5.7847,12152,0
20161110,5.8053,5.8102,5.7463,5.7463,2543,0
20161111,5.7336,5.8093,5.7336,5.8093,1241,0
20161114,5.8299,5.8299,5.7355,5.7355,949,0
20161115,5.8437,5.8437,5.7807,5.7807,275,0
20161116,5.822,5.8289,5.822,5.8289,2290,0
20161117,5.7336,5.7336,5.7188,5.7188,4320,0
20161118,5.8299,5.8299,5.7218,5.8289,3596,0
20161121,5.768,5.8004,5.768,5.8004,173,0
20161122,5.8004,5.8791,5.8004,5.8496,3743,0
20161123,5.7886,5.7994,5.6726,5.6726,5501,0
20161124,5.7021,5.7021,5.2754,5.2754,14046,0
20161125,5.299,5.299,5.0434,5.0631,43882,0
20161128,5.181,5.3865,5.1604,5.2174,58792,0
20161129,5.3275,5.3973,5.24,5.3088,18047,0
20161130,5.3934,5.824,5.3098,5.824,20631,0
20161201,5.57,5.801,5.559,5.57,16290,0
20161202,5.51,5.659,5.458,5.5,2576,0
20161205,5.55,5.595,5.236,5.236,10955,0
20161206,5.22,5.34,5.22,5.271,6881,0
20161207,5.24,5.334,5.24,5.334,3243,0
20161208,5.301,5.301,5.155,5.2,13963,0
20161209,5.244,5.244,5.2,5.225,3093,0
20161212,5.23,5.25,5.113,5.2,10072,0
20161213,5.2,5.49,5.199,5.435,13036,0
20161214,5.61,5.89,5.605,5.641,16778,0
20161215,5.666,5.735,5.64,5.69,6433,0
20161216,5.8,5.859,5.699,5.699,10586,0
20161219,5.607,5.71,5.6,5.609,6354,0
20161220,5.675,5.675,5.39,5.39,8737,0
20161221,5.42,5.501,5.303,5.303,479,0
20161222,5.414,5.414,5.25,5.25,5011,0
20161223,5.21,5.5,5.21,5.316,5421,0
20161227,5.261,5.355,5.26,5.355,2700,0
20161228,5.261,5.356,5.243,5.305,7625,0
20161229,5.26,5.347,5.2,5.347,11631,0
20161230,5.349,5.35,5.236,5.276,2700,0
20170102,5.345,5.349,5.345,5.349,3649,0
20170103,5.349,5.349,5.238,5.342,3461,0
20170104,5.347,5.454,5.301,5.43,3064,0
20170105,5.516,5.516,5.35,5.35,4811,0
20170106,5.408,5.95,5.4,5.93,17621,0
20170109,5.698,5.799,5.59,5.62,15140,0
20170110,5.65,5.689,5.538,5.538,2095,0
20170111,5.501,5.6,5.501,5.6,7714,0
20170112,5.6,5.65,5.579,5.579,3090,0
20170113,5.501,5.501,5.501,5.501,663,0
20170116,5.513,5.55,5.51,5.511,4119,0
20170117,5.51,5.58,5.51,5.579,7362,0
20170118,5.58,5.6,5.58,5.6,1500,0
20170119,5.65,5.65,5.577,5.65,5030,0
20170120,5.649,5.756,5.649,5.756,4217,0
20170123,5.95,5.95,5.7,5.75,3200,0
20170124,5.751,5.828,5.72,5.828,4383,0
20170125,5.898,5.91,5.733,5.849,7962,0
20170126,5.844,5.845,5.832,5.832,2033,0
20170127,5.792,5.909,5.75,5.867,10696,0
20170130,5.91,5.91,5.898,5.898,1364,0
20170131,5.851,5.889,5.85,5.871,2296,0
20170201,5.885,5.929,5.862,5.929,2435,0
20170202,5.917,5.917,5.85,5.852,5503,0
20170203,5.852,5.852,5.82,5.82,2781,0
20170206,5.86,5.885,5.815,5.816,6607,0
20170207,5.815,5.815,5.722,5.722,6590,0
20170208,5.72,5.723,5.7,5.7,3924,0
20170209,5.66,5.66,5.66,5.66,1500,0
20170210,5.67,5.67,5.659,5.659,1000,0
20170213,5.66,5.686,5.645,5.645,1480,0
20170214,5.61,5.695,5.564,5.65,11076,0
20170215,5.761,5.79,5.709,5.762,49214,0
20170216,5.8,5.81,5.775,5.81,18210,0
20170217,5.8,5.801,5.8,5.8,3509,0
20170220,5.86,5.86,5.8,5.86,22010,0
20170221,5.88,6.12,5.88,6.05,64005,0
20170222,6.08,6.173,6.08,6.15,38786,0
20170223,6.15,6.15,6.08,6.08,14570,0
20170224,6.009,6.15,6.002,6.115,9687,0
20170227,6.179,6.2,6.054,6.176,51988,0
20170228,6.081,6.16,6.06,6.16,4245,0
20170301,6.17,6.17,6.017,6.017,11729,0
20170302,6.05,6.119,6,6.119,12301,0
20170303,6.064,6.084,6.064,6.064,3039,0
20170306,6.064,6.1,6.002,6.002,2511,0
20170307,6.001,6.106,6,6.07,4109,0
20170308,6.041,6.1,6.025,6.025,17063,0
20170309,6.025,6.074,6,6.069,26972,0
20170310,6.05,6.14,6.002,6.05,5305,0
20170313,6.04,6.075,6,6.075,37370,0
20170314,6.13,6.149,6.13,6.149,2000,0
20170315,6.06,6.12,6.06,6.11,2137,0
20170316,6.1,6.1,6.05,6.05,1479,0
20170317,6.056,6.08,6.04,6.04,10465,0
20170320,6.1,6.149,6.1,6.148,3959,0
20170321,6.1,6.136,6.04,6.127,5673,0
20170322,6.051,6.15,6.05,6.083,13874,0
20170323,6.129,6.13,6.095,6.1,974,0
