Date,Open,High,Low,Close,Volume,OpenInt
20090406,3.65,3.9,3.65,3.9,2690,0
20090407,3.79,3.9,3.75,3.8,1339,0
20090408,3.69,4.2,3.69,4.2,4047,0
20090409,3.88,4,3.69,3.92,8217,0
20090414,3.83,3.83,3.52,3.74,3810,0
20090415,3.64,3.94,3.64,3.85,4200,0
20090416,3.71,4.14,3.71,4.1,16318,0
20090417,4.05,4.38,3.95,4.25,12117,0
20090420,4.14,4.47,4.14,4.15,5827,0
20090421,4.12,4.22,4.11,4.11,2900,0
20090422,4.09,4.22,4.05,4.16,8014,0
20090423,4.06,4.33,4.03,4.25,5525,0
20090424,4.13,4.4,4.08,4.4,4603,0
20090427,4.42,4.93,4.42,4.87,21391,0
20090428,4.73,4.83,4.57,4.75,612,0
20090429,4.67,5,4.5,4.5,5870,0
20090430,4.5,4.75,4.42,4.42,3656,0
20090504,4.3,4.74,4.25,4.67,18213,0
20090505,4.42,5,4.42,5,4581,0
20090506,4.68,4.83,4.6,4.8,5959,0
20090507,4.67,5.22,4.67,4.72,19065,0
20090508,4.59,4.8,4.34,4.34,10781,0
20090511,4.31,4.51,4.31,4.51,5218,0
20090512,4.3,4.56,4.3,4.56,1629,0
20090513,4.43,4.49,4.4,4.49,2823,0
20090514,4.34,4.45,4.34,4.45,6231,0
20090515,4.33,4.73,4.33,4.61,6510,0
20090518,4.6,5.09,4.6,5.09,6288,0
20090519,4.95,5.32,4.95,5.2,20152,0
20090520,5,5.22,5,5.03,3980,0
20090521,4.89,5.1,4.8,4.81,6490,0
20090522,4.8,4.95,4.76,4.8,3418,0
20090525,4.67,5.06,4.67,4.97,3910,0
20090526,4.83,5.15,4.83,5.1,13366,0
20090527,4.96,5.87,4.9,5.87,8550,0
20090528,5.7,5.92,5.3,5.33,15879,0
20090529,5.18,5.66,5.1,5.34,17967,0
20090601,5.19,5.55,5.19,5.3,3013,0
20090602,5.26,5.55,5.03,5.4,12999,0
20090603,5.25,5.52,5.04,5.34,2887,0
20090604,5.2,5.57,5.2,5.51,1510,0
20090605,5.41,5.67,5.41,5.55,13035,0
20090608,5.39,5.75,5.39,5.65,19184,0
20090609,5.51,5.75,5.51,5.7,3651,0
20090610,5.58,5.7,5.37,5.63,2220,0
20090611,5.51,5.85,5.51,5.55,4430,0
20090612,5.43,5.79,5.43,5.67,5192,0
20090615,5.55,5.7,5.45,5.5,1894,0
20090617,5.39,5.64,5.34,5.44,6045,0
20090618,5.35,5.64,5.34,5.43,1139,0
20090619,5.43,5.6,5.35,5.54,795,0
20090622,5.55,5.73,5.44,5.49,6110,0
20090623,5.37,5.6,5.35,5.41,6670,0
20090624,5.35,5.61,5.35,5.51,3257,0
20090625,5.39,5.79,5.39,5.74,5421,0
20090626,5.62,6.12,5.62,6.1,5380,0
20090629,5.97,6.42,5.97,6.19,12228,0
20090630,6.19,6.34,6.1,6.34,8536,0
20090701,6.21,6.27,6.1,6.22,2390,0
20090702,6.09,6.2,6.05,6.1,7140,0
20090703,5.97,6.14,5.8,5.81,6500,0
20090706,5.69,5.91,5.54,5.65,3467,0
20090707,5.53,5.88,5.53,5.64,975,0
20090708,5.52,5.98,5.52,5.98,6940,0
20090709,5.85,6.08,5.82,6.08,15390,0
20090710,5.95,6.06,5.81,5.81,9891,0
20090713,5.69,5.85,5.55,5.76,575,0
20090714,5.64,5.9,5.62,5.68,326,0
20090715,5.61,5.85,5.61,5.74,2185,0
20090716,5.62,5.85,5.35,5.45,5728,0
20090717,5.34,5.85,5,5.28,22026,0
20090720,5.17,5.45,5,5.45,29148,0
20090721,5.2,5.4,5.2,5.4,6920,0
20090722,5.35,5.71,5.35,5.47,17038,0
20090723,5.49,5.55,5.35,5.4,6200,0
20090724,5.29,5.5,5.29,5.42,7883,0
20090727,5.6,5.77,5.16,5.59,14130,0
20090728,5.35,5.5,5.14,5.31,6265,0
20090729,5.2,5.44,5.2,5.25,4040,0
20090730,5.25,5.4,5.21,5.38,8995,0
20090731,5.27,5.3,5.2,5.25,1320,0
20090803,5.25,5.49,5.25,5.29,17122,0
20090804,5.25,5.35,5.2,5.2,19486,0
20090805,5.15,5.33,5.08,5.2,8579,0
20090806,5.16,5.3,5.15,5.24,18170,0
20090807,5.2,5.3,5.08,5.21,5670,0
20090810,5.21,5.32,5.17,5.17,5719,0
20090811,5.17,5.28,5.14,5.23,3126,0
20090812,5.2,5.2,5.14,5.2,1635,0
20090813,5.2,5.23,5.14,5.23,65,0
20090814,5.26,5.63,5.15,5.48,115019,0
20090817,5.37,5.47,5.12,5.12,21755,0
20090818,5.19,5.29,5.14,5.19,11017,0
20090819,5.15,5.3,5.11,5.16,5095,0
20090820,5.12,5.23,5.09,5.1,13827,0
20090821,5.05,5.19,4.95,5.03,30524,0
20090824,4.98,5.26,4.92,5.15,3057,0
20090825,5.04,5.45,5.04,5.45,3068,0
20090826,5.25,5.39,5.02,5.16,17940,0
20090827,5.05,5.2,5.02,5.13,5851,0
20090828,5.03,5.27,5.03,5.15,2093,0
20090831,5.25,5.27,5.05,5.05,13156,0
20090901,5.02,5.11,5,5,4495,0
20090902,5,5,4.63,4.76,22894,0
20090903,4.7,4.92,4.7,4.86,2086,0
20090904,4.79,4.9,4.79,4.85,654,0
20090907,4.8,5.3,4.8,5.2,12453,0
20090908,5.09,5.24,4.85,5.18,8180,0
20090909,5.07,5.4,5.07,5.3,10143,0
20090910,5.19,5.39,5.08,5.35,13736,0
20090911,5.24,5.93,5.24,5.48,24749,0
20090914,5.6,5.74,5.45,5.7,23505,0
20090915,5.58,6.08,5.54,6.07,41319,0
20090916,5.94,6.44,5.73,5.91,32966,0
20090917,5.78,6.34,5.78,6.06,53332,0
20090918,5.93,6.34,5.93,6.19,14560,0
20090921,6.06,6.34,6.06,6.27,8800,0
20090922,6.14,6.34,6.1,6.23,6207,0
20090923,6.1,6.79,6.1,6.74,27396,0
20090924,6.74,7.1,6.48,6.66,20802,0
20090925,6.85,7,6.66,6.97,7417,0
20090928,6.67,6.98,6.4,6.65,28272,0
20090929,6.7,6.9,6.56,6.79,5350,0
20090930,6.65,6.9,6.55,6.7,2706,0
20091001,6.55,6.9,6.24,6.24,17826,0
20091002,6.3,6.46,6.19,6.19,8957,0
20091005,6,6.95,6,6.85,9286,0
20091006,6.7,7.75,6.7,7.33,65233,0
20091007,7.2,7.4,7.2,7.37,18742,0
20091008,7.21,7.55,7.21,7.55,7785,0
20091009,7.28,7.6,7.28,7.6,12058,0
20091012,7.43,7.68,7.2,7.2,10795,0
20091013,7.12,7.6,7.11,7.54,1650,0
20091014,7.25,7.69,7.25,7.4,8880,0
20091015,7.42,7.8,7.42,7.72,10915,0
20091016,7.49,7.8,7.49,7.7,7235,0
20091019,7.47,7.63,7.29,7.63,2110,0
20091020,7.6,7.78,7.29,7.5,6645,0
20091021,7.49,7.6,7.11,7.15,3761,0
20091022,7.35,7.35,7.11,7.11,2230,0
20091023,7.12,7.55,7.11,7.33,7950,0
20091026,7.32,7.57,7.19,7.19,1970,0
20091027,7.12,7.41,7.11,7.12,9968,0
20091028,6.96,7.15,6.35,6.49,48316,0
20091029,6.54,6.7,6.32,6.7,9646,0
20091030,6.7,6.7,5.5,5.84,27164,0
20091102,5.85,6.2,5.4,5.67,10107,0
20091103,5.85,6.2,5.57,6.2,3200,0
20091104,5.8,6,5.22,5.79,20065,0
20091105,5.57,6,5.57,6,12482,0
20091106,5.61,5.8,5.55,5.65,2725,0
20091109,5.6,5.8,5.53,5.57,8183,0
20091110,5.51,5.75,5.4,5.6,4890,0
20091111,5.45,5.69,5.36,5.56,2243,0
20091112,5.45,5.7,5.45,5.68,10032,0
20091113,5.6,5.95,5.6,5.82,3556,0
20091116,5.6,6.22,5.6,6.16,5709,0
20091117,6,6.26,5.86,5.98,3277,0
20091118,6,6,5.55,5.65,21396,0
20091119,5.71,6,5.5,5.5,363,0
20091120,5.84,5.86,5.65,5.7,2660,0
20091123,5.7,6,5.51,5.51,2830,0
20091124,5.51,5.86,5.4,5.52,3038,0
20091125,5.52,6,5.48,5.51,6420,0
20091126,5.52,5.92,5.43,5.85,8282,0
20091127,5.86,5.86,5.43,5.5,1892,0
20091130,5.72,5.72,5.51,5.51,1094,0
20091201,5.51,5.69,5.51,5.55,4972,0
20091202,5.55,5.6,5.4,5.4,6811,0
20091203,5.4,5.65,5.4,5.6,6400,0
20091204,5.51,5.57,5.32,5.52,3690,0
20091207,5.42,5.51,5.25,5.25,3271,0
20091208,5.28,5.52,5.05,5.27,7844,0
20091209,5.31,5.51,5.21,5.36,681,0
20091210,5.32,5.52,5.27,5.4,4424,0
20091211,5.44,5.66,5.31,5.53,4930,0
20091214,5.46,5.63,5.21,5.41,2010,0
20091215,5.41,5.46,5.21,5.46,2224,0
20091216,5.44,5.46,5.21,5.35,2566,0
20091217,5.36,5.48,5.21,5.42,8078,0
20091218,5.33,5.4,5.21,5.32,2075,0
20091221,5.3,5.4,5.21,5.25,505,0
20091222,5.25,5.48,5.21,5.3,6058,0
20091223,5.3,5.4,5.21,5.21,2300,0
20091228,5.16,5.4,5.16,5.25,1616,0
20091229,5.23,5.7,5.21,5.7,7861,0
20091230,5.53,5.76,5.31,5.31,2136,0
20100104,5.21,5.35,5.2,5.21,1100,0
20100105,5.23,5.62,5.21,5.589,7117,0
20100106,5.45,5.549,5.3,5.398,1400,0
20100107,5.44,5.479,5.3,5.479,1330,0
20100108,5.39,5.58,5.3,5.381,2190,0
20100111,5.381,5.5,5.251,5.5,4124,0
20100112,5.42,5.64,5.25,5.45,848,0
20100113,5.41,5.58,5.25,5.58,1018,0
20100114,5.471,5.763,5.251,5.7,1211,0
20100115,5.561,5.87,5.251,5.3,7933,0
20100118,5.301,5.411,5.2,5.2,5200,0
20100119,5.221,5.399,5.221,5.399,1900,0
20100120,5.35,5.35,5.21,5.21,1785,0
20100121,5.21,5.35,5.21,5.3,1000,0
20100122,5.23,5.52,5.2,5.301,2670,0
20100125,5.301,5.44,5.2,5.21,375,0
20100126,5.21,5.6,5.2,5.5,3400,0
20100127,5.5,5.752,5.25,5.752,1665,0
20100128,5.55,6.05,5.5,6.05,4506,0
20100129,5.89,6.01,5.7,5.79,1016,0
20100201,5.78,5.9,5.58,5.65,500,0
20100202,5.695,5.7,5.5,5.5,555,0
20100203,5.5,5.7,5.5,5.5,800,0
20100204,5.5,5.7,5.465,5.5,4261,0
20100205,5.5,5.7,5.5,5.648,820,0
20100208,5.574,5.7,5.413,5.5,575,0
20100209,5.55,5.7,5.499,5.5,74,0
20100210,5.5,5.74,5.5,5.55,1800,0
20100211,5.683,5.8,5.5,5.8,1032,0
20100212,5.75,6.05,5.5,5.9,950,0
20100215,6,6.28,5.5,6,2582,0
20100216,5.77,5.9,5.5,5.7,4400,0
20100217,5.67,5.9,5.5,5.555,3155,0
20100218,5.53,5.8,5.3,5.501,7845,0
20100219,5.501,5.7,5.5,5.5,4040,0
20100222,5.5,5.7,5.5,5.5,300,0
20100223,5.5,5.7,5.5,5.511,1100,0
20100224,5.511,5.7,5.15,5.5,200,0
20100225,5.51,5.7,5.5,5.5,680,0
20100226,5.5,5.6,5.4,5.598,845,0
20100301,5.484,5.6,5.01,5.25,780,0
20100302,5.253,5.6,5.25,5.503,258,0
20100303,5.251,5.566,5.25,5.281,1208,0
20100304,5.27,5.546,5.25,5.25,1700,0
20100305,5.33,5.546,5.25,5.539,1400,0
20100308,5.45,5.546,5.351,5.351,695,0
20100309,5.401,5.7,5.401,5.58,2275,0
20100310,5.482,5.6,5.41,5.59,75,0
20100311,5.411,5.599,5.41,5.599,725,0
20100312,5.51,5.67,5.4,5.4,5265,0
20100315,5.411,5.7,5.35,5.65,2330,0
20100316,5.571,5.7,5.35,5.6,425,0
20100317,5.623,5.87,5.54,5.555,2795,0
20100318,5.555,5.63,5.4,5.4,1855,0
20100319,5.526,5.6,5.41,5.498,2400,0
20100322,5.411,5.66,5.4,5.5,350,0
20100323,5.466,5.556,5.466,5.5,100,0
20100324,5.5,5.709,5.4,5.64,4396,0
20100325,5.571,5.9,5.5,5.879,3993,0
20100326,5.8,5.995,5.75,5.97,12605,0
20100329,5.925,6,5.7,5.868,1300,0
20100330,5.925,5.925,5.4,5.401,1850,0
20100331,5.45,6,5.45,5.8,5432,0
20100401,5.751,5.95,5.35,5.624,3650,0
20100406,5.671,5.671,5.461,5.56,2450,0
20100407,5.506,5.85,5.4,5.65,3870,0
20100408,5.522,5.67,5.5,5.627,650,0
20100409,5.511,5.725,5.428,5.725,5000,0
20100412,5.701,5.89,5.6,5.725,5500,0
20100413,5.791,5.805,5.6,5.725,1356,0
20100414,5.675,5.85,5.6,5.849,1135,0
20100415,5.801,5.999,5.793,5.849,700,0
20100416,5.811,5.849,5.6,5.729,500,0
20100419,5.701,5.729,5.6,5.702,4092,0
20100420,5.7,5.898,5.678,5.831,3100,0
20100421,5.8,6.85,5.8,6.79,22954,0
20100422,6.56,7.7,6.513,7.7,26488,0
20100423,7.251,7.56,7.1,7.56,33060,0
20100426,7.051,8.5,7.051,8.1,22816,0
20100427,7.901,8.34,7.75,7.8,11599,0
20100428,7.9,8.199,7.885,7.885,14306,0
20100429,8.001,8.244,7.8,8.244,13707,0
20100430,7.951,8.27,7.605,7.9,15435,0
20100503,7.898,8.28,7.56,7.765,7769,0
20100504,7.526,7.95,7.255,7.384,17276,0
20100505,7.201,7.563,7.201,7.281,6257,0
20100506,7.181,7.38,7.13,7.23,5777,0
20100507,7.016,7.3,6.95,6.95,8065,0
20100510,6.765,7.15,6.765,7,4465,0
20100511,7.025,7.25,7,7.19,2147,0
20100512,7,7.605,7,7.605,8532,0
20100513,7.2,7.69,7.2,7.615,970,0
20100514,7.396,7.8,7.258,7.494,3750,0
20100517,7.352,7.41,7.1,7.12,2390,0
20100518,7.06,7.41,7.06,7.13,1595,0
20100519,7.121,7.35,6.2,6.63,43185,0
20100520,6.37,6.57,6.29,6.47,5508,0
20100521,3.999,3.999,1.34,1.34,334177,0
20100524,1.25,1.5,1.25,1.3,64619,0
20100525,1.39,1.45,1.2,1.358,79431,0
20100526,1.164,1.309,1.164,1.291,28055,0
20100527,1.3,1.649,1.237,1.6,52938,0
20100528,1.475,1.95,1.475,1.695,101412,0
20100531,1.554,1.95,1.554,1.815,51130,0
20100601,1.671,2.19,1.671,2.1,75467,0
20100602,2.152,2.76,1.987,2.625,184616,0
20100603,2.452,3.31,2.452,3.095,119022,0
20100604,2.801,3.21,2.055,2.45,154940,0
20100607,2.26,2.47,2.025,2.2,48728,0
20100608,2.075,2.64,1.89,2.4,93327,0
20100609,2.295,2.933,2.295,2.65,56556,0
20100610,2.493,2.65,2.3,2.6,33406,0
20100611,2.305,2.6,2.282,2.398,12947,0
20100614,2.24,2.49,2.15,2.28,19482,0
20100615,2.141,2.35,2.141,2.2,16845,0
20100616,2.298,2.444,2.177,2.177,10641,0
20100617,2.1,2.277,1.683,1.85,82219,0
20100618,1.91,2,1.8,1.921,14622,0
20100621,1.772,1.9,1.633,1.633,11625,0
20100622,1.534,2,1.534,1.883,19591,0
20100623,1.726,1.92,1.65,1.66,41743,0
20100624,1.54,1.699,1.204,1.32,175461,0
20100625,1.132,1.4,1,1.009,116231,0
20100628,0.905,1.18,0.589,0.589,621668,0
20100629,0.475,0.59,0.475,0.55,248215,0
20100630,0.6,0.6,0.35,0.35,185779,0
20100701,0.355,0.47,0.3,0.325,292382,0
20100702,0.328,0.42,0.255,0.27,399542,0
20100705,0.3,0.3,0.23,0.239,250940,0
20100706,0.212,0.36,0.212,0.36,319138,0
20100707,0.328,0.45,0.302,0.4,271788,0
20100708,0.373,0.486,0.373,0.48,275825,0
20100709,0.485,0.649,0.45,0.605,697057,0
20100712,0.65,1.028,0.64,1.028,2194934,0
20100713,1.15,1.23,0.8,0.83,1139782,0
20100714,0.855,0.98,0.775,0.87,580821,0
20100715,0.871,0.898,0.793,0.8,204335,0
20100716,0.783,0.799,0.62,0.672,455534,0
20100719,0.627,0.69,0.55,0.56,170227,0
20100720,0.613,0.9,0.56,0.9,358746,0
20100721,0.95,0.95,0.75,0.827,324371,0
20100722,0.819,0.895,0.785,0.88,123236,0
20100723,0.84,1.11,0.84,1.11,333108,0
20100726,1.023,1.375,1.023,1.33,779836,0
20100727,1.35,1.45,1.21,1.34,404342,0
20100728,1.2,1.35,1.2,1.301,178416,0
20100729,1.26,1.28,1.03,1.031,158622,0
20100730,1.072,1.244,0.792,1.04,465638,0
20100802,0.992,1.175,0.97,1.099,241764,0
20100803,1.07,1.15,0.85,0.98,264541,0
20100804,0.9,1.084,0.89,1.02,294021,0
20100805,0.997,1.05,0.95,1.03,94785,0
20100806,1.002,1.05,0.94,0.961,77883,0
20100809,1,1.038,0.938,0.95,77534,0
20100810,0.917,0.95,0.815,0.91,84698,0
20100811,0.866,0.909,0.85,0.87,57048,0
20100812,0.851,0.965,0.83,0.85,71703,0
20100813,0.865,0.949,0.85,0.9,51122,0
20100816,0.91,0.93,0.871,0.881,36320,0
20100817,0.861,1.096,0.851,1.04,116608,0
20100818,0.946,1.08,0.926,0.957,81294,0
20100819,0.91,1,0.821,0.842,95044,0
20100820,0.828,1,0.82,0.874,123272,0
20100823,0.846,0.93,0.841,0.9,30222,0
20100824,0.863,0.9,0.86,0.87,9960,0
20100825,0.84,0.86,0.68,0.765,144933,0
20100826,0.71,0.81,0.65,0.8,22859,0
20100827,0.765,0.87,0.765,0.87,47393,0
20100830,0.83,0.88,0.766,0.801,39618,0
20100831,0.78,0.85,0.74,0.761,62103,0
20100901,0.741,1.14,0.741,0.9,864253,0
20100902,0.91,0.938,0.77,0.831,326178,0
20100903,0.82,0.88,0.75,0.82,113183,0
20100906,0.81,0.81,0.74,0.74,79142,0
20100907,0.752,0.789,0.721,0.739,21069,0
20100908,0.731,0.77,0.705,0.77,45250,0
20100909,0.758,0.769,0.696,0.696,24459,0
20100910,0.75,0.75,0.68,0.69,22825,0
20100913,0.738,0.74,0.65,0.68,76032,0
20100914,0.69,0.71,0.67,0.69,24157,0
20100915,0.7,0.7,0.504,0.59,188938,0
20100916,0.55,0.616,0.452,0.456,239471,0
20100917,0.49,0.49,0.403,0.45,223539,0
20100920,0.433,0.468,0.365,0.38,490062,0
20100921,0.371,0.438,0.338,0.39,408641,0
20100922,0.395,0.4,0.35,0.37,190248,0
20100923,0.363,0.38,0.337,0.348,195205,0
20100924,0.35,0.4,0.32,0.335,150697,0
20100927,0.275,0.349,0.275,0.3,298638,0
20100928,0.31,0.31,0.26,0.26,117651,0
20100929,0.305,0.31,0.25,0.26,224332,0
20100930,0.275,0.283,0.231,0.26,446781,0
20101001,0.206,0.265,0.206,0.25,127844,0
20101004,0.196,0.275,0.196,0.25,142880,0
20101005,0.226,0.245,0.22,0.231,52510,0
20101006,0.234,0.338,0.193,0.31,748937,0
20101007,0.218,0.44,0.218,0.338,1231250,0
20101008,0.345,0.349,0.285,0.31,347637,0
20101011,0.223,0.328,0.223,0.274,114282,0
20101012,0.223,0.29,0.223,0.26,267502,0
20101013,0.203,0.27,0.203,0.27,192183,0
20101014,0.24,0.27,0.213,0.268,281026,0
20101015,0.203,0.27,0.203,0.255,60858,0
20101018,0.198,0.251,0.198,0.239,150687,0
20101019,0.198,0.257,0.198,0.257,102434,0
20101020,0.198,0.25,0.198,0.248,103759,0
20101021,0.193,0.24,0.193,0.23,42180,0
20101022,0.193,0.25,0.193,0.248,51377,0
20101025,0.188,0.268,0.188,0.258,96071,0
20101026,0.23,0.275,0.23,0.261,152363,0
20101027,0.208,0.31,0.208,0.295,310974,0
20101028,0.218,0.301,0.218,0.295,356675,0
20101029,0.271,0.3,0.271,0.289,55393,0
20101101,0.262,0.31,0.25,0.298,74090,0
20101102,0.29,0.298,0.263,0.276,98450,0
20101103,0.276,0.298,0.261,0.28,100795,0
20101104,0.261,0.3,0.26,0.286,53900,0
20101105,0.264,0.287,0.25,0.265,69493,0
20101108,0.264,0.285,0.26,0.28,46343,0
20101109,0.263,0.3,0.25,0.285,145231,0
20101110,0.285,0.3,0.27,0.285,119395,0
20101111,0.286,0.31,0.28,0.3,131359,0
20101112,0.299,0.31,0.28,0.29,95116,0
20101115,0.281,0.328,0.281,0.315,41634,0
20101116,0.309,0.435,0.309,0.435,2115305,0
20101117,0.5,0.58,0.345,0.569,1665266,0
20101118,0.61,0.765,0.5,0.67,2718049,0
20101119,0.651,0.74,0.549,0.579,1133989,0
20101122,0.578,0.589,0.415,0.455,741186,0
20101123,0.449,0.528,0.39,0.5,390606,0
20101124,0.46,0.498,0.42,0.45,161085,0
20101125,0.435,0.5,0.435,0.451,184993,0
20101126,0.452,0.544,0.45,0.5,372910,0
20101129,0.485,0.56,0.485,0.505,126184,0
20101130,0.49,0.591,0.47,0.578,255670,0
20101201,0.57,0.627,0.515,0.545,176763,0
20101202,0.531,0.58,0.52,0.56,128716,0
20101203,0.55,0.66,0.53,0.65,520389,0
20101206,0.72,0.74,0.58,0.605,437115,0
20101207,0.59,0.668,0.558,0.56,277172,0
20101208,0.55,0.62,0.55,0.595,88660,0
20101209,0.6,0.61,0.535,0.535,89450,0
20101210,0.531,0.6,0.512,0.55,73613,0
20101213,0.54,0.65,0.54,0.591,236557,0
20101214,0.581,0.64,0.57,0.605,40518,0
20101215,0.6,0.62,0.56,0.59,49299,0
20101216,0.575,0.61,0.56,0.577,13200,0
20101217,0.563,0.577,0.55,0.562,50300,0
20101220,0.555,0.579,0.53,0.544,76159,0
20101221,0.542,0.55,0.51,0.51,25727,0
20101222,0.5,0.55,0.5,0.55,53147,0
20101223,0.542,0.542,0.51,0.515,25612,0
20101227,0.514,0.53,0.501,0.521,46215,0
20101228,0.512,0.56,0.507,0.531,48660,0
20101229,0.516,0.535,0.51,0.53,6550,0
20101230,0.52,0.53,0.51,0.52,22812,0
20110103,0.515,0.52,0.49,0.513,15910,0
20110104,0.5,0.51,0.49,0.49,43154,0
20110105,0.499,0.56,0.47,0.56,140460,0
20110106,0.565,0.635,0.565,0.58,212543,0
20110107,0.58,0.8,0.51,0.544,13645,0
20110110,0.538,0.55,0.46,0.498,44649,0
20110111,0.48,0.537,0.46,0.525,85725,0
20110112,0.51,0.539,0.46,0.512,12570,0
20110113,0.512,0.55,0.51,0.53,23350,0
20110114,0.512,0.564,0.512,0.535,6910,0
20110117,0.514,0.54,0.512,0.52,35715,0
20110118,0.512,0.524,0.5,0.524,36295,0
20110119,0.504,0.62,0.504,0.535,127310,0
20110120,0.522,0.55,0.52,0.531,34401,0
20110121,0.514,0.55,0.509,0.53,12386,0
20110124,0.512,0.548,0.5,0.524,23075,0
20110125,0.512,0.53,0.51,0.528,13707,0
20110126,0.512,0.528,0.501,0.515,20901,0
20110127,0.5,0.538,0.5,0.538,55195,0
20110128,0.527,0.55,0.52,0.533,69275,0
20110131,0.512,0.549,0.5,0.522,18500,0
20110201,0.503,0.548,0.5,0.527,16161,0
20110202,0.516,0.534,0.51,0.518,34748,0
20110203,0.502,0.52,0.49,0.503,56278,0
20110204,0.502,0.54,0.495,0.51,14370,0
20110207,0.502,0.53,0.5,0.51,32100,0
20110208,0.503,0.517,0.5,0.511,10760,0
20110209,0.503,0.53,0.47,0.485,76675,0
20110210,0.466,0.5,0.466,0.495,16392,0
20110211,0.505,0.51,0.48,0.49,22208,0
20110215,0.472,0.54,0.472,0.485,198823,0
20110216,0.45,0.495,0.45,0.451,44382,0
20110217,0.422,0.5,0.422,0.465,20211,0
20110218,0.441,0.525,0.441,0.488,205315,0
20110221,0.49,0.501,0.45,0.49,14650,0
20110222,0.487,0.518,0.45,0.484,9240,0
20110223,0.484,0.484,0.43,0.455,9251,0
20110224,0.455,0.458,0.441,0.458,31230,0
20110225,0.44,0.48,0.44,0.463,9010,0
20110228,0.45,0.47,0.441,0.46,12575,0
20110301,0.435,0.458,0.43,0.458,1000,0
20110302,0.458,0.458,0.41,0.41,24449,0
20110303,0.455,0.48,0.38,0.42,17873,0
20110304,0.43,0.45,0.39,0.411,20294,0
20110307,0.411,0.45,0.35,0.4,25751,0
20110308,0.4,0.45,0.35,0.386,33350,0
20110309,0.388,0.4,0.351,0.367,50599,0
20110310,0.321,0.4,0.321,0.365,26550,0
20110311,0.372,0.4,0.33,0.364,33837,0
20110314,0.372,0.45,0.35,0.383,13600,0
20110315,0.331,0.361,0.291,0.338,40688,0
20110316,0.338,0.343,0.32,0.343,1100,0
20110317,0.33,0.38,0.33,0.35,19181,0
20110318,0.359,0.37,0.3,0.335,6776,0
20110321,0.311,0.375,0.3,0.375,27463,0
20110322,0.37,0.4,0.35,0.363,11710,0
20110323,0.35,0.38,0.242,0.335,3040,0
20110324,0.35,0.379,0.251,0.345,16741,0
20110325,0.35,0.379,0.31,0.345,434,0
20110328,0.34,0.38,0.32,0.35,9240,0
20110329,0.32,0.379,0.31,0.379,6084,0
20110330,0.369,0.41,0.241,0.33,32046,0
20110331,0.32,0.38,0.32,0.369,21991,0
20110401,0.352,0.4,0.34,0.374,33731,0
20110404,0.374,0.41,0.34,0.368,1400,0
20110405,0.34,0.399,0.34,0.36,35152,0
20110406,0.34,0.38,0.34,0.34,20,0
20110407,0.374,0.38,0.34,0.363,7884,0
20110408,0.363,0.379,0.34,0.363,5500,0
20110411,0.369,0.38,0.34,0.363,7943,0
20110412,0.34,0.379,0.34,0.349,14330,0
20110413,0.368,0.376,0.32,0.354,2830,0
20110414,0.331,0.377,0.33,0.364,8607,0
20110415,0.341,0.384,0.32,0.352,20573,0
20110418,0.33,0.377,0.32,0.345,5339,0
20110419,0.33,0.355,0.27,0.355,36825,0
20110420,0.355,0.355,0.31,0.32,2000,0
20110421,0.312,0.312,0.28,0.28,250,0
20110426,0.34,0.352,0.23,0.265,102300,0
20110427,0.26,0.32,0.248,0.248,15800,0
20110428,0.26,0.32,0.26,0.31,14778,0
20110429,0.31,0.31,0.261,0.305,11981,0
20110502,0.26,0.3,0.26,0.28,7760,0
20110503,0.263,0.31,0.25,0.305,12329,0
20110504,0.315,0.352,0.26,0.28,7529,0
20110505,0.295,0.319,0.231,0.31,51174,0
20110506,0.31,0.313,0.23,0.313,18066,0
20110509,0.313,0.39,0.265,0.3,13507,0
20110510,0.3,0.38,0.26,0.29,4749,0
20110511,0.294,0.34,0.279,0.288,3252,0
20110512,0.269,0.318,0.25,0.285,5390,0
20110513,0.29,0.32,0.28,0.301,7300,0
20110516,0.267,0.32,0.267,0.298,31295,0
20110517,0.267,0.3,0.26,0.29,2040,0
20110518,0.267,0.309,0.267,0.29,4850,0
20110519,0.27,0.293,0.27,0.293,17650,0
20110520,0.293,0.33,0.28,0.303,1600,0
20110523,0.303,0.35,0.25,0.29,12564,0
20110524,0.237,0.293,0.237,0.293,5200,0
20110525,0.249,0.3,0.24,0.29,11296,0
20110526,0.29,0.29,0.236,0.275,800,0
20110527,0.3,0.301,0.241,0.276,13225,0
20110530,0.235,0.35,0.235,0.315,62050,0
20110601,0.289,0.309,0.274,0.305,4500,0
20110602,0.305,0.339,0.274,0.32,1700,0
20110603,0.32,0.335,0.266,0.306,19350,0
20110607,0.313,0.313,0.28,0.29,35516,0
20110608,0.29,0.295,0.271,0.286,19710,0
20110609,0.286,0.286,0.27,0.285,1000,0
20110610,0.285,0.33,0.265,0.287,31445,0
20110614,0.275,0.29,0.27,0.276,26000,0
20110615,0.271,0.29,0.27,0.28,30486,0
20110616,0.285,0.297,0.27,0.28,1600,0
20110617,0.28,0.28,0.261,0.275,22603,0
20110620,0.275,0.28,0.245,0.28,35000,0
20110621,0.28,0.28,0.255,0.28,197,0
20110622,0.27,0.28,0.255,0.275,12050,0
20110623,0.245,0.275,0.245,0.273,1786,0
20110624,0.273,0.273,0.245,0.265,10307,0
20110627,0.265,0.31,0.225,0.28,23759,0
20110628,0.255,0.28,0.241,0.255,8303,0
20110629,0.256,0.269,0.226,0.226,1641,0
20110630,0.225,0.257,0.225,0.225,273,0
20110701,0.257,0.29,0.22,0.226,46845,0
20110704,0.28,0.28,0.215,0.215,6300,0
20110705,0.232,0.249,0.2,0.218,63210,0
20110706,0.29,0.29,0.186,0.186,54720,0
20110707,0.22,0.255,0.19,0.204,10350,0
20110708,0.195,0.25,0.195,0.195,17650,0
20110711,0.21,0.24,0.195,0.195,3734,0
20110712,0.21,0.265,0.195,0.265,16967,0
20110713,0.207,0.267,0.207,0.24,22600,0
20110714,0.243,0.25,0.21,0.22,6800,0
20110715,0.225,0.248,0.204,0.204,19324,0
20110718,0.203,0.255,0.203,0.203,10300,0
20110719,0.21,0.24,0.21,0.21,4720,0
20110720,0.2,0.243,0.2,0.2,11200,0
20110721,0.215,0.228,0.2,0.2,13000,0
20110722,0.211,0.228,0.196,0.196,8114,0
20110725,0.212,0.255,0.197,0.197,37854,0
20110726,0.22,0.228,0.196,0.196,7000,0
20110727,0.212,0.227,0.196,0.196,6387,0
20110728,0.211,0.226,0.198,0.198,4400,0
20110729,0.211,0.23,0.196,0.196,6038,0
20110802,0.21,0.23,0.195,0.195,276,0
20110803,0.2,0.22,0.193,0.193,6233,0
20110804,0.215,0.24,0.17,0.185,35292,0
20110805,0.17,0.2,0.14,0.16,49986,0
20110808,0.14,0.153,0.123,0.123,20994,0
20110809,0.14,0.171,0.122,0.122,16780,0
20110810,0.16,0.16,0.148,0.148,42831,0
20110811,0.171,0.19,0.14,0.162,10446,0
20110812,0.151,0.218,0.151,0.195,59300,0
20110815,0.195,0.271,0.187,0.25,103417,0
20110816,0.221,0.25,0.21,0.221,128750,0
20110817,0.195,0.22,0.195,0.195,44000,0
20110818,0.165,0.208,0.165,0.165,4000,0
20110819,0.175,0.234,0.175,0.175,7600,0
20110822,0.2,0.25,0.2,0.2,34937,0
20110823,0.175,0.249,0.175,0.175,4550,0
20110824,0.205,0.248,0.19,0.205,44898,0
20110825,0.221,0.221,0.175,0.175,10500,0
20110826,0.21,0.22,0.196,0.216,9000,0
20110829,0.177,0.21,0.177,0.2,60,0
20110830,0.186,0.242,0.186,0.242,57100,0
20110831,0.205,0.272,0.201,0.211,194475,0
20110901,0.196,0.24,0.196,0.217,43810,0
20110902,0.186,0.225,0.186,0.21,25188,0
20110905,0.176,0.209,0.176,0.209,53900,0
20110906,0.176,0.201,0.176,0.199,13999,0
20110907,0.175,0.21,0.175,0.21,4115,0
20110908,0.185,0.215,0.185,0.215,24000,0
20110909,0.175,0.215,0.16,0.168,27300,0
20110912,0.169,0.181,0.156,0.181,1799,0
20110913,0.169,0.195,0.155,0.195,100,0
20110914,0.18,0.18,0.154,0.18,40000,0
20110915,0.18,0.185,0.165,0.185,700,0
20110916,0.161,0.209,0.147,0.209,2000,0
20110919,0.166,0.21,0.152,0.21,7600,0
20110920,0.146,0.171,0.146,0.17,1000,0
20110921,0.172,0.219,0.156,0.19,27045,0
20110922,0.19,0.197,0.175,0.197,16000,0
20110923,0.173,0.185,0.158,0.185,10600,0
20110926,0.15,0.215,0.135,0.167,6100,0
20110927,0.164,0.215,0.152,0.175,4650,0
20110928,0.164,0.214,0.15,0.181,2575,0
20110929,0.164,0.195,0.164,0.195,5000,0
20110930,0.174,0.215,0.157,0.192,4400,0
20111003,0.16,0.22,0.15,0.187,4818,0
20111004,0.15,0.18,0.143,0.171,1500,0
20111005,0.155,0.181,0.15,0.16,2569,0
20111006,0.141,0.178,0.141,0.178,1150,0
20111007,0.141,0.187,0.141,0.187,4250,0
20111010,0.16,0.189,0.151,0.162,4600,0
20111011,0.187,0.199,0.151,0.163,7309,0
20111012,0.162,0.199,0.151,0.18,28545,0
20111013,0.194,0.194,0.151,0.18,7500,0
20111014,0.165,0.18,0.151,0.18,150,0
20111017,0.165,0.195,0.155,0.166,2000,0
20111018,0.168,0.189,0.156,0.167,6500,0
20111019,0.165,0.18,0.151,0.18,2050,0
20111020,0.165,0.189,0.156,0.175,4315,0
20111021,0.167,0.169,0.157,0.167,150,0
20111024,0.169,0.173,0.152,0.173,105,0
20111025,0.167,0.179,0.151,0.179,3444,0
20111028,0.174,0.18,0.152,0.178,12650,0
20111031,0.167,0.178,0.151,0.178,6200,0
20111101,0.162,0.178,0.15,0.17,110,0
20111103,0.164,0.176,0.15,0.167,15260,0
20111104,0.152,0.162,0.15,0.152,370,0
20111107,0.15,0.19,0.15,0.19,10539,0
20111108,0.152,0.188,0.15,0.172,12200,0
20111109,0.162,0.162,0.14,0.162,290,0
20111110,0.152,0.164,0.14,0.15,30060,0
20111111,0.123,0.175,0.12,0.143,7949,0
20111114,0.071,0.178,0.071,0.132,23012,0
20111115,0.059,0.168,0.059,0.168,5000,0
20111116,0.131,0.168,0.13,0.136,8735,0
20111117,0.132,0.163,0.132,0.147,807,0
20111118,0.132,0.16,0.12,0.12,9900,0
20111121,0.132,0.149,0.13,0.149,1020,0
20111122,0.137,0.142,0.13,0.142,9920,0
20111124,0.132,0.159,0.13,0.159,7319,0
20111125,0.122,0.16,0.122,0.16,4210,0
20111128,0.122,0.16,0.122,0.126,18250,0
20111129,0.124,0.16,0.11,0.11,1840,0
20111130,0.124,0.16,0.122,0.123,9910,0
20111201,0.132,0.16,0.11,0.129,27210,0
20111202,0.1,0.174,0.1,0.174,144450,0
20111205,0.123,0.179,0.11,0.178,32200,0
20111206,0.122,0.176,0.12,0.127,24000,0
20111207,0.129,0.169,0.127,0.169,3400,0
20111208,0.13,0.138,0.13,0.138,1320,0
20111213,0.138,0.149,0.13,0.149,750,0
20111214,0.135,0.141,0.134,0.141,15410,0
20111216,0.135,0.15,0.131,0.14,47150,0
20111219,0.13,0.141,0.12,0.141,3060,0
20111220,0.13,0.131,0.125,0.131,660,0
20111221,0.13,0.13,0.12,0.12,1650,0
20111222,0.12,0.14,0.12,0.14,4376,0
20111223,0.14,0.159,0.14,0.141,9650,0
20111227,0.141,0.141,0.14,0.141,1316,0
20111228,0.141,0.142,0.14,0.142,752,0
20111229,0.14,0.141,0.12,0.13,101024,0
20111230,0.121,0.13,0.12,0.12,57680,0
20120102,0.081,0.124,0.067,0.067,97310,0
20120103,0.109,0.117,0.08,0.117,20501,0
20120104,0.09,0.1,0.08,0.09,67707,0
20120105,0.09,0.103,0.075,0.1,21744,0
20120106,0.075,0.117,0.075,0.117,23565,0
20120109,0.066,0.091,0.066,0.091,1200,0
20120110,0.08,0.13,0.08,0.098,5760,0
20120111,0.09,0.129,0.08,0.09,5815,0
20120113,0.09,0.13,0.079,0.09,29000,0
20120116,0.103,0.103,0.08,0.081,2030,0
20120117,0.08,0.09,0.08,0.085,21000,0
20120118,0.081,0.09,0.08,0.08,21932,0
20120119,0.075,0.109,0.075,0.076,6000,0
20120123,0.08,0.26,0.075,0.26,251876,0
20120124,0.16,0.2,0.107,0.107,219530,0
20120125,0.081,0.154,0.081,0.126,1300,0
20120126,0.083,0.149,0.083,0.095,35184,0
20120127,0.09,0.1,0.05,0.1,191161,0
20120130,0.102,0.149,0.102,0.149,15868,0
20120131,0.102,0.144,0.102,0.12,21672,0
20120201,0.12,0.148,0.081,0.148,8056,0
20120202,0.1,0.142,0.1,0.128,9520,0
20120203,0.125,0.127,0.1,0.125,42000,0
20120206,0.1,0.13,0.1,0.113,6480,0
20120207,0.106,0.149,0.106,0.121,220,0
20120208,0.1,0.126,0.1,0.126,6754,0
20120209,0.1,0.125,0.1,0.113,9200,0
20120210,0.14,0.14,0.1,0.11,6340,0
20120213,0.11,0.139,0.11,0.13,6250,0
20120214,0.115,0.14,0.114,0.14,115002,0
20120215,0.114,0.148,0.1,0.13,78180,0
20120217,0.13,0.146,0.1,0.136,95988,0
20120220,0.16,0.185,0.11,0.185,238426,0
20120221,0.178,0.186,0.137,0.168,94258,0
20120222,0.166,0.18,0.131,0.176,48366,0
20120223,0.16,0.188,0.12,0.171,11300,0
20120224,0.13,0.226,0.13,0.206,298621,0
20120227,0.171,0.225,0.131,0.182,58360,0
20120228,0.185,0.219,0.145,0.197,12302,0
20120229,0.185,0.209,0.145,0.189,39920,0
20120301,0.185,0.22,0.145,0.198,5130,0
20120302,0.14,0.199,0.14,0.19,18301,0
20120305,0.188,0.19,0.18,0.185,52889,0
20120306,0.18,0.189,0.15,0.152,141634,0
20120307,0.155,0.179,0.116,0.15,134260,0
20120308,0.12,0.161,0.081,0.147,40305,0
20120309,0.115,0.175,0.098,0.175,24278,0
20120312,0.152,0.175,0.112,0.175,8110,0
20120313,0.152,0.173,0.112,0.166,10404,0
20120314,0.16,0.19,0.115,0.16,35970,0
20120315,0.15,0.161,0.13,0.13,103000,0
20120316,0.123,0.168,0.083,0.13,35623,0
20120319,0.088,0.17,0.088,0.145,10470,0
20120320,0.12,0.166,0.09,0.149,5921,0
20120321,0.135,0.135,0.095,0.125,20278,0
20120322,0.12,0.16,0.09,0.1,189889,0
20120323,0.127,0.138,0.09,0.138,27000,0
20120326,0.127,0.128,0.087,0.127,17913,0
20120327,0.127,0.149,0.09,0.128,24750,0
20120328,0.09,0.128,0.09,0.128,6339,0
20120329,0.128,0.128,0.11,0.128,1600,0
20120330,0.128,0.129,0.11,0.127,16082,0
20120402,0.11,0.129,0.07,0.122,80000,0
20120403,0.111,0.129,0.08,0.08,95937,0
20120404,0.081,0.096,0.081,0.096,3440,0
20120405,0.119,0.13,0.05,0.115,2300,0
20120410,0.111,0.13,0.097,0.097,1652,0
20120411,0.098,0.111,0.058,0.1,40000,0
20120412,0.095,0.111,0.055,0.1,100,0
20120413,0.111,0.111,0.05,0.091,550,0
20120416,0.111,0.125,0.09,0.094,66521,0
20120418,0.091,0.125,0.09,0.112,170,0
20120419,0.092,0.125,0.09,0.092,1700,0
20120420,0.09,0.125,0.09,0.1,31266,0
20120423,0.09,0.125,0.071,0.09,17625,0
20120424,0.09,0.12,0.08,0.086,22500,0
20120425,0.091,0.091,0.08,0.081,84700,0
20120426,0.08,0.117,0.07,0.085,43766,0
20120427,0.071,0.104,0.071,0.084,19270,0
20120430,0.074,0.09,0.062,0.062,138492,0
20120502,0.062,0.105,0.062,0.105,17020,0
20120503,0.084,0.104,0.084,0.103,21800,0
20120504,0.029,0.095,0.029,0.075,30000,0
20120507,0.076,0.095,0.076,0.095,1580,0
20120509,0.076,0.084,0.07,0.071,34280,0
20120510,0.084,0.084,0.06,0.071,59400,0
20120511,0.084,0.084,0.041,0.06,10,0
20120514,0.084,0.087,0.051,0.087,8090,0
20120515,0.06,0.084,0.06,0.061,1500,0
20120516,0.065,0.069,0.05,0.069,172622,0
20120517,0.055,0.069,0.055,0.069,372,0
20120518,0.052,0.07,0.052,0.06,8020,0
20120521,0.052,0.06,0.052,0.06,330,0
20120522,0.061,0.074,0.06,0.074,10000,0
20120524,0.055,0.073,0.05,0.06,1110,0
20120525,0.061,0.065,0.055,0.059,11020,0
20120529,0.065,0.073,0.058,0.073,10100,0
20120531,0.05,0.071,0.05,0.062,16000,0
20120601,0.062,0.063,0.062,0.063,100,0
20120604,0.062,0.073,0.055,0.055,1000,0
20120605,0.055,0.073,0.051,0.065,2185,0
20120606,0.051,0.073,0.051,0.072,13000,0
20120607,0.051,0.08,0.051,0.071,52016,0
20120608,0.071,0.08,0.055,0.062,31,0
20120611,0.063,0.08,0.062,0.063,45,0
20120612,0.055,0.08,0.055,0.07,7500,0
20120613,0.05,0.08,0.05,0.063,14621,0
20120614,0.055,0.08,0.055,0.055,1301,0
20120615,0.069,0.069,0.065,0.066,11500,0
20120618,0.066,0.067,0.062,0.067,33574,0
20120620,0.066,0.067,0.053,0.058,5325,0
20120621,0.058,0.068,0.052,0.068,21720,0
20120622,0.058,0.066,0.058,0.058,1020,0
20120625,0.058,0.069,0.058,0.069,4155,0
20120626,0.059,0.068,0.059,0.065,12406,0
20120627,0.059,0.068,0.059,0.068,9630,0
20120628,0.059,0.065,0.055,0.065,31876,0
20120629,0.055,0.06,0.052,0.059,400,0
20120702,0.059,0.065,0.051,0.065,15100,0
20120703,0.06,0.073,0.052,0.06,11156,0
20120704,0.055,0.075,0.055,0.06,52200,0
20120705,0.061,0.073,0.05,0.06,6750,0
20120706,0.06,0.089,0.052,0.08,212250,0
20120709,0.08,0.094,0.07,0.092,77067,0
20120710,0.08,0.089,0.06,0.081,12950,0
20120711,0.085,0.085,0.06,0.085,1160,0
20120713,0.085,0.09,0.081,0.085,20414,0
20120716,0.085,0.09,0.06,0.081,23510,0
20120717,0.076,0.09,0.076,0.088,9750,0
20120718,0.087,0.09,0.072,0.085,20000,0
20120719,0.086,0.088,0.081,0.088,100311,0
20120720,0.081,0.125,0.08,0.125,11650,0
20120723,0.08,0.129,0.08,0.124,95815,0
20120724,0.08,0.129,0.08,0.093,30010,0
20120725,0.092,0.12,0.092,0.12,26150,0
20120726,0.08,0.118,0.08,0.11,4130,0
20120727,0.11,0.11,0.08,0.081,7900,0
20120730,0.11,0.11,0.09,0.11,1668,0
20120731,0.11,0.113,0.08,0.113,400,0
20120801,0.113,0.113,0.09,0.111,7436,0
20120802,0.111,0.119,0.105,0.105,11070,0
20120803,0.105,0.105,0.102,0.102,4800,0
20120806,0.104,0.11,0.1,0.11,2262,0
20120807,0.1,0.11,0.1,0.106,25,0
20120809,0.101,0.11,0.098,0.098,2650,0
20120810,0.101,0.11,0.098,0.098,20250,0
20120813,0.104,0.11,0.08,0.098,10000,0
20120814,0.098,0.11,0.08,0.098,300,0
20120815,0.11,0.11,0.08,0.098,695,0
20120816,0.11,0.11,0.08,0.098,46000,0
20120817,0.08,0.11,0.08,0.098,11100,0
20120820,0.083,0.098,0.08,0.098,43150,0
20120821,0.04,0.098,0.04,0.098,200,0
20120822,0.081,0.12,0.081,0.115,30000,0
20120824,0.081,0.109,0.081,0.1,11500,0
20120827,0.082,0.11,0.082,0.101,27100,0
20120828,0.091,0.101,0.081,0.1,12300,0
20120829,0.06,0.1,0.06,0.1,50,0
20120831,0.087,0.09,0.085,0.085,10850,0
20120904,0.09,0.091,0.07,0.091,50,0
20120905,0.04,0.091,0.04,0.075,21500,0
20120906,0.07,0.11,0.04,0.086,10000,0
20120907,0.098,0.098,0.051,0.07,5156,0
20120910,0.071,0.091,0.071,0.091,160,0
20120912,0.075,0.091,0.06,0.09,3420,0
20120913,0.07,0.09,0.07,0.083,360,0
20120914,0.07,0.083,0.06,0.083,580,0
20120917,0.07,0.083,0.07,0.071,530,0
20120918,0.071,0.072,0.06,0.06,2350,0
20120919,0.072,0.074,0.06,0.073,10000,0
20120920,0.07,0.095,0.07,0.095,46520,0
20120921,0.121,0.121,0.07,0.081,20500,0
20120924,0.07,0.148,0.06,0.148,1180127,0
20120925,0.138,0.156,0.1,0.101,335270,0
20120926,0.133,0.133,0.09,0.118,74200,0
20120927,0.119,0.13,0.082,0.091,14100,0
20120928,0.113,0.12,0.09,0.092,10200,0
20121001,0.08,0.12,0.075,0.08,396750,0
20121002,0.113,0.113,0.077,0.077,77000,0
20121003,0.082,0.113,0.076,0.078,38000,0
20121008,0.07,0.106,0.07,0.07,10100,0
20121009,0.071,0.071,0.06,0.06,480,0
20121010,0.07,0.079,0.07,0.079,20000,0
20121011,0.071,0.106,0.071,0.081,31000,0
20121012,0.073,0.096,0.073,0.092,31100,0
20121015,0.075,0.108,0.075,0.093,8850,0
20121016,0.08,0.108,0.075,0.081,16260,0
20121017,0.089,0.089,0.075,0.08,6466,0
20121018,0.08,0.087,0.075,0.087,160,0
20121019,0.075,0.087,0.075,0.085,13000,0
20121023,0.087,0.087,0.076,0.087,1500,0
20121025,0.078,0.092,0.076,0.088,20250,0
20121026,0.072,0.088,0.072,0.088,5000,0
20121029,0.072,0.088,0.072,0.088,388,0
20121031,0.077,0.093,0.077,0.093,1000,0
20121101,0.072,0.099,0.072,0.099,121350,0
20121102,0.075,0.126,0.075,0.109,544150,0
20121105,0.109,0.109,0.095,0.103,49222,0
20121106,0.092,0.103,0.08,0.095,69262,0
20121107,0.077,0.083,0.077,0.082,97983,0
20121108,0.109,0.109,0.073,0.077,11920,0
20121109,0.076,0.104,0.07,0.076,10620,0
20121112,0.093,0.105,0.072,0.102,61800,0
20121113,0.096,0.105,0.096,0.102,36730,0
20121114,0.102,0.105,0.09,0.101,39050,0
20121115,0.104,0.104,0.083,0.094,8964,0
20121116,0.082,0.11,0.082,0.094,29100,0
20121119,0.082,0.095,0.082,0.089,11100,0
20121120,0.082,0.09,0.08,0.09,300,0
20121121,0.084,0.1,0.08,0.099,74030,0
20121122,0.08,0.099,0.08,0.082,15500,0
20121123,0.08,0.097,0.07,0.076,23500,0
20121126,0.08,0.097,0.078,0.091,1278,0
20121127,0.08,0.093,0.08,0.091,28500,0
20121128,0.091,0.091,0.08,0.09,5000,0
20121129,0.08,0.098,0.08,0.093,14200,0
20121203,0.09,0.102,0.07,0.074,56265,0
20121204,0.076,0.098,0.076,0.087,10508,0
20121205,0.08,0.087,0.08,0.087,800,0
20121207,0.08,0.09,0.08,0.087,6713,0
20121210,0.076,0.087,0.076,0.086,25650,0
20121211,0.086,0.098,0.075,0.075,14640,0
20121212,0.075,0.086,0.075,0.086,2100,0
20121213,0.076,0.086,0.076,0.086,2910,0
20121214,0.086,0.097,0.075,0.086,30821,0
20121217,0.09,0.095,0.075,0.081,33250,0
20121218,0.076,0.088,0.075,0.088,3300,0
20121219,0.088,0.098,0.077,0.084,60550,0
20121220,0.072,0.098,0.072,0.091,33300,0
20121221,0.08,0.098,0.08,0.09,46911,0
20121227,0.082,0.097,0.082,0.089,17874,0
20121228,0.085,0.092,0.082,0.083,43323,0
20130102,0.089,0.091,0.082,0.091,100,0
20130103,0.083,0.091,0.083,0.088,2300,0
20130104,0.083,0.096,0.083,0.09,1845,0
20130107,0.09,0.097,0.083,0.09,56150,0
20130108,0.09,0.106,0.083,0.098,375884,0
20130109,0.089,0.11,0.089,0.091,34478,0
20130110,0.091,0.104,0.083,0.089,32765,0
20130111,0.087,0.094,0.086,0.094,1000,0
20130114,0.094,0.104,0.086,0.094,6647,0
20130115,0.086,0.1,0.086,0.097,3238,0
20130116,0.093,0.1,0.085,0.095,29430,0
20130117,0.085,0.103,0.085,0.094,2556,0
20130118,0.083,0.1,0.083,0.092,10000,0
20130121,0.1,0.105,0.07,0.092,74040,0
20130122,0.092,0.111,0.084,0.111,340083,0
20130123,0.1,0.119,0.09,0.105,97750,0
20130124,0.1,0.105,0.1,0.105,15175,0
20130125,0.101,0.106,0.101,0.101,33070,0
20130128,0.107,0.108,0.084,0.085,17136,0
20130129,0.084,0.099,0.084,0.088,8465,0
20130130,0.085,0.103,0.084,0.103,1950,0
20130131,0.085,0.103,0.08,0.103,2070,0
20130201,0.091,0.101,0.09,0.101,1620,0
20130204,0.092,0.101,0.08,0.101,2250,0
20130205,0.092,0.107,0.091,0.1,10360,0
20130206,0.106,0.106,0.085,0.101,1500,0
20130207,0.085,0.106,0.085,0.087,12237,0
20130208,0.085,0.1,0.08,0.086,3080,0
20130211,0.085,0.105,0.085,0.089,36010,0
20130212,0.086,0.092,0.086,0.091,29000,0
20130213,0.086,0.09,0.086,0.09,120,0
20130214,0.086,0.097,0.086,0.096,5271,0
20130215,0.086,0.104,0.08,0.093,66234,0
20130218,0.093,0.093,0.091,0.092,570,0
20130219,0.092,0.093,0.091,0.092,700,0
20130220,0.092,0.092,0.091,0.091,30175,0
20130221,0.091,0.091,0.086,0.091,13390,0
20130222,0.086,0.091,0.086,0.088,19558,0
20130225,0.091,0.125,0.08,0.09,213600,0
20130226,0.1,0.1,0.085,0.09,18150,0
20130227,0.085,0.11,0.085,0.108,20110,0
20130304,0.084,0.102,0.084,0.093,20300,0
20130305,0.09,0.102,0.09,0.1,12000,0
20130311,0.095,0.1,0.095,0.096,500,0
20130312,0.09,0.105,0.087,0.09,193977,0
20130313,0.086,0.09,0.086,0.087,690,0
20130314,0.087,0.098,0.087,0.087,38970,0
20130315,0.087,0.088,0.087,0.088,45,0
20130318,0.087,0.091,0.087,0.091,430,0
20130319,0.087,0.092,0.087,0.092,20400,0
20130320,0.095,0.095,0.091,0.091,79781,0
20130321,0.092,0.092,0.086,0.087,26000,0
20130322,0.092,0.092,0.086,0.087,2550,0
20130325,0.087,0.087,0.086,0.087,53525,0
20130326,0.087,0.087,0.086,0.086,5800,0
20130327,0.087,0.087,0.086,0.086,500,0
20130328,0.086,0.096,0.086,0.096,2000,0
20130402,0.087,0.097,0.08,0.097,2500,0
20130403,0.084,0.087,0.083,0.085,387,0
20130404,0.085,0.086,0.085,0.086,260,0
20130405,0.085,0.086,0.083,0.084,102055,0
20130408,0.08,0.086,0.08,0.08,1580,0
20130409,0.08,0.086,0.08,0.082,11400,0
20130411,0.08,0.083,0.08,0.083,5000,0
20130412,0.081,0.083,0.07,0.07,200,0
20130415,0.081,0.1,0.07,0.07,4770,0
20130416,0.081,0.083,0.081,0.082,28300,0
20130417,0.081,0.082,0.07,0.082,1690,0
20130418,0.082,0.082,0.081,0.082,7800,0
20130419,0.081,0.082,0.081,0.081,25,0
20130425,0.082,0.082,0.066,0.08,20000,0
20130426,0.08,0.09,0.054,0.054,76100,0
20130429,0.062,0.086,0.062,0.086,15100,0
20130430,0.066,0.086,0.06,0.069,15085,0
20130502,0.076,0.076,0.06,0.071,4000,0
20130503,0.076,0.076,0.071,0.072,10260,0
20130506,0.07,0.076,0.062,0.062,2000,0
20130507,0.073,0.08,0.065,0.08,20000,0
20130508,0.091,0.091,0.065,0.073,995,0
20130509,0.073,0.091,0.065,0.091,6057,0
20130510,0.073,0.091,0.065,0.081,870,0
20130513,0.08,0.081,0.067,0.074,9228,0
20130514,0.071,0.09,0.07,0.09,59300,0
20130515,0.071,0.073,0.07,0.073,10450,0
20130516,0.074,0.074,0.073,0.073,70000,0
20130520,0.081,0.081,0.07,0.07,500,0
20130521,0.07,0.08,0.07,0.08,13000,0
20130522,0.07,0.096,0.07,0.07,5750,0
20130523,0.085,0.096,0.07,0.07,10001,0
20130524,0.074,0.096,0.066,0.07,30,0
20130527,0.074,0.074,0.07,0.071,1700,0
20130528,0.088,0.088,0.07,0.071,4600,0
20130529,0.07,0.088,0.07,0.088,12000,0
20130530,0.074,0.085,0.07,0.073,4100,0
20130531,0.074,0.074,0.07,0.074,50,0
20130603,0.07,0.089,0.07,0.07,72460,0
20130604,0.074,0.074,0.066,0.073,2015,0
20130605,0.07,0.074,0.07,0.072,4160,0
20130606,0.07,0.074,0.068,0.07,96000,0
20130611,0.072,0.088,0.066,0.088,11200,0
20130613,0.074,0.074,0.069,0.073,1050,0
20130614,0.074,0.074,0.066,0.073,1650,0
20130617,0.074,0.077,0.065,0.077,130,0
20130619,0.072,0.074,0.069,0.074,14735,0
20130620,0.066,0.084,0.061,0.075,2750,0
20130624,0.066,0.074,0.061,0.069,150,0
20130625,0.066,0.074,0.065,0.065,40,0
20130627,0.066,0.084,0.065,0.07,8796,0
20130628,0.066,0.084,0.065,0.065,10500,0
20130701,0.074,0.074,0.065,0.065,50,0
20130703,0.068,0.068,0.063,0.063,54290,0
20130704,0.066,0.09,0.066,0.07,86950,0
20130705,0.07,0.071,0.065,0.065,50,0
20130708,0.065,0.075,0.065,0.075,585,0
20130709,0.065,0.079,0.06,0.071,21160,0
20130712,0.065,0.08,0.065,0.08,12575,0
20130715,0.066,0.084,0.065,0.075,15510,0
20130716,0.065,0.085,0.065,0.085,4187,0
20130717,0.071,0.09,0.065,0.085,12077,0
20130719,0.07,0.09,0.065,0.07,6000,0
20130722,0.072,0.075,0.065,0.071,17111,0
20130723,0.07,0.08,0.07,0.08,40070,0
20130724,0.075,0.08,0.07,0.07,20860,0
20130725,0.072,0.076,0.07,0.076,5200,0
20130726,0.071,0.076,0.07,0.076,500,0
20130729,0.083,0.083,0.07,0.072,31010,0
20130730,0.07,0.084,0.067,0.084,10000,0
20130801,0.07,0.071,0.07,0.07,550,0
20130802,0.066,0.075,0.05,0.075,3020,0
20130805,0.066,0.081,0.05,0.056,15860,0
20130806,0.066,0.081,0.056,0.058,4000,0
20130807,0.05,0.078,0.05,0.066,1050,0
20130808,0.058,0.066,0.058,0.065,75,0
20130809,0.065,0.074,0.065,0.065,43865,0
20130812,0.065,0.079,0.065,0.079,1000,0
20130813,0.055,0.08,0.055,0.065,47541,0
20130814,0.055,0.073,0.055,0.065,200,0
20130819,0.066,0.081,0.055,0.081,10400,0
20130820,0.065,0.07,0.056,0.066,1185,0
20130821,0.056,0.066,0.051,0.066,4300,0
20130822,0.066,0.066,0.056,0.066,6500,0
20130823,0.062,0.066,0.056,0.066,3100,0
20130826,0.062,0.067,0.057,0.067,11100,0
20130828,0.065,0.065,0.057,0.057,30000,0
20130829,0.065,0.066,0.055,0.066,30,0
20130902,0.066,0.081,0.055,0.072,22000,0
20130903,0.055,0.072,0.055,0.07,2250,0
20130904,0.07,0.071,0.065,0.07,20000,0
20130909,0.057,0.071,0.057,0.066,100,0
20130910,0.055,0.071,0.055,0.065,2060,0
20130911,0.065,0.07,0.065,0.07,2900,0
20130913,0.07,0.075,0.066,0.07,34000,0
20130916,0.071,0.075,0.055,0.055,59250,0
20130917,0.07,0.075,0.055,0.06,100,0
20130918,0.066,0.07,0.06,0.067,2666,0
20130919,0.06,0.066,0.06,0.06,800,0
20130920,0.06,0.067,0.06,0.066,10000,0
20130923,0.067,0.067,0.056,0.056,16350,0
20130924,0.06,0.069,0.056,0.056,247270,0
20130925,0.056,0.061,0.055,0.06,5280,0
20130926,0.055,0.07,0.055,0.07,1303,0
20130930,0.055,0.064,0.055,0.064,1120,0
20131002,0.057,0.061,0.056,0.056,25000,0
20131003,0.056,0.061,0.031,0.031,9600,0
20131004,0.057,0.057,0.031,0.051,260,0
20131007,0.075,0.075,0.05,0.065,12370,0
20131009,0.051,0.075,0.051,0.051,133416,0
20131010,0.05,0.063,0.05,0.052,10000,0
20131011,0.052,0.055,0.045,0.052,551,0
20131014,0.053,0.06,0.047,0.06,100,0
20131015,0.061,0.063,0.055,0.06,1000,0
20131016,0.061,0.063,0.055,0.063,2000,0
20131017,0.05,0.071,0.05,0.06,12740,0
20131018,0.06,0.066,0.05,0.05,11600,0
20131021,0.064,0.064,0.05,0.06,21600,0
20131023,0.061,0.061,0.053,0.06,63000,0
20131024,0.05,0.061,0.046,0.053,840,0
20131025,0.061,0.061,0.048,0.053,1700,0
20131028,0.06,0.061,0.053,0.056,1040,0
20131029,0.051,0.061,0.046,0.053,14425,0
20131030,0.054,0.061,0.048,0.054,17690,0
20131031,0.06,0.06,0.05,0.052,23000,0
20131101,0.08,0.08,0.051,0.053,4040,0
20131105,0.052,0.052,0.052,0.052,420,0
20131107,0.052,0.06,0.052,0.055,1360,0
20131111,0.055,0.06,0.05,0.054,55600,0
20131114,0.054,0.055,0.049,0.054,300,0
20131115,0.054,0.055,0.054,0.054,12669,0
20131118,0.054,0.062,0.054,0.061,720,0
20131119,0.054,0.062,0.054,0.054,4500,0
20131120,0.054,0.055,0.054,0.054,300,0
20131121,0.054,0.055,0.054,0.055,800,0
20131125,0.054,0.055,0.054,0.054,50,0
20131126,0.054,0.063,0.054,0.054,2000,0
20131127,0.054,0.055,0.054,0.054,150,0
20131128,0.054,0.055,0.05,0.05,42550,0
20131202,0.048,0.054,0.042,0.053,500,0
20131203,0.055,0.056,0.052,0.056,5115,0
20131205,0.055,0.055,0.054,0.054,47531,0
20131206,0.052,0.055,0.052,0.052,25400,0
20131209,0.045,0.055,0.036,0.055,11430,0
20131210,0.045,0.056,0.034,0.056,4060,0
20131211,0.048,0.07,0.042,0.042,76444,0
20131213,0.036,0.051,0.022,0.051,74851,0
20131216,0.051,0.051,0.033,0.051,410,0
20131217,0.047,0.051,0.031,0.034,8600,0
20131218,0.044,0.044,0.039,0.041,240,0
20131219,0.036,0.044,0.03,0.039,70450,0
20131220,0.04,0.04,0.026,0.026,540,0
20131223,0.04,0.04,0.031,0.036,8562,0
20131227,0.036,0.037,0.036,0.037,3540,0
20131230,0.038,0.038,0.026,0.031,41050,0
20140102,0.031,0.036,0.03,0.031,320,0
20140103,0.031,0.036,0.027,0.036,10000,0
20140106,0.035,0.035,0.03,0.032,17111,0
20140107,0.03,0.033,0.025,0.025,250,0
20140108,0.031,0.037,0.024,0.037,86492,0
20140109,0.032,0.049,0.028,0.049,60000,0
20140110,0.042,0.05,0.037,0.038,12000,0
20140114,0.043,0.043,0.038,0.038,16000,0
20140115,0.043,0.047,0.031,0.042,2115,0
20140117,0.036,0.043,0.032,0.042,10050,0
20140120,0.036,0.039,0.032,0.039,4100,0
20140121,0.036,0.036,0.026,0.026,4370,0
20140122,0.031,0.036,0.031,0.031,200,0
20140123,0.031,0.036,0.031,0.035,850,0
20140127,0.03,0.036,0.03,0.036,1565,0
20140129,0.035,0.036,0.035,0.035,1000,0
20140130,0.035,0.035,0.035,0.035,25,0
20140203,0.03,0.036,0.03,0.035,10390,0
20140204,0.035,0.036,0.035,0.036,590,0
20140206,0.035,0.036,0.035,0.035,300,0
20140207,0.035,0.036,0.03,0.036,486,0
20140211,0.035,0.045,0.035,0.045,30000,0
20140212,0.039,0.039,0.031,0.031,10,0
20140213,0.039,0.039,0.031,0.031,7600,0
20140217,0.037,0.043,0.031,0.043,9729,0
20140218,0.037,0.037,0.036,0.036,1500,0
20140219,0.037,0.044,0.031,0.031,4000,0
20140220,0.037,0.04,0.035,0.036,1660,0
20140221,0.035,0.037,0.035,0.037,150,0
20140224,0.035,0.035,0.035,0.035,201,0
20140225,0.035,0.036,0.035,0.036,100,0
20140226,0.035,0.035,0.035,0.035,30,0
20140227,0.035,0.036,0.035,0.035,11600,0
20140228,0.035,0.036,0.035,0.036,600,0
20140303,0.036,0.036,0.036,0.036,100,0
20140305,0.037,0.041,0.036,0.041,76946,0
20140306,0.041,0.044,0.036,0.036,5000,0
20140307,0.036,0.046,0.036,0.039,29000,0
20140310,0.039,0.045,0.031,0.039,100,0
20140311,0.039,0.045,0.031,0.036,10630,0
20140312,0.036,0.042,0.036,0.036,680,0
20140313,0.037,0.038,0.036,0.036,200,0
20140314,0.045,0.045,0.036,0.036,2001,0
20140317,0.036,0.047,0.036,0.036,16263,0
20140319,0.036,0.038,0.036,0.036,112,0
20140324,0.036,0.043,0.036,0.043,26447,0
20140325,0.043,0.043,0.036,0.038,1950,0
20140326,0.038,0.039,0.031,0.036,3000,0
20140327,0.036,0.038,0.031,0.036,63,0
20140328,0.036,0.039,0.036,0.036,5030,0
20140331,0.04,0.04,0.036,0.036,363,0
20140401,0.039,0.053,0.036,0.041,20170,0
20140402,0.041,0.05,0.036,0.045,11500,0
20140403,0.048,0.048,0.04,0.045,9175,0
20140404,0.039,0.045,0.039,0.045,100,0
20140407,0.045,0.045,0.039,0.039,9010,0
20140408,0.039,0.04,0.039,0.039,190,0
20140409,0.039,0.04,0.036,0.036,1040,0
20140410,0.039,0.04,0.036,0.036,30,0
20140411,0.039,0.04,0.031,0.031,42721,0
20140415,0.032,0.04,0.027,0.031,150,0
20140417,0.032,0.041,0.027,0.03,12500,0
20140422,0.039,0.04,0.039,0.039,4620,0
20140423,0.039,0.04,0.039,0.039,5650,0
20140424,0.039,0.04,0.039,0.039,2000,0
20140425,0.039,0.042,0.035,0.04,34500,0
20140428,0.042,0.042,0.039,0.039,64000,0
20140502,0.039,0.045,0.039,0.039,17285,0
20140506,0.034,0.04,0.03,0.037,2000,0
20140508,0.036,0.038,0.034,0.036,9999,0
20140509,0.032,0.038,0.032,0.036,300,0
20140512,0.032,0.038,0.025,0.036,3000,0
20140513,0.032,0.038,0.027,0.032,21300,0
20140514,0.032,0.038,0.03,0.03,3520,0
20140515,0.031,0.036,0.025,0.027,600,0
20140519,0.031,0.032,0.025,0.027,200,0
20140520,0.031,0.032,0.025,0.027,5500,0
20140522,0.031,0.031,0.025,0.027,9400,0
20140526,0.037,0.037,0.025,0.03,12200,0
20140527,0.032,0.033,0.027,0.03,400,0
20140528,0.032,0.033,0.027,0.03,80,0
20140530,0.03,0.033,0.027,0.028,150,0
20140602,0.03,0.033,0.025,0.028,300,0
20140606,0.03,0.033,0.025,0.027,62551,0
20140610,0.027,0.032,0.025,0.027,100,0
20140611,0.027,0.03,0.025,0.027,20000,0
20140612,0.027,0.03,0.025,0.027,200,0
20140616,0.027,0.03,0.025,0.025,340,0
20140617,0.027,0.03,0.025,0.026,8600,0
20140618,0.025,0.032,0.025,0.025,11105,0
20140619,0.025,0.029,0.025,0.025,18824,0
20140620,0.025,0.031,0.025,0.027,1440,0
20140625,0.027,0.028,0.02,0.025,10960,0
20140626,0.025,0.028,0.02,0.025,300,0
20140627,0.025,0.026,0.02,0.025,950,0
20140630,0.025,0.026,0.02,0.025,4095,0
20140703,0.026,0.027,0.02,0.025,56,0
20140714,0.026,0.026,0.02,0.026,400,0
20140721,0.026,0.026,0.02,0.026,1060,0
20140723,0.026,0.026,0.02,0.026,100,0
20140724,0.026,0.028,0.02,0.027,2100,0
20140725,0.026,0.027,0.026,0.027,800,0
20140728,0.027,0.028,0.026,0.028,7500,0
20140729,0.026,0.029,0.026,0.029,1400,0
20140731,0.026,0.028,0.026,0.028,75,0
20140804,0.027,0.032,0.025,0.025,6319,0
20140805,0.028,0.034,0.025,0.025,1300,0
20140806,0.026,0.029,0.025,0.025,5019,0
20140808,0.026,0.029,0.025,0.025,620,0
20140815,0.025,0.029,0.025,0.025,1200,0
20140818,0.026,0.029,0.026,0.028,4200,0
20140819,0.026,0.029,0.026,0.028,5000,0
20140820,0.026,0.032,0.026,0.03,60000,0
20140822,0.031,0.043,0.03,0.032,40500,0
20140825,0.033,0.04,0.032,0.032,6100,0
20140827,0.031,0.037,0.025,0.03,16276,0
20140828,0.031,0.037,0.031,0.035,20430,0
20140829,0.033,0.037,0.032,0.032,5,0
20140901,0.032,0.037,0.032,0.032,430,0
20140902,0.033,0.037,0.027,0.032,500,0
20140903,0.033,0.036,0.027,0.032,500,0
20140904,0.033,0.036,0.028,0.034,105,0
20140905,0.034,0.042,0.031,0.038,33540,0
20140908,0.039,0.043,0.035,0.035,27142,0
20140909,0.036,0.041,0.035,0.035,500,0
20140910,0.036,0.04,0.035,0.035,250,0
20140911,0.036,0.046,0.036,0.046,237241,0
20140912,0.047,0.05,0.031,0.04,68675,0
20140915,0.045,0.046,0.034,0.04,37954,0
20140916,0.035,0.046,0.035,0.04,100,0
20140917,0.041,0.046,0.04,0.04,21500,0
20140919,0.036,0.042,0.035,0.04,25000,0
20140922,0.036,0.042,0.033,0.04,15100,0
20140925,0.038,0.042,0.035,0.036,10440,0
20140926,0.039,0.047,0.035,0.039,9872,0
20140929,0.036,0.046,0.035,0.039,1822,0
20141002,0.036,0.043,0.033,0.037,23000,0
20141006,0.038,0.039,0.03,0.035,20000,0
20141008,0.036,0.046,0.03,0.039,103852,0
20141009,0.04,0.04,0.03,0.03,600,0
20141010,0.031,0.04,0.03,0.03,124000,0
20141013,0.031,0.038,0.029,0.033,46316,0
20141021,0.034,0.034,0.029,0.033,6500,0
20141022,0.034,0.034,0.025,0.027,100,0
20141024,0.031,0.034,0.025,0.027,250,0
20141027,0.028,0.029,0.025,0.027,1100,0
20141030,0.023,0.031,0.023,0.027,2800,0
20141103,0.027,0.035,0.025,0.03,10000,0
20141105,0.03,0.036,0.027,0.031,7000,0
20141107,0.031,0.031,0.027,0.027,49000,0
20141110,0.031,0.031,0.025,0.026,10600,0
20141111,0.026,0.031,0.025,0.025,385,0
20141112,0.026,0.031,0.025,0.025,300,0
20141113,0.026,0.035,0.025,0.03,10000,0
20141118,0.03,0.031,0.027,0.03,473,0
20141119,0.03,0.03,0.024,0.03,822,0
20141121,0.03,0.031,0.025,0.027,550,0
20141124,0.027,0.031,0.025,0.03,6272,0
20141125,0.03,0.03,0.03,0.03,1700,0
20141126,0.03,0.031,0.03,0.03,2120,0
20141201,0.03,0.03,0.03,0.03,80,0
20141204,0.03,0.035,0.03,0.03,21999,0
20141205,0.03,0.033,0.03,0.03,136,0
20141208,0.025,0.033,0.025,0.03,2000,0
20141209,0.025,0.03,0.025,0.03,9050,0
20141210,0.03,0.033,0.03,0.03,1300,0
20141211,0.03,0.03,0.025,0.025,3000,0
20141212,0.03,0.03,0.025,0.03,125,0
20141215,0.031,0.031,0.03,0.03,1000,0
20141217,0.03,0.031,0.025,0.026,35308,0
20141219,0.026,0.03,0.026,0.026,125,0
20141222,0.027,0.03,0.026,0.026,5777,0
20141223,0.026,0.027,0.026,0.026,160,0
20141229,0.026,0.027,0.023,0.026,5550,0
20141230,0.026,0.027,0.025,0.025,105136,0
20150102,0.025,0.028,0.025,0.028,2300,0
20150105,0.025,0.026,0.023,0.023,2400,0
20150106,0.025,0.032,0.025,0.032,92300,0
20150108,0.03,0.03,0.027,0.03,300,0
20150109,0.03,0.034,0.025,0.029,18175,0
20150112,0.029,0.029,0.026,0.029,31658,0
20150113,0.029,0.035,0.026,0.029,12200,0
20150114,0.029,0.035,0.026,0.03,2347,0
20150115,0.03,0.03,0.026,0.026,10147,0
20150116,0.025,0.03,0.025,0.025,560,0
20150119,0.025,0.03,0.025,0.025,500,0
20150120,0.025,0.03,0.025,0.026,10010,0
20150121,0.025,0.026,0.025,0.026,34100,0
20150123,0.028,0.029,0.025,0.025,111,0
20150126,0.031,0.033,0.026,0.026,54643,0
20150127,0.026,0.03,0.025,0.026,111,0
20150128,0.026,0.033,0.025,0.025,4428,0
20150130,0.025,0.028,0.025,0.028,70000,0
20150202,0.028,0.028,0.026,0.026,750,0
20150203,0.026,0.03,0.026,0.026,30000,0
20150205,0.027,0.028,0.026,0.026,1020,0
20150206,0.027,0.027,0.026,0.026,95,0
20150209,0.027,0.03,0.026,0.026,7100,0
20150210,0.027,0.027,0.026,0.026,550,0
20150211,0.027,0.028,0.026,0.026,512,0
20150212,0.027,0.028,0.027,0.027,2450,0
20150213,0.027,0.027,0.026,0.026,60000,0
20150218,0.025,0.031,0.025,0.025,20000,0
20150219,0.025,0.028,0.025,0.025,25000,0
20150220,0.027,0.028,0.022,0.025,50,0
20150224,0.027,0.028,0.022,0.025,5100,0
20150225,0.027,0.028,0.022,0.025,3453,0
20150227,0.027,0.028,0.022,0.025,136,0
20150302,0.027,0.028,0.022,0.027,250,0
20150303,0.022,0.027,0.022,0.027,100,0
20150304,0.022,0.027,0.022,0.025,35620,0
20150305,0.025,0.026,0.025,0.026,13500,0
20150306,0.025,0.027,0.025,0.026,300,0
20150309,0.025,0.026,0.025,0.025,3750,0
20150310,0.026,0.029,0.025,0.025,2120,0
20150311,0.025,0.025,0.025,0.025,40,0
20150312,0.029,0.029,0.025,0.029,34285,0
20150313,0.025,0.029,0.025,0.029,650,0
20150316,0.025,0.029,0.025,0.025,5425,0
20150317,0.025,0.029,0.025,0.025,340,0
20150318,0.025,0.025,0.025,0.025,54,0
20150319,0.026,0.027,0.025,0.025,55,0
20150320,0.026,0.027,0.025,0.025,3550,0
20150323,0.025,0.032,0.025,0.027,43085,0
20150324,0.027,0.028,0.021,0.027,5005,0
20150325,0.027,0.027,0.022,0.025,3135,0
20150326,0.025,0.035,0.025,0.03,25103,0
20150327,0.03,0.03,0.028,0.028,2651,0
20150330,0.028,0.03,0.028,0.028,110,0
20150331,0.028,0.029,0.028,0.028,362,0
20150402,0.027,0.033,0.027,0.028,5170,0
20150407,0.028,0.028,0.028,0.028,10,0
20150408,0.027,0.028,0.027,0.028,2000,0
20150410,0.027,0.033,0.027,0.033,5997,0
20150413,0.028,0.028,0.028,0.028,5,0
20150414,0.028,0.028,0.028,0.028,50,0
20150415,0.027,0.028,0.027,0.028,200,0
20150416,0.028,0.028,0.028,0.028,2040,0
20150417,0.028,0.031,0.028,0.03,20003,0
20150421,0.028,0.032,0.028,0.032,10060,0
20150422,0.03,0.03,0.03,0.03,3,0
20150423,0.028,0.029,0.028,0.029,3,0
20150424,0.029,0.031,0.029,0.031,63,0
20150427,0.033,0.034,0.033,0.034,29376,0
20150428,0.031,0.031,0.031,0.031,200,0
20150430,0.03,0.031,0.03,0.031,6097,0
20150504,0.034,0.034,0.031,0.031,5150,0
20150508,0.03,0.031,0.03,0.031,5074,0
20150514,0.03,0.031,0.03,0.031,7000,0
20150519,0.031,0.031,0.03,0.03,179880,0
20150520,0.028,0.029,0.028,0.029,2100,0
20150521,0.028,0.028,0.028,0.028,1155,0
20150522,0.026,0.034,0.026,0.032,24500,0
20150526,0.029,0.032,0.028,0.032,1650,0
20150527,0.028,0.028,0.028,0.028,10,0
20150528,0.032,0.032,0.032,0.032,500,0
20150529,0.027,0.031,0.025,0.025,214376,0
20150601,0.026,0.026,0.026,0.026,1200,0
20150602,0.026,0.029,0.026,0.029,2510,0
20150608,0.026,0.026,0.026,0.026,900,0
20150609,0.026,0.026,0.026,0.026,50,0
20150611,0.025,0.026,0.025,0.026,230,0
20150615,0.025,0.026,0.025,0.026,682,0
20150619,0.026,0.026,0.025,0.025,67971,0
20150626,0.029,0.029,0.029,0.029,10000,0
20150708,0.022,0.025,0.022,0.025,6140,0
20150716,0.028,0.028,0.024,0.024,54000,0
20150717,0.018,0.018,0.018,0.018,2100,0
20150723,0.022,0.026,0.022,0.026,14550,0
20150729,0.022,0.022,0.022,0.022,10000,0
20150730,0.021,0.022,0.021,0.022,100,0
20150731,0.021,0.024,0.021,0.024,4000,0
20150803,0.027,0.027,0.027,0.027,10000,0
20150805,0.022,0.027,0.022,0.027,8100,0
20150807,0.025,0.025,0.025,0.025,100,0
20150810,0.026,0.026,0.026,0.026,3000,0
20150811,0.026,0.026,0.026,0.026,100,0
20150813,0.026,0.038,0.026,0.027,186510,0
20150817,0.026,0.026,0.026,0.026,2700,0
20150818,0.027,0.029,0.027,0.029,4000,0
20150820,0.026,0.026,0.026,0.026,1000,0
20150821,0.025,0.025,0.025,0.025,20000,0
20150824,0.026,0.026,0.025,0.025,53950,0
20150825,0.028,0.028,0.028,0.028,15000,0
20150827,0.024,0.024,0.024,0.024,50,0
20150901,0.022,0.022,0.022,0.022,2100,0
20150903,0.017,0.017,0.017,0.017,22000,0
20150909,0.023,0.023,0.023,0.023,10000,0
20150910,0.026,0.026,0.026,0.026,20000,0
20150916,0.02,0.02,0.02,0.02,150,0
20150922,0.02,0.02,0.02,0.02,3010,0
20150924,0.02,0.03,0.02,0.03,60520,0
20150925,0.023,0.023,0.023,0.023,575,0
20151001,0.021,0.021,0.021,0.021,50,0
20151006,0.02,0.025,0.02,0.021,9440,0
20151007,0.02,0.021,0.02,0.021,3200,0
20151008,0.02,0.021,0.02,0.021,14000,0
20151009,0.02,0.022,0.02,0.022,10000,0
20151014,0.02,0.023,0.02,0.023,40000,0
20151021,0.021,0.021,0.021,0.021,10000,0
20151023,0.02,0.024,0.02,0.021,21000,0
20151030,0.02,0.037,0.02,0.028,80180,0
20151102,0.024,0.024,0.021,0.021,10800,0
20151104,0.025,0.025,0.025,0.025,400,0
20151105,0.034,0.034,0.034,0.034,500,0
20151106,0.029,0.029,0.026,0.026,88150,0
20151110,0.032,0.034,0.032,0.034,15700,0
20151112,0.029,0.029,0.025,0.028,33340,0
20151120,0.022,0.022,0.022,0.022,150,0
20151123,0.021,0.03,0.021,0.03,18020,0
20151125,0.023,0.023,0.023,0.023,720,0
20151127,0.021,0.022,0.021,0.022,833,0
20151130,0.021,0.026,0.021,0.026,5050,0
20151201,0.021,0.021,0.021,0.021,45000,0
20151204,0.021,0.021,0.021,0.021,26250,0
20151207,0.023,0.023,0.023,0.023,290,0
20151209,0.022,0.022,0.022,0.022,5000,0
20151210,0.02,0.023,0.02,0.023,30000,0
20151211,0.028,0.028,0.028,0.028,4000,0
20151214,0.024,0.024,0.022,0.022,16000,0
20151215,0.022,0.027,0.022,0.027,1000,0
20151216,0.023,0.023,0.023,0.023,330,0
20151217,0.022,0.027,0.022,0.023,31300,0
20151218,0.022,0.023,0.022,0.023,100,0
20151221,0.022,0.026,0.022,0.026,925,0
20151222,0.027,0.027,0.027,0.027,100,0
20151228,0.024,0.027,0.023,0.026,47994,0
20151229,0.023,0.023,0.023,0.023,2000,0
20151230,0.028,0.028,0.024,0.028,5700,0
20160105,0.024,0.024,0.024,0.024,40000,0
20160106,0.02,0.023,0.02,0.023,171000,0
20160107,0.023,0.023,0.023,0.023,5000,0
20160111,0.022,0.022,0.022,0.022,500,0
20160115,0.02,0.02,0.02,0.02,600,0
20160121,0.019,0.023,0.019,0.023,10700,0
20160122,0.023,0.023,0.023,0.023,4000,0
20160125,0.02,0.02,0.02,0.02,50,0
20160127,0.019,0.02,0.019,0.02,20,0
20160128,0.019,0.02,0.019,0.02,2000,0
20160201,0.019,0.022,0.015,0.022,83730,0
20160203,0.016,0.016,0.016,0.016,1500,0
20160205,0.014,0.015,0.012,0.015,189900,0
20160208,0.012,0.012,0.012,0.012,22000,0
20160209,0.02,0.02,0.02,0.02,100000,0
20160210,0.019,0.019,0.019,0.019,1000,0
20160212,0.018,0.018,0.015,0.015,51000,0
20160215,0.013,0.013,0.013,0.013,20000,0
20160216,0.016,0.016,0.013,0.013,127050,0
20160217,0.017,0.017,0.014,0.014,1220,0
20160218,0.017,0.017,0.017,0.017,8000,0
20160219,0.023,0.023,0.023,0.023,24000,0
20160222,0.02,0.02,0.015,0.016,30100,0
20160224,0.02,0.02,0.02,0.02,25000,0
20160302,0.021,0.021,0.021,0.021,6000,0
20160307,0.016,0.016,0.016,0.016,25050,0
20160309,0.016,0.016,0.016,0.016,280,0
20160311,0.016,0.016,0.016,0.016,1500,0
20160330,0.013,0.014,0.013,0.014,20588,0
20160401,0.011,0.013,0.011,0.013,30100,0
20160404,0.01,0.01,0.01,0.01,590,0
20160415,0.013,0.016,0.013,0.016,1160,0
20160426,0.014,0.014,0.014,0.014,1000,0
20160428,0.013,0.014,0.013,0.014,3240,0
20160506,0.017,0.018,0.017,0.018,20,0
20160517,0.017,0.018,0.017,0.018,60,0
20160518,0.017,0.018,0.017,0.018,2000,0
20160519,0.017,0.018,0.017,0.018,2500,0
20160520,0.017,0.018,0.017,0.018,40,0
20160525,0.017,0.018,0.017,0.018,100,0
20160527,0.017,0.018,0.017,0.018,55,0
20160530,0.017,0.018,0.017,0.018,10000,0
20160531,0.017,0.018,0.017,0.018,3050,0
20160607,0.018,0.018,0.017,0.017,55000,0
20160609,0.015,0.015,0.015,0.015,4000,0
20160614,0.012,0.015,0.012,0.015,6035,0
20160621,0.012,0.012,0.012,0.012,1000,0
20160624,0.015,0.015,0.015,0.015,20000,0
20160630,0.012,0.012,0.012,0.012,2500,0
20160707,0.012,0.012,0.012,0.012,4000,0
20160713,0.02,0.024,0.02,0.024,105173,0
20160714,0.021,0.021,0.021,0.021,25000,0
20160715,0.019,0.019,0.019,0.019,10981,0
20160719,0.019,0.019,0.019,0.019,25000,0
20160725,0.017,0.017,0.017,0.017,15000,0
20160801,0.013,0.019,0.013,0.019,83019,0
20160804,0.019,0.023,0.019,0.023,40000,0
20160805,0.024,0.024,0.023,0.023,93150,0
20160812,0.02,0.02,0.02,0.02,25000,0
20160816,0.015,0.017,0.015,0.017,150,0
20160826,0.016,0.016,0.016,0.016,10,0
20160906,0.012,0.012,0.012,0.012,3130,0
20160907,0.024,0.024,0.024,0.024,50000,0
20160908,0.021,0.021,0.021,0.021,25000,0
20160912,0.016,0.02,0.016,0.02,35000,0
20160921,0.019,0.02,0.015,0.02,15648,0
20160922,0.015,0.018,0.015,0.018,27280,0
20160923,0.014,0.014,0.014,0.014,4000,0
20160926,0.016,0.02,0.016,0.02,5151,0
20160927,0.017,0.017,0.017,0.017,10,0
20160928,0.016,0.016,0.016,0.016,700,0
20161005,0.015,0.015,0.015,0.015,50000,0
20161017,0.018,0.023,0.018,0.023,6077,0
20161018,0.019,0.019,0.019,0.019,230,0
20161020,0.02,0.02,0.02,0.02,3000,0
20161021,0.019,0.019,0.019,0.019,29314,0
20161024,0.017,0.017,0.017,0.017,60,0
20161026,0.016,0.016,0.012,0.012,8625,0
20161031,0.017,0.018,0.017,0.018,16000,0
20161101,0.018,0.018,0.018,0.018,8001,0
20161103,0.014,0.014,0.014,0.014,65,0
20161107,0.017,0.017,0.017,0.017,5000,0
20161110,0.013,0.016,0.013,0.013,8100,0
20161111,0.012,0.015,0.012,0.015,16667,0
20161114,0.017,0.017,0.017,0.017,5500,0
20161115,0.019,0.021,0.019,0.021,60686,0
20161116,0.023,0.023,0.023,0.023,72550,0
20161118,0.028,0.028,0.021,0.021,13000,0
20161121,0.016,0.016,0.016,0.016,550,0
20161122,0.016,0.016,0.016,0.016,72550,0
20161125,0.018,0.018,0.018,0.018,55000,0
20161128,0.02,0.02,0.02,0.02,10000,0
20161130,0.016,0.016,0.016,0.016,100,0
20161201,0.015,0.02,0.015,0.02,10150,0
20161207,0.016,0.02,0.016,0.02,70000,0
20161208,0.017,0.017,0.017,0.017,100,0
20161209,0.017,0.017,0.017,0.017,17100,0
20161214,0.016,0.016,0.016,0.016,50,0
20161219,0.015,0.016,0.015,0.016,80754,0
20161221,0.015,0.015,0.015,0.015,100,0
20161222,0.015,0.015,0.015,0.015,1265,0
20161228,0.015,0.015,0.015,0.015,249,0
20161230,0.013,0.014,0.013,0.014,66493,0
20170110,0.014,0.014,0.014,0.014,300,0
20170113,0.014,0.014,0.014,0.014,37,0
20170116,0.012,0.013,0.012,0.013,1100,0
20170120,0.015,0.015,0.015,0.015,20000,0
20170123,0.014,0.014,0.014,0.014,100,0
20170124,0.014,0.014,0.014,0.014,137,0
20170206,0.011,0.011,0.011,0.011,250,0
20170207,0.012,0.018,0.012,0.018,4160,0
20170210,0.018,0.018,0.018,0.018,500,0
20170216,0.017,0.017,0.017,0.017,3000,0
20170221,0.016,0.018,0.016,0.018,90,0
20170222,0.018,0.018,0.018,0.018,7051,0
20170301,0.018,0.018,0.018,0.018,50,0
20170302,0.016,0.016,0.016,0.016,760,0
20170303,0.018,0.02,0.018,0.018,208055,0
20170306,0.022,0.022,0.021,0.021,11806,0
20170308,0.018,0.018,0.017,0.017,10025,0
20170309,0.016,0.018,0.016,0.018,5000,0
20170314,0.017,0.017,0.017,0.017,100,0
20170315,0.016,0.018,0.016,0.018,2000,0
20170320,0.017,0.017,0.017,0.017,65,0
20170322,0.016,0.021,0.016,0.021,2725,0
