Date,Open,High,Low,Close,Volume,OpenInt
20090406,0.013,0.014,0.012,0.014,100,0
20090407,0.014,0.014,0.012,0.014,44,0
20090414,0.013,0.013,0.005,0.005,1000,0
20090415,0.013,0.013,0.012,0.012,1000,0
20090417,0.013,0.013,0.012,0.012,50250,0
20090420,0.027,0.027,0.013,0.02,20000,0
20090421,0.034,0.034,0.012,0.012,1000,0
20090423,0.02,0.02,0.01,0.01,300,0
20090430,0.013,0.014,0.012,0.012,10000,0
20090504,0.014,0.014,0.012,0.013,11000,0
20090505,0.013,0.013,0.012,0.013,10000,0
20090506,0.013,0.02,0.012,0.02,10000,0
20090507,0.02,0.02,0.014,0.017,121,0
20090512,0.016,0.017,0.013,0.017,11,0
20090513,0.017,0.017,0.014,0.017,11,0
20090514,0.017,0.017,0.013,0.017,11,0
20090518,0.016,0.017,0.013,0.017,500,0
20090519,0.023,0.024,0.013,0.017,13000,0
20090520,0.017,0.017,0.013,0.017,2000,0
20090522,0.016,0.017,0.013,0.016,250,0
20090526,0.016,0.017,0.013,0.017,2,0
20090527,0.017,0.017,0.013,0.017,301,0
20090603,0.013,0.024,0.012,0.024,58000,0
20090604,0.024,0.027,0.012,0.027,112100,0
20090605,0.027,0.027,0.027,0.027,1000,0
20090608,0.027,0.03,0.015,0.015,9200,0
20090611,0.015,0.02,0.015,0.02,19500,0
20090615,0.02,0.029,0.015,0.029,70000,0
20090625,0.016,0.017,0.015,0.017,500,0
20090626,0.017,0.02,0.015,0.015,2500,0
20090701,0.02,0.02,0.016,0.017,7000,0
20090703,0.016,0.017,0.016,0.017,36200,0
20090709,0.017,0.017,0.016,0.016,247500,0
20090710,0.016,0.019,0.015,0.017,58500,0
20090716,0.016,0.017,0.007,0.007,2600,0
20090720,0.016,0.024,0.006,0.024,600,0
20090721,0.024,0.024,0.01,0.01,1000,0
20090722,0.017,0.02,0.006,0.02,4000,0
20090724,0.016,0.016,0.016,0.016,60000,0
20090727,0.017,0.02,0.016,0.02,37000,0
20090728,0.02,0.02,0.006,0.006,3200,0
20090729,0.02,0.024,0.006,0.024,3200,0
20090730,0.024,0.024,0.006,0.006,20000,0
20090731,0.017,0.024,0.006,0.024,625,0
20090803,0.024,0.024,0.021,0.021,1400,0
20090807,0.02,0.021,0.011,0.011,27100,0
20090810,0.012,0.018,0.012,0.018,4800,0
20090819,0.013,0.016,0.012,0.016,800,0
20090820,0.016,0.023,0.012,0.023,100000,0
20090821,0.023,0.023,0.012,0.016,20000,0
20090828,0.015,0.016,0.015,0.015,200000,0
20090908,0.015,0.015,0.008,0.008,17040,0
20090909,0.015,0.016,0.005,0.016,32040,0
20090910,0.016,0.016,0.016,0.016,100000,0
20090914,0.015,0.016,0.015,0.016,16000,0
20090916,0.015,0.016,0.01,0.01,3000,0
20090918,0.015,0.02,0.006,0.02,4200,0
20090922,0.015,0.019,0.015,0.019,50000,0
20090925,0.02,0.02,0.015,0.016,1800,0
20091001,0.015,0.015,0.014,0.015,1000,0
20091002,0.014,0.015,0.014,0.015,51,0
20091006,0.015,0.015,0.014,0.015,2402,0
20091012,0.02,0.02,0.006,0.006,3000,0
20091014,0.019,0.019,0.005,0.016,1000,0
20091015,0.017,0.017,0.006,0.006,4550,0
20091016,0.016,0.016,0.005,0.016,2100,0
20091019,0.017,0.017,0.006,0.006,270,0
20091021,0.016,0.016,0.005,0.016,43000,0
20091022,0.017,0.017,0.016,0.016,7069,0
20091104,0.015,0.021,0.015,0.02,141000,0
20091105,0.021,0.021,0.021,0.021,105000,0
20091106,0.028,0.028,0.015,0.02,55478,0
20091110,0.015,0.02,0.015,0.016,500,0
20091111,0.017,0.021,0.017,0.02,30000,0
20091119,0.02,0.027,0.02,0.02,30500,0
20091124,0.02,0.021,0.02,0.021,10000,0
20091125,0.021,0.021,0.02,0.021,11001,0
20091201,0.02,0.021,0.016,0.021,250,0
20091202,0.021,0.021,0.016,0.021,2,0
20091207,0.016,0.02,0.007,0.007,1000,0
20091208,0.02,0.022,0.006,0.022,863,0
20091209,0.02,0.021,0.02,0.021,270,0
20091210,0.02,0.021,0.02,0.02,30405,0
20091214,0.015,0.016,0.01,0.016,700,0
20091215,0.015,0.016,0.01,0.016,11400,0
20091217,0.014,0.017,0.014,0.017,60000,0
20091218,0.015,0.017,0.015,0.017,280,0
20091222,0.014,0.017,0.014,0.017,117,0
20091223,0.015,0.017,0.015,0.017,1001,0
20091229,0.014,0.017,0.014,0.017,1200,0
20091230,0.015,0.017,0.015,0.017,3948,0
20100104,0.015,0.016,0.015,0.016,10000,0
20100108,0.014,0.03,0.014,0.03,141000,0
20100111,0.027,0.03,0.027,0.03,15225,0
20100120,0.014,0.017,0.014,0.017,2202,0
20100121,0.015,0.017,0.015,0.017,200,0
20100125,0.014,0.017,0.01,0.017,5000,0
20100129,0.014,0.017,0.01,0.017,13000,0
20100201,0.015,0.017,0.01,0.014,392,0
20100202,0.015,0.017,0.01,0.017,765,0
20100203,0.015,0.017,0.01,0.017,500,0
20100204,0.015,0.016,0.01,0.01,10000,0
20100208,0.014,0.015,0.01,0.015,100,0
20100212,0.014,0.016,0.01,0.016,2000,0
20100215,0.014,0.016,0.01,0.016,200,0
20100217,0.014,0.016,0.014,0.016,4208,0
20100218,0.014,0.026,0.014,0.026,22000,0
20100219,0.023,0.023,0.022,0.022,79000,0
20100226,0.013,0.015,0.013,0.013,1000,0
20100303,0.014,0.017,0.01,0.016,900,0
20100304,0.015,0.016,0.006,0.006,500,0
20100305,0.014,0.017,0.006,0.017,20,0
20100308,0.006,0.015,0.006,0.012,10,0
20100310,0.014,0.015,0.01,0.01,50000,0
20100311,0.014,0.016,0.01,0.016,400,0
20100312,0.014,0.016,0.011,0.011,100240,0
20100316,0.012,0.014,0.012,0.014,50,0
20100317,0.013,0.016,0.013,0.016,3000,0
20100319,0.012,0.015,0.012,0.014,15100,0
20100323,0.013,0.02,0.013,0.019,202101,0
20100324,0.02,0.02,0.014,0.014,130,0
20100325,0.015,0.02,0.014,0.02,50000,0
20100326,0.014,0.016,0.014,0.016,250,0
20100330,0.015,0.016,0.015,0.016,15000,0
20100401,0.014,0.016,0.012,0.013,113100,0
20100406,0.012,0.019,0.012,0.013,1200,0
20100407,0.012,0.013,0.012,0.013,4700,0
20100408,0.012,0.022,0.012,0.022,70000,0
20100413,0.013,0.02,0.013,0.02,550,0
20100414,0.018,0.02,0.013,0.014,1200,0
20100415,0.015,0.02,0.013,0.019,70450,0
20100419,0.018,0.02,0.012,0.018,2000,0
20100420,0.016,0.02,0.012,0.019,19500,0
20100421,0.017,0.017,0.013,0.016,3800,0
20100422,0.014,0.02,0.013,0.02,60000,0
20100426,0.019,0.019,0.015,0.015,400,0
20100503,0.014,0.016,0.014,0.016,1500,0
20100506,0.014,0.019,0.014,0.018,13500,0
20100507,0.018,0.019,0.018,0.019,5000,0
20100510,0.017,0.019,0.017,0.019,2500,0
20100512,0.016,0.019,0.013,0.013,2522,0
20100514,0.016,0.025,0.016,0.025,1000,0
20100518,0.016,0.02,0.015,0.015,100000,0
20100531,0.016,0.017,0.015,0.017,100,0
20100616,0.014,0.02,0.01,0.02,51000,0
20100617,0.017,0.018,0.015,0.018,150000,0
20100618,0.018,0.024,0.015,0.024,10000,0
20100621,0.022,0.022,0.015,0.02,52000,0
20100622,0.018,0.019,0.018,0.018,7000,0
20100628,0.016,0.019,0.016,0.019,500,0
20100702,0.014,0.016,0.01,0.01,3000,0
20100705,0.014,0.016,0.014,0.016,1000,0
20100708,0.014,0.018,0.014,0.018,20070,0
20100715,0.015,0.018,0.015,0.016,2000,0
20100720,0.015,0.017,0.015,0.017,30000,0
20100728,0.014,0.017,0.014,0.017,7000,0
20100730,0.014,0.017,0.014,0.016,1000,0
20100803,0.014,0.016,0.014,0.015,300,0
20100804,0.014,0.017,0.014,0.017,60000,0
20100810,0.013,0.015,0.012,0.015,30000,0
20100811,0.014,0.016,0.014,0.016,1000,0
20100812,0.014,0.016,0.014,0.016,1000,0
20100817,0.014,0.016,0.014,0.016,100,0
20100818,0.014,0.016,0.014,0.016,730,0
20100819,0.014,0.016,0.014,0.016,50,0
20100830,0.014,0.017,0.014,0.015,2000,0
20100901,0.014,0.016,0.014,0.015,2750,0
20100902,0.014,0.015,0.01,0.01,400,0
20100903,0.013,0.014,0.01,0.011,3000,0
20100910,0.013,0.018,0.013,0.018,10100,0
20100913,0.016,0.017,0.016,0.017,60000,0
20100917,0.015,0.027,0.013,0.027,5000,0
20100920,0.024,0.024,0.015,0.015,300,0
20100922,0.015,0.017,0.015,0.017,30844,0
20100923,0.015,0.022,0.015,0.019,5100,0
20100924,0.017,0.023,0.016,0.023,44000,0
20100927,0.021,0.021,0.015,0.015,40000,0
20100929,0.014,0.02,0.014,0.019,200,0
20100930,0.017,0.02,0.012,0.012,1000,0
20101004,0.016,0.019,0.016,0.019,1950,0
20101005,0.017,0.02,0.015,0.015,2000,0
20101006,0.017,0.02,0.015,0.015,3500,0
20101008,0.016,0.021,0.016,0.018,90,0
20101013,0.016,0.02,0.016,0.02,400,0
20101014,0.018,0.025,0.017,0.017,26000,0
20101015,0.015,0.02,0.015,0.015,12000,0
20101019,0.014,0.02,0.014,0.018,500,0
20101020,0.016,0.025,0.016,0.025,15000,0
20101021,0.023,0.029,0.017,0.029,41200,0
20101022,0.026,0.039,0.024,0.039,581599,0
20101025,0.039,0.052,0.026,0.039,197499,0
20101026,0.035,0.054,0.035,0.04,240100,0
20101027,0.036,0.04,0.025,0.028,65600,0
20101028,0.025,0.03,0.025,0.026,2898,0
20101102,0.023,0.027,0.023,0.027,43000,0
20101103,0.024,0.035,0.024,0.035,26000,0
20101104,0.024,0.05,0.024,0.026,3499,0
20101108,0.024,0.025,0.024,0.025,106985,0
20101109,0.029,0.029,0.02,0.027,10000,0
20101111,0.018,0.031,0.018,0.031,45001,0
20101112,0.027,0.027,0.02,0.02,199800,0
20101115,0.024,0.025,0.018,0.024,101000,0
20101117,0.019,0.025,0.019,0.021,100,0
20101122,0.019,0.025,0.019,0.021,300,0
20101129,0.017,0.018,0.017,0.018,3000,0
20101130,0.03,0.031,0.018,0.031,8830,0
20101202,0.02,0.022,0.02,0.021,12200,0
20101206,0.02,0.023,0.02,0.023,5000,0
20101207,0.021,0.025,0.021,0.025,10000,0
20101208,0.023,0.025,0.023,0.024,101100,0
20101214,0.021,0.024,0.015,0.015,5300,0
20101216,0.021,0.025,0.021,0.025,8830,0
20101217,0.023,0.025,0.022,0.023,21100,0
20101220,0.023,0.025,0.023,0.025,10000,0
20101222,0.022,0.025,0.022,0.025,100,0
20101223,0.028,0.028,0.023,0.023,601,0
20101227,0.023,0.024,0.016,0.016,30400,0
20101228,0.022,0.023,0.022,0.023,50000,0
20101229,0.021,0.023,0.02,0.023,330,0
20101230,0.021,0.022,0.018,0.018,11500,0
20110105,0.018,0.028,0.018,0.028,19400,0
20110106,0.018,0.028,0.018,0.028,49150,0
20110107,0.025,0.028,0.025,0.028,2000,0
20110111,0.024,0.028,0.024,0.028,5000,0
20110112,0.025,0.032,0.018,0.032,400,0
20110113,0.029,0.032,0.02,0.032,10500,0
20110114,0.029,0.032,0.02,0.031,12700,0
20110117,0.028,0.028,0.018,0.024,51600,0
20110121,0.018,0.021,0.015,0.021,125500,0
20110124,0.019,0.021,0.019,0.019,1700,0
20110125,0.019,0.02,0.019,0.019,1200,0
20110126,0.018,0.021,0.018,0.021,1500,0
20110127,0.019,0.027,0.019,0.027,65000,0
20110128,0.024,0.027,0.02,0.027,11300,0
20110131,0.024,0.024,0.018,0.018,1000,0
20110204,0.019,0.021,0.019,0.019,600,0
20110207,0.019,0.029,0.019,0.029,1000,0
20110208,0.026,0.035,0.025,0.026,80500,0
20110209,0.023,0.035,0.022,0.022,500,0
20110211,0.023,0.025,0.02,0.02,3710,0
20110216,0.02,0.033,0.02,0.033,100,0
20110221,0.02,0.024,0.02,0.023,50,0
20110222,0.021,0.024,0.02,0.024,5400,0
20110223,0.022,0.023,0.021,0.023,51050,0
20110225,0.021,0.023,0.02,0.02,20500,0
20110301,0.021,0.021,0.02,0.02,350,0
20110302,0.019,0.021,0.019,0.021,5030,0
20110304,0.021,0.032,0.021,0.032,5000,0
20110307,0.021,0.03,0.021,0.022,35000,0
20110309,0.021,0.024,0.021,0.023,10000,0
20110314,0.021,0.023,0.02,0.02,1000,0
20110315,0.021,0.024,0.021,0.023,36000,0
20110316,0.021,0.024,0.021,0.021,15300,0
20110322,0.021,0.024,0.021,0.024,2740,0
20110323,0.022,0.033,0.022,0.033,18319,0
20110325,0.021,0.025,0.021,0.024,20000,0
20110328,0.022,0.03,0.02,0.02,20103,0
20110329,0.022,0.03,0.022,0.024,4000,0
20110331,0.021,0.03,0.021,0.029,1000,0
20110412,0.02,0.03,0.02,0.028,998,0
20110414,0.023,0.03,0.021,0.03,10000,0
20110418,0.023,0.03,0.021,0.021,15060,0
20110421,0.019,0.03,0.019,0.027,20295,0
20110429,0.02,0.029,0.019,0.019,4000,0
20110502,0.02,0.02,0.015,0.015,100,0
20110503,0.02,0.02,0.016,0.016,60,0
20110505,0.018,0.026,0.018,0.026,10000,0
20110509,0.023,0.026,0.016,0.018,33000,0
20110510,0.016,0.017,0.015,0.015,150,0
20110516,0.018,0.021,0.017,0.021,1000,0
20110518,0.018,0.03,0.016,0.03,11500,0
20110519,0.018,0.03,0.016,0.017,67000,0
20110524,0.017,0.02,0.017,0.02,1500,0
20110525,0.018,0.021,0.018,0.021,30,0
20110530,0.019,0.022,0.019,0.022,46000,0
20110531,0.02,0.025,0.02,0.021,18200,0
20110603,0.025,0.026,0.016,0.016,700,0
20110606,0.026,0.026,0.016,0.018,800,0
20110607,0.016,0.03,0.016,0.03,44300,0
20110608,0.027,0.027,0.016,0.016,2000,0
20110609,0.023,0.023,0.016,0.017,4800,0
20110610,0.025,0.025,0.016,0.017,222,0
20110613,0.025,0.029,0.016,0.029,3000,0
20110617,0.02,0.021,0.016,0.021,400,0
20110623,0.021,0.021,0.016,0.021,1,0
20110624,0.021,0.021,0.016,0.017,45000,0
20110629,0.017,0.017,0.017,0.017,134552,0
20110704,0.02,0.02,0.016,0.018,2100,0
20110705,0.02,0.021,0.019,0.02,5250,0
20110706,0.021,0.021,0.02,0.021,1500,0
20110707,0.021,0.022,0.021,0.021,2700,0
20110712,0.022,0.03,0.02,0.021,29000,0
20110713,0.021,0.03,0.021,0.03,43342,0
20110714,0.029,0.03,0.019,0.021,21200,0
20110715,0.029,0.03,0.019,0.021,200200,0
20110718,0.03,0.03,0.022,0.022,210000,0
20110720,0.018,0.022,0.015,0.022,221002,0
20110722,0.023,0.023,0.023,0.023,76100,0
20110725,0.04,0.04,0.024,0.025,25000,0
20110728,0.024,0.024,0.023,0.023,62800,0
20110729,0.056,0.056,0.022,0.025,125178,0
20110801,0.026,0.026,0.019,0.019,11000,0
20110802,0.024,0.024,0.024,0.024,26178,0
20110803,0.025,0.032,0.024,0.025,25000,0
20110804,0.025,0.025,0.021,0.024,3500,0
20110805,0.025,0.025,0.024,0.024,83500,0
20110808,0.037,0.037,0.027,0.03,16200,0
20110809,0.037,0.037,0.025,0.025,5000,0
20110811,0.027,0.029,0.026,0.026,1000,0
20110812,0.029,0.03,0.028,0.028,10000,0
20110816,0.03,0.03,0.028,0.028,123000,0
20110818,0.038,0.038,0.029,0.03,11000,0
20110819,0.034,0.039,0.029,0.029,20,0
20110824,0.037,0.04,0.028,0.028,34047,0
20110830,0.04,0.04,0.028,0.04,1000,0
20110831,0.041,0.041,0.028,0.028,60985,0
20110902,0.028,0.029,0.028,0.029,64,0
20110905,0.03,0.03,0.027,0.03,1050,0
20110909,0.03,0.03,0.028,0.03,2500,0
20110912,0.03,0.03,0.029,0.03,5250,0
20110919,0.03,0.031,0.03,0.031,1050,0
20110922,0.031,0.031,0.03,0.031,25,0
20110923,0.031,0.031,0.025,0.028,100,0
20110926,0.031,0.031,0.028,0.029,9001,0
20110927,0.029,0.029,0.028,0.029,3000,0
20110930,0.029,0.029,0.028,0.028,2000,0
20111003,0.029,0.029,0.028,0.029,2350,0
20111020,0.03,0.03,0.025,0.025,210,0
20111031,0.039,0.039,0.025,0.025,1000,0
20111104,0.027,0.027,0.025,0.027,10000,0
20111114,0.027,0.027,0.025,0.025,50000,0
20111115,0.025,0.025,0.02,0.022,450,0
20111122,0.028,0.028,0.025,0.028,300,0
20111123,0.028,0.035,0.025,0.035,6515,0
20111124,0.035,0.035,0.02,0.02,10000,0
20111129,0.03,0.03,0.021,0.021,3800,0
20111206,0.028,0.047,0.021,0.047,30500,0
20111207,0.027,0.053,0.025,0.053,1315228,0
20111208,0.046,0.059,0.033,0.037,166800,0
20111209,0.037,0.037,0.03,0.03,166000,0
20111212,0.031,0.031,0.027,0.031,35000,0
20111213,0.031,0.031,0.025,0.026,129500,0
20111214,0.026,0.03,0.022,0.03,121667,0
20111215,0.03,0.03,0.022,0.025,200,0
20111216,0.025,0.026,0.022,0.026,800,0
20111220,0.026,0.026,0.025,0.025,3000,0
20111229,0.026,0.026,0.022,0.024,30000,0
20120102,0.024,0.024,0.022,0.022,40000,0
20120104,0.022,0.022,0.019,0.021,10000,0
20120106,0.022,0.026,0.021,0.025,8649,0
20120109,0.026,0.026,0.022,0.022,200,0
20120110,0.026,0.026,0.025,0.026,300,0
20120111,0.026,0.026,0.025,0.025,40,0
20120112,0.026,0.026,0.025,0.026,1000,0
20120113,0.026,0.026,0.025,0.026,400,0
20120116,0.026,0.026,0.022,0.022,650,0
20120117,0.026,0.035,0.022,0.035,23000,0
20120119,0.026,0.035,0.026,0.031,9000,0
20120123,0.035,0.035,0.024,0.024,3500,0
20120124,0.026,0.027,0.026,0.027,2000,0
20120125,0.027,0.027,0.023,0.023,3900,0
20120126,0.027,0.03,0.026,0.027,38900,0
20120130,0.027,0.027,0.026,0.026,32354,0
20120131,0.026,0.027,0.026,0.027,1050,0
20120202,0.027,0.027,0.022,0.022,17000,0
20120206,0.027,0.032,0.026,0.032,10440,0
20120207,0.032,0.032,0.02,0.02,5000,0
20120209,0.032,0.032,0.022,0.027,4001,0
20120213,0.027,0.027,0.022,0.022,2744,0
20120215,0.027,0.032,0.022,0.032,26000,0
20120216,0.032,0.032,0.019,0.019,1000,0
20120220,0.032,0.032,0.019,0.019,500,0
20120221,0.026,0.026,0.023,0.026,47646,0
20120224,0.026,0.026,0.021,0.022,2524,0
20120229,0.023,0.023,0.018,0.022,5295,0
20120306,0.028,0.033,0.022,0.033,140000,0
20120307,0.024,0.024,0.02,0.023,16000,0
20120312,0.023,0.025,0.021,0.021,1420,0
20120314,0.025,0.026,0.022,0.026,10000,0
20120315,0.026,0.026,0.02,0.023,500,0
20120326,0.023,0.023,0.021,0.021,33500,0
20120330,0.023,0.023,0.021,0.023,1000,0
20120402,0.023,0.023,0.018,0.021,297169,0
20120412,0.023,0.023,0.017,0.017,2000,0
20120413,0.023,0.023,0.02,0.021,107489,0
20120416,0.021,0.021,0.018,0.021,500,0
20120417,0.021,0.024,0.015,0.024,11682,0
20120419,0.024,0.024,0.018,0.021,1000,0
20120424,0.021,0.021,0.016,0.016,100,0
20120430,0.02,0.026,0.02,0.026,10282,0
20120504,0.021,0.021,0.018,0.018,1500,0
20120507,0.021,0.021,0.018,0.02,7000,0
20120508,0.021,0.026,0.01,0.026,58608,0
20120509,0.026,0.026,0.018,0.018,1000,0
20120514,0.026,0.026,0.015,0.015,400,0
20120515,0.026,0.026,0.018,0.018,900,0
20120518,0.021,0.021,0.018,0.018,500,0
20120529,0.018,0.018,0.015,0.015,500,0
20120530,0.018,0.021,0.015,0.018,850,0
20120601,0.024,0.025,0.018,0.024,2000,0
20120606,0.025,0.025,0.018,0.018,42511,0
20120608,0.024,0.024,0.018,0.018,15000,0
20120611,0.029,0.029,0.02,0.02,10350,0
20120619,0.025,0.026,0.025,0.025,500,0
20120621,0.025,0.027,0.025,0.027,4000,0
20120626,0.027,0.031,0.027,0.031,40000,0
20120627,0.031,0.031,0.024,0.024,600,0
20120629,0.027,0.04,0.021,0.04,123667,0
20120702,0.04,0.04,0.027,0.027,1226379,0
20120703,0.03,0.031,0.02,0.031,82942,0
20120704,0.031,0.034,0.022,0.022,51000,0
20120706,0.022,0.03,0.02,0.02,15000,0
20120709,0.025,0.03,0.02,0.028,25800,0
20120710,0.029,0.032,0.02,0.032,93049,0
20120712,0.032,0.032,0.018,0.019,30000,0
20120713,0.019,0.022,0.019,0.022,1100,0
20120716,0.022,0.031,0.019,0.031,13900,0
20120717,0.031,0.038,0.019,0.038,11000,0
20120718,0.026,0.03,0.019,0.026,15811,0
20120720,0.026,0.03,0.019,0.029,5700,0
20120723,0.029,0.029,0.019,0.019,3000,0
20120724,0.029,0.03,0.019,0.03,93000,0
20120725,0.03,0.03,0.019,0.022,100000,0
20120730,0.022,0.022,0.018,0.018,15000,0
20120801,0.02,0.024,0.018,0.024,5000,0
20120802,0.024,0.024,0.018,0.021,24000,0
20120806,0.021,0.023,0.018,0.023,880,0
20120807,0.023,0.023,0.015,0.015,470,0
20120809,0.023,0.023,0.015,0.015,90,0
20120810,0.023,0.023,0.018,0.018,560,0
20120813,0.023,0.023,0.018,0.019,20100,0
20120815,0.019,0.019,0.018,0.019,14000,0
20120817,0.019,0.019,0.018,0.019,250,0
20120821,0.018,0.027,0.018,0.027,5500,0
20120822,0.026,0.026,0.018,0.019,11100,0
20120823,0.016,0.019,0.015,0.019,120,0
20120827,0.019,0.019,0.015,0.019,8500,0
20120828,0.016,0.019,0.016,0.019,5000,0
20120830,0.019,0.019,0.015,0.018,3500,0
20120905,0.018,0.018,0.015,0.018,200,0
20120906,0.018,0.018,0.015,0.015,140,0
20120907,0.018,0.019,0.015,0.018,440,0
20120910,0.019,0.019,0.015,0.019,10000,0
20120911,0.019,0.02,0.015,0.02,18500,0
20120913,0.02,0.02,0.015,0.019,2200,0
20120920,0.019,0.019,0.015,0.015,7500,0
20120925,0.018,0.019,0.018,0.018,3500,0
20120926,0.018,0.019,0.018,0.019,690,0
20120928,0.019,0.019,0.015,0.018,91080,0
20121001,0.018,0.018,0.018,0.018,81000,0
20121004,0.02,0.02,0.013,0.02,55750,0
20121005,0.02,0.02,0.012,0.019,750,0
20121008,0.019,0.024,0.012,0.024,4000,0
20121009,0.018,0.019,0.012,0.019,500,0
20121011,0.019,0.022,0.015,0.015,3000,0
20121018,0.015,0.016,0.015,0.016,5000,0
20121019,0.016,0.016,0.015,0.015,500,0
20121029,0.015,0.015,0.014,0.014,300,0
20121101,0.015,0.016,0.015,0.016,130,0
20121106,0.016,0.016,0.015,0.016,2500,0
20121109,0.018,0.019,0.015,0.015,17000,0
20121112,0.019,0.019,0.015,0.019,11500,0
20121113,0.019,0.019,0.015,0.015,18000,0
20121114,0.018,0.019,0.015,0.019,300,0
20121121,0.012,0.018,0.01,0.015,4500,0
20121126,0.015,0.015,0.012,0.015,1000,0
20121130,0.015,0.018,0.015,0.015,5000,0
20121204,0.015,0.016,0.013,0.016,2000,0
20121210,0.015,0.016,0.015,0.016,11000,0
20121213,0.016,0.016,0.011,0.011,20000,0
20121214,0.011,0.018,0.011,0.018,390,0
20121217,0.018,0.018,0.01,0.011,60050,0
20130102,0.011,0.012,0.006,0.012,5200,0
20130104,0.012,0.018,0.011,0.018,20000,0
20130110,0.018,0.018,0.014,0.014,14000,0
20130114,0.018,0.018,0.014,0.015,850,0
20130115,0.018,0.02,0.014,0.02,101480,0
20130117,0.02,0.02,0.014,0.016,2500,0
20130121,0.017,0.018,0.015,0.015,5450,0
20130122,0.018,0.018,0.017,0.018,48410,0
20130124,0.018,0.018,0.014,0.015,300,0
20130128,0.018,0.018,0.014,0.015,300,0
20130129,0.018,0.018,0.014,0.015,200,0
20130131,0.018,0.018,0.014,0.018,780,0
20130201,0.018,0.018,0.016,0.018,2500,0
20130204,0.019,0.019,0.017,0.017,5500,0
20130206,0.019,0.022,0.017,0.021,4420,0
20130207,0.022,0.028,0.022,0.028,15500,0
20130212,0.021,0.021,0.017,0.02,16000,0
20130213,0.021,0.022,0.017,0.022,6000,0
20130214,0.022,0.022,0.017,0.022,250,0
20130219,0.022,0.024,0.011,0.024,2610,0
20130220,0.026,0.041,0.025,0.041,177340,0
20130221,0.041,0.041,0.026,0.028,15000,0
20130222,0.019,0.03,0.019,0.02,20000,0
20130304,0.028,0.028,0.018,0.022,1320,0
20130305,0.022,0.022,0.018,0.022,970,0
20130306,0.022,0.022,0.017,0.022,300,0
20130307,0.022,0.022,0.015,0.015,500,0
20130308,0.022,0.022,0.012,0.012,6000,0
20130311,0.02,0.02,0.018,0.018,1000,0
20130312,0.018,0.018,0.015,0.015,50,0
20130313,0.018,0.018,0.017,0.017,30000,0
20130314,0.017,0.018,0.01,0.015,8100,0
20130318,0.018,0.02,0.015,0.02,10000,0
20130319,0.018,0.018,0.015,0.015,3000,0
20130320,0.018,0.018,0.015,0.015,500,0
20130322,0.018,0.018,0.017,0.018,500,0
20130325,0.018,0.018,0.018,0.018,8800,0
20130327,0.018,0.018,0.018,0.018,500,0
20130402,0.018,0.018,0.006,0.006,4000,0
20130408,0.018,0.018,0.015,0.015,5200,0
20130411,0.015,0.015,0.007,0.007,150,0
20130416,0.015,0.016,0.015,0.016,30000,0
20130422,0.016,0.016,0.008,0.008,100,0
20130429,0.028,0.034,0.028,0.034,15500,0
20130430,0.028,0.034,0.028,0.034,5000,0
20130508,0.017,0.024,0.017,0.024,28740,0
20130513,0.024,0.024,0.021,0.021,70893,0
20130515,0.023,0.023,0.014,0.014,1200,0
20130517,0.014,0.024,0.014,0.024,55100,0
20130527,0.018,0.02,0.018,0.02,2000,0
20130528,0.02,0.03,0.02,0.02,47051,0
20130529,0.02,0.02,0.016,0.016,10000,0
20130531,0.016,0.02,0.016,0.016,400,0
20130603,0.016,0.02,0.004,0.004,50,0
20130605,0.016,0.016,0.004,0.016,10000,0
20130612,0.016,0.018,0.016,0.018,3000,0
20130613,0.018,0.018,0.018,0.018,500,0
20130614,0.018,0.018,0.018,0.018,7500,0
20130620,0.017,0.019,0.014,0.019,500,0
20130624,0.017,0.017,0.014,0.016,21190,0
20130625,0.016,0.016,0.014,0.016,150,0
20130702,0.014,0.016,0.014,0.016,40,0
20130708,0.014,0.016,0.014,0.016,100,0
20130709,0.016,0.016,0.014,0.016,200,0
20130712,0.016,0.016,0.014,0.016,50,0
20130718,0.014,0.016,0.014,0.016,300,0
20130723,0.014,0.014,0.014,0.014,50000,0
20130725,0.014,0.016,0.01,0.014,210500,0
20130729,0.014,0.02,0.01,0.02,50000,0
20130822,0.014,0.02,0.01,0.01,300,0
20130830,0.014,0.014,0.005,0.005,2000,0
20130909,0.005,0.006,0.005,0.006,65000,0
20130910,0.006,0.006,0.005,0.006,113840,0
20130912,0.01,0.018,0.006,0.018,112276,0
20130913,0.01,0.012,0.01,0.012,104000,0
20130917,0.029,0.029,0.012,0.025,1000,0
20130918,0.025,0.03,0.025,0.03,23000,0
20130919,0.029,0.029,0.015,0.015,1000,0
20130923,0.012,0.012,0.01,0.012,3000,0
20130924,0.012,0.013,0.012,0.013,670,0
20130925,0.013,0.013,0.012,0.012,3000,0
20130926,0.012,0.013,0.012,0.013,500,0
20130930,0.012,0.012,0.01,0.01,100,0
20131004,0.01,0.01,0.008,0.008,200,0
20131011,0.01,0.01,0.01,0.01,300,0
20131015,0.02,0.02,0.01,0.01,2000,0
20131016,0.02,0.02,0.01,0.01,610,0
20131018,0.015,0.015,0.01,0.015,200,0
20131021,0.015,0.016,0.015,0.015,500,0
20131022,0.015,0.015,0.015,0.015,1,0
20131030,0.015,0.016,0.015,0.016,4750,0
20131031,0.016,0.016,0.015,0.015,301,0
20131101,0.01,0.02,0.01,0.01,10831,0
20131104,0.01,0.013,0.01,0.013,450,0
20131105,0.012,0.012,0.012,0.012,10000,0
20131108,0.012,0.013,0.012,0.013,2000,0
20131118,0.012,0.013,0.01,0.013,5600,0
20131121,0.012,0.013,0.012,0.013,800,0
20131122,0.012,0.012,0.012,0.012,2500,0
20131127,0.012,0.013,0.01,0.012,16300,0
20131128,0.012,0.013,0.012,0.013,4000,0
20131129,0.012,0.012,0.009,0.012,1700,0
20131202,0.012,0.012,0.009,0.012,1100,0
20131205,0.014,0.014,0.01,0.014,2100,0
20131210,0.014,0.014,0.009,0.009,600,0
20131212,0.023,0.023,0.009,0.014,1000,0
20131213,0.023,0.023,0.009,0.01,330,0
20131216,0.023,0.023,0.009,0.014,930,0
20131217,0.023,0.029,0.009,0.029,40000,0
20131218,0.009,0.031,0.009,0.023,35257,0
20131219,0.023,0.023,0.014,0.014,1370,0
20131220,0.01,0.023,0.01,0.023,600,0
20131227,0.014,0.017,0.014,0.017,3050,0
20131230,0.016,0.024,0.01,0.011,30730,0
20140102,0.016,0.016,0.011,0.016,10,0
20140103,0.018,0.019,0.011,0.019,360,0
20140108,0.02,0.02,0.015,0.015,1000,0
20140109,0.033,0.033,0.016,0.016,100,0
20140110,0.018,0.018,0.018,0.018,100,0
20140114,0.033,0.033,0.015,0.015,100,0
20140115,0.018,0.022,0.018,0.022,44243,0
20140116,0.033,0.033,0.019,0.023,10000,0
20140117,0.022,0.033,0.022,0.022,10000,0
20140121,0.022,0.023,0.022,0.023,2100,0
20140122,0.022,0.033,0.019,0.019,680,0
20140123,0.022,0.028,0.019,0.028,5000,0
20140124,0.019,0.033,0.019,0.023,22780,0
20140127,0.023,0.025,0.023,0.024,1500,0
20140128,0.023,0.023,0.022,0.023,9000,0
20140130,0.022,0.034,0.022,0.027,63000,0
20140131,0.022,0.027,0.019,0.023,1700,0
20140203,0.027,0.027,0.02,0.026,20,0
20140204,0.026,0.026,0.02,0.02,93000,0
20140207,0.021,0.021,0.011,0.021,200,0
20140210,0.021,0.021,0.007,0.007,122000,0
20140213,0.019,0.019,0.012,0.012,50500,0
20140214,0.019,0.019,0.01,0.019,72500,0
20140217,0.019,0.02,0.011,0.012,20,0
20140218,0.02,0.02,0.011,0.02,45770,0
20140220,0.021,0.024,0.011,0.022,11400,0
20140224,0.012,0.023,0.012,0.023,4402,0
20140225,0.022,0.022,0.021,0.021,2000,0
20140226,0.012,0.028,0.012,0.028,11597,0
20140228,0.02,0.021,0.02,0.02,20,0
20140312,0.013,0.03,0.013,0.014,500,0
20140317,0.031,0.031,0.012,0.031,500,0
20140318,0.031,0.031,0.031,0.031,300,0
20140320,0.031,0.031,0.022,0.022,150,0
20140326,0.015,0.031,0.015,0.031,1500,0
20140331,0.051,0.051,0.031,0.031,12000,0
20140407,0.013,0.03,0.013,0.03,50,0
20140422,0.013,0.03,0.013,0.014,1000,0
20140502,0.03,0.03,0.009,0.03,100,0
20140506,0.03,0.03,0.009,0.009,1000,0
20140507,0.03,0.03,0.009,0.03,200,0
20140508,0.03,0.03,0.014,0.014,89750,0
20140512,0.03,0.03,0.013,0.015,20700,0
20140513,0.014,0.014,0.013,0.013,3000,0
20140514,0.013,0.02,0.013,0.02,32100,0
20140515,0.02,0.026,0.013,0.016,1400,0
20140519,0.015,0.016,0.013,0.016,150,0
20140521,0.015,0.016,0.013,0.016,3500,0
20140523,0.014,0.02,0.013,0.02,8550,0
20140528,0.013,0.024,0.013,0.016,200,0
20140602,0.012,0.012,0.011,0.011,1000,0
20140611,0.03,0.03,0.013,0.03,15000,0
20140613,0.033,0.033,0.017,0.033,9100,0
20140616,0.033,0.045,0.02,0.02,2310,0
20140617,0.033,0.033,0.02,0.025,3000,0
20140623,0.033,0.033,0.02,0.02,50000,0
20140625,0.013,0.024,0.013,0.024,13000,0
20140627,0.032,0.032,0.017,0.032,7700,0
20140701,0.011,0.022,0.011,0.022,1500,0
20140708,0.03,0.03,0.011,0.012,11000,0
20140714,0.03,0.034,0.017,0.034,207472,0
20140715,0.047,0.048,0.022,0.031,129800,0
20140716,0.034,0.045,0.023,0.034,1000,0
20140717,0.028,0.028,0.025,0.027,5800,0
20140718,0.028,0.03,0.026,0.03,7200,0
20140721,0.034,0.034,0.026,0.033,11500,0
20140722,0.034,0.034,0.025,0.026,24000,0
20140723,0.034,0.034,0.025,0.03,500,0
20140729,0.034,0.034,0.024,0.032,119000,0
20140801,0.016,0.033,0.016,0.029,10000,0
20140811,0.033,0.035,0.015,0.025,107500,0
20140815,0.017,0.035,0.015,0.033,1000,0
20140818,0.033,0.033,0.017,0.033,1270,0
20140820,0.017,0.033,0.017,0.018,960,0
20140826,0.033,0.033,0.017,0.018,2000,0
20140828,0.019,0.034,0.019,0.034,100,0
20140829,0.034,0.035,0.02,0.035,1000,0
20140902,0.035,0.035,0.021,0.031,15000,0
20140911,0.035,0.035,0.016,0.021,379400,0
20140912,0.027,0.027,0.019,0.019,1450,0
20140916,0.027,0.032,0.021,0.032,350,0
20140917,0.03,0.039,0.027,0.039,79809,0
20140922,0.035,0.035,0.03,0.035,1450,0
20140924,0.035,0.035,0.03,0.035,100,0
20140926,0.039,0.039,0.029,0.029,7891,0
20141008,0.036,0.036,0.022,0.023,200,0
20141013,0.022,0.022,0.02,0.02,100000,0
20141016,0.025,0.03,0.012,0.025,14141,0
20141017,0.025,0.035,0.015,0.023,20000,0
20141020,0.024,0.027,0.014,0.022,1000,0
20141021,0.023,0.027,0.014,0.023,10300,0
20141023,0.023,0.023,0.014,0.016,105000,0
20141027,0.017,0.022,0.011,0.018,14000,0
20141103,0.018,0.022,0.011,0.018,10000,0
20141105,0.019,0.019,0.013,0.019,20000,0
20141110,0.013,0.019,0.013,0.014,200,0
20141112,0.013,0.019,0.013,0.019,10000,0
20141114,0.019,0.019,0.01,0.018,114000,0
20141117,0.02,0.02,0.009,0.018,1300,0
20141118,0.018,0.019,0.009,0.015,178250,0
20141121,0.015,0.018,0.013,0.018,136809,0
20141124,0.018,0.018,0.012,0.016,150,0
20141126,0.018,0.018,0.012,0.018,1000,0
20141127,0.018,0.018,0.012,0.018,5000,0
20141202,0.012,0.015,0.012,0.012,200,0
20141203,0.009,0.03,0.009,0.03,181350,0
20141204,0.033,0.033,0.015,0.033,15000,0
20141210,0.025,0.025,0.02,0.02,90100,0
20141212,0.02,0.02,0.01,0.02,100,0
20141217,0.01,0.02,0.01,0.011,1250,0
20141218,0.02,0.02,0.007,0.02,12500,0
20141222,0.007,0.025,0.007,0.025,12500,0
20150102,0.012,0.021,0.012,0.021,1500,0
20150112,0.012,0.021,0.012,0.013,600,0
20150114,0.021,0.021,0.012,0.021,500,0
20150115,0.012,0.027,0.012,0.021,1500,0
20150119,0.022,0.022,0.012,0.016,2000,0
20150121,0.009,0.016,0.009,0.016,720,0
20150122,0.016,0.016,0.009,0.016,200,0
20150123,0.016,0.019,0.009,0.016,4006,0
20150126,0.018,0.018,0.012,0.013,1860,0
20150127,0.012,0.018,0.011,0.018,12400,0
20150129,0.018,0.018,0.012,0.012,1000,0
20150202,0.018,0.018,0.012,0.018,1100,0
20150209,0.018,0.018,0.011,0.018,6556,0
20150212,0.018,0.018,0.011,0.018,6772,0
20150213,0.012,0.018,0.011,0.018,700,0
20150302,0.009,0.016,0.009,0.016,5000,0
20150306,0.01,0.017,0.008,0.017,1767,0
20150309,0.01,0.017,0.01,0.017,200,0
20150310,0.01,0.017,0.01,0.017,1000,0
20150311,0.017,0.017,0.017,0.017,500,0
20150312,0.017,0.017,0.017,0.017,27000,0
20150318,0.017,0.017,0.017,0.017,3000,0
20150319,0.017,0.017,0.008,0.008,8000,0
20150320,0.01,0.017,0.007,0.017,47397,0
20150323,0.01,0.017,0.01,0.017,30,0
20150325,0.01,0.018,0.01,0.017,100,0
20150326,0.017,0.017,0.017,0.017,30500,0
20150331,0.017,0.018,0.017,0.018,100,0
20150402,0.011,0.017,0.011,0.017,1000,0
20150413,0.011,0.012,0.011,0.012,320,0
20150415,0.011,0.012,0.011,0.012,170,0
20150417,0.011,0.011,0.011,0.011,20200,0
20150420,0.01,0.01,0.01,0.01,85000,0
20150505,0.01,0.01,0.01,0.01,6200,0
20150512,0.01,0.011,0.01,0.011,2000,0
20150515,0.01,0.011,0.01,0.011,916,0
20150522,0.01,0.01,0.01,0.01,5000,0
20150526,0.01,0.011,0.01,0.011,250,0
20150529,0.015,0.015,0.015,0.015,20000,0
20150602,0.01,0.01,0.01,0.01,500,0
20150612,0.012,0.012,0.012,0.012,12000,0
20150615,0.012,0.012,0.012,0.012,1450,0
20150616,0.012,0.012,0.012,0.012,5000,0
20150624,0.012,0.012,0.012,0.012,250,0
20150629,0.012,0.02,0.012,0.02,150000,0
20150702,0.013,0.019,0.013,0.019,46987,0
20150703,0.013,0.016,0.013,0.016,100000,0
20150708,0.013,0.014,0.013,0.014,2,0
20150730,0.014,0.015,0.014,0.015,250,0
20150803,0.014,0.014,0.014,0.014,1050,0
20150810,0.013,0.013,0.013,0.013,10000,0
20150813,0.013,0.017,0.013,0.017,3373,0
20150814,0.013,0.018,0.013,0.018,100,0
20151013,0.016,0.017,0.016,0.017,100,0
20151026,0.016,0.02,0.016,0.02,50000,0
20151103,0.016,0.016,0.016,0.016,9990,0
20151110,0.017,0.018,0.017,0.017,62450,0
20151117,0.011,0.012,0.011,0.012,1000,0
20151123,0.011,0.012,0.011,0.012,50,0
20151126,0.011,0.012,0.011,0.012,200,0
20151130,0.011,0.013,0.011,0.013,11000,0
20151202,0.012,0.013,0.012,0.013,430,0
20151203,0.012,0.027,0.012,0.027,10600,0
20151228,0.012,0.012,0.012,0.012,950,0
20160113,0.015,0.016,0.015,0.016,1427,0
20160119,0.014,0.015,0.014,0.015,350,0
20160120,0.014,0.015,0.014,0.015,2360,0
20160122,0.014,0.014,0.014,0.014,4000,0
20160125,0.014,0.014,0.014,0.014,2000,0
20160128,0.014,0.014,0.014,0.014,750,0
20160201,0.014,0.014,0.014,0.014,1000,0
20160205,0.002,0.003,0.002,0.003,130,0
20160222,0.006,0.007,0.006,0.007,680,0
20160226,0.006,0.007,0.006,0.007,736,0
20160323,0.006,0.007,0.006,0.007,200,0
20160324,0.006,0.007,0.006,0.007,150,0
20160407,0.006,0.006,0.006,0.006,1350,0
20160411,0.006,0.006,0.006,0.006,200,0
20160414,0.006,0.006,0.006,0.006,5000,0
20160420,0.006,0.006,0.006,0.006,100,0
20160426,0.006,0.007,0.006,0.007,1500,0
20160427,0.006,0.007,0.006,0.007,750,0
20160429,0.006,0.007,0.006,0.007,1000,0
20160511,0.006,0.006,0.006,0.006,1500,0
20160601,0.004,0.005,0.004,0.005,120,0
20160623,0.006,0.007,0.006,0.007,600,0
20160714,0.006,0.007,0.006,0.007,200,0
20160718,0.006,0.007,0.006,0.007,750,0
20160726,0.006,0.018,0.006,0.018,2000,0
20160802,0.006,0.006,0.006,0.006,10000,0
20160804,0.007,0.008,0.007,0.008,1500,0
20160808,0.009,0.009,0.009,0.009,15500,0
20160810,0.01,0.011,0.01,0.011,100,0
20160818,0.01,0.011,0.01,0.011,25,0
20160907,0.014,0.015,0.014,0.015,2000,0
20160912,0.014,0.015,0.014,0.015,20,0
20160927,0.014,0.014,0.014,0.014,100,0
20160928,0.014,0.014,0.01,0.01,44000,0
20161006,0.01,0.01,0.005,0.005,72800,0
20161020,0.004,0.005,0.004,0.005,160,0
20161024,0.006,0.006,0.006,0.006,20000,0
20161101,0.004,0.005,0.004,0.005,1000,0
20161111,0.004,0.005,0.004,0.005,1000,0
20161124,0.005,0.005,0.005,0.005,45000,0
20161128,0.004,0.004,0.004,0.004,2000,0
20161205,0.004,0.004,0.004,0.004,200,0
20161207,0.011,0.011,0.011,0.011,3500,0
20161212,0.004,0.004,0.004,0.004,1500,0
20161219,0.008,0.015,0.008,0.015,30950,0
20161220,0.015,0.02,0.015,0.02,67300,0
20161227,0.019,0.02,0.019,0.02,50,0
20161228,0.019,0.022,0.019,0.022,1000,0
20170103,0.02,0.02,0.016,0.016,178000,0
20170105,0.015,0.016,0.015,0.016,13333,0
20170106,0.015,0.016,0.015,0.016,200,0
20170113,0.007,0.008,0.007,0.008,10000,0
20170116,0.007,0.008,0.007,0.008,9400,0
20170131,0.007,0.008,0.007,0.008,110,0
20170201,0.007,0.007,0.007,0.007,200,0
20170202,0.007,0.024,0.007,0.008,530,0
20170209,0.007,0.007,0.007,0.007,12500,0
20170217,0.007,0.008,0.007,0.008,15000,0
20170220,0.008,0.008,0.008,0.008,500,0
20170221,0.007,0.022,0.007,0.007,21000,0
20170228,0.008,0.008,0.008,0.008,400,0
20170303,0.01,0.011,0.01,0.011,300,0
20170307,0.01,0.01,0.01,0.01,12000,0
20170309,0.01,0.01,0.01,0.01,3000,0
20170314,0.013,0.013,0.013,0.013,15000,0
20170316,0.008,0.009,0.008,0.009,200,0
20170320,0.008,0.036,0.008,0.009,1600,0
