Date,Open,High,Low,Close,Volume,OpenInt
20070222,2.44,2.44,2.44,2.44,207,0
20070223,2.11,2.11,2.11,2.11,103,0
20070227,2.44,2.44,2.44,2.44,516,0
20070306,2.27,2.27,2.27,2.27,104,0
20070308,2.41,2.41,2.41,2.41,413,0
20070312,2.32,2.32,2.32,2.32,207,0
20070330,2.26,2.26,2.26,2.26,621,0
20070403,2.3085,2.3085,2.26,2.26,722,0
20070404,2.2597,2.2597,2.2306,2.25,6702,0
20070405,2.2297,2.2297,2.22,2.22,413,0
20070410,2.23,2.23,2.23,2.23,516,0
20070411,2.166,2.166,2.0017,2.05,22648,0
20070412,2.0983,2.108,2.05,2.05,28025,0
20070413,2.1,2.1,2.1,2.1,103,0
20070416,2.1,2.1,2.1,2.1,517,0
20070417,2.0773,2.0773,1.8841,2,21632,0
20070418,1.94,1.94,1.94,1.94,722,0
20070419,1.9317,1.98,1.9317,1.98,2071,0
20070420,2,2,2,2,2070,0
20070423,2.0293,2.0293,1.9907,2.01,18316,0
20070424,2.01,2.01,2.01,2.01,103,0
20070425,2,2,2,2,1035,0
20070426,2.0519,2.11,2.0519,2.11,3100,0
20070427,2.03,2.03,2.03,2.03,1552,0
20070430,2.0316,2.08,2.0316,2.08,1550,0
20070502,2.0319,2.09,2.0319,2.09,413,0
20070503,2.08,2.08,2.08,2.08,1550,0
20070507,2.1,2.1,2.1,2.1,310,0
20070508,2.0293,2.0293,2.01,2.01,2070,0
20070509,1.9897,1.9897,1.98,1.98,2588,0
20070510,1.98,1.98,1.98,1.98,311,0
20070518,1.96,1.96,1.96,1.96,2267,0
20070521,2.03,2.03,2.03,2.03,1034,0
20070522,1.9463,2.14,1.9463,2.14,79519,0
20070523,2.11,2.11,2.11,2.11,5166,0
20070524,2.11,2.11,2.11,2.11,1033,0
20070525,2.133,2.23,2.133,2.23,7220,0
20070529,2.3063,2.3063,2.19,2.19,7430,0
20070530,2.1831,2.27,2.0285,2.27,12837,0
20070531,2.3247,2.47,2.3247,2.47,3200,0
20070601,2.369,2.369,2.34,2.34,2068,0
20070606,2.3,2.3,2.3,2.3,2587,0
20070607,2.3713,2.41,2.3713,2.41,4339,0
20070615,2.32,2.32,2.32,2.32,5690,0
20070618,2.36,2.36,2.36,2.36,103,0
20070621,2.27,2.27,2.27,2.27,518,0
20070622,2.42,2.42,2.42,2.42,310,0
20070625,2.34,2.34,2.34,2.34,207,0
20070626,2.419,2.419,2.39,2.39,620,0
20070627,2.387,2.387,2.3,2.3,4139,0
20070628,2.27,2.27,2.27,2.27,8282,0
20070629,2.0783,2.0783,2.03,2.03,71690,0
20070702,2.03,2.03,2.03,2.03,2586,0
20070703,2.1684,2.1684,2.12,2.12,1963,0
20070704,2.0422,2.11,2.0422,2.11,2066,0
20070705,2.0783,2.088,2.03,2.03,13862,0
20070706,2.03,2.03,2.03,2.03,22655,0
20070709,2.0307,2.0693,2.0307,2.05,5584,0
20070710,2.05,2.05,2.05,2.05,1034,0
20070711,2,2,2,2,1553,0
20070712,2.0493,2.059,2.03,2.03,6000,0
20070713,2.0307,2.05,2.0307,2.05,2068,0
20070716,2.1233,2.23,2.1233,2.23,8251,0
20070717,2.1306,2.1791,2.1306,2.15,2994,0
20070718,2.15,2.15,2.15,2.15,3614,0
20070719,2.2785,2.2785,2.23,2.23,2166,0
20070723,2.16,2.16,2.16,2.16,2065,0
20070724,2.08,2.08,2.08,2.08,620,0
20070727,2.1621,2.23,2.1621,2.23,6188,0
20070730,2.2168,2.2168,2.12,2.12,1550,0
20070806,2.03,2.03,2.03,2.03,207,0
20070807,2.08,2.08,2.08,2.08,413,0
20070809,2.13,2.13,2.13,2.13,103,0
20070814,2.03,2.03,2.03,2.03,103,0
20070815,2.08,2.08,2.08,2.08,1550,0
20070816,2.0622,2.13,2.0525,2.13,27371,0
20070817,2.0303,2.04,2.0303,2.04,10653,0
20070820,2.04,2.04,2.04,2.04,3310,0
20070824,2.03,2.03,2.03,2.03,103,0
20070830,2.0497,2.0497,2.04,2.04,724,0
20070831,2.12,2.12,2.12,2.12,1963,0
20070903,2.1,2.1,2.1,2.1,1033,0
20070907,2.0893,2.0893,2.07,2.07,16541,0
20070910,2.08,2.08,2.08,2.08,413,0
20070911,2.0993,2.0993,2.08,2.08,6409,0
20070912,2.11,2.11,2.11,2.11,517,0
20070913,2.08,2.08,2.08,2.08,827,0
20070917,2.08,2.08,2.08,2.08,517,0
20070918,2.08,2.1284,2.08,2.08,45481,0
20070919,2.05,2.05,2.05,2.05,103,0
20070924,2.08,2.08,2.08,2.08,207,0
20070925,2.09,2.09,2.09,2.09,2067,0
20071001,2.0787,2.0787,2.04,2.04,2689,0
20071004,2.11,2.11,2.11,2.11,1033,0
20071008,2.11,2.11,2.11,2.11,6199,0
20071009,2.1119,2.17,2.1119,2.17,7639,0
20071010,2.1778,2.1778,2.11,2.11,1136,0
20071011,2.2,2.2,2.2,2.2,310,0
20071012,2.2284,2.2284,2.18,2.18,3096,0
20071015,2.0919,2.15,2.0919,2.15,1755,0
20071016,2.13,2.13,2.13,2.13,103,0
20071017,2.2217,2.27,2.2217,2.27,12733,0
20071018,2.2926,2.37,2.2539,2.37,3515,0
20071019,2.37,2.37,2.37,2.37,103,0
20071022,2.3103,2.3393,2.291,2.32,5897,0
20071023,2.39,2.39,2.39,2.39,517,0
20071024,2.4584,2.5068,2.41,2.41,8885,0
20071025,2.5037,2.6487,2.5037,2.61,21414,0
20071026,2.6967,2.6967,2.5903,2.6,14174,0
20071029,2.6338,2.75,2.5854,2.75,17143,0
20071030,2.9,2.9967,2.8517,2.9,32172,0
20071031,2.9974,2.9974,2.92,2.92,9515,0
20071101,2.9887,2.9887,2.95,2.95,4446,0
20071102,2.9405,2.9405,2.5052,2.66,23985,0
20071105,2.707,2.7263,2.5813,2.62,3724,0
20071106,2.6654,2.6654,2.52,2.52,5675,0
20071107,2.599,2.657,2.57,2.57,3105,0
20071108,2.52,2.52,2.52,2.52,722,0
20071116,2.47,2.47,2.47,2.47,826,0
20071119,2.5184,2.5184,2.47,2.47,1962,0
20071120,2.4706,2.49,2.2865,2.49,17443,0
20071121,2.52,2.52,2.5006,2.52,10937,0
20071122,2.5158,2.5158,2.39,2.39,4754,0
20071123,2.26,2.26,2.26,2.26,722,0
20071127,2.356,2.4239,2.23,2.23,928,0
20071128,2.94,2.94,2.2147,2.94,1758,0
20071129,2.2888,2.2888,2.25,2.25,8249,0
20071130,2.3191,2.58,2.3191,2.58,5692,0
20071203,2.4974,2.4974,2.42,2.42,3099,0
20071204,2.5191,2.5288,2.49,2.49,6296,0
20071205,2.5465,2.5465,2.3044,2.44,8056,0
20071206,2.54,2.54,2.54,2.54,3094,0
20071211,2.5484,2.5484,2.5,2.5,1754,0
20071212,2.4216,2.47,2.3441,2.47,3304,0
20071218,2.55,2.55,2.55,2.55,1960,0
20071219,2.5729,2.66,2.5729,2.66,3825,0
20071220,2.67,2.67,2.67,2.67,1034,0
20071221,2.655,2.81,2.655,2.81,413,0
20071227,2.8097,2.8485,2.49,2.49,9186,0
20071228,2.4809,2.51,2.4034,2.51,10628,0
20080102,2.7474,2.7474,2.6603,2.67,1137,0
20080104,2.66,2.66,2.66,2.66,1034,0
20080107,2.5149,2.66,2.5052,2.66,6410,0
20080108,2.5343,2.66,2.5246,2.66,4445,0
20080109,2.47,2.47,2.2763,2.47,1755,0
20080110,2.466,2.466,2.35,2.35,724,0
20080111,2.47,2.47,2.3247,2.47,413,0
20080114,2.4184,2.4184,2.3023,2.37,517,0
20080115,2.41,2.41,2.41,2.41,2066,0
20080116,2.3219,2.3219,2.0316,2.08,11474,0
20080117,2.1,2.1,2.1,2.1,1963,0
20080121,1.9351,1.9351,1.7513,1.79,19844,0
20080122,1.7531,1.9856,1.7531,1.85,6504,0
20080123,1.83,1.83,1.83,1.83,1549,0
20080124,1.94,1.94,1.94,1.94,2474,0
20080125,1.8878,1.8878,1.7329,1.82,26651,0
20080128,1.8624,1.94,1.8624,1.94,515,0
20080129,1.8703,1.88,1.8509,1.88,3818,0
20080130,1.8384,1.8384,1.79,1.79,4547,0
20080131,1.84,1.8594,1.84,1.84,25918,0
20080201,1.8384,1.8384,1.79,1.79,18603,0
20080204,1.7303,1.74,1.7303,1.74,1345,0
20080205,1.7873,1.7873,1.71,1.71,22254,0
20080207,1.8294,1.8487,1.7906,1.81,7645,0
20080211,1.89,1.89,1.89,1.89,206,0
20080212,1.9006,1.92,1.9006,1.92,19491,0
20080213,1.9027,1.98,1.8544,1.98,4245,0
20080214,2.03,2.03,1.9913,2.03,6414,0
20080215,1.981,2.01,1.981,2.01,2484,0
20080218,1.9997,1.9997,1.99,1.99,2070,0
20080219,1.9288,1.9288,1.8706,1.89,1960,0
20080222,1.93,1.93,1.93,1.93,1856,0
20080225,2.0176,2.0176,1.94,1.94,619,0
20080228,1.9191,1.9191,1.89,1.89,206,0
20080229,1.89,1.89,1.89,1.89,206,0
20080303,1.81,1.81,1.81,1.81,1343,0
20080307,1.839,1.839,1.81,1.81,3616,0
20080310,1.86,1.86,1.86,1.86,516,0
20080314,1.8277,1.8277,1.731,1.76,15305,0
20080317,1.7332,1.83,1.7332,1.83,11774,0
20080319,1.84,1.84,1.84,1.84,207,0
20080320,1.86,1.86,1.86,1.86,1135,0
20080326,1.83,1.83,1.83,1.83,6300,0
20080328,1.74,1.74,1.74,1.74,103,0
20080331,1.8384,1.8384,1.7319,1.79,9715,0
20080401,1.7897,1.7897,1.78,1.78,4135,0
20080402,1.79,1.79,1.79,1.79,1654,0
20080403,1.81,1.81,1.81,1.81,1033,0
20080404,1.81,1.81,1.81,1.81,517,0
20080407,1.81,1.81,1.81,1.81,827,0
20080408,1.81,1.81,1.81,1.81,3616,0
20080411,1.78,1.78,1.78,1.78,2791,0
20080414,1.7,1.7,1.7,1.7,104,0
20080416,1.8,1.8,1.8,1.8,517,0
20080418,1.8034,1.91,1.8034,1.91,2888,0
20080421,1.8377,1.8377,1.77,1.77,517,0
20080425,1.77,1.77,1.77,1.77,1034,0
20080428,1.83,1.83,1.83,1.83,413,0
20080430,1.83,1.83,1.83,1.83,4131,0
20080506,1.8494,1.8494,1.83,1.83,5990,0
20080507,1.843,1.94,1.843,1.94,5876,0
20080508,1.9094,1.9094,1.89,1.89,6190,0
20080509,1.8997,1.9288,1.89,1.89,7429,0
20080512,1.89,1.89,1.89,1.89,516,0
20080514,1.8594,1.8594,1.84,1.84,4543,0
20080515,1.8597,1.8597,1.85,1.85,2168,0
20080516,1.8891,1.8891,1.86,1.86,1961,0
20080519,1.9006,1.92,1.9006,1.92,9591,0
20080520,1.93,1.93,1.93,1.93,103,0
20080521,1.8997,1.9675,1.89,1.89,3405,0
20080522,1.9021,1.96,1.9021,1.96,932,0
20080523,1.9388,1.9388,1.9,1.9,5364,0
20080526,1.9097,1.9097,1.9,1.9,2373,0
20080527,1.96,1.96,1.96,1.96,725,0
20080528,1.894,2.0197,1.894,2.01,6623,0
20080529,2.08,2.08,2.08,2.08,103,0
20080530,1.9891,1.9891,1.96,1.96,14429,0
20080603,1.91,1.91,1.91,1.91,4126,0
20080609,1.98,1.98,1.98,1.98,7455,0
20080610,1.92,1.92,1.92,1.92,1134,0
20080612,1.9882,1.9882,1.93,1.93,1753,0
20080613,1.96,1.96,1.96,1.96,2693,0
20080616,1.91,1.91,1.91,1.91,206,0
20080623,1.9078,1.9078,1.8206,1.84,26745,0
20080624,1.8515,1.9,1.8515,1.9,619,0
20080627,1.8506,1.87,1.8506,1.87,1548,0
20080630,1.87,1.87,1.87,1.87,2271,0
20080702,1.87,1.87,1.87,1.87,2167,0
20080703,1.87,1.87,1.87,1.87,2683,0
20080704,1.8709,1.9,1.8709,1.9,3095,0
20080708,1.87,1.87,1.87,1.87,619,0
20080711,1.8694,1.8694,1.85,1.85,7227,0
20080715,1.85,1.85,1.85,1.85,13938,0
20080716,1.84,1.84,1.84,1.84,413,0
20080717,1.8421,1.91,1.8421,1.91,4951,0
20080718,1.91,1.91,1.91,1.91,1547,0
20080721,1.87,1.87,1.87,1.87,310,0
20080723,1.9291,1.9291,1.8612,1.9,2579,0
20080724,1.8691,1.8691,1.84,1.84,8261,0
20080728,1.8424,1.92,1.8424,1.92,3919,0
20080819,1.84,1.8497,1.84,1.84,24886,0
20080821,1.8921,1.96,1.8921,1.96,8039,0
20080822,1.8894,1.8894,1.87,1.87,4644,0
20080825,1.89,1.89,1.89,1.89,825,0
20080827,1.95,1.95,1.95,1.95,309,0
20080829,1.89,1.89,1.89,1.89,2579,0
20080902,1.9406,1.96,1.9406,1.96,1855,0
20080903,1.95,1.95,1.95,1.95,515,0
20080905,1.89,1.89,1.89,1.89,1548,0
20080908,1.8915,1.94,1.8915,1.94,103,0
20080910,1.9024,1.97,1.7962,1.97,32205,0
20080912,1.89,1.89,1.89,1.89,929,0
20080915,1.89,1.89,1.89,1.89,2579,0
20080916,1.89,1.89,1.89,1.89,1238,0
20080917,1.89,1.89,1.89,1.89,2167,0
20080918,1.89,1.89,1.89,1.89,33016,0
20080919,1.9094,1.9094,1.89,1.89,1651,0
20080922,1.9,1.9,1.9,1.9,516,0
20080923,1.91,1.91,1.91,1.91,516,0
20080924,1.91,1.91,1.91,1.91,12068,0
20080925,1.91,1.91,1.91,1.91,103,0
20080926,1.89,1.89,1.89,1.89,1135,0
20080929,1.89,1.89,1.89,1.89,1651,0
20080930,1.8891,1.8891,1.86,1.86,8671,0
20081001,1.86,1.86,1.86,1.86,33032,0
20081002,1.8122,1.88,1.8122,1.88,413,0
20081003,1.84,1.84,1.84,1.84,516,0
20081006,1.84,1.84,1.84,1.84,7745,0
20081007,1.7983,1.7983,1.7307,1.75,11791,0
20081008,1.69,1.7479,1.69,1.69,2796,0
20081009,1.6913,1.73,1.6913,1.73,1759,0
20081010,1.6897,1.6993,1.68,1.68,5800,0
20081013,1.75,1.75,1.75,1.75,1758,0
20081014,1.7716,1.82,1.7716,1.82,4338,0
20081016,1.6839,1.8,1.6839,1.8,2480,0
20081021,1.68,1.68,1.68,1.68,518,0
20081024,1.6797,1.6797,1.67,1.67,4972,0
20081027,1.6791,1.6791,1.6112,1.65,4842,0
20081028,1.6112,1.65,1.6112,1.65,4533,0
20081031,1.7,1.7,1.7,1.7,1035,0
20081104,1.6807,1.7,1.6807,1.7,8282,0
20081105,1.72,1.72,1.72,1.72,207,0
20081113,1.61,1.61,1.5809,1.61,10311,0
20081114,1.61,1.61,1.61,1.61,412,0
20081118,1.59,1.59,1.59,1.59,1444,0
20081120,1.5638,1.67,1.5638,1.67,2590,0
20081124,1.71,1.71,1.71,1.71,518,0
20081127,1.6,1.6,1.6,1.6,6497,0
20081128,1.64,1.64,1.64,1.64,309,0
20081201,1.6009,1.63,1.6009,1.63,21335,0
20081202,1.8363,1.8363,1.6237,1.73,2690,0
20081204,1.6406,1.66,1.592,1.66,9889,0
20081208,1.72,1.72,1.72,1.72,103,0
20081209,1.72,1.72,1.72,1.72,4760,0
20081210,1.74,1.74,1.74,1.74,621,0
20081211,1.7467,1.7467,1.64,1.64,1134,0
20081212,1.633,1.72,1.633,1.72,621,0
20081215,1.8418,1.9194,1.7934,1.9,5571,0
20081216,1.9594,1.9594,1.94,1.94,1340,0
20081217,1.87,1.87,1.6956,1.87,8360,0
20081219,1.8721,1.94,1.8721,1.94,2474,0
20081222,1.9094,1.9094,1.89,1.89,3611,0
20081223,1.8697,1.8697,1.86,1.86,2787,0
20081229,1.9203,1.93,1.8718,1.93,11961,0
20081230,1.9252,2.08,1.9252,2.08,517,0
20090102,1.9803,1.99,1.9803,1.99,104,0
20090105,2.03,2.03,2.03,2.03,1034,0
20090106,2.1267,2.1267,2.03,2.03,310,0
20090108,2.0783,2.0783,2.03,2.03,1034,0
20090109,2.02,2.02,2.02,2.02,1138,0
20090112,2.03,2.03,2.03,2.03,103,0
20090113,1.9378,1.9378,1.87,1.87,310,0
20090114,1.93,1.93,1.93,1.93,10311,0
20090115,1.9397,1.9397,1.93,1.93,12064,0
20090121,1.93,1.93,1.93,1.93,1340,0
20090123,1.922,1.98,1.922,1.98,10975,0
20090126,1.9691,1.9691,1.94,1.94,2062,0
20090127,1.94,1.94,1.94,1.94,4124,0
20090129,1.9397,1.9397,1.93,1.93,6290,0
20090203,2.03,2.03,2.03,2.03,2069,0
20090204,2.1267,2.2813,2.03,2.03,828,0
20090205,2.03,2.03,2.03,2.03,103,0
20090211,1.9206,1.94,1.9206,1.94,6701,0
20090212,1.94,1.94,1.94,1.94,4124,0
20090213,2.03,2.03,2.03,2.03,1241,0
20090216,1.9394,1.9394,1.92,1.92,1959,0
20090217,2.0267,2.0267,1.92,1.92,2269,0
20090218,1.9907,2.01,1.9907,2.01,724,0
20090220,1.89,1.89,1.89,1.89,3611,0
20090226,1.8997,1.8997,1.89,1.89,310,0
20090227,1.89,1.89,1.89,1.89,1032,0
20090302,1.8891,1.8891,1.86,1.86,1032,0
20090305,2.007,2.007,1.91,1.91,1650,0
20090310,1.86,1.86,1.86,1.86,103,0
20090312,1.8612,1.9,1.8128,1.9,1032,0
20090313,1.84,1.84,1.84,1.84,103,0
20090316,1.84,1.84,1.84,1.84,207,0
20090318,1.79,1.79,1.79,1.79,103,0
20090331,1.9,1.9,1.7546,1.9,2063,0
20090403,1.885,2.03,1.8657,2.03,1966,0
20090407,1.8061,2.0283,1.8061,1.98,104,0
20090414,1.9171,1.9171,1.83,1.83,2582,0
20090415,1.7737,1.89,1.7737,1.89,2373,0
20090420,1.8039,1.93,1.8039,1.93,4434,0
20090424,1.8815,1.93,1.8815,1.93,4124,0
20090427,1.93,1.93,1.93,1.93,3093,0
20090429,1.93,1.93,1.93,1.93,928,0
20090430,1.86,1.86,1.86,1.86,2065,0
20090504,1.9065,1.9065,1.8,1.8,4547,0
20090505,1.8706,1.89,1.8706,1.89,825,0
20090507,1.89,1.89,1.89,1.89,5159,0
20090512,1.94,1.94,1.94,1.94,825,0
20090514,1.991,2.02,1.7977,2.02,2897,0
20090518,1.9288,1.9385,1.89,1.89,2167,0
20090519,1.9368,1.9368,1.84,1.84,1549,0
20090527,1.84,1.84,1.84,1.84,1239,0
20090528,1.8084,1.8374,1.76,1.76,6618,0
20090529,1.8303,1.84,1.8303,1.84,2582,0
20090601,1.92,1.92,1.92,1.92,103,0
20090603,1.9194,1.9485,1.9,1.9,4436,0
20090604,1.89,1.89,1.89,1.89,516,0
20090609,1.9009,1.93,1.9009,1.93,4021,0
20090615,1.88,1.88,1.88,1.88,206,0
20090616,1.8621,1.93,1.8621,1.93,928,0
20090619,1.9,1.9,1.9,1.9,2579,0
20090622,1.81,1.81,1.81,1.81,2066,0
20090623,1.8844,2.01,1.8844,2.01,6209,0
20090625,1.95,1.95,1.95,1.95,2062,0
20090629,1.9272,1.9272,1.84,1.84,3304,0
20090630,1.8103,1.82,1.8103,1.82,310,0
20090709,1.7942,1.93,1.7942,1.93,619,0
20090722,1.9103,1.92,1.7648,1.92,722,0
20090803,1.7455,1.92,1.7455,1.92,103,0
20090805,1.9175,1.9175,1.84,1.84,3717,0
20090810,1.6776,1.92,1.6776,1.92,516,0
20090813,1.91,1.91,1.91,1.91,309,0
20090817,1.8,1.8,1.8,1.8,310,0
20090820,1.9178,1.9178,1.85,1.85,3201,0
20090821,1.94,1.9594,1.94,1.94,2474,0
20090825,1.81,1.81,1.81,1.81,1550,0
20090831,1.93,1.93,1.93,1.93,1031,0
20090901,1.95,1.95,1.95,1.95,3711,0
20090902,1.9597,2.047,1.95,1.95,5257,0
20090903,1.9675,1.9675,1.89,1.89,10524,0
20090904,1.99,1.99,1.99,1.99,828,0
20090908,2.02,2.02,2.02,2.02,3621,0
20090909,2.126,2.126,2.01,2.01,4139,0
20090910,1.9997,2.0093,1.99,1.99,828,0
20090911,2.03,2.03,2.03,2.03,4966,0
20090914,2.0286,2.0286,1.99,1.99,6625,0
20090922,1.97,1.97,1.97,1.97,2071,0
20090923,2.03,2.03,2.03,2.03,2069,0
20090924,2.06,2.06,2.06,2.06,414,0
20090929,2.03,2.03,2.03,2.03,10345,0
20091007,2.0307,2.05,2.0307,2.05,2999,0
20091008,1.96,1.96,1.96,1.96,30918,0
20091012,2.03,2.03,2.03,2.03,414,0
20091013,1.96,1.96,1.96,1.96,2061,0
20091014,2.03,2.03,2.03,2.03,3207,0
20091015,1.96,1.96,1.96,1.96,2577,0
20091016,1.96,1.96,1.96,1.96,103,0
20091020,1.96,1.96,1.96,1.96,309,0
20091026,1.8791,1.8791,1.85,1.85,516,0
20091104,1.84,1.84,1.84,1.84,32114,0
20091105,1.8139,1.94,1.8139,1.94,309,0
20091110,1.81,1.81,1.81,1.81,1033,0
20091112,1.75,1.75,1.75,1.75,2069,0
20091113,1.91,1.91,1.91,1.91,103,0
20091116,1.84,1.84,1.84,1.84,20652,0
20091117,1.84,1.84,1.84,1.84,5163,0
20091118,1.89,1.89,1.89,1.89,1135,0
20091119,1.89,1.89,1.89,1.89,3095,0
20091120,1.89,1.89,1.89,1.89,103,0
20091123,1.8497,1.8497,1.84,1.84,516,0
20091126,1.84,1.84,1.84,1.84,3614,0
20091127,1.8884,1.8884,1.8109,1.84,11359,0
20091201,1.81,1.81,1.81,1.81,1033,0
20091202,1.8128,1.9,1.8128,1.9,12379,0
20091210,1.784,1.91,1.784,1.91,722,0
20091214,1.7687,1.8073,1.6044,1.73,8795,0
20091215,1.72,1.72,1.72,1.72,1552,0
20091216,1.8,1.8,1.8,1.8,517,0
20091218,1.8,1.8,1.8,1.8,517,0
20091221,1.8116,1.86,1.8116,1.86,3510,0
20091222,1.83,1.83,1.83,1.83,103,0
20091228,1.7335,1.84,1.7335,1.84,10429,0
20091229,1.7719,1.8397,1.7719,1.83,6816,0
20091230,1.8409,1.87,1.8409,1.87,413,0
20100104,1.84,1.84,1.84,1.84,1033,0
20100106,1.85,1.85,1.85,1.85,103,0
20100107,1.8597,1.8597,1.85,1.85,5162,0
20100108,1.85,1.85,1.85,1.85,619,0
20100111,1.8803,1.89,1.8803,1.89,13413,0
20100112,1.89,1.89,1.89,1.89,20119,0
20100113,1.8884,1.8884,1.84,1.84,2065,0
20100118,1.8891,1.8891,1.86,1.86,15484,0
20100119,1.87,1.87,1.87,1.87,1032,0
20100120,1.8897,1.8897,1.88,1.88,10319,0
20100125,1.92,1.92,1.92,1.92,722,0
20100126,1.92,1.92,1.92,1.92,1031,0
20100128,1.89,1.89,1.89,1.89,516,0
20100129,1.92,1.92,1.92,1.92,206,0
20100204,1.93,1.93,1.93,1.93,516,0
20100208,1.89,1.89,1.89,1.89,516,0
20100209,1.84,1.84,1.84,1.84,1033,0
20100210,1.8912,1.93,1.8912,1.93,6702,0
20100212,1.8981,1.8981,1.84,1.84,2582,0
20100215,1.8806,1.9,1.8806,1.9,10316,0
20100217,1.9009,1.93,1.9009,1.93,1650,0
20100218,1.93,1.93,1.93,1.93,4434,0
20100219,1.93,1.93,1.93,1.93,5774,0
20100222,1.88,1.88,1.88,1.88,1548,0
20100223,1.86,1.86,1.86,1.86,1652,0
20100224,1.8721,1.94,1.8721,1.94,3814,0
20100225,1.9368,1.9368,1.84,1.84,10946,0
20100301,1.7962,1.97,1.7962,1.97,104,0
20100302,1.9272,1.9272,1.84,1.84,1033,0
20100308,1.87,1.9281,1.87,1.87,4851,0
20100310,1.8915,1.94,1.8915,1.94,5876,0
20100311,1.84,1.84,1.84,1.84,310,0
20100316,1.93,1.93,1.93,1.93,1959,0
20100317,1.9,1.9,1.9,1.9,7221,0
20100329,1.8321,1.9,1.8321,1.9,1444,0
20100406,1.9,1.9,1.8031,1.9,413,0
20100408,1.84,1.84,1.84,1.84,929,0
20100409,1.84,1.84,1.84,1.84,1033,0
20100412,1.84,1.84,1.84,1.84,103,0
20100414,1.8,1.8,1.8,1.8,827,0
20100415,1.81,1.81,1.81,1.81,310,0
20100416,1.78,1.78,1.78,1.78,310,0
20100419,1.78,1.78,1.78,1.78,3411,0
20100420,1.8187,1.8187,1.78,1.78,310,0
20100422,1.8981,1.8981,1.84,1.84,3408,0
20100423,1.84,1.84,1.84,1.84,620,0
20100426,1.78,1.78,1.78,1.78,724,0
20100427,1.78,1.78,1.78,1.78,7339,0
20100428,1.79,1.79,1.79,1.79,2067,0
20100429,1.78,1.78,1.78,1.78,724,0
20100430,1.78,1.838,1.78,1.78,77631,0
20100504,1.8384,1.8384,1.761,1.79,1137,0
20100505,1.7625,1.84,1.7044,1.84,4234,0
20100506,1.7193,1.7386,1.7,1.7,2899,0
20100507,1.7007,1.72,1.7007,1.72,3519,0
20100512,1.7903,1.8,1.7903,1.8,1033,0
20100519,1.7344,1.87,1.7344,1.87,5264,0
20100520,1.8,1.8,1.8,1.8,2067,0
20100525,1.6997,1.6997,1.4486,1.69,10459,0
20100526,1.74,1.74,1.74,1.74,103,0
20100527,1.7303,1.74,1.7303,1.74,4862,0
20100528,1.74,1.74,1.74,1.74,2069,0
20100531,1.7413,1.78,1.7123,1.78,3618,0
20100601,1.71,1.71,1.71,1.71,5175,0
20100602,1.712,1.77,1.712,1.77,207,0
20100603,1.74,1.74,1.74,1.74,828,0
20100615,1.7997,1.819,1.79,1.79,930,0
20100616,1.84,1.84,1.84,1.84,2065,0
20100617,1.84,1.84,1.84,1.84,6712,0
20100618,1.8415,1.89,1.8415,1.89,5262,0
20100621,1.9,1.9,1.8224,1.9,16505,0
20100623,1.9,1.9,1.9,1.9,11451,0
20100624,1.9206,1.94,1.9206,1.94,9278,0
20100625,1.89,1.89,1.89,1.89,103,0
20100628,1.94,1.94,1.94,1.94,12680,0
20100629,1.96,1.96,1.96,1.96,2071,0
20100630,1.96,1.96,1.96,1.96,2071,0
20100705,1.9694,1.9694,1.95,1.95,3814,0
20100707,1.96,1.9986,1.96,1.96,1554,0
20100708,1.971,2,1.9614,2,18527,0
20100709,1.95,2.0082,1.95,1.95,2886,0
20100719,1.9697,1.9697,1.96,1.96,3625,0
20100720,1.96,1.96,1.96,1.96,5800,0
20100722,1.9782,1.9782,1.92,1.92,10416,0
20100723,1.94,1.94,1.94,1.94,2474,0
20100726,1.9385,1.9385,1.89,1.89,8873,0
20100728,1.94,1.94,1.94,1.94,1753,0
20100729,1.96,1.96,1.96,1.96,2071,0
20100802,1.9317,1.98,1.9317,1.98,5591,0
20100803,1.942,2,1.942,2,2484,0
20100804,1.94,1.94,1.94,1.94,1031,0
20100805,1.9813,2.02,1.9813,2.02,2897,0
20100806,2.02,2.02,2.02,2.02,621,0
20100809,1.9885,1.9885,1.94,1.94,16186,0
20100810,1.94,1.94,1.94,1.94,2887,0
20100811,1.87,1.87,1.87,1.87,4128,0
20100812,1.94,1.94,1.7751,1.94,206,0
20100819,1.9365,1.9365,1.83,1.83,1033,0
20100820,1.89,1.89,1.89,1.89,722,0
20100823,1.84,1.84,1.84,1.84,207,0
20100825,1.9397,1.9979,1.93,1.93,1444,0
20100902,2.0193,2.0193,2,2,1035,0
20100903,1.9381,1.9381,1.88,1.88,4334,0
20100907,1.9603,1.97,1.9603,1.97,1553,0
20100909,1.9807,2,1.971,2,6521,0
20100910,2.0182,2.0279,1.96,1.96,6596,0
20100914,2.01,2.01,2.01,2.01,310,0
20100915,1.95,1.95,1.95,1.95,104,0
20100922,1.96,1.96,1.96,1.96,1968,0
20100927,1.96,1.96,1.96,1.96,311,0
20100930,1.96,1.96,1.96,1.96,725,0
20101004,1.8624,1.94,1.746,1.94,3814,0
20101007,1.8533,1.96,1.8533,1.96,1031,0
20101008,1.89,1.89,1.89,1.89,206,0
20101011,1.84,1.84,1.84,1.84,413,0
20101013,1.9357,2.41,1.9357,2.41,6302,0
20101014,1.94,1.94,1.94,1.94,2062,0
20101018,1.89,1.89,1.89,1.89,622,0
20101019,1.96,1.96,1.96,1.96,618,0
20101021,1.92,1.92,1.92,1.92,516,0
20101022,1.9027,1.98,1.9027,1.98,311,0
20101101,1.84,1.84,1.84,1.84,103,0
20101105,1.96,1.96,1.96,1.96,206,0
20101108,1.98,1.98,1.98,1.98,3106,0
20101109,1.9104,1.92,1.9104,1.92,2384,0
20101111,1.9703,1.98,1.9703,1.98,621,0
20101112,1.98,1.98,1.98,1.98,518,0
20101116,1.9703,1.98,1.9703,1.98,414,0
20101123,2.0473,2.0473,1.97,1.97,2589,0
20101125,1.94,1.94,1.94,1.94,722,0
20101126,1.99,1.99,1.99,1.99,518,0
20101129,1.99,1.99,1.99,1.99,104,0
20101130,1.9969,1.9969,1.9,1.9,3301,0
20101201,1.9594,1.9885,1.94,1.94,2990,0
20101202,1.94,1.94,1.94,1.94,3299,0
20101206,1.8915,1.94,1.8915,1.94,1649,0
20101207,1.8624,1.94,1.8624,1.94,11134,0
20101208,1.9388,1.9388,1.9,1.9,2166,0
20101209,1.89,1.89,1.89,1.89,103,0
20101210,1.9333,2.03,1.9333,2.03,3310,0
20101215,1.98,1.98,1.98,1.98,1035,0
20101216,1.969,1.969,1.94,1.94,3212,0
20101217,1.942,2,1.9324,2,9212,0
20101220,1.94,1.94,1.94,1.94,2901,0
20101221,1.94,1.94,1.94,1.94,4144,0
20101223,1.942,2,1.942,2,207,0
20101229,1.99,1.99,1.99,1.99,311,0
20110105,2.0367,2.0367,1.93,1.93,2578,0
20110107,1.95,1.95,1.95,1.95,103,0
20110110,1.92,1.92,1.92,1.92,1031,0
20110112,2.0376,2.0376,1.96,1.96,515,0
20110113,2.0364,2.0364,1.92,1.92,206,0
20110120,2.0276,2.0276,1.95,1.95,309,0
20110121,1.98,1.98,1.98,1.98,1553,0
20110125,1.9885,1.9885,1.94,1.94,5773,0
20110126,1.9317,1.98,1.9317,1.98,1346,0
20110127,1.95,1.95,1.95,1.95,103,0
20110128,1.95,1.95,1.95,1.95,309,0
20110131,1.942,2,1.942,2,2277,0
20110201,1.95,1.95,1.95,1.95,206,0
20110202,2.0182,2.2317,1.96,1.96,13398,0
20110203,2.0332,2.13,2.0332,2.13,930,0
20110204,2.0329,2.12,2.0329,2.12,517,0
20110207,2.118,2.118,2.06,2.06,1448,0
20110209,2.12,2.12,2.12,2.12,103,0
20110214,2.03,2.03,2.03,2.03,414,0
20110217,2.001,2.03,2.001,2.03,6207,0
20110223,2.02,2.02,2.02,2.02,517,0
20110228,1.9458,2.12,1.9458,2.12,207,0
20110301,2.0316,2.08,2.0316,2.08,517,0
20110303,1.98,1.98,1.98,1.98,932,0
20110304,2.09,2.09,2.09,2.09,207,0
20110307,2.1152,2.1152,1.98,1.98,1864,0
20110308,1.9542,2.08,1.9349,2.08,1550,0
20110311,2.0129,2.1,2.0129,2.1,1033,0
20110314,2.0283,2.0283,1.98,1.98,22778,0
20110315,1.94,2.0758,1.94,1.94,1856,0
20110316,1.9817,2.03,1.9333,2.03,164483,0
20110317,1.9888,1.9888,1.9403,1.95,62980,0
20110318,1.9414,1.98,1.9317,1.98,11492,0
20110321,1.94,1.94,1.94,1.94,825,0
20110322,2.1167,2.1167,1.9233,2.02,8484,0
20110323,1.9491,1.9491,1.92,1.92,4434,0
20110324,2.0038,2.12,2.0038,2.12,1550,0
20110325,2.078,2.078,1.933,2.02,4139,0
20110328,2.0276,2.0858,1.95,1.95,20615,0
20110329,1.9494,1.9979,1.93,1.93,2165,0
20110330,2.01,2.01,1.9327,2.01,13039,0
20110331,2.03,2.03,2.03,2.03,931,0
20110404,2.001,2.03,2.001,2.03,2276,0
20110405,2.0283,2.0766,1.9317,1.98,25263,0
20110406,2.078,2.078,2.02,2.02,103,0
20110407,2.03,2.03,1.943,2.03,24621,0
20110408,2.0703,2.1187,2.0026,2.08,12404,0
20110411,2.1187,2.1187,1.9833,2.08,18296,0
20110412,2.0813,2.12,1.9942,2.12,45246,0
20110413,2.1206,2.14,2.111,2.14,19931,0
20110414,2.1821,2.6185,2.1239,2.25,6290,0
20110415,2.2194,2.2291,2.2,2.2,3405,0
20110418,2.0734,2.2284,2.0734,2.18,206,0
20110419,2.2081,2.2081,2.1306,2.15,15075,0
20110420,2.13,2.1784,2.1106,2.13,15286,0
20110421,2.13,2.13,2.1203,2.13,9296,0
20110426,2.17,2.17,2.1409,2.17,4542,0
20110427,2.1712,2.21,2.0743,2.21,6500,0
20110428,2.0837,2.2291,2.0837,2.2,43027,0
20110429,2.2478,2.2478,2.18,2.18,1342,0
20110502,2.2281,2.325,2.17,2.17,11252,0
20110503,2.2394,2.2394,2.22,2.22,1032,0
20110505,2.1767,2.1767,2.08,2.08,11163,0
20110506,2.0731,2.1797,2.0731,2.17,3613,0
20110509,2.18,2.18,2.18,2.18,206,0
20110510,2.1512,2.19,2.1319,2.19,3715,0
20110511,2.1881,2.1881,2.13,2.13,2582,0
20110512,2.1797,2.1797,2.1216,2.17,2374,0
20110513,2.18,2.18,2.1316,2.18,2683,0
20110516,2.1313,2.1797,2.1313,2.17,2168,0
20110517,2.1897,2.1897,2.18,2.18,1548,0
20110518,2.18,2.18,2.18,2.18,413,0
20110519,2.18,2.18,2.18,2.18,103,0
20110520,2.1797,2.1797,2.0925,2.17,2374,0
20110523,2.1687,2.1687,2.0913,2.13,1446,0
20110524,2.1577,2.1577,2.09,2.09,2480,0
20110525,2.1778,2.1778,2.0713,2.11,3616,0
20110526,2.1306,2.15,2.1306,2.15,310,0
20110527,2.14,2.14,2.14,2.14,1239,0
20110530,2.15,2.15,2.15,2.15,207,0
20110531,2.0831,2.1897,2.0831,2.18,2580,0
20110601,2.17,2.17,2.17,2.17,1032,0
20110602,2.1313,2.17,2.1313,2.17,3200,0
20110603,2.0634,2.17,2.0634,2.17,619,0
20110607,2.1603,2.17,2.1603,2.17,2065,0
20110608,2.1313,2.17,2.0538,2.17,3200,0
20110609,2.1313,2.17,2.1313,2.17,516,0
20110610,2.16,2.16,2.16,2.16,2994,0
20110613,2.17,2.17,2.17,2.17,1032,0
20110614,2.13,2.13,2.0913,2.13,1136,0
20110615,2.13,2.1687,2.0816,2.13,28094,0
20110616,2.0816,2.13,2.0816,2.13,10432,0
20110617,2.13,2.13,2.1203,2.13,19624,0
20110620,2.1484,2.2258,2.0806,2.1,39680,0
20110621,2.1,2.1,2.0613,2.1,9507,0
20110622,2.1,2.1,2.0032,2.1,26453,0
20110623,2.1,2.1,2.0323,2.1,517,0
20110624,2.0419,2.11,2.0225,2.11,13370,0
20110627,2.13,2.13,2.13,2.13,207,0
20110629,2.09,2.09,2.0513,2.09,3204,0
20110630,2.0913,2.13,2.0816,2.13,23239,0
20110701,2.1294,2.1294,2.11,2.11,3616,0
20110704,2.1297,2.2652,2.0619,2.12,10640,0
20110706,2.0913,2.13,2.0816,2.13,4338,0
20110707,2.1106,2.1784,2.0525,2.13,107108,0
20110708,2.1597,2.1597,2.15,2.15,3098,0
20110711,2.13,2.13,2.13,2.13,7437,0
20110712,2.13,2.1784,2.13,2.13,28610,0
20110713,2.31,2.31,2.31,2.31,517,0
20110714,2.223,2.31,2.2037,2.31,8381,0
20110715,2.2315,2.28,2.2315,2.28,309,0
20110718,2.2707,2.319,2.2707,2.29,3312,0
20110719,2.3297,2.3297,2.32,2.32,22655,0
20110720,2.32,2.407,2.32,2.32,19966,0
20110721,2.3138,2.43,2.3138,2.43,1859,0
20110722,2.419,2.419,2.39,2.39,2584,0
20110725,2.43,2.43,2.43,2.43,207,0
20110726,2.43,2.43,2.2654,2.43,4028,0
20110727,2.3622,2.43,2.3622,2.43,2789,0
20110728,2.3997,2.4287,2.3706,2.39,5581,0
20110729,2.4,2.4,2.2645,2.4,1240,0
20110801,2.4167,2.5133,2.32,2.32,5483,0
20110802,2.374,2.5678,2.3256,2.5,13003,0
20110803,2.4734,2.4734,2.26,2.26,7629,0
20110804,2.2913,2.4654,2.2913,2.33,80988,0
20110805,2.2926,2.37,2.2249,2.37,30082,0
20110808,2.4052,2.4052,2.2217,2.27,9007,0
20110809,2.3229,2.41,2.3035,2.41,32856,0
20110810,2.41,2.41,2.2261,2.41,11055,0
20110811,2.2249,2.37,2.2249,2.37,1034,0
20110812,2.32,2.32,2.2717,2.32,21724,0
20110815,2.233,2.32,2.233,2.32,724,0
20110816,2.2343,2.36,2.2343,2.36,6203,0
20110817,2.3213,2.36,2.273,2.36,4342,0
20110818,2.3183,2.3183,2.2217,2.27,11905,0
20110819,2.24,2.24,2.24,2.24,2269,0
20110822,2.32,2.32,2.32,2.32,103,0
20110823,2.2427,2.32,2.2427,2.32,207,0
20110824,2.3103,2.32,2.291,2.32,2897,0
20110825,2.3,2.3,2.3,2.3,103,0
20110826,2.3007,2.32,2.2427,2.32,8172,0
20110829,2.3229,2.41,2.3229,2.41,14465,0
20110830,2.4087,2.4087,2.37,2.37,7340,0
20110831,2.3426,2.42,2.3232,2.42,16322,0
20110901,2.4167,2.61,2.2717,2.61,11069,0
20110902,2.312,2.37,2.2926,2.37,6719,0
20110905,2.3307,2.3693,2.2823,2.35,17475,0
20110906,2.2917,2.34,2.2917,2.34,1138,0
20110907,2.282,2.34,2.282,2.34,1965,0
20110908,2.3311,2.37,2.3214,2.37,4324,0
20110909,2.3583,2.3583,2.31,2.31,3000,0
20110912,2.399,2.4474,2.3023,2.37,18504,0
20110913,2.3241,2.45,2.3241,2.45,5989,0
20110914,2.4497,2.4497,2.3819,2.44,14459,0
20110915,2.4206,2.4497,2.411,2.44,13839,0
20110916,2.44,2.44,2.3722,2.44,13943,0
20110919,2.4409,2.47,2.3247,2.47,45838,0
20110920,2.4715,2.52,2.4715,2.52,13722,0
20110921,2.5117,2.5986,2.5117,2.56,31262,0
20110922,2.56,2.589,2.56,2.56,28674,0
20110923,2.5706,2.59,2.5512,2.59,30411,0
20110926,2.5793,2.5793,2.56,2.56,9730,0
20110927,2.59,2.59,2.3766,2.59,7113,0
20110928,2.5697,2.5697,2.4634,2.56,10041,0
20110929,2.5697,2.5794,2.5503,2.56,23822,0
20110930,2.56,2.56,2.4339,2.56,13097,0
20111003,2.56,2.56,2.56,2.56,104,0
20111004,2.5697,2.5697,2.4921,2.56,9900,0
20111005,2.56,2.56,2.4921,2.56,1856,0
20111006,2.5503,2.5697,2.5503,2.56,32918,0
20111007,2.5603,2.5893,2.5603,2.57,21114,0
20111010,2.5697,2.5697,2.56,2.56,24223,0
20111011,2.5603,2.57,2.541,2.57,63343,0
20111012,2.5703,2.58,2.464,2.58,53607,0
20111013,2.5707,2.59,2.532,2.59,31249,0
20111014,2.6009,2.63,2.6009,2.63,115922,0
20111017,2.639,2.639,2.581,2.61,5586,0
20111018,2.64,2.64,2.582,2.64,9617,0
20111019,2.5729,2.7567,2.5729,2.66,84774,0
20111020,2.6632,2.76,2.576,2.76,160880,0
20111021,2.7616,2.81,2.6937,2.81,58722,0
20111024,2.8087,2.8087,2.7603,2.77,29219,0
20111025,2.8097,2.8097,2.7612,2.8,9289,0
20111026,2.842,2.9,2.842,2.9,116483,0
20111027,2.9042,3.03,2.8848,3.03,133154,0
20111028,3.0416,3.1481,2.9931,3.09,69788,0
20111031,3.0994,3.1478,3.0509,3.08,33658,0
20111101,3.039,3.0777,2.8842,3.01,5579,0
20111102,2.9382,3.0642,2.8606,2.88,38981,0
20111103,2.9097,2.9097,2.8517,2.9,9621,0
20111104,2.9048,3.0694,2.8273,3.05,14666,0
20111107,3.0984,3.0984,2.9435,3.05,13426,0
20111108,3.045,3.045,2.8807,2.9,21828,0
20111109,3.0367,3.0464,2.8621,2.93,17316,0
20111110,3.0187,3.0187,2.9026,2.98,2894,0
20111111,2.979,2.979,2.863,2.95,4653,0
20111114,3.0016,3.05,2.9048,3.05,76323,0
20111115,3.05,3.05,3.0016,3.05,4751,0
20111116,3.04,3.04,2.9045,3.04,3822,0
20111117,3.016,3.016,2.8807,2.9,4241,0
20111118,2.911,2.998,2.8723,2.94,35053,0
20111121,2.9507,3.028,2.9507,2.97,2894,0
20111122,2.8832,3.0381,2.8736,2.98,18397,0
20111123,3.0197,3.0197,2.9616,3.01,4856,0
20111124,2.9997,3.0094,2.9416,2.99,11988,0
20111125,2.9903,3,2.9032,3,7750,0
20111128,3,3,2.8742,3,12503,0
20111129,2.971,3,2.8742,3,5787,0
20111130,3.0013,3.04,2.9722,3.04,11775,0
20111201,3.04,3.04,3.011,3.04,5164,0
20111202,3.0403,3.1178,3.0403,3.05,4338,0
20111205,3.079,3.079,2.9725,3.05,6920,0
20111206,3.0613,3.1,3.0031,3.1,25290,0
20111207,3.1009,3.1494,3.1009,3.13,18369,0
20111208,3.1291,3.1291,3.1,3.1,10013,0
20111209,3.1297,3.1297,3.0134,3.12,10837,0
20111212,3.1291,3.1291,3.0516,3.1,7948,0
20111213,3.0987,3.0987,3.0503,3.06,7229,0
20111214,3.06,3.06,3.0406,3.06,2375,0
20111215,3.0613,3.1,3.0225,3.1,16826,0
20111216,3.1,3.1,3.0806,3.1,1858,0
20111219,3.0984,3.0984,3.0403,3.05,16834,0
20111220,3.0606,3.0897,3.0316,3.08,8156,0
20111221,3.0547,3.19,3.0353,3.19,61552,0
20111222,3.19,3.19,3.1127,3.19,47069,0
20111223,3.19,3.19,3.19,3.19,11069,0
20111227,3.19,3.19,3.1513,3.19,12517,0
20111228,3.1688,3.1978,3.1009,3.13,26212,0
20111229,3.0063,3.19,3.0063,3.19,3621,0
20111230,3.19,3.19,3.161,3.19,4552,0
20120102,3.19,3.2383,3.132,3.19,14793,0
20120103,3.1988,3.2472,3.1503,3.16,36314,0
20120104,3.111,3.1497,3.053,3.14,9108,0
20120105,3.1488,3.1488,2.9647,3.11,30449,0
20120106,3.11,3.11,3.11,3.11,1239,0
20120109,3.09,3.09,2.9065,3.09,18434,0
20120110,3.0003,3.0874,2.9132,3.01,27484,0
20120111,3,3.0774,3,3,17050,0
20120112,3.09,3.09,2.9738,3.09,8156,0
20120113,3.0884,3.0884,2.9529,3.04,4441,0
20120116,3.08,3.08,2.9834,3.08,11393,0
20120117,2.9544,3.09,2.9544,3.09,9394,0
20120118,3.08,3.0994,3.0025,3.08,22301,0
20120119,3.08,3.08,3.0606,3.08,32936,0
20120120,3.0213,3.06,2.9535,3.06,10533,0
20120123,3.0613,3.1,2.9741,3.1,31484,0
20120124,3.1097,3.1097,3.1,3.1,6194,0
20120125,3.0994,3.0994,3.0219,3.08,7744,0
20120126,3.08,3.08,3.0509,3.08,5266,0
20120127,3.0013,3.04,3.0013,3.04,516,0
20120130,3.0474,3.0474,2.9216,2.97,27392,0
20120131,2.9928,3.08,2.9541,3.08,8053,0
20120201,3.08,3.08,3.08,3.08,1755,0
20120202,3.05,3.0694,2.9435,3.05,16938,0
20120203,3.045,3.0643,2.9,2.9,51621,0
20120206,2.99,2.99,2.99,2.99,1033,0
20120207,2.9126,2.99,2.9126,2.99,19945,0
20120208,3.0194,3.0194,3,3,4753,0
20120209,2.9984,2.9984,2.9307,2.95,6203,0
20120210,2.9977,2.9977,2.93,2.93,3826,0
20120213,3,3,2.9129,3,5787,0
20120214,2.9706,2.99,2.9126,2.99,1033,0
20120215,2.882,2.9787,2.8723,2.94,33502,0
20120216,2.94,2.94,2.94,2.94,517,0
20120217,2.9229,3.01,2.9229,3.01,2170,0
20120220,2.938,2.938,2.88,2.88,23385,0
20120221,2.9,2.9,2.9,2.9,310,0
20120222,2.9023,2.97,2.9023,2.97,5272,0
20120223,2.9587,2.9683,2.891,2.92,50264,0
20120224,2.9203,2.93,2.9203,2.93,4343,0
20120227,2.9397,2.9785,2.93,2.93,4123,0
20120228,2.97,2.97,2.9216,2.97,22017,0
20120229,2.9683,2.9683,2.9007,2.92,33303,0
20120301,2.9683,2.9683,2.92,2.92,7550,0
20120302,2.9722,3.0497,2.9529,3.04,18902,0
20120305,3.05,3.05,3.0016,3.05,3615,0
20120306,3.0497,3.069,3.0013,3.04,10019,0
20120307,3.04,3.04,2.9625,3.04,1239,0
20120308,3.04,3.04,3.0206,3.04,2686,0
20120309,3.0206,3.04,3.0206,3.04,1446,0
20120312,3.0409,3.07,3.0409,3.07,929,0
20120313,3.0419,3.1,3.0419,3.1,19097,0
20120314,3.09,3.09,3.0416,3.09,2271,0
20120315,3.1,3.1,3.1,3.1,103,0
20120316,3.0416,3.09,3.0319,3.09,2994,0
20120319,3.0709,3.1,3.0419,3.1,3510,0
20120320,3.0981,3.0981,2.9819,3.04,8366,0
20120321,3.0016,3.0984,2.9822,3.05,10844,0
20120322,3.0019,3.06,3.0019,3.06,2065,0
20120323,3.0677,3.0968,2.971,3,14570,0
20120326,2.9803,2.99,2.9803,2.99,207,0
20120327,3.0484,3.0484,3,3,10953,0
20120328,2.99,2.9997,2.9513,2.99,7234,0
20120329,2.9483,2.9967,2.8807,2.9,82138,0
20120330,2.97,2.97,2.97,2.97,1551,0
20120402,2.899,2.957,2.783,2.87,30631,0
20120403,2.929,2.929,2.813,2.9,21414,0
20120404,2.9226,3.0871,2.9032,3,3927,0
20120405,3.0484,3.0484,2.9032,3,827,0
20120410,2.9026,3.0477,2.9026,2.98,1964,0
20120411,2.97,2.97,2.97,2.97,620,0
20120412,2.97,2.97,2.8733,2.97,7546,0
20120413,2.9597,2.9597,2.8726,2.95,827,0
20120416,3.001,3.0397,2.9816,3.03,2376,0
20120417,3,3,3,3,207,0
20120418,2.9873,2.9873,2.852,2.91,21722,0
20120419,2.9994,2.9994,2.8252,2.98,20774,0
20120420,3,3,2.8548,3,21700,0
20120423,2.9893,2.9893,2.9603,2.97,5478,0
20120424,2.97,2.97,2.97,2.97,207,0
20120425,2.9603,2.97,2.8733,2.97,207,0
20120426,2.9603,2.97,2.9603,2.97,724,0
20120427,2.97,2.97,2.9023,2.97,6719,0
20120430,2.892,2.95,2.8823,2.95,6203,0
20120502,3.0045,3.0045,2.83,2.83,31986,0
20120503,2.8517,2.9967,2.842,2.9,10966,0
20120504,2.871,2.9,2.871,2.9,7862,0
20120507,2.8997,2.8997,2.803,2.89,23072,0
20120508,2.899,2.899,2.8024,2.87,6933,0
20120509,2.8726,2.95,2.8726,2.95,3412,0
20120510,2.929,2.929,2.8807,2.9,724,0
20120511,2.92,2.92,2.92,2.92,103,0
20120514,2.9,2.9,2.784,2.9,27931,0
20120515,2.9085,2.9085,2.7631,2.86,44663,0
20120516,2.8983,2.8983,2.7824,2.85,43163,0
20120517,2.8115,2.86,2.8115,2.86,206,0
20120518,2.81,2.81,2.81,2.81,20434,0
20120521,2.8993,2.8993,2.88,2.88,414,0
20120522,2.8794,2.8794,2.8309,2.86,2063,0
20120523,2.8994,2.9091,2.7927,2.88,27431,0
20120524,2.8891,2.9085,2.8309,2.86,4951,0
20120525,2.8807,2.9,2.8323,2.9,8483,0
20120528,2.8997,2.8997,2.8223,2.89,621,0
20120529,2.822,2.88,2.822,2.88,621,0
20120530,2.8217,2.87,2.783,2.87,24319,0
20120531,2.8703,2.88,2.8027,2.88,10761,0
20120601,2.801,2.8783,2.7527,2.83,7558,0
20120604,2.8012,2.9272,2.8012,2.84,7015,0
20120605,2.8806,2.9097,2.8321,2.9,21136,0
20120606,2.9097,2.9291,2.8418,2.9,3299,0
20120607,2.8897,2.8897,2.822,2.88,5898,0
20120608,2.842,2.9,2.842,2.9,15517,0
20120611,2.9016,2.95,2.8436,2.95,11993,0
20120612,2.95,2.95,2.8436,2.95,103,0
20120613,2.95,2.95,2.8436,2.95,517,0
20120614,2.95,2.95,2.9016,2.95,3412,0
20120615,2.95,2.95,2.95,2.95,1034,0
20120618,2.95,2.95,2.95,2.95,310,0
20120619,2.9016,2.95,2.9016,2.95,310,0
20120620,2.95,2.95,2.95,2.95,517,0
20120621,3.04,3.0498,3.0302,3.04,2039,0
20120622,2.8345,3.03,2.815,3.03,20564,0
20120625,3.03,3.03,3.03,3.03,102,0
20120626,2.9314,3.0098,2.9314,3,4488,0
20120627,3.0298,3.0298,2.9318,3.02,3977,0
20120628,3.0092,3.0092,2.9308,2.97,5203,0
20120629,2.9416,3.02,2.9121,3.02,16012,0
20120702,3.01,3.01,2.9904,3.01,2040,0
20120703,3.01,3.01,3.01,3.01,102,0
20120704,3.0092,3.0092,2.97,2.97,306,0
20120705,2.97,2.97,2.97,2.97,306,0
20120706,2.9096,2.9096,2.89,2.89,8983,0
20120709,2.8806,2.91,2.8414,2.91,30721,0
20120710,2.91,2.91,2.91,2.91,204,0
20120711,2.91,2.91,2.91,2.91,102,0
20120712,2.91,2.91,2.8414,2.91,204,0
20120713,2.9198,2.9198,2.8806,2.91,7451,0
20120716,2.91,2.91,2.91,2.91,2756,0
20120717,2.8998,2.8998,2.89,2.89,12249,0
20120718,2.891,2.94,2.891,2.94,29082,0
20120719,2.94,2.9694,2.891,2.94,27755,0
20120720,2.97,2.97,2.97,2.97,102,0
20120723,2.97,2.97,2.97,2.97,306,0
20120724,2.97,2.97,2.9406,2.97,2040,0
20120725,2.9014,2.97,2.9014,2.97,204,0
20120726,2.97,2.97,2.9406,2.97,5203,0
20120727,2.9594,2.9594,2.8908,2.93,5306,0
20120730,2.93,2.93,2.93,2.93,510,0
20120731,2.93,2.93,2.8908,2.93,2143,0
20120801,2.93,2.93,2.8712,2.93,4796,0
20120802,2.9202,2.93,2.9202,2.93,510,0
20120803,2.93,2.93,2.8516,2.93,8062,0
20120806,2.93,2.93,2.8516,2.93,5306,0
20120807,2.9298,2.9298,2.8514,2.92,10001,0
20120808,2.92,2.92,2.92,2.92,408,0
20120810,2.8525,2.96,2.8428,2.96,81994,0
20120813,2.9598,2.9598,2.8621,2.95,1024,0
20120814,2.9592,2.9592,2.92,2.92,7144,0
20120816,2.8694,2.9183,2.84,2.84,9905,0
20120817,2.939,2.939,2.89,2.89,4083,0
20120820,2.9398,2.9398,2.8614,2.93,306,0
20120821,2.94,2.94,2.94,2.94,510,0
20120822,2.94,2.94,2.94,2.94,2041,0
20120823,2.94,2.94,2.94,2.94,510,0
20120824,2.94,2.94,2.94,2.94,612,0
20120827,2.94,2.94,2.94,2.94,3061,0
20120828,2.9398,2.9398,2.9202,2.93,2755,0
20120829,2.93,2.93,2.93,2.93,102,0
20120830,2.9302,2.94,2.9106,2.94,6327,0
20120831,2.941,2.99,2.941,2.99,41619,0
20120903,2.9896,2.9896,2.9014,2.97,5407,0
20120904,2.9704,2.99,2.9704,2.99,2346,0
20120905,2.9896,2.9896,2.97,2.97,816,0
20120906,2.9708,3.01,2.9708,3.01,510,0
20120907,2.9406,2.97,2.921,2.97,21934,0
20120910,2.9694,2.9694,2.94,2.94,53673,0
20120911,2.9404,2.96,2.8914,2.96,6734,0
20120912,2.97,2.97,2.9602,2.97,11732,0
20120913,2.9511,3,2.9511,3,11359,0
20120914,3.01,3.01,3.0002,3.01,4284,0
20120917,3.01,3.01,2.9414,3.01,12035,0
20120918,2.941,3.0096,2.941,2.99,6426,0
20120919,3.0096,3.0096,2.9508,2.99,3060,0
20120920,2.9606,2.99,2.9606,2.99,714,0
20120921,2.9904,3.01,2.9708,3.01,17441,0
20120924,3,3,3,3,614,0
20120925,3.0113,3.0898,2.9819,3.08,24977,0
20120926,3.0408,3.0898,3.0408,3.08,1937,0
20120927,3.08,3.08,3.0408,3.08,3262,0
20120928,3.0809,3.13,3.0809,3.13,5605,0
20121001,3.1219,3.21,3.1219,3.21,3474,0
20121002,3.1989,3.2478,3.0913,3.15,18196,0
20121003,3.15,3.15,3.15,3.15,409,0
20121004,3.1511,3.2391,3.1511,3.2,10117,0
20121005,3.1991,3.1991,3.1502,3.16,11653,0
20121008,3.19,3.19,3.1509,3.19,2350,0
20121009,3.19,3.19,3.1704,3.19,8278,0
20121010,3.1898,3.1898,3.1506,3.18,7869,0
20121011,3.1898,3.1898,3.1506,3.18,6030,0
20121012,3.18,3.18,3.1506,3.18,1124,0
20121015,3.1798,3.1798,3.17,3.17,818,0
20121016,3.1702,3.18,3.1702,3.18,818,0
20121017,3.1891,3.1891,2.9928,3.14,4484,0
20121018,3.14,3.14,3.0026,3.14,4484,0
20121019,3.14,3.14,3.1106,3.14,713,0
20121022,2.9926,3.1398,2.9926,3.13,4281,0
20121023,3.13,3.13,2.9926,3.13,1529,0
20121024,3.13,3.13,2.9926,3.13,408,0
20121025,3.13,3.13,3.13,3.13,204,0
20121026,3.1213,3.18,3.1213,3.18,15228,0
20121029,3.1798,3.1798,3.17,3.17,306,0
20121030,3.17,3.17,3.17,3.17,1528,0
20121031,3.1606,3.19,3.1606,3.19,21767,0
20121101,3.19,3.19,3.19,3.19,2555,0
20121102,3.1323,3.2694,3.1127,3.24,42907,0
20121105,3.231,3.28,3.231,3.28,204,0
20121106,3.1823,3.29,3.1627,3.29,15626,0
20121107,3.175,3.42,3.175,3.42,6327,0
20121108,3.379,3.4279,3.33,3.33,1940,0
20121109,3.33,3.33,3.281,3.33,5616,0
20121112,3.33,3.33,3.33,3.33,102,0
20121113,3.2315,3.3196,3.2315,3.3,14705,0
20121114,3.2804,3.3,3.2315,3.3,2451,0
20121115,3.3,3.3,3.2804,3.3,1225,0
20121116,3.3,3.3,3.2217,3.3,2042,0
20121119,3.2976,3.2976,3.19,3.19,11548,0
20121120,3.3004,3.32,3.1829,3.32,13070,0
20121121,3.3198,3.3198,3.1925,3.31,3982,0
20121122,3.2121,3.31,3.2121,3.31,919,0
20121123,3.2624,3.38,3.1939,3.38,11636,0
20121126,3.419,3.419,3.3308,3.37,23784,0
20121127,3.3502,3.36,3.3502,3.36,1327,0
20121128,3.3892,3.4186,3.2814,3.35,11740,0
20121129,3.3802,3.39,3.2332,3.39,7349,0
20121130,3.4094,3.4094,3.3506,3.38,2756,0
20121203,3.3802,3.39,3.2332,3.39,31436,0
20121204,3.4104,3.43,3.3026,3.43,8163,0
20121205,3.3308,3.4288,3.272,3.37,27969,0
20121206,3.3308,3.37,3.3308,3.37,5818,0
20121207,3.37,3.37,3.37,3.37,1531,0
20121210,3.3308,3.37,3.272,3.37,1633,0
20121211,3.37,3.37,3.3308,3.37,37769,0
20121212,3.37,3.37,3.2818,3.37,2654,0
20121213,3.3712,3.43,3.2732,3.43,11633,0
20121214,3.4202,3.43,3.4202,3.43,6224,0
20121217,3.4306,3.4698,3.3326,3.46,57235,0
20121218,3.4498,3.4498,3.3518,3.44,816,0
20121219,3.381,3.4398,3.381,3.43,12347,0
20121220,3.4513,3.51,3.3731,3.51,35695,0
20121221,3.5104,3.53,3.3633,3.53,44975,0
20121227,3.4928,3.62,3.4928,3.62,13287,0
20121228,3.6219,3.71,3.5436,3.71,38206,0
20130102,3.71,3.7198,3.6708,3.71,7662,0
20130103,3.7191,3.7191,3.68,3.68,2657,0
20130104,3.7112,3.77,3.6721,3.77,21650,0
20130107,3.772,3.8994,3.7328,3.87,43276,0
20130108,3.82,3.869,3.82,3.82,5105,0
20130109,3.82,3.82,3.7612,3.82,37366,0
20130110,3.82,3.82,3.7221,3.82,13170,0
20130111,3.82,3.82,3.771,3.82,23277,0
20130114,3.82,3.82,3.7416,3.82,11537,0
20130115,3.8296,3.8296,3.7511,3.81,15581,0
20130116,3.8094,3.8094,3.731,3.78,6638,0
20130117,3.78,3.78,3.7212,3.78,5412,0
20130118,3.7212,3.78,3.6723,3.78,10110,0
20130121,3.8096,3.8096,3.6921,3.79,20831,0
20130122,3.81,3.81,3.7512,3.81,8781,0
20130123,3.81,3.81,3.81,3.81,5411,0
20130124,3.7316,3.81,3.7316,3.81,5411,0
20130125,3.81,3.8198,3.7219,3.81,7964,0
20130128,3.81,3.81,3.81,3.81,6432,0
20130129,3.82,3.82,3.7414,3.82,29430,0
20130130,3.8,3.8,3.7412,3.8,3982,0
20130131,3.8004,3.82,3.7221,3.82,19908,0
20130201,3.8198,3.8198,3.8002,3.81,3165,0
20130204,3.82,3.82,3.6927,3.82,3471,0
20130205,3.82,3.82,3.6829,3.82,10107,0
20130206,3.82,3.82,3.7123,3.82,8984,0
20130207,3.8208,3.8698,3.7522,3.86,50934,0
20130208,3.86,3.86,3.8404,3.86,10411,0
20130211,3.86,3.86,3.8208,3.86,10922,0
20130212,3.86,3.8698,3.8306,3.86,5512,0
20130213,3.87,3.87,3.8602,3.87,15208,0
20130214,3.869,3.869,3.82,3.82,3063,0
20130215,3.869,3.869,3.7221,3.82,16743,0
20130218,3.82,3.82,3.7221,3.82,6024,0
20130219,3.82,3.8592,3.8102,3.82,15723,0
20130220,3.82,3.82,3.7514,3.82,1123,0
20130221,3.8179,3.8179,3.7102,3.72,11237,0
20130222,3.721,3.77,3.721,3.77,6332,0
20130225,3.7706,3.8,3.7216,3.8,5718,0
20130226,3.7408,3.78,3.7408,3.78,6638,0
20130227,3.7808,3.869,3.5751,3.82,14293,0
20130228,3.8198,3.8198,3.81,3.81,306,0
20130301,3.82,3.82,3.82,3.82,817,0
20130304,3.869,3.869,3.7416,3.82,5921,0
20130305,3.82,3.82,3.7416,3.82,2144,0
20130306,3.8202,3.8692,3.7712,3.83,12353,0
20130307,3.8694,3.8694,3.84,3.84,3267,0
20130308,3.8296,3.8296,3.7414,3.81,16336,0
20130311,3.8787,3.8787,3.7805,3.81,815,0
20130312,3.819,3.819,3.7308,3.77,12357,0
20130313,3.82,3.82,3.7221,3.82,8270,0
20130314,3.731,3.829,3.5254,3.78,48097,0
20130315,3.8194,3.8488,3.7214,3.79,20116,0
20130318,3.6204,3.7672,3.5617,3.64,11446,0
20130319,3.7494,3.7494,3.5829,3.72,4903,0
20130320,3.72,3.72,3.6025,3.72,4392,0
20130321,3.7196,3.7196,3.7,3.7,306,0
20130322,3.7,3.7,3.6021,3.7,2248,0
20130325,3.7085,3.7085,3.6202,3.63,4893,0
20130326,3.6211,3.6798,3.5721,3.67,15634,0
20130327,3.6802,3.69,3.6802,3.69,8480,0
20130328,3.6898,3.6898,3.5919,3.68,1226,0
20130402,3.691,3.8575,3.691,3.74,8273,0
20130403,3.78,3.78,3.6723,3.78,4493,0
20130404,3.721,3.8092,3.5937,3.77,11948,0
20130405,3.7794,3.7794,3.75,3.75,2349,0
20130408,3.7502,3.76,3.6033,3.76,3166,0
20130409,3.76,3.76,3.6327,3.76,3268,0
20130410,3.76,3.76,3.76,3.76,2349,0
20130411,3.7598,3.7598,3.6227,3.75,13686,0
20130412,3.7208,3.76,3.6229,3.76,10315,0
20130415,3.7589,3.7589,3.6023,3.71,4904,0
20130416,3.7096,3.7096,3.6017,3.69,3566,0
20130417,3.6798,3.6798,3.6602,3.67,4087,0
20130418,3.6808,3.7494,3.6808,3.72,1124,0
20130419,3.75,3.75,3.6129,3.75,1226,0
20130422,3.7479,3.7479,3.5913,3.65,2350,0
20130423,3.65,3.6696,3.6206,3.65,12876,0
20130424,3.6504,3.67,3.6113,3.67,4292,0
20130425,3.6206,3.65,3.5913,3.65,5825,0
20130426,3.6698,3.6698,3.66,3.66,920,0
20130429,3.6598,3.6598,3.5913,3.65,32088,0
20130430,3.6398,3.6496,3.5713,3.63,5417,0
20130502,3.6598,3.6598,3.5911,3.65,11313,0
20130503,3.6694,3.6694,3.5715,3.64,10629,0
20130506,3.6206,3.65,3.5717,3.65,16248,0
20130507,3.66,3.66,3.66,3.66,1834,0
20130508,3.659,3.659,3.61,3.61,9888,0
20130509,3.66,3.66,3.6109,3.66,2955,0
20130510,3.6513,3.71,3.6513,3.71,16039,0
20130513,3.7102,3.7396,3.6808,3.72,21247,0
20130514,3.76,3.76,3.76,3.76,2553,0
20130515,3.7196,3.7587,3.6902,3.7,4495,0
20130516,3.76,3.76,3.76,3.76,3677,0
20130517,3.7602,3.77,3.7602,3.77,16442,0
20130520,3.77,3.77,3.6623,3.77,13480,0
20130521,3.77,3.77,3.7112,3.77,2553,0
20130522,3.77,3.819,3.6917,3.77,48202,0
20130523,3.7805,3.8296,3.7314,3.81,19553,0
20130524,3.8092,3.8092,3.721,3.77,32168,0
20130527,3.77,3.77,3.721,3.77,9395,0
20130528,3.6917,3.77,3.6917,3.77,1123,0
20130529,3.7696,3.7696,3.7108,3.75,27882,0
20130530,3.701,3.75,3.701,3.75,33806,0
20130531,3.77,3.77,3.721,3.77,30330,0
20130603,3.7706,3.8196,3.7021,3.8,11027,0
20130604,3.8095,3.8095,3.78,3.78,2750,0
20130605,3.7898,3.7996,3.7113,3.78,12324,0
20130606,3.7902,3.8,3.7314,3.8,3880,0
20130607,3.8,3.8,3.7216,3.8,5309,0
20130610,3.8,3.8,3.6825,3.8,21953,0
20130611,3.8,3.8,3.7706,3.8,6535,0
20130612,3.79,3.79,3.79,3.79,1021,0
20130613,3.7706,3.8,3.7706,3.8,8883,0
20130614,3.7906,3.8592,3.771,3.82,17866,0
20130617,3.801,3.8598,3.801,3.85,62472,0
20130618,3.8598,3.8696,3.7716,3.85,58184,0
20130619,3.8598,3.8794,3.7226,3.85,26540,0
20130620,3.8396,3.8494,3.7221,3.82,31751,0
20130621,3.8488,3.8488,3.7214,3.79,57795,0
20130624,3.7906,3.8494,3.7612,3.82,29505,0
20130625,3.82,3.82,3.7612,3.82,11128,0
20130626,3.8198,3.8198,3.7219,3.81,18480,0
20130627,3.82,3.8298,3.771,3.82,24911,0
20130628,3.8304,3.85,3.7321,3.85,43578,0
20130701,3.8488,3.8488,3.6529,3.79,23281,0
20130702,3.7885,3.7885,3.72,3.72,5312,0
20130703,3.7017,3.8877,3.6429,3.78,85165,0
20130704,3.8788,3.8788,3.7514,3.82,5513,0
20130705,3.8668,3.8668,3.6711,3.72,12156,0
20130708,3.77,3.819,3.7112,3.77,14603,0
20130709,3.7885,3.7885,3.7102,3.72,13892,0
20130710,3.7098,3.7098,3.5336,3.7,23702,0
20130711,3.6796,3.7187,3.6209,3.66,37298,0
20130712,3.6711,3.8179,3.6221,3.72,41575,0
20130715,3.77,3.819,3.6623,3.77,38500,0
20130716,3.809,3.809,3.6817,3.76,715,0
20130717,3.77,3.77,3.77,3.77,102,0
20130718,3.7121,3.81,3.6729,3.81,20216,0
20130719,3.8092,3.819,3.7015,3.77,4493,0
20130722,3.7679,3.7679,3.5721,3.67,58243,0
20130723,3.67,3.67,3.67,3.67,102,0
20130724,3.6502,3.66,3.6013,3.66,8992,0
20130725,3.6602,3.67,3.6015,3.67,17166,0
20130726,3.63,3.63,3.6104,3.63,2242,0
20130729,3.63,3.63,3.5319,3.63,69617,0
20130730,3.6296,3.6296,3.5413,3.61,16412,0
20130731,3.62,3.62,3.5415,3.62,1325,0
20130801,3.6011,3.65,3.6011,3.65,55592,0
20130802,3.6496,3.6496,3.5417,3.63,21405,0
20130805,3.551,3.6294,3.551,3.6,15088,0
20130806,3.63,3.63,3.63,3.63,815,0
20130807,3.62,3.62,3.5613,3.62,4395,0
20130808,3.5515,3.62,3.5319,3.62,28210,0
20130809,3.6211,3.67,3.5526,3.67,31676,0
20130812,3.6698,3.6698,3.66,3.66,18291,0
20130813,3.6691,3.6691,3.6006,3.63,53248,0
20130814,3.6104,3.63,3.6104,3.63,10804,0
20130815,3.63,3.63,3.6104,3.63,9479,0
20130816,3.6307,3.6798,3.6307,3.67,76634,0
20130819,3.6611,3.71,3.6611,3.71,21759,0
20130820,3.6708,3.71,3.6317,3.71,2247,0
20130821,3.7102,3.7689,3.6711,3.72,17774,0
20130822,3.72,3.72,3.72,3.72,8887,0
20130823,3.7202,3.73,3.6321,3.73,12768,0
20130826,3.7298,3.7298,3.6221,3.72,15833,0
20130827,3.6694,3.6694,3.6204,3.64,17067,0
20130828,3.6402,3.6891,3.6304,3.65,12672,0
20130829,3.6717,3.7598,3.6717,3.75,59339,0
20130830,3.7502,3.7698,3.7305,3.76,2750,0
20130902,3.7604,3.7898,3.6821,3.78,49118,0
20130903,3.7808,3.82,3.7808,3.82,27463,0
20130904,3.8198,3.8198,3.7904,3.81,18991,0
20130905,3.8398,3.8692,3.7908,3.83,58497,0
20130906,3.8624,3.98,3.8133,3.98,23258,0
20130909,4.0984,4.2063,3.9808,4.02,49567,0
20130910,4.02,4.02,3.9514,4.02,33861,0
20130911,4.0198,4.0198,3.9218,4.01,27641,0
20130912,3.971,4.02,3.971,4.02,18664,0
20130913,4.02,4.0298,3.971,4.02,27027,0
20130916,4.02,4.02,3.971,4.02,46609,0
20130917,4.0194,4.0194,3.99,3.99,19483,0
20130918,4.0196,4.0196,3.9804,4,62526,0
20130919,4.0002,4.0198,3.9708,4.01,129840,0
20130920,4.0198,4.0394,4.01,4.01,96997,0
20130923,4.0108,4.0892,4.0108,4.05,125226,0
20130924,4.0391,4.0391,3.9609,4,109408,0
20130925,4.0306,4.0992,4.0306,4.06,74642,0
20130926,4.061,4.11,4.0217,4.11,74931,0
20130927,4.1129,4.25,4.0933,4.25,83941,0
20130930,4.2389,4.2389,4.1508,4.19,52300,0
20131001,4.1889,4.2379,4.0617,4.14,71522,0
20131002,4.1892,4.2283,4.15,4.15,103701,0
20131003,4.2,4.2098,4.1413,4.2,13176,0
20131004,4.2012,4.26,4.1914,4.26,74032,0
20131007,4.2702,4.3486,4.2016,4.28,68000,0
20131008,3.9984,4.0376,3.8416,3.92,164796,0
20131009,3.8875,3.8875,3.6721,3.77,284818,0
20131010,3.6309,3.67,3.5917,3.67,231744,0
20131011,3.6694,3.6791,3.6302,3.64,66940,0
20131014,3.6689,3.6689,3.6004,3.62,61633,0
20131015,3.6292,3.639,3.59,3.59,97056,0
20131016,3.6004,3.6298,3.6004,3.62,83993,0
20131017,3.6117,3.7194,3.5921,3.69,409387,0
20131018,3.7191,3.7191,3.6602,3.67,60023,0
20131021,3.6819,3.7798,3.6329,3.77,297073,0
20131022,3.7981,3.8275,3.7002,3.71,187355,0
20131023,3.7198,3.7589,3.6806,3.71,102769,0
20131024,3.7191,3.7387,3.6506,3.68,176148,0
20131025,3.6798,3.7189,3.6406,3.67,90838,0
20131028,3.67,3.7091,3.6406,3.67,55688,0
20131029,3.6798,3.6798,3.6211,3.67,46901,0
20131030,3.6785,3.6785,3.5313,3.6,244361,0
20131031,3.6496,3.6496,3.5711,3.63,51576,0
20131101,3.6104,3.63,3.5811,3.63,83398,0
20131104,3.6511,3.7198,3.6315,3.71,149468,0
20131105,3.7191,3.7191,3.67,3.67,16203,0
20131106,3.6891,3.6891,3.65,3.65,21562,0
20131107,3.6521,3.799,3.6325,3.75,302110,0
20131108,3.6813,3.7596,3.6715,3.74,55564,0
20131111,3.7275,3.7668,3.5902,3.6,279022,0
20131112,3.627,3.627,3.3918,3.48,323784,0
20131113,3.4819,3.5898,3.4623,3.58,153545,0
20131114,3.6,3.6294,3.5804,3.6,71565,0
20131115,3.63,3.63,3.5809,3.63,97545,0
20131118,3.6202,3.6594,3.5713,3.63,64082,0
20131119,3.6396,3.6396,3.6102,3.62,8460,0
20131120,3.58,3.6093,3.5507,3.58,28932,0
20131121,3.58,3.58,3.5604,3.58,25489,0
20131122,3.5711,3.6398,3.4926,3.63,113039,0
20131125,3.63,3.6594,3.5908,3.63,70025,0
20131126,3.6298,3.6298,3.62,3.62,58612,0
20131127,3.6298,3.6494,3.5906,3.62,6422,0
20131128,3.5806,3.6296,3.5806,3.61,7951,0
20131129,3.6292,3.6685,3.59,3.59,327871,0
20131202,3.6296,3.6296,3.6002,3.61,16412,0
20131203,3.6288,3.6288,3.5504,3.57,114604,0
20131204,3.5976,3.5976,3.4408,3.48,105684,0
20131205,3.45,3.5186,3.4402,3.45,50300,0
20131206,3.5184,3.5184,3.4106,3.44,38875,0
20131209,3.4284,3.4284,3.35,3.35,45532,0
20131210,3.2806,3.3688,3.1533,3.31,252121,0
20131211,3.2708,3.359,3.2708,3.31,30124,0
20131212,3.3279,3.3279,3.23,3.23,43217,0
20131213,3.2313,3.3879,3.2313,3.29,68221,0
20131216,3.3786,3.3786,3.2414,3.31,41050,0
20131217,3.2692,3.3083,3.23,3.23,141706,0
20131218,3.2421,3.389,3.2029,3.34,180812,0
20131219,3.3624,3.48,3.3134,3.48,152507,0
20131220,3.5112,3.57,3.4327,3.57,177514,0
20131223,3.524,3.71,3.524,3.71,201861,0
20131227,3.7098,3.7098,3.5825,3.7,242329,0
20131230,3.7091,3.7091,3.5721,3.67,68971,0
20140102,3.6896,3.6994,3.6015,3.67,16962,0
20140103,3.6691,3.6691,3.63,3.63,10220,0
20140106,3.6296,3.6492,3.5708,3.61,12131,0
20140107,3.6287,3.6287,3.56,3.56,44049,0
20140108,3.57,3.5896,3.5504,3.57,28957,0
20140109,3.58,3.5898,3.5506,3.58,44249,0
20140110,3.63,3.7674,3.6006,3.63,291719,0
20140113,3.6307,3.6994,3.6307,3.67,72456,0
20140114,3.7,3.7,3.6511,3.7,30342,0
20140115,3.7006,3.7594,3.7006,3.73,86925,0
20140116,3.77,3.7994,3.721,3.77,105594,0
20140117,3.7794,3.799,3.7206,3.75,143702,0
20140120,3.7191,3.7191,3.68,3.68,39133,0
20140121,3.7181,3.7181,3.63,3.63,44663,0
20140122,3.6894,3.6894,3.6404,3.66,43720,0
20140123,3.6983,3.6983,3.61,3.61,50766,0
20140124,3.6685,3.6685,3.6,3.6,73293,0
20140127,3.6389,3.6389,3.5411,3.59,57146,0
20140128,3.5594,3.6084,3.53,3.53,20091,0
20140129,3.5692,3.5692,3.4908,3.53,46606,0
20140130,3.54,3.5596,3.5302,3.54,2753,0
20140131,3.5804,3.6196,3.551,3.6,27321,0
20140203,3.5911,3.6598,3.5911,3.65,28231,0
20140204,3.6292,3.6685,3.59,3.59,36090,0
20140205,3.5215,3.6098,3.5019,3.6,11010,0
20140206,3.6084,3.6084,3.5202,3.53,29575,0
20140207,3.5398,3.5398,3.5007,3.53,21885,0
20140210,3.55,3.5598,3.5402,3.55,80762,0
20140211,3.5498,3.5596,3.54,3.54,57311,0
20140212,3.5506,3.5996,3.5506,3.58,96348,0
20140213,3.5707,3.6098,3.5609,3.6,95271,0
20140214,3.6106,3.6498,3.5813,3.64,85744,0
20140217,3.6994,3.807,3.6406,3.67,120777,0
20140218,3.6589,3.7569,3.6,3.6,172490,0
20140219,3.6611,3.7198,3.6121,3.71,47911,0
20140220,3.6989,3.6989,3.6304,3.65,8175,0
20140221,3.6594,3.7183,3.6202,3.63,45970,0
20140224,3.7183,3.7183,3.6202,3.63,24565,0
20140225,3.6689,3.6689,3.6002,3.61,14883,0
20140226,3.6202,3.63,3.5909,3.63,20543,0
20140227,3.62,3.62,3.5515,3.62,78804,0
20140228,3.6296,3.7179,3.61,3.61,113866,0
20140303,3.6092,3.6288,3.4817,3.57,199027,0
20140304,3.6104,3.6594,3.5809,3.63,25278,0
20140305,3.6591,3.6591,3.5906,3.62,18193,0
20140306,3.691,3.8085,3.6617,3.74,254326,0
20140307,3.7598,3.7696,3.7206,3.75,50147,0
20140310,3.7494,3.7689,3.6808,3.72,61597,0
20140311,3.7198,3.7198,3.7002,3.71,18184,0
20140312,3.72,3.7592,3.6711,3.72,118801,0
20140313,3.72,3.7689,3.7004,3.72,28602,0
20140314,3.7293,3.7293,3.6507,3.69,18138,0
20140317,3.7189,3.7189,3.67,3.67,221730,0
20140318,3.6998,3.7194,3.6313,3.69,92769,0
20140319,3.7681,3.7779,3.67,3.67,138084,0
20140320,3.7004,3.7298,3.6906,3.72,38613,0
20140321,3.75,3.7892,3.7206,3.75,102338,0
20140324,3.7596,3.7596,3.6813,3.74,100505,0
20140325,3.7396,3.7396,3.7102,3.72,10930,0
20140326,3.7206,3.75,3.7108,3.75,34317,0
20140327,3.7285,3.7285,3.6402,3.65,85815,0
20140328,3.7183,3.7183,3.6106,3.64,139807,0
20140331,3.7,3.7,3.6706,3.7,46892,0
20140401,3.6902,3.7098,3.6706,3.7,14711,0
20140402,3.7,3.7196,3.6413,3.7,45871,0
20140403,3.72,3.72,3.6808,3.72,44742,0
20140404,3.7194,3.7293,3.69,3.69,50745,0
20140407,3.7189,3.7189,3.67,3.67,8481,0
20140408,3.7189,3.7189,3.67,3.67,58345,0
20140409,3.7189,3.7189,3.6211,3.67,137738,0
20140410,3.7091,3.7091,3.67,3.67,38828,0
20140411,3.6794,3.6794,3.6009,3.65,55647,0
20140414,3.5913,3.6598,3.5913,3.65,24117,0
20140415,3.63,3.6496,3.63,3.63,34452,0
20140416,3.5909,3.63,3.5713,3.63,59483,0
20140417,3.6302,3.6498,3.6106,3.64,37609,0
20140422,3.65,3.6598,3.6304,3.65,13351,0
20140423,3.6691,3.6789,3.62,3.62,87051,0
20140424,3.6889,3.6889,3.63,3.63,106617,0
20140425,3.6292,3.6292,3.5802,3.59,105518,0
20140428,3.64,3.64,3.6008,3.64,8969,0
20140429,3.6294,3.6589,3.6,3.6,77988,0
20140430,3.6492,3.6492,3.61,3.61,6932,0
20140502,3.6394,3.6394,3.61,3.61,10806,0
20140505,3.6396,3.6396,3.62,3.62,7033,0
20140506,3.639,3.639,3.59,3.59,23754,0
20140507,3.639,3.639,3.59,3.59,31197,0
20140508,3.6189,3.6287,3.5602,3.57,53881,0
20140509,3.6104,3.63,3.5909,3.63,35260,0
20140512,3.6392,3.6392,3.6,3.6,147616,0
20140513,3.6196,3.6196,3.5902,3.6,5316,0
20140514,3.6294,3.6294,3.6,3.6,30176,0
20140515,3.629,3.629,3.58,3.58,128668,0
20140516,3.6251,3.6251,3.3802,3.39,188208,0
20140519,3.4508,3.5096,3.4214,3.49,36824,0
20140520,3.4991,3.5186,3.4209,3.46,104051,0
20140521,3.5092,3.5092,3.47,3.47,50805,0
20140522,3.509,3.5286,3.46,3.46,111715,0
20140523,3.47,3.519,3.47,3.47,13772,0
20140526,3.4806,3.559,3.4806,3.51,24683,0
20140527,3.5608,3.6294,3.5608,3.6,62186,0
20140528,3.6,3.6,3.5706,3.6,39453,0
20140529,3.5994,3.6288,3.57,3.57,25796,0
20140530,3.6094,3.6094,3.58,3.58,13560,0
20140602,3.5996,3.629,3.5604,3.58,50570,0
20140603,3.6098,3.6098,3.5804,3.6,25792,0
20140604,3.6196,3.6196,3.5707,3.6,10529,0
20140605,3.6098,3.6098,3.5707,3.6,13493,0
20140606,3.609,3.609,3.5306,3.56,35994,0
20140609,3.5704,3.5998,3.5509,3.59,11041,0
20140610,3.6092,3.6092,3.5504,3.57,11114,0
20140611,3.6298,3.6691,3.6004,3.62,75227,0
20140612,3.6298,3.6592,3.6102,3.62,85726,0
20140613,3.6496,3.6594,3.6202,3.63,83683,0
20140616,3.63,3.6692,3.6104,3.63,37306,0
20140617,3.65,3.6696,3.6402,3.65,22728,0
20140618,3.6619,3.75,3.6227,3.75,62097,0
20140619,3.7596,3.7596,3.7008,3.74,33604,0
20140620,3.7579,3.7579,3.6502,3.66,52217,0
20140623,3.7185,3.7185,3.6302,3.64,9581,0
20140624,3.7087,3.7087,3.6302,3.64,25481,0
20140625,3.7083,3.7083,3.6202,3.63,19623,0
20140626,3.6791,3.6791,3.6202,3.63,32617,0
20140627,3.69,3.69,3.63,3.67,47500,0
20140630,3.67,3.75,3.63,3.68,48000,0
20140701,3.7,3.7,3.68,3.68,2700,0
20140702,3.68,3.71,3.63,3.68,23900,0
20140703,3.68,3.71,3.65,3.71,51300,0
20140704,3.69,3.87,3.69,3.82,97300,0
20140707,3.75,3.82,3.71,3.74,29600,0
20140708,3.73,3.74,3.7,3.73,18300,0
20140709,3.73,3.73,3.68,3.7,16700,0
20140710,3.73,3.73,3.65,3.7,21200,0
20140711,3.73,3.73,3.65,3.71,30400,0
20140714,3.73,3.73,3.71,3.72,5700,0
20140715,3.72,3.72,3.67,3.68,5000,0
20140716,3.71,3.72,3.67,3.67,27800,0
20140717,3.67,3.7,3.67,3.67,13600,0
20140718,3.68,3.72,3.65,3.65,5400,0
20140721,3.68,3.69,3.65,3.65,28800,0
20140722,3.68,3.68,3.63,3.65,31100,0
20140723,3.7,3.7,3.66,3.7,2600,0
20140724,3.7,3.7,3.65,3.68,14700,0
20140725,3.7,3.72,3.63,3.63,7300,0
20140728,3.65,3.7,3.63,3.66,4900,0
20140729,3.71,3.72,3.63,3.63,12800,0
20140730,3.63,3.69,3.63,3.65,8500,0
20140731,3.63,3.7,3.63,3.66,21600,0
20140801,3.66,3.72,3.65,3.66,46900,0
20140804,3.72,3.72,3.62,3.62,17100,0
20140805,3.69,3.71,3.66,3.71,10500,0
20140806,3.704,3.709,3.642,3.709,22200,0
20140807,3.699,3.7,3.697,3.7,8880,0
20140808,3.651,3.7,3.55,3.6,45162,0
20140811,3.601,3.65,3.601,3.629,2334,0
20140812,3.694,3.694,3.56,3.64,10212,0
20140813,3.675,3.675,3.531,3.649,8157,0
20140814,3.601,3.645,3.6,3.612,6258,0
20140815,3.612,3.682,3.601,3.658,18205,0
20140818,3.657,3.657,3.6,3.624,6830,0
20140819,3.697,3.697,3.6,3.601,7086,0
20140820,3.604,3.611,3.602,3.602,8614,0
20140821,3.655,3.656,3.611,3.656,8402,0
20140822,3.62,3.63,3.601,3.625,24838,0
20140825,3.629,3.668,3.602,3.602,15025,0
20140826,3.605,3.725,3.603,3.725,18629,0
20140827,3.725,3.725,3.688,3.698,40715,0
20140828,3.729,3.729,3.67,3.725,42217,0
20140829,3.73,3.779,3.69,3.75,55474,0
20140901,3.768,3.78,3.756,3.775,48101,0
20140902,3.775,3.78,3.751,3.78,28966,0
20140903,3.779,3.78,3.751,3.78,6792,0
20140904,3.78,3.78,3.73,3.76,28289,0
20140905,3.759,3.85,3.759,3.83,26107,0
20140908,3.83,3.859,3.825,3.85,17021,0
20140909,3.84,3.89,3.829,3.89,41860,0
20140910,3.889,3.969,3.879,3.9,65276,0
20140911,3.88,3.9,3.83,3.85,40814,0
20140912,3.83,3.899,3.81,3.85,30622,0
20140915,3.893,3.893,3.78,3.85,57918,0
20140916,3.849,3.849,3.791,3.81,12519,0
20140917,3.81,3.897,3.81,3.847,9605,0
20140918,3.811,3.92,3.811,3.89,26550,0
20140919,3.864,3.864,3.791,3.791,14885,0
20140922,3.85,3.85,3.791,3.839,35473,0
20140923,3.839,3.839,3.823,3.823,756,0
20140924,3.805,3.839,3.78,3.83,14945,0
20140925,3.85,3.91,3.78,3.78,171040,0
20140926,3.78,3.8,3.75,3.8,48731,0
20140929,3.82,3.84,3.751,3.82,72535,0
20140930,3.84,3.84,3.767,3.767,10624,0
20141001,3.8,3.82,3.75,3.75,70132,0
20141002,3.773,3.8,3.751,3.751,4279,0
20141006,3.75,3.8,3.71,3.71,115585,0
20141007,3.776,3.776,3.71,3.71,9125,0
20141008,3.71,3.71,3.656,3.67,75068,0
20141009,3.686,3.69,3.67,3.68,9334,0
20141010,3.67,3.67,3.65,3.66,25362,0
20141013,3.661,3.68,3.651,3.676,84820,0
20141014,3.676,3.75,3.667,3.733,71167,0
20141015,3.75,3.75,3.65,3.661,4593,0
20141016,3.65,3.674,3.55,3.572,51101,0
20141017,3.6,3.65,3.6,3.616,11558,0
20141020,3.75,3.75,3.669,3.68,6481,0
20141021,3.67,3.68,3.623,3.623,6737,0
20141022,3.651,3.707,3.634,3.634,26236,0
20141023,3.698,3.699,3.698,3.699,2155,0
20141024,3.68,3.695,3.66,3.695,9722,0
20141027,3.69,3.7,3.65,3.65,37500,0
20141028,3.671,3.695,3.65,3.68,33017,0
20141029,3.7,3.7,3.65,3.65,34517,0
20141030,3.699,3.7,3.651,3.651,14591,0
20141031,3.699,3.749,3.68,3.7,53081,0
20141103,3.75,3.75,3.7,3.75,47951,0
20141104,3.76,3.76,3.74,3.75,54703,0
20141105,3.751,3.8,3.7,3.75,64348,0
20141106,3.706,3.745,3.7,3.702,11300,0
20141107,3.708,3.721,3.685,3.685,23350,0
20141110,3.77,3.77,3.685,3.728,8395,0
20141111,3.74,3.74,3.7,3.74,22050,0
20141112,3.739,3.789,3.724,3.77,56218,0
20141113,3.75,3.78,3.711,3.75,34514,0
20141114,3.786,3.975,3.782,3.95,402440,0
20141117,3.96,4.26,3.95,4.199,217588,0
20141118,4.2,4.439,4.031,4.4,273051,0
20141119,4.36,4.454,4.289,4.34,167145,0
20141120,4.33,4.45,4.32,4.45,87663,0
20141121,4.363,4.48,4.362,4.48,58636,0
20141124,4.4,4.479,4.4,4.479,30953,0
20141125,4.479,4.57,4.432,4.539,78899,0
20141126,4.56,4.56,4.48,4.547,46247,0
20141127,4.55,4.551,4.4,4.45,77716,0
20141128,4.45,4.5,4.421,4.49,37366,0
20141201,4.52,4.52,4.421,4.5,73524,0
20141202,4.441,4.46,4.301,4.455,80685,0
20141203,4.49,4.49,4.375,4.4,54000,0
20141204,4.413,4.419,4.351,4.368,35106,0
20141205,4.351,4.448,4.351,4.42,28259,0
20141208,4.363,4.59,4.363,4.59,69102,0
20141209,4.59,4.7,4.534,4.534,166187,0
20141210,4.599,4.699,4.599,4.664,55910,0
20141211,4.699,4.72,4.649,4.65,75548,0
20141212,4.67,4.72,4.61,4.69,35568,0
20141215,4.68,4.68,4.506,4.542,37332,0
20141216,4.52,4.654,4.501,4.62,37293,0
20141217,4.6,4.6,4.56,4.599,24453,0
20141218,4.6,4.678,4.5,4.6,84821,0
20141219,4.67,4.67,4.538,4.67,54326,0
20141222,4.63,4.709,4.58,4.69,60249,0
20141223,4.71,4.79,4.68,4.79,56196,0
20141229,4.75,4.945,4.75,4.945,102861,0
20141230,4.98,4.98,4.81,4.81,40073,0
20150102,4.859,4.95,4.75,4.933,32713,0
20150105,4.97,4.97,4.77,4.85,53847,0
20150106,4.8,4.85,4.781,4.84,18723,0
20150107,4.833,4.84,4.79,4.8,59950,0
20150108,4.8,4.8,4.706,4.8,40699,0
20150109,4.76,4.833,4.73,4.825,55740,0
20150112,4.875,4.875,4.75,4.87,33474,0
20150113,4.8,4.86,4.8,4.85,93797,0
20150114,4.78,4.88,4.769,4.85,36480,0
20150115,4.82,4.9,4.82,4.85,32448,0
20150116,4.801,4.89,4.801,4.89,8978,0
20150119,4.9,4.97,4.81,4.921,62769,0
20150120,4.97,4.97,4.82,4.9,66599,0
20150121,4.9,4.97,4.851,4.88,25379,0
20150122,4.852,4.97,4.852,4.92,16230,0
20150123,4.92,4.978,4.92,4.978,47992,0
20150126,4.93,4.966,4.921,4.93,44497,0
20150127,4.9,4.92,4.822,4.9,31606,0
20150128,4.821,4.905,4.821,4.9,23553,0
20150129,4.85,4.9,4.839,4.9,12909,0
20150130,4.89,4.91,4.82,4.82,33644,0
20150202,4.86,4.86,4.65,4.701,53265,0
20150203,4.654,4.9,4.654,4.8,105399,0
20150204,4.793,4.886,4.76,4.8,61956,0
20150205,4.8,4.945,4.783,4.91,42660,0
20150206,4.95,4.95,4.892,4.9,121922,0
20150209,4.945,4.945,4.855,4.9,37436,0
20150210,4.897,4.96,4.87,4.87,112326,0
20150211,4.9,4.98,4.87,4.98,22625,0
20150212,4.98,5.199,4.974,5.12,175790,0
20150213,5.07,5.162,5.07,5.106,42154,0
20150216,5.119,5.13,5.06,5.13,12082,0
20150217,5.1,5.1,4.85,5.029,68435,0
20150218,5.047,5.1,4.962,4.99,38873,0
20150219,4.999,5.048,4.95,5.048,97088,0
20150220,5.1,5.1,4.95,5.032,18394,0
20150223,4.995,5.05,4.97,5.042,47263,0
20150224,5.05,5.1,4.98,5.1,39310,0
20150225,5.1,5.1,4.988,5.023,134991,0
20150226,5.029,5.11,5.008,5.1,56133,0
20150227,5.15,5.201,5.044,5.16,84807,0
20150302,5.19,5.2,5.154,5.2,10629,0
20150303,5.2,5.2,5.03,5.08,111935,0
20150304,5.08,5.15,4.969,5.091,32456,0
20150305,5.09,5.2,5.09,5.2,24408,0
20150306,5.2,5.2,5.048,5.048,33461,0
20150309,5.1,5.25,5.093,5.25,75052,0
20150310,5.29,6.114,5.249,5.829,197279,0
20150311,5.829,5.993,5.801,5.863,70019,0
20150312,5.84,6.11,5.84,6.064,78890,0
20150313,6.065,6.134,5.9,6.047,99433,0
20150316,6.071,6.129,5.9,6.002,82526,0
20150317,6,6.05,5.959,5.98,36195,0
20150318,5.95,6.002,5.92,5.979,35272,0
20150319,6,6,5.92,5.94,59519,0
20150320,5.925,5.97,5.803,5.88,51745,0
20150323,6.031,6.14,5.981,6.069,120887,0
20150324,6.07,6.12,6,6.12,46761,0
20150325,6.14,6.15,6.043,6.121,62325,0
20150326,6.12,6.146,5.99,5.99,58150,0
20150327,6.01,6.1,5.99,6.053,40740,0
20150330,6.1,6.1,6.026,6.1,54508,0
20150331,6.055,6.17,6.055,6.103,83037,0
20150401,6.169,6.2,6.129,6.2,47968,0
20150402,6.22,6.401,6.166,6.253,71690,0
20150407,6.3,6.43,6.265,6.35,89746,0
20150408,6.35,6.389,6.314,6.34,77293,0
20150409,6.35,6.427,6.31,6.35,47435,0
20150410,6.35,6.43,6.321,6.416,66828,0
20150413,6.43,6.44,6.35,6.433,59808,0
20150414,6.39,6.45,6.39,6.445,43224,0
20150415,6.47,6.615,6.436,6.597,79876,0
20150416,6.6,6.6,6.5,6.55,79777,0
20150417,6.594,6.594,6.38,6.4,49982,0
20150420,6.4,6.477,6.3,6.448,38559,0
20150421,6.48,6.6,6.45,6.51,93752,0
20150422,6.58,6.597,6.45,6.502,85408,0
20150423,6.5,6.563,6.48,6.52,81428,0
20150424,6.52,6.6,6.52,6.52,51600,0
20150427,6.6,6.689,6.559,6.61,108393,0
20150428,6.66,6.759,6.61,6.61,77075,0
20150429,6.68,6.739,6.625,6.665,38343,0
20150430,6.651,6.675,6.452,6.452,86462,0
20150504,6.451,6.75,6.41,6.44,135691,0
20150505,6.61,6.61,6.499,6.5,23169,0
20150506,6.5,6.565,6.44,6.499,23256,0
20150507,6.44,6.573,6.41,6.5,81518,0
20150508,6.61,6.74,6.57,6.57,62969,0
20150511,6.77,6.809,6.637,6.809,94190,0
20150512,6.75,6.75,6.535,6.599,86586,0
20150513,6.668,6.721,6.578,6.68,59793,0
20150514,6.68,6.7,6.66,6.66,9870,0
20150515,6.7,6.701,6.66,6.7,28086,0
20150518,6.65,6.75,6.65,6.75,57617,0
20150519,6.701,6.745,6.659,6.745,93230,0
20150520,6.7,6.7,6.659,6.673,32361,0
20150521,6.7,6.85,6.659,6.735,96618,0
20150522,6.7,6.8,6.68,6.75,63858,0
20150526,6.8,6.85,6.762,6.799,52736,0
20150527,6.797,6.8,6.74,6.8,54148,0
20150528,6.79,6.8,6.753,6.77,78068,0
20150529,6.799,6.8,6.75,6.766,54885,0
20150601,6.836,6.862,6.7,6.7,21870,0
20150602,6.7,6.877,6.7,6.834,32223,0
20150603,6.85,6.86,6.76,6.767,72208,0
20150604,6.799,6.799,6.724,6.744,19857,0
20150605,6.744,6.765,6.724,6.724,38355,0
20150608,6.794,6.794,6.65,6.65,129721,0
20150609,6.675,6.677,6.41,6.47,117283,0
20150610,6.49,6.78,6.454,6.659,86080,0
20150611,6.7,6.788,6.66,6.66,43190,0
20150612,6.68,6.689,6.59,6.625,43277,0
20150615,6.64,6.65,6.52,6.547,55316,0
20150616,6.53,6.646,6.405,6.646,76440,0
20150617,6.647,6.7,6.587,6.65,154783,0
20150618,6.65,6.667,6.55,6.55,333808,0
20150619,6.6,6.65,6.55,6.56,103797,0
20150622,6.65,6.699,6.635,6.646,79562,0
20150623,6.69,6.716,6.06,6.456,296502,0
20150624,6.45,6.585,6.361,6.37,107352,0
20150625,6.398,6.455,6.361,6.387,117316,0
20150626,6.379,6.45,6.34,6.45,117012,0
20150629,6.29,6.59,6.1,6.37,99365,0
20150630,6.37,6.426,6.32,6.367,87528,0
20150701,6.38,6.505,6.375,6.428,66370,0
20150702,6.498,6.794,6.457,6.65,114454,0
20150703,6.629,6.72,6.6,6.68,80951,0
20150706,6.6,6.649,6.509,6.62,70167,0
20150707,6.649,6.649,6.461,6.47,74070,0
20150708,6.511,6.6,6.45,6.566,58883,0
20150709,6.591,6.605,6.561,6.561,96828,0
20150710,6.6,6.603,6.57,6.598,99573,0
20150713,6.616,6.904,6.616,6.875,196231,0
20150714,6.91,7.097,6.85,6.89,162270,0
20150715,6.9,6.918,6.821,6.9,77519,0
20150716,6.94,7.489,6.922,7.42,179539,0
20150717,7.43,7.5,7.43,7.5,162428,0
20150720,7.54,7.739,7.45,7.689,267781,0
20150721,7.74,7.798,7.69,7.74,145759,0
20150722,7.75,7.925,7.7,7.914,143958,0
20150723,7.94,8.09,7.755,7.839,264821,0
20150724,7.82,7.82,7.61,7.7,116226,0
20150727,7.6,7.666,7.35,7.409,144949,0
20150728,7.427,7.779,7.366,7.609,103711,0
20150729,7.679,7.679,7.499,7.6,105271,0
20150730,7.59,7.599,7.371,7.44,94926,0
20150731,7.344,7.48,7.32,7.446,62050,0
20150803,7.516,8.297,7.516,8.212,134968,0
20150804,8.18,8.253,7.871,8.14,117883,0
20150805,8.13,8.289,7.945,8.003,73932,0
20150806,8.02,8.199,8,8.1,65561,0
20150807,8.17,8.17,7.8,7.9,94962,0
20150810,7.97,8.02,7.866,7.866,55087,0
20150811,7.85,7.936,7.81,7.884,65351,0
20150812,7.814,7.85,7.31,7.45,167126,0
20150813,7.535,8.05,7.535,8.02,112708,0
20150814,8.05,8.178,7.668,7.949,236760,0
20150817,8.247,8.25,7.867,7.984,150989,0
20150818,8.054,8.094,7.77,8.009,88192,0
20150819,8.005,8.25,8,8.15,115916,0
20150820,8.05,8.088,7.75,7.83,212699,0
20150821,7.75,7.98,7.49,7.6,198715,0
20150824,7.1,7.5,6.81,7.235,390964,0
20150825,7.5,8.097,7.413,7.85,178354,0
20150826,7.85,7.86,7.622,7.713,95363,0
20150827,8,8.097,7.722,7.84,114981,0
20150828,8.3,8.599,8.1,8.236,619319,0
20150831,8.4,8.414,8.301,8.4,211033,0
20150901,8.395,8.396,8.051,8.38,161772,0
20150902,8.399,8.4,8.3,8.4,103745,0
20150903,8.45,8.654,8.401,8.643,187832,0
20150904,8.637,8.7,8.454,8.533,74631,0
20150907,8.655,8.655,8.5,8.558,87635,0
20150908,8.561,8.6,8.353,8.4,86956,0
20150909,8.65,8.696,8.54,8.63,77406,0
20150910,8.647,8.647,8.437,8.487,92468,0
20150911,8.547,8.588,8.41,8.41,61594,0
20150914,8.442,8.508,8.338,8.338,96921,0
20150915,8.31,8.37,8.1,8.219,173598,0
20150916,8.25,8.399,8.243,8.399,78012,0
20150917,8.4,8.4,8.301,8.4,51078,0
20150918,8.4,8.605,8.35,8.42,139486,0
20150921,8.365,8.5,8.075,8.435,110360,0
20150922,8.515,8.538,8.133,8.3,139532,0
20150923,8.22,8.22,8.11,8.15,65258,0
20150924,8.19,8.214,8.151,8.2,77671,0
20150925,8.25,8.421,8.235,8.373,110653,0
20150928,8.406,8.5,8.354,8.404,104787,0
20150929,8.35,8.399,8.31,8.33,131422,0
20150930,8.42,8.788,8.353,8.778,144203,0
20151001,8.965,9.167,8.8,8.843,263255,0
20151002,9.003,9.029,8.51,8.686,148371,0
20151005,8.901,8.964,8.671,8.771,128254,0
20151006,8.783,8.908,8.619,8.619,117104,0
20151007,8.753,8.754,8.605,8.701,145227,0
20151008,8.744,8.855,8.55,8.588,124822,0
20151009,8.68,8.724,8.352,8.4,185087,0
20151012,8.82,8.92,8.667,8.727,185187,0
20151013,8.651,8.848,8.65,8.841,70723,0
20151014,8.804,8.849,8.417,8.417,87749,0
20151015,8.49,8.694,8.4,8.597,67755,0
20151016,8.681,8.743,8.64,8.718,44154,0
20151019,8.75,8.87,8.4,8.817,199841,0
20151020,8.86,8.87,8.799,8.85,52262,0
20151021,8.85,8.85,8.739,8.806,78147,0
20151022,8.82,8.87,8.462,8.84,82157,0
20151023,8.85,8.85,8.621,8.85,103287,0
20151026,8.87,8.87,8.601,8.601,177329,0
20151027,8.65,8.674,8.599,8.614,69452,0
20151028,8.64,8.687,8.596,8.65,75570,0
20151029,8.65,8.651,8.6,8.65,77499,0
20151030,8.65,8.869,8.566,8.815,96142,0
20151102,8.823,8.879,8.747,8.87,103313,0
20151103,8.88,8.88,8.838,8.87,41629,0
20151104,8.88,8.93,8.826,8.922,94237,0
20151105,8.916,9.4,8.892,9.052,206501,0
20151106,9.095,9.231,9.039,9.199,126891,0
20151109,9.21,9.21,9.01,9.05,107205,0
20151110,9.01,9.08,8.976,9.05,64538,0
20151111,9.056,9.08,8.968,9.03,96033,0
20151112,9.03,9.049,8.969,9,179191,0
20151113,9.07,9.135,9,9.066,94635,0
20151116,8.961,9.1,8.948,9.03,78363,0
20151117,9.099,9.099,9.016,9.085,81893,0
20151118,9.08,9.08,8.953,9.08,229816,0
20151119,9.089,9.089,8.521,8.689,265222,0
20151120,9.07,9.07,8.688,8.94,311010,0
20151123,9,9.02,8.9,8.97,95119,0
20151124,9,9.004,8.823,8.907,147935,0
20151125,9,9,8.87,8.9,66211,0
20151126,8.999,8.999,8.811,8.9,161915,0
20151127,8.905,8.95,8.88,8.919,115815,0
20151130,8.93,9.048,8.861,8.98,658951,0
20151201,9,9.07,8.948,8.967,170762,0
20151202,9,9.02,8.9,9.008,75676,0
20151203,8.93,9.014,8.88,8.97,90445,0
20151204,8.999,8.999,8.736,8.736,58697,0
20151207,8.883,9,8.81,8.997,44041,0
20151208,8.919,8.97,8.681,8.681,42271,0
20151209,8.651,8.722,8.34,8.655,180150,0
20151210,8.48,8.55,7.85,8.105,359680,0
20151211,8.139,8.255,7.809,8.05,144821,0
20151214,7.75,8.049,7.71,7.85,280752,0
20151215,7.96,8.077,7.885,8.016,137438,0
20151216,8.195,8.227,7.95,8.023,121364,0
20151217,8.153,8.25,8.059,8.107,94079,0
20151218,8.117,8.12,7.94,8.078,86883,0
20151221,8.124,8.124,7.9,8.028,97903,0
20151222,8,8.092,8,8,73822,0
20151223,8.069,8.15,7.859,8,64618,0
20151228,8.069,8.082,7.853,7.902,57033,0
20151229,7.92,8.2,7.883,7.956,83101,0
20151230,7.95,7.95,7.85,7.89,52094,0
20160104,7.77,7.798,7.459,7.765,176842,0
20160105,7.701,7.835,7.701,7.82,99549,0
20160106,7.82,7.911,7.7,7.911,61406,0
20160107,7.6,7.659,7.3,7.326,233643,0
20160108,7.317,7.529,7.317,7.353,102430,0
20160111,7.38,7.38,7.051,7.051,177102,0
20160112,7.055,7.266,7.055,7.25,143979,0
20160113,7.3,7.969,7.26,7.816,159158,0
20160114,7.8,7.807,7.45,7.654,110560,0
20160115,7.72,7.739,7.3,7.3,104034,0
20160118,7.325,7.507,7.085,7.119,119119,0
20160119,7.497,7.54,7.258,7.371,51868,0
20160120,7.22,7.32,7.055,7.059,76383,0
20160121,7.065,7.39,7.05,7.2,71508,0
20160122,7.49,7.49,7.19,7.356,86508,0
20160125,7.448,7.558,7.302,7.558,70931,0
20160126,7.4,7.646,7.4,7.589,136663,0
20160127,7.7,7.779,7.625,7.71,56375,0
20160128,7.75,7.79,7.65,7.698,40223,0
20160129,7.7,7.75,7.69,7.7,75034,0
20160201,7.75,7.79,7.7,7.79,86659,0
20160202,7.72,7.77,7.7,7.75,31423,0
20160203,7.75,7.76,7.4,7.581,140215,0
20160204,7.602,7.657,7.4,7.48,51622,0
20160205,7.511,7.545,7.347,7.353,157634,0
20160208,7.354,7.36,6.36,6.36,344388,0
20160209,6.5,6.879,6.21,6.479,404951,0
20160210,6.55,6.98,6.544,6.974,174327,0
20160211,6.995,7.031,6.77,6.93,89689,0
20160212,6.961,7.2,6.961,7.1,86104,0
20160215,7.3,7.35,7.215,7.302,57813,0
20160216,7.38,7.38,7.1,7.25,68076,0
20160217,7.211,7.345,7.211,7.31,103099,0
20160218,7.3,7.6,7.3,7.517,124137,0
20160219,7.5,7.5,7.182,7.351,79984,0
20160222,7.421,7.51,7.284,7.5,37789,0
20160223,7.45,7.49,7.331,7.331,43430,0
20160224,7.325,7.325,7.13,7.137,26247,0
20160225,7.207,7.3,6.967,6.97,89854,0
20160226,6.97,7.3,6.96,6.981,78499,0
20160229,6.99,7.127,6.99,7.022,52004,0
20160301,7.092,7.614,7.04,7.614,36094,0
20160302,7.7,7.71,7.552,7.56,59580,0
20160303,7.6,7.61,7.56,7.56,18179,0
20160304,7.58,7.605,7.503,7.57,40706,0
20160307,7.57,7.57,7.4,7.542,37495,0
20160308,7.57,7.57,7.203,7.252,42983,0
20160309,7.26,7.39,7.191,7.32,19746,0
20160310,7.499,7.6,7.253,7.253,52323,0
20160311,7.329,7.56,7.266,7.336,37686,0
20160314,7.4,7.402,7.255,7.372,31631,0
20160315,7.472,7.472,7.266,7.266,20242,0
20160316,7.3,7.36,7.28,7.3,23205,0
20160317,7.35,7.395,7.3,7.3,37189,0
20160318,7.3,7.364,7.041,7.14,62020,0
20160321,7.24,7.385,7.18,7.18,40289,0
20160322,7.28,7.28,6.96,7.01,68619,0
20160323,7.05,7.55,7.05,7.424,92391,0
20160324,7.439,7.45,7.252,7.409,27250,0
20160329,7.41,7.424,6.951,7.103,109959,0
20160330,7.138,7.269,7.013,7.269,106310,0
20160331,7.269,7.4,7.076,7.327,146012,0
20160401,7.19,7.285,7.05,7.2,129141,0
20160404,7.085,7.25,7.085,7.16,67116,0
20160405,7.128,7.128,7.021,7.089,69416,0
20160406,7.055,7.11,7.05,7.085,39961,0
20160407,7.085,7.19,7.06,7.08,123236,0
20160408,7.18,7.29,7.105,7.121,62820,0
20160411,7.2,7.2,7.13,7.163,18485,0
20160412,7.18,7.18,7.082,7.14,22530,0
20160413,7.14,7.24,7.115,7.145,44754,0
20160414,7.16,7.16,7.05,7.107,26713,0
20160415,7.2,7.2,7.012,7.09,42604,0
20160418,7.189,7.189,7.063,7.106,115307,0
20160419,7.189,7.189,7.102,7.132,73253,0
20160420,7.188,7.2,7.065,7.132,38371,0
20160421,7.04,7.073,6.812,6.86,386243,0
20160422,6.9,6.988,6.871,6.964,96764,0
20160425,6.99,6.99,6.87,6.896,33455,0
20160426,6.9,6.91,6.802,6.816,64477,0
20160427,6.85,6.869,6.76,6.775,64565,0
20160428,6.775,6.833,6.71,6.817,174279,0
20160429,6.82,6.839,6.746,6.746,126094,0
20160502,6.73,6.857,6.73,6.808,38470,0
20160503,6.805,6.816,6.72,6.72,40052,0
20160504,6.77,6.77,6.57,6.62,104375,0
20160505,6.661,6.661,6.6,6.615,44319,0
20160506,6.61,6.713,6.61,6.624,50958,0
20160509,6.545,6.759,6.545,6.595,141397,0
20160510,6.765,6.765,6.3,6.5,209286,0
20160511,6.5,6.739,6.48,6.52,120719,0
20160512,6.5,6.696,6.47,6.5,140783,0
20160513,6.5,6.591,6.481,6.579,67559,0
20160517,6.739,6.739,6.483,6.5,99204,0
20160518,6.484,6.51,6.455,6.5,55260,0
20160519,6.5,6.5,6.26,6.3,101424,0
20160520,6.4,6.47,6.28,6.4,59975,0
20160523,6.36,6.51,6.36,6.5,36442,0
20160524,6.5,6.519,6.487,6.5,42520,0
20160525,6.42,6.535,6.42,6.47,32464,0
20160526,6.42,6.51,6.33,6.51,75488,0
20160527,6.48,6.486,6.32,6.389,54019,0
20160530,6.366,6.377,6.07,6.236,341909,0
20160531,6.298,6.325,6.025,6.061,345143,0
20160601,6.1,6.1,5.802,5.802,370562,0
20160602,5.888,6.1,5.75,6.088,417825,0
20160603,6.15,6.174,5.96,6.088,167205,0
20160606,6.1,6.1,5.99,6.02,114224,0
20160607,5.99,6.049,5.956,6.018,126712,0
20160608,6.05,6.097,5.999,6.097,127182,0
20160609,6.09,6.2,6.035,6.2,203990,0
20160610,6.13,6.195,6,6.05,152786,0
20160613,6.06,6.06,5.86,5.931,74627,0
20160614,5.86,5.94,5.612,5.87,137908,0
20160615,5.87,6.09,5.86,5.973,116561,0
20160616,5.83,5.943,5.764,5.803,103525,0
20160617,5.869,6.059,5.767,6.059,371788,0
20160620,6.08,6.08,5.821,5.953,138323,0
20160621,5.961,5.961,5.81,5.917,63691,0
20160622,5.96,6.03,5.837,5.903,78281,0
20160623,5.881,5.891,5.83,5.846,31483,0
20160624,5.764,5.975,5.31,5.975,136515,0
20160627,5.88,6.01,5.77,5.829,65664,0
20160628,5.94,5.94,5.792,5.809,54556,0
20160629,5.89,5.89,5.796,5.888,64753,0
20160630,5.931,5.931,5.849,5.91,35908,0
20160701,5.94,5.99,5.86,5.97,63300,0
20160704,6,6.014,5.882,5.914,36377,0
20160705,5.983,5.983,5.8,5.89,72485,0
20160706,5.81,5.854,5.665,5.68,110289,0
20160707,5.68,5.72,5.665,5.68,36667,0
20160708,5.69,5.716,5.65,5.716,33589,0
20160711,5.79,5.833,5.761,5.82,23922,0
20160712,5.805,5.89,5.805,5.889,49576,0
20160713,5.88,5.94,5.83,5.832,29609,0
20160714,5.87,5.98,5.832,5.9,69402,0
20160715,5.93,6.215,5.93,6.05,194539,0
20160718,6.14,6.235,6.07,6.151,57735,0
20160719,6.25,6.25,6.04,6.13,72980,0
20160720,6.15,6.178,6.007,6.178,34625,0
20160721,6.149,6.151,6.041,6.08,28183,0
20160722,6.04,6.078,6,6,8099,0
20160725,6.023,6.023,5.9,5.91,14215,0
20160726,6,6.01,5.83,5.836,21018,0
20160727,5.936,5.951,5.821,5.94,33091,0
20160728,5.92,6.034,5.92,6.02,14613,0
20160729,6.039,6.04,5.921,6.04,19791,0
20160801,6.061,6.07,6.037,6.04,18223,0
20160802,6.13,6.15,6.04,6.15,51719,0
20160803,6.099,6.15,6.032,6.15,52769,0
20160804,6.06,6.166,6.01,6.01,20547,0
20160805,6.05,6.112,6,6.112,11973,0
20160808,6.108,6.108,6.015,6.093,12517,0
20160809,6.015,6.15,6.015,6.127,26929,0
20160810,6.102,6.4,5.986,6.234,147056,0
20160811,6.28,6.433,6.168,6.399,121056,0
20160812,6.401,6.625,6.34,6.351,64452,0
20160815,6.449,6.449,6.3,6.361,75409,0
20160816,6.366,6.366,6.225,6.225,79480,0
20160817,6.3,6.3,6.021,6.068,58754,0
20160818,6.07,6.135,6.07,6.134,47625,0
20160819,6.135,6.15,6.05,6.09,18765,0
20160822,6.09,6.16,6.04,6.16,18929,0
20160823,6.165,6.17,6.085,6.164,26627,0
20160824,6.18,6.208,6.12,6.184,45803,0
20160825,6.183,6.194,6.14,6.14,35168,0
20160826,6.15,6.22,6.144,6.18,59119,0
20160829,6.2,6.22,6.152,6.21,59788,0
20160830,6.24,6.295,6.2,6.29,138718,0
20160831,6.3,6.374,6.299,6.372,198239,0
20160901,6.33,6.45,6.33,6.43,186345,0
20160902,6.49,6.699,6.48,6.59,201748,0
20160905,6.64,6.73,6.601,6.69,172665,0
20160906,6.71,6.83,6.674,6.725,142308,0
20160907,6.76,6.785,6.73,6.73,61901,0
20160908,6.76,6.77,6.671,6.7,108715,0
20160909,6.68,6.719,6.5,6.5,99994,0
20160912,6.5,6.6,6.269,6.315,98380,0
20160913,6.321,6.45,6.321,6.365,64858,0
20160914,6.465,6.465,6.21,6.24,67691,0
20160915,6.25,6.334,6.1,6.129,132440,0
20160916,6.15,6.229,6.138,6.22,85709,0
20160919,6.22,6.23,6.188,6.21,20234,0
20160920,6.24,6.25,6.168,6.222,42445,0
20160921,6.18,6.243,6.16,6.22,35528,0
20160922,6.3,6.385,6.18,6.344,104740,0
20160923,6.39,6.42,6.318,6.41,46532,0
20160926,6.42,6.485,6.418,6.445,77591,0
20160927,6.49,6.54,6.42,6.54,35553,0
20160928,6.6,6.615,6.42,6.559,77604,0
20160929,6.659,6.77,6.625,6.72,95642,0
20160930,6.7,6.7,6.548,6.608,45270,0
20161004,6.67,6.77,6.6,6.77,126927,0
20161005,6.79,6.8,6.6,6.8,84365,0
20161006,6.703,6.788,6.703,6.756,42275,0
20161007,6.72,6.785,6.72,6.746,14917,0
20161010,6.789,6.789,6.481,6.618,85355,0
20161011,6.65,6.7,6.558,6.67,90207,0
20161012,6.696,7.1,6.67,6.94,396859,0
20161013,6.95,7.029,6.84,7.029,164811,0
20161014,7.015,7.05,6.99,7.02,83247,0
20161017,7.05,7.05,6.99,7.009,53415,0
20161018,7,7.049,6.95,7.049,58632,0
20161019,6.983,7,6.844,7,126400,0
20161020,6.9,6.9,6.705,6.84,330857,0
20161021,6.8,6.89,6.8,6.86,192872,0
20161024,6.884,6.92,6.739,6.83,147730,0
20161025,6.772,6.81,6.635,6.703,166722,0
20161026,6.68,6.68,6.51,6.55,197565,0
20161027,6.555,6.61,6.479,6.5,213300,0
20161028,6.5,6.526,6.482,6.5,79248,0
20161031,6.5,6.535,6.48,6.5,192766,0
20161101,6.5,6.53,6.41,6.457,71659,0
20161102,6.4,6.451,6.15,6.41,312581,0
20161103,6.4,6.5,6.37,6.4,101364,0
20161104,6.4,6.4,6.268,6.27,207778,0
20161107,6.28,6.32,6.278,6.28,60445,0
20161108,6.32,6.4,6.265,6.348,71274,0
20161109,6.209,6.349,6.195,6.28,171005,0
20161110,6.251,6.28,6.163,6.19,100018,0
20161111,6.2,6.25,6.103,6.105,148908,0
20161114,6.12,6.25,6.102,6.2,202307,0
20161115,6.25,6.25,6.11,6.176,97578,0
20161116,6.2,6.26,6.163,6.26,119847,0
20161117,6.25,6.34,6.2,6.24,134303,0
20161118,6.29,6.29,6.17,6.195,64523,0
20161121,6.15,6.25,6.11,6.18,139436,0
20161122,6.23,6.23,6.074,6.088,166623,0
20161123,6.08,6.168,6.05,6.1,126467,0
20161124,6.14,6.16,6.056,6.108,57708,0
20161125,6.124,6.163,6.01,6.07,109483,0
20161128,6.1,6.1,5.95,5.98,410753,0
20161129,5.986,6.04,5.986,6.005,131040,0
20161130,6.05,6.34,6.05,6.34,369977,0
20161201,6.36,6.36,6.144,6.146,376034,0
20161202,6.29,6.303,6.156,6.303,167354,0
20161205,6.34,6.34,6.22,6.3,115999,0
20161206,6.31,6.359,6.22,6.283,100634,0
20161207,6.26,6.29,6.15,6.228,160970,0
20161208,6.335,6.335,6.218,6.3,159634,0
20161209,6.25,6.34,6.2,6.302,155518,0
20161212,6.3,6.32,6.271,6.3,135802,0
20161213,6.3,6.33,6.261,6.28,182985,0
20161214,6.245,6.304,6.245,6.3,125731,0
20161215,6.299,6.299,6.22,6.24,138336,0
20161216,6.259,6.259,6.17,6.19,228502,0
20161219,6.21,6.364,6.2,6.305,182820,0
20161220,6.314,6.34,6.254,6.27,82616,0
20161221,6.276,6.34,6.265,6.34,58037,0
20161222,6.3,6.3,6.22,6.249,55881,0
20161223,6.273,6.345,6.273,6.34,96383,0
20161227,6.33,6.371,6.302,6.31,58490,0
20161228,6.333,6.488,6.31,6.4,106849,0
20161229,6.35,6.44,6.35,6.368,68194,0
20161230,6.4,6.409,6.35,6.35,55609,0
20170102,6.37,6.588,6.37,6.42,174797,0
20170103,6.43,6.47,6.392,6.47,145286,0
20170104,6.431,6.453,6.331,6.331,126111,0
20170105,6.334,6.399,6.334,6.35,45222,0
20170106,6.35,6.368,6.23,6.33,141708,0
20170109,6.349,6.349,6.2,6.2,108219,0
20170110,6.2,6.29,6.2,6.256,110945,0
20170111,6.307,6.359,6.231,6.27,102995,0
20170112,6.27,6.273,6.21,6.257,107775,0
20170113,6.283,6.283,6.221,6.27,71783,0
20170116,6.231,6.271,6.227,6.25,66671,0
20170117,6.211,6.251,6.195,6.2,148085,0
20170118,6.23,6.239,6.173,6.22,115712,0
20170119,6.22,6.311,6.163,6.287,88405,0
20170120,6.249,6.251,6.17,6.18,224448,0
20170123,6.2,6.2,6.141,6.17,194967,0
20170124,6.2,6.2,6.144,6.178,156629,0
20170125,6.2,6.248,6.142,6.159,256586,0
20170126,6.2,6.209,6.06,6.157,412817,0
20170127,6.19,6.19,6.032,6.09,481728,0
20170130,6.092,6.092,6.007,6.04,380757,0
20170131,6.03,6.078,5.98,6.07,546022,0
20170201,6.1,6.14,6.047,6.098,389143,0
20170202,6.1,6.35,6.085,6.35,853931,0
20170203,6.3,6.41,6.3,6.35,338653,0
20170206,6.37,6.39,6.293,6.33,226478,0
20170207,6.311,6.327,6.236,6.261,183278,0
20170208,6.281,6.281,6.221,6.24,149166,0
20170209,6.287,6.287,6.231,6.259,92646,0
20170210,6.28,6.281,6.199,6.249,159603,0
20170213,6.298,6.298,6.23,6.248,94548,0
20170214,6.234,6.312,6.234,6.312,107245,0
20170215,6.346,6.349,6.26,6.349,109981,0
20170216,6.36,6.4,6.33,6.378,64142,0
20170217,6.35,6.43,6.33,6.408,129639,0
20170220,6.455,6.488,6.395,6.48,140273,0
20170221,6.47,6.589,6.47,6.579,353002,0
20170222,6.59,6.61,6.541,6.6,347643,0
20170223,6.55,6.62,6.549,6.6,301683,0
20170224,6.504,6.536,6.34,6.357,350989,0
20170227,6.4,6.41,6.31,6.395,107421,0
20170228,6.4,6.64,6.395,6.606,348588,0
20170301,6.681,6.7,6.605,6.648,260803,0
20170302,6.667,6.748,6.634,6.746,314932,0
20170303,6.727,6.738,6.611,6.65,118305,0
20170306,6.73,6.779,6.628,6.721,144073,0
20170307,6.72,6.736,6.56,6.604,80265,0
20170308,6.14,6.39,6.13,6.29,1668843,0
20170309,6.32,6.33,6.24,6.25,416590,0
20170310,6.26,6.315,6.248,6.258,165590,0
20170313,6.269,6.286,6.238,6.276,201296,0
20170314,6.284,6.284,6.222,6.223,128393,0
20170315,6.221,6.25,6.21,6.23,150622,0
20170316,6.26,6.26,6.19,6.208,165598,0
20170317,6.225,6.399,6.19,6.373,203269,0
20170320,6.345,6.357,6.267,6.28,60929,0
20170321,6.285,6.298,6.225,6.225,78814,0
20170322,6.22,6.243,6.15,6.2,175594,0
20170323,6.187,6.238,6.151,6.23,109393,0
