Date,Open,High,Low,Close,Volume,OpenInt
20090406,7.1476,7.5109,7.1476,7.5109,5310,0
20090407,7.4716,7.5109,7.236,7.4029,5877,0
20090408,7.0985,7.5109,7.0985,7.5109,7384,0
20090409,7.5109,7.5109,7.4618,7.5109,7119,0
20090414,7.3636,7.56,7.236,7.4029,399,0
20090415,7.1476,7.8938,7.1476,7.7073,4948,0
20090416,7.5502,7.8545,7.5109,7.8055,2546,0
20090422,7.344,7.7564,7.3342,7.7073,2037,0
20090423,7.5796,7.7073,7.4225,7.5993,43,0
20090429,7.4225,7.6582,7.4225,7.4913,3056,0
20090505,7.2851,7.6582,7.0691,7.3244,204,0
20090506,7.0789,7.6582,7.0789,7.3244,4410,0
20090514,7.1673,7.3636,7.1673,7.3636,1528,0
20090519,7.2262,7.3636,7.1967,7.2655,14633,0
20090522,7.1378,7.3636,7.1378,7.2655,5093,0
20090526,7.1182,7.3636,7.1182,7.3636,5602,0
20090527,7.1673,7.7465,7.1673,7.5305,7588,0
20090603,7.3047,7.8545,7.3047,7.8545,153,0
20090604,7.5305,7.8545,7.5109,7.6876,1019,0
20090609,7.3244,7.8545,7.3244,7.5109,133,0
20090615,7.2753,7.5207,7.2753,7.5207,5232,0
20090629,6.9415,7.2655,6.9218,7.0495,2037,0
20090708,6.9807,7.1673,6.8727,6.8727,5093,0
20090710,6.6567,6.8335,6.6567,6.7549,6924,0
20090715,6.5684,6.8335,6.5585,6.8335,306,0
20090716,6.6567,6.8727,6.6567,6.8727,5306,0
20090721,6.8531,7.1476,6.8531,7.1476,815,0
20090727,7.1476,7.3636,7.1476,7.1673,713,0
20090730,7.1967,7.1967,7.1673,7.1673,285,0
20090811,7.1476,7.3636,7.1476,7.1673,1116,0
20090812,7.0298,7.0298,6.7745,7.0298,102,0
20090813,6.8924,6.8924,6.6371,6.8727,866,0
20090814,6.7353,6.7353,6.4898,6.6764,306,0
20090817,6.4604,6.7942,6.3622,6.7942,306,0
20090818,6.588,6.6469,6.4113,6.5978,306,0
20090819,6.7549,6.8825,6.3622,6.8825,1538,0
20090820,6.6273,6.8236,6.3818,6.588,4730,0
20090821,6.5095,6.6665,6.3622,6.6665,306,0
20090825,6.5978,6.6665,6.5978,6.6665,77,0
20090901,6.6665,6.9022,6.6665,6.9022,3157,0
20090902,6.9022,7.1575,6.9022,7.1575,285,0
20090903,6.8727,7.4618,6.8727,7.4618,1426,0
20090904,7.2262,7.6385,7.2262,7.6385,611,0
20090908,7.6091,7.7367,7.6091,7.7367,509,0
20090909,7.5796,8.0313,7.5796,8.0313,316,0
20090910,7.7269,8.3258,7.7269,8.3258,815,0
20090911,8.0509,8.5418,8.0509,8.3455,2210,0
20090914,8.1295,8.3455,8.1295,8.3455,509,0
20090915,8.2178,8.3455,8.2178,8.3455,204,0
20090916,8.1982,8.4829,8.1982,8.3455,5469,0
20090917,8.1687,8.3455,8.1687,8.3455,3070,0
20090930,8.0509,8.1491,8.0509,8.1491,7028,0
20091007,8.0215,8.1491,8.0215,8.1491,117,0
20091016,8.1295,8.1491,8.1,8.1,5704,0
20091022,7.5011,7.5011,6.8629,6.8629,2546,0
20091026,6.8531,7.1182,6.8531,7.1182,1019,0
20091027,6.8335,7.1182,6.8335,6.8629,4380,0
20091102,6.8335,7.1182,6.8335,7.1084,20,0
20091103,6.8531,7.1182,6.8531,7.1084,509,0
20091104,6.8335,7.1182,6.8335,7.1084,306,0
20091106,7.0789,7.2065,6.8727,7.1084,407,0
20091110,6.8727,7.1084,6.6371,7.0396,733,0
20091111,6.7745,7.1084,6.7745,7.0691,306,0
20091112,6.9611,7.1084,6.8727,7.0102,306,0
20091113,6.588,6.8727,6.588,6.7745,306,0
20091116,6.6665,6.8727,6.6665,6.8727,725,0
20091123,6.7844,6.8727,6.7745,6.7745,143,0
20091130,6.7156,6.9709,6.6764,6.9709,7435,0
20091202,6.804,7.3636,6.7745,7.3636,8657,0
20091203,7.0985,7.8349,6.7745,7.8349,917,0
20091204,7.7465,8.1491,6.7745,8.1491,818,0
20091207,6.7745,8.64,6.7745,8.64,509,0
20091208,8.2964,9.1309,6.7745,9.1309,1019,0
20091209,8.2964,9.622,6.7745,8.9345,1273,0
20091210,8.4535,9.622,8.4535,9.622,188,0
20091211,9.818,10.113,8.8364,9.828,1376,0
20091214,9.818,9.818,8.8364,9.818,102,0
20091215,10.005,10.015,8.8364,9.818,1697,0
20091216,9.4745,9.916,9.4745,9.916,306,0
20091218,9.514,9.916,9.4255,9.4255,4329,0
20091221,9.4058,9.916,9.4058,9.4255,5449,0
20091222,9.1996,9.916,9.1996,9.524,306,0
20091228,9.553,9.818,9.524,9.818,1120,0
20091229,9.4156,9.818,9.4156,9.622,155,0
20091230,9.1702,9.72,9.1702,9.622,560,0
20100104,9.2291,9.524,9.0327,9.0327,611,0
20100105,8.9738,9.4255,8.8364,8.8364,4380,0
20100107,8.5732,9.4255,8.5732,9.0327,3361,0
20100108,8.9738,9.4255,8.9738,9.1309,12069,0
20100111,9.1505,9.4255,8.7382,9.0818,6111,0
20100115,9.2782,9.4255,9.2782,9.3273,4074,0
20100118,9.3175,9.4255,9.3175,9.3273,4028,0
20100122,9.2684,9.4255,9.2684,9.4255,5602,0
20100208,9.2193,9.524,9.1309,9.524,204,0
20100209,9.1309,9.524,9.1309,9.1309,611,0
20100211,9.182,9.524,8.8855,8.8855,18,0
20100218,8.8766,9.3273,8.8766,8.9345,21,0
20100301,8.9836,9.18,8.9345,8.9345,50,0
20100305,8.9345,9.18,8.9345,8.9345,306,0
20100308,8.9247,9.18,8.9247,8.9345,20,0
20100309,8.8619,9.18,8.8619,8.9247,20,0
20100310,8.8639,9.18,8.8639,8.9345,3565,0
20100312,8.9169,9.18,8.9169,9.0327,13037,0
20100317,8.6302,9.0818,8.6302,8.64,14,0
20100319,8.6066,9.0818,8.6066,9.0327,4736,0
20100324,8.6027,9.0818,8.6027,9.0327,1019,0
20100329,8.4888,9.0818,8.4888,8.8364,2689,0
20100409,8.317,8.8364,8.317,8.7185,611,0
20100414,8.318,8.7873,8.318,8.7873,2546,0
20100422,8.4623,8.64,8.1491,8.1491,1609,0
20100423,7.7976,8.5418,7.7976,8.5418,387,0
20100426,8.477,8.8364,8.3455,8.8364,5806,0
20100427,8.5742,8.64,8.4436,8.64,1324,0
20100429,8.586,8.64,8.586,8.64,306,0
20100506,8.2826,8.8364,8.2473,8.7382,3463,0
20100510,8.5909,8.5909,8.3455,8.3455,306,0
20100511,8.5016,8.5909,8.3455,8.5909,10,0
20100517,8.2345,8.8364,8.2345,8.5418,2852,0
20100519,8.5399,8.64,8.5399,8.64,306,0
20100520,6.1511,8.7382,6.1511,8.4436,5602,0
20100521,8.1638,8.5418,8.1638,8.5418,9167,0
20100525,3.5395,8.64,3.5395,8.64,5398,0
20100526,3.674,8.6891,3.674,8.64,9676,0
20100601,3.618,8.7382,3.618,8.7382,509,0
20100603,8.6263,8.7873,8.5418,8.7873,802,0
20100607,8.6233,8.7873,8.5909,8.7873,306,0
20100611,8.8364,9.0327,8.8364,8.8364,6926,0
20100621,9.0327,9.0327,9.0327,9.0327,4074,0
20100622,9.0327,9.0327,8.64,8.8364,3259,0
20100624,9.0327,9.0327,8.64,9.0327,10517,0
20100625,8.8364,9.0327,8.64,8.64,585,0
20100702,8.3828,8.8364,8.3828,8.4535,36,0
20100705,8.4299,8.8364,8.4299,8.4535,102,0
20100706,8.4535,8.8364,8.4535,8.4535,102,0
20100707,8.3779,8.8364,8.2473,8.2473,713,0
20100708,8.0548,8.8364,8.0548,8.4927,509,0
20100712,4.912,9.3273,4.912,9.3273,968,0
20100716,8.5723,8.8364,8.5723,8.8364,8148,0
20100720,8.6125,8.8364,8.6125,8.64,204,0
20100722,8.2816,8.7382,8.2816,8.5909,2037,0
20100723,8.3484,8.7382,8.3484,8.7382,560,0
20100726,8.7205,9.0327,8.7205,9.0327,306,0
20100728,8.9218,8.9345,8.9218,8.9345,51,0
20100730,8.8697,9.1309,8.8697,9.1309,957,0
20100802,8.9689,9.3273,8.9345,9.3273,306,0
20100806,8.9061,9.1309,8.9061,9.1309,102,0
20100810,8.9345,9.1309,8.8589,8.9345,611,0
20100811,8.6115,8.9345,8.6115,8.8364,3310,0
20100816,8.8,9.2291,8.8,9.2291,306,0
20100820,8.8,8.9345,8.8,8.8364,11204,0
20100823,8.6989,8.9345,8.6989,8.8364,9167,0
20100824,8.6282,8.9345,8.6282,8.7382,214,0
20100826,8.4319,8.8364,8.4319,8.8364,7944,0
20100827,8.6812,8.8069,8.4436,8.7382,204,0
20100831,8.4436,8.7873,8.4436,8.7873,316,0
20100902,8.6734,8.7873,8.4436,8.7382,153,0
20100907,8.6695,8.8364,8.4436,8.8364,5093,0
20100908,8.6528,8.8364,8.6528,8.8364,5093,0
20100909,8.7382,8.7873,8.6852,8.7578,5093,0
20100910,8.7235,8.7873,8.5418,8.5418,4940,0
20100920,8.4211,8.7382,8.4211,8.4436,51,0
20100921,8.4191,8.7382,8.4191,8.7382,5093,0
20100923,8.4436,8.7382,8.4436,8.7382,4889,0
20100928,8.6135,8.8364,8.6135,8.8364,5296,0
20101013,8.6636,8.7382,8.64,8.64,866,0
20101020,8.4338,8.64,8.4004,8.5909,509,0
20101021,8.4338,8.64,8.372,8.639,204,0
20101026,8.3759,8.5909,8.3759,8.4338,102,0
20101103,8.4338,8.5418,8.4338,8.5418,1426,0
20101111,8.5418,8.64,8.5418,8.64,306,0
20101116,8.5418,8.5909,8.5418,8.5909,539,0
20101117,8.5418,8.5909,8.5222,8.5428,71,0
20101118,8.5418,8.9051,8.5418,8.5418,713,0
20101119,8.4436,8.8364,8.4436,8.8364,306,0
20101124,8.4436,8.6891,8.4436,8.6891,234,0
20101125,8.4436,8.6891,8.4436,8.5418,356,0
20101126,8.5418,8.6891,8.4436,8.5418,1171,0
20101129,8.3455,8.64,8.3455,8.3455,31,0
20101201,8.5418,8.5909,8.3455,8.5909,6009,0
20101202,8.5418,8.5909,8.3945,8.5909,3870,0
20101203,8.4436,8.5909,8.4436,8.5909,6926,0
20101207,8.4436,8.5909,8.2964,8.5909,5593,0
20101213,8.5418,9.3273,8.5418,9.3273,4217,0
20101214,8.5418,9.3764,8.5418,9.3764,3056,0
20101215,8.5418,10.064,8.5418,9.622,7843,0
20101216,9.3273,10.064,8.5418,10.064,2037,0
20101220,9.3273,10.407,8.5418,10.113,3951,0
20101221,9.818,9.975,9.622,9.916,1324,0
20101223,9.72,10.015,9.671,10.015,815,0
20101227,9.818,10.314,9.72,10.314,2344,0
20101228,9.818,11.144,9.818,10.898,2852,0
20101229,10.309,11.193,9.818,10.633,4481,0
20101230,10.466,12.764,9.818,12.764,2241,0
20110103,10.8,10.8,10.604,10.604,306,0
20110107,10.604,10.604,10.456,10.456,7,0
20110111,10.456,10.604,10.456,10.604,102,0
20110114,10.604,10.604,10.407,10.599,10,0
20110121,10.505,10.604,10.309,10.309,2852,0
20110128,10.604,10.604,10.309,10.604,356,0
20110202,10.8,10.8,10.015,10.505,4161,0
20110207,10.555,10.555,10.309,10.309,102,0
20110208,10.505,10.505,9.916,9.916,36,0
20110209,10.505,10.505,9.818,10.309,3733,0
20110214,10.407,10.505,9.818,10.113,50,0
20110217,10.505,10.505,10.309,10.309,5347,0
20110225,10.505,10.505,9.916,10.309,815,0
20110301,9.524,10.8,9.524,10.407,9676,0
20110302,10.505,10.505,9.524,10.466,306,0
20110303,9.916,10.8,9.916,10.407,7995,0
20110304,10.505,10.555,9.916,10.211,7639,0
20110307,9.916,10.996,9.916,10.8,244,0
20110309,10.555,10.8,9.916,10.604,50,0
20110311,9.916,10.8,9.916,10.015,36,0
20110315,9.916,10.555,9.916,10.456,1019,0
20110324,9.916,10.8,9.916,10.309,5541,0
20110325,9.916,10.8,9.916,10.211,3056,0
20110329,9.916,10.8,9.916,10.309,917,0
20110404,10.555,10.8,9.916,10.309,5093,0
20110408,10.555,10.8,9.916,10.8,30,0
20110411,9.916,10.555,9.916,10.309,1156,0
20110413,10.555,10.555,9.916,10.206,10,0
20110419,9.916,10.555,9.916,10.309,5093,0
20110427,10.555,10.555,9.916,10.309,102,0
20110429,10.309,10.309,9.916,10.309,6519,0
20110505,9.916,10.8,9.818,10.309,6620,0
20110506,9.916,10.8,9.818,10.358,5093,0
20110512,10.309,10.8,9.818,10.407,6213,0
20110513,9.916,10.8,9.818,10.8,611,0
20110516,10.015,10.8,9.818,10.8,81,0
20110518,10.505,10.8,9.818,10.8,224,0
20110519,10.505,10.8,9.818,10.8,6673,0
20110520,10.505,10.8,9.818,10.407,53,0
20110523,9.818,11.473,9.818,11.473,2444,0
20110524,11.473,12.194,9.818,12.165,747,0
20110525,12.165,13.255,11.291,12.567,430,0
20110526,12.567,15.218,11.389,15.218,306,0
20110527,14.629,14.84,11.389,14.055,1431,0
20110530,14.055,14.055,11.389,13.358,153,0
20110531,12.67,14.364,11.389,13.942,473,0
20110603,12.813,13.426,11.389,12.719,509,0
20110607,12.469,13.009,11.389,12.076,36,0
20110608,12.076,12.651,11.207,12.405,407,0
20110614,11.782,12.494,11.654,12.179,1273,0
20110616,11.782,12.42,11.556,11.782,1782,0
20110617,11.782,12.567,10.928,12.567,2241,0
20110620,12.567,13.255,11.674,12.955,59,0
20110623,11.183,11.63,10.888,10.888,122,0
20110628,11.095,11.782,11.095,11.095,4206,0
20110629,11.585,11.585,10.334,11.095,204,0
20110630,10.996,11.635,10.996,10.996,205,0
20110701,11.635,11.635,10.967,11.193,102,0
20110704,11.487,11.978,10.648,10.648,458,0
20110705,12.273,13.255,11.448,12.273,355,0
20110708,11.728,12.592,11.463,11.728,204,0
20110711,12.008,13.009,11.968,12.469,102,0
20110712,13.009,13.009,11.733,12.567,1589,0
20110713,11.86,12.656,11.86,11.86,652,0
20110714,11.487,12.341,11.487,11.487,102,0
20110715,12.273,12.312,11.733,12.273,102,0
20110718,12.312,12.312,11.433,11.433,5093,0
20110719,11.733,13.156,11.168,12.813,407,0
20110720,12.233,13.107,12.233,12.233,1019,0
20110721,12.823,12.823,11.89,12.189,6620,0
20110722,12.273,12.656,11.86,11.86,2709,0
20110725,12.175,12.773,11.301,11.301,1,0
20110726,12.145,12.764,12.145,12.469,1935,0
20110727,12.125,13.137,12.076,12.076,20,0
20110728,12.94,12.94,12.125,12.425,1082,0
20110729,12.489,13.147,11.546,11.831,1222,0
20110801,12.832,13.097,12.209,12.332,611,0
20110802,12.233,12.862,11.954,11.954,102,0
20110803,12.508,12.764,11.954,11.954,102,0
20110804,12.135,13.255,11.86,11.86,143,0
20110805,12.94,13.009,11.949,11.949,102,0
20110808,12.744,12.999,12.096,12.096,41,0
20110809,12.96,12.989,12.297,12.297,213,0
20110810,12.808,12.95,11.752,12.376,1771,0
20110811,12.793,12.793,12.037,12.332,1019,0
20110818,12.067,12.646,11.752,12.067,21,0
20110822,11.973,11.973,11.095,11.257,204,0
20110823,11.33,12.175,11.065,11.33,3697,0
20110831,11.782,12.273,11.782,11.983,1600,0
20110901,11.394,12.852,11.394,12.356,509,0
20110906,12.047,12.175,11.733,11.885,2852,0
20110908,11.301,12.145,11.026,11.87,356,0
20110909,11.271,12.076,11.271,11.792,2546,0
20110912,11.792,12.076,11.207,11.792,1477,0
20110913,11.207,12.027,11.207,12.027,3157,0
20110914,11.453,12.076,11.158,12.076,3616,0
20110915,12.076,12.076,11.502,11.502,204,0
20110916,11.782,11.782,10.937,11.473,204,0
20110919,10.957,11.782,10.633,11.782,535,0
20110923,11.448,11.772,11.153,11.772,10,0
20110927,11.448,11.536,11.153,11.536,7741,0
20110930,11.497,11.782,11.153,11.782,178,0
20111003,11.497,12.175,11.153,11.752,51,0
20111004,11.173,11.674,10.898,11.674,51,0
20111005,10.898,11.723,10.638,11.684,143,0
20111010,10.098,11.782,10.073,11.782,407,0
20111012,11.075,11.782,11.07,11.654,1630,0
20111013,11.134,11.684,10.834,11.409,3738,0
20111014,11.07,12.175,10.834,11.728,1456,0
20111017,11.728,11.772,11.129,11.684,2699,0
20111018,11.689,11.689,11.129,11.684,591,0
20111019,11.679,11.684,10.834,11.536,1548,0
20111020,11.129,11.733,10.996,11.733,3153,0
20111021,11.689,11.689,11.389,11.684,306,0
20111025,11.689,11.689,11.129,11.129,212,0
20111102,10.604,11.782,10.098,11.782,509,0
20111103,11.222,11.708,11.203,11.708,2699,0
20111104,11.708,11.708,11.065,11.433,20,0
20111109,11.055,11.595,11.055,11.428,12,0
20111111,11.055,11.659,11.055,11.659,1222,0
20111115,11.08,11.487,11.055,11.428,2123,0
20111121,11.428,11.536,11.055,11.428,3361,0
20111123,11.08,11.487,11.055,11.281,3157,0
20111128,11.281,11.635,11.055,11.635,306,0
20111201,10.947,11.487,10.422,11.35,204,0
20111202,10.918,11.782,10.918,11.502,297,0
20111206,10.186,11.725,10.162,11.725,102,0
20111207,11.198,11.725,11.173,11.487,102,0
20111212,11.193,11.782,11.173,11.492,454,0
20111216,11.193,11.752,11.173,11.752,1982,0
20111220,11.438,11.782,11.419,11.497,2167,0
20111223,11.193,11.482,11.193,11.458,3056,0
20111227,11.463,11.733,11.389,11.684,12668,0
20111228,11.541,11.541,11.517,11.536,264,0
20111229,11.536,12.571,11.536,12.571,3715,0
20111230,12.582,12.764,12.557,12.577,1213,0
20120102,12.459,12.754,12.449,12.754,2343,0
20120106,11.561,12.027,11.271,11.271,2,0
20120110,10.731,12.175,10.211,12.175,81,0
20120111,11.88,11.88,10.712,11.88,3484,0
20120113,11.872,11.88,10.712,11.88,71,0
20120116,11.87,11.88,10.712,11.88,41,0
20120117,11.87,12.273,11.851,12.273,815,0
20120123,11.87,11.973,11.87,11.87,5,0
20120126,11.87,11.872,11.583,11.864,851,0
20120127,11.576,12.263,11.571,11.963,611,0
20120130,11.674,12.224,11.387,11.963,5486,0
20120131,11.963,11.978,11.193,11.978,6423,0
20120201,11.379,11.968,11.379,11.684,36,0
20120203,10.849,11.394,10.584,11.119,204,0
20120206,11.119,11.119,10.579,11.114,560,0
20120208,10.319,10.834,10.113,10.574,204,0
20120209,10.574,12.273,10.28,12.273,3056,0
20120214,11.973,11.973,11.782,11.782,2,0
20120222,11.782,12.022,11.762,11.782,204,0
20120224,11.291,11.639,11.271,11.536,204,0
20120227,11.291,11.536,11.271,11.453,285,0
20120302,10.746,11.733,10.731,11.733,204,0
20120306,10.721,11.409,10.535,11.409,204,0
20120307,11.389,11.684,11.369,11.684,1324,0
20120308,11.399,11.684,11.111,11.379,2907,0
20120309,10.82,11.438,10.82,11.34,3976,0
20120312,11.065,11.536,10.82,11.536,7313,0
20120313,11.257,11.536,10.82,11.255,1709,0
20120314,10.982,11.536,10.82,11.536,3769,0
20120315,11.257,11.34,10.535,11.063,5376,0
20120316,10.795,10.849,10.775,10.8,6309,0
20120319,10.795,11.063,10.535,10.8,5566,0
20120320,10.515,10.8,10.103,10.604,14819,0
20120321,10.368,10.535,10.348,10.368,1884,0
20120322,10.113,10.368,9.867,10.368,2699,0
20120326,9.867,12.067,9.867,12.067,510,0
20120329,11.487,11.487,11.203,11.389,3056,0
20120330,11.389,11.585,11.389,11.585,397,0
20120403,11.026,11.389,11.026,11.193,1528,0
20120404,11.193,11.389,11.193,11.203,1,0
20120417,11.193,11.782,11.193,11.782,102,0
20120425,11.463,11.487,11.193,11.487,9229,0
20120427,11.193,11.487,11.173,11.487,491,0
20120430,11.207,11.48,11.193,11.389,1611,0
20120502,11.463,11.487,11.095,11.487,1536,0
20120503,11.463,11.487,11.193,11.477,1681,0
20120507,11.463,11.463,10.923,11.191,204,0
20120514,11.443,11.443,10.903,11.168,204,0
20120515,11.438,11.782,10.633,11.782,102,0
20120516,11.438,12.342,11.095,11.754,509,0
20120522,9.671,11.782,9.671,11.782,29,0
20120523,11.222,11.222,10.687,11.197,407,0
20120525,11.168,11.782,10.152,11.782,204,0
20120528,11.222,15.714,11.222,15.714,102,0
20120529,14.963,15.709,12.754,12.754,673,0
20120530,12.145,14.943,12.145,12.273,1273,0
20120531,11.689,14.943,11.689,11.689,4583,0
20120601,11.134,12.244,11.114,11.661,102,0
20120612,10.864,11.409,10.864,11.291,2750,0
20120614,10.24,11.261,10.24,11.095,7529,0
20120618,11.09,11.095,10.604,11.095,3769,0
20120619,10.849,11.095,10.829,10.849,1273,0
20120625,10.854,11.34,10.849,11.34,874,0
20120629,10.604,11.114,10.604,10.849,102,0
20120702,11.09,11.095,10.8,10.8,841,0
20120712,11.041,11.041,10.555,10.8,1612,0
20120716,10.795,10.8,10.309,10.8,841,0
20120720,10.805,11.045,10.8,11.045,177,0
20120724,10.805,10.908,10.8,10.805,21,0
20120801,10.923,10.928,10.309,10.928,485,0
20120802,10.928,11.536,10.564,11.536,407,0
20120806,11.531,11.531,10.923,10.923,347,0
20120809,10.795,11.045,10.309,10.923,698,0
20120810,10.555,11.045,10.309,10.923,407,0
20120813,10.923,11.045,10.8,10.923,102,0
20120815,10.923,10.923,10.309,10.8,11,0
20120816,10.8,11.045,10.555,11.045,611,0
20120817,11.05,11.291,11.026,11.291,102,0
20120821,11.045,11.782,11.026,11.659,724,0
20120822,11.659,12.273,11.301,12.273,306,0
20120824,12.027,12.273,11.536,12.273,317,0
20120827,12.268,12.518,12.008,12.518,102,0
20120828,12.513,12.96,10.8,12.764,2037,0
20120831,12.513,12.518,11.782,12.15,102,0
20120905,11.517,12.027,11.517,11.782,204,0
20120907,11.291,11.831,11.291,11.684,3970,0
20120911,11.193,11.684,11.193,11.684,5816,0
20120912,11.438,11.684,11.193,11.438,2292,0
20120913,11.438,11.487,11.173,11.438,509,0
20120914,11.433,11.438,10.702,11.438,1528,0
20120917,11.438,11.468,11.173,11.438,4583,0
20120918,11.433,11.438,10.928,11.438,3017,0
20120919,11.193,11.684,10.947,11.193,19810,0
20120920,11.193,11.193,10.8,10.957,11051,0
20120921,10.8,11.144,10.466,10.957,1120,0
20120924,10.712,11.193,10.712,10.957,2174,0
20120925,10.952,11.045,10.466,11.045,2037,0
20120926,11.041,11.045,10.78,11.045,4838,0
20120927,11.041,11.041,10.397,10.55,6950,0
20120928,10.55,11.036,10.505,11.036,3718,0
20121001,11.031,11.031,10.427,10.849,2394,0
20121002,10.849,10.849,10.299,10.378,8465,0
20121003,10.378,10.604,10.162,10.368,122,0
20121004,10.368,10.525,10.231,10.368,407,0
20121005,10.368,10.496,10.211,10.358,204,0
20121008,10.358,10.456,10.191,10.456,739,0
20121009,10.451,10.456,9.921,10.456,5352,0
20121011,10.456,10.456,10.191,10.456,412,0
20121012,10.211,10.456,10.191,10.456,102,0
20121016,10.211,10.476,10.191,10.456,204,0
20121017,10.451,10.456,10.191,10.456,204,0
20121023,10.211,10.682,10.211,10.456,1222,0
20121024,10.451,10.702,10.162,10.407,15899,0
20121025,10.162,10.505,10.152,10.383,4583,0
20121026,10.383,10.383,10.162,10.334,204,0
20121030,10.162,10.383,10.162,10.383,815,0
20121031,10.383,10.505,10.113,10.358,306,0
20121101,10.353,10.456,9.857,10.407,255,0
20121102,9.867,10.505,9.867,10.407,51,0
20121105,10.402,10.505,10.103,10.358,204,0
20121107,10.353,10.407,10.113,10.407,53,0
20121108,10.402,10.505,10.152,10.407,1681,0
20121112,10.407,10.653,10.407,10.653,204,0
20121113,10.648,10.653,10.407,10.653,2,0
20121114,10.648,10.648,10.196,10.407,2139,0
20121116,10.407,10.653,10.162,10.432,204,0
20121122,10.211,10.456,10.211,10.456,458,0
20121126,10.451,10.604,10.211,10.456,244,0
20121128,10.451,10.451,10.211,10.334,102,0
20121203,10.334,10.505,9.965,10.505,5670,0
20121204,10.309,10.505,10.211,10.505,713,0
20121205,10.505,10.555,10.064,10.432,4838,0
20121206,10.432,10.432,10.064,10.309,204,0
20121210,10.309,10.358,10.064,10.309,1630,0
20121211,10.064,10.505,10.064,10.309,2465,0
20121212,10.309,10.555,10.064,10.407,1341,0
20121213,10.407,10.8,10.073,10.191,2733,0
20121214,10.191,10.309,10.064,10.186,302,0
20121217,10.186,10.378,10.064,10.309,1731,0
20121218,10.064,10.555,10.064,10.555,4869,0
20121219,10.55,11.389,10.309,11.389,6337,0
20121220,11.335,12.076,10.559,11.585,3575,0
20121221,11.355,12.076,10.815,11.541,2395,0
20121227,11.541,12.175,11.389,11.679,2137,0
20121228,11.679,12.665,11.389,12.665,1003,0
20130102,11.978,12.224,11.88,12.224,815,0
20130103,11.684,12.224,11.394,11.684,356,0
20130109,11.389,11.389,10.728,10.996,109,0
20130110,10.987,10.996,10.407,10.667,5755,0
20130114,10.397,10.898,9.902,10.157,1019,0
20130115,10.147,10.505,9.669,10.309,92,0
20130116,10.25,10.505,10.034,10.505,1273,0
20130117,10.496,10.496,9.99,10.25,815,0
20130118,10.24,10.54,9.745,10.52,1375,0
20130121,10.235,10.52,9.818,9.818,8352,0
20130122,10.054,10.54,9.681,10.211,3382,0
20130123,9.956,10.309,9.951,10.211,1019,0
20130124,10.211,10.358,9.951,10.211,36,0
20130125,9.719,10.407,9.71,10.407,5704,0
20130128,10.196,10.196,9.72,10.015,7608,0
20130129,10.186,10.186,9.71,9.713,3361,0
20130131,9.907,10.015,9.4451,9.867,2750,0
20130201,9.665,10.034,9.2095,10.034,614,0
20130204,9.828,10.054,9.808,10.054,10,0
20130205,9.828,10.059,9.511,10.059,1744,0
20130206,9.801,10.064,9.3371,9.818,2699,0
20130207,9.801,10.059,9.563,10.015,255,0
20130208,10.015,10.015,9.799,9.867,51,0
20130211,9.814,10.015,9.72,9.818,7995,0
20130215,9.814,9.818,9.558,9.804,512,0
20130218,9.814,9.818,9.1476,9.1476,4481,0
20130219,9.3607,9.3764,8.9345,8.9345,5929,0
20130220,9.1928,9.4264,8.7578,8.9748,2241,0
20130222,9.1829,9.2585,8.748,8.8855,3758,0
20130225,9.1829,9.2183,8.748,9.1113,3014,0
20130301,8.9591,9.2291,8.7087,9.2291,4787,0
20130304,9.2389,9.3665,9.0033,9.0043,653,0
20130305,8.7775,9.2134,8.7775,8.9768,713,0
20130307,8.9885,9.2291,8.5615,9.18,1114,0
20130311,8.9885,9.2291,8.8265,8.8364,295,0
20130312,8.9885,9.0818,8.8265,9.0818,1299,0
20130313,8.8265,9.0818,8.8265,9.0818,143,0
20130314,8.8364,9.0818,8.8265,8.9512,2506,0
20130315,9.0416,9.0416,8.7382,8.7382,1449,0
20130319,8.9414,9.0327,8.7382,9.0327,153,0
20130320,8.9414,8.9512,8.7068,8.7382,1996,0
20130321,8.9414,9.1692,8.7382,9.1692,639,0
20130322,8.9414,9.1702,8.7382,8.7382,255,0
20130325,8.9414,8.9414,8.7382,8.8855,10,0
20130405,8.7284,8.9836,8.7185,8.7284,10,0
20130408,8.9306,8.9306,8.5163,8.8855,2129,0
20130409,8.7136,8.9345,8.3062,8.9345,306,0
20130410,8.7087,9.3273,8.2964,9.3273,356,0
20130411,9.1093,9.4255,8.8364,9.2693,3058,0
20130412,9.0416,9.514,8.6105,8.9345,2200,0
20130417,8.8207,8.9345,8.3337,8.9345,9586,0
20130423,8.8207,8.8364,8.5025,8.8364,102,0
20130425,8.5025,9.1388,8.2865,8.9159,1797,0
20130426,8.7087,8.8364,8.6891,8.6989,2546,0
20130430,8.7087,9.0327,8.4829,8.7382,15639,0
20130502,8.7087,8.7087,8.4731,8.477,157,0
20130503,8.6734,8.8364,8.2669,8.8364,204,0
20130506,8.4613,9.3273,8.0607,8.801,11518,0
20130507,8.748,8.8855,8.5261,8.7333,1868,0
20130508,8.748,8.9129,8.5124,8.7068,8433,0
20130510,8.4053,8.8364,8.4044,8.6105,915,0
20130514,8.5948,8.7382,8.1884,8.478,1483,0
20130515,8.5948,8.7382,7.7583,7.8545,10767,0
20130516,8.0362,8.4436,7.6582,8.4436,6351,0
20130517,8.2473,8.2473,7.9498,8.1,4481,0
20130521,8.0215,8.2473,7.6484,8.1,10287,0
20130522,8.0558,8.2375,7.7564,8.046,23324,0
20130523,8.0558,8.1962,7.7564,8.1962,14599,0
20130524,8.1864,8.1982,7.7564,7.9959,23499,0
20130527,8.1805,8.4436,7.7956,8.3455,34145,0
20130528,8.2473,8.2473,7.9498,8.044,33867,0
20130529,8.2473,8.2473,8.0362,8.1,1044,0
20130530,8.2316,8.2316,7.8447,8.0018,509,0
20130531,7.8064,8.1864,7.7966,7.8545,2852,0
20130603,7.9861,8.0057,7.6091,7.884,304,0
20130605,7.8251,8.0254,7.8153,7.8251,214,0
20130606,7.8349,8.0254,7.8153,7.884,1324,0
20130607,7.8349,8.0254,7.8153,7.8349,214,0
20130610,7.8349,8.0254,7.8153,7.884,644,0
20130611,7.8251,8.0254,7.8153,8.0116,1324,0
20130613,7.8349,8.0509,7.8153,7.8251,2271,0
20130614,7.8349,8.3455,7.8153,8.2473,917,0
20130617,8.0558,8.5418,8.0362,8.5418,3463,0
20130620,8.1,8.2375,8.0018,8.0018,2942,0
20130621,8.1,8.2217,8.0411,8.0411,317,0
20130624,8.2217,8.2424,7.6091,7.6091,8046,0
20130625,8.0057,8.4014,7.6287,8.2365,14045,0
20130626,8.0057,8.8364,7.6582,8.3455,12991,0
20130627,8.0362,8.3455,8.0313,8.0509,3766,0
20130628,8.046,8.4338,7.8349,8.4338,2755,0
20130701,8.0607,8.316,8.0411,8.1491,19374,0
20130702,8.0607,8.2473,7.8447,8.0411,10134,0
20130703,8.0607,8.2463,7.6631,8.0509,2921,0
20130704,8.0362,8.4417,7.8545,8.3455,4914,0
20130705,8.2276,8.3455,7.9027,7.9027,6722,0
20130708,8.2129,8.2129,7.8545,7.8545,1019,0
20130709,8.0362,8.0509,7.7564,7.9527,6882,0
20130710,7.7564,7.9527,7.6582,7.6582,4074,0
20130711,7.8349,7.8545,7.4716,7.6582,1116,0
20130712,7.83,7.9527,7.4618,7.8398,2037,0
20130715,7.83,8.5418,7.6484,8.1992,7394,0
20130716,8.1422,8.6105,7.8545,8.4436,20780,0
20130717,8.3435,8.7382,8.0018,8.7382,14748,0
20130718,8.3435,8.64,7.8545,8.3258,25649,0
20130719,8.3435,8.5418,8.0912,8.5418,9080,0
20130722,8.3435,8.5418,8.0411,8.3945,407,0
20130723,8.3435,8.3455,7.9527,8.2964,739,0
20130724,8.3376,8.3474,8.1491,8.2473,4298,0
20130725,8.3376,8.3455,8.1491,8.1491,1019,0
20130726,8.3376,8.3572,8.1,8.1,1782,0
20130729,8.2875,8.3062,8.0018,8.0804,4862,0
20130730,8.2826,8.4544,8.0411,8.1491,2079,0
20130731,8.2375,8.2375,7.8064,8.1481,13220,0
20130801,7.9429,8.7568,7.9429,8.5418,13125,0
20130802,8.5516,9.3175,8.5516,9.2831,14107,0
20130805,9.4991,9.4991,9.0563,9.4215,6083,0
20130806,9.0131,9.72,9.0033,9.3273,2648,0
20130807,9.4529,9.4726,8.8963,8.8963,4170,0
20130808,8.9345,9.818,8.9247,9.524,18221,0
20130809,9.2909,9.622,8.9345,9.0043,4392,0
20130812,8.9345,9.4382,8.8256,9.0327,11602,0
20130813,8.7087,9.622,8.7087,9.524,4005,0
20130814,9.3008,10.029,9.0327,9.916,14671,0
20130815,9.685,10.8,9.671,10.613,10644,0
20130816,10.363,11.306,10.348,10.8,30111,0
20130819,10.712,11.05,10.422,10.901,4863,0
20130820,10.712,10.947,10.604,10.8,6986,0
20130821,10.378,11.139,10.376,10.622,9064,0
20130822,10.358,11.095,10.358,11.031,3962,0
20130823,10.604,10.8,10.111,10.8,8250,0
20130826,10.81,10.81,10.354,10.795,6816,0
20130827,10.599,10.604,10.093,10.599,2050,0
20130828,10.589,10.599,10.083,10.599,2246,0
20130829,10.093,10.8,10.083,10.604,5898,0
20130830,10.589,10.604,10.064,10.093,7824,0
20130902,10.329,10.353,9.838,10.211,1752,0
20130903,9.838,10.555,9.828,10.076,8152,0
20130904,9.916,10.505,9.907,10.496,438,0
20130905,9.833,11.001,9.828,10.358,7514,0
20130906,10.108,10.648,10.103,10.648,5500,0
20130909,10.103,11.09,10.103,10.795,7613,0
20130910,10.108,11.001,10.103,10.482,5313,0
20130911,10.226,11.173,10.221,10.79,10389,0
20130912,10.613,10.653,10.309,10.354,6926,0
20130913,10.505,10.599,10.093,10.354,1579,0
20130916,10.692,10.766,10.093,10.393,3056,0
20130917,10.574,10.771,10.412,10.456,3361,0
20130918,10.751,10.766,10.201,10.201,2549,0
20130919,10.442,10.766,9.946,10.201,2126,0
20130920,10.564,10.8,9.946,10.8,2423,0
20130923,10.771,10.8,10.412,10.702,211,0
20130924,10.771,10.785,10.28,10.537,1421,0
20130925,10.28,10.785,10.28,10.407,1019,0
20130926,10.599,10.8,10.142,10.692,713,0
20130927,10.8,10.8,10.221,10.231,25,0
20130930,10.8,10.8,10.221,10.604,1854,0
20131001,10.226,10.8,9.916,10.358,4735,0
20131002,9.818,10.604,9.818,10.407,262,0
20131003,10.211,10.751,10.211,10.211,474,0
20131004,10.211,10.751,10.211,10.702,1851,0
20131007,10.692,10.8,9.962,10.54,4664,0
20131008,10.604,10.604,9.956,9.956,10,0
20131009,9.713,10.309,9.71,10.309,36,0
20131010,10.604,10.604,10.054,10.058,10,0
20131014,10.309,10.702,10.221,10.309,728,0
20131015,10.059,10.623,9.3273,9.3273,9671,0
20131016,9.0995,10.064,9.0916,10.064,4742,0
20131017,9.828,10.064,9.818,9.818,2870,0
20131018,9.579,10.064,9.573,9.818,1711,0
20131021,9.995,10.064,9.573,10.064,3503,0
20131022,9.811,10.064,9.77,9.811,306,0
20131023,9.828,10.064,9.563,10.064,627,0
20131025,10.005,10.064,9.73,9.916,25,0
20131028,9.916,10.005,9.769,9.916,458,0
20131029,9.675,10.064,9.636,9.675,1134,0
20131030,9.91,10.064,9.661,10.064,1777,0
20131031,9.669,10.113,9.661,9.671,31,0
20131104,9.897,9.907,9.4255,9.907,204,0
20131105,9.897,10.113,9.661,9.671,102,0
20131107,9.4353,9.897,9.4255,9.866,69,0
20131108,9.897,10.113,9.622,10.113,382,0
20131111,9.897,10.113,9.622,9.77,1302,0
20131112,10.015,10.015,9.583,9.769,993,0
20131113,9.897,9.916,9.583,9.769,407,0
20131114,9.592,10.108,9.583,9.751,102,0
20131115,9.592,10.108,9.583,9.751,80,0
20131120,9.897,10.108,9.612,9.861,10,0
20131125,9.739,10.108,9.622,9.622,922,0
20131128,9.718,9.916,9.71,9.747,415,0
20131129,9.671,9.862,9.661,9.729,694,0
20131203,9.622,9.862,9.622,9.622,295,0
20131204,9.857,9.857,9.622,9.769,509,0
20131205,9.769,9.965,9.583,9.965,640,0
20131209,9.857,9.965,9.583,9.965,102,0
20131211,9.723,9.857,9.606,9.606,101,0
20131213,9.592,9.965,9.592,9.965,31,0
20131216,9.857,10.208,9.607,9.607,453,0
20131217,9.636,10.018,9.606,9.606,803,0
20131220,9.723,9.965,9.72,9.72,1011,0
20131227,9.723,9.965,9.592,9.965,117,0
20131230,9.723,9.965,9.723,9.818,41,0
20140102,9.723,9.907,9.583,9.583,3955,0
20140103,9.745,10.172,9.584,10.058,4369,0
20140106,9.745,9.931,9.584,9.69,153,0
20140107,9.69,9.745,9.4745,9.4745,1426,0
20140108,9.705,10.015,9.4255,9.759,4940,0
20140110,9.522,9.995,9.522,9.522,168,0
20140113,9.753,9.961,9.29,9.961,158,0
20140114,9.753,10.56,9.606,10.56,2088,0
20140115,10.059,10.996,9.818,10.412,12841,0
20140116,10.059,11.264,10.059,11.264,4849,0
20140117,10.726,10.8,10.162,10.692,2619,0
20140120,10.692,10.692,10.412,10.412,57,0
20140121,10.157,10.766,10.157,10.766,2826,0
20140122,10.8,10.8,10.702,10.702,306,0
20140123,10.8,10.8,10.127,10.702,3816,0
20140124,10.442,10.8,10.442,10.555,1019,0
20140127,10.8,10.8,10.299,10.461,1781,0
20140128,10.717,10.717,10.206,10.599,1451,0
20140130,10.069,10.569,10.069,10.319,1019,0
20140131,10.069,10.604,10.069,10.476,2042,0
20140203,10.569,10.569,10.221,10.309,2037,0
20140205,10.373,10.427,9.882,10.427,97,0
20140206,10.172,10.576,10.172,10.309,1222,0
20140207,10.172,10.427,10.172,10.427,509,0
20140210,10.373,10.373,10.127,10.291,3405,0
20140211,10.373,10.373,9.882,10.132,4432,0
20140213,9.887,10.373,9.887,10.353,1569,0
20140214,10.373,10.456,10.098,10.339,2516,0
20140219,9.872,10.363,9.872,10.137,424,0
20140220,9.892,10.363,9.892,10.309,102,0
20140221,10.059,10.363,10.059,10.132,1019,0
20140303,9.928,10.363,9.926,9.928,242,0
20140304,9.684,10.22,9.616,9.616,2153,0
20140305,9.765,10.167,9.765,9.818,1572,0
20140306,9.818,10.167,9.818,9.818,306,0
20140310,10.073,10.167,9.867,10.073,204,0
20140311,10.073,10.167,9.818,9.818,3667,0
20140312,9.818,10.235,9.818,9.98,47,0
20140313,9.98,10.28,9.962,10.024,338,0
20140314,10.167,10.231,9.819,9.98,148,0
20140317,9.98,10.211,9.928,9.961,1,0
20140319,9.818,10.167,9.818,9.867,405,0
20140325,9.818,10.373,9.818,10.118,837,0
20140326,10.123,10.746,10.064,10.235,1833,0
20140327,10.235,10.852,10.167,10.336,1146,0
20140328,10.334,10.594,10.26,10.334,127,0
20140331,10.334,10.594,10.314,10.334,1640,0
20140401,10.334,10.407,10.309,10.309,382,0
20140402,10.152,10.358,10.152,10.309,611,0
20140403,10.309,10.358,10.103,10.309,270,0
20140404,10.108,10.358,10.103,10.309,876,0
20140407,10.309,10.456,10.103,10.309,178,0
20140408,10.309,10.604,10.201,10.343,171,0
20140409,10.343,10.412,10.309,10.309,1528,0
20140410,10.309,10.358,10.059,10.059,1987,0
20140411,10.059,10.358,9.965,10.211,2085,0
20140414,10.211,10.358,10.113,10.211,1019,0
20140415,10.211,10.358,9.722,9.722,2215,0
20140416,9.722,10.26,9.722,10.26,553,0
20140417,9.956,10.339,9.956,10.083,224,0
20140422,10.476,10.476,9.833,9.833,999,0
20140423,9.838,10.206,9.838,9.867,71,0
20140425,9.867,10.206,9.73,9.867,102,0
20140428,9.867,10.206,9.867,9.867,31,0
20140430,9.867,10.339,9.848,10.181,173,0
20140502,10.088,10.374,10.081,10.118,244,0
20140505,10.123,10.437,10.123,10.181,631,0
20140506,10.181,10.623,10.162,10.363,659,0
20140507,10.363,10.496,9.921,9.921,255,0
20140508,9.926,10.8,9.926,10.373,9854,0
20140509,10.373,10.702,10.373,10.442,958,0
20140512,10.442,10.604,10.294,10.294,407,0
20140515,10.319,10.604,10.319,10.319,642,0
20140519,10.574,10.8,10.417,10.574,509,0
20140520,10.574,10.967,10.505,10.505,2102,0
20140521,10.574,10.653,10.505,10.574,672,0
20140522,10.574,10.8,10.505,10.574,840,0
20140526,10.574,10.702,10.412,10.574,1681,0
20140527,10.574,10.751,10.412,10.574,1548,0
20140528,10.186,10.844,10.186,10.579,2332,0
20140530,10.859,10.859,10.653,10.653,330,0
20140602,10.653,10.8,10.417,10.525,1288,0
20140603,10.525,10.653,10.417,10.417,204,0
20140604,10.417,10.751,10.412,10.486,51,0
20140605,10.491,10.653,10.407,10.417,458,0
20140606,10.417,10.653,10.417,10.417,509,0
20140609,10.653,10.653,10.412,10.417,255,0
20140610,10.417,10.653,10.417,10.417,764,0
20140618,10.417,11.09,10.407,10.535,4595,0
20140619,10.535,11.045,10.535,10.775,611,0
20140620,10.775,11.045,10.604,10.761,3499,0
20140623,10.761,11.34,10.658,11.06,2958,0
20140624,11.065,12.135,10.903,11.492,11519,0
20140625,11.497,12.764,11.497,11.9,13308,0
20140626,12.454,13.039,12.116,12.719,6248,0
20140627,12.724,12.764,12.307,12.449,1047,0
20140630,12.454,12.764,11.973,12.469,6011,0
20140701,12.764,13.745,12.764,13.679,11465,0
20140702,13.679,13.745,13.255,13.255,2708,0
20140703,13.304,13.647,13.304,13.363,4077,0
20140704,13.313,13.745,13.304,13.304,1277,0
20140707,13.353,13.549,12.931,12.931,9722,0
20140708,12.931,13.363,12.307,12.764,6175,0
20140709,12.769,13.304,12.449,12.449,1731,0
20140710,12.454,13.073,12.371,12.567,1528,0
20140711,12.454,12.773,12.258,12.258,917,0
20140714,12.263,13.304,12.263,12.881,3931,0
20140715,13.255,13.255,12.464,12.464,2573,0
20140716,12.469,13.088,12.4,12.548,1375,0
20140718,12.391,13.009,12.307,12.307,774,0
20140721,12.312,12.926,12.307,12.449,43,0
20140722,12.454,12.926,12.449,12.449,51,0
20140723,12.454,12.926,12.43,12.43,2215,0
20140724,12.165,12.773,11.635,11.635,2017,0
20140725,11.639,12.464,11.639,12.16,1040,0
20140729,12.008,12.71,12.008,12.165,204,0
20140730,12.165,12.665,12.165,12.356,1266,0
20140731,12.356,12.764,12.273,12.307,5923,0
20140801,12.307,12.356,11.968,11.968,2001,0
20140804,11.968,12.474,11.968,12.17,1161,0
20140805,12.17,12.777,12.17,12.17,10,0
20140806,12.469,12.764,12.307,12.449,106,0
20140807,12.454,12.764,12.209,12.209,474,0
20140808,12.214,12.469,11.993,11.993,157,0
20140812,11.993,12.469,11.993,12.003,978,0
20140814,11.821,12.41,11.733,11.777,1748,0
20140815,11.777,12.366,10.427,10.427,6720,0
20140818,10.427,12.469,10.427,12.469,7651,0
20140819,10.898,12.071,10.427,11.59,1195,0
20140820,11.59,11.787,11.492,11.492,769,0
20140821,11.497,12.425,11.497,12.273,3114,0
20140822,12.121,12.312,12.013,12.013,306,0
20140825,12.013,12.715,12.013,12.4,1476,0
20140826,12.405,12.764,12.273,12.356,5704,0
20140828,12.209,12.562,11.973,11.973,1152,0
20140829,11.973,12.405,11.875,11.875,426,0
20140901,11.88,12.832,11.88,12.273,4100,0
20140902,12.435,12.543,12.175,12.175,783,0
20140903,12.238,12.435,11.831,11.841,917,0
20140904,11.909,12.435,11.419,11.419,1019,0
20140905,11.423,12.224,11.423,11.782,1630,0
20140908,12.278,12.278,11.693,11.693,81,0
20140910,11.507,12.219,11.507,11.919,15,0
20140911,11.919,11.993,11.492,11.492,968,0
20140915,11.404,12.067,11.404,11.59,1426,0
20140916,11.59,11.973,11.301,11.301,3299,0
20140917,11.301,11.87,11.301,11.301,137,0
20140923,11.301,12.42,11.301,12.371,3507,0
20140924,12.071,13.245,11.978,12.665,7461,0
20140925,12.921,12.96,12.199,12.199,2483,0
20140926,12.199,12.808,11.541,11.541,4909,0
20140929,11.541,12.346,11.541,12.042,1299,0
20140930,12.047,12.125,11.826,11.826,306,0
20141001,11.831,12.42,11.829,11.829,1049,0
20141002,11.831,12.42,11.706,11.706,968,0
20141006,11.708,12.229,11.708,11.93,51,0
20141008,12.059,12.059,11.482,11.648,1869,0
20141009,11.649,11.929,11.536,11.536,755,0
20141010,11.453,11.929,11.217,11.536,2265,0
20141013,10.947,11.492,10.319,10.633,3224,0
20141014,10.633,11.193,10.618,10.618,1333,0
20141016,10.525,11.05,10.261,10.261,109,0
20141020,10.491,11.011,10.265,10.265,2,0
20141021,10.162,10.672,9.99,9.99,95,0
20141022,10.412,10.672,10.114,10.114,27,0
20141024,10.319,11.001,10.319,10.511,1019,0
20141027,11.269,11.269,10.664,10.664,1261,0
20141029,10.609,11.095,10.401,10.401,34,0
20141030,10.672,10.996,10.408,10.408,175,0
20141031,10.633,11.183,10.368,10.599,837,0
20141104,10.712,10.947,10.356,10.356,1171,0
20141105,10.525,10.947,10.49,10.49,306,0
20141111,10.451,10.908,10.31,10.31,1056,0
20141112,10.535,11.05,10.535,10.549,1538,0
20141113,10.78,11.153,10.664,10.664,204,0
20141114,10.883,11.291,10.801,10.801,31,0
20141117,11.016,11.306,10.815,10.815,1015,0
20141118,11.031,11.193,10.703,10.703,255,0
20141120,10.775,11.046,10.556,10.556,306,0
20141121,10.775,12.273,10.775,12.273,1692,0
20141124,11.178,12.764,11.178,12.057,7499,0
20141125,12.312,12.42,11.797,11.907,1786,0
20141126,12.116,12.764,11.88,12.163,1528,0
20141127,12.454,13.255,12.307,12.847,5694,0
20141128,12.837,12.847,12.239,12.239,2380,0
20141202,12.346,12.847,12.132,12.132,877,0
20141203,12.253,12.847,12.153,12.153,418,0
20141204,12.307,12.847,11.688,11.688,153,0
20141209,11.88,12.567,11.88,12.08,76,0
20141210,12.273,12.616,12.126,12.126,442,0
20141211,12.322,12.616,12.027,12.133,2572,0
20141212,12.322,12.577,12.165,12.271,10,0
20141215,12.273,12.616,12.211,12.257,10,0
20141216,12.307,12.469,11.537,11.537,1125,0
20141217,11.924,12.469,11.633,11.641,107,0
20141219,11.561,12.14,11.295,11.295,1996,0
20141223,11.399,11.978,11.399,11.612,41,0
20141229,11.689,11.968,11.553,11.553,611,0
20141230,11.551,12.125,11.551,11.684,1120,0
20150102,11.453,11.968,11.202,11.202,452,0
20150105,11.404,11.968,11.291,11.427,112,0
20150107,11.085,11.782,11.085,11.495,20,0
20150108,11.487,11.635,10.898,11.111,5459,0
20150109,11.109,11.635,10.587,10.587,917,0
20150112,10.805,11.345,10.481,10.481,917,0
20150113,10.633,11.163,10.213,10.213,586,0
20150114,10.442,10.962,10.442,10.702,3292,0
20150116,10.348,10.869,9.919,9.919,11234,0
20150119,10.162,10.682,10.083,10.125,4928,0
20150120,10.422,10.898,10.166,10.166,2830,0
20150121,10.343,10.663,10.017,10.017,2740,0
20150122,10.8,10.8,10.215,10.215,4227,0
20150123,10.422,10.702,10.116,10.116,2893,0
20150126,10.348,10.947,10.319,10.319,2386,0
20150127,10.491,10.947,10.214,10.214,1993,0
20150128,10.442,10.702,10.442,10.584,204,0
20150130,10.309,10.663,10.309,10.584,994,0
20150202,10.309,10.663,10.309,10.584,1782,0
20150203,10.309,10.702,10.309,10.584,1245,0
20150204,10.442,10.663,10.412,10.584,1477,0
20150205,10.343,10.663,9.982,9.982,1782,0
20150206,10.309,10.653,9.943,9.943,5144,0
20150209,10.064,10.55,10.032,10.032,4074,0
20150212,10.064,10.407,9.9,9.9,1499,0
20150213,10.152,10.437,10.071,10.071,153,0
20150218,10.064,10.309,9.737,9.737,1222,0
20150219,10.064,10.505,9.965,10.018,2037,0
20150220,10.25,10.309,9.795,9.795,1019,0
20150223,11.585,11.585,10.367,10.367,12626,0
20150224,10.525,10.8,10.296,10.296,102,0
20150225,10.211,10.667,10.05,10.05,306,0
20150226,10.285,10.898,10.285,10.642,2037,0
20150227,10.633,10.893,10.403,10.403,51,0
20150302,10.628,10.756,10.265,10.265,999,0
20150303,10.496,10.898,10.408,10.408,356,0
20150304,10.633,10.712,9.937,9.937,4645,0
20150305,10.211,11.23,10.211,10.514,14214,0
20150306,10.726,11.144,10.345,10.345,3667,0
20150309,10.81,10.821,10.25,10.25,4991,0
20150310,10.25,10.761,10.211,10.211,9852,0
20150311,10.211,10.698,9.792,9.792,7207,0
20150312,10.054,10.555,10.054,10.067,2705,0
20150313,10.299,10.697,10.207,10.207,540,0
20150316,10.437,10.697,10.354,10.354,126,0
20150318,10.201,10.697,9.819,9.819,3757,0
20150324,10.113,10.358,9.87,9.87,204,0
20150325,10.309,10.456,9.963,9.963,1247,0
20150326,10.309,10.746,10.137,10.258,2648,0
20150327,10.486,10.849,10.148,10.148,1731,0
20150331,10.564,10.564,10.076,10.076,458,0
20150401,10.309,10.8,10.309,10.371,145,0
20150402,10.535,10.996,10.412,10.465,3590,0
20150407,10.913,10.913,10.898,10.898,3402,0
20150408,10.898,10.996,10.8,10.996,938,0
20150410,10.8,10.8,10.8,10.8,102,0
20150413,10.8,10.8,10.604,10.692,1358,0
20150414,10.8,10.8,10.8,10.8,204,0
20150415,10.8,10.8,10.8,10.8,285,0
20150416,10.8,10.8,10.8,10.8,306,0
20150417,10.8,10.8,10.8,10.8,204,0
20150420,10.505,10.633,10.505,10.633,1477,0
20150421,10.795,10.795,10.795,10.795,122,0
20150422,10.795,10.795,10.795,10.795,51,0
20150423,10.8,10.8,10.8,10.8,44,0
20150427,10.849,10.849,10.849,10.849,10,0
20150428,10.574,10.844,10.515,10.766,3830,0
20150430,10.663,10.663,10.663,10.663,407,0
20150506,10.653,10.653,10.653,10.653,204,0
20150508,10.898,11.055,10.849,11.055,1683,0
20150511,11.153,11.153,11.075,11.085,1043,0
20150512,10.609,10.609,10.609,10.609,21,0
20150514,10.8,10.8,10.79,10.79,459,0
20150515,11.099,11.099,11.099,11.099,251,0
20150518,10.535,10.8,10.535,10.8,6330,0
20150519,10.996,10.996,10.8,10.8,5093,0
20150520,11.15,11.15,11.1,11.1,121,0
20150521,10.955,11.15,10.8,10.8,1886,0
20150522,11.1,11.495,11.1,11.205,2904,0
20150526,11.455,11.455,11.455,11.455,50,0
20150528,11.195,11.2,11.195,11.2,1274,0
20150529,10.995,11.2,10.795,11.1,7023,0
20150602,10.75,10.75,10.75,10.75,1000,0
20150603,10.705,11,10.655,11,3625,0
20150605,10.655,10.655,10.6,10.61,4879,0
20150608,10.9,10.9,10.595,10.65,5888,0
20150609,10.8,10.8,10.8,10.8,13,0
20150610,10.605,10.795,10.5,10.605,8301,0
20150611,10.515,10.515,10.395,10.395,4608,0
20150612,10.4,10.79,10.4,10.605,7518,0
20150616,10.51,10.51,10.22,10.22,1404,0
20150617,10.495,10.495,9.9,10.475,10759,0
20150623,10.25,10.25,10.25,10.25,1000,0
20150624,10.25,10.49,10.25,10.49,2400,0
20150626,10.225,10.225,10.22,10.22,100,0
20150629,10.035,10.1,10.03,10.03,2213,0
20150630,10.03,10.3,10,10.3,2000,0
20150701,10.6,10.75,10.6,10.6,1980,0
20150703,10.27,10.27,10.27,10.27,1000,0
20150706,10.355,10.355,10.355,10.355,150,0
20150707,10.445,10.45,10.2,10.2,2290,0
20150709,10.36,10.36,10.36,10.36,200,0
20150716,10.345,10.345,10.345,10.345,111,0
20150717,10.15,10.15,10.15,10.15,350,0
20150721,10.395,10.395,10.395,10.395,150,0
20150722,10.315,10.315,10.16,10.16,2469,0
20150724,10.245,10.4,10.205,10.4,3090,0
20150727,10.155,10.155,10.145,10.145,1508,0
20150730,10.295,10.295,10.295,10.295,103,0
20150803,10.2,10.2,10.2,10.2,499,0
20150805,9.986,10.05,9.986,10.05,2105,0
20150812,10.055,10.055,9.855,9.855,1926,0
20150813,10.045,10.15,10.045,10.15,2000,0
20150817,9.977,9.977,9.5,9.5,6921,0
20150818,9.749,10.205,9.749,10.1,6788,0
20150819,10.445,10.485,10,10.3,11608,0
20150820,10.05,10.4,9.799,9.8,10522,0
20150821,9.8,9.8,9.499,9.5,6246,0
20150824,9.301,9.49,8.84,9.282,9320,0
20150825,9.158,9.55,9.156,9.55,10908,0
20150826,9.648,9.8,8.851,9.29,2597,0
20150827,9.3,9.3,8.85,8.975,7785,0
20150828,9.13,9.33,9.13,9.33,2777,0
20150831,9.33,9.33,9.33,9.33,223,0
20150901,9,9,9,9,1915,0
20150902,8.999,9.15,8.999,9,6557,0
20150903,9,9.337,9,9.337,2319,0
20150904,9.162,9.162,8.916,9.05,12874,0
20150908,9.061,9.25,8.85,9.25,8000,0
20150909,9.1,9.2,9.08,9.2,5900,0
20150915,9.336,9.336,9,9.336,2277,0
20150916,9.205,9.205,8.85,8.85,6439,0
20150917,9.17,9.17,9.17,9.17,112,0
20150918,8.86,8.86,8.85,8.851,9125,0
20150921,8.851,8.851,8.851,8.851,200,0
20150924,8.901,8.901,8.9,8.9,488,0
20150925,8.851,8.851,8.84,8.84,2700,0
20150928,8.84,8.84,8.84,8.84,1200,0
20150929,8.8,8.8,8.55,8.7,3617,0
20150930,8.675,8.675,8.675,8.675,800,0
20151001,8.817,8.817,8.817,8.817,1200,0
20151002,9,9,9,9,487,0
20151005,9.1,9.1,9.1,9.1,200,0
20151007,8.968,8.968,8.967,8.967,252,0
20151008,9.1,9.1,9.1,9.1,300,0
20151009,9.181,9.181,9.181,9.181,359,0
20151015,8.901,9.05,8.901,9.05,1040,0
20151019,9.2,9.2,9.2,9.2,150,0
20151021,9.11,9.2,9.11,9.2,1060,0
20151022,9.369,9.4,9.369,9.4,1500,0
20151029,9.3,9.856,9.3,9.6,3275,0
20151030,9.75,9.75,9.75,9.75,1100,0
20151102,9.9,9.9,9.9,9.9,1100,0
20151103,9.98,10.65,9.98,10.65,1291,0
20151104,10.605,10.8,10.605,10.655,1213,0
20151106,10.365,10.69,10.24,10.45,4770,0
20151109,10.45,10.65,10.45,10.5,1145,0
20151110,10.365,10.365,10.365,10.365,250,0
20151111,10.7,10.7,10.7,10.7,405,0
20151112,10.7,10.89,10.7,10.8,1840,0
20151116,10.45,10.45,10.22,10.22,1999,0
20151117,10.29,10.36,10.29,10.36,1100,0
20151118,10.55,10.67,10.48,10.67,2000,0
20151119,10.8,10.8,10.8,10.8,500,0
20151120,10.845,10.845,10.845,10.845,120,0
20151123,10.84,10.84,10.79,10.79,446,0
20151125,10.565,10.775,10.46,10.605,2689,0
20151130,10.7,10.7,10.3,10.375,2341,0
20151202,10.3,10.3,10.125,10.125,2000,0
20151203,10.245,10.245,9.9,9.9,620,0
20151204,9.9,10,9.9,9.928,2484,0
20151207,9.9,9.9,9.9,9.9,450,0
20151208,9.688,10,9.688,10,426,0
20151210,10,10,10,10,131,0
20151214,9.95,9.95,9.95,9.95,400,0
20151215,10.1,10.1,10.1,10.1,4,0
20151217,9.99,9.99,9.99,9.99,446,0
20151222,9.784,9.784,9.69,9.69,2500,0
20151223,9.7,9.7,9.7,9.7,1054,0
20151228,9.55,9.55,9.55,9.55,336,0
20151229,9.55,9.55,9.55,9.55,532,0
20160104,9.639,9.639,9.639,9.639,642,0
20160106,10.01,10.2,10.01,10.2,2300,0
20160108,10.15,10.89,10,10,10775,0
20160111,10.165,10.2,9.832,9.88,3130,0
20160112,10.06,10.06,9.716,9.894,910,0
20160114,9.85,9.85,9.85,9.85,200,0
20160115,10,10,10,10,100,0
20160122,9.544,9.544,9.544,9.544,1000,0
20160125,9.699,9.7,9.699,9.7,1200,0
20160128,9.6,9.6,9.6,9.6,133,0
20160129,9.5,9.7,9.35,9.35,5600,0
20160201,9.596,9.8,9.596,9.639,1133,0
20160202,9.96,9.96,9.639,9.639,162,0
20160209,9.398,9.5,9.398,9.5,1025,0
20160210,9.302,9.302,9.302,9.302,900,0
20160211,9.145,9.145,9.061,9.061,75,0
20160212,9.05,9.05,9.05,9.05,300,0
20160217,9.013,9.2,9.012,9.2,403,0
20160219,9.379,9.379,9.379,9.379,140,0
20160224,9.25,9.25,9.25,9.25,100,0
20160225,9.15,9.15,9.061,9.061,1750,0
20160226,9.25,9.25,9.25,9.25,900,0
20160302,9.109,9.109,9,9,2200,0
20160303,9.13,9.3,9.13,9.3,2100,0
20160304,9.2,9.2,9.2,9.2,180,0
20160307,8.91,9,8.868,9,2501,0
20160308,8.82,9.3,8.82,9.3,3947,0
20160309,9.147,9.147,9.147,9.147,1020,0
20160314,9.061,9.15,9.061,9.15,925,0
20160317,9.15,9.15,9.15,9.15,1380,0
20160318,9.061,9.061,9.05,9.05,1010,0
20160329,9.25,9.25,9.05,9.05,205,0
20160330,9.25,9.25,9.25,9.25,437,0
20160331,9.337,9.337,9.337,9.337,12,0
20160419,9.3,9.4,9.3,9.4,1480,0
20160422,9.35,10.06,9.35,10.06,9870,0
20160425,10,10,10,10,1340,0
20160426,10,10,10,10,600,0
20160427,9.976,10.35,9.976,10.1,2251,0
20160428,10.25,10.25,9.99,9.99,1500,0
20160429,9.784,9.784,9.784,9.784,1000,0
20160502,9.949,10,9.949,10,1160,0
20160503,10,10,9.8,9.8,1010,0
20160504,10,10,10,10,1167,0
20160506,10,10,10,10,163,0
20160509,10,10,10,10,500,0
20160510,9.832,9.832,9.832,9.832,14,0
20160513,10,10,10,10,25,0
20160517,10,10,10,10,30,0
20160518,9.75,9.75,9.75,9.75,500,0
20160519,9.75,9.75,9.75,9.75,430,0
20160526,10,10,10,10,27,0
20160601,9.784,10,9.784,10,600,0
20160603,9.999,10.15,9.999,10.15,3425,0
20160606,10.015,10.015,10.015,10.015,500,0
20160607,10.195,10.2,10.195,10.2,900,0
20160608,10.2,10.25,10.015,10.25,1141,0
20160610,10.25,10.25,10.15,10.15,4400,0
20160614,10.01,10.01,9.832,9.832,1600,0
20160615,10.045,10.045,10.045,10.045,300,0
20160620,10.05,10.05,9.881,9.881,1324,0
20160623,9.701,9.701,9.69,9.69,2500,0
20160627,9.799,9.8,9.799,9.8,1986,0
20160628,9.736,9.736,9.735,9.735,1100,0
20160701,9.687,9.749,9.639,9.749,2300,0
20160704,9.899,9.9,9.899,9.9,1645,0
20160706,10.05,10.05,10.05,10.05,1100,0
20160714,9.592,9.592,9.591,9.591,236,0
20160715,9.85,9.9,9.85,9.9,215,0
20160719,9.75,9.75,9.75,9.75,400,0
20160803,9.592,9.803,9.591,9.803,1696,0
20160809,9.95,10.2,9.95,10.2,1900,0
20160810,10.4,10.795,10.4,10.605,5614,0
20160811,10.6,10.805,10.6,10.7,4440,0
20160812,10.885,10.885,10.885,10.885,535,0
20160816,10.605,10.995,10.6,10.605,4000,0
20160817,10.4,10.4,10.4,10.4,1014,0
20160819,10.375,11.2,10.375,11.2,4800,0
20160822,10.99,10.99,10.99,10.99,300,0
20160823,10.99,11.25,10.99,11.25,2500,0
20160824,10.99,11.4,10.99,11.33,2767,0
20160825,11.33,11.95,11.33,11.95,5230,0
20160826,11.8,11.8,11.5,11.8,1062,0
20160829,11.8,11.95,11.76,11.76,1693,0
20160830,11.85,11.9,11.85,11.9,1509,0
20160831,11.85,13,11.85,12.4,7068,0
20160901,12.1,12.1,12.1,12.1,550,0
20160902,11.525,12.1,11.15,11.8,5105,0
20160905,11.85,11.85,11.7,11.7,1637,0
20160906,11.5,11.5,11.045,11.045,4660,0
20160907,11.25,11.6,11.25,11.5,3300,0
20160908,11.405,11.405,11.35,11.35,7160,0
20160912,10.995,11.05,10.755,11,12682,0
20160913,11.15,11.565,11.15,11.565,2300,0
20160914,11.33,11.33,11.33,11.33,1000,0
20160915,11.72,11.775,11.375,11.7,2635,0
20160919,11.7,11.7,11.7,11.7,1000,0
20160920,11.8,11.9,11.57,11.57,830,0
20160921,11.98,11.98,11.98,11.98,200,0
20160922,12,12,12,12,500,0
20160923,11.57,11.6,11.57,11.6,459,0
20160926,11.7,11.7,11.52,11.52,700,0
20160928,11.65,12,11.65,11.69,5300,0
20160930,11.42,11.42,11.42,11.42,200,0
20161004,11.75,11.75,11.75,11.75,50,0
20161005,11.575,11.575,11.575,11.575,800,0
20161006,11.28,11.28,11.14,11.14,1050,0
20161007,11.5,11.5,11.14,11.14,250,0
20161011,11.095,11.095,11.095,11.095,220,0
20161013,11.445,11.45,11.445,11.45,1000,0
20161019,11.15,11.15,11.15,11.15,690,0
20161020,11.15,11.35,11.15,11.35,500,0
20161021,11,11,10.99,10.99,1500,0
20161025,11.14,11.14,11.14,11.14,308,0
20161026,11.15,11.15,11.15,11.15,265,0
20161027,11.15,11.2,11.15,11.2,1000,0
20161028,11.2,11.2,11.2,11.2,250,0
20161101,11.35,11.35,11.35,11.35,90,0
20161102,11.2,11.6,11.2,11.6,3100,0
20161103,11.3,11.3,11.3,11.3,1300,0
20161104,11.15,11.15,11.15,11.15,1000,0
20161107,11.2,11.2,11.2,11.2,1000,0
20161109,11.01,11.01,10.805,11,2300,0
20161110,11.2,11.2,11.2,11.2,1900,0
20161111,11.2,11.2,11.2,11.2,1812,0
20161114,11.2,11.2,11.2,11.2,600,0
20161115,11.03,11.03,10.75,10.75,2620,0
20161117,10.845,10.845,10.7,10.7,2200,0
20161118,10.55,10.79,10.55,10.79,1055,0
20161121,10.71,11,10.71,11,270,0
20161123,10.71,10.71,10.71,10.71,300,0
20161124,10.79,10.79,10.655,10.655,300,0
20161129,10.975,10.975,10.975,10.975,1000,0
20161130,11.05,11.41,11,11.41,3900,0
20161201,11.2,11.8,11.2,11.2,6015,0
20161205,11.2,11.2,11.2,11.2,500,0
20161206,11.4,11.4,11.2,11.2,684,0
20161208,11,11,11,11,100,0
20161212,11.3,11.3,11.3,11.3,1000,0
20161213,11.14,11.5,11,11.4,4027,0
20161214,11.4,11.5,11.4,11.5,375,0
20161219,11.14,11.14,11.14,11.14,1000,0
20170103,11.25,11.55,11.25,11.55,2000,0
20170104,11.43,11.43,11.43,11.43,852,0
20170105,11.645,12.25,11.645,11.905,3393,0
20170106,12.2,12.8,12.15,12.8,5160,0
20170109,12.5,12.5,12.195,12.195,2000,0
20170110,11.955,11.955,11.93,11.93,1472,0
20170111,11.715,11.715,11.715,11.715,800,0
20170112,11.47,11.47,11.385,11.385,3100,0
20170113,11.6,11.6,11.6,11.6,550,0
20170116,11.7,11.7,11.7,11.7,220,0
20170117,11.58,11.58,10.8,11.385,6095,0
20170118,11.48,11.48,11.25,11.25,300,0
20170119,11.28,12,11.28,11.79,8332,0
20170123,11.6,11.6,11.595,11.595,1425,0
20170124,11.745,11.745,11.695,11.7,584,0
20170126,11.65,11.65,11.65,11.65,900,0
20170130,11.79,11.79,11.79,11.79,2000,0
20170131,11.41,11.795,11.41,11.795,1103,0
20170201,11.71,11.71,11.42,11.42,1000,0
20170202,11.21,11.21,10.825,11.025,6120,0
20170207,11,11,11,11,2169,0
20170208,11.14,11.14,11.135,11.135,460,0
20170209,10.92,10.92,10.92,10.92,296,0
20170210,11,11.12,11,11.1,482,0
20170214,11,11.25,11,11.25,900,0
20170215,11.005,11.005,10.85,10.85,1422,0
20170216,11,11.195,11,11.195,275,0
20170220,11.02,11.02,10.86,10.86,1500,0
20170221,10.96,11.05,10.96,11.045,2175,0
20170222,10.9,11.205,10.9,11.205,210,0
20170223,10.875,10.875,10.87,10.87,100,0
20170224,10.95,10.95,10.87,10.87,3950,0
20170227,10.86,10.86,10.86,10.86,3,0
20170302,11.17,11.17,11.17,11.17,500,0
20170303,10.875,10.875,10.875,10.875,130,0
20170306,11.05,11.29,11.045,11.29,1735,0
20170307,11.015,11.265,11.01,11.06,1672,0
20170310,11.3,11.3,11.3,11.3,1000,0
20170314,11.28,11.28,11,11,12351,0
20170315,11.21,11.21,11.21,11.21,900,0
20170316,11,11,11,11,7000,0
20170317,10.875,11,10.87,11,2500,0
20170320,10.86,11.065,10.81,11,6225,0
20170321,11,11.005,10.7,10.7,13241,0
20170322,10.6,11,10.42,11,9000,0
20170323,11,11,11,11,300,0
