Date,Open,High,Low,Close,Volume,OpenInt
20031022,2.95,2.95,2.95,2.95,700,0
20031204,1.9,1.9,1.9,1.9,1500,0
20031205,1.93,1.93,1.93,1.93,600,0
20031209,1.95,1.95,1.95,1.95,100,0
20031210,1.9,1.9,1.9,1.9,400,0
20031212,2,2,2,2,400,0
20031215,2.15,2.15,2.15,2.15,100,0
20031217,2.25,2.25,2.25,2.25,200,0
20031219,2.25,2.25,2.25,2.25,200,0
20031229,2.5,2.5,2.5,2.5,800,0
20040102,2,2,2,2,200,0
20040109,2.58,2.58,2.58,2.58,1400,0
20040119,2.3,2.3,2.3,2.3,5000,0
20040121,2.2,2.2,2.2,2.2,200,0
20040127,2.2,2.2,2.2,2.2,100,0
20040128,2.3,2.3,2.3,2.3,300,0
20040209,1.95,1.95,1.95,1.95,200,0
20040210,1.95,1.95,1.95,1.95,100,0
20040212,1.95,1.95,1.95,1.95,400,0
20040216,2.12,2.12,2.12,2.12,1200,0
20040224,2.12,2.12,2.12,2.12,100,0
20040225,2.12,2.12,2.12,2.12,100,0
20040315,2.4,2.4,2.4,2.4,700,0
20040318,2.1,2.1,2.1,2.1,600,0
20040323,2.1,2.1,2.1,2.1,300,0
20040324,1.99,1.99,1.99,1.99,100,0
20040407,1.99,1.99,1.99,1.99,100,0
20040408,1.99,1.99,1.99,1.99,200,0
20040429,2,2,2,2,200,0
20040503,2.3,2.3,2.3,2.3,600,0
20040611,2.1,2.1,2.1,2.1,500,0
20040706,1.8,1.8,1.8,1.8,100,0
20040716,1.95,1.95,1.95,1.95,2200,0
20040720,1.99,1.99,1.99,1.99,200,0
20040723,1.92,1.92,1.92,1.92,900,0
20040728,1.94,1.94,1.94,1.94,400,0
20040730,2.12,2.12,2.12,2.12,5000,0
20040802,2.12,2.12,2.12,2.12,9000,0
20040813,1.68,1.68,1.68,1.68,2000,0
20040909,1.75,1.75,1.75,1.75,1800,0
20040910,1.8,1.8,1.8,1.8,1300,0
20041018,1.56,1.56,1.56,1.56,1000,0
20041029,1.45,1.45,1.45,1.45,2000,0
20041103,1.35,1.35,1.35,1.35,100,0
20041118,1.37,1.37,1.37,1.37,200,0
20041129,1.2,1.2,1.2,1.2,1000,0
20041207,1.31,1.31,1.31,1.31,400,0
20041209,1.35,1.35,1.35,1.35,100,0
20041210,1.45,1.45,1.45,1.45,100,0
20041213,1.5,1.5,1.5,1.5,100,0
20041214,1.51,1.51,1.51,1.51,2000,0
20041216,1.5,1.5,1.5,1.5,200,0
20041221,1.42,1.42,1.42,1.42,600,0
20050105,1.04,1.04,1.04,1.04,400,0
20050107,1.28,1.28,1.28,1.28,500,0
20050112,1.4,1.4,1.4,1.4,100,0
20050113,1.28,1.28,1.28,1.28,500,0
20050121,1.28,1.28,1.28,1.28,100,0
20050126,1.55,1.55,1.55,1.55,200,0
20050208,1.93,1.93,1.93,1.93,400,0
20050303,2.3,2.3,2.3,2.3,200,0
20050310,3.47,3.47,3.47,3.47,2600,0
20050314,3.65,3.65,3.65,3.65,4800,0
20050317,2.89,2.89,2.89,2.89,3300,0
20050318,3.1,3.1,3.1,3.1,500,0
20050329,3.57,3.57,3.57,3.57,4400,0
20050401,3.75,3.75,3.75,3.75,1200,0
20050404,3.6,3.6,3.6,3.6,200,0
20050411,3,3,3,3,400,0
20050413,3.45,3.45,3.45,3.45,400,0
20050418,3,3,3,3,100,0
20050420,2.63,2.63,2.63,2.63,400,0
20050426,2.6,2.6,2.6,2.6,200,0
20050429,2.56,2.56,2.56,2.56,900,0
20050519,2.15,2.15,2.15,2.15,200,0
20050524,2.4,2.4,2.4,2.4,1900,0
20050531,2.58,2.58,2.58,2.58,800,0
20050603,3.1,3.1,3.1,3.1,1000,0
20050610,3,3,3,3,100,0
20050613,3,3,3,3,100,0
20050614,2.95,2.95,2.95,2.95,200,0
20050616,2.91,2.91,2.91,2.91,1000,0
20050617,2.88,2.88,2.88,2.88,1000,0
20050704,3,3,3,3,100,0
20050711,2.46,2.46,2.46,2.46,100,0
20050713,2.7,2.7,2.7,2.7,900,0
20050718,3,3,3,3,1800,0
20050719,2.7,2.7,2.7,2.7,1000,0
20050727,2.7,2.7,2.7,2.7,100,0
20050819,2.5,2.5,2.5,2.5,100,0
20050822,2.61,2.61,2.61,2.61,200,0
20050907,2.45,2.45,2.45,2.45,800,0
20050926,2.3,2.3,2.3,2.3,500,0
20051019,2.65,2.65,2.65,2.65,100,0
20051027,2.3,2.3,2.3,2.3,200,0
20051107,2.29,2.29,2.29,2.29,600,0
20051114,1.95,1.95,1.95,1.95,500,0
20051124,1.96,1.96,1.96,1.96,200,0
20051207,1.92,1.92,1.92,1.92,100,0
20051208,1.85,1.85,1.85,1.85,200,0
20051215,2.14,2.14,2.14,2.14,5000,0
20051222,1.82,1.82,1.82,1.82,100,0
20051230,1.5,1.5,1.5,1.5,100,0
20060104,1.74,1.74,1.74,1.74,1300,0
20060110,2,2,2,2,2000,0
20060126,1.85,1.85,1.85,1.85,200,0
20060131,1.95,1.95,1.95,1.95,200,0
20060221,1.79,1.79,1.79,1.79,1500,0
20060222,1.85,1.85,1.85,1.85,300,0
20060223,1.96,1.96,1.96,1.96,100,0
20060306,1.8,1.8,1.8,1.8,400,0
20060309,1.78,1.78,1.78,1.78,100,0
20060313,1.83,1.83,1.83,1.83,5000,0
20060314,1.71,1.71,1.71,1.71,1100,0
20060327,2.11,2.11,2.11,2.11,300,0
20060330,2.2,2.2,2.2,2.2,700,0
20060412,1.83,1.83,1.83,1.83,100,0
20060413,1.95,1.95,1.95,1.95,500,0
20060419,1.69,1.69,1.69,1.69,100,0
20060503,1.61,1.61,1.61,1.61,100,0
20060508,1.6,1.6,1.6,1.6,100,0
20060517,1.58,1.58,1.58,1.58,300,0
20060614,1.52,1.52,1.52,1.52,1000,0
20060623,1.55,1.55,1.55,1.55,200,0
20060704,1.85,1.85,1.85,1.85,500,0
20060706,1.7,1.7,1.7,1.7,200,0
20060714,1.51,1.51,1.51,1.51,1000,0
20060801,1.48,1.59,1.48,1.59,6500,0
20060802,1.55,1.6,1.55,1.6,3000,0
20060803,1.55,1.58,1.5,1.55,4700,0
20060807,1.5,1.56,1.47,1.47,2000,0
20060808,1.44,1.51,1.4,1.51,7600,0
20060809,1.45,1.5,1.45,1.45,300,0
20060810,1.46,1.55,1.45,1.45,3000,0
20060811,1.45,1.49,1.45,1.49,1000,0
20060815,1.47,1.54,1.47,1.54,1900,0
20060816,1.47,1.47,1.4,1.46,16500,0
20060817,1.41,1.49,1.28,1.49,18100,0
20060818,1.44,1.49,1.4,1.4,25500,0
20060821,1.46,1.46,1.39,1.4,9100,0
20060822,1.38,1.38,1.36,1.36,6700,0
20060823,1.36,1.38,1.32,1.38,17300,0
20060824,1.33,1.33,1.15,1.31,120300,0
20060825,1.25,1.25,1.25,1.25,2000,0
20060828,1.2,1.26,1.2,1.26,3600,0
20060829,1.22,1.27,1.22,1.27,100,0
20060830,1.28,1.28,1.24,1.24,5400,0
20060831,1.22,1.29,1.22,1.29,3300,0
20060901,1.3,1.3,1.3,1.3,1300,0
20060904,1.35,1.38,1.35,1.38,1500,0
20060905,1.31,1.31,1.3,1.3,3100,0
20060906,1.29,1.29,1.28,1.28,5000,0
20060907,1.27,1.27,1.27,1.27,1200,0
20060908,1.27,1.27,1.27,1.27,200,0
20060912,1.29,1.32,1.29,1.32,400,0
20060914,1.22,1.22,1.2,1.2,3300,0
20060915,1.18,1.25,1.18,1.25,200,0
20060918,1.2,1.2,1.2,1.2,1000,0
20060919,1.16,1.18,1.15,1.15,4500,0
20060920,1.23,1.23,1.16,1.16,100,0
20060921,1.16,1.18,1.16,1.18,4400,0
20060922,1.19,1.27,1.19,1.27,4200,0
20060926,1.19,1.19,1.18,1.18,6400,0
20060927,1.18,1.18,1.12,1.12,5200,0
20060928,1.11,1.11,1.11,1.11,200,0
20061003,1.2,1.2,1.2,1.2,1300,0
20061004,1.18,1.3,1.18,1.3,19600,0
20061005,1.39,1.39,1.39,1.39,300,0
20061009,1.3,1.37,1.2,1.2,6100,0
20061012,1.22,1.28,1.21,1.28,400,0
20061017,1.29,1.29,1.16,1.24,5800,0
20061018,1.16,1.16,1.14,1.14,3500,0
20061019,1.2,1.2,1.15,1.15,100,0
20061020,1.12,1.23,1.12,1.18,14900,0
20061023,1.19,1.25,1.19,1.25,10500,0
20061024,1.19,1.32,1.19,1.2,13100,0
20061025,1.22,1.22,1.19,1.22,900,0
20061026,1.18,1.25,1.17,1.25,7000,0
20061027,1.16,1.19,1.16,1.19,6500,0
20061030,1.16,1.2,1.16,1.18,7200,0
20061102,1.16,1.16,1.11,1.11,17500,0
20061103,1.11,1.11,1.07,1.07,17300,0
20061107,1.07,1.07,1.06,1.06,7800,0
20061108,1.05,1.1,1.03,1.03,8700,0
20061109,1,1.06,1,1.05,22300,0
20061110,0.99,1.04,0.99,1.04,6000,0
20061113,1.1,1.1,0.95,1.01,23500,0
20061114,0.96,1.03,0.94,1.03,13300,0
20061115,1.02,1.02,0.93,0.98,30800,0
20061116,0.93,1.05,0.8,1,44100,0
20061117,0.99,0.99,0.91,0.91,34000,0
20061120,0.98,0.98,0.88,0.88,6300,0
20061121,0.88,0.91,0.8,0.8,59500,0
20061122,0.77,0.8,0.73,0.8,36700,0
20061123,0.77,0.82,0.76,0.76,10300,0
20061124,0.78,0.86,0.73,0.81,49800,0
20061127,0.83,0.88,0.83,0.85,600,0
20061128,0.88,0.91,0.86,0.9,4300,0
20061129,0.88,0.98,0.88,0.92,11100,0
20061130,0.91,0.95,0.91,0.95,200,0
20061204,0.9,0.9,0.9,0.9,1400,0
20061205,0.95,0.95,0.88,0.92,5100,0
20061206,0.9,0.95,0.86,0.95,7100,0
20061207,0.94,0.97,0.85,0.91,15100,0
20061208,0.91,0.91,0.89,0.91,1400,0
20061211,0.9,0.97,0.9,0.96,12000,0
20061212,0.97,0.99,0.95,0.95,900,0
20061215,0.96,1.25,0.96,1.1,165100,0
20061218,1.05,1.12,1.05,1.1,8100,0
20061219,1.05,1.07,0.98,1.02,18800,0
20061220,0.98,1,0.87,0.96,22000,0
20061221,0.91,0.95,0.9,0.91,16000,0
20061222,0.94,0.97,0.89,0.97,12100,0
20061227,0.97,1.04,0.92,1,51100,0
20061229,0.99,0.99,0.92,0.97,2400,0
20070102,0.98,0.98,0.88,0.88,13900,0
20070103,0.89,0.97,0.89,0.97,3200,0
20070104,0.92,0.99,0.9,0.99,6100,0
20070105,0.91,0.91,0.9,0.9,22700,0
20070108,0.89,0.94,0.89,0.94,200,0
20070109,0.88,0.93,0.87,0.87,1900,0
20070111,0.87,0.87,0.83,0.85,6800,0
20070112,0.84,0.84,0.84,0.84,2400,0
20070115,0.85,0.9,0.84,0.9,6800,0
20070116,0.87,0.9,0.84,0.9,7600,0
20070117,0.85,0.9,0.85,0.9,1300,0
20070118,0.89,0.89,0.89,0.89,6000,0
20070125,0.83,0.88,0.82,0.88,17100,0
20070126,0.84,0.88,0.84,0.88,700,0
20070129,0.84,0.88,0.83,0.88,5000,0
20070130,0.83,0.88,0.83,0.83,900,0
20070131,0.88,0.95,0.88,0.95,21300,0
20070201,0.9,0.96,0.9,0.96,5000,0
20070202,0.9,0.95,0.9,0.95,200,0
20070205,0.95,1.01,0.95,1.01,56700,0
20070206,1.02,1.02,0.95,0.95,2500,0
20070207,0.96,1.01,0.96,1.01,9200,0
20070208,0.99,1.01,0.99,1.01,4000,0
20070209,1.01,1.01,1.01,1.01,2200,0
20070212,0.97,1.04,0.97,1.04,200,0
20070213,0.97,1,0.97,1,1600,0
20070214,0.97,1.06,0.97,1.04,16100,0
20070215,1.06,1.19,1.02,1.08,27800,0
20070216,1.13,1.23,1.13,1.23,37200,0
20070219,1.25,1.39,1.16,1.39,32000,0
20070220,1.38,1.49,1.35,1.38,89600,0
20070221,1.35,1.37,1.16,1.23,25400,0
20070222,1.2,1.3,1.2,1.3,4000,0
20070223,1.3,1.3,1.16,1.3,13100,0
20070226,1.3,1.35,1.18,1.26,7100,0
20070227,1.19,1.28,1.19,1.24,5600,0
20070228,1.15,1.2,1.15,1.2,1300,0
20070301,1.13,1.2,1.13,1.19,1000,0
20070302,1.15,1.25,1.15,1.21,4300,0
20070305,1.25,1.3,1.18,1.22,16500,0
20070306,1.16,1.22,1.16,1.17,100,0
20070307,1.22,1.3,1.22,1.3,13500,0
20070308,1.3,1.35,1.25,1.35,4500,0
20070309,1.35,1.35,1.28,1.28,3200,0
20070312,1.35,1.35,1.28,1.3,2100,0
20070313,1.26,1.26,1.26,1.26,1100,0
20070314,1.2,1.25,1.16,1.2,2500,0
20070315,1.2,1.25,1.2,1.25,5000,0
20070316,1.26,1.27,1.2,1.27,3200,0
20070319,1.2,1.26,1.2,1.26,1000,0
20070321,1.22,1.29,1.22,1.29,600,0
20070323,1.26,1.29,1.26,1.29,4000,0
20070326,1.26,1.26,1.26,1.26,900,0
20070327,1.24,1.27,1.21,1.21,11400,0
20070328,1.27,1.27,1.21,1.21,2400,0
20070329,1.22,1.22,1.15,1.18,7300,0
20070330,1.15,1.18,1.14,1.18,3900,0
20070402,1.15,1.15,1.15,1.15,1000,0
20070403,1.14,1.14,1.14,1.14,300,0
20070404,1.14,1.19,1.14,1.19,8400,0
20070412,1.15,1.26,1.15,1.26,5400,0
20070413,1.15,1.24,1.15,1.24,4800,0
20070416,1.26,1.27,1.2,1.27,2100,0
20070417,1.21,1.31,1.21,1.31,6200,0
20070418,1.21,1.28,1.21,1.28,2000,0
20070419,1.25,1.3,1.25,1.3,1300,0
20070423,1.23,1.35,1.23,1.26,12600,0
20070424,1.26,1.3,1.26,1.3,800,0
20070426,1.3,1.3,1.3,1.3,2000,0
20070427,1.32,1.32,1.32,1.32,900,0
20070430,1.32,1.38,1.29,1.38,900,0
20070502,1.3,1.31,1.28,1.29,3800,0
20070504,1.27,1.3,1.27,1.3,200,0
20070509,1.27,1.27,1.27,1.27,2200,0
20070510,1.31,1.31,1.27,1.27,800,0
20070511,1.31,1.35,1.28,1.3,7300,0
20070515,1.33,1.36,1.33,1.33,1300,0
20070516,1.33,1.33,1.33,1.33,1600,0
20070517,1.31,1.31,1.31,1.31,100,0
20070521,1.31,1.36,1.31,1.31,1800,0
20070525,1.31,1.39,1.31,1.37,300,0
20070530,1.31,1.32,1.31,1.32,1600,0
20070601,1.32,1.38,1.32,1.38,1000,0
20070605,1.3,1.34,1.3,1.34,1100,0
20070608,1.3,1.3,1.3,1.3,200,0
20070612,1.28,1.28,1.28,1.28,1000,0
20070613,1.26,1.26,1.26,1.26,100,0
20070614,1.28,1.34,1.28,1.34,2200,0
20070615,1.28,1.28,1.26,1.26,2100,0
20070618,1.25,1.3,1.25,1.3,100,0
20070620,1.3,1.31,1.28,1.31,4500,0
20070625,1.3,1.3,1.28,1.28,1500,0
20070627,1.27,1.27,1.27,1.27,100,0
20070629,1.27,1.39,1.27,1.39,200,0
20070702,1.26,1.32,1.26,1.26,5700,0
20070704,1.29,1.33,1.29,1.33,6000,0
20070705,1.3,1.3,1.3,1.3,500,0
20070712,1.33,1.36,1.29,1.36,700,0
20070716,1.28,1.28,1.28,1.28,1000,0
20070719,1.28,1.28,1.28,1.28,400,0
20070723,1.28,1.28,1.27,1.27,100,0
20070724,1.27,1.27,1.26,1.26,2000,0
20070725,1.3,1.3,1.3,1.3,800,0
20070727,1.26,1.3,1.26,1.3,100,0
20070730,1.26,1.26,1.25,1.25,1900,0
20070731,1.23,1.27,1.23,1.27,3400,0
20070801,1.24,1.27,1.24,1.27,1100,0
20070802,1.22,1.27,1.22,1.23,600,0
20070806,1.23,1.23,1.23,1.23,100,0
20070807,1.22,1.27,1.22,1.22,2700,0
20070808,1.24,1.24,1.24,1.24,2000,0
20070809,1.25,1.25,1.25,1.25,100,0
20070810,1.23,1.23,1.23,1.23,1400,0
20070815,1.24,1.29,1.22,1.29,29400,0
20070816,1.22,1.29,1.21,1.27,4000,0
20070817,1.22,1.28,1.22,1.28,400,0
20070822,1.23,1.24,1.23,1.23,8200,0
20070824,1.3,1.49,1.3,1.49,18500,0
20070827,1.46,1.46,1.37,1.44,1600,0
20070830,1.44,1.44,1.35,1.43,700,0
20070831,1.44,1.44,1.3,1.4,6900,0
20070904,1.34,1.39,1.28,1.39,4000,0
20070905,1.33,1.33,1.33,1.33,2000,0
20070907,1.3,1.36,1.27,1.36,500,0
20070914,1.38,1.39,1.32,1.39,500,0
20070917,1.39,1.39,1.28,1.36,2700,0
20070918,1.3,1.34,1.3,1.34,2000,0
20070919,1.26,1.35,1.26,1.35,100,0
20070920,1.25,1.33,1.22,1.3,11000,0
20070924,1.25,1.34,1.25,1.34,700,0
20070925,1.25,1.33,1.24,1.31,2000,0
20070926,1.31,1.38,1.31,1.38,2000,0
20070928,1.38,1.38,1.3,1.37,4300,0
20071001,1.3,1.38,1.3,1.31,200,0
20071002,1.38,1.38,1.27,1.32,9900,0
20071003,1.27,1.3,1.26,1.3,2100,0
20071004,1.31,1.32,1.25,1.32,400,0
20071005,1.25,1.31,1.25,1.31,2200,0
20071008,1.26,1.32,1.26,1.32,500,0
20071011,1.24,1.3,1.24,1.3,4500,0
20071012,1.31,1.36,1.31,1.36,3700,0
20071015,1.33,1.37,1.3,1.37,100,0
20071016,1.33,1.33,1.3,1.32,1800,0
20071017,1.28,1.32,1.27,1.27,1100,0
20071019,1.31,1.31,1.25,1.25,300,0
20071022,1.25,1.31,1.25,1.25,200,0
20071024,1.32,1.32,1.26,1.32,1000,0
20071029,1.25,1.31,1.25,1.25,500,0
20071030,1.25,1.3,1.25,1.3,500,0
20071101,1.25,1.3,1.25,1.25,300,0
20071106,1.23,1.3,1.23,1.3,1500,0
20071107,1.24,1.29,1.24,1.24,900,0
20071108,1.24,1.29,1.24,1.24,1800,0
20071112,1.28,1.29,1.24,1.29,300,0
20071113,1.24,1.29,1.24,1.29,1000,0
20071114,1.24,1.28,1.22,1.28,500,0
20071116,1.23,1.28,1.23,1.28,2000,0
20071120,1.23,1.28,1.23,1.28,500,0
20071121,1.22,1.28,1.21,1.28,700,0
20071122,1.21,1.28,1.21,1.28,2300,0
20071123,1.22,1.27,1.22,1.27,800,0
20071129,1.22,1.28,1.22,1.22,1500,0
20071130,1.22,1.23,1.21,1.21,3000,0
20071203,1.21,1.28,1.21,1.28,3600,0
20071205,1.21,1.27,1.21,1.27,2000,0
20071207,1.22,1.27,1.22,1.27,200,0
20071210,1.22,1.28,1.21,1.22,400,0
20071212,1.22,1.27,1.22,1.27,300,0
20071217,1.22,1.25,1.21,1.21,1300,0
20071219,1.22,1.27,1.22,1.27,100,0
20071220,1.22,1.27,1.22,1.27,5000,0
20071221,1.22,1.28,1.22,1.28,1000,0
20071227,1.28,1.38,1.25,1.36,4000,0
20071228,1.28,1.35,1.28,1.34,3500,0
20080102,1.34,1.34,1.34,1.34,3000,0
20080108,1.26,1.26,1.26,1.26,700,0
20080118,1.26,1.26,1.26,1.26,100,0
20080207,1.22,1.26,1.22,1.22,1000,0
20080208,1.27,1.29,1.24,1.29,500,0
20080211,1.25,1.29,1.25,1.29,2000,0
20080212,1.25,1.29,1.25,1.29,200,0
20080213,1.25,1.29,1.25,1.29,2700,0
20080214,1.29,1.29,1.29,1.29,100,0
20080215,1.24,1.29,1.24,1.29,9300,0
20080218,1.28,1.28,1.28,1.28,100,0
20080219,1.22,1.28,1.22,1.28,600,0
20080221,1.27,1.28,1.22,1.26,2300,0
20080222,1.28,1.28,1.22,1.28,100,0
20080225,1.28,1.28,1.28,1.28,100,0
20080226,1.22,1.28,1.22,1.28,100,0
20080228,1.22,1.28,1.22,1.28,300,0
20080229,1.18,1.28,1.18,1.25,3700,0
20080303,1.22,1.22,1.22,1.22,600,0
20080304,1.2,1.2,1.2,1.2,100,0
20080310,1.24,1.24,1.17,1.23,1700,0
20080312,1.18,1.23,1.18,1.23,600,0
20080314,1.18,1.27,1.18,1.27,100,0
20080317,1.16,1.25,1.16,1.24,1600,0
20080318,1.18,1.25,1.18,1.25,600,0
20080327,1.2,1.2,1.2,1.2,200,0
20080328,1.15,1.2,1.15,1.2,400,0
20080401,1.15,1.2,1.15,1.2,200,0
20080402,1.2,1.22,1.15,1.22,4200,0
20080404,1.23,1.23,1.23,1.23,2200,0
20080407,1.25,1.25,1.2,1.25,2700,0
20080408,1.22,1.28,1.22,1.28,3700,0
20080409,1.22,1.28,1.22,1.28,100,0
20080414,1.22,1.29,1.22,1.29,500,0
20080415,1.27,1.27,1.27,1.27,200,0
20080418,1.22,1.24,1.22,1.24,2000,0
20080421,1.22,1.25,1.22,1.25,200,0
20080423,1.22,1.26,1.22,1.26,900,0
20080425,1.26,1.27,1.22,1.27,900,0
20080428,1.22,1.22,1.22,1.22,4000,0
20080429,1.22,1.22,1.22,1.22,900,0
20080502,1.25,1.28,1.22,1.28,1800,0
20080505,1.22,1.27,1.22,1.27,2200,0
20080509,1.22,1.26,1.22,1.26,100,0
20080513,1.22,1.25,1.2,1.2,4200,0
20080514,1.3,1.3,1.25,1.25,4800,0
20080515,1.26,1.29,1.26,1.29,1600,0
20080516,1.22,1.25,1.22,1.25,600,0
20080519,1.28,1.28,1.23,1.27,2500,0
20080526,1.22,1.25,1.22,1.25,100,0
20080527,1.22,1.25,1.22,1.25,1300,0
20080529,1.22,1.26,1.22,1.26,2800,0
20080530,1.28,1.28,1.22,1.22,100,0
20080603,1.22,1.23,1.22,1.22,4100,0
20080606,1.21,1.21,1.21,1.21,100,0
20080609,1.23,1.28,1.22,1.28,1600,0
20080611,1.23,1.28,1.22,1.28,100,0
20080613,1.22,1.28,1.22,1.28,100,0
20080617,1.28,1.28,1.22,1.25,200,0
20080618,1.22,1.22,1.22,1.22,1000,0
20080620,1.22,1.22,1.22,1.22,1200,0
20080623,1.22,1.28,1.22,1.28,800,0
20080624,1.22,1.22,1.22,1.22,700,0
20080626,1.22,1.22,1.21,1.21,1700,0
20080630,1.22,1.28,1.22,1.28,800,0
20080701,1.22,1.25,1.22,1.25,900,0
20080702,1.27,1.27,1.21,1.24,7700,0
20080703,1.25,1.25,1.25,1.25,100,0
20080704,1.25,1.25,1.25,1.25,100,0
20080708,1.22,1.28,1.22,1.28,2300,0
20080709,1.22,1.22,1.22,1.22,1500,0
20080710,1.2,1.22,1.2,1.22,1400,0
20080711,1.22,1.28,1.2,1.27,2300,0
20080715,1.22,1.28,1.2,1.28,2000,0
20080716,1.2,1.28,1.2,1.28,100,0
20080717,1.27,1.27,1.22,1.22,300,0
20080718,1.22,1.22,1.22,1.22,700,0
20080721,1.18,1.24,1.18,1.24,300,0
20080722,1.25,1.25,1.25,1.25,1000,0
20080724,1.22,1.22,1.22,1.22,100,0
20080725,1.18,1.25,1.18,1.25,100,0
20080819,1.16,1.2,1.16,1.2,700,0
20080820,1.16,1.2,1.14,1.2,2200,0
20080822,1.16,1.18,1.11,1.18,12200,0
20080825,1.16,1.17,1.11,1.15,700,0
20080827,1.24,1.24,1.15,1.15,4600,0
20080903,1.16,1.2,1.14,1.2,500,0
20080904,1.18,1.18,1.18,1.18,100,0
20080908,1.25,1.25,1.16,1.2,3400,0
20080909,1.2,1.27,1.2,1.27,100,0
20080912,1.27,1.27,1.26,1.26,100,0
20080916,1.24,1.3,1.16,1.3,100,0
20080917,1.25,1.25,1.2,1.25,1400,0
20080918,1.23,1.23,1.14,1.23,300,0
20080919,1.16,1.23,1.16,1.23,200,0
20080922,1.23,1.25,1.23,1.25,100,0
20080925,1.23,1.24,1.23,1.24,2000,0
20080926,1.24,1.25,1.18,1.25,3600,0
20080929,1.16,1.22,1.16,1.22,100,0
20080930,1.16,1.16,1.16,1.16,100,0
20081002,1.16,1.26,1.16,1.25,2200,0
20081007,1.16,1.23,1.16,1.23,1000,0
20081008,1.16,1.18,1.11,1.16,800,0
20081015,1.16,1.23,1.16,1.23,700,0
20081016,1.16,1.24,1.16,1.24,1100,0
20081022,1.12,1.18,1.12,1.18,100,0
20081023,1.16,1.18,1.16,1.18,1700,0
20081027,1.14,1.18,1.14,1.18,2000,0
20081028,1.1,1.18,1.1,1.18,2000,0
20081030,1.13,1.15,1.13,1.13,1300,0
20081031,1.13,1.15,1.13,1.15,2300,0
20081103,1.13,1.15,1.11,1.11,3000,0
20081104,1.1,1.15,1.1,1.15,2200,0
20081105,1.05,1.06,1.04,1.04,4100,0
20081110,1.04,1.04,1.04,1.04,1000,0
20081111,1.04,1.05,1.04,1.05,2400,0
20081114,1.04,1.05,1,1.05,2000,0
20081117,1.05,1.05,1,1.04,300,0
20081118,1.05,1.05,1,1,100,0
20081119,1.05,1.05,1,1.05,2000,0
20081120,1,1.05,1,1.05,2200,0
20081124,1.01,1.05,1,1.04,2700,0
20081125,1.04,1.04,0.94,1.04,5000,0
20081127,1,1,0.94,1,2300,0
20081201,0.93,1,0.93,1,200,0
20081202,0.99,1.02,0.99,1.02,3600,0
20081203,0.99,1,0.99,1,200,0
20081204,1,1.08,1,1.08,2000,0
20081208,1.02,1.02,0.96,0.96,100,0
20081209,0.96,1,0.96,0.97,400,0
20081210,1.07,1.07,0.99,0.99,100,0
20081211,0.94,0.98,0.94,0.98,4500,0
20081212,0.94,1.02,0.94,1.01,1000,0
20081216,0.94,1,0.94,1,900,0
20081223,0.96,1,0.93,0.93,1200,0
20081229,0.94,0.98,0.9,0.95,6100,0
20081230,0.91,0.96,0.91,0.92,5200,0
20090109,0.91,0.91,0.91,0.91,2000,0
20090112,0.9,0.95,0.9,0.95,3000,0
20090115,0.92,0.92,0.92,0.92,100,0
20090205,0.94,0.94,0.94,0.94,100,0
20090216,0.95,0.95,0.9,0.9,200,0
20090223,1.02,1.02,1.02,1.02,100,0
20090225,0.95,0.98,0.85,0.98,4000,0
20090313,0.93,0.99,0.93,0.99,800,0
20090318,0.98,0.99,0.92,0.99,500,0
20090327,0.85,0.95,0.81,0.95,34500,0
20090330,0.9,0.9,0.8,0.9,10500,0
20090402,0.91,0.91,0.91,0.91,2000,0
20090403,0.87,0.89,0.87,0.89,800,0
20090408,0.87,0.87,0.87,0.87,500,0
20090409,0.88,0.94,0.88,0.94,5100,0
20090415,0.88,0.9,0.87,0.9,2200,0
20090417,0.86,0.95,0.86,0.95,4500,0
20090420,0.94,0.95,0.94,0.94,400,0
20090421,0.95,0.98,0.95,0.98,3300,0
20090422,0.99,0.99,0.92,0.92,1200,0
20090423,0.95,1,0.95,1,200,0
20090430,0.98,0.98,0.98,0.98,100,0
20090504,0.99,0.99,0.99,0.99,1000,0
20090507,0.95,0.95,0.92,0.92,1400,0
20090508,0.92,0.92,0.92,0.92,100,0
20090512,1,1,1,1,100,0
20090518,0.92,0.92,0.92,0.92,900,0
20090528,0.92,1,0.92,1,300,0
20090602,0.92,0.94,0.92,0.94,200,0
20090603,0.92,0.97,0.92,0.97,1200,0
20090610,0.99,0.99,0.99,0.99,100,0
20090622,0.99,1.06,0.99,1.06,10300,0
20090623,1.06,1.06,1.06,1.06,300,0
20090624,1.05,1.05,1.02,1.02,1600,0
20090625,1.05,1.09,1.05,1.09,4100,0
20090626,1.09,1.09,1.03,1.09,7100,0
20090629,1.01,1.01,1.01,1.01,700,0
20090630,1.01,1.18,1.01,1.18,11200,0
20090702,1.17,1.32,1.17,1.22,16000,0
20090703,1.2,1.22,1.2,1.22,1700,0
20090706,1.21,1.22,1.2,1.2,6800,0
20090707,1.28,1.3,1.2,1.26,32400,0
20090708,1.22,1.28,1.22,1.28,2900,0
20090709,1.22,1.3,1.2,1.28,4000,0
20090710,1.22,1.27,1.21,1.27,11700,0
20090713,1.22,1.28,1.18,1.22,12100,0
20090714,1.24,1.25,1.24,1.25,5200,0
20090715,1.25,1.27,1.25,1.27,5000,0
20090716,1.25,1.27,1.2,1.27,1400,0
20090717,1.27,1.27,1.27,1.27,100,0
20090720,1.24,1.24,1.21,1.24,2000,0
20090721,1.22,1.24,1.22,1.24,2000,0
20090722,1.24,1.24,1.24,1.24,2000,0
20090723,1.24,1.33,1.24,1.33,2900,0
20090724,1.27,1.37,1.27,1.37,5800,0
20090727,1.35,1.39,1.35,1.39,6400,0
20090728,1.35,1.35,1.33,1.35,2700,0
20090729,1.33,1.35,1.33,1.35,2600,0
20090730,1.35,1.4,1.31,1.37,1500,0
20090731,1.33,1.33,1.28,1.28,9900,0
20090803,1.34,1.36,1.3,1.35,5300,0
20090804,1.34,1.45,1.32,1.4,17000,0
20090805,1.36,1.42,1.36,1.41,600,0
20090806,1.44,1.5,1.44,1.5,5700,0
20090807,1.36,1.39,1.33,1.39,21900,0
20090810,1.39,1.4,1.32,1.4,4600,0
20090813,1.38,1.44,1.38,1.44,1900,0
20090814,1.44,1.44,1.35,1.38,3500,0
20090817,1.38,1.38,1.38,1.38,100,0
20090818,1.44,1.44,1.34,1.4,600,0
20090819,1.33,1.41,1.33,1.41,100,0
20090820,1.38,1.45,1.33,1.43,7100,0
20090821,1.43,1.43,1.43,1.43,1400,0
20090824,1.46,1.5,1.46,1.5,5500,0
20090825,1.46,1.54,1.46,1.46,17800,0
20090826,1.5,1.5,1.41,1.48,12100,0
20090827,1.48,1.5,1.4,1.47,5900,0
20090828,1.47,1.49,1.38,1.44,8800,0
20090831,1.4,1.44,1.35,1.44,6800,0
20090901,1.47,1.47,1.47,1.47,500,0
20090902,1.47,1.54,1.4,1.49,11000,0
20090903,1.46,1.46,1.38,1.45,6600,0
20090907,1.45,1.45,1.4,1.45,100,0
20090911,1.45,1.48,1.4,1.48,2000,0
20090914,1.36,1.4,1.33,1.4,6600,0
20090915,1.43,1.43,1.43,1.43,3000,0
20090916,1.4,1.43,1.36,1.43,1900,0
20090917,1.42,1.42,1.34,1.38,5000,0
20090918,1.33,1.38,1.33,1.38,300,0
20090921,1.38,1.42,1.38,1.42,4200,0
20090922,1.35,1.41,1.34,1.41,2000,0
20090923,1.34,1.41,1.33,1.4,200,0
20090928,1.33,1.4,1.33,1.35,3200,0
20090929,1.35,1.39,1.35,1.39,2900,0
20091001,1.33,1.37,1.3,1.37,3200,0
20091002,1.35,1.35,1.3,1.34,300,0
20091005,1.3,1.3,1.3,1.3,500,0
20091006,1.3,1.32,1.24,1.32,2900,0
20091007,1.29,1.29,1.29,1.29,2200,0
20091008,1.29,1.29,1.2,1.2,11300,0
20091009,1.2,1.22,1.2,1.22,1100,0
20091012,1.18,1.18,1.16,1.16,5400,0
20091013,1.22,1.22,1.16,1.17,1200,0
20091014,1.18,1.18,1.18,1.18,100,0
20091015,1.18,1.2,1.18,1.2,100,0
20091016,1.22,1.22,1.22,1.22,1500,0
20091019,1.22,1.22,1.18,1.19,4200,0
20091021,1.18,1.24,1.18,1.24,5400,0
20091022,1.19,1.25,1.19,1.25,4800,0
20091023,1.29,1.35,1.29,1.35,8800,0
20091026,1.27,1.27,1.27,1.27,500,0
20091028,1.27,1.3,1.21,1.3,7200,0
20091029,1.3,1.3,1.2,1.3,3200,0
20091030,1.2,1.27,1.2,1.27,5100,0
20091102,1.29,1.29,1.23,1.23,1100,0
20091105,1.27,1.36,1.27,1.36,22800,0
20091106,1.39,1.42,1.35,1.42,40100,0
20091109,1.44,1.46,1.4,1.46,24500,0
20091110,1.47,1.56,1.46,1.56,33500,0
20091111,1.57,1.6,1.56,1.58,21400,0
20091112,1.58,1.59,1.55,1.59,14600,0
20091113,1.58,1.7,1.55,1.68,58800,0
20091116,1.68,1.68,1.61,1.64,56800,0
20091117,1.63,1.63,1.55,1.55,20200,0
20091118,1.56,1.6,1.56,1.59,10400,0
20091119,1.57,1.58,1.52,1.52,2900,0
20091120,1.6,1.6,1.59,1.59,2000,0
20091123,1.6,1.61,1.52,1.58,14800,0
20091124,1.53,1.53,1.44,1.51,16500,0
20091125,1.46,1.5,1.46,1.5,2100,0
20091126,1.5,1.51,1.5,1.51,400,0
20091127,1.49,1.51,1.44,1.51,5500,0
20091130,1.51,1.51,1.45,1.51,6300,0
20091201,1.44,1.5,1.39,1.43,44400,0
20091202,1.44,1.44,1.37,1.43,10400,0
20091203,1.4,1.43,1.36,1.43,5600,0
20091204,1.44,1.44,1.44,1.44,3000,0
20091207,1.49,1.49,1.42,1.47,1700,0
20091208,1.41,1.41,1.41,1.41,4500,0
20091209,1.44,1.44,1.42,1.42,600,0
20091211,1.4,1.44,1.4,1.4,4500,0
20091214,1.4,1.4,1.4,1.4,7700,0
20091215,1.4,1.43,1.4,1.43,4800,0
20091216,1.4,1.4,1.31,1.31,6400,0
20091217,1.34,1.38,1.34,1.38,3100,0
20091218,1.38,1.38,1.3,1.3,6400,0
20091221,1.3,1.33,1.3,1.33,300,0
20091222,1.3,1.33,1.27,1.27,2200,0
20091223,1.27,1.3,1.27,1.28,7600,0
20091228,1.28,1.28,1.28,1.28,3900,0
20091229,1.27,1.27,1.27,1.27,900,0
20091230,1.33,1.33,1.28,1.28,4100,0
20100104,1.25,1.3,1.25,1.27,1500,0
20100105,1.28,1.28,1.28,1.28,100,0
20100106,1.27,1.33,1.27,1.28,7900,0
20100108,1.29,1.29,1.29,1.29,1200,0
20100111,1.29,1.35,1.29,1.35,1300,0
20100112,1.37,1.37,1.35,1.35,1900,0
20100113,1.38,1.45,1.38,1.39,6000,0
20100114,1.38,1.4,1.38,1.4,1500,0
20100118,1.41,1.41,1.41,1.41,2000,0
20100119,1.41,1.41,1.41,1.41,2500,0
20100120,1.41,1.41,1.4,1.4,6100,0
20100121,1.43,1.43,1.43,1.43,200,0
20100125,1.38,1.52,1.38,1.44,29600,0
20100126,1.5,1.6,1.5,1.56,30600,0
20100127,1.59,1.6,1.54,1.54,11900,0
20100128,1.59,1.59,1.5,1.5,11500,0
20100129,1.5,1.54,1.5,1.53,6900,0
20100201,1.54,1.54,1.51,1.52,6000,0
20100202,1.52,1.53,1.48,1.48,22700,0
20100203,1.5,1.52,1.5,1.52,5400,0
20100204,1.48,1.52,1.48,1.52,4200,0
20100205,1.5,1.5,1.45,1.45,5400,0
20100208,1.49,1.49,1.41,1.48,27200,0
20100209,1.41,1.46,1.35,1.46,23100,0
20100210,1.36,1.43,1.36,1.39,21800,0
20100211,1.36,1.43,1.36,1.4,19000,0
20100212,1.45,1.47,1.41,1.41,1400,0
20100215,1.45,1.47,1.41,1.41,2300,0
20100216,1.47,1.56,1.47,1.56,3800,0
20100217,1.5,1.52,1.46,1.52,4800,0
20100218,1.46,1.46,1.46,1.46,100,0
20100219,1.46,1.46,1.46,1.46,900,0
20100222,1.46,1.54,1.46,1.54,100,0
20100223,1.46,1.53,1.46,1.53,2000,0
20100225,1.47,1.47,1.47,1.47,200,0
20100226,1.45,1.45,1.45,1.45,2200,0
20100301,1.41,1.48,1.41,1.45,5200,0
20100302,1.42,1.47,1.42,1.47,700,0
20100304,1.42,1.42,1.41,1.41,500,0
20100305,1.41,1.42,1.4,1.42,4700,0
20100308,1.43,1.44,1.4,1.44,4400,0
20100309,1.44,1.46,1.43,1.46,11800,0
20100310,1.46,1.46,1.46,1.46,1000,0
20100312,1.4,1.4,1.4,1.4,4400,0
20100315,1.42,1.42,1.42,1.42,1000,0
20100316,1.43,1.43,1.43,1.43,800,0
20100317,1.43,1.43,1.41,1.41,2100,0
20100318,1.41,1.41,1.41,1.41,1200,0
20100319,1.45,1.48,1.42,1.48,4900,0
20100322,1.43,1.43,1.43,1.43,100,0
20100323,1.47,1.49,1.46,1.47,8700,0
20100324,1.5,1.5,1.45,1.45,2000,0
20100325,1.45,1.45,1.45,1.45,300,0
20100326,1.46,1.46,1.43,1.45,3000,0
20100329,1.45,1.45,1.45,1.45,200,0
20100330,1.46,1.49,1.43,1.49,1600,0
20100401,1.41,1.43,1.35,1.43,20400,0
20100406,1.4,1.45,1.38,1.39,2300,0
20100407,1.39,1.39,1.39,1.39,2500,0
20100408,1.39,1.39,1.39,1.39,2000,0
20100409,1.39,1.41,1.39,1.39,12400,0
20100413,1.39,1.39,1.39,1.39,2000,0
20100414,1.4,1.44,1.4,1.44,12500,0
20100415,1.42,1.44,1.42,1.44,3300,0
20100416,1.43,1.43,1.43,1.43,1100,0
20100419,1.42,1.5,1.42,1.5,10800,0
20100426,1.44,1.45,1.44,1.45,4500,0
20100428,1.44,1.44,1.43,1.43,5600,0
20100429,1.43,1.43,1.43,1.43,500,0
20100430,1.48,1.53,1.48,1.53,12400,0
20100503,1.5,1.54,1.5,1.53,15400,0
20100504,1.53,1.53,1.53,1.53,1400,0
20100505,1.51,1.51,1.51,1.51,1700,0
20100506,1.51,1.53,1.51,1.51,5600,0
20100507,1.5,1.53,1.43,1.53,16500,0
20100510,1.53,1.53,1.5,1.52,6000,0
20100511,1.46,1.46,1.46,1.46,900,0
20100512,1.52,1.52,1.52,1.52,400,0
20100513,1.46,1.46,1.46,1.46,200,0
20100514,1.52,1.52,1.46,1.52,1100,0
20100517,1.52,1.52,1.46,1.46,200,0
20100518,1.48,1.53,1.48,1.53,7100,0
20100519,1.53,1.53,1.53,1.53,2100,0
20100520,1.48,1.48,1.48,1.48,300,0
20100525,1.5,1.5,1.5,1.5,64000,0
20100526,1.55,1.56,1.55,1.56,12500,0
20100527,1.51,1.57,1.51,1.57,1500,0
20100528,1.51,1.51,1.51,1.51,3700,0
20100531,1.58,1.58,1.58,1.58,1900,0
20100603,1.53,1.58,1.53,1.58,5500,0
20100604,1.56,1.58,1.56,1.58,2200,0
20100607,1.58,1.6,1.58,1.6,6500,0
20100608,1.56,1.56,1.56,1.56,1000,0
20100609,1.56,1.56,1.56,1.56,2100,0
20100611,1.6,1.6,1.6,1.6,3000,0
20100614,1.65,1.7,1.58,1.7,9000,0
20100615,1.7,1.7,1.7,1.7,4000,0
20100616,1.7,1.84,1.7,1.76,18600,0
20100617,1.79,1.86,1.75,1.77,75100,0
20100618,1.81,1.81,1.71,1.8,13300,0
20100621,1.8,1.8,1.75,1.8,20300,0
20100622,1.86,2.2,1.85,2,152300,0
20100623,2.15,2.18,2.01,2.18,50400,0
20100624,2.2,2.29,2.07,2.19,49600,0
20100625,2.15,2.15,2.14,2.14,5400,0
20100628,2.19,2.19,1.98,1.98,18100,0
20100629,2.05,2.06,1.96,2.05,22300,0
20100630,2.03,2.06,2.03,2.06,7000,0
20100701,1.95,2.3,1.95,2.02,21400,0
20100702,2.06,2.13,2.03,2.13,16500,0
20100705,2.2,2.22,2.19,2.2,9000,0
20100706,2.2,2.38,2.2,2.3,22200,0
20100707,2.48,2.48,2.3,2.48,24900,0
20100708,2.41,2.55,2.4,2.4,11700,0
20100709,2.43,2.56,2.27,2.56,27500,0
20100712,2.55,2.55,2.41,2.47,15300,0
20100713,2.5,2.5,2.02,2.13,43700,0
20100714,2.15,2.35,2.15,2.19,6900,0
20100715,2.2,2.45,2.15,2.3,17800,0
20100716,2.35,2.35,2.18,2.18,9400,0
20100719,2.18,2.3,2.15,2.3,5300,0
20100720,2.19,2.27,2.12,2.2,5400,0
20100721,2.16,2.16,2.15,2.15,1000,0
20100722,2.12,2.14,2.02,2.14,26100,0
20100723,2.05,2.15,2.05,2.15,2200,0
20100726,2.19,2.19,2.06,2.1,4200,0
20100727,2.04,2.12,2.04,2.12,9500,0
20100728,2.04,2.1,2.04,2.07,1300,0
20100729,2.1,2.1,2.04,2.09,3200,0
20100730,2.09,2.13,2.04,2.13,14000,0
20100802,2.2,2.28,2.14,2.24,9700,0
20100803,2.2,2.22,2.16,2.16,2400,0
20100804,2.16,2.24,2.15,2.2,8600,0
20100805,2.18,2.4,2.18,2.38,22500,0
20100806,2.31,2.37,2.22,2.33,8800,0
20100809,2.32,2.35,2.22,2.33,22000,0
20100810,2.33,2.34,2.26,2.34,7400,0
20100811,2.26,2.36,2.2,2.36,33200,0
20100812,2.38,2.58,2.36,2.58,72000,0
20100813,2.54,2.65,2.5,2.5,31300,0
20100816,2.6,2.65,2.53,2.65,9200,0
20100817,2.65,2.7,2.52,2.7,8900,0
20100818,2.67,2.77,2.63,2.77,3900,0
20100819,2.77,2.9,2.67,2.84,50700,0
20100820,2.83,2.91,2.6,2.83,32300,0
20100823,2.84,2.96,2.8,2.95,31000,0
20100824,2.92,2.95,2.85,2.95,14400,0
20100825,2.97,3.05,2.97,3,21200,0
20100826,3.04,3.04,2.9,2.91,12500,0
20100827,2.95,3.01,2.85,2.95,8400,0
20100830,3,3,2.66,2.77,22700,0
20100831,2.9,2.9,2.72,2.87,600,0
20100901,2.81,2.9,2.35,2.63,43100,0
20100902,2.64,2.68,2.56,2.68,23800,0
20100903,2.68,2.75,2.67,2.75,6800,0
20100906,2.61,2.74,2.61,2.74,4600,0
20100907,2.74,2.74,2.6,2.68,4800,0
20100908,2.6,2.75,2.6,2.75,13900,0
20100909,2.61,2.75,2.61,2.75,900,0
20100910,2.75,2.76,2.66,2.73,5400,0
20100913,2.73,2.82,2.72,2.75,17400,0
20100914,2.8,2.82,2.76,2.82,3000,0
20100915,2.75,2.81,2.75,2.81,1700,0
20100916,2.81,2.81,2.63,2.77,9400,0
20100917,2.7,2.76,2.68,2.73,1000,0
20100920,2.64,2.72,2.57,2.72,7400,0
20100921,2.6,2.65,2.6,2.65,2000,0
20100922,2.57,2.72,2.57,2.72,6200,0
20100923,2.6,2.67,2.6,2.67,600,0
20100924,2.6,2.67,2.6,2.67,500,0
20100927,2.58,2.78,2.58,2.65,5700,0
20100928,2.58,2.7,2.57,2.7,700,0
20100929,2.68,2.7,2.68,2.7,3900,0
20100930,2.57,2.65,2.56,2.56,1900,0
20101001,2.65,2.78,2.65,2.78,7100,0
20101004,2.79,2.85,2.74,2.85,10300,0
20101005,2.8,3.04,2.8,2.88,8400,0
20101006,3.02,3.02,2.72,2.89,25900,0
20101007,2.8,2.89,2.67,2.79,6900,0
20101008,2.77,2.8,2.63,2.8,1400,0
20101011,2.88,3.15,2.85,3,44200,0
20101012,2.95,3.1,2.95,3.05,6500,0
20101013,3.05,3.37,3.05,3.2,36100,0
20101014,3.17,3.45,3.17,3.33,21900,0
20101015,3.47,3.54,3.4,3.48,12500,0
20101018,3.5,4.1,3.5,4,34900,0
20101019,4.08,4.08,3.15,3.26,110800,0
20101020,3.4,3.52,3.32,3.48,12900,0
20101021,3.5,3.53,3.33,3.36,8800,0
20101022,3.39,3.45,3.32,3.32,5800,0
20101025,3.25,3.4,3.2,3.31,9200,0
20101026,3.25,3.25,3.15,3.15,8400,0
20101027,3.15,3.27,3.1,3.2,6600,0
20101028,3.27,3.27,3.1,3.11,5600,0
20101029,3.11,3.28,3.11,3.28,6000,0
20101101,3.26,3.27,3.23,3.23,2000,0
20101102,3.11,3.15,2.86,2.88,25100,0
20101103,2.97,3.15,2.9,3.15,14200,0
20101104,3.15,3.18,3.04,3.04,3500,0
20101105,3.1,3.18,3.05,3.18,3900,0
20101108,3,3.18,3,3.02,3100,0
20101109,3.09,3.09,3.02,3.02,4200,0
20101110,3.11,3.11,3.02,3.1,2800,0
20101111,3.05,3.05,2.99,2.99,2800,0
20101112,3,3,2.9,3,2700,0
20101115,2.9,2.95,2.77,2.95,24500,0
20101116,2.85,2.88,2.6,2.7,14500,0
20101117,2.79,2.79,2.37,2.37,25400,0
20101118,2.41,2.69,2.38,2.64,26200,0
20101119,2.62,2.72,2.57,2.7,7000,0
20101122,2.77,2.85,2.72,2.85,7400,0
20101123,2.85,2.86,2.75,2.77,5000,0
20101124,2.8,2.8,2.8,2.8,1000,0
20101125,2.84,2.94,2.77,2.94,8700,0
20101126,2.93,2.98,2.85,2.95,9000,0
20101129,2.85,2.92,2.85,2.92,1900,0
20101130,2.8,2.93,2.78,2.82,7800,0
20101201,2.8,2.93,2.77,2.93,13800,0
20101202,2.86,2.99,2.86,2.99,25000,0
20101203,2.99,3.05,2.91,3.05,5300,0
20101206,3,3,2.9,2.94,4400,0
20101207,2.9,2.9,2.77,2.77,12700,0
20101208,2.77,2.77,2.76,2.77,3400,0
20101209,2.76,2.77,2.76,2.76,1500,0
20101210,2.85,2.85,2.78,2.78,2300,0
20101213,2.76,2.76,2.68,2.68,9500,0
20101214,2.64,2.79,2.64,2.79,6600,0
20101215,2.77,2.77,2.7,2.7,700,0
20101216,2.65,2.67,2.57,2.67,10200,0
20101217,2.61,2.73,2.61,2.73,5600,0
20101220,2.65,2.69,2.61,2.63,13500,0
20101221,2.61,2.67,2.57,2.57,9200,0
20101222,2.65,2.71,2.65,2.71,3700,0
20101223,2.67,2.79,2.65,2.65,11000,0
20101227,2.65,2.68,2.63,2.68,6300,0
20101228,2.73,2.73,2.6,2.6,2200,0
20101229,2.6,2.6,2.6,2.6,4100,0
20101230,2.59,2.68,2.59,2.61,4700,0
20110103,2.61,2.7,2.61,2.68,4500,0
20110104,2.69,2.85,2.68,2.7,7700,0
20110105,2.75,2.8,2.72,2.72,11100,0
20110106,2.78,2.9,2.78,2.86,14800,0
20110107,2.89,2.98,2.89,2.98,7800,0
20110110,2.98,3.15,2.98,3.11,68600,0
20110111,3.13,3.28,3.13,3.17,23500,0
20110112,3.2,3.2,3.06,3.16,21300,0
20110113,3.16,3.16,3,3.08,7700,0
20110114,3.05,3.05,2.97,3.03,7100,0
20110117,2.97,3.03,2.92,3.03,3300,0
20110118,2.92,3,2.92,3,1500,0
20110119,2.92,2.98,2.92,2.98,2000,0
20110120,2.93,2.98,2.88,2.89,6000,0
20110121,2.85,2.88,2.85,2.88,1900,0
20110124,2.85,2.88,2.85,2.85,3200,0
20110125,2.85,2.94,2.85,2.85,1500,0
20110126,2.85,2.85,2.85,2.85,900,0
20110127,2.94,2.96,2.94,2.96,1600,0
20110128,2.86,2.86,2.86,2.86,400,0
20110131,2.85,2.86,2.85,2.86,1700,0
20110201,2.86,2.86,2.76,2.8,8000,0
20110202,2.83,2.87,2.72,2.87,6600,0
20110203,2.77,2.77,2.77,2.77,500,0
20110204,2.74,2.86,2.66,2.66,7800,0
20110207,2.8,2.87,2.8,2.8,4700,0
20110208,2.82,2.89,2.8,2.8,1600,0
20110209,2.81,2.83,2.8,2.83,1300,0
20110211,2.81,2.81,2.81,2.81,2000,0
20110214,2.8,2.8,2.8,2.8,300,0
20110215,2.85,2.85,2.75,2.83,4100,0
20110216,2.84,2.84,2.74,2.84,100,0
20110217,2.74,2.78,2.73,2.78,2000,0
20110218,2.71,2.8,2.68,2.68,3300,0
20110221,2.63,2.68,2.63,2.68,300,0
20110222,2.64,2.64,2.64,2.64,1000,0
20110223,2.73,2.77,2.63,2.74,3800,0
20110224,2.63,2.63,2.59,2.59,2600,0
20110225,2.59,2.59,2.5,2.5,600,0
20110228,2.52,2.59,2.52,2.59,3200,0
20110302,2.52,2.52,2.52,2.52,600,0
20110303,2.54,2.54,2.53,2.53,4600,0
20110304,2.59,2.59,2.53,2.54,1700,0
20110307,2.54,2.63,2.54,2.63,2000,0
20110309,2.63,2.88,2.63,2.85,8900,0
20110310,2.81,2.81,2.75,2.75,8000,0
20110311,2.77,2.81,2.77,2.81,7600,0
20110314,2.72,2.72,2.52,2.55,18800,0
20110315,2.47,2.49,2.05,2.11,33300,0
20110316,2.16,2.38,2.16,2.3,26000,0
20110317,2.35,2.36,2.3,2.3,4200,0
20110318,2.4,2.45,2.35,2.35,1900,0
20110321,2.37,2.53,2.37,2.49,15300,0
20110322,2.5,2.5,2.5,2.5,2400,0
20110323,2.5,2.58,2.5,2.58,2200,0
20110324,2.66,2.7,2.66,2.68,3700,0
20110325,2.65,2.73,2.61,2.61,6400,0
20110328,2.7,2.7,2.57,2.66,5900,0
20110330,2.61,2.7,2.58,2.58,3900,0
20110331,2.6,2.6,2.5,2.5,400,0
20110401,2.47,2.59,2.47,2.51,2000,0
20110404,2.42,2.42,2.42,2.42,700,0
20110405,2.45,2.45,2.45,2.45,100,0
20110406,2.53,2.53,2.48,2.48,2700,0
20110407,2.58,2.58,2.58,2.58,100,0
20110411,2.51,2.59,2.51,2.59,2800,0
20110412,2.51,2.6,2.51,2.54,2400,0
20110414,2.58,2.58,2.51,2.51,500,0
20110415,2.51,2.51,2.35,2.5,9200,0
20110418,2.43,2.43,2.4,2.4,1200,0
20110419,2.4,2.4,2.3,2.3,2300,0
20110420,2.31,2.31,2.31,2.31,300,0
20110421,2.31,2.37,2.31,2.33,10600,0
20110427,2.3,2.45,2.3,2.4,5200,0
20110428,2.35,2.42,2.35,2.42,700,0
20110429,2.35,2.42,2.34,2.37,2300,0
20110502,2.4,2.4,2.35,2.35,1900,0
20110503,2.35,2.35,2.35,2.35,700,0
20110505,2.35,2.35,2.35,2.35,400,0
20110506,2.35,2.35,2.35,2.35,400,0
20110509,2.35,2.35,2.35,2.35,1100,0
20110510,2.35,2.35,2.35,2.35,100,0
20110511,2.35,2.38,2.35,2.38,2800,0
20110513,2.29,2.29,2,2.08,38800,0
20110516,2,2.1,2,2.09,4900,0
20110518,2,2,2,2,900,0
20110519,2,2.08,2,2,5600,0
20110520,2.07,2.07,1.84,2,15300,0
20110523,2.05,2.05,2,2,1100,0
20110524,1.96,2.04,1.95,2.04,2000,0
20110526,2.04,2.09,2.04,2.09,4700,0
20110527,2.02,2.06,1.92,2.06,2600,0
20110530,1.99,1.99,1.8,1.85,9700,0
20110531,1.81,1.81,1.81,1.81,1000,0
20110601,1.77,1.77,1.76,1.76,7100,0
20110602,1.75,1.82,1.75,1.82,1100,0
20110603,1.81,1.84,1.76,1.76,3200,0
20110606,1.75,1.75,1.7,1.74,3000,0
20110608,1.67,1.68,1.67,1.68,800,0
20110613,1.68,1.68,1.66,1.66,100,0
20110614,1.7,1.7,1.64,1.64,500,0
20110615,1.62,1.68,1.62,1.68,1400,0
20110617,1.7,1.7,1.65,1.65,1500,0
20110620,1.65,1.65,1.58,1.58,5300,0
20110621,1.65,1.65,1.63,1.63,2600,0
20110622,1.58,1.58,1.58,1.58,500,0
20110623,1.58,1.64,1.58,1.59,3000,0
20110624,1.58,1.58,1.52,1.52,1900,0
20110627,1.53,1.53,1.52,1.52,300,0
20110701,1.58,1.58,1.58,1.58,400,0
20110705,1.64,1.77,1.64,1.77,6600,0
20110706,1.82,1.85,1.82,1.85,1900,0
20110707,1.79,1.89,1.75,1.89,3000,0
20110708,1.95,1.95,1.95,1.95,500,0
20110711,1.88,1.91,1.88,1.91,8400,0
20110715,1.79,1.79,1.79,1.79,300,0
20110718,1.85,1.85,1.73,1.73,2800,0
20110719,1.79,1.79,1.79,1.79,2000,0
20110720,1.8,1.8,1.8,1.8,200,0
20110722,1.72,1.72,1.72,1.72,1000,0
20110725,1.66,1.66,1.66,1.66,3200,0
20110726,1.72,1.72,1.72,1.72,2000,0
20110727,1.66,1.66,1.66,1.66,1900,0
20110728,1.67,1.67,1.67,1.67,1000,0
20110801,1.56,1.56,1.56,1.56,1000,0
20110802,1.51,1.51,1.51,1.51,100,0
20110803,1.53,1.53,1.49,1.49,3000,0
20110805,1.45,1.45,1.33,1.33,1700,0
20110809,1.3,1.45,1.26,1.45,6300,0
20110810,1.55,1.55,1.26,1.55,700,0
20110815,1.49,1.49,1.46,1.46,2200,0
20110819,1.4,1.4,1.4,1.4,600,0
20110823,1.4,1.5,1.4,1.5,3300,0
20110824,1.55,1.55,1.55,1.55,2500,0
20110825,1.6,1.6,1.5,1.5,700,0
20110829,1.56,1.56,1.56,1.56,500,0
20110902,1.5,1.5,1.45,1.45,15400,0
20110905,1.41,1.41,1.4,1.4,2000,0
20110912,1.29,1.29,1.23,1.26,4300,0
20110913,1.26,1.26,1.2,1.2,4000,0
20110914,1.24,1.3,1.24,1.24,9500,0
20110915,1.28,1.34,1.28,1.34,7400,0
20110919,1.36,1.42,1.36,1.42,7000,0
20110920,1.44,1.48,1.44,1.48,2200,0
20110921,1.43,1.43,1.4,1.4,2100,0
20110923,1.44,1.44,1.4,1.4,1800,0
20110926,1.35,1.35,1.35,1.35,300,0
20110928,1.35,1.35,1.35,1.35,200,0
20110929,1.33,1.33,1.27,1.27,15600,0
20110930,1.23,1.23,1.22,1.22,3000,0
20111003,1.3,1.3,1.22,1.22,10200,0
20111004,1.18,1.2,1.14,1.2,5300,0
20111005,1.16,1.16,1.16,1.16,2000,0
20111006,1.15,1.15,1.15,1.15,700,0
20111011,1.17,1.25,1.17,1.25,3000,0
20111013,1.22,1.22,1.22,1.22,300,0
20111017,1.22,1.22,1.22,1.22,2000,0
20111021,1.22,1.22,1.22,1.22,2300,0
20111026,1.24,1.24,1.24,1.24,800,0
20111028,1.22,1.22,1.22,1.22,5200,0
20111031,1.22,1.22,1.22,1.22,5200,0
20111101,1.13,1.13,1.07,1.07,4600,0
20111102,1.08,1.08,1.03,1.08,20700,0
20111107,1.06,1.12,1.06,1.12,100,0
20111110,1.06,1.06,1.06,1.06,300,0
20111114,1.06,1.06,1.06,1.06,700,0
20111122,0.98,0.98,0.98,0.98,2800,0
20111125,0.95,0.95,0.91,0.91,6000,0
20111130,0.95,0.97,0.9,0.97,500,0
20111206,0.97,0.97,0.93,0.93,1000,0
20111208,0.92,0.92,0.92,0.92,2000,0
20111209,0.92,1.06,0.92,1.06,22300,0
20111212,1.02,1.1,1.02,1.1,7300,0
20111213,1.13,1.14,1.13,1.14,3700,0
20111214,1.13,1.17,1.13,1.17,2300,0
20111215,1.17,1.21,1.17,1.21,4300,0
20111216,1.2,1.28,1.14,1.28,4400,0
20111219,1.24,1.24,1.24,1.24,4000,0
20111220,1.2,1.2,1.2,1.2,2000,0
20111222,1.16,1.18,1.16,1.18,4000,0
20111227,1.14,1.16,1.14,1.16,3500,0
20111228,1.2,1.2,1.2,1.2,2000,0
20111230,1.25,1.25,1.19,1.19,2400,0
20120104,1.15,1.15,1.15,1.15,800,0
20120110,1.12,1.16,1.12,1.16,2800,0
20120111,1.13,1.13,1.13,1.13,2000,0
20120113,1.07,1.09,1.07,1.07,6500,0
20120118,1.05,1.05,1.05,1.05,400,0
20120119,1.08,1.08,1.08,1.08,500,0
20120123,1.03,1.03,1.03,1.03,300,0
20120124,1.06,1.06,1.06,1.06,1600,0
20120125,1.09,1.09,1.09,1.09,1000,0
20120131,1.08,1.08,1.08,1.08,2000,0
20120201,1.1,1.1,1.1,1.1,100,0
20120202,1.1,1.13,1.06,1.13,12000,0
20120203,1.11,1.11,1.11,1.11,300,0
20120213,1.02,1.02,1,1,200,0
20120214,1,1.07,1,1.07,2000,0
20120215,1.09,1.24,1.05,1.19,27200,0
20120216,1.24,1.24,1.22,1.22,4000,0
20120220,1.25,1.37,1.25,1.36,6700,0
20120222,1.36,1.36,1.36,1.36,2000,0
20120223,1.35,1.35,1.35,1.35,2000,0
20120224,1.35,1.35,1.3,1.3,2900,0
20120227,1.25,1.29,1.2,1.29,1300,0
20120228,1.2,1.29,1.2,1.25,3600,0
20120229,1.29,1.29,1.29,1.29,100,0
20120301,1.33,1.33,1.33,1.33,2000,0
20120306,1.29,1.29,1.24,1.24,3700,0
20120307,1.24,1.24,1.14,1.16,4100,0
20120308,1.16,1.16,1.16,1.16,1000,0
20120309,1.17,1.19,1.17,1.19,2000,0
20120313,1.21,1.21,1.19,1.19,2300,0
20120314,1.19,1.26,1.19,1.26,2700,0
20120321,1.26,1.35,1.26,1.35,800,0
20120322,1.3,1.3,1.23,1.3,2700,0
20120326,1.24,1.29,1.21,1.29,1000,0
20120327,1.33,1.33,1.3,1.3,5200,0
20120404,1.17,1.17,1.17,1.17,200,0
20120410,1.13,1.13,1.13,1.13,1900,0
20120411,1.1,1.1,1.1,1.1,500,0
20120416,1.1,1.1,1.1,1.1,400,0
20120418,1.07,1.07,1.07,1.07,700,0
20120420,1.07,1.07,1.07,1.07,600,0
20120423,1.07,1.07,1.05,1.05,500,0
20120424,1.08,1.08,1.08,1.08,600,0
20120425,1.11,1.11,1.11,1.11,1100,0
20120503,1.05,1.05,1.05,1.05,1300,0
20120504,1.09,1.09,1.09,1.09,2000,0
20120510,1.05,1.08,1.05,1.07,900,0
20120515,1.07,1.1,1.07,1.1,6600,0
20120521,1.07,1.07,1.07,1.07,100,0
20120522,1.12,1.12,1.12,1.12,2000,0
20120523,1.15,1.15,1.14,1.14,100,0
20120528,1.11,1.11,1.11,1.11,1100,0
20120614,0.98,1.02,0.98,1.02,2300,0
20120621,1.02,1.03,1.02,1.02,5300,0
20120627,1.01,1.03,1.01,1.03,2500,0
20120628,1,1,1,1,1000,0
20120629,1.03,1.05,1.03,1.05,2000,0
20120702,1.01,1.01,1.01,1.01,2000,0
20120703,1.04,1.04,1.04,1.04,2400,0
20120713,1,1,1,1,200,0
20120716,1.03,1.1,1.02,1.1,2300,0
20120717,1.08,1.08,1.08,1.08,700,0
20120718,1.12,1.2,1.12,1.15,2200,0
20120720,1.14,1.14,1.14,1.14,100,0
20120726,1.1,1.1,1.1,1.1,2000,0
20120803,1.14,1.18,1.14,1.18,5300,0
20120806,1.21,1.28,1.2,1.2,1800,0
20120807,1.16,1.16,1.14,1.14,3300,0
20120808,1.11,1.16,1.11,1.16,2500,0
20120814,1.16,1.18,1.14,1.18,3400,0
20120815,1.21,1.24,1.2,1.2,2200,0
20120817,1.13,1.15,1.13,1.15,300,0
20120821,1.16,1.25,1.16,1.19,2300,0
20120823,1.16,1.16,1.16,1.16,100,0
20120827,1.18,1.23,1.18,1.21,2100,0
20120829,1.17,1.17,1.17,1.17,100,0
20120831,1.23,1.28,1.23,1.27,6800,0
20120903,1.29,1.3,1.29,1.3,4400,0
20120904,1.26,1.56,1.26,1.46,12000,0
20120905,1.46,1.46,1.44,1.44,1000,0
20120906,1.4,1.4,1.4,1.4,2000,0
20120910,1.44,1.44,1.44,1.44,1000,0
20120911,1.48,1.48,1.48,1.48,1500,0
20120912,1.43,1.44,1.39,1.44,4000,0
20120914,1.36,1.36,1.36,1.36,2000,0
20120926,1.3,1.3,1.3,1.3,200,0
20121001,1.38,1.38,1.3,1.38,1000,0
20121002,1.41,1.41,1.41,1.41,100,0
20121004,1.46,1.46,1.46,1.46,200,0
20121005,1.43,1.43,1.43,1.43,100,0
20121008,1.42,1.45,1.37,1.45,5000,0
20121009,1.45,1.45,1.45,1.45,200,0
20121010,1.45,1.45,1.38,1.38,1200,0
20121011,1.38,1.4,1.33,1.4,2500,0
20121012,1.43,1.43,1.41,1.41,2500,0
20121015,1.47,1.47,1.47,1.47,100,0
20121016,1.41,1.41,1.36,1.36,4000,0
20121017,1.43,1.43,1.43,1.43,100,0
20121019,1.39,1.39,1.28,1.28,7800,0
20121022,1.36,1.36,1.31,1.31,8000,0
20121023,1.33,1.33,1.33,1.33,100,0
20121024,1.32,1.33,1.32,1.33,100,0
20121025,1.34,1.35,1.34,1.35,15200,0
20121026,1.28,1.37,1.25,1.37,2600,0
20121029,1.37,1.39,1.35,1.39,2400,0
20121030,1.31,1.35,1.31,1.35,2000,0
20121101,1.33,1.33,1.33,1.33,100,0
20121102,1.25,1.32,1.25,1.32,100,0
20121105,1.25,1.25,1.22,1.22,6200,0
20121106,1.22,1.22,1.22,1.22,3700,0
20121107,1.27,1.27,1.21,1.21,2000,0
20121109,1.28,1.28,1.28,1.28,200,0
20121112,1.28,1.28,1.28,1.28,100,0
20121121,1.28,1.28,1.28,1.28,100,0
20121126,1.28,1.28,1.28,1.28,100,0
20121128,1.28,1.28,1.16,1.28,600,0
20121130,1.2,1.28,1.2,1.28,100,0
20121203,1.22,1.28,1.13,1.28,2900,0
20121207,1.21,1.28,1.21,1.28,200,0
20121210,1.28,1.28,1.21,1.23,6000,0
20121213,1.21,1.21,1.21,1.21,300,0
20121214,1.28,1.28,1.23,1.23,2000,0
20121227,1.22,1.23,1.22,1.23,4500,0
20121228,1.28,1.32,1.18,1.18,13000,0
20130102,1.18,1.27,1.18,1.25,12300,0
20130103,1.32,1.35,1.31,1.35,3200,0
20130104,1.3,1.3,1.3,1.3,2000,0
20130109,1.35,1.38,1.35,1.38,900,0
20130110,1.3,1.39,1.3,1.39,100,0
20130114,1.29,1.29,1.29,1.29,4000,0
20130123,1.2,1.29,1.2,1.29,900,0
20130125,1.19,1.29,1.19,1.29,500,0
20130129,1.15,1.15,1.15,1.15,3000,0
20130130,1.1,1.21,1.1,1.15,1500,0
20130201,1.16,1.2,1.16,1.2,100,0
20130205,1.23,1.23,1.23,1.23,1000,0
20130206,1.23,1.24,1.16,1.24,6400,0
20130211,1.24,1.24,1.24,1.24,1000,0
20130212,1.18,1.18,1.18,1.18,200,0
20130219,1.26,1.3,1.26,1.3,2100,0
20130225,1.2,1.2,1.2,1.2,100,0
20130228,1.21,1.21,1.21,1.21,500,0
20130301,1.21,1.21,1.21,1.21,200,0
20130304,1.21,1.21,1.21,1.21,5500,0
20130305,1.2,1.2,1.17,1.17,11000,0
20130311,1.25,1.26,1.25,1.26,600,0
20130320,1.25,1.25,1.25,1.25,200,0
20130402,1.24,1.24,1.18,1.18,2800,0
20130405,1.18,1.25,1.18,1.25,100,0
20130408,1.17,1.17,1.12,1.17,200,0
20130409,1.12,1.25,1.12,1.25,100,0
20130423,1.2,1.42,1.2,1.36,20700,0
20130424,1.36,1.36,1.36,1.36,1600,0
20130508,1.3,1.3,1.18,1.18,11300,0
20130509,1.23,1.23,1.23,1.23,400,0
20130510,1.2,1.2,1.2,1.2,100,0
20130513,1.25,1.25,1.2,1.2,700,0
20130522,1.23,1.23,1.17,1.23,1000,0
20130604,1.24,1.24,1.19,1.19,500,0
20130610,1.26,1.26,1.26,1.26,100,0
20130626,1.24,1.24,1.24,1.24,2000,0
20130627,1.22,1.22,1.22,1.22,1100,0
20130628,1.21,1.25,1.21,1.25,2200,0
20130708,1.2,1.2,1.17,1.17,2800,0
20130709,1.21,1.23,1.17,1.23,1100,0
20130712,1.23,1.23,1.16,1.16,300,0
20130718,1.22,1.22,1.22,1.22,200,0
20130724,1.21,1.21,1.15,1.21,800,0
20130725,1.15,1.21,1.15,1.21,1200,0
20130726,1.16,1.21,1.16,1.21,1000,0
20130729,1.16,1.2,1.16,1.2,500,0
20130730,1.22,1.22,1.22,1.22,2000,0
20130731,1.18,1.26,1.18,1.26,100,0
20130809,1.26,1.26,1.21,1.23,100,0
20130820,1.16,1.23,1.16,1.23,900,0
20130822,1.16,1.23,1.16,1.23,500,0
20130823,1.23,1.24,1.23,1.24,7300,0
20130826,1.24,1.24,1.24,1.24,4100,0
20130828,1.26,1.26,1.18,1.26,1000,0
20130902,1.26,1.29,1.25,1.29,2900,0
20130904,1.27,1.27,1.27,1.27,100,0
20130905,1.18,1.25,1.18,1.25,1500,0
20130910,1.18,1.27,1.18,1.25,9100,0
20130911,1.28,1.55,1.28,1.55,21900,0
20130912,1.48,1.49,1.48,1.49,100,0
20130913,1.42,1.45,1.42,1.45,2000,0
20130916,1.46,1.49,1.42,1.48,6800,0
20130919,1.3,1.41,1.3,1.32,9800,0
20130920,1.36,1.48,1.36,1.48,700,0
20130925,1.4,1.5,1.4,1.5,17300,0
20130926,1.48,1.69,1.47,1.47,34700,0
20130927,1.46,1.53,1.44,1.44,7800,0
20130930,1.5,1.5,1.41,1.48,11200,0
20131001,1.5,1.5,1.41,1.45,300,0
20131002,1.41,1.41,1.37,1.37,700,0
20131004,1.37,1.38,1.37,1.38,5800,0
20131011,1.45,1.53,1.45,1.53,3000,0
20131015,1.46,1.46,1.38,1.38,8000,0
20131016,1.4,1.4,1.4,1.4,1000,0
20131017,1.46,1.5,1.46,1.5,1100,0
20131021,1.44,1.49,1.44,1.49,100,0
20131022,1.53,1.53,1.49,1.49,9500,0
20131023,1.51,1.51,1.51,1.51,500,0
20131024,1.45,1.56,1.43,1.45,16100,0
20131025,1.42,1.54,1.37,1.54,7300,0
20131028,1.44,1.46,1.44,1.46,2000,0
20131029,1.4,1.43,1.37,1.43,1200,0
20131031,1.4,1.4,1.37,1.4,6200,0
20131101,1.35,1.4,1.35,1.4,700,0
20131104,1.4,1.4,1.32,1.35,5000,0
20131105,1.41,1.43,1.38,1.43,2700,0
20131106,1.45,1.56,1.45,1.56,14700,0
20131107,1.55,1.55,1.46,1.55,4300,0
20131111,1.45,1.49,1.43,1.45,13300,0
20131112,1.44,1.44,1.39,1.39,3400,0
20131114,1.4,1.47,1.39,1.47,100,0
20131115,1.48,1.48,1.47,1.47,1000,0
20131118,1.45,1.45,1.45,1.45,200,0
20131119,1.41,1.41,1.39,1.39,3200,0
20131121,1.39,1.41,1.39,1.41,500,0
20131122,1.39,1.39,1.31,1.35,4200,0
20131125,1.35,1.35,1.29,1.29,15200,0
20131126,1.33,1.33,1.33,1.33,700,0
20131127,1.3,1.35,1.3,1.35,600,0
20131128,1.3,1.35,1.3,1.35,4300,0
20131203,1.27,1.27,1.27,1.27,100,0
20131206,1.3,1.3,1.3,1.3,400,0
20131209,1.3,1.3,0.99,1.15,26000,0
20131210,1.08,1.14,0.97,0.97,27400,0
20131211,1.07,1.18,1.07,1.18,12700,0
20131212,1.18,1.3,1.18,1.3,57200,0
20131213,1.18,1.3,1.16,1.3,3500,0
20131216,1.28,1.28,1.28,1.28,100,0
20131219,1.17,1.3,1.17,1.3,100,0
20131220,1.22,1.26,1.17,1.26,2000,0
20131227,1.25,1.3,1.21,1.3,9500,0
20131230,1.3,1.32,1.3,1.32,3600,0
20140102,1.26,1.26,1.26,1.26,3900,0
20140107,1.28,1.28,1.28,1.28,100,0
20140110,1.23,1.29,1.21,1.29,1100,0
20140113,1.29,1.29,1.29,1.29,2400,0
20140114,1.22,1.22,1.22,1.22,600,0
20140116,1.22,1.22,1.22,1.22,100,0
20140120,1.25,1.25,1.25,1.25,3000,0
20140128,1.29,1.29,1.29,1.29,100,0
20140207,1.24,1.24,1.24,1.24,800,0
20140210,1.24,1.24,1.1,1.23,11800,0
20140212,1.12,1.12,1.12,1.12,5000,0
20140217,1.17,1.18,1.17,1.18,500,0
20140221,1.14,1.17,1.14,1.17,3000,0
20140224,1.17,1.17,1.17,1.17,2400,0
20140228,1.1,1.1,1.1,1.1,1200,0
20140303,1.1,1.1,1.1,1.1,600,0
20140304,1.05,1.12,1.05,1.12,3500,0
20140306,1.1,1.1,1.1,1.1,100,0
20140307,1.1,1.1,1.1,1.1,1700,0
20140311,1.18,1.19,1.13,1.19,3700,0
20140318,1.12,1.12,1.12,1.12,2000,0
20140319,1.18,1.18,1.18,1.18,900,0
20140320,1.19,1.19,1.19,1.19,8100,0
20140325,1.24,1.24,1.24,1.24,2000,0
20140326,1.28,1.29,1.28,1.29,3200,0
20140328,1.35,1.35,1.35,1.35,700,0
20140331,1.33,1.33,1.33,1.33,600,0
20140402,1.31,1.31,1.31,1.31,200,0
20140410,1.28,1.32,1.28,1.32,300,0
20140411,1.28,1.28,1.28,1.28,3400,0
20140415,1.3,1.35,1.3,1.3,5000,0
20140416,1.29,1.36,1.29,1.35,200,0
20140422,1.35,1.35,1.35,1.35,300,0
20140423,1.29,1.3,1.22,1.3,16200,0
20140424,1.25,1.3,1.25,1.25,7700,0
20140425,1.25,1.25,1.25,1.25,100,0
20140502,1.14,1.18,1.14,1.18,300,0
20140506,1.18,1.2,1.18,1.2,9800,0
20140507,1.18,1.18,1.18,1.18,3700,0
20140509,1.21,1.27,1.17,1.17,2000,0
20140514,1.21,1.21,1.15,1.15,2400,0
20140515,1.11,1.15,1.1,1.1,8900,0
20140520,1.14,1.25,1.14,1.2,2000,0
20140523,1.07,1.07,1.07,1.07,1000,0
20140529,1.1,1.1,1.1,1.1,300,0
20140606,1.1,1.1,1.1,1.1,200,0
20140613,1.15,1.16,1.15,1.16,100,0
20140626,1.15,1.15,1.15,1.15,100,0
20140627,1.15,1.15,1.09,1.15,1000,0
20140630,1.09,1.15,1.09,1.15,300,0
20140702,1.08,1.08,1.08,1.08,1000,0
20140704,1.14,1.14,1.14,1.14,1000,0
20140708,1.11,1.11,1.11,1.11,2000,0
20140709,1.1,1.1,1.1,1.1,900,0
20140718,1.12,1.12,1.1,1.1,2500,0
20140721,1.15,1.15,1.15,1.15,100,0
20140722,1.15,1.15,1.15,1.15,100,0
20140723,1.15,1.15,1.15,1.15,200,0
20140724,1.13,1.15,1.13,1.15,2200,0
20140728,1.16,1.16,1.16,1.16,3000,0
20140729,1.17,1.17,1.12,1.16,1500,0
20140804,1.17,1.17,1.15,1.16,4400,0
20140806,1.22,1.25,1.22,1.25,4200,0
20140807,1.24,1.24,1.24,1.24,1000,0
20140808,1.22,1.27,1.22,1.26,1200,0
20140812,1.25,1.25,1.24,1.24,9800,0
20140819,1.23,1.25,1.23,1.25,2200,0
20140820,1.31,1.39,1.31,1.32,21300,0
20140821,1.32,1.32,1.32,1.32,2700,0
20140822,1.33,1.33,1.33,1.33,1400,0
20140827,1.36,1.36,1.31,1.36,2600,0
20140901,1.36,1.39,1.36,1.39,3900,0
20140902,1.43,1.47,1.43,1.43,21500,0
20140903,1.46,1.5,1.35,1.46,11600,0
20140904,1.48,1.5,1.43,1.48,11300,0
20140905,1.43,1.43,1.24,1.41,17000,0
20140908,1.41,1.48,1.41,1.48,5300,0
20140909,1.48,1.48,1.41,1.42,32100,0
20140910,1.44,1.44,1.4,1.4,19100,0
20140911,1.39,1.39,1.39,1.39,100,0
20140912,1.32,1.32,1.32,1.32,1100,0
20140915,1.35,1.35,1.35,1.35,900,0
20140916,1.36,1.36,1.36,1.36,1900,0
20140917,1.36,1.36,1.35,1.35,10600,0
20140918,1.4,1.4,1.4,1.4,2000,0
20140922,1.52,1.62,1.52,1.62,6500,0
20140923,1.57,1.57,1.44,1.44,3000,0
20140924,1.48,1.48,1.4,1.4,3500,0
20140929,1.5,1.5,1.5,1.5,3500,0
20140930,1.49,1.49,1.49,1.49,1500,0
20141001,1.42,1.42,1.42,1.42,100,0
20141007,1.48,1.48,1.48,1.48,1000,0
20141010,1.4,1.48,1.4,1.48,100,0
20141013,1.4,1.4,1.4,1.4,1400,0
20141016,1.25,1.35,1.12,1.25,17300,0
20141021,1.24,1.24,1.15,1.16,4800,0
20141027,1.21,1.21,1.21,1.21,500,0
20141028,1.14,1.17,1.14,1.17,4400,0
20141030,1.23,1.23,1.23,1.23,1500,0
20141031,1.25,1.32,1.23,1.23,2700,0
20141103,1.23,1.32,1.23,1.32,1000,0
20141104,1.27,1.27,1.23,1.23,2000,0
20141114,1.2,1.21,1.2,1.21,2800,0
20141117,1.23,1.26,1.23,1.26,100,0
20141118,1.32,1.32,1.32,1.32,2100,0
20141119,1.33,1.33,1.33,1.33,2000,0
20141120,1.32,1.4,1.32,1.35,100,0
20141124,1.4,1.44,1.4,1.44,2500,0
20141125,1.49,1.5,1.48,1.5,10800,0
20141127,1.5,1.5,1.45,1.45,7500,0
20141128,1.4,1.4,1.39,1.4,5400,0
20141201,1.49,1.49,1.4,1.4,500,0
20141204,1.4,1.4,1.4,1.4,500,0
20141208,1.4,1.4,1.35,1.36,24700,0
20141211,1.44,1.44,1.44,1.44,1000,0
20141212,1.38,1.38,1.38,1.38,600,0
20141216,1.35,1.35,1.35,1.35,1800,0
20141218,1.4,1.4,1.4,1.4,3600,0
20141219,1.4,1.4,1.4,1.4,5300,0
20141222,1.44,1.44,1.37,1.37,4000,0
20141229,1.44,1.44,1.37,1.37,1500,0
20141230,1.35,1.42,1.31,1.42,11300,0
20150102,1.4,1.4,1.33,1.33,3000,0
20150112,1.3,1.3,1.3,1.3,1600,0
20150116,1.3,1.3,1.3,1.3,1600,0
20150126,1.38,1.38,1.3,1.3,500,0
20150129,1.3,1.3,1.3,1.3,100,0
20150202,1.31,1.43,1.31,1.4,3300,0
20150203,1.4,1.4,1.4,1.4,2000,0
20150209,1.4,1.4,1.39,1.4,4900,0
20150210,1.4,1.4,1.4,1.4,2500,0
20150211,1.4,1.4,1.4,1.4,3800,0
20150212,1.38,1.38,1.38,1.38,100,0
20150213,1.4,1.4,1.4,1.4,2600,0
20150216,1.41,1.42,1.41,1.42,2000,0
20150217,1.4,1.4,1.4,1.4,18100,0
20150218,1.4,1.4,1.4,1.4,4000,0
20150219,1.4,1.4,1.4,1.4,200,0
20150223,1.4,1.4,1.4,1.4,100,0
20150302,1.38,1.38,1.38,1.38,100,0
20150304,1.3,1.3,1.3,1.3,500,0
20150310,1.38,1.38,1.38,1.38,1100,0
20150311,1.32,1.32,1.32,1.32,600,0
20150312,1.35,1.4,1.35,1.4,7800,0
20150313,1.35,1.43,1.35,1.43,2000,0
20150316,1.38,1.48,1.38,1.47,15000,0
20150317,1.47,1.55,1.47,1.48,14800,0
20150318,1.48,1.5,1.48,1.5,400,0
20150320,1.55,1.55,1.55,1.55,800,0
20150325,1.51,1.55,1.51,1.55,1300,0
20150326,1.45,1.55,1.45,1.55,8600,0
20150327,1.55,1.55,1.55,1.55,400,0
20150331,1.5,1.5,1.5,1.5,900,0
20150401,1.5,1.5,1.48,1.48,1200,0
20150402,1.5,1.5,1.5,1.5,100,0
20150407,1.48,1.52,1.48,1.52,4425,0
20150408,1.519,1.519,1.481,1.519,1170,0
20150409,1.519,1.56,1.519,1.56,7201,0
20150413,1.56,1.6,1.56,1.6,3313,0
20150414,1.63,1.66,1.63,1.66,8429,0
20150415,1.6,1.6,1.6,1.6,17,0
20150416,1.66,1.66,1.658,1.658,4024,0
20150420,1.629,1.63,1.629,1.63,1365,0
20150421,1.551,1.551,1.49,1.49,3000,0
20150422,1.55,1.561,1.55,1.561,118,0
20150423,1.461,1.561,1.46,1.46,5730,0
20150424,1.469,1.469,1.469,1.469,59,0
20150428,1.4,1.4,1.4,1.4,3189,0
20150429,1.429,1.467,1.4,1.467,4792,0
20150430,1.401,1.401,1.4,1.4,406,0
20150508,1.401,1.401,1.4,1.4,142,0
20150511,1.4,1.4,1.4,1.4,234,0
20150512,1.403,1.403,1.36,1.398,5923,0
20150515,1.31,1.39,1.3,1.33,10726,0
20150518,1.387,1.387,1.385,1.385,270,0
20150519,1.385,1.421,1.385,1.421,5919,0
20150521,1.454,1.454,1.454,1.454,79,0
20150522,1.37,1.459,1.37,1.459,16,0
20150528,1.432,1.572,1.432,1.572,18276,0
20150529,1.5,1.5,1.5,1.5,2717,0
20150602,1.44,1.5,1.44,1.5,2050,0
20150604,1.57,1.57,1.555,1.555,4517,0
20150605,1.559,1.559,1.559,1.559,1152,0
20150609,1.49,1.49,1.49,1.49,5000,0
20150610,1.489,1.491,1.489,1.491,1821,0
20150611,1.54,1.56,1.54,1.54,6703,0
20150612,1.48,1.48,1.48,1.48,1000,0
20150616,1.449,1.45,1.429,1.446,5083,0
20150617,1.439,1.444,1.439,1.444,3334,0
20150618,1.498,1.572,1.498,1.572,3280,0
20150623,1.55,1.6,1.55,1.6,6435,0
20150624,1.62,1.63,1.62,1.62,1475,0
20150625,1.63,1.637,1.63,1.637,1400,0
20150626,1.636,1.778,1.636,1.75,13410,0
20150629,1.7,1.7,1.6,1.63,2256,0
20150630,1.629,1.755,1.629,1.755,3661,0
20150701,1.81,1.92,1.809,1.92,17738,0
20150702,1.879,1.879,1.879,1.879,152,0
20150703,1.77,2.189,1.77,2.087,41923,0
20150706,1.99,1.99,1.93,1.97,24541,0
20150707,1.88,1.88,1.853,1.853,2700,0
20150708,1.848,1.848,1.805,1.805,3979,0
20150709,1.898,1.9,1.897,1.9,744,0
20150710,1.902,2.14,1.902,1.974,30511,0
20150713,2.065,2.065,1.861,1.861,6728,0
20150714,1.897,2.014,1.897,2.001,3813,0
20150715,1.991,2.064,1.991,2.005,2822,0
20150716,2.021,2.021,2.009,2.009,3145,0
20150717,2.07,2.098,2.011,2.098,1998,0
20150720,2.01,2.01,1.92,1.99,5673,0
20150722,1.958,1.958,1.958,1.958,49,0
20150723,1.929,1.957,1.929,1.957,90,0
20150724,1.861,1.949,1.861,1.947,2505,0
20150727,1.88,1.88,1.731,1.731,2003,0
20150728,1.818,1.819,1.818,1.819,2020,0
20150729,1.903,1.904,1.903,1.904,2020,0
20150731,1.968,2.062,1.911,2.062,22184,0
20150803,2.039,2.049,1.982,2.04,23994,0
20150804,1.94,1.94,1.94,1.94,21,0
20150805,2.01,2.01,1.901,1.901,700,0
20150806,1.98,1.992,1.98,1.992,9701,0
20150807,1.99,1.99,1.99,1.99,1999,0
20150810,1.989,1.99,1.989,1.99,1325,0
20150811,1.99,1.99,1.931,1.931,1040,0
20150813,1.99,2.008,1.99,2.008,1178,0
20150814,2.008,2.008,2.008,2.008,49,0
20150819,1.931,1.931,1.918,1.918,3811,0
20150820,1.9,1.91,1.864,1.864,5000,0
20150824,1.8,1.8,1.8,1.8,15094,0
20150826,1.91,1.91,1.8,1.8,77,0
20150827,1.801,1.801,1.8,1.8,18,0
20150831,1.801,1.801,1.8,1.8,1576,0
20150901,1.893,1.893,1.893,1.893,1200,0
20150902,1.823,1.823,1.823,1.823,1500,0
20150904,1.83,1.83,1.83,1.83,1500,0
20150907,1.915,1.915,1.915,1.915,100,0
20150908,1.9,1.9,1.9,1.9,1300,0
20150910,1.9,1.9,1.9,1.9,1094,0
20150911,1.9,1.9,1.86,1.86,123,0
20150917,1.86,1.86,1.86,1.86,450,0
20150918,1.8,1.863,1.8,1.863,1161,0
20150921,1.84,1.84,1.84,1.84,2000,0
20150923,1.729,1.835,1.7,1.835,7500,0
20150929,1.67,1.8,1.67,1.8,104,0
20151001,1.809,1.809,1.809,1.809,1200,0
20151006,1.818,1.818,1.818,1.818,1000,0
20151007,1.818,1.839,1.74,1.751,20314,0
20151012,1.784,1.79,1.784,1.79,2066,0
20151013,1.926,1.926,1.926,1.926,1386,0
20151014,1.93,1.93,1.9,1.9,942,0
20151019,1.86,1.93,1.86,1.93,898,0
20151020,1.93,2,1.911,2,2762,0
20151021,2,2.1,2,2.1,6108,0
20151022,2.05,2.1,2.02,2.1,723,0
20151023,2.03,2.085,1.95,2.085,3300,0
20151026,2.099,2.099,2.099,2.099,900,0
20151027,2.1,2.1,2.05,2.05,1880,0
20151028,2.05,2.144,2.05,2.144,4865,0
20151029,2.121,2.32,2.121,2.226,3900,0
20151030,2.354,2.39,2.354,2.39,416,0
20151102,2.205,2.261,2.205,2.205,2419,0
20151103,2.181,2.181,2.175,2.175,2814,0
20151104,2.26,2.26,2.26,2.26,1998,0
20151105,2.29,2.29,2.28,2.28,1300,0
20151109,2.3,2.41,2.3,2.41,4980,0
20151110,2.351,2.351,2.35,2.35,1782,0
20151111,2.311,2.34,2.283,2.34,3936,0
20151112,2.41,2.41,2.41,2.41,1500,0
20151113,2.411,2.49,2.282,2.42,14892,0
20151116,2.47,2.47,2.468,2.469,4198,0
20151117,2.42,2.42,2.42,2.42,91,0
20151118,2.35,2.35,2.35,2.35,2300,0
20151119,2.439,2.439,2.34,2.439,2065,0
20151120,2.438,2.438,2.438,2.438,400,0
20151124,2.35,2.35,2.35,2.35,628,0
20151125,2.301,2.32,2.3,2.32,3933,0
20151126,2.281,2.315,2.281,2.315,800,0
20151127,2.41,2.41,2.41,2.41,600,0
20151130,2.202,2.211,2.2,2.202,7200,0
20151201,2.201,2.201,2.201,2.201,2500,0
20151202,2.2,2.2,2.1,2.1,9804,0
20151203,2.193,2.193,2.193,2.193,2000,0
20151207,2.13,2.246,2.1,2.246,4557,0
20151208,2.15,2.15,2.15,2.15,750,0
20151209,2.1,2.1,2.1,2.1,2000,0
20151216,2.14,2.14,2.14,2.14,1550,0
20151218,2.07,2.07,2.07,2.07,2114,0
20151221,2.001,2.001,2.001,2.001,2000,0
20151222,1.989,1.99,1.989,1.99,9022,0
20151223,2.033,2.033,2.033,2.033,978,0
20151228,1.94,1.951,1.859,1.859,3010,0
20151229,1.901,1.901,1.9,1.9,2572,0
20160104,2,2,2,2,1790,0
20160105,2.119,2.119,2.118,2.118,608,0
20160106,2.18,2.18,2.18,2.18,392,0
20160107,2.05,2.05,2,2,2229,0
20160108,2.001,2.08,2.001,2.08,5941,0
20160111,2.08,2.08,2.08,2.08,100,0
20160112,2.07,2.08,1.99,2.08,1921,0
20160113,2.129,2.3,2.121,2.3,4461,0
20160114,2.2,2.2,2.11,2.161,3850,0
20160119,2.02,2.02,2.02,2.02,2000,0
20160120,1.93,1.93,1.9,1.9,1050,0
20160121,1.989,2.02,1.989,2.02,6932,0
20160125,2.001,2.021,2.001,2.021,1928,0
20160126,2.001,2.001,2,2,3811,0
20160201,2.001,2.001,2,2,34,0
20160202,1.981,2.05,1.981,2.05,56,0
20160204,1.951,2,1.91,2,6107,0
20160208,2.1,2.1,2.1,2.1,500,0
20160210,1.99,1.99,1.979,1.979,5279,0
20160211,1.95,1.95,1.92,1.92,940,0
20160212,1.9,1.901,1.9,1.901,7116,0
20160215,1.91,1.91,1.91,1.91,412,0
20160219,2.02,2.02,2.02,2.02,23,0
20160223,1.91,1.91,1.9,1.9,5464,0
20160224,1.82,1.82,1.82,1.82,1514,0
20160225,1.82,1.82,1.82,1.82,50,0
20160226,1.871,1.871,1.871,1.871,60,0
20160301,1.914,1.947,1.914,1.947,7632,0
20160302,1.99,2,1.99,2,10057,0
20160303,2,2,2,2,2016,0
20160304,2,2,1.95,1.95,3500,0
20160310,1.95,1.95,1.95,1.95,700,0
20160314,2.01,2.01,2.01,2.01,1900,0
20160315,1.951,1.951,1.951,1.951,2244,0
20160318,1.951,2.01,1.951,2.01,3100,0
20160321,2.07,2.07,2,2,8384,0
20160322,2,2,2,2,2964,0
20160324,1.981,2,1.981,2,28,0
20160331,1.961,1.961,1.96,1.96,3471,0
20160406,2.03,2.06,2.03,2.06,3646,0
20160407,2.1,2.1,2.1,2.1,500,0
20160413,2,2,2,2,14,0
20160414,2,2,2,2,1000,0
20160415,1.98,1.98,1.98,1.98,2010,0
20160418,2.06,2.12,2.06,2.12,5000,0
20160420,2.101,2.101,2.1,2.1,284,0
20160422,2.101,2.101,2.09,2.09,114,0
20160427,2.1,2.1,2.1,2.1,700,0
20160502,2.05,2.1,2.05,2.1,4000,0
20160503,2.13,2.25,2.13,2.18,9639,0
20160505,2.239,2.239,2.239,2.239,150,0
20160506,2.101,2.15,2.101,2.15,338,0
20160509,2.15,2.15,2.15,2.15,1500,0
20160512,2.15,2.15,2.15,2.15,171,0
20160513,2.1,2.1,2.099,2.1,7011,0
20160517,2.09,2.09,2.09,2.09,600,0
20160518,2.02,2.02,2.02,2.02,1500,0
20160526,1.9,1.9,1.9,1.9,3000,0
20160527,1.9,1.9,1.9,1.9,82,0
20160530,1.969,1.988,1.969,1.988,7313,0
20160531,1.94,1.94,1.94,1.94,4900,0
20160602,1.95,1.95,1.95,1.95,2000,0
20160606,2.04,2.04,2.04,2.04,2000,0
20160608,2.04,2.04,2.04,2.04,1500,0
20160609,2.001,2.1,2.001,2.1,850,0
20160610,2.09,2.1,2.05,2.05,9773,0
20160614,2.03,2.03,2.03,2.03,1542,0
20160615,2.03,2.03,2.03,2.03,3756,0
20160622,2.04,2.04,2.04,2.04,48,0
20160624,1.92,1.984,1.9,1.984,1321,0
20160701,1.86,1.86,1.86,1.86,800,0
20160704,1.81,1.81,1.81,1.81,1056,0
20160705,1.75,1.8,1.75,1.76,3571,0
20160713,1.776,1.776,1.776,1.776,4154,0
20160714,1.85,1.85,1.8,1.8,2001,0
20160715,1.8,1.8,1.8,1.8,750,0
20160718,1.8,1.869,1.8,1.869,2002,0
20160719,1.8,1.8,1.8,1.8,500,0
20160721,1.85,1.85,1.85,1.85,732,0
20160722,1.81,1.81,1.81,1.81,100,0
20160725,1.9,1.97,1.87,1.97,12347,0
20160726,2.01,2.01,2.01,2.01,2000,0
20160727,2.01,2.01,2.01,2.01,127,0
20160728,2.192,2.192,2.192,2.192,1000,0
20160729,2.19,2.299,2.19,2.299,1000,0
20160802,2.299,2.299,2.299,2.299,472,0
20160803,2.22,2.22,2.2,2.2,1000,0
20160804,2.3,2.3,2.3,2.3,400,0
20160805,2.299,2.299,2.299,2.299,250,0
20160808,2.298,2.299,2.298,2.299,2461,0
20160809,2.26,2.26,2.13,2.199,2107,0
20160810,2.13,2.189,2.13,2.189,989,0
20160816,2.03,2.13,2.03,2.13,682,0
20160818,2.031,2.031,2.013,2.013,1500,0
20160819,2.1,2.1,2.07,2.07,3093,0
20160822,2.19,2.19,2.13,2.13,3000,0
20160823,2.076,2.076,2.075,2.075,500,0
20160825,2.075,2.075,2.075,2.075,1924,0
20160826,2.07,2.07,2.07,2.07,7022,0
20160830,2.11,2.12,2.11,2.12,4077,0
20160831,2.081,2.11,2.081,2.091,6600,0
20160901,2.16,2.18,2.16,2.18,4000,0
20160902,2.2,2.26,2.2,2.26,7300,0
20160905,2.24,2.33,2.24,2.33,2775,0
20160906,2.301,2.301,2.3,2.3,44,0
20160907,2.35,2.35,2.35,2.35,400,0
20160908,2.3,2.3,2.3,2.3,2478,0
20160912,2.22,2.22,2.16,2.22,6000,0
20160913,2.299,2.349,2.299,2.3,8570,0
20160914,2.35,2.35,2.35,2.35,1300,0
20160915,2.35,2.36,2.35,2.36,3000,0
20160916,2.377,2.377,2.3,2.3,2121,0
20160919,2.377,2.387,2.387,2.387,250,0
20160922,2.28,2.28,2.28,2.28,59,0
20160923,2.389,2.389,2.389,2.389,116,0
20160926,2.35,2.35,2.35,2.35,2000,0
20160928,2.28,2.35,2.28,2.35,2534,0
20160929,2.38,2.38,2.38,2.38,2000,0
20160930,2.39,2.65,2.39,2.5,23780,0
20161004,2.71,2.8,2.709,2.8,16027,0
20161005,2.86,2.99,2.86,2.941,13268,0
20161006,2.99,3.099,2.989,3.099,11695,0
20161007,3.075,3.099,3.075,3.099,2085,0
20161010,3.182,3.182,3.182,3.182,700,0
20161011,3.11,3.11,2.991,2.991,874,0
20161012,2.99,2.99,2.8,2.949,6802,0
20161013,2.7,2.7,2.6,2.695,3996,0
20161014,2.65,2.939,2.65,2.939,4162,0
20161019,2.77,2.77,2.75,2.75,2777,0
20161021,2.69,2.69,2.53,2.53,2360,0
20161025,2.699,2.699,2.699,2.699,1000,0
20161026,2.531,2.531,2.531,2.531,15,0
20161027,2.61,2.61,2.61,2.61,1577,0
20161028,2.8,2.8,2.55,2.719,1260,0
20161107,2.699,2.699,2.56,2.56,3579,0
20161108,2.55,2.55,2.498,2.498,2440,0
20161109,2.27,2.557,2.265,2.557,11899,0
20161110,2.61,2.61,2.61,2.61,400,0
20161115,2.46,2.46,2.46,2.46,2500,0
20161116,2.5,2.527,2.46,2.527,9837,0
20161117,2.6,2.74,2.6,2.74,5273,0
20161118,2.6,2.622,2.622,2.622,650,0
20161121,2.621,2.621,2.621,2.621,257,0
20161122,2.621,2.68,2.62,2.62,3528,0
20161123,2.541,2.541,2.541,2.541,100,0
20161124,2.541,2.541,2.54,2.54,4223,0
20161125,2.45,2.45,2.45,2.45,126,0
20161128,2.45,2.45,2.45,2.45,821,0
20161130,2.63,2.63,2.63,2.63,1000,0
20161201,2.567,2.567,2.567,2.567,597,0
20161205,2.639,2.749,2.639,2.749,2655,0
20161206,2.749,2.749,2.749,2.749,365,0
20161208,2.601,2.601,2.601,2.601,65,0
20161209,2.65,2.65,2.65,2.65,1000,0
20161212,2.601,2.65,2.6,2.65,3650,0
20161213,2.55,2.85,2.55,2.7,6441,0
20161214,2.827,2.87,2.827,2.87,10980,0
20161215,2.85,2.92,2.85,2.92,1025,0
20161216,2.849,2.95,2.849,2.87,6548,0
20161219,2.8,2.8,2.8,2.8,8,0
20161227,2.801,2.801,2.801,2.801,7,0
20161228,2.801,2.801,2.801,2.801,280,0
20170104,2.8,2.8,2.68,2.752,3138,0
20170105,2.7,2.7,2.679,2.679,2449,0
20170106,2.74,2.74,2.74,2.74,1,0
20170109,2.74,2.74,2.74,2.74,2000,0
20170111,2.85,2.949,2.8,2.8,7920,0
20170112,2.93,3,2.85,2.922,11114,0
20170113,3,3.35,3,3.32,8052,0
20170116,3.3,3.5,3.3,3.399,9369,0
20170118,3.25,3.25,3.2,3.2,852,0
20170119,3.2,3.2,3.2,3.2,200,0
20170123,3.44,3.44,3.24,3.24,7533,0
20170124,3.344,3.345,3.344,3.345,1582,0
20170125,3.2,3.399,3.2,3.299,2086,0
20170126,3.35,3.35,3.35,3.35,150,0
20170127,3.39,3.5,3.39,3.5,1767,0
20170201,3.499,3.499,3.3,3.3,250,0
20170202,3.28,3.28,3.28,3.28,49,0
20170206,3.261,3.261,3.26,3.26,48,0
20170208,3.449,3.53,3.449,3.53,2952,0
20170209,3.53,3.599,3.5,3.52,7511,0
20170210,3.587,3.6,3.587,3.6,1719,0
20170213,3.45,3.45,3.45,3.45,270,0
20170220,3.45,3.45,3.45,3.45,457,0
20170221,3.45,3.549,3.449,3.549,5768,0
20170222,3.549,3.549,3.251,3.398,2741,0
20170223,3.251,3.251,3.25,3.25,2000,0
20170224,3.25,3.25,3.25,3.25,1500,0
20170227,3.4,3.4,3.25,3.25,662,0
20170301,3.24,3.3,3.24,3.3,3600,0
20170303,3.28,3.3,3.28,3.3,1730,0
20170306,3.231,3.231,3.231,3.231,35,0
20170307,3.399,3.399,3.32,3.32,296,0
20170308,3.3,3.3,3.3,3.3,100,0
20170310,3.221,3.221,3.221,3.221,106,0
20170314,3.36,3.401,3.36,3.401,1000,0
20170315,3.419,3.419,3.281,3.281,836,0
20170316,3.28,3.281,3.28,3.281,115,0
20170317,3.281,3.281,3.281,3.281,78,0
20170320,3.281,3.419,3.281,3.419,423,0
20170321,3.419,3.419,3.419,3.419,1450,0
20170322,3.419,3.419,3.419,3.419,2100,0
