Date,Open,High,Low,Close,Volume,OpenInt
20060329,16.634,16.701,15.81,16.222,49005,0
20060330,16.253,16.358,15.535,15.784,17760,0
20060331,15.797,15.989,15.222,15.366,19950,0
20060403,15.508,15.939,15.317,15.891,31443,0
20060404,15.792,16.318,15.792,16.271,22464,0
20060405,16.376,16.414,16.175,16.271,27688,0
20060406,16.279,16.279,16.135,16.135,15875,0
20060407,16.097,16.173,15.628,16.173,2088,0
20060410,15.641,15.794,15.641,15.794,835,0
20060411,15.562,15.792,15.505,15.687,1984,0
20060412,15.492,15.492,15.492,15.492,732,0
20060413,15.414,15.501,15.271,15.424,13161,0
20060418,15.492,15.492,15.473,15.473,2089,0
20060419,15.472,15.511,14.84,14.84,12117,0
20060420,15.268,15.412,15.077,15.268,38756,0
20060421,15.268,15.268,15.077,15.268,10865,0
20060424,15.082,15.082,14.967,14.967,6265,0
20060425,15.075,15.122,15.075,15.122,2194,0
20060426,14.978,15.122,14.978,15.122,2612,0
20060427,15.08,15.511,15.032,15.463,5326,0
20060428,15.27,15.557,15.27,15.366,1045,0
20060502,15.317,15.509,15.078,15.317,2611,0
20060503,15.313,15.313,15.074,15.074,1254,0
20060504,15.087,15.317,15.087,15.317,8775,0
20060505,15.269,15.317,15.078,15.317,3551,0
20060508,15.125,15.317,15.125,15.317,2194,0
20060509,15.164,15.317,15.125,15.317,3656,0
20060511,15.078,15.317,15.078,15.317,313,0
20060512,15.08,15.463,15.08,15.463,21097,0
20060515,15.317,15.317,15.078,15.317,522,0
20060516,15.22,15.315,15.22,15.22,4178,0
20060517,15.222,15.317,15.078,15.317,9402,0
20060518,15.17,15.314,15.113,15.113,4911,0
20060519,15.082,15.129,14.938,14.938,1462,0
20060522,15.024,15.024,14.554,14.938,12323,0
20060523,14.819,15.268,14.742,15.268,3656,0
20060524,15.169,15.169,15.074,15.074,105,0
20060526,15.074,15.074,15.074,15.074,1567,0
20060529,15.034,15.034,14.986,14.986,209,0
20060530,14.933,14.933,14.646,14.646,1567,0
20060531,14.793,14.936,14.793,14.84,1567,0
20060602,14.938,14.938,14.938,14.938,209,0
20060608,14.502,14.646,14.359,14.646,1462,0
20060609,14.46,14.614,14.422,14.422,522,0
20060612,14.248,14.295,14.133,14.295,627,0
20060619,14.215,14.215,14.033,14.033,105,0
20060620,14.129,14.129,14.071,14.071,732,0
20060623,14.169,14.169,14.169,14.169,313,0
20060627,13.88,14.071,13.88,14.071,313,0
20060630,14.172,14.938,14.124,14.938,10444,0
20060706,14.311,14.694,14.311,14.694,418,0
20060707,14.649,14.84,14.649,14.84,1254,0
20060710,14.936,14.936,14.84,14.84,313,0
20060712,14.84,14.84,14.84,14.84,732,0
20060713,14.499,14.499,13.877,14.451,3030,0
20060714,13.877,13.877,13.877,13.877,105,0
20060717,14.22,14.412,13.886,14.412,105,0
20060718,14.315,14.315,14.075,14.315,2089,0
20060720,13.885,14.363,13.885,14.363,105,0
20060721,14.051,14.051,13.821,13.974,1149,0
20060725,13.744,13.744,13.342,13.342,3135,0
20060726,13.115,13.546,13.115,13.546,2821,0
20060727,12.925,13.117,12.734,13.069,835,0
20060728,13.303,13.303,13.303,13.303,105,0
20060731,13.12,13.254,13.12,13.254,522,0
20060803,13.236,13.303,13.236,13.303,209,0
20060814,12.734,13.108,12.734,13.108,313,0
20060816,13.088,13.116,12.925,13.02,12639,0
20060817,13.02,13.02,12.636,12.952,1045,0
20060818,12.641,12.641,12.641,12.641,105,0
20060821,12.349,12.923,12.349,12.923,209,0
20060822,12.441,12.785,12.441,12.67,313,0
20060823,12.347,12.826,12.347,12.826,835,0
20060824,12.255,12.437,12.255,12.437,313,0
20060829,12.758,12.758,12.394,12.758,209,0
20060831,12.354,12.66,12.306,12.66,835,0
20060901,12.254,12.349,12.157,12.349,940,0
20060904,12.302,12.302,11.843,11.843,732,0
20060905,11.603,11.775,11.057,11.775,9192,0
20060906,11.486,11.812,11.007,11.678,4701,0
20060907,11.053,11.532,11.053,11.522,1045,0
20060908,11.423,11.921,11.423,11.921,2611,0
20060911,11.765,11.765,11.765,11.765,1254,0
20060912,11.631,11.755,11.631,11.755,1149,0
20060913,11.846,13.455,11.846,13.215,9712,0
20060914,13.403,13.786,13.403,13.595,4283,0
20060915,13.743,13.877,13.303,13.877,5643,0
20060918,13.405,13.692,13.405,13.692,2821,0
20060919,13.597,13.692,13.597,13.692,835,0
20060920,13.595,13.595,13.308,13.595,2194,0
20060921,13.306,13.497,13.306,13.497,732,0
20060922,13.497,13.497,13.497,13.497,1984,0
20060925,13.311,13.311,13.12,13.264,2088,0
20060926,13.072,13.359,13.072,13.264,1566,0
20060927,13.305,13.4,13.305,13.4,1045,0
20060928,13.206,13.379,13.139,13.274,1045,0
20060929,13.213,13.692,13.213,13.692,940,0
20061003,13.606,13.702,13.29,13.702,1045,0
20061004,13.259,13.881,13.259,13.546,940,0
20061005,13.721,13.788,13.406,13.741,835,0
20061006,13.448,13.879,13.4,13.4,522,0
20061009,13.877,13.877,13.35,13.877,2299,0
20061010,13.398,13.877,13.35,13.877,1567,0
20061011,13.494,13.877,13.494,13.877,835,0
20061013,13.544,13.88,13.209,13.449,2821,0
20061016,13.208,13.4,13.208,13.4,1254,0
20061020,13.207,13.35,13.207,13.303,940,0
20061024,13.293,13.293,13.293,13.293,835,0
20061026,13.303,13.303,13.303,13.303,105,0
20061030,13.024,13.254,13.024,13.254,2193,0
20061102,12.923,12.923,12.913,12.913,835,0
20061106,12.535,12.831,12.448,12.563,2089,0
20061107,12.54,12.904,12.54,12.904,313,0
20061109,12.713,12.713,12.205,12.349,7626,0
20061110,12.202,12.202,11.867,12.154,5747,0
20061113,11.822,11.888,11.486,11.678,7104,0
20061114,12.066,12.123,11.874,12.018,13366,0
20061115,11.97,11.97,11.97,11.97,5535,0
20061116,11.623,11.699,11.202,11.249,8669,0
20061117,11.348,11.405,10.993,11.405,8354,0
20061120,11.009,11.344,11.009,11.191,1776,0
20061121,11.206,11.655,11.014,11.483,11590,0
20061122,11.507,11.804,11.488,11.804,627,0
20061123,11.861,11.87,11.583,11.775,6581,0
20061124,11.593,11.775,11.526,11.775,4283,0
20061127,11.774,11.774,11.535,11.726,4805,0
20061128,11.775,11.775,11.775,11.775,732,0
20061129,11.776,11.824,11.737,11.824,4073,0
20061130,11.722,11.722,11.493,11.493,3552,0
20061201,11.493,11.637,11.493,11.493,2610,0
20061204,11.4,11.572,10.529,10.529,20998,0
20061205,10.671,11.054,10.671,11.006,5747,0
20061206,11.199,11.678,11.199,11.678,9089,0
20061211,11.772,12.25,11.772,12.154,5434,0
20061212,11.969,11.969,11.825,11.921,3550,0
20061213,11.785,11.785,11.488,11.775,1567,0
20061214,11.45,11.775,11.45,11.775,209,0
20061215,11.68,13.211,11.583,12.368,18385,0
20061219,12.533,12.925,12.207,12.446,32901,0
20061220,12.399,12.446,12.399,12.446,5953,0
20061221,12.255,12.446,11.968,12.446,5744,0
20061222,12.109,12.261,11.812,12.261,2716,0
20061227,12.254,12.397,11.967,12.349,732,0
20061229,12.061,12.233,11.707,11.716,11387,0
20070102,11.825,11.97,11.825,11.97,1671,0
20070105,11.967,12.063,11.756,11.814,2925,0
20070110,11.583,11.775,11.583,11.775,940,0
20070111,11.774,11.784,11.582,11.726,4387,0
20070112,11.391,11.765,11.391,11.765,2403,0
20070115,11.382,11.765,11.382,11.765,940,0
20070116,11.488,11.775,11.488,11.775,835,0
20070118,11.488,11.755,11.488,11.755,1045,0
20070119,11.726,11.746,11.487,11.746,2507,0
20070122,11.725,11.725,11.486,11.678,2194,0
20070123,11.679,11.726,11.449,11.726,4178,0
20070124,11.76,12.306,11.636,12.067,12217,0
20070125,12.085,12.641,12.085,12.641,12531,0
20070126,12.641,12.842,12.554,12.641,5639,0
20070129,12.833,12.9,12.584,12.641,11590,0
20070130,12.637,12.972,12.637,12.972,12640,0
20070131,12.973,13.165,12.973,13.02,8147,0
20070201,13.022,13.166,12.975,13.166,1984,0
20070202,13.111,13.877,13.111,13.877,13688,0
20070205,13.879,14.807,13.639,13.994,38656,0
20070206,14.173,14.402,13.694,14.402,18902,0
20070207,14.522,14.522,14.11,14.11,5119,0
20070209,14.216,14.446,14.169,14.169,3551,0
20070212,14.308,16.127,14.308,15.648,67707,0
20070213,16.135,16.144,15.56,15.56,22872,0
20070214,15.704,15.704,15.456,15.609,11591,0
20070215,15.699,15.794,15.315,15.794,7104,0
20070216,15.801,15.878,15.609,15.609,7624,0
20070219,15.797,16.046,15.664,15.989,19741,0
20070220,16.037,16.152,15.76,16.037,11071,0
20070221,16.176,16.463,16.176,16.368,21730,0
20070222,16.653,16.75,16.251,16.271,20688,0
20070223,16.32,16.32,15.794,15.794,27893,0
20070226,16.129,16.158,15.804,15.804,22460,0
20070227,15.983,16.069,15.074,15.074,17135,0
20070228,14.938,15.033,12.965,14.938,25169,0
20070301,14.936,15.137,14.763,14.84,4283,0
20070302,15.034,15.704,14.939,15.57,9086,0
20070305,15.034,15.13,14.076,14.383,16187,0
20070306,14.285,14.839,14.285,14.792,7626,0
20070307,14.833,14.948,14.412,14.412,4177,0
20070308,14.549,14.979,14.453,14.597,2821,0
20070309,14.596,14.692,14.558,14.558,1671,0
20070312,14.739,15.342,14.596,15.113,9717,0
20070313,15.121,15.321,14.842,14.986,4491,0
20070314,14.65,14.737,13.885,14.363,9713,0
20070315,14.745,14.84,14.725,14.84,3551,0
20070316,14.927,14.927,14.448,14.84,2507,0
20070319,15.121,15.121,15.025,15.025,1462,0
20070320,15.199,15.199,15.027,15.171,6687,0
20070321,15.212,15.317,15.078,15.317,14624,0
20070322,15.411,15.459,14.923,15.22,9611,0
20070323,15.315,15.315,14.923,15.22,2821,0
20070326,15.271,15.319,14.84,14.869,5744,0
20070327,14.838,14.838,14.081,14.694,13058,0
20070328,14.646,14.78,14.473,14.646,8880,0
20070329,14.551,14.743,14.551,14.743,1149,0
20070330,14.596,14.788,14.548,14.548,15254,0
20070402,14.548,14.548,14.214,14.539,1984,0
20070403,14.362,14.736,14.18,14.305,4491,0
20070404,14.156,14.644,12.539,14.548,34792,0
20070405,14.453,14.741,14.453,14.597,1984,0
20070410,14.743,14.743,14.389,14.743,1671,0
20070411,14.603,15.014,14.603,14.938,6580,0
20070412,15.039,15.317,15.039,15.288,12953,0
20070413,15.313,15.313,14.739,15.074,12121,0
20070416,15.173,15.527,15.173,15.307,6163,0
20070417,15.315,15.315,15.172,15.22,1254,0
20070418,15.317,15.317,15.221,15.307,1671,0
20070419,15.486,15.486,15.122,15.142,5746,0
20070420,15.317,15.412,15.173,15.317,2089,0
20070423,15.321,15.609,15.226,15.59,6684,0
20070424,15.411,15.592,15.076,15.171,8044,0
20070425,15.13,15.13,14.661,15.025,4595,0
20070426,15.034,15.034,14.795,14.986,3550,0
20070427,15.171,15.794,15.171,15.784,11074,0
20070430,15.84,16.271,15.457,16.271,24031,0
20070502,16.797,17.027,15.936,16.271,13165,0
20070503,15.936,16.271,15.649,16.271,4284,0
20070504,15.889,15.889,15.555,15.794,2089,0
20070507,15.369,15.56,15.369,15.56,209,0
20070508,15.42,16.071,15.373,15.794,6060,0
20070509,15.689,16.033,15.689,15.794,3656,0
20070510,15.991,16.279,15.991,16.183,2924,0
20070511,16.175,16.894,16.175,16.894,10448,0
20070514,16.946,17.042,16.277,16.611,14206,0
20070515,16.606,16.606,16.013,16.3,4598,0
20070516,16.361,17.041,16.361,16.543,92232,0
20070517,16.613,16.709,16.469,16.709,4072,0
20070518,16.629,16.753,16.284,16.514,18907,0
20070521,16.656,16.656,16.321,16.417,5223,0
20070522,16.419,16.609,16.284,16.514,5849,0
20070523,16.563,16.563,16.276,16.553,10237,0
20070524,16.553,16.563,16.448,16.563,8982,0
20070525,16.563,16.61,16.515,16.563,5327,0
20070529,16.561,16.561,16.417,16.417,2507,0
20070530,16.505,16.543,16.505,16.543,1776,0
20070531,16.275,17.098,16.275,17.098,21936,0
20070601,16.941,17.095,16.185,16.319,14313,0
20070604,16.669,16.669,16.19,16.592,13683,0
20070605,16.607,16.607,16.378,16.388,4492,0
20070606,16.511,16.511,16.185,16.31,5955,0
20070607,16.273,16.407,16.273,16.407,2194,0
20070608,16.223,16.366,16.041,16.271,4911,0
20070611,16.48,16.557,16.183,16.183,7519,0
20070612,16.366,16.366,15.236,15.648,14941,0
20070613,15.553,15.697,15.266,15.697,5538,0
20070614,15.784,15.889,15.784,15.794,3760,0
20070615,15.697,16.271,15.697,16.251,3552,0
20070618,16.174,16.222,15.983,16.212,2404,0
20070619,16.222,16.222,16.222,16.222,522,0
20070620,15.999,16.209,15.75,16.037,2507,0
20070621,15.991,15.991,15.57,15.57,2402,0
20070622,15.562,15.831,15.562,15.697,940,0
20070625,15.317,15.94,15.317,15.94,3551,0
20070626,15.88,15.889,15.668,15.745,522,0
20070627,15.657,15.657,15.561,15.609,4699,0
20070628,15.656,15.656,15.398,15.56,6997,0
20070629,15.553,16.271,15.553,16.271,18806,0
20070702,16.076,16.086,15.712,16.076,522,0
20070703,15.638,15.983,15.628,15.628,522,0
20070704,15.415,15.712,15.415,15.463,2298,0
20070705,15.642,16.465,15.642,16.465,21728,0
20070706,16.034,16.465,16.034,16.465,5849,0
20070709,16.465,16.465,16.274,16.456,1254,0
20070710,16.271,16.271,15.869,16.271,3344,0
20070711,16.086,16.086,15.894,16.076,940,0
20070712,16.079,16.548,15.946,16.271,5433,0
20070713,16.175,16.5,16.175,16.271,1984,0
20070716,16.493,16.493,15.315,15.784,20164,0
20070717,15.844,15.987,15.614,15.891,3343,0
20070718,16.175,16.271,16.031,16.271,1776,0
20070719,16.323,16.323,15.796,15.94,7938,0
20070720,15.84,15.936,15.313,15.677,8463,0
20070723,15.341,15.648,15.341,15.648,1671,0
20070724,15.484,15.599,15.322,15.599,1045,0
20070725,15.339,15.512,15.32,15.512,7729,0
20070726,15.321,15.598,15.321,15.56,12427,0
20070727,15.305,15.794,14.359,15.22,31131,0
20070730,15.028,15.794,15.028,15.22,4178,0
20070731,15.273,15.551,14.985,15.551,26212,0
20070801,15.128,15.463,15.128,15.463,313,0
20070802,15.321,15.56,15.321,15.551,2402,0
20070803,15.226,15.59,15.082,15.59,6684,0
20070806,14.886,15.307,14.886,15.288,1149,0
20070807,14.977,15.121,14.977,15.025,4179,0
20070808,14.71,15.121,14.71,15.074,11076,0
20070809,15.218,15.228,15.122,15.122,10866,0
20070810,14.937,15.215,14.812,14.889,52220,0
20070813,14.597,14.759,14.377,14.607,8149,0
20070814,14.504,14.714,14.504,14.714,2821,0
20070815,14.456,14.456,13.595,14.159,15251,0
20070816,13.886,13.886,12.507,13.215,14725,0
20070817,13.165,14.199,12.935,13.643,10340,0
20070820,13.399,14.739,13.399,14.49,11702,0
20070821,14.548,14.577,14.309,14.548,5538,0
20070822,14.644,14.644,14.453,14.548,3030,0
20070823,14.451,14.451,14.279,14.441,5225,0
20070824,14.288,14.604,14.288,14.432,7519,0
20070827,14.364,14.402,14.268,14.402,5326,0
20070828,14.119,14.119,14.071,14.071,418,0
20070829,14.252,14.548,13.687,14.548,1671,0
20070831,14.36,14.839,14.188,14.188,5954,0
20070903,14.408,14.408,14.169,14.169,5849,0
20070904,14.22,14.402,14.125,14.402,522,0
20070905,14.536,14.536,14.124,14.363,3759,0
20070906,14.451,14.451,14.374,14.441,209,0
20070907,14.36,14.484,14.12,14.12,3447,0
20070910,14.075,14.315,13.98,14.315,1671,0
20070911,14.31,14.31,14.023,14.023,12850,0
20070912,14.314,14.314,13.931,14.276,1881,0
20070913,13.979,14.305,13.979,14.305,209,0
20070914,14.029,14.029,13.406,13.789,4386,0
20070917,13.599,13.838,13.235,13.838,14932,0
20070918,13.163,13.689,13.114,13.497,1567,0
20070919,13.16,13.303,13.16,13.303,627,0
20070920,12.582,12.831,11.5,11.95,32583,0
20070921,11.917,11.917,11.543,11.678,11493,0
20070924,7.6627,7.6627,6.5134,6.7049,230101,0
20070925,7.27,7.27,6.6187,6.7049,75169,0
20070926,6.7462,7.1481,6.0669,6.8898,87156,0
20070927,7.2871,7.469,7.0859,7.1817,42713,0
20070928,7.422,7.422,7.0389,7.2304,22555,0
20071001,7.1338,7.1817,6.6263,7.1817,27257,0
20071002,7.028,7.1525,6.9705,7.1525,4072,0
20071003,7.1728,7.2206,7.0388,7.2206,3759,0
20071004,7.2156,7.4931,7.1773,7.4931,11181,0
20071005,7.5475,8.5149,7.5475,8.5149,56797,0
20071008,8.5355,8.8034,8.3249,8.6025,27172,0
20071009,8.7532,9.0501,8.7149,9.0501,14201,0
20071010,9.1465,9.1944,9.0028,9.089,13051,0
20071011,8.9133,9.0952,8.3197,8.875,15981,0
20071012,8.6145,8.7582,8.6145,8.7582,1357,0
20071015,8.6336,8.7772,8.5188,8.7484,6164,0
20071016,8.6119,8.6119,7.7507,8.0186,13795,0
20071017,8.1354,8.3173,8.0493,8.1354,18598,0
20071018,8.222,8.2507,8.1359,8.1646,7104,0
20071019,8.1561,8.2327,8.0987,8.2327,5641,0
20071022,8.2463,8.2463,7.8632,7.8824,13991,0
20071023,8.0254,8.0446,7.6902,7.8434,20257,0
20071024,7.8931,8.0559,7.8259,7.9505,209,0
20071025,7.9407,7.9407,7.9024,7.9407,2506,0
20071026,7.882,7.882,7.7669,7.8532,835,0
20071029,7.6193,7.6193,7.1885,7.6002,10655,0
20071030,7.3966,7.4636,6.8416,7.4445,15154,0
20071031,7.1175,7.3761,7.0888,7.3666,16389,0
20071101,7.3652,7.3652,7.1066,7.279,2088,0
20071102,7.1764,7.4347,7.1189,7.4347,8152,0
20071105,7.4257,7.4639,7.3204,7.4639,1568,0
20071106,7.3204,7.4639,7.3204,7.4639,835,0
20071107,7.4654,7.5515,7.4271,7.5515,1567,0
20071108,7.4257,7.4639,7.3683,7.4639,3135,0
20071109,7.3757,7.3757,7.3277,7.3277,3341,0
20071112,7.1815,7.1815,7.0859,7.172,4386,0
20071113,7.1047,7.1718,7.0091,7.1622,4177,0
20071114,7.0189,7.1817,7.0189,7.1817,1254,0
20071115,7.1,7.4445,7.033,7.4445,13168,0
20071116,7.5478,7.5478,7.3179,7.3179,2402,0
20071119,7.2915,7.2915,6.88,6.88,5016,0
20071120,6.7893,6.7893,6.4159,6.5978,3446,0
20071121,6.3327,6.4669,5.5567,5.5663,19831,0
20071122,5.3739,6.2169,5.3739,6.1307,10021,0
20071123,6.1327,6.2475,6.0753,6.2475,3450,0
20071127,6.3459,6.4321,6.2693,6.4129,7417,0
20071128,6.4129,6.4129,6.4129,6.4129,835,0
20071129,6.4328,6.4616,6.251,6.4616,4700,0
20071130,6.3467,6.4616,6.3467,6.4616,1776,0
20071203,6.4118,6.4118,6.3448,6.3448,835,0
20071204,6.3458,6.4032,6.3171,6.4032,313,0
20071205,6.3657,6.4519,6.3657,6.4519,1149,0
20071206,6.4328,6.4616,6.4328,6.4616,3134,0
20071207,6.4338,6.5391,6.3955,6.52,7833,0
20071210,6.4151,6.5492,6.4151,6.5492,3029,0
20071211,6.5486,6.5486,6.5102,6.5102,522,0
20071212,6.4311,6.4311,6.2684,6.3545,8568,0
20071213,6.3628,6.4298,6.2767,6.2767,10451,0
20071214,6.597,6.597,6.5108,6.5492,1567,0
20071217,6.5591,6.5686,6.425,6.5686,3237,0
20071218,6.5134,6.7049,6.5134,6.7049,5951,0
20071219,6.991,7.2304,6.991,7.2304,7518,0
20071220,7.0827,7.0827,6.9871,6.9871,4388,0
20071221,7.1036,7.1036,6.9408,7.0844,4178,0
20071227,6.8926,7.2086,6.7873,7.0649,10759,0
20071228,6.9893,7.1233,6.9222,7.1233,1357,0
20080102,7.133,7.133,6.9224,7.133,2403,0
20080103,6.8704,7.0332,6.6504,6.88,5225,0
20080104,6.8014,6.8014,6.6577,6.7535,1670,0
20080107,6.57,6.752,6.5508,6.6562,1045,0
20080108,6.5031,6.7042,6.5031,6.6659,313,0
20080109,6.5098,6.5098,6.4811,6.4811,1671,0
20080110,6.5127,6.6659,6.5127,6.6659,522,0
20080111,6.3999,6.4094,6.0268,6.2086,3973,0
20080114,6.1704,6.2183,6.1704,6.2183,2090,0
20080115,6.2258,6.2258,6.0534,6.0821,8248,0
20080116,6.126,6.126,5.8388,5.8388,3657,0
20080117,5.8439,5.8439,5.5566,5.5566,4489,0
20080118,5.3412,5.3412,4.9297,5.2646,13582,0
20080121,5.1209,5.2549,4.7859,5.2549,7522,0
20080122,4.7846,5.7415,4.6985,5.7415,3239,0
20080123,5.6029,5.6029,5.2677,5.4593,10859,0
20080124,5.5539,6.0326,5.5539,5.9848,6892,0
20080125,5.8834,6.2086,5.8834,6.2086,18189,0
20080128,6.4632,6.7984,6.2718,6.5686,14099,0
20080129,6.7985,7.172,6.7028,7.172,9086,0
20080130,7.1718,7.1813,7.0378,7.1622,8354,0
20080131,7.1722,7.1817,7.0381,7.1817,5848,0
20080201,7.1761,7.4153,7.1665,7.4153,10974,0
20080204,7.423,9.0035,7.423,8.5246,13781,0
20080205,8.6879,8.6879,7.6545,7.9894,13587,0
20080206,8.0444,8.6286,7.7571,8.437,6370,0
20080207,8.4989,9.0924,8.3267,8.7095,30092,0
20080208,9.1754,9.1754,8.8689,9.0988,4281,0
20080211,9.0913,9.0913,8.6511,8.6511,4179,0
20080212,8.7103,8.7582,8.4997,8.7582,6060,0
20080213,8.6135,8.7091,8.5465,8.6901,2404,0
20080214,8.7574,8.8244,8.7095,8.7095,2195,0
20080215,8.4217,8.4217,7.5221,8.0867,9822,0
20080218,7.9018,8.0263,7.1931,7.9018,10336,0
20080219,7.5359,7.7753,7.5359,7.7753,3133,0
20080220,7.7542,7.7542,7.5244,7.6585,1984,0
20080221,7.678,7.678,7.6588,7.678,732,0
20080222,7.6918,8.0463,7.6918,7.9505,2610,0
20080225,8.0753,8.1327,7.8074,7.9797,1255,0
20080227,7.8569,8.077,7.7612,8.077,1882,0
20080229,8.0282,8.0282,7.5593,8.0186,3762,0
20080303,7.7527,7.7527,7.3698,7.5612,1254,0
20080305,7.5138,7.935,7.5138,7.5904,3552,0
20080306,7.3708,7.3708,6.8443,7.0357,5432,0
20080307,7.0312,7.0312,6.5427,6.7438,5950,0
20080310,6.7049,6.7049,6.2355,6.7049,13468,0
20080311,6.3383,6.5297,6.3383,6.5297,732,0
20080312,6.5078,6.9384,6.5078,6.9384,4493,0
20080313,6.6757,6.6757,6.6757,6.6757,1566,0
20080314,6.3642,6.9384,6.3642,6.9384,1985,0
20080317,6.239,6.3156,6.239,6.3156,7211,0
20080318,6.4982,6.5748,6.3643,6.3643,5851,0
20080319,6.2935,6.7438,6.2935,6.7438,2088,0
20080320,6.5778,6.5778,6.434,6.5394,1149,0
20080325,6.5382,6.5382,6.3658,6.4616,3134,0
20080326,6.4352,6.6076,6.4352,6.6076,835,0
20080327,6.6252,6.6826,6.4815,6.5102,1254,0
20080331,6.6417,6.9384,6.4121,6.9384,10449,0
20080401,6.6554,6.6554,6.4257,6.6076,3237,0
20080402,6.3681,6.6076,6.3681,6.6076,1045,0
20080407,6.5166,6.6409,6.3156,6.3156,4702,0
20080408,6.5043,6.5043,6.1307,6.1307,1566,0
20080409,6.1315,6.2273,6.1315,6.1794,7411,0
20080410,6.1292,6.1292,6.0334,6.0334,1461,0
20080414,5.92,6.1307,5.8529,6.1307,2088,0
20080415,5.984,5.984,5.9361,5.9361,313,0
20080416,5.8703,6.0139,5.8703,6.0139,5534,0
20080417,6.2086,6.2086,6.2086,6.2086,105,0
20080418,6.218,6.2276,6.0745,6.1988,3659,0
20080421,6.4122,6.4122,6.2685,6.3643,2299,0
20080422,6.4146,6.6155,6.4146,6.5102,10653,0
20080423,6.3872,6.6076,6.3777,6.6076,1149,0
20080424,6.4164,6.6368,6.4164,6.6368,940,0
20080425,6.4594,6.4594,6.3351,6.3351,1463,0
20080428,6.3667,6.5102,6.3284,6.5102,209,0
20080429,6.3253,6.3253,6.3156,6.3156,6166,0
20080430,6.0299,6.4032,6.0203,6.4032,940,0
20080502,6.2767,6.2767,6.2767,6.2767,105,0
20080505,6.2183,6.2183,6.1704,6.2183,2927,0
20080506,6.2265,6.2744,6.1307,6.1307,2923,0
20080508,6.0924,6.1307,6.0924,6.1307,2193,0
20080512,6.1219,6.1794,6.1219,6.1794,1148,0
20080513,6.1231,6.2475,6.1231,6.2475,732,0
20080514,6.2739,6.2739,6.1015,6.1015,2506,0
20080515,6.2181,6.2181,6.1225,6.2086,941,0
20080516,6.3712,6.3712,6.0746,6.2086,8885,0
20080519,6.178,6.178,6.063,6.0918,2924,0
20080520,6.0452,6.1794,6.0261,6.1794,7932,0
20080521,6.2788,6.4032,6.2788,6.4032,4074,0
20080522,6.3651,6.4129,6.2311,6.4129,3866,0
20080523,6.2285,6.4008,6.2285,6.2572,1882,0
20080526,6.4981,6.4981,6.2206,6.3545,2299,0
20080527,6.1721,6.5262,6.1721,6.3156,6689,0
20080528,6.4861,6.4861,6.2183,6.2183,3031,0
20080529,6.3615,6.3615,6.1794,6.1794,1148,0
20080530,6.1704,6.2662,6.0748,6.2183,2927,0
20080602,6.2494,6.3643,6.1729,6.3643,1045,0
20080603,6.4096,6.4096,6.2183,6.2183,2090,0
20080604,6.1721,6.3156,6.1721,6.3156,418,0
20080605,6.3223,6.3223,6.1307,6.1307,5324,0
20080606,6.314,6.314,6.0939,6.2183,209,0
20080609,6.0813,6.0813,6.0334,6.0334,5012,0
20080610,5.9382,6.0723,5.9382,6.0723,5221,0
20080611,5.9361,5.9361,5.9361,5.9361,1567,0
20080612,5.9371,5.9945,5.9371,5.9945,5326,0
20080613,5.9088,6.0811,5.9088,6.0237,522,0
20080616,6.0821,6.0821,6.0342,6.0821,4908,0
20080617,6.0914,6.0914,5.9382,6.0723,209,0
20080618,5.9383,6.0821,5.9383,6.0821,105,0
20080619,5.9216,5.9216,5.6442,5.6442,5331,0
20080620,5.598,5.933,5.598,5.7512,10972,0
20080623,5.7104,5.7869,5.5479,5.6052,5331,0
20080624,5.519,5.5955,5.519,5.5955,1568,0
20080625,5.488,5.488,5.4593,5.4593,2924,0
20080626,5.2662,5.362,4.9886,5.362,5535,0
20080627,4.9898,4.9898,4.0991,4.8462,6160,0
20080630,4.8834,4.8834,4.5961,4.7781,4595,0
20080701,4.6471,4.6471,3.7368,3.7368,23900,0
20080702,3.5466,3.8341,3.4986,3.8341,12624,0
20080703,3.8299,4.165,3.8299,4.165,6788,0
20080704,4.0482,4.0482,3.8281,4.0482,4701,0
20080707,3.971,4.0188,3.8275,4.0093,1882,0
20080708,3.9217,3.9217,3.9217,3.9217,1046,0
20080709,3.8341,3.8341,3.8341,3.8341,2086,0
20080710,3.5945,3.8341,3.5945,3.8341,105,0
20080711,3.7343,3.83,3.5811,3.5811,5535,0
20080714,3.5901,3.8294,3.5422,3.5422,11804,0
20080715,3.5916,3.6395,3.5916,3.6395,1356,0
20080716,3.5422,3.638,3.5422,3.5422,10446,0
20080717,3.8198,3.8198,3.5422,3.5422,6372,0
20080718,3.5459,3.8046,3.5459,3.7855,1774,0
20080721,3.6424,3.8341,3.6424,3.8341,3442,0
20080722,3.8341,3.8341,3.8341,3.8341,521,0
20080723,3.8341,3.8341,3.8341,3.8341,521,0
20080724,3.8751,3.9996,3.7317,3.9996,2822,0
20080725,3.9996,3.9996,3.9996,3.9996,522,0
20080728,3.99,3.9996,3.99,3.9996,1255,0
20080818,3.8725,3.882,3.8341,3.8341,1148,0
20080819,3.7783,3.9217,3.7783,3.9217,5123,0
20080820,3.9209,3.9878,3.8731,3.8731,4602,0
20080822,3.9704,3.9704,3.9704,3.9704,522,0
20080825,3.8265,3.9509,3.8265,3.9509,522,0
20080827,3.8749,3.9801,3.8749,3.9801,5330,0
20080828,4.0693,4.165,3.8777,4.165,6162,0
20080829,4.0401,4.1358,4.0401,4.1358,3134,0
20080901,4.165,4.165,4.165,4.165,105,0
20080902,4.1871,4.3499,4.1871,4.3499,3027,0
20080903,4.5704,5.0686,4.5704,4.9824,1043,0
20080904,4.6896,4.6896,4.594,4.6418,15255,0
20080905,4.5924,4.6019,4.5445,4.5445,4913,0
20080908,4.4489,4.5445,4.4489,4.5445,1046,0
20080909,4.4959,4.5055,4.4959,4.4959,1255,0
20080911,4.6394,4.6775,4.4959,4.4959,4390,0
20080912,4.5251,4.5251,4.5251,4.5251,2090,0
20080915,4.9664,4.9664,4.5932,4.5932,1777,0
20080916,4.6224,4.6224,4.5937,4.6224,4074,0
20080917,4.5932,4.6314,4.4975,4.5932,8151,0
20080918,4.7149,4.7149,4.4083,4.4083,626,0
20080919,4.5949,4.9683,4.1163,4.1163,4910,0
20080922,4.02,4.7858,4.02,4.6613,32180,0
20080923,4.5454,4.7751,4.5454,4.5932,6061,0
20080924,4.6424,4.6903,4.6424,4.6808,1984,0
20080925,4.5932,4.5932,4.019,4.5932,16093,0
20080926,4.5958,4.7586,4.3086,4.7586,6371,0
20080930,3.8301,4.7877,3.8301,4.7781,1045,0
20081001,4.5915,4.6872,4.4098,4.4959,11290,0
20081002,4.4083,4.4083,4.4083,4.4083,2087,0
20081003,4.3516,4.4472,4.3516,4.4472,418,0
20081006,4.5932,4.5932,4.5932,4.5932,8360,0
20081007,3.8277,4.8707,3.8277,4.5932,4494,0
20081008,4.601,4.601,3.8341,3.8341,2191,0
20081009,3.8341,3.8341,3.8341,3.8341,834,0
20081010,4.3071,4.3071,3.4935,3.4935,3135,0
20081014,4.2966,4.3061,3.8277,4.019,835,0
20081015,3.8341,3.8341,3.8341,3.8341,834,0
20081016,3.4927,3.8181,3.1578,3.4449,4702,0
20081017,3.3476,3.3476,3.3476,3.3476,313,0
20081020,3.4388,3.4388,2.9025,3.0556,939,0
20081021,3.1627,3.1723,3.0669,3.1627,10330,0
20081022,3.1507,3.1507,3.0167,3.0167,2610,0
20081023,2.8959,2.8959,2.571,2.6761,5441,0
20081024,2.5104,2.5296,2.4912,2.4912,2609,0
20081027,2.2503,2.3939,2.2024,2.3939,2820,0
20081028,2.2479,2.2575,2.2479,2.2479,1568,0
20081029,2.1506,2.3896,2.1506,2.1506,15798,0
20081030,2.2479,2.2479,2.1523,2.2479,7108,0
20081031,2.2529,2.5788,2.2529,2.5788,4486,0
20081103,2.5245,2.754,2.5245,2.754,4183,0
20081104,2.8247,4.7877,2.8247,4.7781,1776,0
20081105,4.3931,4.3931,4.0677,4.0677,835,0
20081106,3.8341,4.2175,3.8341,3.8341,1774,0
20081107,3.8245,3.8341,3.8245,3.8341,626,0
20081111,4.0426,4.3109,4.0426,4.3012,1043,0
20081112,4.0258,4.3134,3.8341,3.8341,417,0
20081113,3.7336,3.7336,3.5422,3.5422,1149,0
20081114,3.4449,3.4449,3.2822,3.4449,4702,0
20081117,3.5445,3.736,3.5445,3.6882,3863,0
20081119,3.7368,3.7368,3.7368,3.7368,1043,0
20081120,3.4935,3.4935,3.4935,3.4935,627,0
20081121,3.3036,3.5909,3.3036,3.5909,105,0
20081125,3.3013,3.4449,3.3013,3.4449,3030,0
20081126,3.4449,3.4449,3.4449,3.4449,418,0
20081127,3.5945,3.8341,3.5945,3.8341,834,0
20081201,3.2994,3.3473,2.8691,3.3281,5542,0
20081202,3.2407,3.3458,3.2312,3.2503,32115,0
20081203,3.3458,3.3458,3.2503,3.2503,3661,0
20081204,3.35,3.4935,3.35,3.4935,5746,0
20081205,3.5451,3.7368,3.4973,3.7368,9392,0
20081209,3.5706,3.5706,3.5227,3.5227,3447,0
20081210,3.3416,3.5714,3.3416,3.5714,6475,0
20081211,3.4449,3.4449,3.4449,3.4449,1255,0
20081212,3.3476,3.3476,3.3476,3.3476,313,0
20081215,3.4927,3.4927,3.4449,3.4449,8046,0
20081216,3.4439,3.4439,3.3865,3.3865,418,0
20081217,3.254,3.4836,3.254,3.4741,3030,0
20081218,3.4446,3.4446,3.4254,3.4254,3240,0
20081222,3.541,3.541,3.3114,3.4741,7837,0
20081223,3.367,3.5392,3.367,3.367,1150,0
20081229,3.399,3.5714,3.399,3.5714,2194,0
20081230,3.5701,3.5701,3.4457,3.4935,2194,0
20090105,3.5692,3.5692,3.4449,3.4449,209,0
20090106,3.4372,3.5617,3.4372,3.5617,522,0
20090107,3.4546,3.4546,3.4546,3.4546,105,0
20090112,3.4553,3.4935,3.35,3.4935,522,0
20090113,3.3476,3.3476,3.3476,3.3476,2091,0
20090115,3.5714,3.5714,3.5714,3.5714,209,0
20090123,3.3471,3.3471,3.3184,3.3184,2510,0
20090126,3.0362,3.0362,3.0362,3.0362,627,0
20090127,3.1619,3.1715,3.114,3.114,3862,0
20090130,3.1125,3.1125,3.0167,3.0167,1670,0
20090202,3.0658,3.0946,2.97,3.0946,4801,0
20090203,2.9203,2.968,2.9203,2.968,4178,0
20090206,2.9031,3.1332,2.8744,3.114,8558,0
20090209,3.0157,3.0157,2.9583,2.9583,6267,0
20090210,3.0454,3.0454,2.8634,3.0167,627,0
20090211,2.8907,3.0247,2.8907,2.9194,4598,0
20090212,2.8318,2.8318,2.8318,2.8318,313,0
20090213,2.8212,2.8212,2.7734,2.7734,313,0
20090216,2.8609,2.8609,2.8513,2.8513,2195,0
20090218,2.9673,2.9673,2.9194,2.9194,4179,0
20090223,2.861,2.861,2.861,2.861,522,0
20090225,2.8413,2.8699,2.8221,2.8221,1046,0
20090302,2.8229,2.8707,2.8229,2.8707,209,0
20090303,2.8221,2.8221,2.8221,2.8221,522,0
20090305,2.8415,2.8415,2.8415,2.8415,1568,0
20090306,2.8221,2.8221,2.8221,2.8221,209,0
20090311,3.0368,3.0751,3.0368,3.0751,2193,0
20090312,3.2503,3.2503,3.2503,3.2503,419,0
20090313,3.1594,3.1594,2.9583,2.9583,1045,0
20090316,2.9506,3.0848,2.9506,3.0848,209,0
20090319,3.0167,3.0167,3.0167,3.0167,105,0
20090320,2.965,3.3476,2.965,3.3476,8260,0
20090324,3.2989,3.2989,3.2989,3.2989,1150,0
20090325,3.385,3.385,3.2989,3.2989,1883,0
20090327,3.2308,3.2308,3.2308,3.2308,105,0
20090331,3.3516,3.6006,3.3516,3.6006,3550,0
20090403,3.5804,3.5804,3.5422,3.5422,2611,0
20090406,3.4741,3.4741,3.4741,3.4741,522,0
20090407,3.4719,3.4719,3.2137,3.3476,7633,0
20090408,3.2535,3.4449,3.2535,3.4449,2195,0
20090414,3.3086,3.3086,3.3086,3.3086,105,0
20090417,3.4449,3.4449,3.4449,3.4449,105,0
20090420,3.5811,3.5811,3.5811,3.5811,1671,0
20090421,3.4472,3.5909,3.4472,3.5909,732,0
20090423,3.659,3.659,3.659,3.659,2088,0
20090424,3.6555,4.019,3.6555,4.019,1672,0
20090427,3.8984,4.2623,3.8984,4.2623,2193,0
20090428,4.2142,4.2526,4.2142,4.2526,2088,0
20090429,3.9395,4.1594,3.7196,3.8439,18720,0
20090430,3.9256,4.165,3.9256,4.165,4595,0
20090504,3.8564,4.019,3.8277,4.019,12540,0
20090505,4.1217,4.1217,3.8053,3.8341,5738,0
20090506,3.8341,3.8341,3.8341,3.8341,3129,0
20090507,3.8324,3.8324,3.7174,3.7174,8976,0
20090508,3.7105,3.9305,3.6817,3.8731,12548,0
20090511,3.8826,3.9209,3.8731,3.8731,3346,0
20090512,3.8341,3.8341,3.8341,3.8341,14710,0
20090513,3.6395,3.6395,3.6395,3.6395,627,0
20090519,3.6185,3.6185,3.5227,3.5227,6789,0
20090520,3.4352,3.4352,3.4352,3.4352,2090,0
20090522,3.2917,3.2917,2.7559,2.8707,7419,0
20090525,2.968,2.968,2.968,2.968,627,0
20090526,3.0264,3.0264,3.0264,3.0264,835,0
20090528,3.1622,3.1622,2.9706,3.1335,313,0
20090529,3.13,3.13,2.8237,2.9194,6060,0
20090601,2.8727,2.8727,2.2981,2.3939,11174,0
20090602,2.6611,2.6611,2.2591,2.3452,18909,0
20090603,2.4734,2.8762,2.4447,2.5885,15438,0
20090604,2.8231,3.0335,2.7752,2.8805,28736,0
20090605,2.9077,2.9077,2.7737,2.7929,27498,0
20090608,2.6828,2.6828,2.4912,2.4912,6262,0
20090609,2.7245,2.82,2.3803,2.7053,15377,0
20090610,2.4934,2.7043,2.3015,2.6372,21169,0
20090611,2.6283,2.7239,2.6283,2.6761,16950,0
20090612,2.5893,2.6372,2.5125,2.6372,13034,0
20090615,2.5859,2.5859,2.4231,2.4231,1045,0
20090616,2.5204,2.5204,2.5204,2.5204,2087,0
20090617,2.6192,2.6956,2.6192,2.6956,3243,0
20090619,2.7576,2.9778,2.7576,2.9778,4177,0
20090622,2.9885,3.0459,2.9885,3.0459,1148,0
20090623,3.0106,3.0106,2.6761,2.6761,16741,0
20090624,2.5199,2.6828,2.4912,2.4912,31936,0
20090625,2.5375,2.5854,2.1354,2.3939,29450,0
20090626,2.3967,2.5885,2.301,2.5885,32126,0
20090629,2.5796,2.6372,2.5029,2.6372,5736,0
20090630,2.6177,2.704,2.4931,2.6177,7300,0
20090701,2.6173,2.6269,2.5885,2.5885,4277,0
20090702,2.6569,2.6761,2.6283,2.6761,3453,0
20090703,2.5885,2.6365,2.5885,2.5885,8344,0
20090706,2.5009,2.5009,2.5009,2.5009,522,0
20090709,2.4242,2.4912,2.3955,2.4912,4696,0
20090710,2.5422,2.6664,2.5326,2.6664,3139,0
20090713,2.5885,2.5885,2.5885,2.5885,313,0
20090720,2.5232,2.6761,2.4945,2.6761,2615,0
20090721,2.5328,2.6761,2.5328,2.6761,1987,0
20090722,2.5885,2.5885,2.5885,2.5885,626,0
20090723,2.677,2.7248,2.677,2.7248,3766,0
20090724,2.7239,2.7239,2.6761,2.6761,2302,0
20090727,2.6865,2.7248,2.6865,2.7248,1046,0
20090728,2.6874,2.7734,2.6779,2.7734,3137,0
20090729,2.776,3.3312,2.776,2.9291,9298,0
20090730,3.0304,3.2503,3.0304,3.2503,313,0
20090731,3.2526,3.7213,3.2526,3.3865,4181,0
20090803,3.4449,3.4449,3.3109,3.4449,209,0
20090804,3.3109,3.4449,3.3109,3.4449,522,0
20090805,3.4448,3.4448,3.2725,3.4352,5434,0
20090806,3.0669,3.1627,3.0669,3.1627,2192,0
20090807,3.1647,3.2795,3.1647,3.2795,1150,0
20090810,3.1074,3.2795,3.1074,3.2795,105,0
20090811,2.9735,3.2795,2.9735,3.2795,209,0
20090812,3.0309,3.2795,3.0309,3.2795,419,0
20090813,3.2507,3.2795,3.2507,3.2795,3034,0
20090814,3.2835,3.5325,3.2739,3.5325,6894,0
20090817,3.4449,3.4449,3.3396,3.4449,2822,0
20090818,3.3013,3.4449,3.3013,3.4449,1359,0
20090820,3.4457,3.4935,3.4457,3.4935,3552,0
20090821,3.4941,3.5325,3.408,3.5325,10654,0
20090825,3.3984,3.5325,3.3984,3.5325,209,0
20090827,3.3281,3.3281,3.3281,3.3281,1046,0
20090831,3.5333,3.5909,3.3802,3.5909,5118,0
20090901,3.4664,3.5909,3.4664,3.5909,627,0
20090902,3.4441,3.4441,3.3962,3.3962,1985,0
20090903,3.5433,3.6103,3.5433,3.6103,3237,0
20090904,3.4957,3.6298,3.4383,3.6298,1775,0
20090907,3.4286,3.6298,3.4286,3.6298,1566,0
20090908,3.6298,3.8788,3.6298,3.6298,3237,0
20090909,3.6701,3.7563,3.6701,3.7563,1253,0
20090910,3.7257,3.879,3.6395,3.6395,1045,0
20090911,3.634,3.8731,3.634,3.8731,1150,0
20090914,3.8735,3.8925,3.8256,3.8925,209,0
20090915,3.8938,3.9704,3.8938,3.9704,1150,0
20090917,3.727,3.727,3.7174,3.7174,3236,0
20090918,3.7273,3.7368,3.7273,3.7368,105,0
20090922,3.4761,3.6006,3.4761,3.6006,1045,0
20090923,3.3899,3.6006,3.3899,3.6006,418,0
20090925,3.3895,3.5714,3.3895,3.5714,522,0
20090928,3.5798,3.5893,3.4935,3.4935,6477,0
20090930,3.5432,3.6006,3.5432,3.6006,2088,0
20091002,3.6009,3.62,3.4764,3.62,3446,0
20091008,3.543,3.5909,3.543,3.5909,1045,0
20091012,3.3898,3.5909,3.3898,3.5909,105,0
20091013,3.4464,3.5422,3.3986,3.5422,105,0
20091016,3.4858,3.6006,3.4858,3.6006,5847,0
20091019,3.6492,3.6492,3.6492,3.6492,2088,0
20091021,3.7335,3.7335,3.5325,3.5325,313,0
20091022,3.515,3.6395,3.515,3.6395,522,0
20091023,3.6396,3.6492,3.6396,3.6492,2610,0
20091026,3.7863,4.1121,3.7863,3.8341,4487,0
20091027,3.7376,3.7855,3.7376,3.7855,2087,0
20091028,3.5709,3.5996,3.4369,3.5422,13893,0
20091029,3.4711,3.4711,3.2989,3.2989,3765,0
20091030,3.3868,3.406,3.205,3.406,4495,0
20091102,3.406,3.406,3.406,3.406,522,0
20091104,3.4943,3.5422,3.4943,3.5422,2611,0
20091106,3.3898,3.5909,3.3898,3.5909,2402,0
20091110,3.4462,3.5325,3.4462,3.5325,522,0
20091111,3.3184,3.3184,3.3184,3.3184,209,0
20091113,3.3121,3.5227,3.3121,3.5227,209,0
20091116,3.544,3.659,3.544,3.659,209,0
20091118,3.4266,3.4935,3.417,3.4935,5538,0
20091119,3.4919,3.4919,3.3962,3.3962,4495,0
20091120,3.3978,3.4935,3.3404,3.4935,3866,0
20091130,3.4841,3.5033,3.4841,3.5033,2089,0
20091202,3.3117,3.4935,3.3117,3.4935,313,0
20091204,3.4926,4.0093,3.3969,4.0093,25081,0
20091207,3.8294,3.8294,3.4943,3.5422,16400,0
20091208,3.5901,3.7336,3.5422,3.5422,18385,0
20091209,3.4464,3.7336,3.4464,3.5422,11073,0
20091214,3.8253,3.8731,3.8253,3.8731,3974,0
20091215,3.8253,3.8731,3.8253,3.8731,209,0
20091216,4.0198,4.2974,3.9719,4.0677,9821,0
20091217,4.0206,4.1163,4.0206,4.1163,1567,0
20091218,4.1185,4.2526,4.1185,4.2526,209,0
20091221,4.2503,4.2695,4.1163,4.1163,7626,0
20091222,3.921,4.1123,3.8828,3.8828,3451,0
20091229,3.8867,4.212,3.8867,4.1163,3551,0
20091230,4.019,4.019,4.019,4.019,1045,0
20100104,4.0398,4.1163,4.0398,4.1163,4178,0
20100106,4.019,4.019,4.019,4.019,105,0
20100107,4.0256,4.0256,3.8244,3.8244,11268,0
20100108,3.7496,3.9217,3.7304,3.9217,2405,0
20100111,3.8319,3.8798,3.6882,3.6882,6995,0
20100112,3.7878,3.9695,3.7304,3.9217,13486,0
20100113,3.7306,3.9314,3.7306,3.9314,1672,0
20100114,3.6913,3.8633,3.6913,3.8633,1673,0
20100115,3.7211,3.9314,3.7211,3.9314,941,0
20100118,3.7441,3.7441,3.5909,3.5909,5535,0
20100120,3.5066,3.7174,3.5066,3.7174,627,0
20100126,3.6882,3.6882,3.6882,3.6882,2088,0
20100127,3.6417,3.7855,3.5267,3.7855,2608,0
20100128,3.7855,3.7855,3.7855,3.7855,105,0
20100201,3.641,3.7368,3.641,3.7368,1043,0
20100204,3.6395,3.6395,3.6395,3.6395,105,0
20100205,3.5349,3.6882,3.5349,3.6882,105,0
20100212,3.5203,3.5203,3.3768,3.3768,11499,0
20100215,3.5325,3.5325,3.5325,3.5325,2089,0
20100217,3.3865,3.3865,3.3865,3.3865,1150,0
20100219,3.3861,3.5392,3.367,3.367,2091,0
20100301,3.406,3.406,3.406,3.406,1046,0
20100302,3.5916,3.6298,3.582,3.6298,13714,0
20100305,3.6882,3.6882,3.6882,3.6882,105,0
20100308,3.6402,3.6882,3.6402,3.6882,4070,0
20100310,3.6882,3.6882,3.6882,3.6882,209,0
20100311,3.8223,3.8223,3.6882,3.6882,5011,0
20100312,3.8245,3.882,3.8245,3.8341,6364,0
20100315,3.8341,3.8341,3.8341,3.8341,1878,0
20100317,3.9265,4.3957,3.9265,4.2234,8562,0
20100318,4.2234,4.2234,4.2234,4.2234,2193,0
20100319,4.165,4.165,4.165,4.165,2194,0
20100323,4.4472,4.4472,4.4472,4.4472,4173,0
20100324,4.4472,4.4472,4.4472,4.4472,105,0
20100326,4.5086,4.6905,4.4512,4.6905,3238,0
20100330,4.4993,4.7002,4.4418,4.7002,8879,0
20100331,4.5998,4.5998,4.3122,4.3986,2608,0
20100401,4.256,4.4472,4.256,4.4472,209,0
20100407,4.4472,4.4472,4.4472,4.4472,105,0
20100412,4.2176,4.4472,4.2176,4.4472,3032,0
20100415,4.4496,4.5932,4.4496,4.5932,209,0
20100416,4.3207,4.3207,4.3207,4.3207,209,0
20100426,4.2623,4.2623,4.2623,4.2623,1566,0
20100428,4.1163,4.1163,4.1163,4.1163,732,0
20100430,3.8277,4.019,3.8277,4.019,105,0
20100505,3.7415,4.019,3.7415,4.019,1045,0
20100510,3.7466,3.7466,3.7466,3.7466,834,0
20100513,3.9214,3.9214,3.7301,3.9023,2613,0
20100514,3.7289,3.9202,3.7289,3.8341,2301,0
20100518,3.8365,3.9704,3.8365,3.9704,105,0
20100519,3.8439,3.8439,3.8439,3.8439,2091,0
20100521,3.5459,3.7855,3.5459,3.7855,834,0
20100601,3.6506,3.7368,3.6506,3.7368,1043,0
20100616,3.6711,3.8341,3.6711,3.8341,417,0
20100618,3.912,3.912,3.912,3.912,209,0
20100621,3.6483,3.6866,3.5909,3.5909,3342,0
20100622,3.7757,3.7757,3.7757,3.7757,105,0
20100623,3.7751,3.7751,3.7081,3.7368,1670,0
20100629,3.3605,3.5519,3.3605,3.5519,105,0
20100630,3.6395,3.6395,3.6395,3.6395,105,0
20100701,3.6591,3.6687,3.6591,3.6687,6263,0
20100706,3.5427,3.5714,3.5427,3.5714,2194,0
20100708,3.5909,3.5909,3.5909,3.5909,313,0
20100709,3.5909,3.5909,3.5909,3.5909,2094,0
20100712,3.5909,3.5909,3.5909,3.5909,1047,0
20100713,3.6028,3.7466,3.6028,3.7466,2087,0
20100715,3.7368,3.7368,3.7368,3.7368,105,0
20100719,3.7368,3.7368,3.7368,3.7368,105,0
20100720,3.7368,3.7368,3.7368,3.7368,1148,0
20100730,3.7368,3.7368,3.4877,3.7368,209,0
20100806,3.7368,3.7368,3.7368,3.7368,105,0
20100809,3.7383,3.8341,3.6904,3.8341,2504,0
20100810,3.8341,3.8341,3.8341,3.8341,105,0
20100813,3.8341,3.8916,3.8341,3.8341,4799,0
20100816,3.8341,3.8341,3.8341,3.8341,626,0
20100820,3.5451,3.7368,3.5451,3.7368,1253,0
20100823,3.6395,3.6395,3.6395,3.6395,313,0
20100827,3.6979,3.6979,3.6979,3.6979,105,0
20100831,3.6784,3.6784,3.6784,3.6784,105,0
20100901,3.5155,3.6492,3.5155,3.6492,3559,0
20100908,3.4966,3.6882,3.4966,3.6882,418,0
20100914,3.4487,3.6882,3.4487,3.6882,209,0
20100916,3.4388,3.6395,3.4388,3.6395,3036,0
20100917,3.5438,3.6395,3.4959,3.6395,105,0
20100920,3.641,3.7368,3.641,3.7368,2400,0
20100921,3.6395,3.6395,3.6395,3.6395,1045,0
20100923,3.8334,4.4083,3.6417,4.4083,8974,0
20100924,4.2137,4.2137,4.2137,4.2137,1357,0
20100927,4.1194,4.311,4.1194,4.311,3549,0
20100928,4.3186,4.7878,4.3186,4.7878,8668,0
20100929,4.7846,5.1673,4.7846,5.1673,1149,0
20100930,4.9756,5.1669,4.9756,5.1479,1045,0
20101001,4.8851,4.8851,4.8851,4.8851,522,0
20101004,4.7975,4.7975,4.7975,4.7975,105,0
20101007,4.7401,4.7975,4.7401,4.7975,522,0
20101011,4.5436,4.5436,4.4959,4.4959,4809,0
20101013,4.5915,4.5915,4.4959,4.4959,3136,0
20101014,4.2687,4.3931,4.0677,4.0677,2717,0
20101018,4.165,4.165,4.165,4.165,105,0
20101026,4.048,4.048,3.895,4.0385,2090,0
20101027,3.7511,4.019,3.4736,4.019,2822,0
20101028,3.9217,3.9217,3.9217,3.9217,418,0
20101029,4.0187,4.057,3.9039,3.9996,2822,0
20101103,3.9509,3.9509,3.9509,3.9509,2090,0
20101104,3.636,3.9996,3.636,3.9996,522,0
20101109,3.736,3.736,3.4774,3.6882,2609,0
20101110,3.7368,3.7368,3.7368,3.7368,1043,0
20101111,3.6979,3.6979,3.6979,3.6979,418,0
20101115,3.7464,3.7464,3.7368,3.7368,105,0
20101119,3.4831,3.4831,3.4449,3.4449,1255,0
20101122,3.6525,3.8341,3.6525,3.8341,2510,0
20101124,3.8435,3.8817,3.7188,3.8147,1148,0
20101126,3.7285,3.8049,3.5755,3.8049,1046,0
20101203,3.5519,3.5519,3.5519,3.5519,522,0
20101210,3.7174,3.7174,3.7174,3.7174,105,0
20101217,3.6409,3.7271,3.6409,3.7271,1670,0
20101220,3.7076,3.7076,3.7076,3.7076,105,0
20101228,3.4943,3.5422,3.4656,3.5422,313,0
20101230,3.546,3.546,3.1627,3.1627,9495,0
20110103,3.157,3.3962,3.157,3.3962,12543,0
20110104,3.3279,3.4523,3.3184,3.3184,4705,0
20110105,3.4249,3.5397,3.3962,3.3962,6898,0
20110106,3.3971,3.4449,3.3971,3.4449,2090,0
20110107,3.4449,3.4449,3.4449,3.4449,105,0
20110110,3.4473,3.6006,3.4473,3.6006,2088,0
20110111,3.5918,3.6492,3.5918,3.6492,1253,0
20110112,3.5775,3.5775,3.367,3.367,2300,0
20110114,3.3706,3.5909,3.3419,3.5909,209,0
20110117,3.5916,3.6395,3.4959,3.6395,2715,0
20110119,3.4862,3.6395,3.4862,3.6395,1045,0
20110121,3.6395,3.6587,3.6395,3.6395,4176,0
20110125,3.5909,3.5909,3.5909,3.5909,1567,0
20110126,3.6395,3.6395,3.6395,3.6395,628,0
20110131,3.3793,3.542,3.3793,3.5325,105,0
20110201,3.6092,3.6092,3.5422,3.5422,3134,0
20110202,3.6491,3.6491,3.6395,3.6395,2506,0
20110207,3.7479,3.8244,3.7479,3.8244,313,0
20110208,3.835,3.8925,3.6912,3.8925,1981,0
20110209,3.9624,4.0677,3.9624,4.0677,3344,0
20110210,4.4476,4.7831,4.4476,4.4764,2504,0
20110211,4.6905,4.6905,4.6905,4.6905,418,0
20110214,4.6414,4.6702,4.5459,4.6224,3135,0
20110215,4.3415,4.418,4.3415,4.418,836,0
20110223,4.0728,4.6287,4.0728,4.4083,834,0
20110228,4.5999,4.5999,4.4083,4.4083,105,0
20110303,4.311,4.311,4.311,4.311,313,0
20110307,4.1747,4.1747,4.1747,4.1747,313,0
20110311,4.3134,4.3614,3.6424,3.8341,4278,0
20110314,3.8319,4.0234,3.5445,3.6882,732,0
20110315,3.2057,3.2057,2.8707,2.8707,522,0
20110316,2.9322,3.6414,2.9227,3.1335,10957,0
20110317,3.2876,4.3132,3.2876,3.8244,4173,0
20110318,4.3123,4.3123,3.6895,3.7757,3235,0
20110321,3.7729,3.7729,3.6006,3.6006,4386,0
20110322,3.8633,3.8633,3.8633,3.8633,105,0
20110323,4.0095,4.0956,3.9903,4.019,5016,0
20110324,4.1163,4.1163,3.9249,4.1163,418,0
20110325,4.1186,4.4059,4.1186,4.2623,4594,0
20110328,4.1191,4.2915,4.0712,4.2915,1253,0
20110329,4.3841,4.6905,4.3841,4.6905,1149,0
20110330,4.7823,5.0214,4.7823,5.0214,7005,0
20110331,5.0214,5.0214,5.0214,5.0214,105,0
20110401,4.9734,5.0116,4.9734,5.0116,418,0
20110404,4.6475,5.0116,4.6475,5.0116,3653,0
20110408,4.9778,5.2841,4.9778,5.2841,1357,0
20110411,5.5054,5.5054,5.3522,5.3522,2507,0
20110412,5.1187,5.1187,5.1187,5.1187,2927,0
20110413,4.9788,5.4383,4.9788,5.3522,5326,0
20110414,5.1701,5.3425,4.8829,5.3425,9504,0
20110415,5.3425,5.3521,5.3425,5.3425,1881,0
20110419,5.0716,5.1673,5.0047,5.1673,7629,0
20110420,5.1673,5.1673,5.1673,5.1673,1568,0
20110426,4.9758,5.1576,4.9758,5.1576,105,0
20110427,4.9997,4.9997,4.8559,4.8559,418,0
20110428,4.9842,5.0895,4.9842,5.0895,105,0
20110503,5.1689,5.2646,5.1689,5.2646,2194,0
20110504,5.2158,5.2158,5.2063,5.2063,627,0
20110505,5.216,5.216,5.216,5.216,418,0
20110510,4.8572,4.9338,4.8284,4.9338,3549,0
20110511,5.0274,5.0274,4.7975,4.7975,522,0
20110512,5.0907,5.1673,5.0907,5.1673,522,0
20110513,5.1639,5.5663,5.1639,5.5663,5636,0
20110516,5.6026,5.6026,5.4398,5.4398,2297,0
20110518,5.5015,5.6928,5.5015,5.6928,1046,0
20110520,5.5021,5.7317,5.5021,5.7317,940,0
20110523,5.7317,5.7317,5.7317,5.7317,105,0
20110524,5.6875,5.9556,5.4577,5.9556,6998,0
20110525,5.9878,6.1794,5.9878,6.1794,2609,0
20110526,6.1794,6.1794,6.1794,6.1794,418,0
20110530,6.211,6.412,6.1249,6.3545,13688,0
20110531,6.4183,6.7535,6.3224,6.7535,2609,0
20110601,6.743,6.829,6.6473,6.6951,6900,0
20110602,6.6959,6.7918,6.6959,6.7438,3445,0
20110603,6.7925,6.7925,6.7925,6.7925,732,0
20110606,6.8006,6.8868,6.7049,6.7049,2193,0
20110607,6.8022,6.8022,6.8022,6.8022,522,0
20110608,6.7052,6.7243,6.6573,6.7243,2088,0
20110609,6.7243,6.7243,6.7243,6.7243,105,0
20110610,6.7243,6.7243,6.7243,6.7243,105,0
20110614,6.6573,6.7243,6.6573,6.7243,209,0
20110615,6.5328,6.7243,6.5328,6.7243,522,0
20110620,6.7925,6.7925,6.7925,6.7925,209,0
20110621,6.7982,6.7982,6.329,6.5589,3446,0
20110622,6.3191,6.3191,5.7446,5.9361,3551,0
20110623,5.9321,5.9321,5.5685,5.7025,2090,0
20110624,5.8355,5.8355,5.4528,5.6442,941,0
20110627,5.5535,5.5535,5.362,5.362,1357,0
20110630,5.3036,5.4567,5.3036,5.3036,1149,0
20110704,5.2666,5.4008,5.2666,5.3911,313,0
20110705,5.5367,5.5367,5.2493,5.5079,1148,0
20110708,5.6349,5.6636,5.3766,5.6636,1255,0
20110714,5.362,5.362,5.362,5.362,522,0
20110715,5.3133,5.3133,5.3133,5.3133,418,0
20110718,5.216,5.216,5.0915,5.216,627,0
20110720,5.1673,5.1673,5.1673,5.1673,209,0
20110721,5.2176,5.3133,5.2176,5.3133,2403,0
20110722,5.3101,5.8651,5.3101,5.6928,4703,0
20110726,5.7415,5.7415,5.5788,5.7415,209,0
20110727,5.7484,5.7484,5.4706,5.5663,3236,0
20110728,5.5647,5.7466,5.3252,5.4593,1148,0
20110729,5.5566,5.6524,5.4129,5.5566,4697,0
20110801,5.4398,5.5644,5.4398,5.4398,2088,0
20110804,5.3137,5.3425,5.3137,5.3425,105,0
20110805,5.0735,5.3033,5.0735,5.2841,4597,0
20110808,5.0649,5.3425,5.0649,5.3425,522,0
20110809,4.7872,5.3425,4.7872,5.3425,105,0
20110812,5.3505,5.3505,4.4986,4.6613,940,0
20110815,5.3528,5.3528,4.7878,4.7878,105,0
20110816,4.7877,4.7877,4.3281,4.7781,732,0
20110817,4.7813,4.9824,4.5512,4.9824,5218,0
20110818,4.7235,4.963,4.7235,4.963,2087,0
20110819,5.1244,5.632,4.6072,4.8754,11275,0
20110822,4.8836,5.1708,4.7878,4.7878,10861,0
20110823,4.9028,5.0179,4.7975,4.7975,2297,0
20110824,4.893,4.893,4.7781,4.7781,1671,0
20110825,4.7909,4.9922,4.7909,4.9922,1670,0
20110826,4.788,4.8071,4.5581,4.7975,5118,0
20110829,4.8453,4.8453,4.5963,4.7878,1045,0
20110830,4.6922,4.7975,4.5964,4.7975,5013,0
20110831,4.8071,4.8837,4.7975,4.7975,2402,0
20110901,4.7975,4.7975,4.7975,4.7975,105,0
20110902,4.7336,4.7909,4.418,4.418,2928,0
20110905,4.7336,4.7909,4.418,4.418,2928,0
20110906,4.1658,4.2137,4.1658,4.2137,2088,0
20110907,3.9217,3.9217,3.9217,3.9217,522,0
20110909,4.0869,4.0869,4.0677,4.0677,105,0
20110916,4.0792,4.1845,4.0792,4.1845,732,0
20110920,4.4975,4.5932,4.3061,4.5932,105,0
20110921,4.5179,4.671,4.5179,4.671,313,0
20110922,4.5963,4.7878,4.5963,4.7878,313,0
20110926,4.7878,4.7878,4.7878,4.7878,209,0
20110927,4.7016,4.7878,4.7016,4.7878,1357,0
20110928,4.7878,4.7878,4.7878,4.7878,313,0
20110929,4.3569,4.7973,4.3569,4.7878,3550,0
20110930,4.7878,4.7878,4.7399,4.7878,105,0
20111003,4.692,4.7878,4.692,4.7878,732,0
20111004,4.8164,4.8164,4.3089,4.7781,2194,0
20111005,4.7781,4.7877,4.7207,4.7781,105,0
20111006,4.6913,4.7774,4.6913,4.7391,732,0
20111007,4.0217,4.7781,4.0217,4.7781,3133,0
20111010,4.7865,4.7865,4.3844,4.71,1984,0
20111012,4.4504,4.728,4.4504,4.6418,732,0
20111019,4.3081,4.7294,4.3081,4.7294,209,0
20111027,4.6601,4.6601,4.5932,4.5932,1568,0
20111031,4.6424,4.6903,4.6424,4.6808,627,0
20111102,4.6945,4.6945,4.3304,4.3304,12107,0
20111103,4.448,4.5915,4.3236,4.4959,313,0
20111104,4.5172,4.6319,4.498,4.6224,209,0
20111107,4.6226,4.6321,4.6226,4.6321,418,0
20111110,4.5459,4.6224,4.5459,4.6224,418,0
20111111,4.5932,4.5932,4.5932,4.5932,105,0
20111115,4.69,4.69,4.6613,4.6613,627,0
20111117,4.4975,4.5932,4.4975,4.5932,522,0
20111118,4.671,4.671,4.671,4.671,209,0
20111122,4.4305,4.5932,4.4305,4.5932,209,0
20111123,4.5932,4.5932,4.5932,4.5932,105,0
20111128,4.5931,4.5931,4.5834,4.5834,209,0
20111129,4.5931,4.5931,4.5834,4.5834,627,0
20111130,4.4041,5.0742,4.4041,4.7391,59222,0
20111201,4.6884,4.6884,4.5737,4.5737,2822,0
20111202,4.5452,4.5931,4.4017,4.5834,8883,0
20111205,4.6802,4.6802,4.5749,4.6418,2508,0
20111206,4.671,4.671,4.671,4.671,418,0
20111207,4.6613,4.6613,4.6613,4.6613,105,0
20111214,4.6802,4.6896,4.6418,4.6418,418,0
20111215,4.4983,4.6418,4.4983,4.6418,1776,0
20111216,4.6219,4.6219,4.4688,4.5932,1045,0
20111219,4.6994,4.6994,4.6035,4.6418,1252,0
20111220,4.4569,4.4569,4.4569,4.4569,209,0
20111221,4.6802,4.6802,4.6418,4.6418,418,0
20111223,4.5932,4.5932,4.574,4.5932,1568,0
20111229,4.6411,4.6411,4.3922,4.5932,4389,0
20111230,4.5932,4.5932,4.5932,4.5932,105,0
20120102,4.5251,4.5251,4.5251,4.5251,105,0
20120103,4.587,4.587,4.0806,4.2526,23126,0
20120104,4.3582,4.3582,4.2623,4.2623,313,0
20120105,4.0612,4.3869,4.0612,4.2623,627,0
20120106,4.2637,4.3499,4.2637,4.3499,313,0
20120109,4.2631,4.311,4.2631,4.311,1148,0
20120110,4.2442,4.3304,4.2442,4.3304,731,0
20120112,4.2527,4.2623,4.0612,4.2623,522,0
20120113,4.311,4.311,4.311,4.311,105,0
20120116,4.2041,4.2137,4.2041,4.2137,105,0
20120118,4.0604,4.2137,4.0604,4.2137,313,0
20120120,4.1961,4.3873,4.1961,4.3012,523,0
20120125,4.2895,4.2895,3.8299,4.165,1357,0
20120126,3.8682,4.165,3.8682,4.165,1149,0
20120127,4.1931,4.1931,3.8676,4.1261,732,0
20120131,4.311,4.311,4.1672,4.311,1356,0
20120202,4.1592,4.3886,4.1592,4.3791,941,0
20120203,4.3791,4.3791,4.3791,4.3791,105,0
20120206,4.1776,4.4555,4.1776,4.3596,12837,0
20120207,4.4959,4.4959,4.4959,4.4959,733,0
20120208,4.4018,4.5932,4.4018,4.5932,3135,0
20120209,4.5151,4.5151,4.4003,4.5056,3031,0
20120210,4.5924,4.5924,4.401,4.5445,9930,0
20120213,4.3531,4.5541,4.3053,4.5445,7317,0
20120214,4.5932,4.5932,4.5932,4.5932,105,0
20120215,4.5932,4.5932,4.4018,4.5932,2404,0
20120217,4.5936,4.6126,4.5936,4.6126,3657,0
20120222,4.6905,4.6905,4.4512,4.6905,732,0
20120224,4.5947,4.6905,4.5947,4.6905,835,0
20120227,4.6905,4.6905,4.5947,4.6905,313,0
20120229,4.6424,4.6808,4.6424,4.6808,522,0
20120301,4.6811,4.7002,4.6811,4.7002,16610,0
20120302,4.7008,4.7391,4.5668,4.7391,3760,0
20120305,4.3951,4.7878,4.3951,4.7878,105,0
20120307,4.7882,4.8073,4.7882,4.8073,2506,0
20120308,4.6418,4.6418,4.6418,4.6418,2090,0
20120312,4.6352,4.8267,4.4532,4.8267,4698,0
20120313,4.6905,4.882,4.6426,4.6905,5641,0
20120314,4.8764,4.9338,4.8764,4.9338,1880,0
20120315,4.8267,4.8267,4.8267,4.8267,418,0
20120316,4.6918,4.7683,4.6918,4.7683,105,0
20120319,4.596,4.7683,4.596,4.7683,209,0
20120321,4.6439,4.7683,4.6439,4.7683,418,0
20120322,4.7406,4.8267,4.7406,4.8267,732,0
20120326,4.8157,4.8157,4.7391,4.7391,105,0
20120327,4.5872,4.817,4.5872,4.817,627,0
20120329,4.817,4.817,4.817,4.817,105,0
20120330,4.817,4.817,4.817,4.817,522,0
20120402,4.7875,4.797,4.7683,4.7683,1254,0
20120403,4.7781,4.7781,4.6631,4.7781,15039,0
20120404,4.7813,4.9824,4.5992,4.9824,34440,0
20120405,4.8579,4.9824,4.8579,4.9824,834,0
20120410,4.9346,5.0782,4.9346,4.9824,2819,0
20120411,5.002,5.0116,5.002,5.0116,1046,0
20120412,5.0303,5.0303,4.9536,4.9824,939,0
20120413,5.0413,5.07,5.0413,5.07,2613,0
20120416,5.07,5.07,5.07,5.07,2509,0
20120417,5.0715,5.1576,5.0715,5.1576,1150,0
20120418,5.0045,5.1576,4.9662,5.1576,627,0
20120420,5.0246,5.216,5.0246,5.216,418,0
20120423,4.9354,5.0408,4.9354,5.0408,1565,0
20120425,5.1673,5.1673,5.1673,5.1673,313,0
20120426,5.2452,5.2452,5.2452,5.2452,731,0
20120502,5.2354,5.2354,5.2354,5.2354,105,0
20120504,4.9557,5.0992,4.9557,5.0992,313,0
20120507,5.1054,5.1054,4.7414,4.8851,1461,0
20120508,4.7069,5.0992,4.7069,5.0992,732,0
20120509,4.7058,5.0214,4.6005,5.0214,11710,0
20120510,5.0604,5.07,5.0604,5.07,522,0
20120511,4.9046,4.9046,4.9046,4.9046,1043,0
20120515,4.6961,5.0214,4.6961,5.0214,2091,0
20120516,5.0459,5.0459,4.7586,4.7586,105,0
20120521,4.8365,4.8365,4.8365,4.8365,209,0
20120523,4.8384,4.9821,4.8384,4.963,3132,0
20120524,5.0214,5.0214,5.0214,5.0214,105,0
20120529,4.7781,4.7781,4.7781,4.7781,1357,0
20120530,4.6905,4.6905,4.6905,4.6905,522,0
20120606,4.8265,4.865,4.7595,4.817,3969,0
20120607,4.8071,4.8071,4.7784,4.7975,6892,0
20120611,4.6913,4.7391,4.6913,4.7391,418,0
20120612,4.7878,4.7973,4.7878,4.7878,1045,0
20120613,4.6913,4.7391,4.6913,4.7391,522,0
20120614,4.7391,4.7391,4.7391,4.7391,209,0
20120615,4.7386,4.7386,4.7002,4.7002,522,0
20120619,4.7683,4.7683,4.7683,4.7683,627,0
20120620,4.7683,4.7683,4.7683,4.7683,418,0
20120622,4.7685,4.7781,4.7685,4.7781,522,0
20120625,4.7781,4.7781,4.7781,4.7781,732,0
20120626,4.7789,4.8365,4.7789,4.8365,313,0
20120702,4.7008,4.7391,4.6721,4.7391,2821,0
20120705,4.7401,4.7975,4.7401,4.7975,835,0
20120706,4.788,4.7975,4.6731,4.7975,732,0
20120712,4.7875,4.7875,4.7109,4.7683,522,0
20120716,4.7973,4.7973,4.7878,4.7878,105,0
20120717,4.7878,4.7878,4.5963,4.7878,1671,0
20120720,4.6057,4.7877,4.5961,4.7781,162397,0
20120723,4.7781,4.7781,4.7781,4.7781,105,0
20120724,4.7973,4.826,4.692,4.7878,2297,0
20120725,4.8267,4.8267,4.8267,4.8267,2297,0
20120726,4.8353,4.8353,4.7586,4.7586,3864,0
20120730,4.5961,4.7877,4.5961,4.7781,2715,0
20120731,4.7367,4.7367,4.5932,4.5932,3449,0
20120802,4.6142,4.71,4.6142,4.71,4178,0
20120803,4.7111,4.7781,4.5961,4.7781,1984,0
20120806,4.7583,4.7583,4.7391,4.7391,2298,0
20120807,4.7581,4.7581,4.6815,4.7294,2403,0
20120808,4.7198,4.7294,4.7198,4.7294,2089,0
20120809,4.5952,4.7293,4.5857,4.7197,15459,0
20120810,4.7198,4.7294,4.7198,4.7294,2821,0
20120813,4.7302,4.7781,4.7302,4.7781,3133,0
20120814,4.7586,4.7586,4.7586,4.7586,2194,0
20120815,4.6436,4.7489,4.5957,4.7489,2089,0
20120816,4.7008,4.7487,4.7008,4.7391,11280,0
20120817,4.7784,4.8358,4.6444,4.7975,6579,0
20120821,4.644,4.7781,4.5961,4.7781,1567,0
20120822,4.5953,4.7294,4.5953,4.7294,1567,0
20120824,4.71,4.71,4.7003,4.71,1567,0
20120827,4.7586,4.7586,4.7586,4.7586,209,0
20120828,4.7782,4.7973,4.759,4.7878,3237,0
20120829,4.798,4.8267,4.798,4.8267,1045,0
20120831,4.8165,4.8165,4.6442,4.7878,1984,0
20120903,4.5952,4.7197,4.4612,4.7197,1567,0
20120904,4.7256,4.7829,4.4578,4.5056,3031,0
20120905,4.5358,4.5932,4.5358,4.5932,1985,0
20120906,4.6439,4.7875,4.6439,4.7683,2194,0
20120907,4.7586,4.7681,4.6054,4.7586,3655,0
20120910,4.6905,4.6905,4.6905,4.6905,313,0
20120911,4.6136,4.6807,4.6136,4.671,2403,0
20120912,4.682,4.7586,4.615,4.7586,1881,0
20120913,4.7197,4.7197,4.7197,4.7197,835,0
20120920,4.6916,4.7586,4.6916,4.7586,2089,0
20120925,4.5955,4.7391,4.5955,4.7391,418,0
20120926,4.7492,4.7683,4.7492,4.7683,1567,0
20120927,4.7586,4.7586,4.7586,4.7586,732,0
20120928,4.7586,4.7586,4.7586,4.7586,627,0
20121004,4.7391,4.7391,4.7391,4.7391,209,0
20121009,4.7875,4.7875,4.596,4.7683,1149,0
20121011,4.6905,4.6905,4.4703,4.6905,313,0
20121012,4.498,4.6224,4.498,4.6224,10554,0
20121016,4.7088,4.7088,4.6418,4.6418,522,0
20121017,4.6426,4.7001,4.6426,4.6905,1045,0
20121018,4.6908,4.71,4.6908,4.71,105,0
20121019,4.71,4.71,4.71,4.71,313,0
20121022,4.7294,4.7294,4.7294,4.7294,835,0
20121024,4.6905,4.6905,4.6905,4.6905,522,0
20121030,4.7197,4.7197,4.7197,4.7197,105,0
20121031,4.7586,4.7586,4.7586,4.7586,105,0
20121101,4.7683,4.7683,4.6346,4.7683,628,0
20121105,4.6816,4.739,4.6816,4.7294,1779,0
20121109,4.595,4.71,4.595,4.71,418,0
20121112,4.7391,4.7391,4.7391,4.7391,105,0
20121116,4.5473,4.7197,4.5473,4.7197,1045,0
20121120,4.7014,4.7683,4.692,4.7683,4395,0
20121121,4.7585,4.7585,4.7489,4.7489,1149,0
20121123,4.7176,4.7176,4.5932,4.5932,418,0
20121126,4.5947,4.6905,4.5947,4.6905,10552,0
20121127,4.6905,4.6905,4.6905,4.6905,940,0
20121128,4.6905,4.6905,4.6905,4.6905,2089,0
20121129,4.6913,4.7391,4.6913,4.7391,26321,0
20121130,4.7205,4.7683,4.7205,4.7683,835,0
20121203,4.7685,4.7781,4.7685,4.7781,4804,0
20121204,4.7782,4.7878,4.7782,4.7878,4491,0
20121205,4.8165,4.8165,4.7878,4.7878,1984,0
20121206,4.8851,4.8851,4.8851,4.8851,939,0
20121207,4.8851,4.8851,4.8851,4.8851,2506,0
20121210,4.933,4.933,4.7893,4.8851,3027,0
20121211,4.8851,4.8851,4.8851,4.8851,3341,0
20121212,4.8785,5.0603,4.8785,5.0603,2300,0
20121213,5.0782,5.1453,4.9824,4.9824,939,0
20121214,4.9755,5.1381,4.9755,5.1381,940,0
20121217,4.8989,5.1381,4.8989,5.1381,940,0
20121221,5.1437,5.1437,4.8851,4.8851,835,0
20121227,4.8365,4.8365,4.8365,4.8365,105,0
20121228,4.8372,4.8851,4.7893,4.8851,1253,0
20130102,4.8859,4.9338,4.8859,4.9338,1043,0
20130104,4.8849,4.8849,4.8754,4.8754,1880,0
20130107,4.8756,4.8851,4.8756,4.8851,939,0
20130110,4.79,4.9338,4.79,4.9338,5532,0
20130111,5.07,5.07,5.07,5.07,418,0
20130114,5.0249,5.2354,5.0249,5.2354,6582,0
20130121,5.1676,5.1868,4.9763,5.1868,5225,0
20130125,4.9739,5.0408,4.9739,5.0408,1150,0
20130129,5.0238,5.1673,5.0238,5.1673,1359,0
20130130,5.1698,5.3229,5.1698,5.3133,4073,0
20130131,5.225,5.225,5.1868,5.1868,3761,0
20130201,5.2746,5.4468,5.2746,5.2841,2194,0
20130204,5.3635,5.4593,5.3635,5.4593,5639,0
20130205,5.5663,5.5663,5.5663,5.5663,105,0
20130206,5.5647,5.5647,5.3635,5.4593,1148,0
20130211,5.2766,5.4106,5.2766,5.4106,3446,0
20130213,5.4396,5.4396,5.2482,5.4301,835,0
20130214,5.4593,5.4593,5.2677,5.4593,1148,0
20130215,5.3496,5.3496,5.1965,5.1965,1882,0
20130218,5.3328,5.3328,5.3328,5.3328,732,0
20130220,5.2965,5.4593,5.2965,5.4593,2924,0
20130221,5.5537,5.7068,5.3717,5.3717,14307,0
20130222,5.3133,5.3133,5.3133,5.3133,2821,0
20130226,5.1673,5.1673,5.1673,5.1673,522,0
20130228,5.3045,5.5056,5.3045,5.362,4699,0
20130304,5.5075,5.5075,5.4885,5.4885,1356,0
20130305,5.5056,5.5056,5.362,5.362,627,0
20130306,5.4096,5.6012,5.3522,5.3522,4386,0
20130307,5.4106,5.4777,5.4106,5.4106,1775,0
20130308,5.3149,5.4106,5.3149,5.4106,3133,0
20130311,5.4577,5.5535,5.362,5.362,9295,0
20130313,5.2931,5.2931,5.2452,5.2452,8044,0
20130314,5.4823,5.6928,5.4823,5.6928,1882,0
20130315,5.651,5.651,5.469,5.469,2610,0
20130319,5.5858,5.5858,5.5858,5.5858,209,0
20130320,5.6539,5.6539,5.6539,5.6539,105,0
20130321,5.4885,5.4885,5.4885,5.4885,1880,0
20130325,5.5371,5.5371,5.4509,5.5371,2505,0
20130326,5.3859,5.6442,5.3859,5.6442,418,0
20130327,5.3919,5.5069,5.3152,5.4398,27774,0
20130328,5.4111,5.4398,5.2674,5.4398,1045,0
20130402,5.3141,5.362,5.3141,5.362,3237,0
20130403,5.3152,5.4398,5.2195,5.4398,17541,0
20130404,5.4398,5.4398,5.4398,5.4398,418,0
20130405,5.4398,5.4398,5.2674,5.4398,209,0
20130408,5.4393,5.4393,5.2574,5.4106,6787,0
20130409,5.4301,5.4301,5.4301,5.4301,209,0
20130410,5.3249,5.4398,5.1716,5.4398,15767,0
20130411,5.3632,5.4398,5.1716,5.4398,12008,0
20130412,5.4378,5.4378,5.1698,5.3133,9402,0
20130415,5.3522,5.3522,5.1703,5.3522,1567,0
20130418,5.1698,5.3133,5.1218,5.3133,3029,0
20130422,5.1716,5.4398,5.1716,5.4398,522,0
20130423,5.1771,5.4354,5.1771,5.1771,2404,0
20130425,5.3907,5.3907,5.2662,5.362,627,0
20130502,5.3516,5.3803,5.3133,5.3133,2089,0
20130506,5.2666,5.3911,5.257,5.3911,3446,0
20130507,5.3911,5.3911,5.2187,5.3911,5013,0
20130509,5.3911,5.3911,5.3911,5.3911,313,0
20130510,5.3917,5.4301,5.363,5.4301,2924,0
20130513,5.342,5.4282,5.2748,5.3036,14285,0
20130514,5.3416,5.4277,5.2267,5.2841,10342,0
20130515,5.4086,5.4086,5.265,5.2841,6059,0
20130516,5.2841,5.2841,5.2841,5.2841,4178,0
20130517,5.2841,5.2841,5.265,5.2841,6372,0
20130521,5.2646,5.2646,5.2646,5.2646,835,0
20130522,5.265,5.2841,5.265,5.2841,940,0
20130523,5.1865,5.1865,5.1673,5.1673,3239,0
20130524,5.1704,5.362,5.1704,5.362,209,0
20130527,5.2549,5.2549,5.1592,5.2549,522,0
20130529,5.362,5.362,5.362,5.362,105,0
20130531,5.3546,5.4885,5.3546,5.4885,2719,0
20130603,5.5077,5.5077,5.2395,5.4982,5429,0
20130604,5.4851,5.4851,5.265,5.2841,522,0
20130605,5.3416,5.3416,5.2171,5.2841,627,0
20130606,5.4822,5.4918,5.1187,5.1187,3658,0
20130610,5.2549,5.2549,5.2549,5.2549,105,0
20130612,5.1284,5.1284,5.1284,5.1284,732,0
20130613,5.2565,5.3522,5.2565,5.3522,940,0
20130614,5.2662,5.362,5.2662,5.362,209,0
20130617,5.2841,5.2841,5.2841,5.2841,313,0
20130618,5.2841,5.2841,5.2841,5.2841,105,0
20130621,5.2639,5.2639,5.0437,5.216,4598,0
20130626,5.216,5.216,5.216,5.216,732,0
20130627,5.216,5.216,5.216,5.216,209,0
20130628,5.2063,5.2063,5.0435,5.2063,627,0
20130703,5.2063,5.2063,5.0435,5.2063,1045,0
20130705,4.8862,5.1257,4.6275,4.9532,25259,0
20130708,4.9532,4.9532,4.9532,4.9532,4175,0
20130709,4.9449,5.0214,4.9449,5.0214,4078,0
20130715,5.0214,5.0214,5.0214,5.0214,105,0
20130716,5.0116,5.0116,4.7917,5.0116,941,0
20130719,4.9632,4.9727,4.9632,4.9727,836,0
20130724,4.9727,4.9727,4.7237,4.9727,1982,0
20130726,4.9727,4.9727,4.7906,4.9727,3967,0
20130730,4.9629,4.9629,4.9532,4.9532,522,0
20130731,4.9532,4.9532,4.9437,4.9532,4602,0
20130801,4.9731,5.0019,4.9539,5.0019,1774,0
20130802,5.0019,5.0019,4.887,5.0019,834,0
20130805,4.9919,5.0013,4.7528,4.9727,3137,0
20130806,4.9735,5.0214,4.9735,5.0214,3973,0
20130807,5.0408,5.0408,5.0408,5.0408,105,0
20130808,5.0408,5.0408,4.8782,5.0408,4286,0
20130809,5.0401,5.0401,4.782,5.0019,1463,0
20130813,4.8777,5.0116,4.8777,5.0116,2300,0
20130814,5.023,5.1187,5.023,5.1187,418,0
20130815,5.121,5.2646,5.121,5.2646,2089,0
20130816,5.1673,5.1673,5.1673,5.1673,4285,0
20130819,5.2646,5.4848,5.2263,5.2646,10447,0
20130820,5.2646,5.3412,5.2646,5.2646,8671,0
20130822,5.1768,5.3107,5.1576,5.1576,3972,0
20130826,5.2135,5.2135,5.07,5.07,209,0
20130827,4.9755,5.1478,4.9755,5.1381,313,0
20130829,5.1673,5.1673,5.1673,5.1673,105,0
20130830,5.1673,5.1673,5.1673,5.1673,940,0
20130903,5.2163,5.2354,5.2163,5.2354,2926,0
20130904,5.3152,5.4398,5.3152,5.4398,209,0
20130909,5.4398,5.4398,5.4398,5.4398,313,0
20130911,5.4371,5.4371,5.2744,5.2744,940,0
20130913,5.4398,5.4398,5.4398,5.4398,1045,0
20130916,5.4363,5.4363,5.1683,5.2257,1254,0
20130917,5.2257,5.2257,5.1109,5.2257,1045,0
20130918,5.2257,5.2257,5.2257,5.2257,105,0
20130919,5.2288,5.4009,5.2288,5.4009,2720,0
20130925,5.1194,5.3109,4.9473,5.1673,313,0
20130926,5.2544,5.2544,4.9481,5.2257,522,0
20131002,5.2549,5.2549,5.2549,5.2549,313,0
20131004,5.207,5.2549,5.207,5.2549,3029,0
20131008,5.1673,5.1673,5.1673,5.1673,209,0
20131009,5.3146,5.3911,5.1326,5.3911,627,0
20131010,5.1805,5.3911,5.1805,5.3911,3759,0
20131011,5.295,5.362,5.1704,5.362,2194,0
20131014,5.1826,5.5274,5.1826,5.5274,6995,0
20131015,5.3803,5.4569,5.1793,5.3133,3865,0
20131016,5.2865,5.4398,5.2865,5.4398,23703,0
20131017,5.3521,5.4382,5.3425,5.3425,22038,0
20131018,5.4106,5.4106,5.4106,5.4106,9294,0
20131021,5.4106,5.4106,5.4106,5.4106,732,0
20131022,5.4106,5.4106,5.4106,5.4106,313,0
20131023,5.2195,5.4398,5.2195,5.4398,522,0
20131025,5.2777,5.5075,5.2777,5.4885,12110,0
20131030,5.362,5.5056,5.362,5.362,1776,0
20131101,5.217,5.2744,5.217,5.2744,1357,0
20131104,5.2184,5.362,5.2184,5.362,1045,0
20131106,5.3133,5.3133,5.208,5.3133,1149,0
20131108,5.3133,5.3133,5.1793,5.3133,209,0
20131111,5.3077,5.5468,5.3077,5.5468,6170,0
20131112,5.5867,5.7398,5.5867,5.6442,4495,0
20131113,5.4787,5.4787,5.4787,5.4787,313,0
20131114,5.4551,5.7901,5.4551,5.7901,3657,0
20131115,5.4735,5.7415,5.4735,5.7415,4599,0
20131118,5.9374,6.0139,5.6021,6.0139,10338,0
20131119,6.1233,6.506,6.1138,6.2572,4808,0
20131120,6.3826,6.507,6.3156,6.3156,3135,0
20131121,6.3966,6.3966,5.9848,5.9848,7310,0
20131122,6.2206,6.3641,6.211,6.3545,14420,0
20131125,6.4113,6.4975,6.3156,6.3156,1777,0
20131126,6.4783,6.4783,6.3156,6.3156,732,0
20131127,6.3156,6.3156,6.0669,6.3156,2926,0
20131128,6.3164,6.3643,6.3164,6.3643,2090,0
20131129,6.2677,6.4304,6.2677,6.3156,732,0
20131203,6.3144,6.4674,6.2378,6.2378,1777,0
20131204,6.2183,6.2183,6.2183,6.2183,2927,0
20131205,6.2183,6.2183,6.2183,6.2183,732,0
20131206,6.1315,6.1794,6.0356,6.1794,4802,0
20131210,6.3145,6.3145,6.1805,6.2475,2718,0
20131211,6.2273,6.2273,6.1794,6.1794,1461,0
20131212,6.1988,6.1988,6.1988,6.1988,627,0
20131213,6.1679,6.1679,6.0626,6.0626,627,0
20131217,6.078,6.4129,6.078,6.4129,1984,0
20131218,6.228,6.228,6.228,6.228,1775,0
20131219,6.0626,6.0626,6.0626,6.0626,2820,0
20131223,6.1015,6.1015,6.1015,6.1015,105,0
20131227,6.2259,6.2259,6.0918,6.0918,1670,0
20131230,6.0918,6.2259,6.0918,6.0918,940,0
20140102,6.0962,6.4221,6.0962,6.3837,1148,0
20140103,6.3167,6.4124,6.3167,6.3837,3030,0
20140106,6.5631,6.8406,6.5631,6.8119,4913,0
20140107,7.081,7.081,6.7939,6.88,2717,0
20140108,6.8396,6.8396,6.677,6.7535,8259,0
20140109,6.9272,6.9655,6.8411,6.8411,3658,0
20140113,6.7157,6.84,6.6775,6.7827,2927,0
20140114,6.7055,6.7438,6.6576,6.7438,2402,0
20140115,6.7252,6.773,6.6965,6.773,7004,0
20140116,6.8409,6.8409,6.7357,6.8314,8258,0
20140117,6.7453,6.8314,6.6018,6.8314,12647,0
20140120,6.7262,6.8411,6.707,6.8411,3862,0
20140121,6.8428,6.9671,6.7949,6.9384,7105,0
20140122,6.9724,7.365,6.9532,7.2693,40094,0
20140123,7.3756,7.3756,7.1937,7.3277,21638,0
20140124,7.2888,7.3464,7.2314,7.2985,11485,0
20140127,7.3865,7.4629,7.1759,7.4055,15677,0
20140128,7.3666,7.424,7.3571,7.3666,3240,0
20140129,7.3666,7.3666,7.1753,7.3666,6690,0
20140130,7.3371,7.3657,7.1553,7.3179,21220,0
20140131,7.2012,7.2012,7.2012,7.2012,418,0
20140203,7.1825,7.3261,7.1634,7.2304,4803,0
20140204,7.1607,7.1894,6.9022,7.0649,3447,0
20140205,7.2767,7.2767,7.0947,7.133,209,0
20140206,7.1828,7.2498,7.1541,7.2498,7100,0
20140207,7.3212,7.5126,7.1968,7.5126,6896,0
20140210,7.3561,7.471,7.2699,7.3082,9187,0
20140211,7.3187,7.3666,7.3187,7.3666,1253,0
20140212,7.3258,7.3258,7.2206,7.2206,2509,0
20140213,7.3274,7.3274,7.2316,7.3082,2088,0
20140214,7.3004,7.4153,7.3004,7.4153,3867,0
20140217,7.271,7.3763,7.2233,7.3763,2613,0
20140219,7.1839,7.3277,7.1839,7.3277,835,0
20140221,7.136,7.3082,7.136,7.3082,209,0
20140225,7.182,7.3065,7.0863,7.2012,2610,0
20140226,7.2206,7.2206,7.2206,7.2206,105,0
20140227,7.0644,7.1794,7.0357,7.0357,522,0
20140228,7.1026,7.8109,7.0834,7.6099,13371,0
20140303,7.648,7.7342,7.38,7.6002,20581,0
20140304,7.778,7.9505,7.7589,7.9505,8038,0
20140305,8.015,8.0437,7.7757,7.7948,9607,0
20140306,7.8131,7.8417,7.6983,7.7461,5960,0
20140307,7.7574,7.9394,7.7574,7.8532,1566,0
20140310,7.7576,7.9011,7.5852,7.8629,15558,0
20140311,7.7183,7.8907,7.68,7.8045,8146,0
20140312,7.7836,7.7836,7.4772,7.6975,10340,0
20140313,7.6582,7.6582,7.4858,7.6293,4700,0
20140314,7.6099,7.7534,7.5046,7.6099,7731,0
20140317,7.6099,7.83,7.6099,7.6099,418,0
20140318,7.7432,7.7432,7.571,7.571,5328,0
20140319,7.6593,7.7072,7.6593,7.7072,14728,0
20140320,7.562,7.6578,7.562,7.6099,3238,0
20140321,7.6584,7.6584,7.6488,7.6488,2403,0
20140324,7.657,7.657,7.523,7.5612,3449,0
20140325,7.6394,7.6585,7.5531,7.6585,5432,0
20140326,7.6585,7.6585,7.5531,7.6585,1881,0
20140327,7.6585,7.6585,7.6585,7.6585,313,0
20140328,7.6585,7.6585,7.5915,7.6585,4283,0
20140331,7.8148,8.0447,7.8148,7.8532,11800,0
20140401,7.8435,7.8532,7.8435,7.8532,3968,0
20140402,7.9745,8.2521,7.9458,8.2521,4805,0
20140403,8.4663,8.6196,8.294,8.476,15245,0
20140404,8.4505,8.6706,8.4218,8.6706,15465,0
20140407,8.7077,8.8034,8.478,8.6025,13586,0
20140408,8.6215,8.6215,8.5736,8.5927,2402,0
20140409,8.5827,8.6114,8.4775,8.5636,3762,0
20140410,8.4847,8.4847,8.4273,8.4273,5221,0
20140411,8.3783,8.3783,8.2347,8.3592,7311,0
20140414,8.2342,8.33,8.2342,8.33,2298,0
20140415,8.1899,8.4485,7.8643,7.9505,10648,0
20140416,8.0987,8.3859,8.0891,8.2327,4700,0
20140417,8.4132,8.4324,8.1354,8.1354,5113,0
20140422,8.0884,8.2511,8.0884,8.184,8149,0
20140423,8.2312,8.2312,8.1451,8.1451,1149,0
20140424,8.2319,8.2319,8.184,8.184,2298,0
20140425,8.236,8.6381,8.236,8.437,9607,0
20140428,8.2911,8.2911,8.2911,8.2911,1984,0
20140429,8.2249,8.5406,8.2249,8.3397,6065,0
20140430,8.5028,8.5125,8.2347,8.3592,6998,0
20140502,8.2371,8.5149,8.2371,8.5149,7308,0
20140505,8.3675,8.4728,8.2813,8.2813,5954,0
20140506,8.1354,8.3268,8.097,8.1354,16509,0
20140507,8.0381,8.0859,8.0381,8.0381,1985,0
20140508,8.0411,8.3857,8.0411,8.223,6686,0
20140509,8.24,8.3644,8.0964,8.0964,7210,0
20140512,7.9438,8.164,7.9246,8.1256,6164,0
20140513,7.9538,8.3271,7.9538,8.1548,6164,0
20140514,8.1358,8.1548,8.1358,8.1548,3449,0
20140515,8.1559,8.2325,8.1367,8.223,1776,0
20140516,8.2232,8.3954,8.0987,8.2327,17654,0
20140519,8.0413,8.2327,8.0413,8.2327,5641,0
20140520,8.1354,8.1354,8.0684,8.1354,1567,0
20140521,8.0783,8.1646,8.0495,8.1646,1878,0
20140522,8.231,8.231,8.1354,8.1354,4388,0
20140523,8.1354,8.1354,8.1354,8.1354,1462,0
20140526,8.1854,8.5589,8.1854,8.2716,10446,0
20140527,8.2716,8.2716,8.2716,8.2716,1671,0
20140528,8.2637,8.4072,8.1872,8.3689,2405,0
20140529,8.4273,8.4273,8.2166,8.4273,6787,0
20140530,8.4265,8.4265,8.3787,8.3787,418,0
20140602,8.3754,8.3754,8.184,8.184,3134,0
20140603,8.0318,8.2424,8.0318,8.2424,418,0
20140604,8.1466,8.2424,8.0507,8.2424,3026,0
20140605,8.233,8.2809,8.0606,8.2521,6163,0
20140609,8.427,8.427,8.4079,8.4079,1254,0
20140610,8.4097,8.5246,8.4097,8.5246,3549,0
20140611,8.3519,8.5052,8.3136,8.5052,1880,0
20140612,8.2519,8.2806,8.2327,8.2327,1671,0
20140616,8.3311,8.3981,8.3311,8.3981,418,0
20140617,8.4176,8.4176,8.4176,8.4176,313,0
20140618,8.271,8.271,8.2327,8.2327,1776,0
20140619,8.2035,8.2035,8.2035,8.2035,105,0
20140620,8.4271,8.4271,8.4176,8.4176,835,0
20140623,8.2619,8.2619,8.2619,8.2619,105,0
20140624,8.2319,8.2319,8.184,8.184,2611,0
20140625,8.1339,8.1339,8.0478,8.0478,2822,0
20140627,8.0383,8.0478,7.9521,8.0478,5539,0
20140630,8.0481,8.1343,7.9141,8.0673,3657,0
20140702,7.9998,8.1433,7.9519,8.0381,2822,0
20140703,8.1551,8.1743,8.1551,8.1743,732,0
20140707,8.125,8.125,8.058,8.0867,3239,0
20140708,8.0596,8.5957,7.8586,8.184,12850,0
20140710,8.1445,8.1445,8.1062,8.1062,522,0
20140711,7.9143,8.211,7.9143,8.077,4599,0
20140714,8.2438,8.5599,7.8705,8.33,16920,0
20140716,8.3363,8.3363,8.1159,8.1159,2400,0
20140718,8.1435,8.1435,8.0383,8.0478,1254,0
20140721,8.0479,8.0575,8.0479,8.0575,3239,0
20140723,7.9158,8.1838,7.9158,8.1743,3657,0
20140724,8.0686,8.8056,8.0686,8.729,14732,0
20140725,8.5195,8.5195,8.2132,8.2132,3134,0
20140728,8.2327,8.2327,8.2327,8.2327,627,0
20140729,8.3366,8.3366,8.1261,8.1548,1357,0
20140730,8.1354,8.1354,8.1354,8.1354,105,0
20140731,8.2294,8.2294,7.9994,8.0186,4697,0
20140801,7.9262,7.9262,6.701,7.6391,50769,0
20140804,7.7414,7.7414,7.4065,7.4639,10658,0
20140805,7.6099,7.6099,7.6099,7.6099,627,0
20140806,7.3253,7.7461,7.3253,7.7461,5332,0
20140807,7.7501,7.7501,7.4153,7.4153,2299,0
20140808,7.5774,7.5774,7.2234,7.3861,19023,0
20140811,7.4207,7.7559,7.3728,7.7559,16710,0
20140812,7.6421,7.9007,7.5847,7.8337,2193,0
20140813,7.9769,7.9769,7.8045,7.8045,627,0
20140814,7.9971,7.9971,7.8057,7.8726,9606,0
20140815,7.8717,7.9387,7.8142,7.8142,1983,0
20140818,7.9407,7.9407,7.8543,7.931,627,0
20140819,7.9298,7.9968,7.8629,7.8629,1255,0
20140820,8.0159,8.0159,7.8434,7.8434,835,0
20140821,7.8163,7.931,7.7971,7.931,2718,0
20140822,7.8045,7.8045,7.8045,7.8045,313,0
20140825,7.8918,8.0639,7.8726,7.8726,8991,0
20140826,7.7577,7.8726,7.7577,7.8726,5639,0
20140827,7.801,8.1743,7.801,8.1743,9506,0
20140828,8.1346,8.1346,7.9432,8.0867,3761,0
20140829,8.1176,8.2132,7.9548,8.2132,3656,0
20140901,8.1498,9.0499,8.1498,8.437,14827,0
20140902,8.6115,8.6115,8.468,8.5733,2717,0
20140903,8.8355,8.9217,8.759,8.8068,9716,0
20140904,8.8068,8.8068,8.625,8.8068,2194,0
20140905,8.8042,8.9765,8.6511,8.6511,2926,0
20140908,8.6362,8.9139,8.6362,8.9139,3447,0
20140909,8.9777,8.9777,8.7193,8.7193,4493,0
20140910,8.8357,8.8357,8.7017,8.8166,1881,0
20140911,8.836,8.836,8.836,8.836,105,0
20140912,8.8384,8.982,8.7905,8.982,2820,0
20140915,8.9672,8.9672,8.6706,8.6706,3344,0
20140916,8.8461,8.9992,8.8461,8.8652,3865,0
20140917,8.8551,8.8551,8.7307,8.836,1567,0
20140918,8.9324,9.4686,8.8558,9.4686,12847,0
20140919,9.4189,9.563,9.2662,9.381,4178,0
20140922,9.3888,9.887,9.379,9.887,6889,0
20140923,9.921,10.266,9.51,9.653,8989,0
20140924,9.952,10.086,9.4257,9.751,3658,0
20140926,9.664,9.741,9.4919,9.741,209,0
20140929,9.4676,9.515,9.0938,9.381,6059,0
20140930,9.4413,9.518,9.3839,9.518,1567,0
20141001,9.67,9.67,9.4783,9.4783,3238,0
20141002,9.618,9.618,9.2739,9.2739,1254,0
20141006,9.4734,9.4734,9.1385,9.1864,3135,0
20141007,9.0502,9.2992,9.0502,9.0598,4803,0
20141008,9.0453,9.0453,8.6433,8.7582,15044,0
20141009,8.7539,9.2516,8.7539,9.089,7518,0
20141010,8.853,9.0826,8.4988,8.6998,14211,0
20141013,8.5417,8.9917,8.5417,8.9917,6057,0
20141014,8.714,8.9917,8.6853,8.9917,4595,0
20141015,8.6809,8.7481,8.6809,8.7193,834,0
20141016,8.6598,8.6598,7.9038,8.5927,14213,0
20141017,8.5866,8.8068,8.5006,8.8068,4597,0
20141020,8.6411,8.6794,8.6124,8.6219,2926,0
20141021,8.5264,8.7947,8.5264,8.6414,2296,0
20141022,8.7137,8.9723,8.7137,8.9723,2715,0
20141023,8.8244,8.8244,8.6138,8.7095,5015,0
20141024,8.7992,8.9236,8.6271,8.9236,1359,0
20141027,8.9628,8.982,8.9628,8.982,522,0
20141028,8.8263,8.8263,8.8263,8.8263,522,0
20141029,8.9041,8.9041,8.9041,8.9041,1045,0
20141030,8.8838,8.8838,8.8263,8.8263,105,0
20141031,8.694,8.962,8.694,8.9333,1671,0
20141103,8.9336,9.1731,8.8283,8.9528,1149,0
20141104,9.1172,9.4238,9.0501,9.0501,4176,0
20141105,9.0885,9.2129,9.0501,9.0501,732,0
20141107,8.9647,9.0988,8.9073,9.0988,1356,0
20141110,9.0858,9.2294,8.9041,8.9041,2613,0
20141111,8.8518,8.8518,8.6317,8.6317,3657,0
20141112,8.6603,9.0621,8.5262,8.6219,4599,0
20141113,8.7125,8.8944,8.6455,8.8944,1462,0
20141114,8.9896,8.9896,8.6928,8.8555,5641,0
20141117,8.7016,9.104,8.7016,8.8166,5113,0
20141118,8.9917,8.9917,8.7619,8.9917,5222,0
20141119,8.9889,8.9984,8.8166,8.8166,5641,0
20141120,8.8811,9.3693,8.8811,9.2447,7941,0
20141121,9.3713,9.381,9.0936,9.3713,5224,0
20141124,9.3615,9.3615,9.122,9.3518,1045,0
20141125,9.551,9.57,9.235,9.235,4284,0
20141126,9.4997,9.758,9.3839,9.595,6265,0
20141127,9.669,9.669,9.382,9.4296,1776,0
20141128,9.4423,9.634,9.4423,9.585,941,0
20141201,9.652,9.652,9.4695,9.556,1567,0
20141202,9.571,9.571,9.2642,9.2642,4598,0
20141203,9.3304,9.799,9.3304,9.78,4807,0
20141204,9.576,9.576,9.527,9.556,2506,0
20141205,9.574,9.669,9.4296,9.4296,2821,0
20141208,9.556,9.863,9.528,9.576,2506,0
20141209,9.52,9.721,9.52,9.673,835,0
20141210,9.761,9.761,9.761,9.761,418,0
20141211,9.66,9.66,9.4686,9.4686,1673,0
20141212,9.625,9.702,9.616,9.702,1880,0
20141215,9.756,9.756,9.4686,9.4686,1881,0
20141216,9.4588,9.574,9.0949,9.4491,7208,0
20141217,9.38,9.38,9.1594,9.2934,3030,0
20141218,9.4861,9.4861,9.0929,9.3421,10124,0
20141219,9.379,9.379,9.2837,9.2837,835,0
20141222,9.2856,9.381,9.2856,9.381,2716,0
20141223,9.3294,9.3294,9.1002,9.1864,17765,0
20141229,9.026,9.3518,9.026,9.3518,1043,0
20141230,9.4394,9.4394,9.2001,9.4394,418,0
20150102,9.4053,9.722,9.3479,9.722,7205,0
20150105,9.771,10.049,9.723,9.809,11274,0
20150106,9.764,9.994,9.726,9.994,1984,0
20150107,9.804,10.091,9.795,10.091,4601,0
20150108,10.067,10.096,9.809,9.809,3030,0
20150109,10.014,10.014,10.014,10.014,105,0
20150112,9.841,10.205,9.621,10.043,8879,0
20150113,10.247,10.247,10.113,10.247,3969,0
20150114,9.956,10.32,9.956,10.043,3029,0
20150115,10.195,10.195,9.907,9.955,5746,0
20150116,10.038,10.038,9.761,9.78,5434,0
20150119,9.807,10.276,9.807,10.276,3237,0
20150120,10.324,10.324,10.066,10.286,1566,0
20150121,10.286,10.286,10.286,10.286,418,0
20150122,10.247,10.257,10.055,10.247,2088,0
20150123,10.123,10.276,10.123,10.276,2506,0
20150126,10.123,10.286,10.123,10.286,732,0
20150127,10.147,10.281,9.965,9.965,1984,0
20150128,10.143,10.315,10.143,10.315,4180,0
20150129,10.527,11.006,10.432,11.006,8150,0
20150130,10.914,11.239,10.914,11.191,8043,0
20150202,11.007,11.064,10.978,11.055,1671,0
20150203,11.066,11.191,11.057,11.191,1567,0
20150204,11.218,11.4,11.113,11.113,3236,0
20150205,11.103,11.343,11.017,11.103,940,0
20150206,11.202,11.24,11.105,11.24,835,0
20150209,11.101,11.101,10.92,11.006,1462,0
20150210,10.936,10.936,10.821,10.821,1880,0
20150211,11.053,11.053,10.938,10.957,2822,0
20150212,10.96,11.162,10.96,11.162,313,0
20150213,11.21,11.278,11.201,11.201,2821,0
20150216,11.011,11.145,10.743,10.743,3973,0
20150217,10.816,11.103,10.625,11.103,1357,0
20150218,11.114,11.142,10.96,11.142,2716,0
20150219,11.026,11.198,10.939,11.026,1881,0
20150220,11.121,11.121,11.026,11.026,1357,0
20150223,11.201,11.201,11.201,11.201,522,0
20150224,11.045,11.055,11.035,11.055,1045,0
20150225,11.065,11.152,11.065,11.152,418,0
20150226,11.22,11.22,10.952,11.201,731,0
20150227,11.028,11.142,10.951,11.142,1149,0
20150302,11.342,11.581,11.227,11.581,9300,0
20150303,11.673,11.682,11.395,11.395,3237,0
20150304,11.571,11.571,11.561,11.571,835,0
20150305,11.532,11.571,11.532,11.571,522,0
20150306,11.371,11.476,10.815,11.074,10970,0
20150309,11.309,11.376,11.309,11.376,940,0
20150310,11.365,11.365,11.098,11.337,2299,0
20150311,11.276,11.353,11.113,11.113,3341,0
20150313,11.107,11.327,11.107,11.327,2507,0
20150316,11.327,11.49,11.145,11.298,3134,0
20150317,11.294,11.294,10.912,11.055,7837,0
20150318,11.203,11.337,11.203,11.337,3133,0
20150319,11.129,11.483,11.129,11.483,1775,0
20150320,11.223,11.463,11.079,11.386,1777,0
20150323,11.297,11.297,11.154,11.269,2089,0
20150325,11.489,11.489,11.249,11.249,5745,0
20150327,11.251,11.395,11.251,11.386,1254,0
20150330,11.256,11.256,11.084,11.084,522,0
20150331,10.767,11.054,10.345,10.432,20583,0
20150401,10.53,10.54,9.861,10.043,27681,0
20150402,10.151,10.151,9.3372,9.595,45949,0
20150407,9.574,9.574,9.2381,9.4296,15356,0
20150408,9.2486,9.582,9.1846,9.564,8873,0
20150409,9.574,9.669,9.2381,9.344,7222,0
20150410,9.2486,9.2837,9.0946,9.2739,7288,0
20150413,9.4666,9.4666,9.0295,9.3314,5698,0
20150414,9.2856,9.4734,9.1999,9.4501,3277,0
20150415,9.569,9.846,9.3839,9.612,7888,0
20150416,9.4773,9.592,9.382,9.382,12963,0
20150417,9.4491,9.4773,9.2584,9.3051,7231,0
20150420,9.4676,9.832,9.3537,9.746,6428,0
20150421,9.746,9.764,9.3061,9.4296,2618,0
20150422,9.418,9.573,9.344,9.4296,1357,0
20150423,9.684,9.688,9.684,9.688,209,0
20150424,9.4773,9.574,9.4773,9.4773,378,0
20150427,9.4773,9.764,9.345,9.688,3921,0
20150428,9.574,9.669,9.574,9.669,1476,0
20150429,9.726,9.726,9.3829,9.4004,3844,0
20150430,9.543,9.578,9.4773,9.4773,784,0
20150504,9.3158,9.524,9.3158,9.4773,1294,0
20150505,9.381,9.381,9.2391,9.38,1079,0
20150506,9.2381,9.2381,9.1836,9.1912,1192,0
20150507,9.1961,9.1961,9.1961,9.1961,470,0
20150508,9.2846,9.4725,9.2056,9.4725,1348,0
20150511,9.3002,9.3781,9.2047,9.2047,3669,0
20150512,9.2056,9.4987,9.2056,9.4987,1540,0
20150513,9.654,9.654,9.3206,9.3216,1316,0
20150514,9.4939,9.4987,9.4939,9.4987,987,0
20150515,9.669,9.746,9.382,9.382,4611,0
20150518,9.2866,9.2866,9.1903,9.1903,2924,0
20150519,9.1903,9.1903,8.8543,8.9988,15684,0
20150520,8.9988,9.1138,8.9979,9.0659,12216,0
20150521,9.0659,9.2018,8.9979,9.2018,11120,0
20150522,9.0275,9.0275,8.817,8.817,3681,0
20150526,8.951,8.9988,8.9414,8.9988,2601,0
20150527,8.9979,8.9988,8.9979,8.9988,1907,0
20150528,8.951,8.9797,8.951,8.951,874,0
20150529,8.9988,8.9988,8.7806,8.8428,8495,0
20150602,8.817,8.817,8.817,8.817,234,0
20150603,9.0036,9.0036,8.7595,9.0036,1516,0
20150604,8.9404,8.9979,8.9012,8.9012,1365,0
20150605,8.7595,8.9491,8.702,8.702,2415,0
20150608,8.6935,8.6935,8.6925,8.6925,418,0
20150609,8.6944,8.9452,8.2674,8.614,10818,0
20150610,8.7289,8.7289,8.5011,8.6207,1943,0
20150611,8.4245,8.7193,8.4245,8.7193,3854,0
20150612,8.8007,8.8437,8.8007,8.8437,2048,0
20150615,8.6494,8.6494,8.5029,8.5029,759,0
20150616,8.6504,8.6504,7.9458,8.5221,14993,0
20150617,8.5221,8.5221,8.3191,8.4225,4620,0
20150618,8.3287,8.3287,8.0444,8.0511,1999,0
20150619,8.2033,8.2809,8.2033,8.2703,3791,0
20150622,7.8596,8.5077,7.8596,8.3287,7329,0
20150623,8.1669,8.8543,8.1669,8.5489,19302,0
20150624,8.5393,8.7012,8.4886,8.4886,2226,0
20150625,8.6322,8.7117,8.1947,8.1947,8191,0
20150626,8.3287,8.5556,8.3287,8.3306,558,0
20150629,8.2856,8.2856,7.8692,8.2684,4201,0
20150630,8.1411,8.1411,8.1372,8.1372,1252,0
20150701,8.5967,8.5967,8.3,8.5077,2406,0
20150702,8.366,8.366,8.366,8.366,105,0
20150703,8.2425,8.2425,8.1372,8.1372,3082,0
20150706,8.4723,8.4723,8.1372,8.2771,1166,0
20150707,8.4532,8.4532,8.4053,8.4053,925,0
20150708,8.2502,8.3479,8.1794,8.3479,2955,0
20150709,8.4245,8.703,8.4245,8.4245,5385,0
20150710,8.6638,8.8409,8.5958,8.7595,4705,0
20150713,8.8791,8.9988,8.8791,8.9318,1953,0
20150714,9.0841,9.0841,9.0754,9.0754,649,0
20150715,9.0744,9.3158,9.0744,9.3158,4493,0
20150716,9.2876,9.2876,9.2866,9.2866,405,0
20150717,9.2372,9.2372,9.2372,9.2372,105,0
20150720,9.0946,9.0956,9.085,9.085,988,0
20150722,9.2286,9.2584,8.9137,9.1903,3830,0
20150723,9.0467,9.0562,9.0467,9.0562,861,0
20150724,9.1894,9.4676,9.131,9.4296,3318,0
20150727,9.523,9.523,9.3129,9.3129,2505,0
20150728,9.4549,9.564,9.4549,9.537,4063,0
20150729,9.536,9.536,9.4394,9.4394,1418,0
20150730,9.4394,9.4394,9.4384,9.4394,868,0
20150731,9.4871,9.488,9.4871,9.488,10,0
20150804,9.3265,9.3265,9.3226,9.3226,379,0
20150805,9.1961,9.4569,9.1961,9.2934,1561,0
20150806,9.4004,9.4004,9.1484,9.3995,2501,0
20150807,9.2253,9.2253,9.2204,9.2204,719,0
20150811,9.4199,9.4199,9.4199,9.4199,11,0
20150812,9.2535,9.3897,9.0404,9.0404,3849,0
20150813,9.0404,9.2117,9.0404,9.2117,2945,0
20150814,9.0365,9.1854,8.982,8.9917,4833,0
20150817,8.9927,8.9927,8.4662,8.4662,5661,0
20150818,8.583,8.583,8.2706,8.2706,5502,0
20150819,8.1733,8.2813,7.785,8.2716,21973,0
20150820,8.2239,8.3105,7.785,7.785,5861,0
20150821,7.6692,7.787,7.5418,7.5904,8421,0
20150824,7.5904,7.5914,7.3082,7.3092,8008,0
20150825,7.171,7.7374,7.171,7.7374,4490,0
20150826,7.6498,7.9797,7.6488,7.9797,2788,0
20150827,7.8668,8.0283,7.8658,8.0283,1609,0
20150828,7.8405,7.9865,7.7763,7.9865,2559,0
20150831,8.1743,8.222,8.1539,8.222,3115,0
20150901,8.0916,8.6112,7.8872,7.8872,12494,0
20150902,8.0916,8.1733,7.9806,8.1256,4218,0
20150903,8.2521,8.2804,8.2521,8.2804,329,0
20150904,8.3193,8.5237,8.2716,8.5237,3522,0
20150907,8.3699,8.4662,8.3699,8.4662,1290,0
20150908,8.6112,8.6112,8.3057,8.3057,1372,0
20150909,8.2521,8.3748,8.0614,8.0614,3670,0
20150910,7.9407,8.0575,7.9407,8.0575,1969,0
20150911,8.0566,8.1363,8.0566,8.1363,1151,0
20150914,8.1383,8.1383,8.1383,8.1383,154,0
20150915,8.1743,8.2123,7.9894,7.9894,1140,0
20150916,8.1626,8.3894,8.1626,8.3884,6054,0
20150917,8.6852,8.6862,8.4672,8.6862,3521,0
20150918,8.6901,8.6901,8.2697,8.2716,14867,0
20150921,8.2619,8.2619,7.8814,8.1733,11820,0
20150922,8.1957,8.1957,7.785,7.8337,9926,0
20150923,7.933,8.0439,7.933,8.0439,1644,0
20150924,8.1218,8.1218,7.9125,7.9125,128,0
20150925,7.9125,8.0507,7.9116,8.0507,2071,0
20150928,8.2123,8.4565,8.1159,8.1529,12370,0
20150929,7.9524,8.0741,7.9515,8.0011,9163,0
20150930,8.0283,8.0283,8.0283,8.0283,1835,0
20151001,8.1899,8.3728,8.0867,8.1899,5087,0
20151002,8.2716,8.2716,8.2706,8.2706,1819,0
20151005,8.4069,8.4672,8.4069,8.4672,4319,0
20151006,8.4653,8.5431,8.33,8.5052,11773,0
20151007,8.6112,9.1562,8.6112,8.8555,36955,0
20151008,8.9917,10.218,8.9888,9.65,23452,0
20151009,9.634,9.683,9.4209,9.624,9757,0
20151012,10.014,10.267,9.4929,10.267,13802,0
20151013,10.267,10.267,9.634,9.731,6917,0
20151014,9.824,9.824,9.824,9.824,411,0
20151015,9.902,9.926,9.902,9.926,1028,0
20151016,9.712,9.79,9.537,9.79,4159,0
20151019,9.731,9.731,9.547,9.547,909,0
20151020,9.761,9.761,9.1961,9.3703,4078,0
20151021,9.1474,9.345,9.1474,9.1474,1273,0
20151022,9.3255,9.537,9.2447,9.4394,1813,0
20151023,9.623,9.634,9.128,9.4209,6591,0
20151026,9.519,9.519,9.519,9.519,206,0
20151027,9.561,9.561,9.561,9.561,1028,0
20151028,9.4686,9.4686,9.3216,9.4627,1870,0
20151029,9.613,9.613,9.613,9.613,190,0
20151030,9.3362,9.3362,9.2311,9.2992,3977,0
20151102,9.2447,9.3518,9.2447,9.3518,606,0
20151103,9.3323,9.3411,8.9635,9.2817,8115,0
20151104,9.3421,9.4579,9.3421,9.4481,1065,0
20151105,9.543,9.543,9.516,9.516,257,0
20151109,9.4384,9.4384,9.1727,9.1727,3727,0
20151110,9.1669,9.1669,9.1669,9.1669,62,0
20151111,9.2652,9.624,9.2652,9.624,9308,0
20151112,9.712,9.712,9.712,9.712,210,0
20151113,9.557,9.557,9.2447,9.2447,7601,0
20151116,9.4871,9.4871,9.4871,9.4871,26,0
20151117,9.4394,9.4394,9.4394,9.4394,1028,0
20151118,9.3907,9.3907,9.3907,9.3907,134,0
20151119,9.1766,9.3421,8.9625,9.3421,8141,0
20151120,9.2691,9.4861,9.1669,9.4491,7821,0
20151123,9.537,9.701,9.537,9.701,3169,0
20151124,9.634,10.096,9.634,10.072,4981,0
20151125,9.984,9.984,9.488,9.606,5671,0
20151126,9.512,9.71,9.488,9.71,4521,0
20151127,9.49,9.721,9.49,9.721,552,0
20151201,9.644,10.077,9.644,10.014,9357,0
20151202,10.014,10.014,9.877,9.926,1255,0
20151203,9.96,9.96,9.765,9.765,1700,0
20151204,9.731,9.731,8.7397,9.1766,30877,0
20151207,9.2253,9.2253,8.5431,8.5674,11177,0
20151208,8.5441,8.728,8.3329,8.6609,13024,0
20151209,8.4273,8.5636,8.4273,8.4273,3175,0
20151210,8.6706,8.7582,8.6706,8.7047,2466,0
20151211,8.5392,8.5392,8.4662,8.4662,4967,0
20151214,8.476,8.476,8.3047,8.3699,1901,0
20151215,8.5217,8.5217,8.367,8.5139,94,0
20151216,8.6463,8.6463,8.5149,8.619,1442,0
20151217,8.7095,8.7095,8.331,8.331,3304,0
20151218,8.3689,8.3689,8.184,8.3602,3008,0
20151221,8.2239,8.2239,8.0546,8.1733,6969,0
20151222,8.5392,8.5752,8.2288,8.474,4243,0
20151223,8.33,8.3689,8.33,8.3689,478,0
20151228,8.2424,8.2677,8.1159,8.2677,1416,0
20151229,8.1743,8.2697,8.1159,8.2697,3557,0
20151230,8.2697,8.2804,8.0381,8.1743,12368,0
20160104,8.3689,8.3689,8.3689,8.3689,206,0
20160105,8.3534,8.3534,8.3534,8.3534,308,0
20160106,8.3689,8.3689,8.2716,8.2813,1541,0
20160107,8.2142,8.2142,8.0673,8.077,6261,0
20160108,8.2084,8.2473,8.2035,8.2473,415,0
20160111,8.078,8.078,8.077,8.077,1734,0
20160112,8.0799,8.0799,8.0789,8.0789,777,0
20160113,8.1928,8.1938,8.1928,8.1938,922,0
20160114,8.1266,8.1266,7.9787,8.0575,4519,0
20160115,8.0575,8.0575,7.4269,7.8006,2355,0
20160118,7.8006,8.1354,7.8006,7.9797,6690,0
20160119,8.0974,8.2054,8.0974,8.2054,925,0
20160120,8.0721,8.0721,7.9057,7.9067,2091,0
20160121,8.0147,8.2716,8.0147,8.2716,3286,0
20160122,8.0926,8.729,7.8824,8.5733,10115,0
20160125,8.5908,8.729,8.5908,8.729,3822,0
20160126,8.584,8.584,8.584,8.584,123,0
20160127,8.8545,8.982,8.8545,8.982,1330,0
20160128,8.8642,8.8964,8.8642,8.8964,1065,0
20160129,9.0501,9.0501,8.8068,8.8068,1333,0
20160201,8.7582,8.7582,8.33,8.5859,2349,0
20160203,8.402,8.6326,8.293,8.293,3130,0
20160205,8.2035,8.2035,8.2035,8.2035,257,0
20160208,8.1743,8.2619,7.785,7.785,5591,0
20160209,7.4989,7.7617,7.4445,7.4445,3214,0
20160210,7.5495,8.1704,7.2985,8.1704,7088,0
20160211,7.9602,7.9602,7.5904,7.5904,1856,0
20160212,7.7763,7.9836,7.7753,7.9816,2342,0
20160215,8.3582,8.3582,8.2629,8.3076,123,0
20160216,8.3543,8.3543,8.3524,8.3524,802,0
20160217,8.3203,8.3203,8.2706,8.2706,277,0
20160218,8.3689,8.4838,8.3689,8.476,211,0
20160219,8.3261,8.3261,8.3261,8.3261,87,0
20160222,8.3689,8.3689,8.3689,8.3689,62,0
20160224,8.2726,8.2726,8.0935,8.0935,1696,0
20160225,8.2502,8.2716,8.2502,8.2716,326,0
20160226,8.0974,8.2706,7.9797,8.2706,1718,0
20160301,7.9806,8.2132,7.9797,8.1266,4521,0
20160302,8.3222,8.3699,8.2706,8.2755,1502,0
20160303,8.077,8.077,8.077,8.077,1986,0
20160304,8.0322,8.3125,8.0322,8.3125,2281,0
20160308,8.1266,8.1276,8.1266,8.1266,292,0
20160309,8.1256,8.1256,8.1256,8.1256,951,0
20160310,8.2706,8.2726,8.1986,8.1986,2788,0
20160314,8.1938,8.2891,8.1548,8.1548,6216,0
20160315,8.2852,8.2852,8.2852,8.2852,976,0
20160316,8.3154,8.583,8.3154,8.583,3475,0
20160317,8.4176,8.6609,8.4176,8.6609,2930,0
20160318,8.6599,8.6599,8.6599,8.6599,10,0
20160321,8.6599,8.8555,8.6579,8.8555,9107,0
20160322,8.9528,9.0793,8.9431,9.0696,5383,0
20160323,9.1182,9.1182,9.0307,9.0307,2716,0
20160324,9.0345,9.0355,8.8604,8.8604,841,0
20160329,9.0112,9.0112,9.0005,9.0005,565,0
20160331,8.6609,8.6609,8.223,8.3203,13264,0
20160401,8.184,8.3183,8.0381,8.3183,1104,0
20160404,8.1198,8.1227,7.931,7.931,2742,0
20160405,8.0274,8.2298,7.969,8.076,3081,0
20160406,8.0867,8.1743,8.0867,8.1743,1798,0
20160407,8.1733,8.1733,8.1636,8.1646,867,0
20160408,8.1646,8.1743,8.1256,8.1743,1269,0
20160411,8.1743,8.2521,8.1266,8.1266,787,0
20160412,8.1743,8.2619,8.1256,8.1256,4255,0
20160413,8.2035,8.2035,8.2035,8.2035,68,0
20160415,8.2035,8.2142,8.2035,8.2035,1506,0
20160419,8.2035,8.2035,7.9826,8.0595,4162,0
20160420,8.1938,8.1938,8.1938,8.1938,1054,0
20160421,8.2619,8.2619,8.2619,8.2619,2189,0
20160422,8.2706,8.2716,8.0527,8.1548,3266,0
20160425,8.0585,8.2512,8.0575,8.2512,635,0
20160426,8.2706,8.2706,8.2677,8.2677,586,0
20160427,8.2697,8.2697,8.0809,8.0809,565,0
20160428,8.2687,8.2687,8.077,8.077,1983,0
20160429,8.077,8.077,8.077,8.077,561,0
20160502,8.0011,8.0011,8.0011,8.0011,2055,0
20160504,8.077,8.1256,8.077,8.077,2690,0
20160506,8.0332,8.0332,8.0283,8.0283,284,0
20160509,8.077,8.2716,8.077,8.1256,4033,0
20160510,7.9797,8.076,7.9787,8.076,3648,0
20160511,7.931,8.2132,7.9223,8.2132,1747,0
20160513,7.9797,8.1237,7.9797,8.1237,1644,0
20160518,8.0867,8.1373,8.0867,8.1373,2334,0
20160519,8.0293,8.0293,7.9826,7.9826,4207,0
20160520,7.9826,7.9826,7.9826,7.9826,908,0
20160524,8.0566,8.0887,8.0566,8.0887,2672,0
20160527,8.184,8.184,8.184,8.184,31,0
20160530,8.0312,8.0312,8.0283,8.0283,2756,0
20160531,7.9836,7.9836,7.9797,7.9797,2906,0
20160601,8.0098,8.0098,8.0098,8.0098,1850,0
20160602,7.9787,7.9806,7.8824,7.9787,6155,0
20160603,7.8872,7.8872,7.8863,7.8863,462,0
20160606,7.8814,7.8814,7.8814,7.8814,103,0
20160607,7.8532,7.8532,7.8532,7.8532,9,0
20160608,7.9787,7.9797,7.9787,7.9797,1367,0
20160609,7.8541,7.9018,7.5904,7.9018,6365,0
20160610,7.9135,7.9797,7.8658,7.8658,3685,0
20160615,7.6936,7.8833,7.6907,7.8833,1130,0
20160617,7.8843,7.8843,7.8843,7.8843,252,0
20160620,7.931,7.931,7.931,7.931,2055,0
20160622,7.9106,7.9106,7.9106,7.9106,421,0
20160623,7.786,7.7948,7.786,7.7948,133,0
20160624,7.571,7.7734,6.9579,7.5165,9674,0
20160627,7.5165,7.5262,7.5165,7.5262,109,0
20160628,7.5272,7.7743,7.5272,7.7743,165,0
20160629,7.7753,7.7753,7.7753,7.7753,10,0
20160630,7.785,7.785,7.785,7.785,51,0
20160701,7.8814,7.8824,7.785,7.785,1851,0
20160704,7.9797,7.9797,7.9797,7.9797,2172,0
20160706,7.8249,7.8249,7.8249,7.8249,82,0
20160708,7.7413,7.7413,7.7354,7.7354,2054,0
20160711,7.9213,7.9213,7.785,7.785,173,0
20160712,7.7841,7.7958,7.7841,7.7948,392,0
20160713,7.9106,7.9544,7.8843,7.8843,1978,0
20160714,7.9592,8.3689,7.9592,8.0799,2005,0
20160715,8.0283,8.1714,8.0283,8.1714,2495,0
20160718,8.1918,8.1928,8.1899,8.1928,1152,0
20160719,8.0322,8.1616,8.0312,8.1616,1338,0
20160720,8.1626,8.1636,8.1626,8.1636,550,0
20160721,8.2512,8.3193,8.2512,8.3193,2569,0
20160722,8.33,8.33,8.1461,8.33,1359,0
20160725,8.436,8.436,8.35,8.35,1820,0
20160726,8.3,8.3,8.299,8.299,617,0
20160727,8.399,8.4,8.399,8.4,445,0
20160728,8.32,8.321,8.32,8.321,422,0
20160729,8.22,8.48,8.22,8.48,2841,0
20160801,8.485,8.5,8.42,8.45,2445,0
20160804,8.42,8.42,8.12,8.12,3754,0
20160805,8.25,8.372,8.25,8.372,760,0
20160808,8.515,8.516,8.48,8.48,1220,0
20160809,8.264,8.267,8.238,8.238,1465,0
20160810,8.121,8.123,8.097,8.097,1625,0
20160811,8.2,8.2,7.86,7.98,5595,0
20160812,7.98,7.98,7.98,7.98,194,0
20160815,7.98,7.98,7.979,7.979,232,0
20160816,7.983,7.985,7.86,7.86,2700,0
20160817,7.988,8.1,7.987,8.06,8003,0
20160819,8.168,8.168,7.91,7.91,2913,0
20160822,8.098,8.15,7.95,7.95,1800,0
20160826,8.058,8.061,7.95,7.981,1474,0
20160830,7.94,7.94,7.94,7.94,1300,0
20160902,7.89,7.89,7.89,7.89,1860,0
20160905,8,8.029,7.9,8.029,1880,0
20160906,7.989,7.989,7.989,7.989,317,0
20160907,8.128,8.176,8.101,8.176,3775,0
20160908,8.316,8.499,8.24,8.4,12837,0
20160909,8.34,8.4,8.34,8.351,1467,0
20160912,8.259,8.259,8.223,8.223,1250,0
20160913,8.363,8.601,8.363,8.601,13538,0
20160914,8.454,8.454,8.454,8.454,767,0
20160916,8.45,8.45,8.45,8.45,20,0
20160919,8.669,8.751,8.669,8.75,7922,0
20160920,8.651,8.8,8.6,8.8,416,0
20160921,8.8,9.051,8.8,8.91,5890,0
20160922,8.9,8.9,8.799,8.799,3002,0
20160923,8.8,9.011,8.8,9.011,1401,0
20160926,8.999,9,8.999,9,1511,0
20160927,9,9,8.838,8.838,1189,0
20160928,8.668,9.005,8.15,8.81,8649,0
20160929,8.749,8.75,8.749,8.75,495,0
20160930,8.651,8.651,8.65,8.65,333,0
20161004,8.699,8.7,8.699,8.7,2372,0
20161005,8.69,8.928,8.69,8.928,650,0
20161006,8.88,8.929,8.88,8.929,456,0
20161007,8.93,8.93,8.68,8.68,2609,0
20161010,8.848,8.93,8.612,8.612,5851,0
20161011,8.659,8.659,8.659,8.659,147,0
20161012,8.9,9,8.61,8.899,10386,0
20161013,8.9,8.9,8.565,8.565,7670,0
20161014,8.729,8.77,8.72,8.77,1870,0
20161017,8.88,8.9,8.8,8.811,5227,0
20161018,8.889,8.89,8.811,8.811,1678,0
20161019,8.811,9.034,8.811,9.034,9410,0
20161020,9.189,9.495,9.189,9.489,8665,0
20161021,9.306,9.488,8.926,9.158,10704,0
20161024,9.2,9.25,9.199,9.25,4560,0
20161026,9.25,9.3,9.25,9.3,1410,0
20161027,9.3,9.3,9.078,9.214,4600,0
20161028,9.2,9.2,9.2,9.2,680,0
20161031,9.289,9.35,9.25,9.271,6812,0
20161101,9.202,9.3,9.2,9.3,2777,0
20161102,9.3,9.3,9.12,9.12,2608,0
20161103,9.12,9.12,9.12,9.12,424,0
20161104,9.199,9.199,8.889,9.046,2201,0
20161107,9.2,9.2,9.1,9.1,2682,0
20161109,8.92,9.2,8.8,9.2,3941,0
20161110,9.043,9.102,9.043,9.1,3000,0
20161111,8.928,9.05,8.715,8.715,2400,0
20161114,8.701,8.701,8.7,8.7,3400,0
20161115,8.857,8.857,8.71,8.71,122,0
20161116,9.048,9.048,8.88,8.88,370,0
20161117,9.048,9.048,9.044,9.044,715,0
20161121,8.979,8.98,8.751,8.751,2019,0
20161122,8.75,8.953,8.75,8.953,1460,0
20161123,8.85,9.099,8.85,8.95,3833,0
20161124,8.949,9.1,8.949,9.1,4708,0
20161125,8.951,8.951,8.926,8.926,4192,0
20161128,9,9,9,9,500,0
20161129,8.9,8.9,8.9,8.9,250,0
20161130,8.95,8.95,8.9,8.9,120,0
20161201,8.73,8.9,8.73,8.9,150,0
20161202,8.9,8.9,8.62,8.62,2128,0
20161207,8.511,8.748,8.505,8.748,860,0
20161208,8.886,8.886,8.562,8.562,415,0
20161209,8.571,8.571,8.57,8.57,2300,0
20161212,8.501,8.501,8.402,8.402,1320,0
20161213,8.663,8.663,8.489,8.489,205,0
20161214,8.5,8.5,8.2,8.2,8994,0
20161215,8.1,8.1,8,8,3822,0
20161216,7.91,8,7.8,7.9,8407,0
20161219,8.049,8.049,8.049,8.049,17,0
20161220,8.05,8.05,8.04,8.04,1890,0
20161221,7.82,7.82,7.82,7.82,305,0
20161222,7.801,7.801,7.8,7.8,300,0
20161223,7.9,8.239,7.9,8.239,4273,0
20161227,8.082,8.082,8,8.05,1330,0
20161228,7.897,8.197,7.897,8.197,4820,0
20161229,8.349,8.35,8.25,8.25,3564,0
20161230,8.37,8.37,7.9,7.98,10263,0
20170102,8.132,8.633,8.132,8.633,7038,0
20170103,8.7,8.7,8.5,8.506,12938,0
20170104,8.7,8.7,8.699,8.699,19412,0
20170105,8.69,8.7,8.55,8.696,2038,0
20170106,8.48,8.62,8.48,8.605,2200,0
20170109,8.6,8.6,8.6,8.6,950,0
20170110,8.55,8.55,8.15,8.32,14720,0
20170111,8.25,8.3,8.205,8.3,8754,0
20170112,8.403,8.5,8.403,8.5,3700,0
20170113,8.499,8.5,8.121,8.35,8700,0
20170116,8.203,8.291,8.19,8.291,3690,0
20170117,8.447,8.447,8.447,8.447,675,0
20170118,8.499,8.5,8.175,8.389,8911,0
20170119,8.232,8.24,8.23,8.24,3230,0
20170120,8.21,8.21,8.172,8.172,460,0
20170123,8.15,8.15,8.15,8.15,585,0
20170124,8.15,8.15,8.15,8.15,165,0
20170125,8.14,8.476,8.14,8.476,1290,0
20170126,8.5,8.5,8.499,8.499,1937,0
20170127,8.251,8.599,8.02,8.599,14494,0
20170130,8.36,8.36,8.35,8.35,2704,0
20170131,8.339,8.34,7.97,7.97,12299,0
20170201,8.126,8.285,8.126,8.199,3182,0
20170203,8.162,8.289,8.162,8.289,473,0
20170206,8.35,8.35,8.15,8.19,4031,0
20170207,8.299,8.3,8.299,8.3,536,0
20170208,8.31,8.31,8.31,8.31,664,0
20170210,8.349,8.35,8.349,8.35,500,0
20170213,8.201,8.201,8.187,8.187,3500,0
20170214,8.342,8.342,8.342,8.342,100,0
20170216,8.183,8.2,8.183,8.19,1102,0
20170220,8.346,8.346,8.034,8.14,13777,0
20170221,8.01,8.189,8.01,8.189,1448,0
20170222,8.199,8.2,7.95,8.033,2739,0
20170223,8.167,8.209,8.16,8.16,2675,0
20170224,8.04,8.04,8.04,8.04,1000,0
20170227,8.033,8.119,7.941,7.95,1107,0
20170228,7.96,7.971,7.95,7.95,2924,0
20170301,8.035,8.163,7.961,8.163,3349,0
20170302,8.05,8.074,8.05,8.05,1837,0
20170303,8.1,8.167,8.1,8.167,450,0
20170306,8.15,8.15,8.05,8.05,641,0
20170307,8.03,8.03,8,8,4000,0
20170308,8.001,8.011,7.96,7.96,3528,0
20170309,7.96,8.099,7.92,8.099,2857,0
20170313,7.94,8.2,7.81,8.2,14611,0
20170315,8.059,8.2,8.059,8.15,3264,0
20170316,8.15,8.15,8.15,8.15,280,0
20170317,8.12,8.21,8.12,8.12,1492,0
20170320,8.43,8.456,8.12,8.3,17342,0
20170321,8.26,8.35,8.121,8.35,2097,0
20170322,8.221,8.35,8.2,8.29,7921,0
20170323,7.974,8.019,7.65,7.969,22376,0
