Date,Open,High,Low,Close,Volume,OpenInt
20150713,24.85,24.95,24.5,24.9,14595,0
20150714,24.85,24.85,24.75,24.8,9955,0
20150715,24.8,24.895,24.625,24.8,5500,0
20150716,24.79,24.8,24.65,24.75,5179,0
20150717,25,25,24.9,25,1950,0
20150720,24.9,25.275,24.8,25,2768,0
20150721,24.9,25.05,24.5,25,9554,0
20150722,25,25.005,25,25,4490,0
20150723,25,25.06,25,25,23357,0
20150724,25,25,24.8,24.95,10170,0
20150727,24.95,25,24.8,24.8,11134,0
20150728,25,25.15,25,25.15,4468,0
20150730,25.145,25.145,25,25,2283,0
20150803,24.605,24.605,24.51,24.51,262,0
20150804,24.7,24.8,24.7,24.75,982,0
20150805,24.7,24.745,24.5,24.5,1110,0
20150806,24.305,25.04,24.305,24.7,2747,0
20150807,25,25,24.8,24.8,185,0
20150810,24.8,25.495,24.8,25,2093,0
20150811,25.1,25.885,25,25,5520,0
20150812,24.8,25.45,24.7,24.7,3660,0
20150813,24.35,24.8,24.35,24.7,121,0
20150814,24.5,25.095,24.5,25.02,208,0
20150817,24.645,24.645,24.645,24.645,334,0
20150818,24.555,24.57,24.49,24.49,865,0
20150819,24.5,24.5,24.3,24.3,455,0
20150820,24.3,24.3,24,24,472,0
20150821,24,24,23.735,23.735,739,0
20150825,24,24,24,24,100,0
20150827,23.95,23.95,23.4,23.4,1235,0
20150828,23.745,23.75,23.745,23.75,585,0
20150901,23.15,23.55,23.15,23.15,117,0
20150902,23.15,23.15,23.15,23.15,32,0
20150903,23.15,23.15,23.15,23.15,27,0
20150904,23.15,23.5,23.15,23.5,365,0
20150907,23.15,23.5,23,23,755,0
20150908,23,23.8,23,23.5,201,0
20150909,23.15,23.6,23.15,23.5,586,0
20150910,23.15,23.15,23.15,23.15,55,0
20150911,23.1,23.445,23.1,23.4,1016,0
20150914,23.05,23.5,23.05,23.5,40,0
20150915,23.15,23.35,23.15,23.35,1000,0
20150916,23,23,22.99,22.99,19,0
20150918,22.7,22.7,22.7,22.7,20,0
20150921,22.36,22.5,22.36,22.5,240,0
20150922,22.8,23.14,22.8,23,85,0
20150923,23.2,23.2,23.2,23.2,27,0
20150924,23.4,23.8,23.4,23.8,150,0
20150929,23.3,23.62,23.3,23.615,1020,0
20150930,23.5,23.94,23.5,23.94,85,0
20151001,23.94,24,23.7,24,179,0
20151002,24.3,24.3,24.3,24.3,1,0
20151005,24.3,24.5,23.935,23.935,5941,0
20151006,24,24.2,23.995,23.995,6600,0
20151012,24,24,24,24,4,0
20151013,23.985,23.985,23.985,23.985,4,0
20151014,23.9,24,23.5,23.5,56,0
20151015,23.8,23.8,23.8,23.8,65,0
20151016,24,24,24,24,35,0
20151019,23.895,24.05,23.7,24.05,135,0
20151020,24,24.5,23.995,23.995,525,0
20151022,23.5,24.05,23.5,24,778,0
20151026,24,24,24,24,30,0
20151027,24,24,24,24,50,0
20151030,23.75,23.75,23.75,23.75,25,0
20151103,23.3,23.4,22.95,23,1575,0
20151104,22.8,22.8,22.46,22.46,1075,0
20151105,22.14,22.14,22.125,22.125,1085,0
20151106,21.795,21.795,21,21,1259,0
20151109,20.995,20.995,20.995,20.995,87,0
20151111,18.2,18.475,14,15.015,9446,0
20151112,15,15,14.4,14.4,1350,0
20151113,14,18,13.5,16.995,14781,0
20151116,17.25,17.29,16.8,17,5089,0
20151117,17.255,17.515,17.25,17.5,9668,0
20151118,17.505,17.745,17.245,17.245,2628,0
20151119,17.5,18.1,17.5,18,1830,0
20151120,18.095,18.5,17.5,17.5,4972,0
20151123,17.5,18.01,17.5,18,3943,0
20151124,17.905,18.005,17.9,18,2891,0
20151125,18.28,18.915,18.1,18.7,2461,0
20151126,18.98,19.1,18.98,19.1,1588,0
20151127,19.385,19.97,19.38,19.95,1593,0
20151201,18.99,19,18.9,18.9,335,0
20151202,19.18,19.18,18.6,19.1,880,0
20151203,19.3,19.3,19.3,19.3,100,0
20151204,19.64,19.64,19.64,19.64,600,0
20151207,20.06,20.06,20,20,298,0
20151208,20.35,20.705,20.35,20.705,1222,0
20151209,21.065,21.065,20.345,20.345,630,0
20151210,19.99,19.99,19.99,19.99,400,0
20151216,18.52,18.52,18.195,18.515,1290,0
20151218,19.64,19.64,19.64,19.64,616,0
20151221,19.985,20.35,19.985,20.35,1840,0
20151222,20.7,20.7,20.7,20.7,75,0
20151228,20.47,20.47,20.47,20.47,400,0
20151230,20.445,25,20.445,25,3594,0
20160104,23.5,24.5,23.5,24.1,462,0
20160105,24.4,24.4,24.4,24.4,50,0
20160106,24.4,24.4,24.4,24.4,50,0
20160113,24.4,24.4,24.4,24.4,100,0
20160114,24.825,25,24.39,24.39,1151,0
20160120,23.14,23.14,21.3,21.3,3000,0
20160121,20.925,20.925,20.2,20.2,506,0
20160122,20.55,20.555,19.7,19.7,474,0
20160125,20.04,20.045,19.65,19.65,1185,0
20160126,19.99,19.995,19.5,19.5,1305,0
20160127,19.505,20.185,19.165,20,3373,0
20160128,19.655,19.655,19.315,19.315,275,0
20160129,19.655,20,19.655,19.8,1507,0
20160201,20.145,20.145,20,20.1,1286,0
20160202,20.105,20.455,19.3,19.3,5791,0
20160203,19,19,18.8,18.8,322,0
20160204,19.2,19.2,18.025,18.025,2116,0
20160205,18.34,19,18.34,19,1114,0
20160208,18.6,18.6,18.275,18.275,376,0
20160209,17.955,17.955,17.64,17.64,262,0
20160210,17.33,17.33,17.33,17.33,55,0
20160211,17.025,17.025,17.025,17.025,49,0
20160216,16.435,16.435,16.435,16.435,49,0
20160217,16.5,16.5,16.5,16.5,139,0
20160218,16.4,16.4,16.4,16.4,49,0
20160219,16.115,16.115,16.115,16.115,49,0
20160222,16.55,16.55,16.15,16.15,221,0
20160223,15.865,17.6,15.865,17.6,2744,0
20160225,19.2,19.2,19.2,19.2,21,0
20160226,18.865,18.865,18.865,18.865,20,0
20160308,18.9,18.9,18.9,18.9,500,0
20160317,18.6,18.6,18.3,18.3,1047,0
20160324,18,18,18,18,250,0
20160330,17.105,17.105,16.995,17,1000,0
20160331,17,17,17,17,1200,0
20160401,17,17,17,17,950,0
20160404,17.3,17.3,17.3,17.3,480,0
20160405,16.995,17,16.995,16.995,70,0
20160406,17.29,17.29,17.195,17.2,6092,0
20160407,17.495,17.5,17.2,17.5,1261,0
20160411,17.89,17.89,17.89,17.89,600,0
20160412,17.805,17.805,17.8,17.8,400,0
20160415,17.8,17.8,17.8,17.8,221,0
20160504,18.32,18.32,18.32,18.32,253,0
20160505,18.64,18.64,18.64,18.64,6,0
20160509,19,19,19,19,100,0
20160519,17.565,17.565,16.345,16.345,23455,0
20160520,16.06,16.065,16.06,16.065,148,0
20160524,16.115,16.115,16,16,1405,0
20160526,15.75,15.75,15.75,15.75,450,0
20160530,15.665,15.665,15.39,15.39,1410,0
20160531,15.255,15.255,15.25,15.25,932,0
20160602,14.875,14.875,14.615,14.615,865,0
20160606,14,14,14,14,700,0
20160607,13.755,13.755,13.755,13.755,800,0
20160609,13.2,13.2,13.2,13.2,80,0
20160610,12.97,12.97,12.65,12.65,1000,0
20160613,11.8,11.845,11.5,11.5,990,0
20160614,11.4,11.4,11.4,11.4,5,0
20160620,11.05,11.05,11.05,11.05,550,0
20160621,10.91,11,10.81,10.81,1448,0
20160622,10.625,10.625,10.33,10.33,1751,0
20160623,10,10,10,10,60,0
20160628,9,9,9,9,10,0
20160629,8.843,8.843,8.4,8.4,3400,0
20160630,8.539,8.539,8.539,8.539,10,0
20160701,8.39,8.39,8.19,8.19,1300,0
20160704,8.05,8.05,8.049,8.049,300,0
20160705,7.908,8.1,7.699,7.699,4790,0
20160706,7.565,7.565,7.35,7.35,2102,0
20160707,7.221,7.221,7.095,7.095,888,0
20160708,6.971,6.971,6.971,6.971,848,0
20160711,6.85,6.85,6.729,6.729,3790,0
20160712,6.61,6.61,6.61,6.61,45,0
20160713,6.494,6.494,6.35,6.35,1590,0
20160714,6.28,6.299,6.12,6.12,1579,0
20160715,6.299,6.3,6.15,6.15,3104,0
20160718,6.258,6.258,5.999,6.15,23368,0
20160719,6.31,6.42,6.31,6.351,1293,0
20160720,6.461,7,6.461,6.999,51462,0
20160721,6.999,7.2,6.9,6.901,5683,0
20160722,6.901,6.901,6.661,6.661,450,0
20160725,6.544,6.544,6.429,6.429,1673,0
20160726,6.542,6.901,6.542,6.9,4491,0
20160727,7.04,7.04,6.796,6.796,788,0
20160728,6.751,6.751,6.519,6.519,115,0
20160729,6.75,6.751,6.75,6.75,377,0
20160801,6.754,6.754,6.75,6.75,104,0
20160802,6.9,6.95,6.8,6.8,451,0
20160803,6.801,6.801,6.8,6.8,683,0
20160804,6.751,6.751,6.75,6.75,84,0
20160805,6.85,6.85,6.75,6.75,64,0
20160808,6.85,7,6.85,6.852,1365,0
20160810,6.822,6.822,6.822,6.822,234,0
20160815,6.775,6.775,6.775,6.775,70,0
20160818,6.71,6.71,6.71,6.71,300,0
20160819,6.826,7.68,6.826,7.375,36816,0
20160822,7.55,7.66,7.549,7.61,3296,0
20160823,7.9,8.121,7.9,8,2006,0
20160824,8.001,8.001,8.001,8.001,802,0
20160825,8.001,8.03,8,8.03,296,0
20160826,8.25,9,8.25,9,3616,0
20160829,8.7,8.7,8.7,8.7,900,0
20160830,8.35,8.35,8.05,8.05,500,0
20160831,7.851,8.3,7.851,8.3,9492,0
20160901,8.5,8.5,8.5,8.5,100,0
20160902,8.5,8.5,8.25,8.25,74,0
20160905,8.2,8.2,8.2,8.2,24,0
20160906,8.049,8.049,7.88,8,7982,0
20160907,8.148,8.148,8,8,455,0
20160908,8.1,8.1,7.951,7.951,1156,0
20160909,8.1,8.1,7.852,7.95,2727,0
20160912,7.803,8.1,7.803,8,9603,0
20160913,8,8,7.852,7.852,4221,0
20160914,7.708,7.708,7.708,7.708,46,0
20160915,7.566,7.566,7.566,7.566,46,0
20160920,7.401,7.401,7.401,7.401,50,0
20160921,7.32,7.32,7.32,7.32,66,0
20160922,7.321,7.321,7.321,7.321,51,0
20160923,7.455,7.733,7.455,7.6,10847,0
20160926,7.501,7.501,7.5,7.5,1058,0
20160927,7.5,7.5,7.5,7.5,49,0
20160928,7.5,7.5,7.5,7.5,49,0
20160929,7.5,7.5,7.5,7.5,45,0
20160930,7.501,7.501,7.5,7.5,50,0
20161004,7.501,7.501,7.501,7.501,36,0
20161005,7.639,7.781,7.639,7.781,423,0
20161006,7.638,7.638,7.638,7.638,49,0
20161007,7.778,7.779,7.601,7.601,522,0
20161011,7.593,7.594,7.5,7.592,2053,0
20161013,7.86,7.86,7.715,7.715,31,0
20161014,7.701,7.701,7.6,7.6,3008,0
20161017,7.79,7.81,7.79,7.8,4959,0
20161018,7.943,8.25,7.943,8.14,4293,0
20161019,8.291,8.5,8.291,8.459,2800,0
20161020,8.6,8.801,8.6,8.8,2146,0
20161021,8.801,8.963,8.801,8.9,1367,0
20161024,8.999,9.749,8.999,9.738,5821,0
20161025,9.558,9.558,9.501,9.501,500,0
20161026,9.749,9.929,9.749,9.929,600,0
20161027,10.1,10.3,10.1,10.3,1637,0
20161028,10.49,10.685,10.485,10.485,763,0
20161031,10.405,10.59,10.4,10.4,858,0
20161101,10.21,10.21,10.02,10.02,405,0
20161102,10.2,10.39,10.01,10.01,428,0
20161103,9.99,9.99,9.825,9.825,78,0
20161104,9.8,9.8,9.8,9.8,25,0
20161107,9.8,9.8,9.8,9.8,25,0
20161108,9.8,9.8,9.8,9.8,25,0
20161109,9.8,9.8,9.095,9.095,1669,0
20161110,9.263,9.263,9.1,9.1,227,0
20161111,9.1,9.1,8.932,8.932,275,0
20161117,9,9,9,9,500,0
20161121,8.6,8.6,8.5,8.5,540,0
20161122,8.4,8.4,8.4,8.4,410,0
20161124,8.3,8.3,8.3,8.3,1200,0
20161125,8.146,8.146,7.85,7.85,1764,0
20161128,7.8,7.8,7.8,7.8,1100,0
20161201,7.752,7.752,7.752,7.752,100,0
20161205,8,8.3,7.9,8.3,1520,0
20161206,8.299,8.299,8.299,8.299,207,0
20161207,8.452,8.452,8.452,8.452,250,0
20161208,8.607,9.4,8.6,9.4,7903,0
20161209,9.574,9.574,9.397,9.397,840,0
20161212,9.57,9.571,9.57,9.571,1762,0
20161213,9.451,10.89,9.275,10.33,6200,0
20161214,10.52,10.52,10.52,10.52,100,0
20161215,10.325,10.325,10.325,10.325,101,0
20161216,10.135,10.135,10.135,10.135,1000,0
20161219,9.95,10.2,9.95,10.155,2424,0
20161220,10.155,10.52,10.15,10.52,478,0
20161221,10.305,10.305,10.3,10.3,1410,0
20161222,10.3,10.3,10.3,10.3,48,0
20161223,10.11,10.3,10.11,10.3,129,0
20161227,10.3,10.3,10.3,10.3,26,0
20161228,10.3,10.3,10.3,10.3,26,0
20161229,10.3,10.3,10.3,10.3,1095,0
20161230,10.305,10.305,10.305,10.305,26,0
20170102,10.49,10.495,10.49,10.495,500,0
20170103,10.305,10.305,10.11,10.11,1000,0
20170104,9.925,9.925,9.925,9.925,500,0
20170105,9.74,9.74,9.74,9.74,9,0
20170106,9.92,9.99,9.737,9.99,752,0
20170116,9.3,9.3,9.3,9.3,1100,0
20170118,9,9,9,9,1,0
20170119,9.2,9.2,9.2,9.2,1100,0
20170120,9.37,9.37,9.37,9.37,225,0
20170124,9.394,9.394,9.394,9.394,250,0
20170130,9.139,9.139,9.139,9.139,1100,0
20170131,9.13,9.13,9.13,9.13,2400,0
20170201,9.201,9.201,9.2,9.2,1200,0
20170202,9.13,9.13,8.961,8.961,1312,0
20170203,9,9.167,9,9.167,2075,0
20170206,8.997,8.997,8.833,8.833,1312,0
20170207,8.753,8.753,8.753,8.753,100,0
20170208,8.753,8.753,8.753,8.753,100,0
20170209,8.754,8.754,8.753,8.753,100,0
20170210,8.754,8.754,8.754,8.754,80,0
20170215,8.501,8.501,8.5,8.5,14206,0
20170216,8.5,8.5,8.5,8.5,6522,0
20170220,8.401,8.401,8.2,8.2,11478,0
20170222,8.302,8.302,8.302,8.302,350,0
20170302,8.15,8.15,8.15,8.15,100,0
20170303,8.15,8.15,8.15,8.15,885,0
20170306,8.15,8.15,8.15,8.15,100,0
20170316,8.289,8.289,8.289,8.289,50,0
20170317,8.442,8.606,8.442,8.606,1865,0
20170322,8.799,8.899,8.799,8.899,115,0
