Date,Open,High,Low,Close,Volume,OpenInt
20090406,0.5941,0.8614,0.5941,0.8614,1079,0
20090407,0.5941,0.6564,0.5941,0.6564,97,0
20090409,0.5941,0.8317,0.5941,0.5941,35,0
20090414,0.5941,0.695,0.5941,0.695,101,0
20090415,0.5941,0.7426,0.5941,0.5941,673,0
20090420,0.5941,0.7426,0.5644,0.7426,1046,0
20090421,0.7426,1.0099,0.5941,0.7426,40,0
20090423,0.5941,0.9208,0.5941,0.7426,170,0
20090427,0.5941,0.7723,0.5941,0.7723,1439,0
20090429,0.5347,0.7129,0.5347,0.7129,84,0
20090430,0.6832,0.7723,0.6624,0.7723,269,0
20090512,0.6535,0.8317,0.6535,0.7723,16,0
20090515,0.6535,0.8317,0.6535,0.802,2879,0
20090521,0.7426,1.0396,0.6832,0.8317,673,0
20090522,1.0396,1.0396,0.7129,0.9653,87,0
20090525,1.0396,1.0396,0.6832,0.8317,67,0
20090526,1.0396,1.0396,0.6832,0.8317,87,0
20090608,0.7426,1.0396,0.6267,0.6564,1365,0
20090612,0.5941,0.8614,0.5941,0.8465,1346,0
20090615,0.5941,0.8465,0.5941,0.6832,67,0
20090616,0.5941,0.7426,0.5347,0.7277,673,0
20090617,0.5347,0.802,0.5347,0.698,168,0
20090619,0.5941,0.7396,0.5644,0.7396,673,0
20090630,0.5941,0.802,0.5881,0.6832,269,0
20090714,0.6,0.8911,0.5554,0.802,1683,0
20090717,0.5644,0.802,0.5554,0.802,1717,0
20090720,0.5941,0.6832,0.5347,0.6832,52,0
20090721,0.6832,0.6832,0.5347,0.5347,62,0
20090722,0.5644,0.6832,0.5644,0.6267,10,0
20090723,0.5941,0.7129,0.5941,0.7129,2020,0
20090730,0.6238,0.6832,0.6238,0.6535,357,0
20090731,0.6238,0.6832,0.6238,0.6564,663,0
20090805,0.5941,0.6832,0.5941,0.6564,168,0
20090806,0.5941,0.6832,0.5941,0.6564,384,0
20090807,0.5941,0.7723,0.505,0.7723,7135,0
20090810,0.505,0.8614,0.505,0.6535,4049,0
20090811,0.6832,0.7723,0.5347,0.5941,471,0
20090817,0.6238,0.6832,0.5644,0.5644,673,0
20090818,0.6238,0.7426,0.5525,0.7426,248,0
20090825,0.5941,0.6832,0.5941,0.5941,5049,0
20090826,0.5941,0.7396,0.5347,0.7396,1784,0
20090902,0.5941,0.7396,0.5941,0.7396,3,0
20090903,0.5941,0.7337,0.5941,0.7337,2021,0
20090910,0.5941,0.6832,0.44554,0.5644,5050,0
20090911,0.5941,0.6505,0.41584,0.6505,2356,0
20090916,0.505,0.5941,0.505,0.505,1346,0
20090917,0.505,0.5941,0.44554,0.5941,336,0
20090918,0.44554,0.5941,0.38614,0.505,2114,0
20090921,0.505,0.5941,0.505,0.5941,404,0
20090922,0.47525,0.5941,0.44554,0.5941,1690,0
20090924,0.45149,0.5941,0.39505,0.5644,693,0
20090925,0.45149,0.5941,0.40099,0.48713,2154,0
20091002,0.49604,0.49604,0.32673,0.41584,0,0
20091005,0.44554,0.505,0.35644,0.505,2760,0
20091006,0.5109,0.5109,0.35644,0.44554,774,0
20091008,0.48119,0.5347,0.47525,0.5347,1009,0
20091009,0.5406,0.5941,0.47525,0.5941,639,0
20091012,0.48119,0.48119,0.47525,0.47525,269,0
20091013,0.46931,0.47525,0.46931,0.47525,6379,0
20091014,0.505,0.505,0.44554,0.505,673,0
20091015,0.45149,0.45149,0.38614,0.38614,1346,0
20091016,0.45149,0.45149,0.32673,0.38614,1043,0
20091019,0.42178,0.47525,0.41584,0.47525,883,0
20091020,0.42178,0.505,0.42178,0.505,1784,0
20091022,0.5109,0.5644,0.38614,0.505,3956,0
20091023,0.5109,0.5941,0.41584,0.5941,5057,0
20091026,0.505,0.6832,0.505,0.6832,336,0
20091027,0.6921,0.698,0.5347,0.698,673,0
20091028,0.7069,0.7396,0.5347,0.7396,2502,0
20091029,0.5703,0.5941,0.5703,0.5941,1015,0
20091102,0.5762,0.7099,0.505,0.6238,1179,0
20091103,0.5109,0.7337,0.5109,0.6535,4883,0
20091105,0.603,0.6921,0.5644,0.6921,84,0
20091110,0.7277,0.7277,0.4396,0.6535,3741,0
20091111,0.48119,0.5941,0.47525,0.47525,33,0
20091112,0.46931,0.7337,0.46931,0.7337,506,0
20091113,0.5851,0.7366,0.5228,0.7129,6734,0
20091116,0.6594,0.7248,0.6267,0.7129,6967,0
20091117,0.701,0.7366,0.6297,0.7366,7238,0
20091118,0.6624,0.7723,0.6297,0.7723,801,0
20091119,0.6743,0.7158,0.6238,0.6238,404,0
20091120,0.704,0.8614,0.5941,0.8614,1473,0
20091123,0.5851,0.802,0.5851,0.6327,2211,0
20091125,0.5851,0.6832,0.5644,0.5644,14285,0
20091126,0.5851,0.7129,0.5347,0.7129,579,0
20091127,0.6238,0.6832,0.5941,0.5941,101,0
20091130,0.5851,0.7723,0.5198,0.7723,3868,0
20091201,0.5851,0.6832,0.47525,0.5941,2071,0
20091202,0.6446,0.6832,0.505,0.6802,168,0
20091204,0.49604,0.5941,0.49604,0.5941,673,0
20091207,0.505,0.5941,0.505,0.505,3366,0
20091208,0.5257,0.5941,0.505,0.5941,2273,0
20091215,0.5941,0.5941,0.505,0.5347,2020,0
20091218,0.48119,0.5347,0.48119,0.5347,5528,0
20091228,0.5317,0.5941,0.47822,0.5941,2558,0
20091230,0.48119,0.5347,0.47822,0.5347,3,0
20100127,0.5347,0.5347,0.41584,0.47525,28919,0
20100128,0.44554,0.4901,0.38614,0.47525,1683,0
20100201,0.3802,0.47525,0.3802,0.47525,6753,0
20100202,0.45149,0.505,0.43366,0.505,11964,0
20100203,0.48119,0.48119,0.43366,0.44554,3366,0
20100204,0.42475,0.47525,0.42475,0.47525,4376,0
20100209,0.41287,0.44554,0.41287,0.41584,8416,0
20100210,0.39505,0.44554,0.39505,0.40396,1683,0
20100211,0.39208,0.44554,0.39208,0.41584,13032,0
20100212,0.39505,0.44554,0.39505,0.42475,1346,0
20100215,0.3802,0.44554,0.32673,0.44554,2360,0
20100216,0.42475,0.42475,0.32673,0.41584,6733,0
20100217,0.39505,0.41584,0.35644,0.38614,35838,0
20100218,0.36832,0.43069,0.36832,0.43069,5099,0
20100222,0.35347,0.43069,0.31485,0.41584,909,0
20100226,0.36832,0.44554,0.36832,0.44554,2904,0
20100303,0.36832,0.4604,0.36832,0.4604,33,0
20100310,0.36832,0.44554,0.36832,0.38614,168,0
20100311,0.36832,0.505,0.36832,0.505,168,0
20100312,0.48119,0.48119,0.38614,0.43069,4039,0
20100316,0.3802,0.41881,0.3802,0.41881,0,0
20100319,0.39505,0.41881,0.39505,0.41881,168,0
20100331,0.39505,0.5228,0.39505,0.5228,6008,0
20100401,0.49604,0.7396,0.47525,0.505,5958,0
20100406,0.48119,0.502,0.41584,0.41584,1717,0
20100408,0.39505,0.5347,0.39505,0.41584,5977,0
20100412,0.40099,0.47228,0.40099,0.47228,420,0
20100413,0.44851,0.505,0.42178,0.505,14183,0
20100414,0.48119,0.48119,0.41584,0.47822,121,0
20100415,0.4604,0.5347,0.45446,0.49307,3394,0
20100416,0.43366,0.5347,0.43069,0.44554,67,0
20100419,0.42772,0.4901,0.42772,0.43366,2390,0
20100420,0.41287,0.4901,0.41287,0.47525,24,0
20100422,0.4099,0.4901,0.4099,0.44554,3030,0
20100423,0.42475,0.4901,0.42475,0.47525,2020,0
20100426,0.4099,0.6238,0.4099,0.43663,3703,0
20100427,0.41584,0.5287,0.41584,0.5287,1872,0
20100428,0.502,0.502,0.43069,0.43069,1346,0
20100429,0.4099,0.4901,0.4099,0.43069,1697,0
20100505,0.41881,0.4901,0.41584,0.41584,1010,0
20100507,0.42475,0.47525,0.42475,0.46634,2693,0
20100511,0.40396,0.47525,0.40396,0.44554,3366,0
20100512,0.42475,0.47525,0.42475,0.43069,127,0
20100517,0.40396,0.47525,0.40396,0.42475,3366,0
20100520,0.40396,0.47525,0.40396,0.44554,2693,0
20100521,0.42475,0.47525,0.41584,0.42475,17,0
20100531,0.42772,0.43069,0.42475,0.43069,336,0
20100608,0.41287,0.43069,0.41287,0.42475,3366,0
20100609,0.42475,0.43069,0.41287,0.42475,690,0
20100614,0.42772,0.42772,0.41287,0.42475,1683,0
20100617,0.40396,0.42475,0.38614,0.40396,1178,0
20100622,0.3802,0.42475,0.3802,0.40396,2020,0
20100623,0.38317,0.44554,0.38317,0.44554,8416,0
20100625,0.42475,0.42475,0.37129,0.37129,101,0
20100709,0.38317,0.46931,0.38317,0.4396,3801,0
20100716,0.3802,0.46337,0.3802,0.46337,101,0
20100720,0.36832,0.4396,0.36832,0.4396,1421,0
20100727,0.38911,0.42772,0.38614,0.42475,1,0
20100728,0.36832,0.45743,0.36832,0.44554,5386,0
20100729,0.43366,0.44554,0.40099,0.43663,101,0
20100803,0.38317,0.5495,0.38317,0.47822,3366,0
20100804,0.5228,0.5228,0.39208,0.48713,72315,0
20100805,0.42475,0.48713,0.40693,0.48713,8,0
20100806,0.43663,0.48713,0.40693,0.47228,336,0
20100811,0.39802,0.48713,0.39802,0.45446,33,0
20100816,0.39802,0.47822,0.39802,0.44851,40,0
20100817,0.40396,0.505,0.40396,0.49307,6396,0
20100824,0.41881,0.49307,0.38911,0.44851,134,0
20100827,0.41881,0.46337,0.41881,0.44851,3366,0
20100831,0.41881,0.44554,0.41881,0.44554,3366,0
20100901,0.40099,0.5941,0.38614,0.5941,15127,0
20100903,0.42475,0.47525,0.42475,0.44554,336,0
20100907,0.42475,0.44851,0.40396,0.44851,1798,0
20100908,0.42475,0.7129,0.42475,0.7129,102832,0
20100909,0.6772,0.8317,0.5673,0.6119,59723,0
20100910,0.5376,0.6832,0.5376,0.6208,6396,0
20100913,0.5911,0.6802,0.5406,0.597,1346,0
20100914,0.5198,0.6802,0.5198,0.597,349,0
20100915,0.5198,0.6802,0.5198,0.5881,673,0
20100916,0.5168,0.6,0.5168,0.6,673,0
20100917,0.5228,0.6,0.49307,0.5525,4814,0
20100920,0.46931,0.5644,0.46931,0.5644,4915,0
20100921,0.45743,0.5792,0.45743,0.5792,1010,0
20100922,0.5109,0.5792,0.5109,0.5495,6396,0
20100923,0.5079,0.5941,0.4901,0.5941,3767,0
20100927,0.48119,0.5941,0.48119,0.5941,67,0
20100928,0.49604,0.5941,0.49604,0.5644,4780,0
20101005,0.49307,0.5851,0.49307,0.5703,3366,0
20101006,0.49307,0.5703,0.49307,0.5495,1683,0
20101008,0.46931,0.5792,0.46931,0.505,2525,0
20101012,0.48119,0.5079,0.48119,0.5079,841,0
20101013,0.48119,0.5079,0.48119,0.5079,54,0
20101018,0.48119,0.5644,0.48119,0.5644,114,0
20101020,0.48119,0.5644,0.48119,0.5376,8416,0
20101021,0.48119,0.5376,0.44851,0.5376,1683,0
20101022,0.46931,0.5376,0.44851,0.44851,336,0
20101025,0.42475,0.5881,0.42475,0.5881,269,0
20101026,0.5584,0.5584,0.47228,0.47525,336,0
20101027,0.45149,0.5822,0.45149,0.5139,631,0
20101029,0.44851,0.5287,0.44851,0.5168,2188,0
20101101,0.502,0.5287,0.502,0.5257,1178,0
20101103,0.505,0.5347,0.505,0.5347,168,0
20101111,0.505,0.5347,0.505,0.5257,336,0
20101112,0.5079,0.695,0.5079,0.6921,17338,0
20101115,0.5347,0.6505,0.5257,0.6505,3737,0
20101118,0.49901,0.5644,0.49901,0.5644,3366,0
20101119,0.5139,0.597,0.5139,0.597,175,0
20101123,0.5139,0.597,0.5139,0.5881,3427,0
20101124,0.5139,0.597,0.5139,0.5525,4376,0
20101125,0.5644,0.6594,0.44851,0.5376,6617,0
20101126,0.5109,0.6594,0.5109,0.597,1683,0
20101129,0.5079,0.6059,0.5079,0.6059,1683,0
20101130,0.49901,0.6059,0.44554,0.6059,673,0
20101201,0.49901,0.6059,0.44851,0.5792,14995,0
20101203,0.48119,0.5792,0.44851,0.5525,6733,0
20101207,0.42772,0.5911,0.42772,0.5525,12793,0
20101210,0.42475,0.5287,0.42475,0.48713,4040,0
20101213,0.42475,0.48713,0.38614,0.48713,1111,0
20101214,0.36832,0.505,0.36832,0.49604,1228,0
20101215,0.43663,0.5168,0.41584,0.5168,168,0
20101220,0.43663,0.4604,0.43069,0.43069,168,0
20101222,0.43663,0.505,0.43069,0.505,273,0
20101223,0.48416,0.505,0.4604,0.505,0,0
20101229,0.43663,0.505,0.43663,0.505,67,0
20101230,0.4396,0.505,0.4396,0.4604,235,0
20110107,0.39802,0.49901,0.39802,0.47525,1346,0
20110110,0.47525,0.47525,0.43366,0.47228,753,0
20110112,0.41584,0.47228,0.41584,0.46931,81,0
20110121,0.41287,0.46634,0.41287,0.45149,0,0
20110124,0.41584,0.502,0.41584,0.47822,4427,0
20110127,0.43069,0.5941,0.43069,0.505,6733,0
20110207,0.42772,0.502,0.42772,0.47822,101,0
20110210,0.42772,0.505,0.42772,0.45149,12119,0
20110214,0.49307,0.5941,0.47822,0.5644,7406,0
20110222,0.5465,0.5941,0.5079,0.5495,3366,0
20110223,0.5317,0.5941,0.29703,0.5079,484,0
20110224,0.5317,0.5941,0.505,0.505,218,0
20110304,0.5168,0.5168,0.48119,0.5109,20,0
20110309,0.5168,0.5168,0.48416,0.5168,10,0
20110310,0.5168,0.8317,0.4901,0.8317,22852,0
20110311,0.9,0.9,0.5109,0.6832,9243,0
20110315,0.5644,0.5644,0.5109,0.5406,51,0
20110316,0.5644,0.5644,0.5198,0.5644,1851,0
20110321,0.48416,0.5644,0.48416,0.5228,1929,0
20110323,0.5376,0.5376,0.502,0.5287,128,0
20110324,0.5376,0.5376,0.502,0.5347,673,0
20110328,0.5376,0.7129,0.505,0.5198,7810,0
20110329,0.5198,0.5198,0.44554,0.48416,1010,0
20110331,0.46634,0.6832,0.46634,0.5109,673,0
20110401,0.5644,0.5941,0.4901,0.4901,2087,0
20110406,0.46634,0.7248,0.46634,0.5822,19334,0
20110407,0.5525,0.6,0.505,0.5495,1313,0
20110408,0.5376,0.5644,0.5079,0.5644,1010,0
20110411,0.5376,0.5911,0.48713,0.5822,5487,0
20110418,0.5109,0.5941,0.5079,0.5079,505,0
20110419,0.5109,0.6238,0.505,0.5733,5117,0
20110420,0.5436,0.6832,0.5436,0.597,5869,0
20110421,0.6505,0.695,0.5941,0.695,177,0
20110426,0.695,0.7426,0.6178,0.7426,33,0
20110427,0.7069,0.9802,0.7069,0.7723,875,0
20110428,0.7723,0.8911,0.7129,0.8198,1899,0
20110429,0.8465,0.8465,0.7426,0.7901,202,0
20110502,0.7129,0.8911,0.7129,0.8257,1932,0
20110503,0.7307,0.8762,0.6683,0.7901,4654,0
20110505,0.6802,0.8317,0.6802,0.7515,37,0
20110506,0.7901,1.0693,0.7426,1.0693,34894,0
20110510,0.9653,1.1792,0.8762,1.0842,32202,0
20110511,1.0693,1.1881,0.6535,1.1851,33318,0
20110512,1.1257,1.3545,1.0396,1.3307,33262,0
20110513,1.2653,1.5356,1.2653,1.3099,42632,0
20110516,1.2446,1.8446,1.2327,1.8446,92356,0
20110517,1.7792,2.0376,1.5772,1.8267,48854,0
20110518,1.8356,2.3762,1.8356,2.2545,28624,0
20110519,2.5545,2.5545,1.8713,2.0941,40415,0
20110520,2.0941,2.3762,1.5743,1.8713,41912,0
20110523,1.8119,1.8535,1.5772,1.6842,26745,0
20110524,1.601,1.7525,1.601,1.7317,6183,0
20110525,1.6366,1.8802,1.6366,1.8802,7548,0
20110526,1.7851,1.8802,1.6337,1.6337,15282,0
20110527,1.5535,1.9901,1.5535,1.9901,17075,0
20110530,1.8921,1.9901,1.604,1.7525,13556,0
20110531,1.6663,1.8594,1.6663,1.8356,10460,0
20110601,1.7495,2.2515,1.7495,2.2515,25837,0
20110602,2.1386,2.2426,2.1327,2.1327,1361,0
20110603,2.0257,2.1327,1.8594,2.0822,23539,0
20110606,2.0822,2.0822,1.5861,1.6604,18833,0
20110607,1.6188,1.6188,1.0396,1.4881,63152,0
20110608,1.4139,1.5743,1.3782,1.5743,12316,0
20110609,1.497,1.5743,1.4851,1.5683,905,0
20110610,1.5297,1.5802,1.5297,1.5416,758,0
20110613,1.503,1.5416,1.503,1.5356,1677,0
20110614,1.497,1.5356,1.4851,1.5059,1178,0
20110615,1.4851,1.5059,1.4851,1.5,2356,0
20110616,1.4881,1.5238,1.4257,1.4554,52493,0
20110617,1.4287,1.4554,1.301,1.3901,28114,0
20110620,1.3426,1.3901,1.3218,1.3604,2172,0
20110621,1.3396,1.3752,1.3366,1.3752,437,0
20110622,1.4257,1.4257,1.3396,1.3723,404,0
20110623,1.3396,1.3723,1.3366,1.3396,3945,0
20110624,1.3069,1.3396,1.3069,1.3069,673,0
20110627,1.2743,1.304,1.2446,1.2624,2831,0
20110628,1.2475,1.2772,1.1287,1.2475,5386,0
20110629,1.1287,1.2535,1.1287,1.1287,2365,0
20110630,1.1436,1.1584,1.1436,1.1436,0,0
20110701,1.1287,1.1584,1.1287,1.1287,1198,0
20110704,1.1287,1.1881,1.1287,1.1287,673,0
20110705,1.1287,1.1881,1.099,1.1287,168,0
20110707,1.1881,1.2802,1.1317,1.1881,3366,0
20110708,1.1347,1.2832,1.1287,1.1347,168,0
20110711,1.1376,1.2832,1.1287,1.1376,1515,0
20110712,1.1406,1.2832,1.1287,1.1436,1178,0
20110713,1.2267,1.2267,1.1436,1.1614,336,0
20110715,1.1436,1.2178,1.1436,1.1436,3157,0
20110718,1.2149,1.4257,1.1436,1.1881,6140,0
20110719,1.2772,1.3396,1.2743,1.2743,3106,0
20110720,1.304,1.3307,1.2743,1.2743,844,0
20110721,1.2713,1.4198,1.2713,1.3218,3940,0
20110722,1.3545,1.4792,1.3218,1.3663,10133,0
20110725,1.3634,1.396,1.2238,1.301,6031,0
20110726,1.3604,1.3931,1.304,1.3604,3632,0
20110728,1.301,1.3574,1.301,1.301,26,0
20110729,1.3248,1.3663,1.3248,1.3248,33,0
20110801,1.3574,1.3574,1.3248,1.3248,538,0
20110802,1.3069,1.3248,1.2238,1.2921,4073,0
20110803,1.2178,1.2475,1.1644,1.2178,3384,0
20110804,1.1644,1.2416,1.1584,1.1584,2020,0
20110805,1.2416,1.2416,1.1822,1.2119,420,0
20110808,1.1525,1.1822,1.0396,1.1525,2478,0
20110809,1.0396,1.0901,0.802,1.0396,23716,0
20110810,0.8941,1.298,0.8941,0.8941,4679,0
20110811,1.0693,1.0693,1.0396,1.0693,16,0
20110812,1.0693,1.0723,1.0693,1.0693,1245,0
20110817,0.9802,0.9802,0.9535,0.9535,5663,0
20110822,1.0188,1.2594,0.9653,0.9653,4713,0
20110823,1.2624,1.2624,1.0099,1.0099,218,0
20110824,1.0545,1.2475,1.0396,1.0455,740,0
20110825,1.0723,1.0723,1.0396,1.0455,505,0
20110829,1.0455,1.1614,1.0396,1.1614,101,0
20110830,1.0693,1.1614,1.0693,1.1614,168,0
20110831,1.0693,1.1495,1.0693,1.1495,673,0
20110901,1.0485,1.2535,1.0396,1.1525,3184,0
20110905,1.0515,1.1495,1.0396,1.1495,562,0
20110906,1.0515,1.1347,1.0396,1.1347,1010,0
20110908,1.1376,1.1376,1.0515,1.1347,4309,0
20110913,0.9505,0.9832,0.9505,0.9832,16,0
20110920,0.9891,1.0812,0.9802,1.0812,505,0
20110927,0.9891,1.0158,0.9802,1.0158,505,0
20110928,0.9891,1.0158,0.9802,1.0158,152,0
20110929,0.9891,1.4851,0.9802,1.096,29781,0
20110930,1.0901,1.2475,1.0901,1.1703,1422,0
20111003,1.1703,1.1703,1.0901,1.1673,1683,0
20111005,1.0871,1.099,1.0871,1.0871,976,0
20111006,1.0931,1.099,1.0871,1.096,7233,0
20111011,0.9653,0.9653,0.9505,0.9505,101,0
20111012,1.1584,1.1584,0.9683,1.0752,10,0
20111014,0.998,1.0842,0.9802,1.0842,101,0
20111018,0.995,1.0812,0.995,1.0812,3366,0
20111019,1.0812,1.0812,0.9802,1.0455,336,0
20111020,0.9921,1.0812,0.9802,1.0812,84,0
20111027,0.9921,1.0812,0.9802,1.0812,976,0
20111031,0.9921,1.1584,0.9802,1.0812,673,0
20111102,0.9802,1.2475,0.9802,1.1168,8103,0
20111103,0.9901,0.9901,0.9901,0.9901,44,0
20111104,1.0495,1.1089,0.9426,1.0891,4406,0
20111107,1.0594,1.0891,1.0594,1.0624,136,0
20111108,1.0396,1.0396,1.0198,1.0198,4376,0
20111109,1,1,0.9703,0.9901,55,0
20111111,0.9733,0.995,0.9703,0.9733,3937,0
20111114,0.9703,0.9901,0.9703,0.9901,2,0
20111115,0.9703,0.9901,0.9604,0.9832,2677,0
20111116,0.9604,0.9703,0.9604,0.9614,1683,0
20111117,0.9604,0.9842,0.9604,0.9842,1010,0
20111121,0.9604,1.0891,0.9604,1.0356,7123,0
20111122,1.0099,1.0099,0.9614,0.9842,1304,0
20111123,0.9604,0.9842,0.9604,0.9842,8,0
20111124,0.9604,0.9842,0.9604,0.9842,21,0
20111129,0.9604,0.9842,0.9604,0.9842,12,0
20111130,0.9604,0.9842,0.9604,0.9842,7,0
20111201,0.9604,0.9842,0.9604,0.9842,93,0
20111202,0.9604,0.9842,0.9604,0.9842,7,0
20111205,0.9604,0.9842,0.9505,0.9842,299,0
20111206,0.9604,0.9842,0.9604,0.9842,400,0
20111208,0.9604,0.9604,0.9366,0.9366,4074,0
20111209,0.9366,0.9604,0.8911,0.8911,538,0
20111212,0.8812,0.9901,0.8594,0.904,1834,0
20111214,0.8822,0.904,0.8812,0.904,168,0
20111216,0.8822,0.9267,0.8604,0.9188,15726,0
20111219,0.897,0.9188,0.897,0.897,188,0
20111220,0.8752,0.897,0.8416,0.8416,2241,0
20111221,0.8426,0.8436,0.8416,0.8436,673,0
20111222,0.8416,0.8436,0.8416,0.8426,178,0
20111223,0.8426,0.8752,0.8416,0.8752,5050,0
20111227,0.8535,0.8634,0.8515,0.8634,488,0
20111229,0.8624,0.8624,0.8614,0.8624,2559,0
20120104,0.8624,0.8634,0.8614,0.8634,29,0
20120105,0.8624,0.8911,0.8614,0.8911,3366,0
20120109,0.8693,0.8713,0.8693,0.8693,336,0
20120112,0.8693,0.8693,0.8614,0.8624,234,0
20120116,0.8624,0.8634,0.8614,0.8634,273,0
20120117,0.8624,0.9505,0.8614,0.9505,489,0
20120118,0.9277,0.9307,0.9178,0.9277,1221,0
20120119,0.9277,0.9495,0.901,0.9495,753,0
20120120,0.9277,0.9723,0.9267,0.9723,1010,0
20120126,0.9485,0.9713,0.905,0.9703,6464,0
20120127,0.9703,1.0851,0.9703,1.0851,13839,0
20120130,1.0475,1.2079,1.0475,1.2079,5925,0
20120131,1.1703,1.2574,1.1505,1.2475,9225,0
20120201,1.1891,1.2673,1.1129,1.2673,19390,0
20120202,1.2366,1.2376,1.101,1.197,9287,0
20120203,1.197,1.197,1.1317,1.1327,33,0
20120207,1.104,1.1485,1.095,1.1485,2020,0
20120215,1.0851,1.0891,0.9891,0.9891,147,0
20120216,0.9901,1.0396,0.9901,1.0396,2020,0
20120217,1.0139,1.0594,1.0099,1.0594,2525,0
20120220,1.0594,1.0653,1.0297,1.0653,134,0
20120221,1.0396,1.1386,1.0396,1.1218,10358,0
20120222,1.1218,1.1218,1.0842,1.0842,841,0
20120223,1.1218,1.1218,1.0941,1.0941,841,0
20120224,1.0693,1.1198,1.0673,1.1198,1111,0
20120227,1.1198,1.1485,1.0891,1.1485,5050,0
20120228,1.1208,1.1762,1.1188,1.1762,1717,0
20120302,1.1703,1.1703,1.1386,1.1416,33,0
20120305,1.1703,1.1703,1.0911,1.1485,6985,0
20120307,1.1485,1.1485,1.099,1.099,7692,0
20120308,1.1257,1.1257,1.0693,1.0802,404,0
20120309,1.0198,1.1257,1.0198,1.0792,935,0
20120312,1.0802,1.1257,1.0792,1.0792,84,0
20120323,1.0792,1.0792,1.0693,1.0792,2136,0
20120327,1.0594,1.0644,1.0594,1.0644,51,0
20120328,1.0594,1.197,1.0594,1.1248,6733,0
20120329,1.099,1.099,1.099,1.099,2134,0
20120330,1.099,1.1554,1.099,1.1554,5052,0
20120402,1.1277,1.1554,1.099,1.099,4094,0
20120403,1.1257,1.1257,1.0505,1.0505,4091,0
20120404,1.101,1.101,1.0495,1.0495,2525,0
20120405,1.0743,1.0743,0.9733,0.9733,5433,0
20120410,0.995,1,0.9901,0.9901,2693,0
20120411,1,1.0099,1,1.0099,3882,0
20120413,1,1.0099,1,1.0099,673,0
20120417,1.0099,1.0099,1,1,2357,0
20120418,1.0099,1.0099,0.9752,0.9752,2737,0
20120423,1.0188,1.0188,0.9901,0.9941,10,0
20120426,0.998,1.0683,0.9901,1.0683,3232,0
20120427,1.0436,1.0941,1.0396,1.0941,1212,0
20120430,1.0683,1.0693,1.0594,1.0594,84,0
20120508,1.0693,1.0693,1.0416,1.0416,87,0
20120510,1.0653,1.2079,1.0158,1.2079,7590,0
20120514,1.1792,1.1792,1.1188,1.1198,202,0
20120516,1.1683,1.195,1.1663,1.1663,3685,0
20120517,1.1327,1.1713,1.105,1.105,740,0
20120518,1.1307,1.1881,1.0683,1.1881,6874,0
20120523,1.1604,1.3069,1.1307,1.3069,6550,0
20120524,1.2752,1.305,1.2743,1.305,505,0
20120525,1.2762,1.3663,1.2733,1.3663,2458,0
20120528,1.3356,1.3356,1.2881,1.2881,900,0
20120601,1.2574,1.3168,1.2564,1.2564,67,0
20120604,1.2851,1.2851,1.196,1.196,1927,0
20120607,1.1089,1.1594,1.105,1.1594,1212,0
20120611,1.1584,1.1584,1.1287,1.1307,29,0
20120618,1.1584,1.1584,1.1089,1.1099,248,0
20120619,1.1089,1.1099,1.1089,1.1089,4242,0
20120620,1.1386,1.1386,1.1089,1.1109,67,0
20120622,1.1119,1.1119,1.1089,1.1089,4394,0
20120625,1.1119,1.1119,1.1089,1.1099,336,0
20120703,1.1089,1.1139,1.1089,1.1089,1309,0
20120710,1.1119,1.1119,1.0535,1.0535,16,0
20120711,1.0535,1.104,1.0495,1.104,2020,0
20120719,1.1109,1.1109,1.0594,1.0792,11312,0
20120720,1.1109,1.1119,1.0594,1.1079,9478,0
20120724,1.1079,1.1079,1.0337,1.0337,9763,0
20120727,1.0792,1.0792,1.0297,1.0495,2693,0
20120731,1.0485,1.0485,1.0297,1.0485,1010,0
20120801,1.0485,1.0554,1.0297,1.0554,5050,0
20120806,1.0554,1.0554,1.0297,1.0554,420,0
20120807,1.0297,1.0554,1.0297,1.0554,505,0
20120808,1.0554,1.2178,1.0297,1.1931,28397,0
20120809,1.1931,1.1931,1.1317,1.1584,5050,0
20120810,1.1297,1.1861,1.1287,1.1317,2609,0
20120813,1.1584,1.1584,1.1287,1.1297,838,0
20120815,1.1287,1.1782,1.1287,1.1584,1257,0
20120820,1.1297,1.1584,1.1287,1.1584,71,0
20120821,1.1287,1.1772,1.1287,1.1584,370,0
20120822,1.1287,1.1614,1.1287,1.1614,1773,0
20120827,1.1683,1.1683,1.1327,1.1634,101,0
20120828,1.1683,1.1683,1.1327,1.1634,51,0
20120905,1.1881,1.198,1.1881,1.198,2710,0
20120907,1.2178,1.2178,1.1634,1.1634,1010,0
20120911,1.1634,1.2158,1.1386,1.2158,1650,0
20120913,1.1762,1.2158,1.1515,1.1663,1346,0
20120917,1.1673,1.1772,1.1386,1.1772,67,0
20120918,1.2059,1.2376,1.2059,1.2376,639,0
20120919,1.2376,1.3396,1.2079,1.3396,5536,0
20120920,1.3396,1.4198,1.3069,1.3861,6545,0
20120921,1.3525,1.5673,1.3495,1.3495,336,0
20120924,1.3495,1.3822,1.3168,1.3485,1346,0
20120926,1.3495,1.4158,1.3495,1.402,2020,0
20120927,1.402,1.4604,1.3683,1.4317,5151,0
20120928,1.4317,1.4663,1.397,1.4663,1818,0
20121002,1.4208,1.5446,1.4208,1.5446,3567,0
20121003,1.5069,1.5713,1.4703,1.5327,1853,0
20121016,1.4604,1.4604,1.4356,1.4356,1010,0
20121017,1.4356,1.4356,1.401,1.401,263,0
20121018,1.3663,1.401,1.3663,1.401,33,0
20121019,1.401,1.401,1.3663,1.3663,1515,0
20121022,1.3663,1.3663,1.2089,1.2762,2905,0
20121023,1.2762,1.3069,1.2356,1.3069,2828,0
20121024,1.3069,1.3069,1.2752,1.2782,1010,0
20121025,1.2475,1.2782,1.2475,1.2782,121,0
20121029,1.2792,1.2792,1.2475,1.2782,673,0
20121105,1.3089,1.3099,1.2475,1.3099,1616,0
20121106,1.2782,1.6109,1.2782,1.4317,19060,0
20121107,1.3871,1.4554,1.3465,1.3802,22012,0
20121108,1.3802,1.4475,1.3465,1.4475,3030,0
20121109,1.4475,1.5446,1.4119,1.5168,51,0
20121112,1.5168,1.5347,1.4267,1.5277,5206,0
20121113,1.4911,1.5545,1.4723,1.498,1564,0
20121114,1.498,1.5337,1.4614,1.497,1028,0
20121115,1.497,1.5317,1.4614,1.499,5021,0
20121116,1.4624,1.5248,1.4614,1.496,6777,0
20121120,1.4614,1.503,1.4614,1.503,1010,0
20121121,1.4752,1.503,1.4624,1.498,2053,0
20121123,1.4653,1.5248,1.4653,1.5,660,0
20121128,1.5,1.5,1.4614,1.4614,7673,0
20121129,1.4614,1.4713,1.4257,1.4713,77,0
20121130,1.4356,1.4713,1.4356,1.4703,1009,0
20121203,1.4703,1.4703,1.4356,1.4356,2020,0
20121214,1.397,1.4634,1.298,1.4297,404,0
20121217,1.396,1.4277,1.2634,1.396,1117,0
20121218,1.2634,1.396,1.2634,1.3752,101,0
20121220,1.3465,1.4069,1.2475,1.3772,1346,0
20121227,1.3772,1.3861,1.2475,1.3614,284,0
20121228,1.3752,1.3752,1.2475,1.3465,68,0
20130103,1.2475,1.3861,1.2475,1.3802,41,0
20130104,1.2475,1.4554,1.2475,1.4554,3131,0
20130108,1.3149,1.4851,1.3149,1.4792,6666,0
20130110,1.3465,1.5139,1.3465,1.4901,10,0
20130111,1.4901,1.4901,1.3663,1.4901,192,0
20130115,1.3663,1.5149,1.3663,1.4901,1010,0
20130116,1.4901,1.4901,1.3663,1.4901,67,0
20130117,1.4653,1.4901,1.3663,1.4485,1212,0
20130118,1.4139,1.4485,1.3149,1.4485,67,0
20130121,1.3149,1.4485,1.3149,1.4485,33,0
20130124,1.4139,1.4495,1.3149,1.4139,841,0
20130125,1.3792,1.4812,1.2802,1.3129,55,0
20130128,1.3861,1.5139,1.3861,1.5099,6952,0
20130131,1.3446,1.4861,1.3446,1.4436,838,0
20130201,1.3089,1.4772,1.3089,1.4505,10,0
20130207,1.3158,1.4772,1.3158,1.4485,1465,0
20130208,1.3069,1.4752,1.3069,1.4752,6060,0
20130211,1.3762,1.4762,1.3762,1.4752,336,0
20130212,1.4752,1.7921,1.3762,1.6822,65155,0
20130213,1.6406,1.6822,1.5416,1.6733,6257,0
20130214,1.604,1.605,1.504,1.603,1010,0
20130215,1.5644,1.6802,1.4653,1.6802,5242,0
20130218,1.504,1.6713,1.504,1.5842,2519,0
20130219,1.4465,1.6228,1.4465,1.5832,647,0
20130220,1.4455,1.5822,1.4455,1.5822,303,0
20130221,1.4446,1.5842,1.4446,1.5842,66,0
20130222,1.5812,1.5842,1.4465,1.4465,13,0
20130225,1.4465,1.5812,1.4465,1.5545,33,0
20130228,1.4257,1.601,1.4257,1.5525,370,0
20130301,1.5812,1.6327,1.4584,1.6327,15,0
20130305,1.4574,1.5812,1.4574,1.5564,67,0
20130306,1.5446,1.6218,1.4455,1.5822,202,0
20130307,1.5832,1.6594,1.4832,1.6594,1374,0
20130308,1.5198,1.699,1.5178,1.6832,1579,0
20130314,1.505,1.6822,1.505,1.6822,662,0
20130315,1.6584,1.6584,1.505,1.5446,1313,0
20130318,1.603,1.6079,1.4455,1.6079,180,0
20130319,1.603,1.603,1.4693,1.5446,109,0
20130320,1.603,1.603,1.4455,1.5842,1717,0
20130321,1.4465,1.604,1.4465,1.604,3761,0
20130322,1.5376,1.603,1.4356,1.5277,1750,0
20130325,1.5337,1.5337,1.3634,1.3634,38,0
20130326,1.5337,1.5337,1.3634,1.4703,3776,0
20130327,1.4743,1.4851,1.3069,1.4851,2981,0
20130328,1.4851,1.4851,1.3495,1.3495,43,0
20130402,1.4743,1.4743,1.2287,1.4158,7876,0
20130403,1.2871,1.4554,1.2871,1.4158,56,0
20130404,1.396,1.396,1.2871,1.3861,101,0
20130405,1.2871,1.4653,1.2871,1.4653,62,0
20130408,1.4307,1.4851,1.3307,1.4851,48,0
20130409,1.3495,1.4554,1.3495,1.4455,1063,0
20130410,1.4099,1.4554,1.3109,1.4455,303,0
20130411,1.4099,1.4554,1.3109,1.4099,2800,0
20130415,1.4495,1.4634,1.297,1.395,2545,0
20130416,1.4495,1.4554,1.2871,1.4554,303,0
20130417,1.396,1.4495,1.297,1.3861,1720,0
20130419,1.3663,1.4327,1.2673,1.4257,10,0
20130423,1.4327,1.4327,1.2921,1.4257,30,0
20130424,1.4257,1.4327,1.2921,1.3911,10,0
20130425,1.3911,1.4327,1.2921,1.4059,1010,0
20130426,1.4059,1.4327,1.3069,1.3069,440,0
20130429,1.4327,1.4327,1.3465,1.4059,3645,0
20130430,1.4059,1.4683,1.3465,1.4683,3912,0
20130502,1.4337,1.502,1.3465,1.4653,1740,0
20130506,1.3465,1.4337,1.3465,1.4297,5757,0
20130508,1.3465,1.5069,1.3465,1.5069,10,0
20130509,1.4634,1.4752,1.3634,1.4752,126,0
20130513,1.3564,1.4634,1.3564,1.4554,1364,0
20130515,1.4554,1.4634,1.3465,1.3465,16,0
20130516,1.3564,1.4634,1.3564,1.4554,993,0
20130517,1.4634,1.5287,1.3574,1.3634,1162,0
20130522,1.3634,1.4634,1.3634,1.4624,673,0
20130529,1.4851,1.4861,1.3861,1.4861,185,0
20130530,1.3861,1.4861,1.3861,1.4861,13,0
20130603,1.4455,1.4861,1.4455,1.4624,168,0
20130604,1.4861,1.497,1.4267,1.497,379,0
20130605,1.4455,1.497,1.4267,1.4465,336,0
20130610,1.497,1.497,1.4455,1.4455,505,0
20130612,1.4455,1.497,1.4455,1.4554,336,0
20130614,1.497,1.497,1.4455,1.4465,404,0
20130620,1.4455,1.5149,1.4455,1.4624,2020,0
20130625,1.4624,1.497,1.4455,1.4624,33,0
20130704,1.4703,1.5248,1.3713,1.5248,1313,0
20130708,1.497,1.505,1.3881,1.505,15,0
20130709,1.4703,1.497,1.3713,1.4713,1010,0
20130710,1.4713,1.5069,1.3713,1.3822,25,0
20130712,1.4822,1.505,1.3713,1.3713,33,0
20130715,1.4822,1.4822,1.3713,1.3713,25,0
20130723,1.4822,1.4822,1.3713,1.4703,2039,0
20130724,1.4703,1.4822,1.3713,1.3713,101,0
20130726,1.4861,1.5842,1.3861,1.4851,3745,0
20130729,1.5842,1.6228,1.4465,1.6228,2525,0
20130730,1.5832,1.5842,1.4842,1.5446,2121,0
20130806,1.5812,1.5842,1.5347,1.5356,168,0
20130807,1.5812,1.5842,1.5347,1.5842,303,0
20130809,1.5713,1.5842,1.498,1.5842,67,0
20130814,1.5158,1.5901,1.5149,1.5842,1313,0
20130815,1.5515,1.6287,1.5515,1.6287,1313,0
20130816,1.5901,1.7505,1.5842,1.6515,6060,0
20130822,1.7515,1.7624,1.6208,1.6208,10,0
20130823,1.7198,1.7515,1.5842,1.5842,168,0
20130827,1.7317,1.7317,1.5842,1.6505,1212,0
20130829,1.5842,1.6891,1.5842,1.5842,3030,0
20130904,1.5455,1.6614,1.4376,1.4376,3737,0
20130909,1.5139,1.6337,1.5139,1.5139,13,0
20130910,1.6218,1.6337,1.4743,1.5713,1587,0
20130911,1.5327,1.6426,1.4337,1.6426,2853,0
20130919,1.504,1.6129,1.504,1.603,67,0
20130923,1.6129,1.6139,1.4653,1.601,302,0
20130924,1.601,1.601,1.4267,1.5257,1313,0
20130925,1.4782,1.5842,1.3644,1.5842,5935,0
20130926,1.5455,1.5614,1.3376,1.4851,22236,0
20130927,1.4485,1.5198,1.3366,1.3366,2289,0
20130930,1.5059,1.5059,1.3861,1.4356,1531,0
20131004,1.4248,1.5743,1.3861,1.5743,3091,0
20131007,1.5366,1.5366,1.3861,1.3861,242,0
20131014,1.5337,1.5337,1.3861,1.4851,1414,0
20131015,1.5198,1.5198,1.3861,1.3861,36,0
20131016,1.4406,1.5446,1.3861,1.4851,8898,0
20131017,1.4851,1.5673,1.3861,1.5139,49965,0
20131018,1.4772,1.5109,1.3861,1.3861,3488,0
20131021,1.4743,1.5436,1.3861,1.5436,657,0
20131022,1.4743,1.5347,1.3861,1.4851,26782,0
20131023,1.4762,1.5149,1.3861,1.4851,20671,0
20131024,1.4772,1.4861,1.3861,1.4802,16496,0
20131025,1.4861,1.4861,1.3861,1.3861,2188,0
20131029,1.5198,1.5208,1.3861,1.3881,2967,0
20131031,1.3881,1.5208,1.3881,1.4901,333,0
20131104,1.5208,1.5208,1.3861,1.4851,2550,0
20131105,1.3861,1.5347,1.3861,1.5347,1551,0
20131106,1.398,1.5713,1.398,1.4723,1313,0
20131107,1.5327,1.6109,1.4337,1.4554,1192,0
20131112,1.5455,1.5465,1.4465,1.4851,7878,0
20131115,1.4158,1.5911,1.4158,1.5911,505,0
20131118,1.5842,1.6218,1.5455,1.6218,3258,0
20131119,1.5832,1.6832,1.5822,1.6832,1,0
20131121,1.5842,1.6733,1.5842,1.5842,33,0
20131129,1.6337,1.7277,1.6337,1.7079,4966,0
20131202,1.6475,1.6475,1.6337,1.6337,4785,0
20131203,1.6475,1.6475,1.596,1.6337,11783,0
20131204,1.6475,1.6535,1.599,1.6535,177,0
20131205,1.6475,1.6475,1.6149,1.6238,1182,0
20131211,1.6149,1.6554,1.6149,1.6238,11675,0
20131213,1.6475,1.6653,1.6248,1.6248,1252,0
20131216,1.6653,1.6653,1.6248,1.6535,11480,0
20131218,1.6149,1.6554,1.6149,1.6535,336,0
20131220,1.6347,1.6743,1.6337,1.6347,101,0
20131223,1.6347,1.6743,1.6337,1.6446,185,0
20131227,1.6446,1.7723,1.6139,1.7723,3408,0
20131230,1.6842,1.698,1.6327,1.6337,303,0
20140103,1.704,1.7455,1.703,1.704,1709,0
20140106,1.704,1.7881,1.703,1.7386,1245,0
20140107,1.7396,1.7822,1.7386,1.7822,202,0
20140109,1.7624,1.9158,1.7624,1.901,4545,0
20140110,1.8703,2.0693,1.8693,2.0594,5747,0
20140113,1.9812,2.0644,1.9802,2.0644,2424,0
20140115,1.9812,2.0644,1.9802,2,1485,0
20140116,2.0228,2.1287,1.9802,2.1287,8136,0
20140117,2.1287,2.1683,2.0792,2.1188,5945,0
20140121,2.0802,2.1129,2.0495,2.0495,2071,0
20140123,2.0802,2.0802,1.9059,1.9802,545,0
20140124,1.9802,1.9802,1.8842,1.8842,1515,0
20140128,1.8842,1.9307,1.8842,1.9307,2061,0
20140204,1.8911,2.0485,1.8842,2.0485,2076,0
20140205,1.999,2.0931,1.999,2.0891,957,0
20140207,2.0386,2.0891,2.0386,2.0386,235,0
20140211,2.0901,2.198,2.0891,2.1792,811,0
20140212,2.1792,2.296,2.1782,2.2871,1245,0
20140213,2.3337,2.3891,2.2772,2.3832,1010,0
20140214,2.3762,2.3861,2.297,2.297,4444,0
20140217,2.3931,2.3931,2.3525,2.3574,67,0
20140218,2.3525,2.5545,2.3525,2.5545,9696,0
20140219,2.4931,2.5743,2.4634,2.5198,2040,0
20140220,2.4931,2.4931,2.403,2.4663,707,0
20140221,2.4109,2.4673,2.3525,2.4109,505,0
20140224,2.4673,2.4673,2.3525,2.4109,222,0
20140226,2.4644,2.4644,2.3525,2.4356,3030,0
20140228,2.2624,2.4356,2.1347,2.296,7885,0
20140305,2.2396,2.3515,2.2396,2.297,1818,0
20140307,2.3515,2.4851,2.2941,2.4752,2799,0
20140310,2.4851,2.6535,2.4248,2.5881,1616,0
20140312,2.5129,2.5129,2.3921,2.4436,996,0
20140313,2.4436,2.504,2.3842,2.4436,1212,0
20140317,2.2713,2.4406,2.2158,2.3812,3654,0
20140318,2.4406,2.4406,2.3228,2.3228,707,0
20140326,2.3861,2.4455,2.3861,2.3861,808,0
20140328,2.3861,2.4455,2.3861,2.4455,1279,0
20140331,2.4455,2.4455,2.3277,2.3277,2606,0
20140402,2.0198,2.3238,2.0198,2.2673,2525,0
20140409,2.3347,2.3911,2.2772,2.3327,505,0
20140411,2.3911,2.3911,2.2772,2.2772,505,0
20140414,2.3069,2.8713,2.2673,2.7228,20404,0
20140415,2.7228,2.7228,2.5931,2.5931,101,0
20140417,2.5931,2.7624,2.5931,2.7624,101,0
20140422,2.6733,2.9604,2.6733,2.6921,1717,0
20140423,2.8267,3.1683,2.6921,3.1683,7157,0
20140425,3.0693,3.1683,3.0198,3.1683,6030,0
20140428,2.998,3.1475,2.998,3.0198,71,0
20140429,3.1475,3.2871,2.998,3.0198,164,0
20140430,3.0198,3.1881,3.0198,3.0297,956,0
20140502,3.1475,3.1584,2.9901,3.1584,2693,0
20140505,3.1188,3.2079,2.998,3.0297,707,0
20140506,2.8762,3.1198,2.8663,2.8762,168,0
20140507,2.8762,3.1198,2.6663,2.6663,2824,0
20140509,2.801,2.9317,2.6673,2.8713,2,0
20140512,2.8713,2.9317,2.6673,2.6931,168,0
20140513,2.7347,2.8634,2.604,2.6634,253,0
20140515,2.797,3.0149,2.6634,2.6832,788,0
20140516,2.6832,2.9406,2.6832,2.7327,81,0
20140519,2.7337,2.8416,2.7327,2.7327,21,0
20140521,2.9505,2.9505,2.7426,2.7604,392,0
20140523,2.7624,2.9406,2.7624,2.7624,2236,0
20140527,2.8416,2.9455,2.7327,2.8218,303,0
20140530,2.9109,2.9653,2.701,2.701,2959,0
20140602,2.8356,2.9703,2.701,2.8713,2760,0
20140603,2.9208,2.9703,2.8713,2.8713,337,0
20140605,2.9851,3.3703,2.9059,2.9059,3274,0
20140606,3.0515,3.2871,2.9059,3.0525,1759,0
20140610,3.0525,3.5149,3.0525,3.3475,3815,0
20140611,3.3475,4.1584,3.3475,3.6634,21497,0
20140612,3.6634,3.7554,3.6634,3.6634,804,0
20140613,3.7059,3.7426,3.5644,3.6634,2469,0
20140616,3.6634,4.2574,3.6634,4.0545,5919,0
20140617,4.2307,4.4059,4.0545,4.0594,5235,0
20140618,4.2079,4.4455,4.0594,4.3564,2963,0
20140620,4.1485,4.2525,3.7149,3.9604,2206,0
20140623,4.0238,4.1574,3.9604,4.0594,2960,0
20140624,4.1089,4.1584,3.9604,3.9604,3030,0
20140625,3.9604,4.1475,3.7723,3.7723,1162,0
20140626,3.7723,4.1475,3.7723,3.802,1415,0
20140627,4.1485,4.1485,3.802,3.9277,221,0
20140630,3.8287,4.1485,3.6634,3.7723,784,0
20140701,3.9554,4.1386,3.7723,3.9416,121,0
20140702,4.0406,4.1089,3.9129,3.9129,303,0
20140703,4.0109,4.0287,3.7267,3.7267,143,0
20140707,3.9703,4.1386,3.1871,3.3376,11123,0
20140708,3.3376,3.6693,3.1782,3.395,2306,0
20140709,3.395,3.6703,3.395,3.495,1515,0
20140710,3.6703,3.8416,3.495,3.5644,505,0
20140711,3.6119,3.698,3.5644,3.6931,2020,0
20140715,3.6931,3.8119,3.5644,3.6307,20,0
20140716,3.7267,3.8119,3.6307,3.6307,20,0
20140717,3.7267,3.7267,3.4653,3.505,3687,0
20140721,3.7564,3.7564,3.4059,3.4059,661,0
20140723,3.5762,3.6574,3.4059,3.4059,101,0
20140724,3.4871,3.6574,3.2059,3.2535,4242,0
20140725,3.4158,3.5772,3.2248,3.2673,2,0
20140728,3.4069,3.5772,3.2673,3.2673,1683,0
20140729,3.3455,3.5772,3.2673,3.2673,7,0
20140731,3.2772,3.5772,3.1683,3.1683,1170,0
20140801,3.1683,3.4842,3.0693,3.0693,2646,0
20140805,3.2228,3.3752,2.7228,2.8713,6343,0
20140813,3.295,3.4653,3.2673,3.2673,1010,0
20140814,3.4307,3.9604,3.2673,3.9604,9383,0
20140815,3.7525,3.9594,3.7248,3.8614,920,0
20140819,3.8614,3.8614,3.2673,3.2673,4329,0
20140820,3.2673,3.5139,3.0099,3.2772,17059,0
20140821,3.2723,3.6634,3.1188,3.5149,859,0
20140822,3.5911,3.6535,3.3228,3.4891,339,0
20140825,3.4891,3.6535,3.3228,3.5149,44,0
20140828,3.6238,3.8614,3.6238,3.7129,2652,0
20140829,3.7426,3.996,3.6238,3.6683,819,0
20140901,3.6,3.6535,3.5356,3.5644,744,0
20140902,3.6139,3.6624,3.395,3.395,2020,0
20140903,3.5396,3.6624,3.4158,3.5644,2020,0
20140905,3.5743,3.6624,3.5644,3.6139,3969,0
20140908,3.6386,3.7119,3.5267,3.7119,7875,0
20140909,3.5941,3.7218,3.5941,3.5941,556,0
20140910,3.6535,3.6535,3.5941,3.5941,760,0
20140911,3.6238,3.6525,3.5743,3.5842,960,0
20140912,3.404,3.6525,3.3663,3.3663,1156,0
20140915,3.3663,3.5723,3.3663,3.395,101,0
20140916,3.4851,3.5743,3.395,3.4752,202,0
20140917,3.5248,3.5723,3.2059,3.5238,3767,0
20140922,3.4653,3.5238,3.2911,3.3782,3030,0
20140923,3.3782,3.4644,3.2911,3.3663,101,0
20140924,3.2911,3.4644,3.2673,3.3168,370,0
20140925,3.3663,3.4644,2.9208,3.1089,22729,0
20140926,2.9802,3.2228,2.9802,3.0792,505,0
20140929,2.9802,3.3663,2.9802,3.0792,5153,0
20140930,3.2307,3.3644,3.096,3.096,1478,0
20141001,3.2129,3.3653,3.0604,3.0792,2020,0
20141002,2.8812,3.5396,2.8812,3.5396,5110,0
20141006,3.2059,3.5248,3.1683,3.3762,1721,0
20141008,3.3663,3.5248,3.2059,3.2059,505,0
20141009,3.3663,3.5257,3.2059,3.2079,1402,0
20141010,3.0069,3.3059,2.8218,2.8713,1889,0
20141013,2.8713,3.1574,2.8713,2.9515,2527,0
20141014,3.0723,3.2168,2.9257,2.9307,808,0
20141017,2.9703,3.2564,2.9604,3.2139,465,0
20141020,3.3416,3.3663,3.0693,3.2594,2128,0
20141021,3.3465,3.3564,3.0693,3.1495,404,0
20141022,3.0693,3.3475,3.0693,3.0891,192,0
20141023,3.2178,3.3475,3.0644,3.0644,1010,0
20141029,3.2178,3.3475,3.0594,3.1178,25,0
20141031,3.2178,3.3475,3.0693,3.098,404,0
20141103,3.1188,3.3208,2.8713,2.9802,1077,0
20141104,2.9604,3.2554,2.9604,3.0802,429,0
20141106,3.0792,3.2554,3.0198,3.0356,1010,0
20141110,3.2129,3.4455,3.0594,3.2663,4399,0
20141112,3.2059,3.8109,3.1119,3.8109,3878,0
20141113,3.5149,3.7614,3.3297,3.3297,808,0
20141114,3.4653,3.5634,3.2673,3.2822,707,0
20141119,3.297,3.5436,3.2426,3.2604,1540,0
20141120,3.3614,3.4644,3.0881,3.1426,631,0
20141124,3.2426,3.395,3.0693,3.0921,303,0
20141125,3.2337,3.3861,3.0653,3.0653,909,0
20141127,3.2436,3.3861,3.0891,3.0891,2525,0
20141128,3.2436,3.3861,3.0891,3.0891,1010,0
20141201,3.2436,3.3861,3.0792,3.0901,764,0
20141203,3.0891,3.2168,3.0673,3.0673,6,0
20141205,3.1386,3.2743,3.0792,3.1535,2222,0
20141208,3.2743,3.2752,3.1188,3.1515,101,0
20141209,3.1188,3.2752,3.0792,3.0921,1865,0
20141210,3.0891,3.2436,3.0792,3.0881,335,0
20141217,3.0792,3.2337,2.9703,2.9812,707,0
20141229,3.1297,3.1297,2.8287,2.8713,3232,0
20141230,2.8733,3.1099,2.8723,3.0158,33,0
20150107,3.0198,3.3218,3.0198,3.1634,538,0
20150114,3.3218,3.3297,3.0644,3.1178,111,0
20150115,3.0644,3.2337,3.0198,3.0366,889,0
20150116,3.1911,3.4743,3.0396,3.2515,657,0
20150119,3.3,3.4653,3.2406,3.302,101,0
20150120,3.403,3.403,3.102,3.1574,101,0
20150121,3.102,3.3505,3.0614,3.1752,508,0
20150122,3.3505,3.3673,3.0594,3.1099,976,0
20150123,3.2119,3.3663,3.0594,3.1228,707,0
20150126,3.2228,3.3267,3.0693,3.2139,561,0
20150128,3.1683,3.3267,3.1683,3.1812,1346,0
20150129,3.2119,3.2129,3.0594,3.0802,763,0
20150202,3.2129,3.2129,3.0545,3.0545,471,0
20150206,3.2129,3.2515,3.0594,3.0792,4040,0
20150209,3.2119,3.2129,3.0594,3.1218,33,0
20150210,3.0594,3.3485,3.0594,3.2475,3891,0
20150211,3.3455,3.4475,3.0594,3.2723,4979,0
20150212,3.2673,3.4802,3.2673,3.3158,6080,0
20150213,3.3099,3.4752,3.2119,3.2119,2965,0
20150216,3.3485,3.3495,3.1693,3.1693,3653,0
20150218,3.1119,3.3139,3.1119,3.1901,1371,0
20150219,3.2178,3.3139,3.195,3.195,101,0
20150223,3.2178,3.3545,3.195,3.195,2020,0
20150225,3.2178,3.3139,3.1901,3.1901,636,0
20150227,3.2178,3.6634,3.2178,3.603,14765,0
20150302,3.5248,3.9762,3.5248,3.6139,7899,0
20150303,3.6228,3.802,3.5238,3.5238,42,0
20150304,3.5347,3.7099,3.3327,3.4208,3909,0
20150305,3.4,3.9069,3.4,3.6663,1276,0
20150306,3.6861,3.7782,3.6644,3.6644,134,0
20150310,3.4891,3.6624,3.4743,3.4743,441,0
20150311,3.4901,3.6634,3.4653,3.4653,1554,0
20150313,3.4772,3.6792,3.4772,3.5663,2526,0
20150316,3.7525,4.0446,3.5881,3.9733,2587,0
20150317,3.9703,4.0436,3.8079,3.8079,1137,0
20150318,3.8733,4.103,3.8733,3.9495,5782,0
20150319,3.9208,4.6535,3.8822,4.6535,3731,0
20150320,4.5545,5.0901,4.2911,4.6535,32384,0
20150323,4.6525,4.8317,4.5386,4.6693,12236,0
20150324,4.6851,4.9297,4.6851,4.703,4208,0
20150325,4.7525,4.9703,4.4554,4.4861,12074,0
20150326,4.4723,5.0495,4.3069,4.5376,12047,0
20150327,4.6733,4.7624,4.3574,4.3574,4510,0
20150330,4.2446,4.6683,4.2446,4.3208,3798,0
20150331,4.2178,4.4277,3.8614,4.0802,5545,0
20150402,3.9703,4.1673,3.8644,3.9644,2738,0
20150409,4.0257,4.0931,4.0257,4.0931,2020,0
20150410,3.9713,4.1485,3.9713,4.1485,303,0
20150413,3.9703,4.1683,3.9703,4.1683,758,0
20150414,3.9703,4.1485,3.9703,4.1485,506,0
20150415,3.9703,4.1485,3.9703,4.1485,51,0
20150421,3.9703,4.1525,3.9703,4.1525,1810,0
20150422,3.9713,4.1089,3.9713,4.1089,505,0
20150424,4.0099,4.0594,4.0099,4.0594,2640,0
20150427,4.0109,4.2574,4.0109,4.198,3474,0
20150429,4.197,4.2129,4.1802,4.1802,2662,0
20150430,4.0782,4.0782,3.9119,3.9119,1263,0
20150504,3.9119,4.105,3.9119,4.105,1305,0
20150505,4.099,4.2376,4.099,4.2376,4,0
20150507,4.099,4.099,3.796,3.796,1869,0
20150508,3.703,4.0257,3.703,4.0257,2395,0
20150511,4.1238,4.1238,4.0228,4.1089,453,0
20150512,4.1188,4.9505,4.1188,4.7525,38118,0
20150513,4.6366,4.7525,4.3762,4.3762,2368,0
20150514,4.2693,4.2693,4.2693,4.2693,253,0
20150518,4.4554,4.4713,4.4554,4.4713,1090,0
20150519,4.4554,4.703,4.2238,4.4208,4760,0
20150520,4.2347,4.4554,4.2347,4.4554,303,0
20150521,4.2446,4.4455,4.2446,4.4059,323,0
20150522,4.2178,4.2574,4.2178,4.2574,336,0
20150526,4.2079,4.3762,4.2079,4.3762,101,0
20150527,4.197,4.5792,4.197,4.5792,4524,0
20150528,4.4673,4.6931,4.4673,4.6931,303,0
20150601,4.4792,4.7426,4.4792,4.7426,3581,0
20150602,4.7475,4.901,4.5277,4.802,5649,0
20150604,4.7525,4.799,4.7525,4.799,1096,0
20150605,4.799,5.1188,4.799,5.1188,384,0
20150608,4.9515,5.0495,4.8396,4.8396,1398,0
20150609,4.7525,4.8416,4.4168,4.5733,4107,0
20150610,4.4614,4.6842,4.4614,4.6842,572,0
20150611,4.5703,4.8515,4.5703,4.8317,2641,0
20150612,4.6208,4.8515,4.6208,4.8515,2143,0
20150616,4.6733,4.6891,4.6733,4.6891,429,0
20150618,4.9703,5.3465,4.9109,4.9406,1416,0
20150619,4.7158,4.9505,4.7158,4.9505,2854,0
20150622,4.9505,5.0495,4.7327,4.7327,1297,0
20150623,4.6733,4.7129,4.6733,4.7129,202,0
20150624,4.6733,4.6931,4.6733,4.6931,34,0
20150625,4.6733,4.6733,4.604,4.604,1119,0
20150626,4.5545,4.7525,4.5545,4.7525,8794,0
20150629,4.6366,5.198,4.6366,5.198,697,0
20150630,4.9515,5.1485,4.9515,5.1485,213,0
20150702,4.9515,5.1485,4.9515,5.1485,999,0
20150703,4.9515,5.1485,4.9505,4.9505,6161,0
20150706,4.9505,5.099,4.9505,4.9703,4061,0
20150707,4.7634,4.7822,4.7634,4.7822,84,0
20150708,4.7634,4.7792,4.7525,4.7525,758,0
20150709,4.703,4.703,4.6139,4.6139,3219,0
20150713,4.6535,4.7525,4.5347,4.7525,7385,0
20150714,4.6366,5,4.6366,5,808,0
20150715,5.198,5.297,5.0455,5.297,6115,0
20150716,5.297,5.3366,5.0931,5.1485,8716,0
20150717,5.0228,5.198,5.0228,5.198,18,0
20150720,5.0356,5.2871,5.0356,5.1485,2165,0
20150722,5.0277,5.3366,5.0277,5.2178,2954,0
20150723,5.2178,5.2871,5.1683,5.1683,606,0
20150724,5.2475,5.2475,5.2475,5.2475,145,0
20150727,5.2475,5.3267,5.099,5.099,4524,0
20150728,5.099,5.1683,5.0594,5.0594,2632,0
20150729,5.1386,5.1386,5.0396,5.0396,2020,0
20150731,5.0941,5.0941,5.0396,5.0396,2626,0
20150803,5.1485,5.1485,5.1485,5.1485,51,0
20150804,5.0495,5.1881,5.0495,5.1485,4622,0
20150805,5.198,5.198,5.198,5.198,190,0
20150806,5.2475,5.2475,5.2475,5.2475,1323,0
20150807,5.2475,5.2475,5.2475,5.2475,54,0
20150810,5.198,5.198,5,5,2525,0
20150811,5.1485,5.2376,5.1485,5.2376,548,0
20150812,5.2376,5.2376,5.2376,5.2376,192,0
20150813,5.198,5.198,5.198,5.198,202,0
20150817,5.1485,5.1485,5.1485,5.1485,182,0
20150819,5.1485,5.1485,5.1485,5.1485,202,0
20150820,5.1089,5.1089,4.9505,4.9505,2495,0
20150824,4.8515,4.8515,4.5545,4.5545,1548,0
20150825,4.5545,4.5545,4.5545,4.5545,8028,0
20150827,4.7525,4.7525,4.7525,4.7525,81,0
20150828,4.8525,5,4.8525,5,283,0
20150901,5.0495,5.0881,4.901,4.9099,3424,0
20150902,4.798,4.8505,4.798,4.8505,77,0
20150903,4.8515,4.8515,4.8515,4.8515,101,0
20150904,4.8614,4.8614,4.8614,4.8614,606,0
20150907,4.8703,4.8703,4.8703,4.8703,152,0
20150908,4.8307,4.8307,4.8307,4.8307,239,0
20150914,4.8505,4.8505,4.8505,4.8505,13,0
20150915,4.8515,4.8515,4.7634,4.7634,3081,0
20150916,4.801,4.802,4.801,4.802,2431,0
20150917,4.7723,4.7723,4.7723,4.7723,1010,0
20150918,4.8515,5.1584,4.8515,5.1584,6454,0
20150921,5.1475,5.1475,5.1475,5.1475,128,0
20150922,5,5,4.9802,4.9802,2323,0
20150924,4.9505,5.1584,4.9505,5.1584,8533,0
20150925,5.203,5.2406,5.203,5.2406,2525,0
20150930,5.198,5.198,5.198,5.198,707,0
20151001,5.2475,5.396,5.2079,5.396,2121,0
20151005,5.3465,5.5941,5.3465,5.3683,6560,0
20151006,5.3465,5.4455,5.3465,5.4455,2020,0
20151007,5.5446,5.5446,5.2475,5.2475,2303,0
20151013,5.0109,5.099,5.0099,5.099,3542,0
20151014,5.0436,5.0436,4.8614,4.8614,7112,0
20151015,4.8604,4.8614,4.8604,4.8614,1882,0
20151016,4.8515,4.8515,4.8515,4.8515,202,0
20151019,4.9109,4.9109,4.9109,4.9109,2020,0
20151020,4.8614,4.8614,4.8614,4.8614,509,0
20151021,5.099,5.2485,5.0594,5.0594,7015,0
20151022,5.1475,5.1475,5.1475,5.1475,51,0
20151023,4.9604,4.9604,4.9505,4.9505,1010,0
20151026,4.9505,4.9505,4.9505,4.9505,283,0
20151027,4.8515,4.8515,4.8515,4.8515,1201,0
20151028,4.802,4.802,4.802,4.802,914,0
20151029,4.803,4.803,4.802,4.802,2202,0
20151030,4.802,4.802,4.802,4.802,51,0
20151102,4.802,4.802,4.802,4.802,152,0
20151103,4.9,4.9,4.9,4.9,51,0
20151104,4.9198,4.9198,4.9198,4.9198,101,0
20151106,4.802,4.802,4.802,4.802,202,0
20151109,4.803,4.803,4.803,4.803,1064,0
20151110,4.802,4.901,4.802,4.901,2074,0
20151112,5.0198,5.0198,5.0198,5.0198,1009,0
20151113,4.8515,4.8515,4.7525,4.7525,4985,0
20151116,4.6545,4.6545,4.6535,4.6535,2020,0
20151119,4.801,4.801,4.801,4.801,296,0
20151124,4.8515,4.901,4.8515,4.901,6129,0
20151125,4.802,4.802,4.802,4.802,313,0
20151126,4.9495,5.0297,4.8515,5.0297,4507,0
20151130,4.8515,4.8515,4.8515,4.8515,61,0
20151201,5.0297,5.0297,5.0297,5.0297,2020,0
20151202,5.1485,5.1485,5.1485,5.1485,2020,0
20151204,5.0505,5.0505,5.0495,5.0495,929,0
20151207,5.3465,5.7426,5.3465,5.4475,7655,0
20151208,5.4515,5.4515,5.4406,5.4406,117,0
20151209,5.5941,5.5941,5.5941,5.5941,2020,0
20151211,5.4455,5.4455,5.4455,5.4455,808,0
20151214,5.3069,5.7426,5.3069,5.5446,6531,0
20151215,5.5832,5.5832,5.5832,5.5832,51,0
20151216,5.5545,5.6426,5.4059,5.6426,5065,0
20151217,5.6426,5.6436,5.5436,5.5446,1362,0
20151222,5.4545,5.4545,5.4545,5.4545,552,0
20151228,5.2485,5.2485,5.2485,5.2485,168,0
20151230,5.2465,5.2465,5.2465,5.2465,51,0
20160104,5.0505,5.0505,5.0495,5.0495,1010,0
20160105,5.1475,5.1475,5.1475,5.1475,21,0
20160113,4.8515,4.8515,4.8515,4.8515,592,0
20160114,4.7535,4.802,4.7515,4.802,4161,0
20160115,4.8515,4.9406,4.8515,4.9406,411,0
20160118,4.8911,4.8911,4.4564,4.4564,1205,0
20160119,4.6535,4.901,4.6347,4.901,2837,0
20160120,4.6535,4.6535,4.6525,4.6535,1089,0
20160121,4.702,4.702,4.702,4.702,37,0
20160122,4.5545,4.5545,4.5545,4.5545,606,0
20160125,4.7515,4.7515,4.7515,4.7515,88,0
20160202,4.7515,4.8515,4.7515,4.8515,4040,0
20160209,4.4554,4.4554,4.4554,4.4554,2861,0
20160211,4.4059,4.4059,4.4059,4.4059,385,0
20160212,4.505,4.505,4.505,4.505,120,0
20160215,4.5545,4.5545,4.5545,4.5545,1223,0
20160217,4.6337,4.6337,4.6337,4.6337,2020,0
20160222,4.8366,4.8515,4.8366,4.8515,3032,0
20160225,4.7733,4.901,4.7733,4.901,824,0
20160226,4.8416,4.8416,4.604,4.604,3104,0
20160229,4.9505,4.9505,4.9109,4.9109,2918,0
20160301,4.9495,4.9495,4.9495,4.9495,28,0
20160303,4.9307,4.9307,4.9307,4.9307,31,0
20160304,4.9733,4.9733,4.9733,4.9733,303,0
20160307,4.8723,5.0099,4.8723,4.9495,325,0
20160308,5.0099,5.098,5.0099,5.098,505,0
20160309,5.098,5.098,5.098,5.098,235,0
20160311,5.198,5.198,5.198,5.198,20,0
20160317,5.0198,5.0198,5.0198,5.0198,798,0
20160321,4.9713,4.9713,4.9713,4.9713,74,0
20160324,4.8525,4.8525,4.8515,4.8515,397,0
20160329,4.8515,4.9307,4.8515,4.9307,446,0
20160330,4.9505,4.9505,4.9505,4.9505,2020,0
20160401,5.0495,5.0495,5.0495,5.0495,479,0
20160405,5.0297,5.0297,4.902,4.902,2243,0
20160406,4.9901,4.9901,4.9901,4.9901,1414,0
20160407,5.099,5.099,5.099,5.099,101,0
20160408,5.0495,5.0495,5.0495,5.0495,56,0
20160411,4.9505,4.9505,4.9505,4.9505,2020,0
20160412,5.0297,5.0485,5.0297,5.0485,4508,0
20160413,4.9505,4.9505,4.9505,4.9505,5,0
20160414,5.1277,5.1287,4.9604,4.9604,2419,0
20160421,4.9703,4.9703,4.9703,4.9703,657,0
20160425,5.098,5.098,5.098,5.098,300,0
20160428,5.0386,5.0386,5.0386,5.0386,692,0
20160502,5.098,5.296,5.098,5.296,4661,0
20160503,5.2475,5.2584,5.2475,5.2584,1507,0
20160504,5.2614,5.2614,5.2614,5.2614,101,0
20160505,5.2663,5.2663,5.2663,5.2663,303,0
20160506,5.2267,5.2267,5.2267,5.2267,1192,0
20160509,5.0891,5.198,4.901,5.198,6516,0
20160511,5.297,5.297,5.297,5.297,12,0
20160512,5.3465,5.3465,5.3465,5.3465,909,0
20160513,5.4446,5.4446,5.4446,5.4446,455,0
20160517,5.5436,5.6436,5.5436,5.6436,2103,0
20160518,5.7228,5.7228,5.7228,5.7228,564,0
20160519,5.5446,5.5446,5.5446,5.5446,51,0
20160520,5.397,5.398,5.3663,5.3663,2477,0
20160523,5.3455,5.3455,5.2475,5.2475,2497,0
20160524,5.2475,5.2475,5.2475,5.2475,141,0
20160525,5.2079,5.2079,5.2079,5.2079,505,0
20160527,5.296,5.297,5.296,5.297,1257,0
20160530,5.4941,5.495,5.4941,5.495,1010,0
20160531,5.5446,5.5446,5.495,5.495,1414,0
20160601,5.5149,5.5149,5.495,5.495,2075,0
20160602,5.397,5.397,5.297,5.3465,3917,0
20160603,5.5446,5.5446,5.397,5.397,2020,0
20160606,5.5149,5.6426,5.5149,5.6426,3526,0
20160607,5.7921,5.9426,5.7921,5.7921,4790,0
20160608,6.0881,6.0881,5.8416,5.8416,2634,0
20160610,5.8416,5.8416,5.8416,5.8416,591,0
20160613,5.7436,5.7436,5.7426,5.7426,2152,0
20160614,5.9505,5.9505,5.7921,5.7921,3077,0
20160615,5.9396,5.9396,5.9396,5.9396,32,0
20160616,5.7426,5.7426,5.1703,5.5545,23357,0
20160617,5.6426,5.6535,5.6426,5.6535,1414,0
20160620,5.8416,5.9406,5.8416,5.9406,1832,0
20160621,5.9307,5.9307,5.8416,5.8416,4411,0
20160622,5.8426,5.8426,5.8426,5.8426,1070,0
20160623,5.8911,5.901,5.8911,5.901,945,0
20160624,5.6436,5.8416,5.6436,5.8416,7631,0
20160627,5.9416,5.9416,5.9406,5.9406,711,0
20160628,5.9406,5.9406,5.9406,5.9406,672,0
20160629,5.9406,5.9406,5.9406,5.9406,505,0
20160630,6.4356,6.5842,6.4356,6.4356,2977,0
20160701,6.4347,6.4356,6.1386,6.1386,3095,0
20160704,6.3861,6.3861,6.3861,6.3861,81,0
20160705,6.3851,6.3861,6.3851,6.3861,547,0
20160706,6.2525,6.2525,6.2525,6.2525,100,0
20160711,6.3861,6.6822,6.3861,6.6822,1183,0
20160712,6.7812,6.7812,6.6327,6.6327,406,0
20160713,6.4356,6.4356,6.4356,6.4356,981,0
20160714,6.703,7.4257,6.703,7.4257,3873,0
20160715,7.6733,7.6733,7.3752,7.3762,904,0
20160718,7.3762,7.3762,7.2772,7.2772,398,0
20160719,7.3762,7.3762,7.1792,7.1792,747,0
20160720,7.3752,7.3752,7.3752,7.3752,40,0
20160721,7.1297,7.1297,7,7,7902,0
20160722,7.0297,7.0297,7.0297,7.0297,1560,0
20160725,7.0307,7.0307,7.0297,7.0307,8318,0
20160726,7.1277,7.2277,7.1277,7.2277,4252,0
20160727,7.4257,7.9703,7.3762,7.9703,18877,0
20160728,7.9109,7.9109,7.7683,7.7683,566,0
20160729,7.7228,7.8713,7.7218,7.8713,3929,0
20160801,7.9208,7.9208,7.9208,7.9208,1010,0
20160803,7.8218,7.8713,7.8218,7.8713,2424,0
20160804,7.8713,7.9208,7.6743,7.9208,2898,0
20160805,7.9663,8.3168,7.9208,7.9208,6343,0
20160808,7.8881,7.8881,7.8881,7.8881,1150,0
20160810,8.0693,8.1693,8.0693,8.1347,4917,0
20160811,8.1198,8.1198,8.1188,8.1188,1212,0
20160812,8.1782,8.6139,8.1218,8.6139,11297,0
20160815,8.6139,8.7129,8.6139,8.6624,3780,0
20160816,8.6634,8.9109,8.6634,8.9109,1252,0
20160817,8.6931,8.9,8.6208,8.6208,2683,0
20160818,8.5644,8.5644,8.5644,8.5644,186,0
20160823,8.8119,8.8911,8.8119,8.8911,1384,0
20160824,8.901,8.901,8.901,8.901,76,0
20160825,8.8614,8.8614,8.8614,8.8614,45,0
20160826,8.8614,8.901,8.8614,8.901,1449,0
20160829,8.7624,9.3416,8.7624,9.3416,8024,0
20160830,9.2574,9.505,9.2079,9.505,6868,0
20160831,9.505,10.05,9.4802,9.802,14230,0
20160901,9.751,9.792,9.618,9.618,3798,0
20160902,9.891,9.901,9.2277,9.2277,6704,0
20160905,9.4059,9.4059,8.9594,8.9604,2464,0
20160906,8.9119,8.9119,8.7129,8.7129,1653,0
20160907,8.9614,8.9614,8.9614,8.9614,606,0
20160908,8.9119,8.9119,8.9109,8.9119,6398,0
20160909,8.9119,8.9119,8.9109,8.9109,2725,0
20160912,8.9109,9.1089,8.9109,9.1089,3566,0
20160913,9.396,9.812,9.2079,9.3564,6496,0
20160914,9.801,9.801,9.801,9.801,253,0
20160915,9.604,9.697,9.604,9.697,155,0
20160916,9.871,9.871,9.871,9.871,170,0
20160919,9.871,9.871,9.871,9.871,571,0
20160920,9.901,10,9.752,10,900,0
20160921,10,10,9.9,9.9,303,0
20160922,9.651,9.95,9.651,9.95,1250,0
20160923,9.8,9.9,9.8,9.9,1200,0
20160926,9.65,9.65,9.286,9.286,1700,0
20160927,9.05,9.05,8.939,8.939,4168,0
20160928,9.2,9.295,9.1,9.1,1480,0
20160929,9.01,9.01,8.85,8.85,1906,0
20160930,8.7,8.7,8.45,8.45,1420,0
20161004,8.301,8.301,7.61,7.994,22535,0
20161005,8.09,8.2,8,8,3240,0
20161007,8,8,8,8,6,0
20161010,8,8,7.85,7.9,2949,0
20161012,7.92,7.92,7.92,7.92,120,0
20161013,8.1,8.1,8.1,8.1,1300,0
20161014,8.3,8.3,8,8,800,0
20161017,8,8,7.9,7.9,198,0
20161019,8,8,8,8,200,0
20161020,7.95,7.95,7.95,7.95,97,0
20161021,8,8,8,8,135,0
20161024,8,8,8,8,40,0
20161025,8,8,8,8,1106,0
20161028,8.4,8.4,8.1,8.1,3610,0
20161031,8.25,8.25,8.225,8.225,1757,0
20161101,8.199,8.199,8.199,8.199,100,0
20161102,8.099,8.099,8,8,210,0
20161104,7.8,7.8,7.8,7.8,1300,0
20161107,7.899,7.99,7.75,7.75,1400,0
20161108,7.849,7.849,7.849,7.849,185,0
20161109,7.6,8,7.5,7.82,3115,0
20161110,7.999,7.999,7.999,7.999,284,0
20161111,7.9,7.9,7.9,7.9,300,0
20161114,7.9,7.9,7.7,7.7,649,0
20161116,7.725,7.725,7.725,7.725,724,0
20161117,7.5,7.5,7.16,7.16,1420,0
20161121,7.25,7.949,7.25,7.77,3667,0
20161122,8.1,8.199,8.05,8.15,2426,0
20161123,8.2,8.249,8.09,8.249,1500,0
20161124,8.35,8.45,8.3,8.3,1040,0
20161128,8.2,8.935,8.2,8.69,11435,0
20161129,8.69,8.69,8.502,8.502,215,0
20161130,8.5,8.688,8.5,8.591,1208,0
20161201,8.65,8.65,8.5,8.649,3232,0
20161202,8.65,8.9,8.6,8.9,5241,0
20161205,8.949,9.45,8.949,9.25,18172,0
20161206,9.45,9.85,9.4,9.568,4247,0
20161207,10.055,10.055,9.8,9.8,5126,0
20161208,9.95,10.1,9.85,9.85,4603,0
20161209,9.9,10.05,9.8,9.8,2050,0
20161212,9.9,9.9,9.728,9.728,2344,0
20161213,9.809,9.81,9.809,9.81,1000,0
20161214,9.7,9.7,9.7,9.7,96,0
20161215,9.601,9.65,9.551,9.551,2541,0
20161216,9.501,9.501,9.5,9.5,1868,0
20161219,9.7,9.7,9.5,9.5,1000,0
20161220,9.44,9.55,9.4,9.4,854,0
20161221,9.45,9.45,9.45,9.45,687,0
20161222,9.35,9.35,8.61,8.61,2520,0
20161223,8.501,8.501,8.361,8.361,1017,0
20161227,8.5,8.5,8.45,8.45,1640,0
20161228,8.6,8.6,8.6,8.6,100,0
20161229,8.945,8.96,8.894,8.894,2705,0
20161230,8.999,8.999,8.7,8.7,937,0
20170102,8.795,9.18,8.795,8.92,5605,0
20170103,9.1,9.501,9,9.27,4644,0
20170104,9.45,9.45,9.45,9.45,50,0
20170105,9,9.25,8.95,8.95,3386,0
20170106,9.1,9.1,9.1,9.1,418,0
20170109,9.349,10.05,9.3,9.9,6657,0
20170110,9.9,10.5,9.9,10.255,2904,0
20170111,10.41,10.54,10.15,10.25,6993,0
20170112,10.105,10.25,10.1,10.25,1682,0
20170113,10.345,10.64,10.305,10.64,2046,0
20170116,10.8,10.95,10.39,10.39,7552,0
20170117,10.595,10.6,10.405,10.405,2626,0
20170118,10.4,10.545,10,10,6807,0
20170119,10.295,10.35,10.05,10.185,2368,0
20170120,10.28,10.345,10.2,10.345,1235,0
20170123,10.4,10.53,10.39,10.445,463,0
20170124,10.305,10.305,10.3,10.3,1265,0
20170125,10.3,10.305,10.295,10.3,4347,0
20170126,10.29,10.455,10.29,10.45,3593,0
20170127,10.49,10.49,10.49,10.49,652,0
20170130,10.45,10.49,10.36,10.36,2893,0
20170131,10.31,10.4,10.005,10.4,1977,0
20170201,10.45,10.45,9.45,9.526,7393,0
20170202,9.992,9.992,9.48,9.831,6000,0
20170203,9.947,9.947,9.947,9.947,400,0
20170206,9.95,10.25,9.85,10.25,4446,0
20170207,10.22,10.22,9.9,9.9,1316,0
20170208,10,10.045,10,10.045,183,0
20170210,9.85,9.85,9.3,9.451,1450,0
20170213,9.85,9.85,9.85,9.85,313,0
20170214,9.46,9.778,9.46,9.778,1616,0
20170215,9.661,9.661,9.661,9.661,25,0
20170216,9.9,9.9,9.817,9.817,352,0
20170217,9.9,9.9,9.9,9.9,50,0
20170220,9.699,9.699,9.699,9.699,176,0
20170221,9.6,9.6,9.6,9.6,150,0
20170222,9.699,9.7,9.699,9.7,400,0
20170223,9.699,9.7,9.699,9.7,500,0
20170224,9.55,9.55,9.25,9.25,3000,0
20170227,9.582,9.649,9.3,9.3,861,0
20170228,9.6,9.95,9.6,9.945,5280,0
20170301,10.045,10.2,10,10.13,3458,0
20170302,10.01,10.01,9.95,9.95,200,0
20170303,10.2,10.205,10.2,10.2,2500,0
20170307,9.95,10.15,9.95,10.15,270,0
20170308,10.2,10.2,10.2,10.2,20,0
20170310,10.18,10.18,9.944,10.095,143,0
20170313,10,10,9.887,9.887,820,0
20170314,10.1,10.1,10.1,10.1,150,0
20170315,10.05,10.05,10.05,10.05,300,0
20170316,9.95,9.95,9.95,9.95,400,0
20170317,9.85,9.85,9.85,9.85,300,0
20170320,9.717,10.05,9.71,10.05,3195,0
20170321,10.29,10.3,9.95,9.95,1130,0
20170322,9.762,9.762,9.69,9.69,1250,0
