Date,Open,High,Low,Close,Volume,OpenInt
20070504,48.5,48.5,48.5,48.5,600,0
20070510,49,49,49,49,100,0
20070518,45,45,45,45,100,0
20070522,42,42,42,42,200,0
20070523,39.55,39.55,39.55,39.55,300,0
20070525,35.5,36.5,34.5,35.1,555900,0
20070529,35.25,35.62,34.6,35.38,35500,0
20070530,34.98,35.2,34.75,35,24100,0
20070531,35,35,33.5,33.5,84400,0
20070601,33,33,31.22,31.67,94400,0
20070604,31.27,31.5,29,29.52,109700,0
20070605,29.4,30.44,28.79,29.9,55100,0
20070606,29.76,29.76,27.82,28.6,34900,0
20070607,29.12,29.12,28.5,29,200,0
20070608,28.5,31.01,28,30.46,19400,0
20070611,31.02,33.98,31.02,32.8,15000,0
20070612,32.5,32.95,31,31,13100,0
20070613,31.01,32.4,30.85,31.5,16700,0
20070614,31,31.99,29.36,30.68,18900,0
20070615,30.18,31.5,30,31.5,3900,0
20070618,31.1,31.8,31.1,31.6,5200,0
20070619,31.8,31.8,31.3,31.7,6600,0
20070620,31.64,31.7,30.38,31,11700,0
20070621,31.25,31.25,29,30.2,18400,0
20070622,30.82,30.82,29.57,30,7500,0
20070625,29.5,29.75,29.42,29.75,2900,0
20070626,30,30,29.01,29.98,3900,0
20070627,29.99,29.99,29.5,29.77,1000,0
20070628,29.9,30.2,29.25,29.5,16100,0
20070629,30,30,28.6,29.4,10400,0
20070702,29.5,29.5,28.4,28.5,6400,0
20070703,28.9,29,26.32,28,25900,0
20070704,28,28.1,27.7,27.7,3700,0
20070705,28,28.15,27.5,27.7,6000,0
20070706,27.7,27.8,27,27,9500,0
20070709,26.5,27.72,26,27.68,5000,0
20070710,28.1,29.9,28.1,29.7,2700,0
20070711,29.85,29.85,29.4,29.8,200,0
20070712,30,30.31,29.8,29.9,9400,0
20070713,30,30,29.3,29.9,2200,0
20070716,29.9,31.6,29.9,31.4,12300,0
20070717,32,32,30.8,31,1100,0
20070718,30.99,30.99,29.44,29.9,2400,0
20070719,29.9,29.9,29.18,29.45,10300,0
20070720,28.52,29.85,28.36,29.85,3600,0
20070723,29.97,29.97,28.37,28.5,5200,0
20070724,29,29,27.6,28.8,14000,0
20070725,28.05,28.05,27.3,27.4,11500,0
20070726,27.6,27.6,24.52,25,20700,0
20070727,25.35,25.35,22.5,22.6,24700,0
20070730,23.01,23.8,23,23.8,16400,0
20070731,24.23,25.41,24,24.7,3600,0
20070801,25.15,25.2,23,23.5,8200,0
20070802,23.85,23.85,23,23.3,13900,0
20070803,23.3,24.35,23,24.35,5300,0
20070806,24.35,25.75,24,25.25,11000,0
20070807,25.5,25.5,24.3,25,1100,0
20070808,24.5,24.5,23.76,23.76,2100,0
20070809,24.19,24.19,22.27,23.2,5400,0
20070810,24.35,24.35,22.39,23.17,3200,0
20070813,22.65,23.2,21.6,22,10200,0
20070814,22.16,22.16,20.75,20.75,3100,0
20070815,20.5,20.58,19.86,20.58,1200,0
20070816,19.65,20.5,18.5,19.9,14400,0
20070817,19.53,19.53,15.99,17.6,24800,0
20070820,18.8,18.8,16.6,17.9,22400,0
20070821,17.99,18,14.88,15.99,42800,0
20070822,16.25,16.25,14.5,14.7,21300,0
20070823,14.9,14.9,13.5,14,30600,0
20070824,14.39,16,14.35,15.49,44400,0
20070827,16.5,17.4,15.56,16,30700,0
20070828,16.01,17,15.8,15.8,11900,0
20070829,15.5,15.75,15.4,15.63,4500,0
20070830,16.15,16.35,15.9,16.15,7100,0
20070831,16.1,16.3,16,16,12000,0
20070903,16,16.19,15.75,16.19,3500,0
20070904,15.99,16,13.6,14,27100,0
20070905,14.2,14.7,13.65,14.06,21100,0
20070906,14.06,14.5,13.99,14.21,12100,0
20070907,14.65,15,13.1,13.15,10500,0
20070910,13,14.5,12.84,12.84,30100,0
20070911,12.84,13.21,12.5,12.7,9100,0
20070912,12.7,12.76,11.99,12,7300,0
20070913,12,12,10.52,11.38,52700,0
20070914,11.21,13,10.45,10.99,94600,0
20070917,11.25,12.3,11.09,11.75,29300,0
20070918,11.85,12.43,11.6,11.7,16700,0
20070919,11.99,13.07,11.8,12.45,25000,0
20070920,12.5,15.24,12.5,14.78,42600,0
20070921,15.05,16.2,14.26,14.77,13500,0
20070924,15.2,15.2,14.5,15,14000,0
20070925,15,15,14.37,14.37,23700,0
20070926,14.76,15.77,14.75,14.9,15300,0
20070927,15.58,15.7,15,15,8300,0
20070928,15.4,16.85,15.2,15.46,14600,0
20071001,16.14,16.58,15.58,15.7,5200,0
20071002,15.9,16.4,15.9,16.35,11100,0
20071003,16.57,16.7,16.01,16.01,10200,0
20071004,16.2,17.7,16.2,17,65400,0
20071005,17.4,17.8,16.76,17.8,18800,0
20071008,18.25,18.4,17,17.1,23700,0
20071009,17.3,17.3,15.74,16,24500,0
20071010,16.38,16.59,13.6,14.64,38400,0
20071011,14.25,15.25,13.62,14.95,23600,0
20071012,15.14,15.4,14.79,15,3000,0
20071015,15.5,15.5,14.2,14.2,15900,0
20071016,14.45,14.66,14.07,14.48,2000,0
20071017,14.87,14.88,14.45,14.56,5300,0
20071018,15,15.3,14.06,14.44,22200,0
20071019,14.65,15.35,14.65,14.99,12800,0
20071022,15.21,15.47,14.44,14.5,5700,0
20071023,14.5,15.1,14.5,14.88,2300,0
20071024,15,15.5,15,15.2,6100,0
20071025,15.5,15.5,15.2,15.3,6100,0
20071026,15.48,16.65,15.48,16.29,20200,0
20071029,16.5,17.44,16.5,17.3,13500,0
20071030,18.13,18.3,17.5,18,9700,0
20071031,18.21,18.43,17.93,18,11800,0
20071101,18.8,18.8,16.8,16.99,18100,0
20071102,16.8,16.8,15.5,16.25,20600,0
20071105,16.3,17.6,15.5,16.85,75700,0
20071106,18,18.51,17.33,17.5,50800,0
20071107,18.25,18.46,17.63,18.39,27500,0
20071108,18.5,18.5,17.9,18,20400,0
20071109,18.46,18.46,17.8,17.9,7500,0
20071112,18.24,18.24,17.61,17.79,7800,0
20071113,18,18,16.5,16.9,14600,0
20071114,17.02,18.25,17,18.25,34000,0
20071115,18.25,18.3,17.75,17.8,8100,0
20071116,17.75,17.8,17,17.4,8100,0
20071119,17.55,17.9,16.5,17,23600,0
20071120,16.5,17.37,15.5,16.93,41400,0
20071121,16.01,16.9,15.05,15.48,27400,0
20071122,15.2,15.4,14.61,14.61,17200,0
20071123,14.61,15.55,14.61,15.08,8000,0
20071126,15.75,15.85,14.81,14.81,13100,0
20071127,14.75,15.74,13.6,14.5,46300,0
20071128,15.05,16.63,15,16.63,72700,0
20071129,16.8,17.2,15.5,15.71,33600,0
20071130,16.14,17.91,16.12,17.07,30300,0
20071203,18,18.2,17.2,17.53,20600,0
20071204,17.5,17.5,16.35,17.16,11900,0
20071205,17.16,17.25,16.71,17,6000,0
20071206,17.24,17.25,15.66,16.45,36400,0
20071207,16.5,16.8,16.05,16.58,15900,0
20071210,16.55,16.58,15.88,16.46,23100,0
20071211,16.55,16.75,16.1,16.1,11800,0
20071212,16,16.21,15.8,16.21,11800,0
20071213,16.1,16.1,15.33,15.33,9600,0
20071214,15.67,15.67,15.18,15.18,14900,0
20071217,15.1,15.4,14.44,14.69,20400,0
20071218,14.9,15.7,14.56,14.65,23800,0
20071219,14.75,15.36,14.7,14.98,9000,0
20071220,15.04,15.19,14.78,14.85,5400,0
20071221,15,16,14.8,15.5,19400,0
20071227,15.6,15.7,15.26,15.5,16300,0
20071228,15.35,15.44,15.02,15.34,4600,0
20080102,15.5,15.89,15.35,15.88,9700,0
20080103,15.88,16.2,15.8,16.19,14000,0
20080104,16.29,16.29,15.9,15.99,9500,0
20080107,16.19,16.35,15.19,15.25,15800,0
20080108,15.5,16.95,15.5,16.95,12700,0
20080109,16.65,16.9,15.6,15.7,29000,0
20080110,16,16,15.7,15.9,11300,0
20080111,15.92,15.92,15.45,15.45,8200,0
20080114,15.45,15.8,15.2,15.2,6700,0
20080115,15.14,15.14,12.14,12.14,24800,0
20080116,12,13.39,11.02,12.31,25100,0
20080117,12.2,13.67,12.16,12.3,15700,0
20080118,12.48,14.21,12.42,13.5,23800,0
20080121,12.7,12.7,11.45,12.5,32100,0
20080122,11.45,13.37,10.5,13.29,36200,0
20080123,13.7,13.7,12.4,13.4,30200,0
20080124,14,14.17,13.4,13.54,11700,0
20080125,13.94,15.85,13.72,14.24,21200,0
20080128,13.8,14,13.71,13.71,2300,0
20080129,14.79,14.84,13.75,13.75,2900,0
20080130,14,14,13.65,14,18100,0
20080131,14.13,14.13,13.53,13.53,3000,0
20080201,13.75,13.9,12.88,13.71,11100,0
20080204,13.83,13.98,13.28,13.28,3500,0
20080205,13.56,13.7,12.3,13.25,14700,0
20080206,13.2,13.9,12.66,12.83,11400,0
20080207,12.73,13.07,12.73,13,28700,0
20080208,13.15,13.98,12.8,13.7,14500,0
20080211,14.05,14.05,13.01,13.01,12700,0
20080212,13.26,13.85,13.26,13.59,10000,0
20080213,13.5,13.78,13.5,13.66,3900,0
20080214,13.86,14.2,13.85,14.15,8200,0
20080215,14.14,14.14,13.95,14.14,500,0
20080218,14.76,15.33,14.44,15,33500,0
20080219,15.2,16,15.2,15.75,27700,0
20080220,16.27,16.27,15.5,15.74,7300,0
20080221,16,16,15.55,15.75,2400,0
20080222,15.98,15.99,15.7,15.99,4300,0
20080225,15.75,16.49,15.64,16.4,9400,0
20080226,16.4,16.6,16.05,16.05,3600,0
20080227,16.19,16.19,15.7,16.07,5100,0
20080228,16,16,15.53,15.53,5900,0
20080229,15.5,15.5,15.08,15.35,4600,0
20080303,15.1,15.1,14.06,14.54,10600,0
20080304,14.54,14.68,13.85,14.01,2000,0
20080305,14.06,15.25,14.06,14.65,8000,0
20080306,14.77,14.87,14.77,14.87,2600,0
20080307,14.78,14.78,14.43,14.52,6200,0
20080310,14.66,14.66,14.3,14.35,3500,0
20080311,14.52,14.52,14.38,14.5,2300,0
20080312,14.75,14.75,14.46,14.7,9700,0
20080313,14.05,14.2,13.25,13.76,15500,0
20080314,12.81,13.4,12.8,13.39,10500,0
20080317,13.22,13.22,12.5,12.89,5400,0
20080318,12.9,12.9,12.5,12.82,1500,0
20080319,12.95,12.97,12.5,12.61,1900,0
20080320,12.61,12.61,11.88,12.39,13300,0
20080325,12.4,13.4,12.4,13.38,12900,0
20080326,13.38,13.38,13.23,13.23,800,0
20080327,13.3,14.02,13.3,13.62,15800,0
20080328,13.48,13.48,13.12,13.31,1300,0
20080331,13.15,13.45,13.15,13.43,3200,0
20080401,13.54,13.8,13.48,13.75,9400,0
20080402,13.8,14.09,13.47,13.5,7600,0
20080403,13.55,13.65,13.52,13.65,700,0
20080404,13.65,14.1,13.5,14.1,4400,0
20080407,14.28,14.56,13.67,14.21,6400,0
20080408,14.31,14.31,13.38,13.95,6500,0
20080409,13.95,13.95,13.45,13.6,5100,0
20080410,13.24,13.5,12.55,13,8800,0
20080411,13,13.28,12.95,12.95,1000,0
20080414,13,13.1,12.84,13.1,2400,0
20080415,13.1,14.14,13.1,13.36,5300,0
20080416,13.5,13.94,13.5,13.91,2100,0
20080417,14,14,13.19,13.5,7000,0
20080418,13.33,13.59,13.33,13.59,1400,0
20080421,13.9,14.47,13.59,13.8,13200,0
20080422,14.05,14.05,13.35,13.59,6200,0
20080423,13.61,13.7,13.37,13.67,4700,0
20080424,13.6,13.61,12.94,13.56,5000,0
20080425,13.56,13.77,13.15,13.37,2800,0
20080428,13.37,13.82,12.67,13.2,14100,0
20080429,13.01,13.2,12.42,12.75,10700,0
20080430,12.81,12.97,11.4,12.4,24400,0
20080502,12.71,12.71,12.13,12.3,4100,0
20080505,12.35,12.61,12.01,12.6,6700,0
20080506,12,12.51,12,12.48,4600,0
20080507,12.6,13.28,12.5,12.56,10700,0
20080508,12.72,13.92,12.7,13.48,14000,0
20080509,12.4,13.1,12.4,12.81,10200,0
20080512,12.99,13.58,12.6,13.49,6600,0
20080513,13.82,13.99,13.1,13.54,7000,0
20080514,13.65,13.75,13.19,13.48,14400,0
20080515,13.59,13.59,13.5,13.52,500,0
20080516,13.5,13.59,13.4,13.59,5800,0
20080519,13.9,14.93,13.9,14.93,17900,0
20080520,14.41,14.95,14.25,14.89,8200,0
20080521,14.59,14.59,13.11,13.69,7900,0
20080522,13.54,13.54,12.71,13.44,5200,0
20080523,13.63,13.64,13.26,13.52,2300,0
20080526,13.6,14.1,13.6,14.09,4900,0
20080527,14.09,14.09,13.5,13.8,3000,0
20080528,13.72,14.01,13.7,14,4600,0
20080529,14,14.34,13.5,13.8,5600,0
20080530,14.1,14.1,13.64,13.92,2600,0
20080602,14.2,14.27,13.99,14.18,5400,0
20080603,14.18,14.59,13.2,13.98,21100,0
20080604,13.95,13.95,13.26,13.95,11700,0
20080605,13.98,14.82,13.64,14.62,33800,0
20080606,15.21,15.21,14.08,14.55,13100,0
20080609,14,14.5,9.68,9.68,58000,0
20080610,9.9,10.05,7.91,8.9,48500,0
20080611,9.16,10.44,9.16,10.27,46800,0
20080612,10.5,11.77,10.5,11.5,25500,0
20080613,11.55,11.84,10.32,10.7,13600,0
20080616,10.96,10.96,10.5,10.5,5300,0
20080617,10.75,10.75,10.6,10.71,1300,0
20080618,10.88,10.88,10.55,10.55,2000,0
20080619,10.43,10.6,9.53,10.28,10400,0
20080620,10.18,10.46,10.18,10.22,3200,0
20080623,10.32,10.48,10.19,10.36,5200,0
20080624,10.36,10.5,10.27,10.5,3400,0
20080625,10.5,10.69,10.43,10.52,4600,0
20080626,10.66,10.68,10.5,10.68,4200,0
20080627,10.55,10.55,10.23,10.23,1400,0
20080630,10.55,10.55,10.36,10.53,3100,0
20080701,10.43,10.43,9.72,10.38,5200,0
20080702,10.09,10.09,9.66,9.7,5400,0
20080703,9.52,9.6,9.24,9.24,5100,0
20080704,9.4,9.4,9.13,9.13,1700,0
20080707,9.34,9.34,9.1,9.13,2000,0
20080708,9.35,9.35,8.52,8.75,9100,0
20080709,8.98,9.12,8.66,8.91,5700,0
20080710,8.87,9.41,8.85,9,8500,0
20080711,9,9,7.99,7.99,8300,0
20080714,7.84,7.9,7.3,7.36,12800,0
20080715,7.36,7.36,6.71,7.01,36900,0
20080716,7.5,7.65,7.19,7.65,13000,0
20080717,8.12,8.41,7.7,7.91,24000,0
20080718,7.99,8.26,7.94,8.26,8000,0
20080721,8.31,8.31,8.06,8.23,5600,0
20080722,8.07,8.22,8.02,8.02,6300,0
20080723,8.4,8.64,8,8.14,20000,0
20080724,8.12,8.35,7.32,7.32,33300,0
20080725,7.42,7.42,7.1,7.2,17500,0
20080728,7.25,7.25,7.05,7.16,7000,0
20080818,6.4,6.4,5.97,6.28,21000,0
20080819,6.15,6.23,5.91,5.91,4000,0
20080820,6.03,6.03,5.77,5.84,5000,0
20080821,5.83,5.89,5.27,5.77,11700,0
20080822,5.84,6.22,5.65,6.2,28400,0
20080825,6.3,6.3,6.06,6.29,5200,0
20080826,6.1,6.2,6.1,6.2,6300,0
20080827,6.36,6.87,6.05,6.87,30300,0
20080828,6.93,6.93,6.6,6.79,8800,0
20080829,6.89,7.49,6.83,7.49,39400,0
20080901,7.43,8.02,7.07,7.7,42200,0
20080902,7.75,8,7.6,7.75,35600,0
20080903,7.82,7.82,7.4,7.52,9800,0
20080904,7.61,7.61,6.9,7.2,18500,0
20080905,7.2,7.2,6.6,6.87,19600,0
20080908,7,7,6.73,6.92,1900,0
20080909,6.92,7.2,6.92,7,9300,0
20080910,7.07,7.07,6.63,6.9,5900,0
20080911,6.8,6.92,6.8,6.92,5300,0
20080912,6.99,7.03,6.95,6.95,1500,0
20080915,6.95,7.1,6.81,7.01,2900,0
20080916,6.96,7.24,6.6,6.99,24700,0
20080917,7,7.05,6.8,6.8,5400,0
20080918,6.7,6.7,6.33,6.66,5800,0
20080919,6.87,7.6,6.87,7.42,8400,0
20080922,7.62,7.62,7.36,7.4,2800,0
20080923,7.4,7.48,7.32,7.32,4800,0
20080924,7.42,7.5,7.42,7.5,1000,0
20080925,7.5,7.9,7.5,7.87,5100,0
20080926,8.05,8.05,7.71,7.73,1800,0
20080929,7.7,7.7,6.78,6.78,16700,0
20080930,6.6,6.9,6.31,6.9,14400,0
20081001,6.8,7,6.47,6.56,4800,0
20081002,6.3,6.5,6.11,6.12,6900,0
20081003,6.25,6.55,6.25,6.4,8500,0
20081006,6.37,6.37,5.51,5.95,23800,0
20081007,6.55,6.67,6.2,6.66,5100,0
20081008,6.5,6.5,5.83,5.83,14500,0
20081009,5.99,6.4,5.99,6.01,8400,0
20081010,5.7,5.9,5.09,5.49,13700,0
20081013,5.6,6.66,5.6,6.4,5700,0
20081014,6.76,7.5,6.6,6.8,9700,0
20081015,6.94,6.94,6.16,6.19,5200,0
20081016,6,6.1,5.82,6.1,5300,0
20081017,6.15,6.5,6.15,6.5,2800,0
20081020,6.45,6.45,6.11,6.33,3400,0
20081021,6.4,6.4,6,6.01,4700,0
20081022,5.79,6.15,5.6,6.15,9200,0
20081023,6.26,6.26,5.85,5.85,2700,0
20081024,5.8,6,5.59,5.69,7400,0
20081027,5.85,6.25,5.59,6.24,4400,0
20081028,6.2,6.25,5.91,5.91,3300,0
20081029,6.02,6.1,5.8,5.9,5200,0
20081030,6.18,6.18,6,6.05,5800,0
20081031,5.9,5.92,5.8,5.8,9600,0
20081103,5.85,5.95,5.75,5.95,9000,0
20081104,5.95,5.95,5.75,5.85,9700,0
20081105,5.86,5.86,5.46,5.8,13100,0
20081106,5.75,5.8,5.75,5.75,400,0
20081107,5.74,5.8,5.7,5.7,8500,0
20081110,5.7,6.01,5.7,5.98,12100,0
20081111,6,6.1,5.7,5.75,6300,0
20081112,6,6.1,5.74,5.74,8600,0
20081113,5.75,5.94,5.61,5.61,5100,0
20081114,5.99,5.99,5.7,5.7,3300,0
20081117,5.8,5.83,5.7,5.8,3200,0
20081118,5.79,5.8,5.79,5.8,1800,0
20081119,5.99,6,5.83,5.83,3500,0
20081120,5.79,5.79,5.7,5.7,3600,0
20081121,5.71,5.74,5.66,5.66,3200,0
20081124,5.77,5.77,5.66,5.66,2800,0
20081125,5.7,5.88,5.68,5.88,2100,0
20081126,5.9,5.9,5.5,5.61,10600,0
20081127,5.85,5.85,5.51,5.58,3900,0
20081128,5.96,5.96,5.5,5.5,6500,0
20081201,5.76,5.76,5.71,5.76,1400,0
20081202,5.71,5.76,5.7,5.7,1300,0
20081203,5.7,5.83,5.7,5.72,5100,0
20081204,5.7,5.83,5.6,5.65,2400,0
20081205,5.83,5.85,5.6,5.77,3000,0
20081208,5.99,5.99,5.62,5.62,1200,0
20081209,5.96,5.97,5.61,5.61,300,0
20081210,5.61,5.85,5.61,5.8,2000,0
20081211,5.88,5.88,5.6,5.6,2500,0
20081212,5.8,5.8,5.5,5.62,2200,0
20081215,5.8,5.86,5.55,5.75,16700,0
20081216,5.69,5.7,5.23,5.5,11100,0
20081217,5.5,5.5,5.01,5.3,11300,0
20081218,5.25,5.75,5.2,5.6,9400,0
20081219,5.69,5.9,5.55,5.8,10000,0
20081222,5.7,5.96,5.7,5.96,4300,0
20081223,5.87,6,5.8,6,16500,0
20081229,6.05,6.77,6.04,6.5,22100,0
20081230,6.9,7.4,6.5,6.7,35800,0
20090102,6.7,6.98,6.4,6.75,4100,0
20090105,6.82,7,6.82,7,1900,0
20090106,7,7,6.82,6.85,1400,0
20090107,6.99,6.99,6.97,6.99,1900,0
20090108,6.92,6.99,6.72,6.98,3200,0
20090109,6.83,6.83,6.52,6.52,1000,0
20090112,6.7,6.87,6.45,6.5,6000,0
20090114,6.88,6.88,6.88,6.88,100,0
20090115,6.64,6.68,6.49,6.64,2900,0
20090116,6.68,6.7,6.68,6.7,1100,0
20090119,6.7,6.7,6.49,6.64,4500,0
20090120,6.49,6.49,5.97,6.25,8800,0
20090121,6.3,6.3,6.06,6.3,800,0
20090122,5.98,5.98,5.96,5.96,1300,0
20090123,5.96,5.96,5.7,5.7,1100,0
20090126,5.84,6.02,5.84,6.02,100,0
20090127,6.03,6.6,6,6.5,7400,0
20090128,6.79,6.79,6.33,6.78,3200,0
20090129,6.58,6.8,6.5,6.8,11400,0
20090202,6.81,6.81,6.6,6.6,4400,0
20090203,6.58,6.58,6.55,6.55,500,0
20090204,6.6,6.6,6.3,6.35,900,0
20090209,6.8,6.8,6.33,6.41,1600,0
20090210,6.61,6.61,6.33,6.33,2200,0
20090211,6.38,6.5,6.3,6.5,1900,0
20090212,6.5,6.5,6.45,6.45,300,0
20090213,6.3,6.3,6.3,6.3,300,0
20090216,6.3,6.48,6.3,6.3,1200,0
20090217,6.3,6.4,6.3,6.4,4800,0
20090218,6.35,6.35,6.34,6.35,500,0
20090219,6.45,6.45,6.45,6.45,300,0
20090220,6.35,6.35,6.35,6.35,400,0
20090223,6.2,6.5,6.2,6.3,1500,0
20090224,6.3,6.3,5.6,5.71,6700,0
20090225,5.8,5.8,5.8,5.8,200,0
20090226,6,6.03,5.75,5.75,600,0
20090227,6.1,6.1,5.82,5.82,300,0
20090302,5.7,6.1,5.7,6,2200,0
20090305,5.98,5.98,5.98,5.98,500,0
20090306,5.95,6.02,5.35,5.51,5600,0
20090309,5.25,5.25,5.25,5.25,400,0
20090310,5.44,5.44,5.2,5.25,4500,0
20090311,5.49,5.49,5.35,5.35,2900,0
20090312,5.35,5.56,5.35,5.45,4400,0
20090313,5.45,5.75,5.45,5.75,2000,0
20090316,5.7,5.89,5.44,5.44,2900,0
20090317,5.41,5.66,5.41,5.66,100,0
20090318,5.52,5.52,5.42,5.42,2000,0
20090319,5.32,5.32,5.22,5.31,2200,0
20090320,5.5,5.55,5.25,5.4,11000,0
20090323,6.1,6.1,5.55,5.83,4200,0
20090324,5.83,6,5.8,5.85,2900,0
20090325,5.78,5.95,5.73,5.73,5300,0
20090326,5.73,5.9,5.73,5.9,700,0
20090327,5.9,5.9,5.73,5.73,3000,0
20090330,5.89,5.89,5.5,5.79,5100,0
20090331,5.57,5.6,5.34,5.34,1300,0
20090401,5.5,5.9,5.4,5.4,1800,0
20090402,5.65,5.65,5.35,5.45,2300,0
20090403,5.65,5.75,5.4,5.48,1700,0
20090406,5.41,5.69,5.41,5.59,6700,0
20090407,5.5,5.65,5.4,5.64,2400,0
20090408,5.5,5.68,5.41,5.41,1300,0
20090409,5.64,5.65,5.64,5.65,400,0
20090414,5.79,6.2,5.68,6.2,21300,0
20090415,6.12,6.13,5.8,6.05,3900,0
20090416,6.08,6.2,5.98,6.05,14300,0
20090417,6.2,6.27,6.1,6.26,5800,0
20090420,6.2,6.35,6.06,6.16,3000,0
20090421,6.22,6.27,6.1,6.1,1600,0
20090422,6.1,6.14,5.98,6,13300,0
20090423,6.1,6.1,6.1,6.1,300,0
20090424,6.06,6.1,6.06,6.1,2300,0
20090427,6.25,6.25,6,6,1200,0
20090428,6,6,5.67,5.67,9900,0
20090429,5.7,5.9,5.6,5.8,7800,0
20090430,5.9,5.9,5.66,5.82,3700,0
20090504,5.9,6.1,5.9,6,12500,0
20090505,6.05,6.05,5.9,6,2800,0
20090506,6.04,6.04,5.9,5.95,5400,0
20090507,5.99,6,5.9,6,4900,0
20090508,5.85,5.95,5.85,5.86,3600,0
20090511,5.95,5.95,5.86,5.86,400,0
20090512,5.85,5.95,5.85,5.86,1400,0
20090513,5.85,5.95,5.75,5.8,3700,0
20090514,5.8,5.82,5.66,5.66,7700,0
20090515,5.85,5.85,5.7,5.7,8800,0
20090518,5.95,5.95,5.8,5.8,2500,0
20090519,5.94,5.94,5.8,5.83,7500,0
20090520,5.8,5.85,5.76,5.85,11200,0
20090521,5.75,5.8,5.75,5.75,1900,0
20090522,5.76,5.76,5.68,5.7,8700,0
20090525,5.7,5.7,5.7,5.7,7100,0
20090526,5.76,5.77,5.65,5.7,5100,0
20090527,5.7,5.7,5.55,5.55,12600,0
20090528,5.6,5.6,5.56,5.57,1000,0
20090529,5.56,5.58,5.36,5.36,15900,0
20090601,5.6,5.7,5.45,5.7,19100,0
20090602,5.7,5.8,5.5,5.7,18900,0
20090603,5.75,5.75,5.6,5.6,6800,0
20090604,5.7,5.7,5.55,5.6,1100,0
20090605,5.65,5.65,5.6,5.6,3200,0
20090608,5.51,5.55,5.5,5.55,2600,0
20090609,5.65,5.7,5.4,5.7,8200,0
20090610,5.66,5.7,5.6,5.6,4000,0
20090611,5.68,5.7,5.6,5.66,5100,0
20090612,5.75,5.89,5.74,5.74,1200,0
20090615,5.69,5.89,5.69,5.75,1900,0
20090616,5.76,5.76,5.76,5.76,1100,0
20090617,5.74,5.79,5.7,5.7,3300,0
20090618,5.75,5.9,5.75,5.9,4300,0
20090619,5.8,5.89,5.7,5.88,11900,0
20090622,5.9,5.9,5.75,5.75,4100,0
20090623,5.75,5.75,5.62,5.62,2500,0
20090626,5.8,5.8,5.8,5.8,2300,0
20090629,5.9,5.9,5.89,5.9,3100,0
20090630,5.74,5.9,5.74,5.76,2000,0
20090701,5.76,5.8,5.76,5.79,600,0
20090702,5.76,5.82,5.72,5.72,4100,0
20090703,5.84,5.84,5.66,5.66,400,0
20090706,5.6,5.77,5.6,5.77,800,0
20090707,5.77,5.77,5.65,5.66,300,0
20090708,5.59,5.6,5.49,5.49,2200,0
20090709,5.51,5.51,5.51,5.51,1400,0
20090710,5.5,6.33,5.5,6.05,26100,0
20090713,6.2,6.8,6,6.26,8100,0
20090714,6.35,6.5,6.21,6.21,6200,0
20090715,6.5,6.5,6.25,6.48,4800,0
20090716,6.75,6.75,5.86,6.19,14000,0
20090717,6.05,6.05,5.71,5.71,2600,0
20090720,5.8,6.09,5.8,6.07,4100,0
20090721,6.07,6.4,6.07,6.35,2400,0
20090722,6.44,6.44,6.1,6.1,900,0
20090723,6.38,6.38,6.06,6.2,6700,0
20090724,6.2,6.2,6.2,6.2,600,0
20090727,6.33,6.9,6.17,6.71,29000,0
20090728,6.79,6.9,6.55,6.7,5700,0
20090729,6.68,6.68,6.22,6.47,5600,0
20090730,6.4,6.5,6.25,6.38,8800,0
20090731,6.33,6.33,6.11,6.28,1900,0
20090803,6.3,6.3,5.88,6.18,8400,0
20090804,6.04,6.14,5.91,6.14,9000,0
20090805,6.16,6.19,6.02,6.02,4600,0
20090806,6.18,6.6,6.09,6.3,38100,0
20090807,6.39,6.39,6.19,6.25,9200,0
20090810,6.11,6.28,5.95,5.97,8500,0
20090811,6.1,6.22,5.97,6.12,5000,0
20090812,6.09,6.1,5.82,6.02,5900,0
20090813,6,6.17,5.86,5.94,13100,0
20090814,5.93,6.1,5.9,5.9,7300,0
20090817,6.01,6.01,5.86,5.96,2500,0
20090818,5.96,5.97,5.82,5.9,5100,0
20090819,5.9,5.9,5.77,5.79,6800,0
20090820,5.8,6.2,5.8,5.91,30000,0
20090821,5.9,6.03,5.9,5.9,6500,0
20090824,5.95,6.07,5.82,5.82,10700,0
20090825,5.81,6.01,5.75,5.81,2400,0
20090826,5.82,5.99,5.82,5.99,6400,0
20090827,6.07,6.07,5.9,5.91,5900,0
20090828,6,6.11,5.87,5.9,700,0
20090831,6.03,6.03,5.83,5.96,2100,0
20090901,5.85,6.02,5.82,6.02,5500,0
20090902,6.1,6.1,5.8,5.85,36000,0
20090903,5.98,5.98,5.82,5.85,900,0
20090904,5.9,6,5.9,5.98,9200,0
20090907,5.9,5.93,5.88,5.9,2400,0
20090908,6.11,6.11,5.97,6.1,5100,0
20090909,6,6.26,6,6.25,34200,0
20090910,6.31,7.64,6.31,6.5,69100,0
20090911,6.85,6.9,6.33,6.5,61000,0
20090914,6.5,6.7,6.4,6.5,48200,0
20090915,6.56,6.56,6.45,6.5,2700,0
20090916,6.5,6.5,6.15,6.17,9600,0
20090917,6.3,6.35,6.13,6.2,20800,0
20090918,6.3,6.5,6.11,6.22,24200,0
20090921,6.38,6.62,6.2,6.62,33000,0
20090922,6.62,6.85,6.6,6.72,53600,0
20090923,6.77,7,6.77,6.99,15300,0
20090924,7.19,7.28,6.86,7.28,34000,0
20090925,7.15,7.18,6.9,6.97,10600,0
20090928,7.18,8.26,7.05,7.9,44000,0
20090929,7.97,8.2,7.53,7.6,26800,0
20090930,7.98,7.99,7.8,7.9,13800,0
20091001,7.98,8.4,7.98,8.09,33600,0
20091002,8.1,8.1,7.62,7.65,26800,0
20091005,7.7,7.77,7.31,7.58,4600,0
20091006,7.55,7.6,7.3,7.59,15500,0
20091007,7.62,8.3,7.62,7.88,19400,0
20091008,8,8.1,7.82,7.82,11800,0
20091009,8.29,8.55,8.1,8.35,47700,0
20091012,8.53,8.91,8.4,8.7,25800,0
20091013,8.88,9.19,8.72,8.72,36900,0
20091014,8.86,8.94,8.31,8.4,16600,0
20091015,8.49,8.52,8.3,8.5,13800,0
20091016,8.34,8.4,8.15,8.3,12100,0
20091019,8.29,8.82,8.21,8.52,11000,0
20091020,8.7,8.88,8.31,8.31,7700,0
20091021,8.21,8.49,7.65,8.34,31900,0
20091022,8.15,8.3,7.9,8.1,8600,0
20091023,8.2,8.25,8.06,8.1,4800,0
20091026,8.11,8.45,7.65,7.85,15300,0
20091027,7.71,7.85,7.3,7.7,11800,0
20091028,7.7,7.7,7.15,7.44,22600,0
20091029,7.17,7.43,7.11,7.35,8700,0
20091030,7.45,7.98,7.31,7.34,23900,0
20091102,7.45,7.61,7.28,7.41,8200,0
20091103,7.48,7.79,7.33,7.79,7400,0
20091104,7.9,7.91,7.88,7.88,600,0
20091105,7.87,8.22,7.74,8.22,7400,0
20091106,8.2,8.53,8.03,8.43,9000,0
20091109,8.45,8.49,8.01,8.03,5600,0
20091110,8.16,8.3,7.87,7.99,15000,0
20091111,7.99,8.03,7.88,7.9,2400,0
20091112,7.85,7.85,7.66,7.66,3300,0
20091113,7.74,7.76,7.7,7.76,1800,0
20091116,7.8,8.05,7.8,8,6900,0
20091117,7.85,7.85,7.79,7.85,4200,0
20091118,7.67,7.78,7.46,7.6,9300,0
20091119,7.6,7.71,7.35,7.71,21700,0
20091120,7.79,7.8,7.61,7.79,4500,0
20091123,7.6,7.69,7.57,7.6,4200,0
20091124,7.57,7.79,7.48,7.48,15000,0
20091125,7.59,7.59,7.4,7.58,2000,0
20091126,7.38,7.49,7.25,7.43,8300,0
20091127,7.2,7.34,6.79,7,23200,0
20091130,7,7.12,6.86,6.86,5800,0
20091201,6.85,7.13,6.81,6.92,12500,0
20091202,6.9,7.01,6.8,7.01,22100,0
20091203,7.1,7.17,7.1,7.1,3100,0
20091204,7.12,7.18,7,7.14,3300,0
20091207,7.14,7.16,7.05,7.16,10000,0
20091208,7.19,7.19,6.87,7.02,20000,0
20091209,7.02,7.09,6.88,7,3800,0
20091210,6.99,7,6.99,7,3600,0
20091211,7.01,7.1,6.88,6.88,13000,0
20091214,6.9,7.06,6.9,6.95,3500,0
20091215,6.95,7.04,6.88,7.04,17500,0
20091216,6.83,7.12,6.81,6.94,5800,0
20091217,6.82,6.94,6.3,6.54,26200,0
20091218,6.54,6.54,6.3,6.41,9000,0
20091221,6.4,6.8,6.3,6.75,33300,0
20091222,6.9,6.9,6.75,6.9,22800,0
20091223,6.76,6.76,6.76,6.76,900,0
20091228,6.69,6.79,6.62,6.79,5000,0
20091229,6.8,6.8,6.63,6.63,2900,0
20091230,6.7,6.72,6.51,6.67,5900,0
20100104,6.9,6.9,6.6,6.6,7400,0
20100105,6.76,7.17,6.66,7.17,8600,0
20100106,7.07,7.07,6.8,6.86,9900,0
20100107,6.86,6.99,6.81,6.81,700,0
20100108,6.98,7,6.9,7,1000,0
20100111,7.07,7.08,6.87,6.87,1400,0
20100112,6.94,7,6.88,6.89,13600,0
20100113,7,7,6.76,6.76,4800,0
20100114,6.92,6.92,6.8,6.8,9600,0
20100118,6.8,6.8,6.66,6.7,2200,0
20100119,6.83,6.83,6.5,6.67,2400,0
20100120,6.6,6.6,6.5,6.5,2800,0
20100121,6.55,6.62,6.51,6.51,3300,0
20100122,6.51,6.87,6.45,6.45,12400,0
20100125,6.42,6.55,6.15,6.2,17000,0
20100126,6.15,6.49,6.14,6.44,12900,0
20100127,6.4,6.4,6.4,6.4,2800,0
20100128,6.4,6.4,6.05,6.2,6300,0
20100129,6.25,6.35,6.08,6.24,5400,0
20100201,6.2,6.2,6.1,6.1,400,0
20100202,6.29,6.29,6.05,6.15,1800,0
20100203,6.25,6.25,6.01,6.1,2800,0
20100204,6.06,6.27,6.03,6.25,6500,0
20100205,6.2,6.24,6.1,6.2,2500,0
20100208,6,6.2,6,6.17,2500,0
20100209,6.15,6.15,5.99,5.99,13800,0
20100210,6.19,6.19,5.86,6.05,7400,0
20100211,6.08,6.08,6.05,6.05,100,0
20100212,5.86,5.99,5.73,5.81,24000,0
20100215,5.81,5.94,5.75,5.94,1300,0
20100216,5.98,6.05,5.79,5.84,9800,0
20100217,5.8,6.48,5.76,6.23,13100,0
20100218,6.2,6.2,5.96,6.08,13000,0
20100219,5.95,6.11,5.95,6.05,1100,0
20100222,5.87,6.36,5.87,6.35,8800,0
20100223,6.35,6.4,6.1,6.2,4600,0
20100224,6.05,6.05,6.05,6.05,100,0
20100225,5.91,5.99,5.9,5.99,2100,0
20100226,6.07,6.07,5.89,5.9,2300,0
20100301,6,6,5.75,5.98,800,0
20100302,5.96,6.07,5.8,5.92,4500,0
20100303,5.99,6,5.99,6,3200,0
20100304,5.99,6,5.92,5.92,3000,0
20100305,5.99,6.36,5.9,6.28,34900,0
20100308,6.4,6.42,6.16,6.28,1600,0
20100309,6.41,6.65,6.1,6.1,11800,0
20100310,6.21,6.35,6,6.35,5600,0
20100311,6.2,6.2,6,6.18,9900,0
20100312,6.2,6.35,6.15,6.35,4600,0
20100315,6.3,6.3,6.3,6.3,500,0
20100316,6.15,6.33,6.1,6.23,3700,0
20100317,6.05,6.2,6.05,6.19,3600,0
20100318,6.15,6.15,6.15,6.15,600,0
20100319,6.15,6.23,6.06,6.21,1800,0
20100322,6.06,6.1,5.95,6.1,2600,0
20100323,6.23,6.23,6.1,6.13,500,0
20100324,6.1,6.14,5.75,5.75,11900,0
20100325,5.8,6.14,5.8,6.14,5300,0
20100326,6.14,6.27,5.88,6.03,6600,0
20100329,6.11,6.11,5.88,6,13000,0
20100330,6,6.03,5.76,6.03,12600,0
20100331,6.11,6.15,6.05,6.15,4400,0
20100401,6.05,6.28,6.05,6.28,1800,0
20100406,6.4,6.4,6.2,6.31,6200,0
20100407,6.2,6.35,6.05,6.3,16000,0
20100408,6.16,6.18,5.95,6.03,7400,0
20100409,6.03,6.18,5.96,6.1,6900,0
20100412,6.15,6.22,6,6.16,3000,0
20100413,6.15,6.15,6.02,6.11,2000,0
20100414,6.09,6.1,5.85,6,11400,0
20100415,6,6,5.87,5.99,2100,0
20100416,6,6.17,5.94,6,23000,0
20100419,6.02,6.08,5.88,6,6300,0
20100420,5.91,6.13,5.91,6,1100,0
20100421,6,6.09,5.95,6,1500,0
20100422,6.01,6.08,6.01,6.08,2600,0
20100423,6.01,6.15,6.01,6.07,1300,0
20100426,6.07,6.2,6.05,6.14,2400,0
20100427,6.2,6.27,6.01,6.14,24600,0
20100428,6.1,6.1,5.62,5.71,23800,0
20100429,5.62,5.85,5.61,5.85,3500,0
20100430,5.93,5.93,5.72,5.8,3000,0
20100503,5.88,6,5.88,5.9,2400,0
20100504,5.93,5.95,5.73,5.89,4900,0
20100505,5.73,5.89,5.58,5.65,6400,0
20100506,5.6,5.75,5.52,5.52,5700,0
20100507,5.51,5.6,5.2,5.24,11100,0
20100510,5.6,5.79,5.24,5.79,10600,0
20100511,5.7,5.8,5.51,5.57,7300,0
20100512,5.75,5.75,5.55,5.55,1700,0
20100513,5.73,5.78,5.73,5.78,100,0
20100514,5.7,5.71,5.55,5.65,2500,0
20100517,5.77,5.77,5.55,5.6,1600,0
20100518,5.51,5.58,5.35,5.45,4400,0
20100519,5.44,5.53,5.35,5.53,1600,0
20100520,5.39,5.39,5.08,5.08,7600,0
20100521,5.1,5.24,5.04,5.2,2900,0
20100524,5.1,5.11,5.1,5.11,400,0
20100525,5.06,5.18,5.05,5.1,4300,0
20100526,5.03,5.23,5.03,5.03,800,0
20100527,5.1,5.2,5.1,5.1,1900,0
20100528,5.25,5.25,5.18,5.18,1600,0
20100531,5.25,5.25,5.2,5.22,500,0
20100601,5.28,5.28,5.28,5.28,500,0
20100602,5.3,5.3,5.3,5.3,600,0
20100603,5.36,5.36,5.36,5.36,200,0
20100604,5.39,5.6,5.3,5.3,14900,0
20100607,5.17,5.17,5.17,5.17,1500,0
20100608,5.12,5.12,4.95,5.08,5400,0
20100609,5.05,5.17,5.03,5.12,7200,0
20100610,5.2,5.29,5.16,5.2,6400,0
20100611,5.25,5.5,5.25,5.5,7200,0
20100614,5.62,6.12,5.62,6.06,14100,0
20100615,5.95,6.05,5.8,5.91,4600,0
20100616,5.99,6,5.92,6,2200,0
20100617,5.91,5.91,5.51,5.69,9700,0
20100618,5.72,5.72,5.72,5.72,2000,0
20100621,5.8,5.9,5.8,5.9,3900,0
20100622,5.85,6,5.8,6,4800,0
20100623,5.92,5.92,5.75,5.75,2600,0
20100624,5.9,5.93,5.89,5.91,1700,0
20100625,5.81,5.81,5.81,5.81,300,0
20100628,5.76,5.76,5.76,5.76,100,0
20100629,6,6,5.65,5.96,1100,0
20100630,5.81,5.94,5.81,5.94,1500,0
20100701,5.84,5.84,5.84,5.84,400,0
20100702,5.98,5.98,5.98,5.98,100,0
20100705,5.99,5.99,5.9,5.98,1400,0
20100707,5.82,5.82,5.82,5.82,200,0
20100708,5.82,5.82,5.82,5.82,200,0
20100709,5.88,6.11,5.88,6.1,2800,0
20100712,5.95,6.2,5.93,5.93,2000,0
20100713,6,6,5.96,6,700,0
20100715,6.2,6.2,5.91,5.95,1500,0
20100716,5.85,6.01,5.85,6.01,900,0
20100719,5.97,5.97,5.92,5.92,1200,0
20100720,5.77,5.77,5.77,5.77,1000,0
20100721,5.67,5.67,5.66,5.66,500,0
20100722,5.62,5.63,5.62,5.63,500,0
20100723,5.53,5.65,5.5,5.65,200,0
20100726,5.51,5.51,5.41,5.5,2100,0
20100727,5.6,5.6,5.46,5.5,300,0
20100728,5.5,5.58,5.5,5.58,1000,0
20100729,5.55,5.55,5.4,5.55,6500,0
20100730,5.6,5.6,5.6,5.6,200,0
20100803,5.39,5.41,5.34,5.41,900,0
20100804,5.49,5.49,5.45,5.45,1200,0
20100805,5.47,5.6,5.47,5.55,3500,0
20100806,5.6,5.6,5.6,5.6,500,0
20100809,5.6,5.6,5.51,5.51,900,0
20100810,5.51,5.51,5.51,5.51,500,0
20100811,5.51,5.51,5.45,5.45,1300,0
20100813,5.45,5.45,5.45,5.45,4300,0
20100816,5.45,5.45,5.41,5.41,1500,0
20100817,5.41,5.41,5.41,5.41,300,0
20100818,5.41,5.45,5.41,5.45,400,0
20100819,5.41,5.41,5.4,5.41,2100,0
20100820,5.4,5.4,5.35,5.4,1900,0
20100823,5.45,5.99,5.45,5.5,13300,0
20100824,5.5,5.5,5.18,5.18,9300,0
20100825,5.2,5.2,5.07,5.07,6600,0
20100826,5.15,5.15,5.05,5.05,1000,0
20100827,5.05,5.32,5.05,5.32,3500,0
20100830,5.5,5.64,5.5,5.64,5800,0
20100831,5.6,5.75,5.6,5.72,5100,0
20100902,5.45,5.45,5.3,5.3,4200,0
20100903,5.25,5.25,5.21,5.21,1700,0
20100906,5.3,5.3,5.25,5.3,1000,0
20100907,5.3,5.43,5.3,5.43,5500,0
20100909,5.46,5.46,5.36,5.36,500,0
20100913,5.35,5.35,5.25,5.25,1600,0
20100914,5.26,5.5,5.26,5.27,3100,0
20100915,5.39,5.42,5.27,5.42,500,0
20100916,5.46,5.46,5.46,5.46,100,0
20100917,5.55,5.6,5.3,5.3,2900,0
20100920,5.56,5.56,5.25,5.25,3700,0
20100921,5.25,5.25,5.2,5.2,3700,0
20100922,5.25,5.25,5.2,5.2,2600,0
20100923,5.2,5.2,5.1,5.2,5000,0
20100924,5.1,5.1,4.9,4.9,7000,0
20100927,4.9,5.19,4.9,5.19,3000,0
20100928,5.1,5.1,5.01,5.07,1100,0
20100929,5.12,5.12,4.97,5,5800,0
20100930,4.95,5.2,4.95,5.2,4200,0
20101001,5.2,5.2,5.2,5.2,1200,0
20101004,5.22,5.22,5,5.2,1500,0
20101005,5.2,5.2,5.06,5.06,700,0
20101006,5.1,5.1,5.1,5.1,400,0
20101007,5.05,5.05,5.02,5.02,700,0
20101008,5.1,5.21,5.02,5.02,5600,0
20101011,5.02,5.02,5.02,5.02,1300,0
20101012,5.05,5.29,5.02,5.29,6000,0
20101013,5.1,5.1,5.02,5.02,500,0
20101014,5.02,5.02,4.97,5,3800,0
20101015,5.01,5.1,5.01,5.1,400,0
20101018,5.01,5.1,5,5.01,800,0
20101019,5.05,5.1,4.96,4.96,6500,0
20101020,5,5.01,5,5.01,600,0
20101021,5,5.09,4.95,5.09,600,0
20101022,4.95,5.01,4.95,5.01,2000,0
20101025,4.98,5.09,4.98,5.09,2100,0
20101026,4.95,5.08,4.95,5.08,3000,0
20101027,4.95,4.95,4.95,4.95,3800,0
20101028,4.95,5.09,4.91,5.04,5100,0
20101029,4.91,4.95,4.72,4.85,5200,0
20101101,4.9,4.9,4.63,4.8,3200,0
20101102,4.65,4.65,4.3,4.38,13100,0
20101103,4.45,4.67,4.23,4.67,7900,0
20101104,4.65,4.65,4.56,4.62,1700,0
20101105,4.53,4.53,4.44,4.51,1400,0
20101108,4.42,4.45,4.25,4.4,5700,0
20101109,4.25,4.45,4.25,4.37,10300,0
20101110,4.2,4.3,4.06,4.3,9800,0
20101111,4.2,4.29,4.06,4.29,2700,0
20101112,4.28,4.3,4.11,4.3,2000,0
20101115,4.15,4.25,4.11,4.2,1700,0
20101116,4.47,4.85,4.31,4.6,19100,0
20101117,4.6,5.1,4.55,5.09,26600,0
20101118,5.2,5.35,4.97,5.13,22600,0
20101119,5.2,5.35,5.2,5.35,1400,0
20101122,5.33,5.33,4.7,4.95,21200,0
20101123,4.75,4.95,4.75,4.8,4700,0
20101124,4.85,4.85,4.85,4.85,2500,0
20101125,4.9,4.9,4.81,4.9,3400,0
20101126,4.72,4.88,4.72,4.77,3800,0
20101129,4.87,4.87,4.18,4.47,36400,0
20101130,4.31,4.65,4.18,4.52,48100,0
20101201,4.4,4.52,4.4,4.52,14700,0
20101202,4.44,4.49,4.3,4.45,48100,0
20101203,4.5,4.56,4.31,4.56,16100,0
20101206,4.51,4.62,4,4.3,16000,0
20101207,4.2,4.34,4.2,4.34,3400,0
20101208,4.34,4.49,4.34,4.42,10700,0
20101209,4.5,4.5,4.38,4.5,2300,0
20101210,4.34,4.61,4.31,4.6,18800,0
20101213,4.46,4.63,4.35,4.49,12100,0
20101214,4.5,4.55,4.46,4.55,800,0
20101215,4.59,4.59,4.5,4.55,4000,0
20101216,4.48,4.51,4.36,4.48,3700,0
20101217,4.49,4.61,4.37,4.61,38100,0
20101220,4.57,4.97,4.55,4.8,37600,0
20101221,4.71,4.92,4.71,4.88,28500,0
20101222,4.92,4.92,4.75,4.8,8100,0
20101223,4.68,4.91,4.68,4.84,5800,0
20101227,4.66,4.89,4.6,4.78,22500,0
20101228,4.74,4.9,4.56,4.89,47300,0
20101229,4.72,4.96,4.72,4.95,44300,0
20101230,4.9,4.97,4.85,4.97,42900,0
20110103,4.9,5.29,4.89,5.14,53500,0
20110104,4.84,5.09,4.84,4.97,11500,0
20110105,5.11,5.11,4.9,5,23400,0
20110106,4.95,5.2,4.9,5,22900,0
20110107,4.84,5.29,4.84,5.2,15600,0
20110110,5.18,5.18,4.87,5.05,10700,0
20110111,5.05,5.1,4.8,5,6500,0
20110112,5,5,4.73,4.92,1200,0
20110113,4.72,4.95,4.56,4.77,7900,0
20110114,4.74,4.85,4.73,4.85,20800,0
20110117,4.72,4.88,4.72,4.88,1500,0
20110118,4.73,4.88,4.72,4.88,400,0
20110119,4.75,4.88,4.75,4.88,4900,0
20110120,4.87,4.87,4.6,4.8,1100,0
20110121,4.7,4.9,4.7,4.75,13200,0
20110124,4.87,4.88,4.75,4.88,200,0
20110125,4.84,4.84,4.75,4.75,3200,0
20110126,4.79,4.8,4.69,4.79,4400,0
20110127,4.8,4.8,4.53,4.65,2800,0
20110128,4.6,4.65,4.36,4.65,6200,0
20110131,4.51,4.89,4.51,4.89,8400,0
20110201,4.91,4.97,4.75,4.75,1100,0
20110202,4.75,4.8,4.6,4.6,4000,0
20110203,4.4,4.69,4.4,4.6,2100,0
20110204,4.8,4.8,4.75,4.75,300,0
20110207,4.7,4.7,4.53,4.6,1100,0
20110208,4.55,4.6,4.4,4.6,2100,0
20110209,4.7,4.8,4.42,4.48,12300,0
20110210,4.43,4.55,4.21,4.26,27400,0
20110211,4.3,4.4,4.1,4.4,16900,0
20110214,4.5,4.5,4.15,4.3,12200,0
20110215,4.38,4.61,4.38,4.61,1700,0
20110216,4.33,4.55,4.33,4.55,2400,0
20110217,4.47,4.51,4.32,4.47,12700,0
20110218,4.49,4.6,4.37,4.6,1900,0
20110221,4.57,4.57,4.5,4.5,6300,0
20110222,4.5,4.59,4.5,4.5,8600,0
20110223,4.54,4.55,4.47,4.55,2700,0
20110224,4.55,4.6,4.32,4.6,7000,0
20110225,4.6,4.6,4.55,4.58,2300,0
20110228,4.4,4.79,4.4,4.69,6600,0
20110301,4.52,4.52,4.43,4.5,4200,0
20110302,4.5,4.65,4.5,4.65,200,0
20110303,4.61,4.74,4.61,4.74,4600,0
20110304,4.74,4.79,4.68,4.79,1400,0
20110307,4.75,4.79,4.6,4.79,5000,0
20110308,4.75,4.75,4.59,4.7,4100,0
20110309,4.78,4.79,4.61,4.79,1000,0
20110310,4.6,4.7,4.59,4.66,2300,0
20110311,4.55,4.65,4.55,4.65,1100,0
20110314,4.69,4.79,4.51,4.51,4000,0
20110315,4.5,4.5,4.41,4.5,2900,0
20110316,4.6,4.74,4.47,4.6,10300,0
20110317,4.6,4.7,4.6,4.7,800,0
20110318,4.69,5.2,4.69,5.2,15800,0
20110321,5.21,5.21,5.04,5.04,1700,0
20110322,4.95,5.1,4.9,4.9,3500,0
20110323,4.9,4.9,4.9,4.9,200,0
20110324,4.75,5.02,4.75,5.02,2900,0
20110325,5.05,5.05,4.95,4.95,600,0
20110328,4.95,5.1,4.95,5.1,300,0
20110329,4.91,5.15,4.89,4.89,1400,0
20110330,4.89,4.89,4.89,4.89,500,0
20110331,4.99,5.15,4.99,5.14,3700,0
20110401,4.9,5,4.85,5,5100,0
20110404,5,5.17,5,5.15,1100,0
20110405,5.05,5.05,4.8,4.8,2100,0
20110406,4.9,5,4.9,5,1300,0
20110408,4.95,5.45,4.95,5.39,16600,0
20110411,5.29,5.43,5.18,5.3,7900,0
20110412,5.3,5.3,5.18,5.18,1500,0
20110413,5.1,5.2,4.98,5.1,2900,0
20110414,5.1,5.1,5.1,5.1,100,0
20110415,4.96,5.01,4.93,4.93,500,0
20110418,5.1,5.1,5.1,5.1,100,0
20110419,5.1,5.1,4.93,4.93,1000,0
20110420,5.05,5.05,5.05,5.05,600,0
20110426,5.1,5.1,4.91,5.06,5200,0
20110427,4.95,5.06,4.95,5.06,100,0
20110428,4.9,5.06,4.69,4.8,11800,0
20110429,4.91,4.91,4.8,4.8,2500,0
20110502,4.8,4.8,4.65,4.74,1700,0
20110503,4.8,4.8,4.49,4.79,5100,0
20110504,4.8,5.02,4.8,5.02,3800,0
20110505,4.82,5.02,4.82,5.02,3900,0
20110506,4.95,4.95,4.95,4.95,500,0
20110509,4.9,4.9,4.9,4.9,900,0
20110510,4.99,4.99,4.61,4.85,4300,0
20110511,4.85,4.89,4.82,4.85,3400,0
20110512,4.85,4.85,4.85,4.85,1300,0
20110513,4.74,4.85,4.5,4.85,10200,0
20110516,4.85,4.85,4.65,4.8,2400,0
20110517,4.8,4.8,4.7,4.7,3400,0
20110518,4.6,4.67,4.52,4.67,4700,0
20110519,4.55,4.6,4.41,4.6,3900,0
20110523,4.55,4.6,4.55,4.6,2000,0
20110524,4.6,4.85,4.6,4.85,8200,0
20110525,4.85,4.85,4.85,4.85,100,0
20110526,4.55,4.85,4.5,4.85,2200,0
20110527,4.7,4.84,4.7,4.8,2800,0
20110530,4.7,4.79,4.58,4.78,800,0
20110531,4.7,4.72,4.7,4.72,2700,0
20110601,4.57,4.73,4.57,4.73,1100,0
20110603,4.8,4.8,4.8,4.8,2000,0
20110606,4.85,4.85,4.7,4.82,1600,0
20110607,4.78,4.78,4.65,4.65,1500,0
20110608,4.7,4.7,4.7,4.7,800,0
20110613,4.75,4.75,4.74,4.74,300,0
20110614,4.7,4.7,4.7,4.7,3400,0
20110615,4.7,4.75,4.57,4.7,77800,0
20110616,4.75,4.79,4.75,4.79,700,0
20110617,4.71,4.71,4.71,4.71,100,0
20110620,4.71,4.71,4.7,4.7,1000,0
20110621,4.7,4.7,4.7,4.7,1200,0
20110622,4.78,4.79,4.66,4.79,3500,0
20110623,4.7,4.7,4.7,4.7,100,0
20110627,4.79,4.79,4.7,4.7,1000,0
20110630,4.75,4.79,4.64,4.79,1100,0
20110705,4.7,4.8,4.7,4.7,15400,0
20110707,4.8,4.8,4.7,4.7,4100,0
20110708,4.7,4.8,4.7,4.7,3700,0
20110711,4.8,4.8,4.7,4.7,1700,0
20110712,4.7,4.8,4.6,4.7,18800,0
20110713,4.6,4.7,4.6,4.7,2700,0
20110714,4.65,4.68,4.6,4.68,4300,0
20110715,4.6,4.7,4.5,4.7,4300,0
20110718,4.6,4.6,4.6,4.6,1600,0
20110719,4.6,4.66,4.6,4.6,2600,0
20110720,4.68,4.68,4.6,4.6,800,0
20110721,4.6,4.6,4.6,4.6,800,0
20110722,4.62,4.69,4.62,4.69,100,0
20110726,4.68,4.82,4.68,4.82,7200,0
20110727,4.8,4.8,4.8,4.8,1000,0
20110728,4.75,4.8,4.75,4.8,300,0
20110729,4.75,4.8,4.75,4.8,100,0
20110801,4.75,4.8,4.75,4.8,200,0
20110802,4.57,4.75,4.51,4.75,2900,0
20110803,4.5,4.5,4.48,4.48,1300,0
20110804,4.45,4.52,4.35,4.35,9600,0
20110805,4.35,4.6,4.35,4.49,27900,0
20110808,4.49,4.49,3.8,4.3,9100,0
20110809,4,4.2,4,4.15,6900,0
20110810,4.25,4.3,4.25,4.25,2900,0
20110811,4,4.25,4,4.25,9400,0
20110812,4.02,4.29,3.97,4.29,10400,0
20110815,4.28,4.3,4.28,4.3,1300,0
20110816,4.15,4.15,4.08,4.09,3300,0
20110817,4,4,4,4,200,0
20110818,4.14,4.14,3.86,4.05,5300,0
20110819,4,4,4,4,500,0
20110822,3.7,4.03,3.7,4,4800,0
20110823,4,4.31,3.95,4.31,17200,0
20110824,4.3,4.3,4.15,4.15,4800,0
20110825,4.01,4.01,4,4,900,0
20110826,4,4,3.86,3.86,1400,0
20110829,4.05,4.33,4,4.14,9100,0
20110830,4.18,4.18,4,4,9600,0
20110831,4.1,4.35,4.1,4.3,5900,0
20110906,4.3,4.3,4.1,4.24,6400,0
20110907,4.3,4.35,4.2,4.3,6200,0
20110908,4.3,4.3,4.1,4.25,7400,0
20110909,4.2,4.2,4.2,4.2,700,0
20110912,4.2,4.2,4.2,4.2,800,0
20110914,4.15,4.15,4.01,4.03,8200,0
20110915,4.1,4.1,4.1,4.1,100,0
20110916,4.2,4.2,4.1,4.1,500,0
20110922,4.01,4.01,3.95,3.95,4700,0
20110923,3.9,3.9,3.9,3.9,300,0
20110926,3.96,3.96,3.96,3.96,500,0
20110927,4.06,4.06,4.06,4.06,300,0
20110928,3.9,4.05,3.9,4.05,2100,0
20111006,4,4,4,4,600,0
20111010,3.95,3.95,3.95,3.95,100,0
20111013,3.97,3.97,3.9,3.9,1100,0
20111017,3.96,4.1,3.96,4.1,1300,0
20111018,4.1,4.1,4,4,2100,0
20111019,4,4.01,4,4.01,800,0
20111021,4.2,4.31,4.2,4.2,5200,0
20111024,4.3,4.3,4.28,4.3,1600,0
20111025,4.1,4.2,4.1,4.2,2400,0
20111026,4.3,4.3,4.3,4.3,8000,0
20111028,4.13,4.13,4.12,4.12,100,0
20111031,4.13,4.13,4.12,4.12,100,0
20111102,4.1,4.1,4.08,4.08,900,0
20111103,4.29,4.29,4.1,4.29,500,0
20111104,4.15,4.15,4.1,4.1,500,0
20111111,4.18,4.3,4.18,4.3,100,0
20111115,4.25,4.25,4.11,4.25,300,0
20111118,4.25,4.25,4.05,4.25,7800,0
20111121,4.1,4.1,3.96,4.1,800,0
20111122,4.18,4.18,4,4,2100,0
20111123,4,4,4,4,10000,0
20111124,4,4,4,4,8700,0
20111125,4,4.15,3.94,3.94,3100,0
20111128,3.94,4.05,3.94,3.94,2700,0
20111129,3.95,3.95,3.95,3.95,2700,0
20111130,3.95,3.95,3.95,3.95,3900,0
20111201,3.95,4,3.95,4,13000,0
20111202,3.96,3.96,3.96,3.96,10900,0
20111205,3.96,3.96,3.96,3.96,100,0
20111206,3.96,3.96,3.96,3.96,10100,0
20111207,3.96,3.96,3.9,3.9,5700,0
20111209,3.96,3.96,3.96,3.96,3300,0
20111212,3.96,3.96,3.96,3.96,200,0
20111213,3.96,3.96,3.96,3.96,4500,0
20111214,3.96,3.96,3.96,3.96,6000,0
20111215,3.92,3.92,3.92,3.92,600,0
20111219,3.92,3.92,3.92,3.92,1600,0
20111220,3.8,3.8,3.78,3.8,10500,0
20111221,3.76,3.76,3.76,3.76,6000,0
20111222,3.76,3.76,3.75,3.75,6100,0
20111223,3.8,3.8,3.8,3.8,800,0
20111227,3.72,3.8,3.7,3.8,2300,0
20111228,3.65,3.8,3.49,3.49,2200,0
20111229,3.64,3.75,3.5,3.56,6500,0
20111230,3.78,4,3.49,4,1800,0
20120102,4.03,4.05,4.03,4.05,3300,0
20120103,4,4.1,4,4,6100,0
20120104,4.24,4.24,4.1,4.1,700,0
20120105,4.1,4.1,3.99,4.1,300,0
20120106,4.1,4.2,4.1,4.2,1400,0
20120109,4.1,4.2,4,4.1,12700,0
20120110,4.1,4.18,4,4.18,10000,0
20120111,4.2,4.2,4.18,4.18,12800,0
20120112,4.05,4.05,4,4.05,17000,0
20120113,4.01,4.07,4.01,4.07,2500,0
20120116,3.8,4.01,3.8,3.9,2800,0
20120117,3.9,3.9,3.9,3.9,400,0
20120118,3.9,3.9,3.9,3.9,7400,0
20120119,3.93,3.93,3.93,3.93,2000,0
20120120,4,4.2,4,4,18900,0
20120123,3.97,3.97,3.95,3.95,2500,0
20120124,4,4.1,3.91,4.1,11100,0
20120125,3.8,4,3.8,4,500,0
20120126,4,4.02,3.95,4.02,2600,0
20120127,4,4.01,3.85,4.01,5600,0
20120130,3.88,4,3.88,4,700,0
20120131,3.9,4.02,3.9,4.02,2300,0
20120201,4.02,4.02,4.02,4.02,1000,0
20120203,4.03,4.03,3.85,3.85,3500,0
20120206,4,4,4,4,2400,0
20120207,3.99,3.99,3.99,3.99,600,0
20120208,3.85,4,3.85,4,2700,0
20120209,3.97,3.99,3.97,3.99,4000,0
20120210,3.95,4,3.95,4,6000,0
20120213,4,4.01,3.95,3.97,4800,0
20120214,4,4,3.9,3.9,52000,0
20120215,3.92,3.92,3.85,3.85,10400,0
20120216,3.9,3.99,3.9,3.94,6800,0
20120217,3.9,4,3.9,4,5400,0
20120220,4,4,4,4,1400,0
20120221,3.9,4,3.9,4,4600,0
20120222,3.9,3.9,3.9,3.9,200,0
20120223,3.9,3.9,3.9,3.9,200,0
20120224,3.9,3.9,3.9,3.9,4900,0
20120227,3.9,3.9,3.9,3.9,9700,0
20120228,3.9,4,3.9,4,7700,0
20120305,4,4,4,4,600,0
20120306,3.95,4,3.9,4,5400,0
20120307,4,4,3.97,4,2700,0
20120309,3.99,3.99,3.99,3.99,2300,0
20120312,4,4.03,4,4,22400,0
20120313,4.03,4.03,3.95,4,200,0
20120314,4,4,4,4,300,0
20120315,3.95,3.95,3.95,3.95,7100,0
20120316,3.95,4.03,3.95,4.03,5800,0
20120319,4.03,4.03,3.95,4.03,6600,0
20120321,4,4,4,4,2600,0
20120322,4.08,4.08,4.08,4.08,200,0
20120323,4.03,4.03,4.03,4.03,300,0
20120326,4.03,4.03,3.95,4.03,1900,0
20120329,4,4,3.95,3.98,800,0
20120330,3.95,4.08,3.95,4,19500,0
20120402,4.02,4.3,4.02,4.11,99300,0
20120403,4.18,4.45,4.18,4.26,71500,0
20120404,4.35,4.41,4.25,4.25,49700,0
20120405,4.2,4.5,4.2,4.5,15600,0
20120410,4.5,4.75,4.49,4.74,13200,0
20120411,4.7,5.04,4.7,4.81,39600,0
20120412,4.86,4.87,4.8,4.8,6800,0
20120413,4.85,4.85,4.7,4.85,6100,0
20120416,4.95,5.11,4.9,5.09,29800,0
20120417,5.1,5.3,5.01,5.2,11200,0
20120418,5.27,5.27,4.9,5.05,11900,0
20120419,5.06,5.06,4.97,4.97,3000,0
20120420,4.99,4.99,4.8,4.85,4600,0
20120423,4.8,5.02,4.71,5.02,7500,0
20120424,4.95,5.13,4.95,4.97,1900,0
20120425,5,5,4.71,4.8,9100,0
20120426,4.9,5.13,4.9,5.02,13300,0
20120427,5,5.02,5,5.02,1200,0
20120430,5,5,4.95,5,1400,0
20120502,5.03,5.4,5.03,5.3,10200,0
20120503,5.5,5.65,5.36,5.55,9600,0
20120504,5.61,5.61,5.22,5.25,6100,0
20120507,5.22,5.78,5.18,5.78,8400,0
20120508,5.82,5.9,5.58,5.86,13200,0
20120509,5.8,5.8,5.28,5.28,15900,0
20120510,5.44,5.66,5.3,5.66,13500,0
20120511,5.68,5.78,5.61,5.78,8600,0
20120514,5.85,5.93,5.75,5.93,5600,0
20120515,5.89,5.89,5.85,5.89,2600,0
20120516,5.8,5.9,5.6,5.9,10900,0
20120517,5.77,5.8,5.7,5.8,1800,0
20120518,5.8,5.8,5.65,5.65,6100,0
20120521,5.6,5.6,5.6,5.6,1100,0
20120522,5.67,5.84,5.65,5.84,4500,0
20120523,5.7,5.7,5.62,5.62,7400,0
20120524,5.8,5.8,5.8,5.8,300,0
20120525,5.74,5.78,5.72,5.72,5600,0
20120528,5.62,5.78,5.62,5.78,400,0
20120529,5.62,5.73,5.62,5.73,500,0
20120530,5.5,5.5,5.31,5.31,1700,0
20120531,5.35,5.35,5.26,5.29,6500,0
20120601,5.26,5.26,4.95,5.1,10800,0
20120604,5.03,5.1,5.02,5.1,3100,0
20120605,5,5.1,4.86,5.1,800,0
20120606,5.1,5.45,5.1,5.45,6400,0
20120607,5.45,5.69,5.45,5.69,1600,0
20120608,5.7,5.7,5.59,5.59,4800,0
20120611,5.57,5.7,5.44,5.63,3200,0
20120612,5.6,5.6,5.35,5.5,2000,0
20120613,5.6,5.6,5.36,5.54,1000,0
20120614,5.37,5.6,5.37,5.6,6400,0
20120615,5.5,6,5.5,6,43100,0
20120618,5.85,6.19,5.85,6.08,17700,0
20120619,6.11,6.11,5.79,6.03,5200,0
20120620,6.08,6.12,5.96,6.12,6700,0
20120621,6.01,6.15,6.01,6.15,3900,0
20120622,5.81,6.1,5.81,6.1,3400,0
20120625,6,6,5.75,5.75,10300,0
20120626,5.85,5.85,5.75,5.75,1500,0
20120627,5.93,5.93,5.8,5.93,200,0
20120628,5.93,6.01,5.93,6.01,7300,0
20120629,6.03,6.14,6.03,6.14,1000,0
20120702,6.14,6.14,6.14,6.14,2300,0
20120703,6.09,6.14,6.09,6.14,4200,0
20120705,6.14,6.45,6.14,6.45,11100,0
20120706,6.65,7.2,6.65,6.99,19500,0
20120709,7.05,7.2,6.76,6.8,18600,0
20120710,6.85,7,6.85,7,9700,0
20120711,7,7,6.98,6.99,5000,0
20120712,6.8,6.99,6.7,6.8,8300,0
20120713,6.82,7,6.7,6.82,3400,0
20120716,6.7,6.96,6.7,6.96,1200,0
20120717,6.8,6.96,6.8,6.89,2100,0
20120718,7,7.01,6.99,7,6000,0
20120719,7,7,6.91,6.91,2000,0
20120720,6.9,6.97,6.9,6.9,2500,0
20120723,6.91,7,6.9,6.92,5600,0
20120724,6.81,6.95,6.74,6.9,7300,0
20120725,6.8,6.8,6.7,6.7,7100,0
20120726,6.9,6.9,6.89,6.9,3100,0
20120727,6.8,6.9,6.5,6.53,16100,0
20120730,6.8,6.9,6.7,6.7,14900,0
20120731,6.82,6.85,6.6,6.78,3000,0
20120801,6.85,6.85,6.5,6.5,10900,0
20120802,6.85,6.85,6.5,6.5,600,0
20120803,6.5,6.5,6.25,6.25,9600,0
20120806,6.07,6.22,6.07,6.08,4200,0
20120807,6.08,6.25,6.08,6.25,5700,0
20120808,6.1,6.25,6.1,6.1,700,0
20120809,6.1,6.18,5.82,6.04,21600,0
20120810,6,6,6,6,2600,0
20120813,6,6.19,6,6.15,1400,0
20120814,6.11,6.35,6.11,6.35,500,0
20120815,6.12,6.35,6.12,6.35,700,0
20120816,6.2,6.35,6.2,6.35,400,0
20120817,6.39,6.39,6.12,6.2,2300,0
20120820,6,6.15,5.99,6,6500,0
20120821,6.05,6.05,6,6,1300,0
20120822,6,6,5.91,5.91,5300,0
20120823,5.82,6.07,5.77,5.79,8200,0
20120824,5.9,5.9,5.5,5.79,6600,0
20120827,5.65,5.89,5.63,5.8,4800,0
20120828,5.83,5.94,5.7,5.86,4700,0
20120829,5.99,5.99,5.9,5.9,5400,0
20120831,5.99,6.19,5.85,6.19,1800,0
20120903,5.85,6,5.85,6,1300,0
20120904,5.95,6.35,5.95,6.16,9500,0
20120905,6.3,6.55,6.3,6.45,11800,0
20120906,6.45,6.58,6.43,6.58,6900,0
20120907,6.66,6.94,6.66,6.92,14400,0
20120910,6.6,6.92,6.6,6.92,5800,0
20120911,6.9,6.95,6.75,6.9,4300,0
20120912,6.75,6.88,6.5,6.7,14000,0
20120913,6.75,6.75,6.55,6.55,600,0
20120914,6.69,6.69,6.47,6.69,3300,0
20120917,6.7,6.7,6.53,6.68,1400,0
20120918,6.46,6.7,6.25,6.51,4800,0
20120919,6.49,6.49,6.3,6.3,2200,0
20120920,6.3,6.65,6.24,6.65,13900,0
20120921,6.5,6.64,6.34,6.34,6200,0
20120924,6.26,6.34,6.22,6.25,7500,0
20120925,6.2,6.23,6,6,5500,0
20120926,6,6,5.86,5.86,8500,0
20120927,5.85,6,5.85,5.99,9600,0
20120928,5.85,6.11,5.85,6.11,6100,0
20121001,5.9,6.05,5.85,6.05,3300,0
20121002,5.99,6,5.8,5.8,3400,0
20121003,5.85,5.98,5.85,5.98,900,0
20121005,5.98,6.03,5.65,5.94,10900,0
20121008,5.89,5.89,5.65,5.65,5100,0
20121009,5.7,6.08,5.7,5.9,22800,0
20121010,6,6.24,6,6.01,4400,0
20121011,6.23,6.23,6.02,6.02,3900,0
20121012,6,6.06,5.92,6,9700,0
20121016,5.9,6,5.9,6,900,0
20121018,6,6.1,6,6.1,500,0
20121019,6.1,6.1,6.1,6.1,1400,0
20121022,6,6,6,6,400,0
20121023,5.9,5.91,5.7,5.8,5000,0
20121024,5.99,5.99,5.7,5.9,200,0
20121025,5.7,5.94,5.7,5.94,100,0
20121026,5.8,5.8,5.75,5.8,1900,0
20121029,5.7,5.85,5.7,5.81,3900,0
20121030,5.75,6.23,5.75,6.05,2700,0
20121031,6.23,6.23,6,6.16,11300,0
20121101,6.15,6.15,6.15,6.15,400,0
20121102,6.08,6.13,6.08,6.13,1700,0
20121105,6.06,6.06,6,6,2300,0
20121106,5.98,6,5.98,6,2900,0
20121107,6,6,6,6,1100,0
20121108,6.13,6.13,6,6,4400,0
20121109,6.13,6.13,6.1,6.1,200,0
20121112,6,6.13,6,6,1200,0
20121113,6,6.05,6,6.02,2200,0
20121114,6,6.13,6,6.05,900,0
20121115,6.07,6.13,6,6.13,3300,0
20121116,6.01,6.13,5.82,5.82,2800,0
20121119,5.91,5.95,5.74,5.95,4000,0
20121120,5.93,5.95,5.8,5.8,1000,0
20121121,5.89,5.93,5.89,5.89,2000,0
20121122,5.7,5.9,5.7,5.85,1200,0
20121123,5.85,5.93,5.75,5.75,1700,0
20121126,5.97,5.97,5.97,5.97,200,0
20121127,5.85,5.99,5.81,5.88,300,0
20121128,5.73,5.99,5.69,5.71,1300,0
20121203,5.8,5.99,5.8,5.99,400,0
20121204,5.99,6.28,5.9,6.2,5000,0
20121205,6.25,6.25,6.11,6.24,1100,0
20121206,6.2,6.35,6.2,6.32,9500,0
20121207,6.3,6.3,6,6,10800,0
20121210,5.95,6,5.95,6,4100,0
20121211,6.02,6.2,6,6.2,2400,0
20121212,6.05,6.31,6.05,6.3,200,0
20121213,6.25,6.25,6.1,6.1,2200,0
20121214,6.01,6.05,6,6,2000,0
20121217,5.96,6.1,5.95,6.1,700,0
20121218,5.97,6.05,5.95,5.95,6300,0
20121219,5.95,6.05,5.95,6.05,9400,0
20121220,5.95,6.05,5.95,6.05,4500,0
20121221,6.05,6.05,5.95,5.95,4100,0
20121227,5.95,5.95,5.95,5.95,11500,0
20121228,5.95,6.19,5.95,6.05,1200,0
20130102,6.15,6.15,6.15,6.15,400,0
20130103,5.95,5.96,5.95,5.96,100,0
20130104,5.95,6.04,5.95,6.04,400,0
20130107,6.06,6.07,5.95,6.07,3400,0
20130108,6,6.1,5.8,5.88,8700,0
20130109,5.75,5.86,5.75,5.86,2100,0
20130110,5.77,5.87,5.76,5.76,1400,0
20130111,5.88,5.88,5.76,5.76,2200,0
20130114,5.84,5.84,5.6,5.75,4100,0
20130115,5.61,5.75,5.61,5.75,400,0
20130117,5.62,5.68,5.62,5.68,2100,0
20130118,5.68,5.8,5.68,5.8,7300,0
20130121,5.79,5.79,5.79,5.79,1500,0
20130122,5.74,5.8,5.56,5.79,5300,0
20130123,5.72,5.78,5.72,5.78,2900,0
20130124,5.78,5.8,5.78,5.8,1400,0
20130125,5.7,5.85,5.7,5.85,1200,0
20130128,5.84,5.88,5.84,5.88,400,0
20130129,6,6.12,6,6.12,6500,0
20130130,6.06,6.12,6.04,6.12,4400,0
20130131,6.12,6.13,6.04,6.12,1400,0
20130201,6.12,6.12,6.12,6.12,1800,0
20130204,6.08,6.08,6,6.03,1700,0
20130205,5.86,6,5.86,6,1700,0
20130206,6.03,6.03,5.97,5.97,700,0
20130207,5.93,5.97,5.9,5.97,1400,0
20130208,5.93,5.93,5.93,5.93,400,0
20130211,5.98,5.98,5.83,5.83,5000,0
20130212,5.9,5.93,5.81,5.93,1500,0
20130213,6,6,5.83,6,5000,0
20130214,6,6,6,6,200,0
20130215,6,6,5.88,5.93,9500,0
20130218,5.8,5.8,5.8,5.8,200,0
20130219,5.8,5.98,5.8,5.98,2100,0
20130220,5.97,5.97,5.8,5.9,700,0
20130221,5.8,5.96,5.8,5.96,900,0
20130225,5.95,5.95,5.9,5.9,400,0
20130226,5.81,5.85,5.8,5.85,6000,0
20130227,5.88,5.88,5.7,5.7,8100,0
20130228,5.59,5.7,5.58,5.58,4700,0
20130301,5.68,5.7,5.51,5.61,800,0
20130304,5.65,5.65,5.65,5.65,100,0
20130305,5.51,5.6,5.51,5.6,1100,0
20130306,5.55,5.7,5.55,5.55,2100,0
20130307,5.59,5.59,5.5,5.5,7700,0
20130308,5.5,5.6,5.36,5.6,6100,0
20130311,5.4,5.5,5.4,5.5,1100,0
20130312,5.4,5.44,5.4,5.44,700,0
20130313,5.4,5.5,5.4,5.5,5200,0
20130314,5.5,5.5,5.4,5.45,600,0
20130315,5.45,5.5,5.45,5.45,16400,0
20130318,5.45,5.5,5.45,5.5,2600,0
20130319,5.5,5.5,5.45,5.5,2100,0
20130320,5.45,5.5,5.45,5.5,1900,0
20130321,5.4,5.4,5.4,5.4,700,0
20130322,5.4,5.4,5.4,5.4,200,0
20130325,5.4,5.45,5.4,5.45,2200,0
20130326,5.49,5.5,5.49,5.5,4900,0
20130327,5.5,5.5,5.48,5.5,1500,0
20130328,5.48,5.48,5.4,5.4,4300,0
20130402,5.39,5.44,5.39,5.44,1600,0
20130403,5.39,5.4,5.39,5.39,900,0
20130405,5.37,5.46,5.37,5.46,800,0
20130408,5.37,5.37,5.37,5.37,400,0
20130409,5.37,5.37,5.01,5.1,38200,0
20130410,5.05,5.2,5.05,5.1,13300,0
20130411,5.1,5.28,5.1,5.28,4000,0
20130412,5.23,5.31,5.15,5.15,2900,0
20130415,5.14,5.32,5.08,5.08,5400,0
20130417,5.2,5.25,5.2,5.25,100,0
20130422,5.3,5.3,5.22,5.22,700,0
20130424,5.18,5.3,5.1,5.24,10800,0
20130425,5.24,5.24,5.08,5.08,100,0
20130426,5.15,5.19,5.15,5.19,2200,0
20130430,5.1,5.1,5.05,5.05,9800,0
20130502,5.08,5.08,5.05,5.08,1600,0
20130503,5.05,5.15,5.05,5.05,2000,0
20130506,5.1,5.3,5.1,5.3,2000,0
20130507,5.29,5.3,5.11,5.11,2600,0
20130508,5.07,5.3,5.07,5.29,800,0
20130509,5.29,5.3,5.2,5.3,1100,0
20130510,5.2,5.38,5.2,5.29,1300,0
20130513,5.4,5.55,5.4,5.48,22200,0
20130514,5.57,5.8,5.57,5.65,11200,0
20130515,5.65,5.65,5.55,5.6,1800,0
20130516,5.52,5.82,5.52,5.82,7400,0
20130517,5.65,5.85,5.65,5.85,2300,0
20130520,5.86,5.86,5.71,5.71,400,0
20130521,5.76,5.81,5.67,5.75,5800,0
20130522,5.78,5.8,5.78,5.8,1500,0
20130523,5.7,5.85,5.66,5.84,4300,0
20130524,5.92,5.92,5.65,5.79,2600,0
20130527,5.75,5.85,5.75,5.85,1700,0
20130529,5.89,5.89,5.7,5.7,1700,0
20130530,5.85,5.85,5.7,5.7,5000,0
20130531,5.7,5.7,5.65,5.65,1500,0
20130603,5.41,5.5,5.41,5.5,1300,0
20130611,5.49,5.5,5.25,5.5,6300,0
20130613,5.43,5.43,5.28,5.35,2800,0
20130617,5.39,5.4,5.26,5.4,3000,0
20130618,5.47,5.47,5.47,5.47,100,0
20130619,5.4,5.4,4.4,5.15,73500,0
20130620,5.05,5.11,5,5.11,7000,0
20130621,5.05,5.06,4.99,5,7200,0
20130624,4.92,4.92,4.74,4.8,21200,0
20130625,4.89,4.89,4.3,4.58,12000,0
20130626,4.69,4.76,4.4,4.51,22400,0
20130627,4.55,4.69,4.45,4.46,10000,0
20130628,4.4,4.85,4.35,4.85,15300,0
20130701,4.71,4.84,4.52,4.6,6100,0
20130703,4.48,4.6,4.48,4.6,600,0
20130704,4.62,4.65,4.48,4.65,4700,0
20130705,4.75,4.75,4.56,4.56,20800,0
20130708,4.55,4.55,4.4,4.42,7900,0
20130709,4.5,4.69,4.4,4.51,7400,0
20130710,4.45,4.59,4.4,4.52,500,0
20130711,4.59,4.8,4.59,4.66,12400,0
20130712,4.58,5.1,4.58,5,16500,0
20130715,5.1,5.26,4.96,5.1,4400,0
20130716,5.1,5.1,5,5,3900,0
20130717,5.02,5.1,4.96,4.96,13600,0
20130718,4.95,5.1,4.9,5.1,4600,0
20130719,5.1,5.1,4.9,4.97,7500,0
20130722,4.97,4.97,4.75,4.75,3500,0
20130723,4.86,4.94,4.86,4.92,600,0
20130724,4.73,4.94,4.73,4.94,1000,0
20130725,4.94,4.98,4.83,4.98,3800,0
20130726,4.98,4.98,4.98,4.98,400,0
20130729,4.98,4.98,4.78,4.98,600,0
20130730,4.98,4.98,4.74,4.88,6800,0
20130731,4.9,4.9,4.75,4.75,1400,0
20130801,4.74,4.85,4.49,4.67,3400,0
20130805,4.66,4.69,4.41,4.62,1700,0
20130806,4.58,4.6,4.58,4.6,800,0
20130807,4.41,4.6,4.4,4.45,2500,0
20130808,4.5,4.5,4.4,4.4,3300,0
20130809,4.37,4.51,4.24,4.38,10800,0
20130812,4.35,4.35,4.19,4.2,4900,0
20130813,4.29,4.29,4.2,4.2,400,0
20130814,4.3,4.3,4.2,4.2,100,0
20130816,4.24,4.24,4.24,4.24,100,0
20130819,4.27,4.27,4.22,4.25,300,0
20130820,4.28,4.28,4.27,4.28,4400,0
20130822,4.35,4.35,4.35,4.35,100,0
20130823,4.32,4.32,4.28,4.32,2800,0
20130826,4.35,4.35,4.33,4.33,2500,0
20130827,4.25,4.32,4.25,4.32,200,0
20130828,4.33,4.36,4.25,4.25,1600,0
20130830,4.25,4.31,4.21,4.27,5300,0
20130902,4.2,4.21,4.2,4.21,800,0
20130903,4.21,4.31,4.21,4.31,3000,0
20130904,4.41,4.55,4.35,4.4,10700,0
20130905,4.35,4.5,4.35,4.5,7600,0
20130906,4.5,4.62,4.5,4.62,3300,0
20130909,4.52,4.55,4.5,4.55,3400,0
20130910,4.62,4.62,4.45,4.45,2100,0
20130911,4.4,4.55,4.4,4.5,7000,0
20130912,4.6,4.6,4.41,4.6,2700,0
20130913,4.5,4.51,4.41,4.51,4100,0
20130916,4.41,4.49,4.4,4.49,6200,0
20130917,4.4,4.4,4.3,4.3,3000,0
20130918,4.25,4.25,4.2,4.2,2500,0
20130919,4.29,4.29,4.29,4.29,100,0
20130920,4.28,4.39,4.25,4.39,4300,0
20130923,4.4,4.4,4.4,4.4,100,0
20130924,4.3,4.3,4.3,4.3,3000,0
20130925,4.25,4.25,4.25,4.25,400,0
20130927,4.3,4.4,4.3,4.4,7300,0
20130930,4.4,4.55,4.4,4.55,17700,0
20131001,4.55,4.55,4.4,4.5,4100,0
20131002,4.5,4.5,4.3,4.43,4800,0
20131003,4.49,4.5,4.4,4.5,3400,0
20131004,4.5,4.6,4.45,4.6,5500,0
20131007,4.5,4.5,4.5,4.5,2400,0
20131008,4.51,4.51,4.48,4.48,3200,0
20131009,4.48,4.48,4.4,4.4,2500,0
20131010,4.25,4.25,3.8,3.9,10500,0
20131011,3.98,4,3.92,4,3700,0
20131014,4.1,4.1,3.96,3.96,2100,0
20131015,3.97,3.97,3.97,3.97,100,0
20131018,4.04,4.07,4.01,4.07,9200,0
20131021,4,4.17,4,4.12,5400,0
20131022,4.03,4.19,3.97,4.18,600,0
20131023,4.2,4.2,3.95,3.95,8100,0
20131025,3.95,4.05,3.95,4,900,0
20131028,4.09,4.09,4.05,4.05,4200,0
20131029,4.03,4.03,4.03,4.03,1100,0
20131030,3.91,4.1,3.91,4.1,200,0
20131031,4,4,3.98,3.98,2600,0
20131104,4,4.05,4,4.02,5500,0
20131105,4.09,4.09,3.95,4.08,1200,0
20131107,3.95,3.95,3.95,3.95,1600,0
20131108,3.95,3.95,3.95,3.95,600,0
20131111,3.97,3.97,3.95,3.97,2400,0
20131112,3.95,3.95,3.94,3.94,1300,0
20131113,3.97,3.97,3.8,3.8,1400,0
20131114,3.8,3.9,3.8,3.9,3900,0
20131115,3.9,3.9,3.8,3.8,11300,0
20131118,3.84,3.9,3.8,3.9,1700,0
20131119,3.85,3.85,3.85,3.85,500,0
20131120,3.8,3.9,3.8,3.9,300,0
20131121,3.8,3.88,3.8,3.88,800,0
20131122,3.83,3.91,3.83,3.89,2800,0
20131125,3.92,3.92,3.74,3.74,6200,0
20131126,3.75,3.75,3.5,3.5,16800,0
20131127,3.52,3.52,3.31,3.32,5000,0
20131128,3.43,3.59,3.3,3.59,7700,0
20131129,3.54,3.84,3.54,3.83,6600,0
20131202,3.71,3.9,3.69,3.9,3600,0
20131203,3.91,3.99,3.9,3.9,10400,0
20131204,3.96,3.96,3.85,3.96,700,0
20131205,3.92,3.92,3.92,3.92,500,0
20131206,3.87,3.87,3.83,3.83,6000,0
20131209,3.84,3.84,3.6,3.75,8200,0
20131211,3.74,3.77,3.7,3.77,5200,0
20131212,3.61,3.81,3.61,3.7,1300,0
20131213,3.61,3.61,3.6,3.6,4900,0
20131216,3.6,3.68,3.6,3.68,1000,0
20131217,3.58,3.58,3.35,3.35,6600,0
20131218,3.45,3.45,3.45,3.45,1100,0
20131219,3.35,3.7,3.35,3.6,6200,0
20131220,3.6,3.9,3.55,3.9,10300,0
20131223,3.85,3.9,3.7,3.8,8400,0
20131227,3.7,3.82,3.54,3.75,6700,0
20131230,3.85,3.93,3.75,3.93,9900,0
20140102,3.9,3.9,3.9,3.9,1300,0
20140103,3.78,3.9,3.77,3.9,1900,0
20140106,3.9,3.9,3.81,3.9,3300,0
20140107,3.99,3.99,3.9,3.9,2100,0
20140108,3.99,3.99,3.96,3.96,3000,0
20140109,3.96,4.06,3.8,3.81,10700,0
20140110,3.82,3.91,3.82,3.91,1600,0
20140113,3.99,3.99,3.99,3.99,1700,0
20140114,3.98,4.03,3.98,4.03,5200,0
20140115,4.09,4.09,3.9,3.9,2700,0
20140116,4,4,3.83,3.83,2300,0
20140117,3.9,3.9,3.82,3.9,2200,0
20140120,3.85,3.9,3.82,3.82,3400,0
20140121,3.82,3.92,3.82,3.92,1400,0
20140122,3.82,3.96,3.82,3.96,1200,0
20140123,3.86,3.86,3.8,3.8,12400,0
20140124,3.8,3.81,3.75,3.75,3100,0
20140128,3.75,3.79,3.75,3.79,1600,0
20140129,3.78,3.78,3.78,3.78,200,0
20140130,3.78,3.8,3.78,3.8,500,0
20140131,3.7,3.7,3.68,3.68,3100,0
20140203,3.65,3.65,3.6,3.65,4900,0
20140204,3.73,4.18,3.62,3.87,5400,0
20140205,3.8,3.8,3.7,3.75,5200,0
20140206,3.65,3.8,3.65,3.8,500,0
20140207,3.7,3.85,3.65,3.8,6900,0
20140210,3.7,3.78,3.65,3.78,6100,0
20140211,3.65,3.7,3.62,3.7,3700,0
20140212,3.7,3.7,3.7,3.7,500,0
20140213,3.68,3.7,3.65,3.7,2000,0
20140214,3.68,3.7,3.68,3.68,1400,0
20140217,3.68,3.68,3.68,3.68,900,0
20140219,3.65,3.65,3.55,3.55,10100,0
20140220,3.57,3.59,3.52,3.52,12000,0
20140221,3.66,3.68,3.4,3.42,22600,0
20140224,3.52,3.69,3.52,3.69,13100,0
20140225,3.69,4.08,3.69,4,32000,0
20140226,4,4,3.9,4,2400,0
20140227,3.9,3.98,3.9,3.98,500,0
20140228,3.94,4,3.78,4,3700,0
20140303,4.1,4.1,3.99,4,3000,0
20140304,3.97,4.09,3.97,4.09,4100,0
20140305,4.19,4.79,4.18,4.71,65100,0
20140306,4.9,5.1,4.8,4.99,74900,0
20140307,4.94,4.94,4.6,4.6,18200,0
20140310,4.7,4.77,4.6,4.77,11100,0
20140311,4.85,5.2,4.85,5.2,58000,0
20140312,4.85,4.97,4.59,4.72,20300,0
20140313,4.8,4.8,4.38,4.55,12700,0
20140314,4.38,4.55,4.25,4.5,6100,0
20140317,4.5,4.55,4.3,4.55,1700,0
20140318,4.65,4.65,4.35,4.35,8200,0
20140319,4.57,4.57,4.45,4.45,2300,0
20140320,4.48,4.48,4.44,4.44,400,0
20140321,4.44,4.6,4.34,4.39,8400,0
20140324,4.65,4.65,4.44,4.52,5600,0
20140325,4.5,4.55,4.5,4.55,1800,0
20140326,4.65,5.03,4.65,4.8,9800,0
20140327,4.9,5,4.8,4.89,5100,0
20140328,4.9,4.9,4.7,4.8,3400,0
20140331,4.7,4.81,4.7,4.81,800,0
20140401,4.71,4.8,4.65,4.7,1200,0
20140402,4.8,4.8,4.7,4.7,700,0
20140403,4.75,4.75,4.75,4.75,500,0
20140404,4.6,4.73,4.6,4.73,1900,0
20140407,4.7,4.75,4.62,4.65,4200,0
20140408,4.61,4.61,4.6,4.6,2000,0
20140409,4.52,4.83,4.52,4.83,4000,0
20140410,4.83,4.83,4.74,4.77,2400,0
20140411,4.7,4.7,4.7,4.7,400,0
20140414,4.41,4.6,4.41,4.6,1800,0
20140415,4.51,4.8,4.51,4.79,11700,0
20140416,4.8,4.9,4.8,4.82,8800,0
20140417,4.9,4.9,4.82,4.9,3900,0
20140422,4.9,4.9,4.71,4.9,1700,0
20140423,4.9,4.9,4.9,4.9,900,0
20140424,4.9,4.9,4.9,4.9,300,0
20140425,4.8,4.81,4.62,4.81,5600,0
20140428,4.84,4.87,4.84,4.87,600,0
20140429,4.77,4.95,4.64,4.95,8100,0
20140430,4.95,4.97,4.85,4.9,4100,0
20140502,5,5.05,4.88,5.05,24200,0
20140505,5.05,5.48,5.05,5.22,18700,0
20140506,5.22,5.22,5.15,5.15,4800,0
20140507,5.24,5.24,5.15,5.15,1200,0
20140508,5.25,5.25,5.1,5.25,6100,0
20140512,5.14,5.25,5.1,5.1,7600,0
20140513,5.18,5.18,5.05,5.18,1300,0
20140514,5.25,5.45,5.25,5.32,30200,0
20140515,5.4,5.45,5.35,5.4,4000,0
20140516,5.35,5.35,5.12,5.25,5800,0
20140519,5.1,5.1,5.09,5.09,1000,0
20140520,5.1,5.11,5.1,5.11,1100,0
20140521,5.11,5.22,5.09,5.22,4700,0
20140522,5.22,5.22,5.22,5.22,1000,0
20140523,5.09,5.17,5.05,5.17,1900,0
20140526,5.2,5.22,5.15,5.22,2600,0
20140528,5.05,5.14,5.05,5.1,700,0
20140529,5.09,5.14,5.05,5.05,5800,0
20140530,5.1,5.1,5.05,5.07,2200,0
20140602,5.09,5.09,5.09,5.09,100,0
20140603,5,5.08,5,5.08,2400,0
20140604,4.99,5.1,4.99,5.1,1100,0
20140605,5,5,5,5,2900,0
20140606,4.99,4.99,4.95,4.98,1900,0
20140609,4.88,4.88,4.82,4.85,5500,0
20140610,4.82,4.95,4.82,4.95,7900,0
20140611,4.86,4.86,4.86,4.86,200,0
20140612,4.95,4.95,4.82,4.83,3500,0
20140613,4.9,4.9,4.83,4.83,800,0
20140616,4.9,4.9,4.9,4.9,100,0
20140617,4.94,4.94,4.94,4.94,100,0
20140618,4.89,4.89,4.89,4.89,100,0
20140619,4.89,4.95,4.84,4.95,2600,0
20140620,4.85,4.92,4.82,4.82,7500,0
20140623,4.82,4.92,4.82,4.9,21400,0
20140624,4.82,4.82,4.62,4.7,32200,0
20140625,4.7,4.79,4.7,4.79,11000,0
20140626,4.82,4.92,4.82,4.9,8400,0
20140627,4.94,4.94,4.94,4.94,800,0
20140630,4.95,4.95,4.89,4.9,4600,0
20140701,4.98,4.98,4.9,4.9,5300,0
20140702,4.82,4.88,4.64,4.72,25500,0
20140703,4.79,4.99,4.64,4.9,6000,0
20140704,4.81,4.9,4.8,4.8,900,0
20140707,4.85,4.9,4.84,4.84,1100,0
20140708,4.88,4.88,4.8,4.8,600,0
20140709,4.81,4.89,4.81,4.89,2100,0
20140710,4.9,4.9,4.84,4.89,2800,0
20140711,4.9,4.9,4.9,4.9,8400,0
20140714,4.81,4.81,4.8,4.8,2100,0
20140715,4.75,4.85,4.75,4.76,1500,0
20140716,4.75,4.85,4.75,4.75,3900,0
20140717,4.76,4.85,4.76,4.85,2300,0
20140718,4.76,4.76,4.75,4.75,2300,0
20140721,4.75,4.75,4.7,4.7,3200,0
20140722,4.7,4.8,4.7,4.8,600,0
20140723,4.7,4.76,4.68,4.76,2900,0
20140724,4.66,4.66,4.66,4.66,1300,0
20140728,4.61,4.61,4.5,4.61,4500,0
20140729,4.58,4.58,4.55,4.55,500,0
20140730,4.5,4.59,4.25,4.5,7000,0
20140731,4.37,4.37,4.27,4.27,1500,0
20140801,4.25,4.45,4.2,4.2,5600,0
20140804,4.34,4.58,4.2,4.58,4700,0
20140805,4.5,4.69,4.5,4.5,3900,0
20140806,4.5,4.6,4.5,4.6,5100,0
20140807,4.6,4.7,4.6,4.65,2400,0
20140808,4.6,4.6,4.6,4.6,6400,0
20140811,4.96,5.2,4.8,5.2,44700,0
20140812,5.2,5.38,5.11,5.38,22400,0
20140813,5.45,5.89,5.28,5.89,26400,0
20140814,5.8,5.8,5.5,5.8,11500,0
20140815,5.84,5.84,5.58,5.58,7700,0
20140818,5.73,5.9,5.55,5.9,17800,0
20140819,5.9,6.22,5.9,6.22,33300,0
20140820,6.24,6.61,6.14,6.4,70300,0
20140821,6.59,6.64,6.09,6.3,13900,0
20140822,6.37,6.4,6.15,6.15,12800,0
20140825,6.25,6.35,6.2,6.2,10900,0
20140826,6.25,6.26,6.1,6.2,15400,0
20140827,6.23,6.23,5.87,5.9,10900,0
20140828,5.8,5.8,5.6,5.75,8200,0
20140829,5.7,5.91,5.59,5.89,15300,0
20140901,6,6.02,6,6.02,16500,0
20140902,6.14,6.4,6.14,6.35,3900,0
20140903,6.35,6.4,6.09,6.4,13700,0
20140904,6.4,6.65,6.3,6.65,13700,0
20140905,6.55,6.56,6.38,6.38,11100,0
20140908,6.28,6.32,6.11,6.28,4700,0
20140909,6.21,6.36,6.21,6.25,600,0
20140910,6.25,6.25,6.16,6.16,8300,0
20140911,6.25,6.25,5.7,5.7,9600,0
20140912,5.8,6.11,5.8,6.11,8300,0
20140915,6.1,6.1,6.1,6.1,200,0
20140916,6,6.18,6,6.18,2100,0
20140917,6.25,6.25,6.2,6.2,7000,0
20140918,6.2,6.25,6.19,6.25,7000,0
20140919,6.25,6.25,5.94,5.94,8500,0
20140922,6,6.14,6,6.14,2400,0
20140923,6.14,6.24,6.14,6.21,3400,0
20140924,6.25,6.25,6,6,500,0
20140925,6.06,6.13,6.06,6.13,2200,0
20140926,6.15,6.15,6.15,6.15,5200,0
20140929,6.03,6.07,6.03,6.07,6800,0
20140930,6.01,6.05,5.91,6,1000,0
20141001,6,6,5.65,5.79,10800,0
20141002,5.86,5.87,5.26,5.3,15400,0
20141006,5.24,5.35,5.16,5.35,12800,0
20141007,5.44,5.6,5.25,5.59,6400,0
20141008,5.65,5.65,5.24,5.36,11400,0
20141009,5.33,5.5,5.26,5.5,7300,0
20141010,5.4,5.52,5.4,5.52,600,0
20141013,5.45,5.5,4.7,4.7,15100,0
20141014,4.9,5.39,4.85,5.2,29700,0
20141015,5.1,5.29,4.9,4.9,7000,0
20141016,5.01,5.25,4.92,5.1,16000,0
20141017,5.31,5.31,5.11,5.29,1000,0
20141020,5.19,5.3,5.19,5.3,2100,0
20141021,5.2,5.3,5.2,5.3,1500,0
20141022,5.28,5.28,5.2,5.2,3500,0
20141024,5.22,5.28,5.22,5.28,2300,0
20141027,5.28,5.28,5.17,5.17,5800,0
20141028,5.15,5.15,5.01,5.1,9100,0
20141029,5.1,5.15,5.1,5.15,2800,0
20141030,4.99,5.05,4.86,4.99,6900,0
20141031,4.89,5.2,4.89,5.06,28300,0
20141103,5.06,5.16,5.03,5.16,7500,0
20141104,5.26,5.26,5.06,5.2,4100,0
20141105,5.18,5.18,5.17,5.18,1100,0
20141106,5.1,5.17,5.1,5.15,2000,0
20141107,5.14,5.39,5.11,5.39,9300,0
20141110,5.42,5.48,5.13,5.17,12300,0
20141111,5.33,5.33,4.99,5.03,19700,0
20141112,5.03,5.47,5.03,5.47,16200,0
20141113,5.5,5.5,5.45,5.45,5100,0
20141114,5.5,5.5,5.4,5.49,2100,0
20141117,5.52,5.53,5.4,5.53,6900,0
20141118,5.52,5.53,5.52,5.52,1700,0
20141119,5.45,5.52,5.45,5.49,3500,0
20141120,5.55,5.55,5.52,5.52,300,0
20141121,5.54,5.54,5.52,5.54,5100,0
20141124,5.6,5.84,5.6,5.61,8000,0
20141125,5.55,5.55,5.5,5.5,4000,0
20141126,5.41,5.5,5.38,5.4,12800,0
20141127,5.41,5.5,5.41,5.5,1500,0
20141128,5.45,5.45,5.4,5.4,2800,0
20141201,5.4,5.41,5.26,5.4,5400,0
20141202,5.45,5.51,5.45,5.51,600,0
20141203,5.43,5.59,5.43,5.59,100,0
20141204,5.45,5.45,5.45,5.45,1200,0
20141205,5.45,5.53,5.45,5.53,1200,0
20141208,5.46,5.47,5.45,5.45,3100,0
20141209,5.4,5.54,5.4,5.54,3500,0
20141210,5.5,5.5,5.4,5.4,6600,0
20141211,5.4,5.49,5.35,5.49,1800,0
20141212,5.5,5.5,5.31,5.31,9000,0
20141215,5.24,5.42,5.24,5.42,5300,0
20141216,5.54,5.54,5.54,5.54,100,0
20141217,5.41,5.58,5.4,5.58,3200,0
20141218,5.57,5.61,5.4,5.4,8800,0
20141219,5.45,5.51,5.4,5.4,2000,0
20141222,5.5,5.5,5.4,5.4,1400,0
20141223,5.5,5.5,5.39,5.5,4800,0
20141229,5.5,5.5,5.4,5.4,6200,0
20141230,5.5,5.5,5.3,5.5,4000,0
20150102,5.67,5.67,5.39,5.4,2300,0
20150105,5.49,5.5,5.49,5.5,100,0
20150106,5.4,5.5,5.4,5.5,700,0
20150107,5.5,5.5,5.35,5.4,3300,0
20150108,5.4,5.5,5.3,5.46,600,0
20150109,5.46,5.46,5.24,5.24,8100,0
20150112,5.22,5.34,5.06,5.06,7500,0
20150113,5.16,5.16,4.33,4.79,24500,0
20150114,4.83,5.15,4.69,5.02,18400,0
20150115,5.11,5.11,5.05,5.05,1700,0
20150116,5.05,5.2,4.9,4.91,13800,0
20150119,4.77,4.91,4.6,4.6,6500,0
20150120,4.55,4.8,4.45,4.75,8800,0
20150121,4.85,4.85,4.85,4.85,100,0
20150123,4.82,4.98,4.82,4.98,200,0
20150126,4.93,5,4.9,4.9,3400,0
20150127,4.95,4.97,4.9,4.97,6100,0
20150128,5,5,5,5,300,0
20150129,5,5.09,5,5.09,3400,0
20150130,5.15,5.15,5.14,5.14,100,0
20150202,5.04,5.11,5.04,5.04,9300,0
20150203,4.97,5.04,4.97,4.97,1700,0
20150204,4.95,4.95,4.95,4.95,3200,0
20150205,5.09,5.14,5.09,5.14,10700,0
20150206,5.04,5.04,4.95,5.04,14000,0
20150209,5,5,4.88,4.95,10000,0
20150210,4.9,4.9,4.9,4.9,400,0
20150211,5,5.09,5,5.09,12900,0
20150212,5.02,5.03,5.02,5.02,3900,0
20150213,5,5,4.92,4.93,2700,0
20150217,5.02,5.02,5.02,5.02,300,0
20150218,5.09,5.09,5.09,5.09,100,0
20150219,5.09,5.09,5.09,5.09,1500,0
20150220,4.99,4.99,4.99,4.99,3100,0
20150223,5.03,5.03,5.03,5.03,400,0
20150224,5,5,4.9,5,1600,0
20150225,4.9,4.9,4.9,4.9,3400,0
20150226,4.9,4.9,4.9,4.9,300,0
20150227,4.9,4.9,4.9,4.9,600,0
20150302,4.8,4.9,4.8,4.9,6100,0
20150303,4.8,4.84,4.8,4.84,1000,0
20150304,4.93,4.93,4.93,4.93,200,0
20150305,4.83,4.83,4.76,4.8,6500,0
20150306,4.85,4.9,4.71,4.8,18600,0
20150309,4.8,4.9,4.73,4.73,2000,0
20150310,4.73,4.82,4.65,4.65,3100,0
20150311,4.75,4.75,4.45,4.75,23200,0
20150312,4.55,4.78,4.55,4.6,4700,0
20150313,4.6,4.83,4.6,4.83,3700,0
20150316,4.84,4.84,4.84,4.84,1700,0
20150317,4.74,4.86,4.74,4.74,3500,0
20150318,4.72,4.72,4.72,4.72,1300,0
20150319,4.71,4.71,4.69,4.69,400,0
20150320,4.6,4.7,4.45,4.7,17600,0
20150323,4.6,4.95,4.6,4.74,15700,0
20150324,4.95,4.95,4.95,4.95,200,0
20150325,4.95,4.95,4.85,4.91,7600,0
20150326,4.95,5.09,4.68,4.9,23700,0
20150327,4.87,4.87,4.87,4.87,800,0
20150330,4.81,4.81,4.81,4.81,400,0
20150331,5,5.2,5,5.2,43500,0
20150401,5.14,5.14,5.08,5.08,7200,0
20150402,5.18,5.18,4.98,4.98,4300,0
20150407,5,5.049,4.951,5.049,7249,0
20150408,5.1,5.1,4.952,5.1,4470,0
20150409,5,5.108,4.951,5.107,4487,0
20150410,5.196,5.196,5.18,5.18,2951,0
20150413,5.3,5.42,5.21,5.271,41774,0
20150414,5.289,5.29,5.2,5.2,11984,0
20150415,5.19,5.489,5.19,5.4,22952,0
20150416,5.316,5.429,5.294,5.294,6562,0
20150417,5.24,5.3,5.191,5.191,5419,0
20150420,5.199,5.262,5.199,5.262,1900,0
20150421,5.35,5.35,5.325,5.325,1315,0
20150422,5.325,5.325,5.28,5.32,364,0
20150423,5.28,5.28,5.199,5.235,1270,0
20150424,5.195,5.25,5.195,5.25,1000,0
20150427,5.34,5.34,5.032,5.032,8058,0
20150428,5.131,5.267,5.131,5.239,8667,0
20150429,5.269,5.27,5.269,5.27,1540,0
20150430,5.171,5.18,5.11,5.18,6964,0
20150504,5.269,5.27,5.269,5.27,3216,0
20150505,5.175,5.175,5.05,5.05,10104,0
20150506,5.1,5.1,5.01,5.015,10804,0
20150507,5.024,5.03,5.01,5.03,4515,0
20150508,5.021,5.021,5.01,5.01,3620,0
20150511,5.05,5.109,5.023,5.05,4016,0
20150512,5.147,5.147,5.139,5.139,3200,0
20150513,5.085,5.115,5.085,5.115,474,0
20150514,5.064,5.104,5.016,5.104,1526,0
20150515,5.198,5.2,5.198,5.2,3032,0
20150518,5.199,5.2,5.135,5.135,2036,0
20150519,5.199,5.199,5.199,5.199,100,0
20150520,5.2,5.2,5.2,5.2,496,0
20150521,5.125,5.125,5.125,5.125,343,0
20150522,5.236,5.236,5.13,5.13,822,0
20150526,5.1,5.1,5.1,5.1,300,0
20150527,5.1,5.1,4.99,5,11200,0
20150528,4.97,4.97,4.97,4.97,80,0
20150529,4.971,4.971,4.96,4.96,4585,0
20150601,4.9,4.989,4.84,4.989,2971,0
20150602,4.95,4.95,4.851,4.949,575,0
20150603,4.949,4.949,4.949,4.949,150,0
20150604,4.851,4.904,4.85,4.904,6518,0
20150605,4.904,4.904,4.904,4.904,358,0
20150608,4.9,5.015,4.9,5.015,2811,0
20150609,5.15,5.2,5.149,5.196,8096,0
20150611,5.174,5.174,5.174,5.174,45,0
20150612,5.199,5.2,5.199,5.2,491,0
20150616,5.12,5.12,5.12,5.12,1000,0
20150617,5.12,5.12,5.07,5.07,1150,0
20150618,5.119,5.221,5.119,5.221,5736,0
20150619,5.199,5.27,5.11,5.27,4144,0
20150622,5.219,5.22,5.11,5.111,2071,0
20150623,5.189,5.189,5.05,5.05,4233,0
20150624,5.139,5.14,5.139,5.14,400,0
20150626,5.139,5.14,5.139,5.14,200,0
20150629,5.07,5.11,5,5.11,3619,0
20150630,5.011,5.25,5.011,5.25,3715,0
20150701,5.091,5.091,5.09,5.09,1170,0
20150702,5.051,5.053,5.05,5.05,2478,0
20150703,5.149,5.15,5.149,5.15,400,0
20150706,5.239,5.239,5.239,5.239,400,0
20150707,5.05,5.05,5.05,5.05,500,0
20150708,4.92,4.92,4.76,4.86,7306,0
20150709,4.939,4.94,4.939,4.94,300,0
20150710,4.831,4.92,4.831,4.92,1600,0
20150713,4.91,4.91,4.9,4.9,1000,0
20150714,4.851,4.851,4.629,4.629,12107,0
20150715,4.85,4.85,4.71,4.789,1789,0
20150716,4.65,4.88,4.65,4.88,2192,0
20150720,4.651,4.8,4.651,4.8,2899,0
20150721,4.8,4.8,4.8,4.8,859,0
20150722,4.907,4.94,4.907,4.94,300,0
20150723,4.949,5.02,4.875,5.02,5340,0
20150724,4.905,4.95,4.83,4.83,6204,0
20150727,4.85,4.85,4.85,4.85,200,0
20150728,4.851,4.949,4.851,4.949,1172,0
20150729,5.04,5.04,4.999,5,2912,0
20150730,4.951,5.044,4.751,5.03,22052,0
20150731,5.049,5.18,5.049,5.139,11294,0
20150803,4.961,4.961,4.871,4.95,10403,0
20150804,5,5,4.85,4.85,2502,0
20150805,4.94,4.94,4.94,4.94,200,0
20150806,4.949,4.95,4.949,4.95,824,0
20150807,4.863,4.863,4.86,4.86,200,0
20150810,4.94,5.03,4.86,4.86,6326,0
20150811,4.851,4.851,4.825,4.83,1656,0
20150812,4.831,4.831,4.83,4.83,1304,0
20150813,4.822,4.822,4.808,4.808,950,0
20150814,4.927,4.927,4.927,4.927,150,0
20150817,4.9,4.9,4.9,4.9,594,0
20150818,4.999,4.999,4.999,4.999,400,0
20150819,4.9,4.918,4.799,4.918,4101,0
20150820,4.818,4.818,4.78,4.78,5113,0
20150821,4.72,4.72,4.583,4.583,3558,0
20150824,4.55,4.55,4.4,4.4,4828,0
20150825,4.419,4.419,4.419,4.419,10,0
20150826,4.4,4.4,4.4,4.4,250,0
20150827,4.419,4.51,4.419,4.51,4000,0
20150828,4.529,4.53,4.529,4.53,1500,0
20150831,4.548,4.638,4.548,4.638,14192,0
20150901,4.55,4.649,4.55,4.649,328,0
20150902,4.689,4.69,4.689,4.69,261,0
20150903,4.71,4.71,4.71,4.71,100,0
20150904,4.7,4.7,4.7,4.7,100,0
20150907,4.768,4.791,4.768,4.791,11985,0
20150908,4.972,5.12,4.9,4.9,12152,0
20150909,4.987,4.987,4.987,4.987,500,0
20150910,4.995,4.995,4.995,4.995,1000,0
20150911,4.998,4.998,4.998,4.998,150,0
20150914,4.9,4.989,4.8,4.989,2987,0
20150916,4.97,4.97,4.97,4.97,1,0
20150917,4.988,4.99,4.988,4.989,3138,0
20150918,4.89,4.94,4.8,4.9,9846,0
20150921,4.899,4.9,4.899,4.9,1140,0
20150922,4.801,4.801,4.639,4.739,13700,0
20150923,4.8,4.8,4.8,4.8,200,0
20150924,4.799,4.799,4.702,4.702,400,0
20150925,4.582,4.817,4.582,4.817,1475,0
20150928,4.718,4.917,4.718,4.895,4550,0
20150929,4.95,4.99,4.95,4.99,1800,0
20150930,4.95,4.98,4.95,4.98,4925,0
20151001,4.99,5.07,4.99,5.07,1045,0
20151002,5.09,5.109,5.004,5.004,5258,0
20151005,5.16,5.16,5.159,5.159,155,0
20151007,5.054,5.149,5,5.1,1335,0
20151008,5.159,5.159,5.1,5.159,1512,0
20151009,5.051,5.149,5.051,5.149,752,0
20151012,5.159,5.17,5.149,5.149,3952,0
20151013,5.05,5.05,4.805,4.805,13285,0
20151014,4.751,4.799,4.601,4.75,9006,0
20151015,4.749,4.75,4.629,4.75,1614,0
20151016,4.69,4.83,4.69,4.83,204,0
20151019,4.809,4.812,4.809,4.812,835,0
20151020,4.8,4.928,4.751,4.9,589,0
20151021,4.763,4.869,4.763,4.869,228,0
20151022,4.879,4.879,4.781,4.802,144,0
20151023,4.811,4.811,4.81,4.81,1583,0
20151026,4.931,4.949,4.85,4.932,7236,0
20151027,4.831,4.958,4.831,4.95,662,0
20151028,4.88,4.979,4.88,4.979,352,0
20151030,4.77,4.808,4.681,4.807,3184,0
20151102,4.84,4.849,4.81,4.81,1155,0
20151103,4.849,5.004,4.751,5.004,16740,0
20151104,5.05,5.14,5.05,5.14,2078,0
20151105,5.04,5.165,5.04,5.165,1127,0
20151106,5.16,5.165,5.16,5.165,984,0
20151109,5.164,5.26,4.75,4.92,30544,0
20151110,4.829,4.9,4.634,4.634,17218,0
20151111,4.59,4.749,4.484,4.51,3766,0
20151112,4.51,4.6,4.51,4.6,1373,0
20151113,4.45,4.579,4.45,4.5,624,0
20151116,4.491,4.579,4.491,4.579,298,0
20151117,4.579,4.688,4.502,4.554,4933,0
20151118,4.5,4.68,4.5,4.68,486,0
20151119,4.524,4.679,4.11,4.11,11805,0
20151120,4.199,4.64,4.15,4.504,18062,0
20151123,4.5,4.5,4.5,4.5,100,0
20151124,4.3,4.449,4.3,4.3,712,0
20151125,4.42,4.57,4.42,4.57,1532,0
20151126,4.57,4.65,4.57,4.65,3184,0
20151127,4.64,4.8,4.47,4.47,9062,0
20151130,4.47,4.47,4.301,4.4,9004,0
20151201,4.32,4.349,4.32,4.349,1319,0
20151203,4.3,4.35,4.264,4.264,1095,0
20151204,4.349,4.35,4.301,4.349,4500,0
20151207,4.449,4.449,4.449,4.449,40,0
20151208,4.4,4.478,4.4,4.46,4839,0
20151209,4.45,4.45,4.45,4.45,1022,0
20151211,4.353,4.353,4.352,4.352,200,0
20151214,4.463,4.501,4.462,4.5,13071,0
20151215,4.501,4.55,4.5,4.5,222,0
20151216,4.509,4.51,4.5,4.5,11940,0
20151217,4.5,4.5,4.403,4.486,1666,0
20151218,4.6,4.6,4.6,4.6,2000,0
20151221,4.45,4.5,4.45,4.5,1010,0
20151222,4.5,4.5,4.405,4.405,455,0
20151223,4.406,4.421,4.301,4.301,5102,0
20151228,4.29,4.412,4.19,4.19,7927,0
20151229,4.111,4.269,4.1,4.23,15450,0
20151230,4.2,4.5,4,4.5,26972,0
20160104,4.42,4.42,4.056,4.25,2657,0
20160105,4.249,4.249,4.249,4.249,190,0
20160107,4.1,4.199,4.1,4.199,204,0
20160108,4.1,4.103,4.1,4.103,805,0
20160111,4.1,4.2,4.1,4.2,898,0
20160113,4.104,4.104,4.103,4.103,100,0
20160114,4.121,4.122,4.121,4.122,90,0
20160115,4.131,4.131,4.13,4.131,2000,0
20160118,4.199,4.199,4.199,4.199,200,0
20160119,4.199,4.199,4.199,4.199,150,0
20160120,4.131,4.187,4.13,4.187,1993,0
20160121,4.149,4.149,4.011,4.05,8227,0
20160122,4.012,4.084,4.011,4.084,1274,0
20160125,4.059,4.149,4,4,992,0
20160126,4.013,4.031,4.013,4.031,550,0
20160128,4.095,4.15,4.01,4.01,2685,0
20160129,4.021,4.021,4.02,4.02,36,0
20160201,4.179,4.2,4.179,4.2,2000,0
20160205,4.14,4.14,4.14,4.14,120,0
20160208,4.011,4.011,3.75,3.75,10250,0
20160209,3.6,3.65,3.6,3.6,3200,0
20160211,3.6,3.6,3.6,3.6,1000,0
20160212,3.561,3.561,3.49,3.495,5132,0
20160215,3.725,3.74,3.725,3.74,462,0
20160216,3.605,3.725,3.605,3.605,3767,0
20160217,3.6,3.83,3.6,3.83,975,0
20160218,3.81,4,3.81,4,3942,0
20160222,3.8,3.8,3.8,3.8,500,0
20160224,3.752,3.752,3.65,3.729,7240,0
20160225,3.731,3.857,3.731,3.857,1057,0
20160226,3.71,3.75,3.65,3.65,5264,0
20160229,3.6,3.679,3.52,3.52,2947,0
20160301,3.52,3.75,3.52,3.75,5624,0
20160303,3.572,3.572,3.55,3.55,515,0
20160304,3.6,3.73,3.6,3.6,2700,0
20160307,3.6,3.73,3.6,3.73,1500,0
20160308,3.58,3.73,3.4,3.58,8438,0
20160309,3.5,3.5,3.5,3.5,200,0
20160310,3.6,3.6,3.45,3.45,902,0
20160311,3.45,3.45,3.45,3.45,400,0
20160315,3.6,3.82,3.6,3.82,2850,0
20160317,3.75,3.75,3.75,3.75,102,0
20160318,3.64,3.88,3.64,3.88,5500,0
20160321,4,4,4,4,200,0
20160324,3.76,3.76,3.76,3.76,20,0
20160329,3.9,3.9,3.9,3.9,2,0
20160330,3.75,4,3.75,4,6090,0
20160331,3.9,4.08,3.9,4.08,4862,0
20160401,4.209,4.209,3.7,3.86,6362,0
20160404,3.89,3.89,3.89,3.89,600,0
20160406,3.899,3.899,3.899,3.899,1,0
20160407,3.8,3.8,3.8,3.8,700,0
20160408,3.977,3.98,3.9,3.9,5780,0
20160411,4,4.178,4,4.178,2680,0
20160413,4.144,4.145,4.144,4.145,500,0
20160415,4.192,4.192,4.163,4.164,2128,0
20160419,4.07,4.07,4.07,4.07,2000,0
20160420,4.1,4.1,4,4,850,0
20160422,3.89,3.964,3.89,3.964,103,0
20160428,3.886,3.886,3.886,3.886,262,0
20160429,3.92,3.92,3.92,3.92,500,0
20160502,4,4,4,4,275,0
20160506,3.95,4.004,3.95,4.004,600,0
20160510,4.01,4.01,3.85,3.85,600,0
20160511,3.999,3.999,3.999,3.999,2000,0
20160512,3.999,4.028,3.999,4.028,2932,0
20160519,4.032,4.032,4.032,4.032,100,0
20160526,4.005,4.005,3.949,3.95,1774,0
20160530,3.871,3.927,3.871,3.927,1900,0
20160531,3.927,3.927,3.927,3.927,700,0
20160602,3.895,3.895,3.895,3.895,800,0
20160603,3.901,3.901,3.894,3.894,2212,0
20160607,4.013,4.014,3.884,3.884,8462,0
20160610,3.84,3.948,3.8,3.8,963,0
20160613,3.81,3.899,3.81,3.899,257,0
20160614,3.98,4.018,3.98,3.983,1685,0
20160615,3.898,3.898,3.898,3.898,370,0
20160616,3.758,3.758,3.758,3.758,2000,0
20160617,3.857,3.858,3.857,3.858,500,0
20160620,3.76,3.76,3.76,3.76,1070,0
20160621,3.77,3.77,3.75,3.75,2200,0
20160622,3.749,3.75,3.749,3.75,1554,0
20160623,3.739,3.751,3.6,3.749,7511,0
20160624,3.6,3.691,3.5,3.666,6415,0
20160628,3.7,3.7,3.553,3.553,1366,0
20160629,3.56,3.56,3.56,3.56,75,0
20160630,3.7,3.7,3.62,3.62,414,0
20160701,3.701,3.701,3.7,3.7,650,0
20160704,3.85,3.85,3.85,3.85,593,0
20160705,3.89,3.89,3.89,3.89,400,0
20160706,3.81,3.81,3.8,3.8,440,0
20160707,3.78,3.78,3.78,3.78,200,0
20160708,3.581,3.582,3.581,3.582,2008,0
20160712,3.7,3.7,3.7,3.7,10200,0
20160713,3.7,3.7,3.7,3.7,16000,0
20160714,3.65,3.7,3.58,3.58,18251,0
20160715,3.65,3.7,3.58,3.58,15692,0
20160718,3.581,3.75,3.58,3.749,31780,0
20160719,3.679,3.75,3.678,3.75,22376,0
20160720,3.633,3.8,3.63,3.749,19027,0
20160721,3.58,3.815,3.58,3.709,1724,0
20160722,3.88,3.92,3.8,3.8,14065,0
20160725,3.651,3.841,3.651,3.841,835,0
20160726,3.82,3.852,3.602,3.606,9872,0
20160729,3.631,3.86,3.631,3.86,219,0
20160801,3.641,3.916,3.641,3.76,1828,0
20160802,3.848,3.848,3.847,3.847,727,0
20160803,3.798,3.799,3.798,3.799,496,0
20160805,3.651,3.651,3.651,3.651,392,0
20160808,3.599,3.6,3.5,3.501,2268,0
20160810,3.639,3.639,3.639,3.639,2000,0
20160811,3.829,3.9,3.601,3.601,9315,0
20160812,3.6,3.6,3.6,3.6,1059,0
20160816,3.65,3.65,3.65,3.65,1000,0
20160817,3.69,3.7,3.69,3.7,2000,0
20160818,3.65,3.65,3.65,3.65,650,0
20160819,3.65,3.7,3.65,3.7,390,0
20160823,3.699,3.699,3.699,3.699,500,0
20160824,3.601,3.601,3.601,3.601,189,0
20160825,3.67,3.7,3.541,3.542,6659,0
20160826,3.543,3.543,3.543,3.543,992,0
20160829,3.649,3.649,3.649,3.649,181,0
20160831,3.731,3.733,3.7,3.733,4056,0
20160901,3.801,3.801,3.801,3.801,1500,0
20160902,3.8,3.8,3.8,3.8,1000,0
20160906,3.799,3.937,3.794,3.817,4574,0
20160907,3.814,3.817,3.786,3.786,2402,0
20160908,3.791,3.791,3.695,3.695,2627,0
20160909,3.727,3.727,3.697,3.697,2031,0
20160912,3.911,3.911,3.911,3.911,440,0
20160914,3.84,3.84,3.84,3.84,700,0
20160915,3.899,3.9,3.899,3.9,2662,0
20160919,3.67,3.759,3.669,3.759,3181,0
20160920,3.799,3.799,3.799,3.799,263,0
20160922,3.699,3.699,3.699,3.699,135,0
20160923,3.65,3.65,3.5,3.5,3730,0
20160926,3.599,3.599,3.599,3.599,80,0
20160927,3.614,3.614,3.435,3.435,3256,0
20160928,3.5,3.5,3.4,3.4,11470,0
20160929,3.16,3.289,2.299,2.45,32012,0
20160930,2.449,2.499,2.3,2.32,28280,0
20161004,2.58,2.58,2.38,2.38,28300,0
20161005,2.48,2.5,2.38,2.38,2140,0
20161006,2.461,2.5,2.42,2.5,5814,0
20161007,2.41,2.499,2.41,2.49,11800,0
20161010,2.39,2.45,2.39,2.39,1418,0
20161011,2.428,2.918,2.428,2.6,31087,0
20161012,2.7,2.7,2.6,2.6,4218,0
20161013,2.649,2.783,2.649,2.75,15651,0
20161014,2.731,2.749,2.65,2.749,6042,0
20161017,2.769,2.769,2.66,2.66,2829,0
20161018,2.7,2.797,2.7,2.75,11110,0
20161019,2.75,2.75,2.551,2.551,13280,0
20161020,2.6,2.7,2.519,2.519,15407,0
20161021,2.521,2.545,2.439,2.545,28867,0
20161024,2.452,2.456,2.452,2.456,2334,0
20161025,2.5,2.5,2.5,2.5,2200,0
20161026,2.58,2.58,2.5,2.5,9449,0
20161027,2.524,2.524,2.524,2.524,101,0
20161028,2.6,2.6,2.5,2.521,3720,0
20161031,2.537,2.568,2.537,2.568,160,0
20161104,2.499,2.5,2.499,2.5,2150,0
20161107,2.499,2.499,2.499,2.499,500,0
20161108,2.5,2.5,2.25,2.3,4351,0
20161109,2.417,2.5,2.417,2.5,4762,0
20161110,2.499,2.5,2.42,2.45,2634,0
20161111,2.5,2.5,2.5,2.5,500,0
20161114,2.36,2.4,2.34,2.4,1820,0
20161115,2.315,2.315,2.315,2.315,450,0
20161116,2.285,2.488,2.285,2.335,4100,0
20161117,2.34,2.34,2.34,2.34,1220,0
20161118,2.34,2.34,2.34,2.34,500,0
20161122,2.26,2.3,2.26,2.3,981,0
20161124,2.17,2.3,2.17,2.3,4000,0
20161125,2.22,2.22,2.2,2.2,728,0
20161128,2.22,2.24,2.22,2.24,1066,0
20161129,2.247,2.3,2.24,2.3,4160,0
20161130,2.18,2.18,2.18,2.18,150,0
20161201,2.2,2.3,2.175,2.175,1860,0
20161202,2.2,2.23,2.2,2.23,1575,0
20161205,2.22,2.22,2.22,2.22,250,0
20161207,2.175,2.215,2.16,2.205,3264,0
20161208,2.22,2.23,2.16,2.16,3135,0
20161209,2.289,2.289,2.165,2.165,1357,0
20161212,2.299,2.299,2.2,2.21,10000,0
20161213,2.161,2.161,2.15,2.15,1606,0
20161214,2.15,2.15,2.109,2.109,4016,0
20161215,2.05,2.053,2,2.053,7327,0
20161216,2.05,2.1,1.95,2.1,20773,0
20161219,2.135,2.25,2.135,2.25,3400,0
20161220,2.3,2.364,2.26,2.276,2854,0
20161221,2.2,2.236,2.16,2.236,2376,0
20161222,2.135,2.135,2.135,2.135,2791,0
20161223,2.135,2.156,2.015,2.156,3915,0
20161227,2.011,2.011,1.951,1.951,1975,0
20161228,2.05,2.05,1.97,1.97,900,0
20161229,2.05,2.055,2.05,2.055,642,0
20161230,2.011,2.08,2.011,2.02,4106,0
20170102,1.97,2.011,1.96,1.97,2008,0
20170103,1.98,2.118,1.98,2.02,803,0
20170104,2.2,2.3,2.2,2.279,15412,0
20170105,2.161,2.276,2.161,2.276,96,0
20170106,2.274,2.274,2.274,2.274,100,0
20170109,2.25,2.568,2.25,2.315,17623,0
20170110,2.31,2.351,2.31,2.351,219,0
20170111,2.451,2.619,2.451,2.501,11402,0
20170112,2.501,2.501,2.501,2.501,180,0
20170113,2.521,2.521,2.52,2.52,1250,0
20170116,2.65,2.65,2.63,2.63,1413,0
20170117,2.62,2.62,2.53,2.53,1100,0
20170118,2.551,2.629,2.55,2.57,2411,0
20170119,2.6,2.6,2.6,2.6,200,0
20170120,2.575,2.629,2.551,2.629,973,0
20170123,2.663,2.663,2.501,2.657,2343,0
20170124,2.56,2.566,2.5,2.559,2691,0
20170125,2.579,2.58,2.55,2.55,1326,0
20170126,2.6,2.659,2.6,2.637,4681,0
20170127,2.55,2.66,2.55,2.66,1290,0
20170130,2.56,2.56,2.56,2.56,305,0
20170131,2.561,2.695,2.56,2.687,4100,0
20170201,2.57,2.65,2.57,2.65,2000,0
20170202,2.685,2.685,2.685,2.685,375,0
20170203,2.744,3.57,2.71,3.181,24840,0
20170206,3.29,3.29,3.096,3.1,8608,0
20170207,3.2,3.2,2.94,3.001,2345,0
20170208,3,3,3,3,30,0
20170209,3,3.01,2.999,2.999,2666,0
20170210,2.993,2.994,2.993,2.994,2778,0
20170213,3.001,3.001,2.974,2.974,678,0
20170214,3.099,3.594,3.099,3.333,9844,0
20170215,3.5,3.85,3.351,3.713,27767,0
20170216,3.75,3.75,3.493,3.5,11323,0
20170217,3.424,3.424,3.24,3.4,11660,0
20170220,3.488,3.579,3.387,3.575,8591,0
20170221,3.72,3.72,3.501,3.62,10871,0
20170222,3.56,3.69,3.56,3.69,1400,0
20170223,3.601,3.72,3.601,3.72,2610,0
20170224,3.7,3.7,3.601,3.601,1500,0
20170227,3.6,3.788,3.6,3.73,5053,0
20170228,3.42,3.52,3.401,3.44,18239,0
20170301,3.35,3.424,3.3,3.424,4816,0
20170302,3.468,3.468,3.468,3.468,165,0
20170303,3.21,3.36,3.21,3.36,14980,0
20170306,3.41,3.41,3.2,3.35,2965,0
20170307,3.201,3.201,2.999,3.05,31158,0
20170308,3.049,3.05,3,3,950,0
20170310,3.103,3.2,3.103,3.2,2700,0
20170313,3.338,3.338,3.338,3.338,100,0
20170314,3.34,3.394,3.25,3.394,7606,0
20170315,3.443,3.45,3.4,3.45,4015,0
20170316,3.434,3.434,3.434,3.434,90,0
20170317,3.272,3.272,3.201,3.201,3006,0
20170321,3.318,3.49,3.318,3.443,6792,0
20170322,3.489,3.49,3.336,3.336,1184,0
20170323,3.489,3.525,3.46,3.46,500,0
