Date,Open,High,Low,Close,Volume,OpenInt
20090407,0.187,0.313,0.148,0.313,109749,0
20090409,0.312,0.313,0.276,0.295,6278,0
20090414,0.294,0.302,0.259,0.302,2105,0
20090415,0.303,0.366,0.268,0.321,3637,0
20090416,0.321,0.33,0.294,0.33,336,0
20090417,0.33,0.477,0.259,0.406,37803,0
20090420,0.41,0.477,0.37,0.477,14228,0
20090421,0.468,0.491,0.446,0.482,6804,0
20090422,0.491,0.615,0.455,0.58,37406,0
20090428,0.58,0.624,0.517,0.611,18022,0
20090429,0.615,0.615,0.58,0.611,2116,0
20090430,0.615,0.624,0.58,0.615,24666,0
20090504,0.615,0.62,0.553,0.611,459,0
20090505,0.615,0.669,0.58,0.633,9858,0
20090506,0.633,0.635,0.606,0.635,33,0
20090507,0.633,0.66,0.606,0.66,1936,0
20090508,0.66,0.669,0.624,0.669,8697,0
20090511,0.669,0.669,0.633,0.669,52,0
20090512,0.669,0.687,0.633,0.687,2739,0
20090513,0.687,0.697,0.651,0.696,4687,0
20090514,0.696,0.705,0.66,0.696,26914,0
20090515,0.696,0.696,0.66,0.696,2823,0
20090518,0.696,0.758,0.66,0.74,12211,0
20090519,0.74,0.741,0.696,0.732,1793,0
20090520,0.74,0.794,0.705,0.789,3210,0
20090521,0.794,0.794,0.758,0.758,1121,0
20090522,0.758,0.785,0.722,0.78,2242,0
20090526,0.776,0.776,0.731,0.771,8927,0
20090603,0.767,0.769,0.724,0.769,112,0
20090616,0.767,0.769,0.731,0.731,706,0
20090617,0.731,0.731,0.696,0.714,39242,0
20090618,0.714,0.714,0.642,0.7,7848,0
20090623,0.705,0.705,0.669,0.7,493,0
20090629,0.703,0.705,0.669,0.704,56,0
20090702,0.705,0.705,0.668,0.704,1954,0
20090706,0.705,0.785,0.669,0.734,1120,0
20090707,0.731,0.785,0.696,0.734,2329,0
20090713,0.731,0.803,0.731,0.77,4484,0
20090714,0.77,0.805,0.731,0.77,112,0
20090715,0.767,0.803,0.731,0.77,5606,0
20090717,0.767,0.803,0.731,0.77,112,0
20090730,0.731,0.734,0.66,0.663,408,0
20090731,0.66,0.678,0.624,0.663,448,0
20090803,0.66,0.663,0.624,0.663,56,0
20090804,0.66,0.669,0.624,0.669,224,0
20090814,0.669,0.669,0.606,0.642,840,0
20090817,0.642,0.642,0.589,0.624,33,0
20090821,0.624,0.66,0.589,0.624,2242,0
20090825,0.624,0.624,0.589,0.624,17,0
20090902,0.624,0.624,0.589,0.589,448,0
20090908,0.624,0.758,0.581,0.625,112,0
20090909,0.624,0.731,0.624,0.714,2242,0
20090911,0.714,0.714,0.678,0.714,20,0
20090925,0.689,0.689,0.642,0.643,22,0
20090929,0.652,0.652,0.606,0.607,1681,0
20091005,0.616,0.624,0.562,0.607,2242,0
20091007,0.616,0.616,0.571,0.606,134,0
20091014,0.572,0.627,0.535,0.627,1347,0
20091015,0.62,0.627,0.575,0.575,100,0
20091016,0.583,0.629,0.544,0.629,44,0
20091019,0.62,0.629,0.575,0.575,2287,0
20091020,0.583,0.624,0.535,0.575,560,0
20091022,0.583,0.583,0.544,0.575,4484,0
20091023,0.583,0.583,0.517,0.575,2242,0
20091112,0.566,0.575,0.544,0.575,67,0
20091113,0.566,0.669,0.517,0.651,3980,0
20091117,0.641,0.651,0.615,0.651,33,0
20091118,0.641,0.651,0.598,0.598,9889,0
20091126,0.606,0.615,0.58,0.58,180,0
20091127,0.58,0.598,0.544,0.58,280,0
20091202,0.571,0.589,0.535,0.58,2,0
20091203,0.571,0.58,0.535,0.544,1233,0
20091211,0.536,0.544,0.473,0.473,1027,0
20091214,0.466,0.482,0.428,0.437,7690,0
20091215,0.401,0.455,0.401,0.433,4484,0
20091218,0.348,0.366,0.294,0.312,8374,0
20091223,0.229,0.357,0.229,0.33,4596,0
20091228,0.375,0.375,0.276,0.276,4484,0
20091229,0.305,0.348,0.276,0.348,5437,0
20091230,0.331,0.384,0.312,0.384,7848,0
20100104,0.365,0.41,0.312,0.41,4484,0
20100105,0.356,0.446,0.356,0.41,1696,0
20100106,0.424,0.424,0.375,0.41,6727,0
20100107,0.356,0.41,0.356,0.41,4484,0
20100108,0.356,0.455,0.356,0.41,8984,0
20100112,0.356,0.41,0.348,0.375,3363,0
20100114,0.297,0.348,0.297,0.348,44,0
20100115,0.297,0.348,0.276,0.348,22,0
20100118,0.297,0.348,0.297,0.348,60,0
20100125,0.297,0.348,0.297,0.348,22,0
20100204,0.297,0.348,0.297,0.348,8,0
20100210,0.297,0.348,0.268,0.348,5606,0
20100225,0.297,0.348,0.297,0.348,78,0
20100303,0.297,0.348,0.297,0.348,328,0
20100305,0.297,0.348,0.297,0.348,134,0
20100309,0.297,0.401,0.297,0.401,6155,0
20100310,0.365,0.401,0.365,0.401,8117,0
20100317,0.348,0.401,0.334,0.401,246,0
20100319,0.348,0.401,0.33,0.401,2063,0
20100324,0.348,0.401,0.33,0.366,2242,0
20100406,0.305,0.357,0.294,0.33,448,0
20100407,0.28,0.33,0.28,0.33,627,0
20100409,0.28,0.33,0.28,0.294,7897,0
20100412,0.28,0.321,0.259,0.321,336,0
20100414,0.28,0.294,0.259,0.294,4,0
20100419,0.28,0.294,0.28,0.294,1457,0
20100420,0.28,0.294,0.259,0.259,100,0
20100421,0.28,0.294,0.268,0.294,4484,0
20100422,0.28,0.294,0.268,0.294,22,0
20100426,0.28,0.294,0.268,0.294,40,0
20100427,0.28,0.366,0.268,0.366,2033,0
20100428,0.348,0.401,0.294,0.401,7727,0
20100517,0.348,0.366,0.321,0.343,11,0
20100520,0.305,0.343,0.305,0.343,11,0
20100526,0.305,0.344,0.285,0.344,33,0
20100527,0.305,0.366,0.305,0.358,3650,0
20100528,0.348,0.361,0.312,0.361,33,0
20100531,0.33,0.361,0.285,0.361,17,0
20100602,0.314,0.361,0.312,0.361,22,0
20100604,0.314,0.361,0.312,0.358,11795,0
20100607,0.306,0.348,0.306,0.335,392,0
20100609,0.306,0.335,0.303,0.335,112,0
20100614,0.306,0.339,0.306,0.335,3,0
20100617,0.306,0.335,0.294,0.294,16435,0
20100618,0.28,0.33,0.251,0.303,6725,0
20100625,0.254,0.33,0.241,0.303,2203,0
20100702,0.254,0.339,0.254,0.339,6704,0
20100706,0.288,0.33,0.288,0.33,2242,0
20100707,0.288,0.348,0.288,0.348,1143,0
20100712,0.288,0.339,0.288,0.339,2242,0
20100714,0.288,0.357,0.288,0.357,11189,0
20100715,0.288,0.379,0.288,0.379,22,0
20100716,0.288,0.379,0.288,0.304,2242,0
20100720,0.289,0.427,0.268,0.312,3429,0
20100809,0.288,0.312,0.288,0.312,13,0
20100812,0.288,0.446,0.288,0.446,10685,0
20100813,0.375,0.589,0.339,0.589,93343,0
20100816,0.559,0.803,0.559,0.803,140143,0
20100817,0.636,0.936,0.624,0.669,40164,0
20100818,0.636,0.847,0.633,0.785,20908,0
20100819,0.746,0.847,0.535,0.714,50715,0
20100820,0.721,0.767,0.624,0.624,6522,0
20100823,0.653,0.669,0.58,0.647,2601,0
20100824,0.615,0.647,0.466,0.503,20341,0
20100825,0.615,0.615,0.437,0.536,112,0
20100826,0.615,0.615,0.446,0.55,34062,0
20100827,0.523,0.598,0.446,0.515,10427,0
20100830,0.489,0.714,0.366,0.714,20769,0
20100901,0.53,0.751,0.53,0.651,9556,0
20100902,0.619,0.757,0.615,0.714,13454,0
20100903,0.589,0.776,0.446,0.776,10090,0
20100906,0.651,0.74,0.642,0.736,7415,0
20100907,0.699,0.821,0.642,0.821,10020,0
20100908,0.74,0.923,0.74,0.923,20811,0
20100909,0.847,1.159,0.829,1.008,24969,0
20100910,0.847,1.114,0.847,1.114,7848,0
20100913,0.919,1.16,0.919,1.097,12669,0
20100914,0.981,1.124,0.936,1.088,11268,0
20100915,0.981,1.32,0.972,1.32,9586,0
20100920,1.14,1.14,1.05,1.05,3060,0
20100921,1.04,1.1,1.04,1.08,1809,0
20100922,1.05,1.09,1.04,1.07,9100,0
20100923,1.1,1.1,1.01,1.01,1000,0
20100924,0.96,1.05,0.96,1.03,1102,0
20100927,0.998,1.03,0.998,1.01,700,0
20100928,0.96,1.17,0.96,1,16400,0
20100929,1.05,1.06,1.01,1.05,6000,0
20100930,0.96,1.06,0.96,1.05,10,0
20101004,0.96,1.09,0.96,1.05,76,0
20101005,1.04,1.1,0.98,1.05,4262,0
20101006,1.04,1.125,1.01,1.061,2710,0
20101007,0.997,1.061,0.997,1.061,4000,0
20101008,0.969,1.061,0.969,1.021,1000,0
20101011,0.969,1.04,0.969,1.021,2176,0
20101012,0.933,1.04,0.933,1.021,650,0
20101014,1.03,1.03,0.97,1.011,2500,0
20101015,1,1.011,0.97,0.97,5462,0
20101018,0.933,1.05,0.9,1.011,6710,0
20101019,0.998,1.05,0.9,1.05,10010,0
20101021,0.933,1.04,0.933,0.991,105,0
20101022,0.988,0.991,0.94,0.981,1000,0
20101026,0.914,0.97,0.88,0.92,2000,0
20101027,0.836,0.96,0.836,0.92,1000,0
20101029,0.836,0.97,0.836,0.96,4000,0
20101103,0.874,1.02,0.874,0.96,915,0
20101104,0.874,0.97,0.874,0.96,1000,0
20101108,0.874,1.2,0.874,1,13155,0
20101109,0.998,1,0.92,0.96,2000,0
20101110,0.874,1.01,0.874,0.961,700,0
20101111,0.874,1,0.874,0.96,2450,0
20101112,0.874,0.99,0.874,0.96,1500,0
20101115,0.96,0.96,0.8,0.93,3305,0
20101116,0.874,0.93,0.874,0.93,20,0
20101117,0.846,1.035,0.846,0.93,4155,0
20101118,0.846,1,0.846,1,1000,0
20101119,0.922,1.01,0.922,1,4023,0
20101122,0.912,1.03,0.912,0.995,6000,0
20101123,0.912,1.07,0.91,1,36424,0
20101124,0.912,1.13,0.912,1.06,28966,0
20101126,0.969,1.05,0.96,1.02,5377,0
20101129,0.969,1.05,0.95,0.98,3015,0
20101130,0.969,1.06,0.9,1.06,3462,0
20101201,1.007,1.03,0.89,1.03,3715,0
20101203,0.931,1.02,0.931,1.02,357,0
20101206,0.931,1.02,0.931,1.02,10,0
20101207,0.931,1.02,0.93,0.97,13813,0
20101209,0.96,0.98,0.94,0.975,510,0
20101213,0.903,0.975,0.9,0.97,2806,0
20101215,0.884,0.97,0.884,0.97,2250,0
20101217,0.884,0.97,0.884,0.97,1000,0
20101222,0.884,0.97,0.884,0.91,5500,0
20101223,0.977,0.98,0.87,0.91,550,0
20101227,0.827,0.91,0.827,0.88,1702,0
20101229,0.84,0.95,0.84,0.85,999,0
20101230,0.81,0.98,0.81,0.98,2889,0
20110103,0.85,0.92,0.805,0.92,4502,0
20110105,0.85,0.92,0.84,0.89,300,0
20110107,0.85,0.89,0.82,0.89,1000,0
20110111,0.85,0.89,0.7,0.75,14162,0
20110112,0.85,0.85,0.74,0.78,4338,0
20110113,0.74,0.85,0.74,0.78,2520,0
20110117,0.74,0.94,0.74,0.78,168,0
20110119,0.79,0.92,0.77,0.83,12433,0
20110121,0.79,0.83,0.79,0.83,50,0
20110124,0.79,0.83,0.79,0.83,2000,0
20110125,0.79,0.83,0.77,0.77,30,0
20110126,0.75,0.82,0.74,0.775,2081,0
20110127,0.74,0.82,0.74,0.775,2009,0
20110128,0.74,0.775,0.7,0.735,3622,0
20110131,0.7,0.79,0.69,0.735,3042,0
20110202,0.7,0.735,0.67,0.68,3430,0
20110203,0.64,0.79,0.55,0.68,225,0
20110209,0.64,0.7,0.55,0.7,8152,0
20110210,0.55,0.65,0.55,0.6,6034,0
20110211,0.56,0.679,0.55,0.6,10,0
20110215,0.56,0.68,0.55,0.6,4274,0
20110216,0.56,0.68,0.5,0.6,2949,0
20110217,0.56,0.6,0.53,0.6,65,0
20110218,0.56,0.68,0.53,0.551,6304,0
20110221,0.51,0.68,0.51,0.55,7005,0
20110223,0.51,0.67,0.481,0.52,12070,0
20110224,0.48,0.58,0.48,0.56,2500,0
20110225,0.52,0.67,0.52,0.56,20,0
20110228,0.52,0.56,0.5,0.55,9621,0
20110301,0.46,0.54,0.46,0.503,1900,0
20110302,0.465,0.56,0.4,0.4,29033,0
20110303,0.4,0.56,0.4,0.442,2256,0
20110304,0.4,0.48,0.4,0.45,360,0
20110308,0.41,0.48,0.41,0.48,2500,0
20110309,0.44,0.52,0.42,0.45,9728,0
20110310,0.41,0.56,0.41,0.45,3115,0
20110315,0.36,0.5,0.36,0.4,4000,0
20110318,0.36,0.41,0.35,0.4,1006,0
20110321,0.36,0.439,0.35,0.4,4,0
20110324,0.36,0.44,0.35,0.4,50,0
20110325,0.36,0.544,0.36,0.544,73494,0
20110328,0.36,0.503,0.36,0.503,15000,0
20110329,0.475,0.53,0.47,0.49,75054,0
20110330,0.45,0.53,0.38,0.48,15300,0
20110331,0.44,0.53,0.44,0.52,37348,0
20110401,0.5,0.58,0.5,0.513,22200,0
20110404,0.5,0.553,0.5,0.531,8000,0
20110405,0.5,0.65,0.5,0.56,54006,0
20110406,0.52,0.65,0.52,0.571,7628,0
20110407,0.54,0.639,0.54,0.575,10256,0
20110408,0.59,0.76,0.59,0.64,23082,0
20110411,0.58,0.664,0.58,0.62,18964,0
20110412,0.58,0.64,0.531,0.531,16385,0
20110413,0.5,0.58,0.46,0.54,33291,0
20110414,0.46,0.7,0.46,0.7,49577,0
20110415,0.46,0.66,0.46,0.64,10775,0
20110418,0.6,0.61,0.579,0.6,1800,0
20110419,0.56,0.6,0.5,0.581,15951,0
20110420,0.54,0.6,0.502,0.542,164,0
20110421,0.502,0.6,0.502,0.541,10172,0
20110426,0.505,0.569,0.49,0.499,19334,0
20110427,0.455,0.538,0.455,0.478,7964,0
20110428,0.426,0.524,0.426,0.519,7500,0
20110429,0.45,0.56,0.45,0.56,10076,0
20110502,0.435,0.505,0.435,0.505,191,0
20110503,0.47,0.54,0.44,0.464,15339,0
20110504,0.448,0.515,0.448,0.468,2600,0
20110505,0.445,0.47,0.445,0.465,820,0
20110506,0.412,0.54,0.412,0.481,27564,0
20110509,0.482,0.62,0.482,0.55,64161,0
20110510,0.512,0.587,0.512,0.549,42000,0
20110511,0.512,0.57,0.51,0.546,15578,0
20110512,0.512,0.552,0.512,0.552,1829,0
20110513,0.512,0.575,0.51,0.55,9310,0
20110516,0.51,0.59,0.51,0.55,5408,0
20110517,0.51,0.68,0.51,0.57,20125,0
20110518,0.53,0.63,0.53,0.53,11565,0
20110519,0.49,0.6,0.49,0.568,23057,0
20110520,0.53,0.598,0.53,0.535,2253,0
20110523,0.536,0.57,0.52,0.57,46316,0
20110524,0.542,0.57,0.53,0.534,4000,0
20110525,0.521,0.534,0.487,0.534,66,0
20110526,0.35,0.536,0.35,0.527,13925,0
20110527,0.514,0.58,0.49,0.543,9478,0
20110530,0.53,0.558,0.522,0.552,3700,0
20110531,0.539,0.544,0.52,0.52,24070,0
20110601,0.507,0.578,0.5,0.519,47000,0
20110602,0.496,0.629,0.496,0.55,23605,0
20110603,0.537,0.56,0.491,0.521,19857,0
20110606,0.5,0.555,0.5,0.528,3900,0
20110607,0.516,0.553,0.511,0.538,19219,0
20110608,0.525,0.559,0.52,0.53,1000,0
20110609,0.517,0.533,0.51,0.533,1000,0
20110610,0.517,0.569,0.49,0.529,34399,0
20110613,0.52,0.55,0.517,0.548,13850,0
20110614,0.54,0.542,0.517,0.542,3000,0
20110616,0.51,0.52,0.49,0.51,1164,0
20110617,0.517,0.517,0.475,0.511,27000,0
20110620,0.517,0.524,0.5,0.524,33650,0
20110622,0.49,0.519,0.48,0.519,8100,0
20110623,0.5,0.539,0.5,0.52,4200,0
20110624,0.51,0.55,0.51,0.525,8100,0
20110627,0.52,0.551,0.51,0.51,30500,0
20110628,0.51,0.531,0.495,0.51,37921,0
20110629,0.49,0.52,0.49,0.51,11000,0
20110630,0.52,0.539,0.495,0.51,12254,0
20110701,0.51,0.549,0.47,0.51,120,0
20110704,0.538,0.538,0.499,0.51,13200,0
20110705,0.509,0.51,0.49,0.51,13000,0
20110706,0.5,0.51,0.49,0.51,7000,0
20110707,0.5,0.51,0.49,0.51,1000,0
20110708,0.499,0.511,0.48,0.51,1000,0
20110711,0.495,0.521,0.48,0.51,4075,0
20110712,0.511,0.511,0.49,0.51,2697,0
20110713,0.496,0.51,0.472,0.51,12500,0
20110714,0.48,0.51,0.44,0.51,16197,0
20110715,0.461,0.539,0.44,0.51,2100,0
20110719,0.469,0.51,0.45,0.46,7050,0
20110720,0.478,0.478,0.45,0.46,1000,0
20110721,0.45,0.5,0.45,0.46,16403,0
20110722,0.44,0.466,0.44,0.46,4000,0
20110725,0.466,0.475,0.45,0.46,14660,0
20110726,0.464,0.5,0.449,0.46,14000,0
20110727,0.485,0.485,0.45,0.46,287445,0
20110728,0.667,0.667,0.46,0.46,148240,0
20110729,0.642,0.67,0.46,0.46,81749,0
20110801,0.624,0.624,0.57,0.608,32900,0
20110802,0.59,0.62,0.575,0.588,8546,0
20110803,0.588,0.588,0.588,0.588,115317,0
20110804,0.755,0.85,0.755,0.755,50526,0
20110805,0.792,0.792,0.64,0.79,19008,0
20110808,0.667,0.79,0.64,0.642,15082,0
20110809,0.7,0.75,0.655,0.7,7684,0
20110810,0.672,0.72,0.647,0.647,9000,0
20110811,0.706,0.95,0.652,0.706,54053,0
20110812,0.82,0.92,0.82,0.82,49556,0
20110815,0.882,0.882,0.8,0.85,23825,0
20110816,0.83,0.83,0.8,0.824,6500,0
20110817,0.81,0.819,0.8,0.81,6500,0
20110818,0.784,0.92,0.78,0.784,30041,0
20110819,0.79,0.835,0.79,0.8,7000,0
20110822,0.815,0.888,0.78,0.784,1000,0
20110823,0.871,0.875,0.811,0.871,329,0
20110824,0.858,0.86,0.802,0.83,1000,0
20110825,0.817,0.875,0.786,0.786,8501,0
20110826,0.86,1.06,0.801,1.05,62491,0
20110829,1.019,1.19,0.98,1.189,53774,0
20110830,1.182,1.182,1.102,1.17,13493,0
20110831,1.136,1.155,1,1.039,68344,0
20110901,1.039,1.07,1.03,1.06,2201,0
20110902,1.049,1.099,1.01,1.025,5301,0
20110905,1.076,1.08,0.931,0.931,8601,0
20110906,1,1.04,0.801,0.86,12001,0
20110907,0.9,0.9,0.799,0.815,7500,0
20110908,0.832,0.88,0.781,0.83,6093,0
20110909,0.863,0.863,0.82,0.824,2000,0
20110912,0.84,0.882,0.808,0.808,2421,0
20110913,0.865,0.87,0.83,0.855,8000,0
20110914,0.852,0.951,0.824,0.863,13502,0
20110915,0.932,0.96,0.886,0.951,194,0
20110916,0.951,0.951,0.848,0.88,13220,0
20110919,0.887,0.92,0.87,0.875,12560,0
20110920,0.892,0.892,0.855,0.855,16884,0
20110921,0.873,0.89,0.865,0.89,20100,0
20110922,0.89,0.89,0.838,0.85,26000,0
20110923,0.856,0.919,0.8,0.89,20145,0
20110926,0.88,0.909,0.82,0.833,11336,0
20110927,0.863,0.918,0.84,0.854,2526,0
20110928,0.882,0.91,0.784,0.784,18887,0
20110929,0.881,0.881,0.785,0.81,10275,0
20111003,0.849,0.849,0.77,0.8,20,0
20111004,0.78,0.84,0.745,0.745,270,0
20111005,0.824,0.84,0.77,0.789,5061,0
20111006,0.824,0.849,0.795,0.795,5120,0
20111007,0.83,0.85,0.809,0.815,5302,0
20111010,0.833,0.85,0.8,0.85,1450,0
20111011,0.85,0.86,0.806,0.845,25,0
20111012,0.845,0.97,0.8,0.927,33943,0
20111013,0.951,0.951,0.873,0.88,10800,0
20111014,0.92,0.949,0.7,0.92,4302,0
20111017,0.919,0.928,0.85,0.85,4204,0
20111019,0.864,0.89,0.83,0.881,230,0
20111020,0.873,0.881,0.84,0.848,4800,0
20111021,0.831,0.889,0.83,0.848,800,0
20111025,0.808,0.84,0.808,0.824,3150,0
20111026,0.82,0.879,0.8,0.851,2416,0
20111027,0.851,0.851,0.785,0.8,14532,0
20111028,0.832,0.889,0.79,0.889,15461,0
20111031,0.872,0.872,0.775,0.809,46091,0
20111101,0.781,0.82,0.76,0.787,2600,0
20111102,0.8,0.859,0.754,0.81,16801,0
20111103,0.804,0.82,0.772,0.791,16050,0
20111104,0.804,0.84,0.78,0.818,53135,0
20111107,0.81,0.833,0.75,0.83,65549,0
20111108,0.8,0.83,0.76,0.8,45304,0
20111109,0.79,0.83,0.784,0.787,57547,0
20111110,0.79,0.838,0.759,0.785,31852,0
20111111,0.78,0.793,0.747,0.762,10172,0
20111114,0.775,0.82,0.725,0.734,42337,0
20111115,0.742,0.795,0.671,0.702,58984,0
20111116,0.7,0.73,0.69,0.71,9282,0
20111117,0.7,0.72,0.69,0.71,25,0
20111118,0.71,0.73,0.67,0.687,20600,0
20111121,0.686,0.69,0.62,0.627,18316,0
20111122,0.637,0.68,0.61,0.627,2550,0
20111123,0.666,0.73,0.626,0.626,16591,0
20111124,0.662,0.675,0.49,0.66,13304,0
20111125,0.627,0.652,0.625,0.64,1000,0
20111128,0.64,0.64,0.605,0.62,12900,0
20111129,0.627,0.675,0.627,0.64,2000,0
20111130,0.64,0.66,0.605,0.627,13572,0
20111201,0.647,0.65,0.6,0.6,11005,0
20111202,0.618,0.629,0.579,0.579,11625,0
20111205,0.588,0.611,0.588,0.593,3900,0
20111206,0.598,0.62,0.592,0.596,1800,0
20111207,0.608,0.64,0.598,0.64,2150,0
20111208,0.63,0.649,0.6,0.646,6170,0
20111209,0.633,0.69,0.6,0.61,4200,0
20111212,0.676,0.68,0.608,0.613,19206,0
20111213,0.64,0.65,0.59,0.65,4722,0
20111214,0.63,0.67,0.599,0.599,13238,0
20111215,0.6,0.655,0.54,0.578,15513,0
20111216,0.608,0.61,0.551,0.573,5872,0
20111219,0.58,0.61,0.57,0.6,15544,0
20111220,0.59,0.598,0.569,0.58,10062,0
20111221,0.59,0.596,0.551,0.596,13969,0
20111222,0.58,0.61,0.55,0.564,4918,0
20111223,0.582,0.63,0.55,0.574,8238,0
20111227,0.618,0.639,0.58,0.58,25272,0
20111228,0.613,0.625,0.565,0.575,15402,0
20111229,0.597,0.619,0.55,0.55,4572,0
20111230,0.603,0.619,0.57,0.57,235,0
20120102,0.607,0.65,0.587,0.588,15153,0
20120103,0.613,0.645,0.569,0.58,12179,0
20120104,0.618,0.628,0.556,0.592,113515,0
20120105,0.6,0.635,0.56,0.585,26700,0
20120106,0.613,0.625,0.569,0.58,15751,0
20120109,0.613,0.62,0.56,0.571,20444,0
20120110,0.608,0.61,0.55,0.575,13222,0
20120111,0.598,0.6,0.561,0.561,9600,0
20120112,0.58,0.61,0.541,0.56,5915,0
20120113,0.583,0.61,0.58,0.598,2472,0
20120116,0.569,0.595,0.56,0.588,4017,0
20120117,0.59,0.6,0.58,0.594,3650,0
20120118,0.594,0.6,0.551,0.591,5622,0
20120119,0.591,0.61,0.56,0.573,950,0
20120120,0.56,0.61,0.545,0.58,11785,0
20120123,0.581,0.589,0.54,0.581,300,0
20120124,0.582,0.61,0.558,0.558,9465,0
20120125,0.558,0.61,0.545,0.571,330,0
20120126,0.571,0.608,0.541,0.571,3700,0
20120127,0.571,0.609,0.55,0.571,500,0
20120130,0.571,0.61,0.55,0.569,314,0
20120131,0.56,0.6,0.558,0.565,100,0
20120201,0.565,0.6,0.54,0.549,16093,0
20120202,0.549,0.59,0.53,0.572,2875,0
20120203,0.572,0.599,0.54,0.559,611,0
20120206,0.546,0.595,0.541,0.564,8145,0
20120208,0.56,0.595,0.531,0.552,150,0
20120209,0.549,0.56,0.537,0.55,1000,0
20120210,0.55,0.589,0.525,0.547,250,0
20120213,0.547,0.569,0.54,0.562,100,0
20120214,0.534,0.547,0.52,0.534,699,0
20120215,0.541,0.595,0.533,0.541,525,0
20120217,0.54,0.59,0.52,0.546,5676,0
20120220,0.546,0.57,0.525,0.546,500,0
20120221,0.52,0.589,0.52,0.558,20206,0
20120222,0.55,0.59,0.525,0.538,33766,0
20120223,0.537,0.569,0.502,0.532,19445,0
20120224,0.52,0.54,0.52,0.534,40,0
20120227,0.52,0.534,0.49,0.522,1610,0
20120228,0.522,0.55,0.509,0.521,250,0
20120229,0.51,0.532,0.509,0.522,40,0
20120302,0.521,0.55,0.43,0.449,36750,0
20120305,0.489,0.489,0.4,0.43,17422,0
20120306,0.37,0.45,0.37,0.41,74,0
20120307,0.41,0.43,0.36,0.399,300,0
20120308,0.399,0.474,0.35,0.423,11423,0
20120309,0.36,0.447,0.36,0.401,305,0
20120312,0.401,0.449,0.34,0.392,25132,0
20120313,0.392,0.4,0.33,0.4,12400,0
20120314,0.36,0.44,0.36,0.399,500,0
20120316,0.376,0.439,0.368,0.393,6280,0
20120319,0.38,0.439,0.376,0.411,4514,0
20120320,0.37,0.44,0.37,0.44,250,0
20120321,0.411,0.448,0.369,0.415,125,0
20120322,0.38,0.469,0.369,0.415,6063,0
20120323,0.39,0.46,0.38,0.412,174,0
20120326,0.412,0.46,0.386,0.425,1000,0
20120327,0.39,0.465,0.385,0.43,1240,0
20120328,0.43,0.468,0.395,0.437,13922,0
20120329,0.45,0.469,0.405,0.442,5200,0
20120330,0.442,0.486,0.429,0.447,5350,0
20120402,0.42,0.48,0.42,0.431,850,0
20120403,0.431,0.49,0.4,0.427,26222,0
20120404,0.427,0.45,0.38,0.405,9713,0
20120405,0.38,0.469,0.379,0.412,478,0
20120410,0.412,0.469,0.37,0.403,9499,0
20120411,0.38,0.45,0.378,0.415,2322,0
20120412,0.415,0.45,0.37,0.403,100,0
20120416,0.413,0.419,0.37,0.38,6400,0
20120417,0.413,0.418,0.361,0.386,210,0
20120418,0.386,0.386,0.35,0.35,4850,0
20120419,0.34,0.38,0.34,0.368,250,0
20120420,0.36,0.38,0.34,0.365,1160,0
20120423,0.365,0.38,0.34,0.346,150,0
20120424,0.34,0.38,0.34,0.351,1100,0
20120425,0.351,0.362,0.33,0.331,2400,0
20120426,0.32,0.37,0.32,0.33,3630,0
20120427,0.339,0.379,0.331,0.338,1050,0
20120502,0.33,0.369,0.31,0.348,5070,0
20120503,0.348,0.38,0.308,0.34,3646,0
20120504,0.34,0.379,0.31,0.332,150,0
20120507,0.332,0.38,0.31,0.32,150,0
20120508,0.31,0.389,0.3,0.389,1341,0
20120509,0.349,0.349,0.297,0.329,386,0
20120510,0.328,0.4,0.328,0.348,4500,0
20120511,0.33,0.399,0.325,0.325,2522,0
20120514,0.325,0.348,0.31,0.329,100,0
20120515,0.33,0.375,0.31,0.328,250,0
20120516,0.31,0.37,0.301,0.31,4700,0
20120517,0.27,0.32,0.27,0.313,200,0
20120518,0.313,0.405,0.28,0.329,10260,0
20120521,0.329,0.4,0.308,0.329,139,0
20120522,0.329,0.42,0.308,0.329,422,0
20120523,0.329,0.42,0.308,0.34,6975,0
20120524,0.34,0.419,0.329,0.35,400,0
20120525,0.329,0.419,0.329,0.35,251,0
20120528,0.35,0.4,0.329,0.352,10,0
20120529,0.33,0.419,0.33,0.351,250,0
20120531,0.329,0.45,0.329,0.34,5977,0
20120601,0.32,0.4,0.319,0.345,150,0
20120604,0.345,0.409,0.319,0.345,290,0
20120605,0.345,0.41,0.329,0.35,150,0
20120606,0.33,0.41,0.329,0.35,150,0
20120607,0.33,0.399,0.329,0.35,194,0
20120608,0.33,0.398,0.329,0.35,100,0
20120611,0.35,0.399,0.329,0.35,140,0
20120612,0.33,0.41,0.329,0.35,150,0
20120613,0.33,0.41,0.329,0.35,184,0
20120614,0.329,0.41,0.329,0.35,150,0
20120615,0.35,0.39,0.329,0.36,150,0
20120618,0.35,0.409,0.329,0.345,12150,0
20120619,0.32,0.41,0.32,0.345,200,0
20120620,0.345,0.41,0.32,0.345,150,0
20120621,0.32,0.42,0.32,0.345,160,0
20120622,0.349,0.439,0.319,0.34,17162,0
20120625,0.35,0.41,0.339,0.339,4250,0
20120626,0.342,0.4,0.322,0.322,15198,0
20120627,0.28,0.399,0.28,0.329,300,0
20120628,0.32,0.38,0.32,0.334,400,0
20120629,0.334,0.375,0.297,0.375,100,0
20120702,0.334,0.35,0.302,0.342,28,0
20120703,0.312,0.35,0.31,0.327,250,0
20120704,0.327,0.35,0.31,0.323,30,0
20120705,0.31,0.35,0.31,0.321,60,0
20120706,0.309,0.35,0.306,0.317,150,0
20120709,0.317,0.35,0.29,0.318,2250,0
20120710,0.318,0.342,0.29,0.319,350,0
20120712,0.282,0.342,0.277,0.277,150,0
20120713,0.277,0.343,0.277,0.297,100,0
20120716,0.306,0.343,0.279,0.279,315,0
20120717,0.26,0.344,0.257,0.294,400,0
20120718,0.27,0.346,0.27,0.288,100,0
20120719,0.27,0.347,0.268,0.292,34,0
20120720,0.292,0.345,0.25,0.299,8364,0
20120723,0.3,0.342,0.293,0.293,150,0
20120724,0.27,0.34,0.27,0.284,100,0
20120725,0.26,0.341,0.258,0.31,10150,0
20120726,0.296,0.35,0.295,0.314,3223,0
20120727,0.314,0.348,0.28,0.316,1121,0
20120730,0.316,0.349,0.286,0.316,150,0
20120731,0.316,0.35,0.287,0.313,200,0
20120801,0.313,0.35,0.287,0.325,312,0
20120802,0.325,0.35,0.286,0.323,1333,0
20120803,0.323,0.35,0.28,0.321,250,0
20120806,0.321,0.35,0.28,0.33,7214,0
20120807,0.305,0.335,0.259,0.299,13423,0
20120808,0.29,0.3,0.242,0.264,150,0
20120809,0.264,0.3,0.239,0.264,2550,0
20120810,0.264,0.3,0.235,0.26,2941,0
20120813,0.26,0.31,0.238,0.265,50,0
20120814,0.265,0.31,0.245,0.258,20,0
20120815,0.243,0.29,0.243,0.257,18675,0
20120816,0.25,0.28,0.22,0.255,189,0
20120817,0.264,0.325,0.25,0.262,8732,0
20120820,0.262,0.325,0.25,0.257,1100,0
20120821,0.248,0.325,0.248,0.258,50,0
20120822,0.248,0.325,0.248,0.258,50,0
20120823,0.248,0.3,0.235,0.255,26385,0
20120824,0.234,0.32,0.234,0.255,7400,0
20120827,0.255,0.302,0.23,0.255,150,0
20120828,0.255,0.303,0.241,0.241,10222,0
20120829,0.258,0.304,0.235,0.242,206,0
20120830,0.258,0.303,0.224,0.241,156,0
20120831,0.258,0.31,0.223,0.23,22056,0
20120903,0.23,0.325,0.23,0.275,25619,0
20120904,0.272,0.324,0.25,0.324,100,0
20120905,0.272,0.324,0.251,0.275,1442,0
20120906,0.272,0.332,0.24,0.25,39649,0
20120907,0.275,0.294,0.222,0.253,7467,0
20120910,0.253,0.29,0.221,0.255,23005,0
20120911,0.223,0.285,0.216,0.243,11450,0
20120912,0.243,0.285,0.171,0.243,51912,0
20120913,0.25,0.285,0.2,0.245,60355,0
20120914,0.245,0.285,0.216,0.256,10805,0
20120917,0.264,0.29,0.22,0.266,29555,0
20120918,0.275,0.289,0.256,0.279,2000,0
20120919,0.279,0.29,0.253,0.275,8143,0
20120920,0.261,0.33,0.257,0.282,29747,0
20120921,0.267,0.4,0.261,0.37,68441,0
20120924,0.332,0.425,0.29,0.335,55087,0
20120925,0.335,0.335,0.27,0.331,9462,0
20120926,0.331,0.369,0.281,0.325,13800,0
20120927,0.325,0.36,0.3,0.325,24600,0
20120928,0.325,0.38,0.3,0.318,13643,0
20121001,0.296,0.352,0.293,0.322,4001,0
20121002,0.293,0.365,0.293,0.317,1979,0
20121003,0.317,0.36,0.3,0.316,57,0
20121004,0.316,0.359,0.22,0.313,96607,0
20121005,0.295,0.35,0.28,0.286,9270,0
20121008,0.295,0.34,0.261,0.261,7870,0
20121009,0.258,0.32,0.251,0.285,16625,0
20121010,0.285,0.318,0.232,0.28,33773,0
20121011,0.28,0.31,0.221,0.265,10622,0
20121012,0.265,0.32,0.235,0.275,4691,0
20121015,0.275,0.301,0.232,0.275,4372,0
20121016,0.248,0.298,0.248,0.26,13500,0
20121017,0.26,0.27,0.216,0.269,3253,0
20121018,0.26,0.285,0.23,0.258,1000,0
20121019,0.258,0.286,0.216,0.25,11220,0
20121022,0.25,0.284,0.223,0.228,1500,0
20121023,0.228,0.284,0.209,0.23,150,0
20121024,0.23,0.284,0.21,0.23,9720,0
20121025,0.21,0.284,0.208,0.23,160,0
20121026,0.23,0.285,0.208,0.225,9300,0
20121029,0.225,0.286,0.2,0.2,19830,0
20121030,0.225,0.235,0.166,0.214,20342,0
20121031,0.221,0.28,0.167,0.28,15808,0
20121101,0.248,0.27,0.217,0.247,13600,0
20121102,0.247,0.27,0.201,0.247,650,0
20121105,0.247,0.27,0.2,0.242,150,0
20121106,0.205,0.27,0.2,0.238,250,0
20121107,0.238,0.27,0.192,0.24,5400,0
20121108,0.228,0.295,0.2,0.26,13704,0
20121109,0.258,0.306,0.21,0.26,15696,0
20121112,0.26,0.325,0.23,0.27,41734,0
20121113,0.26,0.27,0.222,0.27,54,0
20121114,0.26,0.276,0.21,0.24,9970,0
20121115,0.24,0.298,0.2,0.225,12572,0
20121116,0.23,0.265,0.189,0.21,17360,0
20121119,0.208,0.25,0.176,0.219,3322,0
20121120,0.181,0.265,0.179,0.219,100,0
20121121,0.18,0.265,0.18,0.229,11850,0
20121122,0.215,0.255,0.186,0.222,100,0
20121123,0.222,0.255,0.18,0.217,100,0
20121126,0.196,0.26,0.196,0.26,2150,0
20121127,0.191,0.258,0.191,0.21,12600,0
20121128,0.254,0.256,0.202,0.23,18700,0
20121129,0.204,0.235,0.202,0.225,450,0
20121130,0.225,0.245,0.195,0.245,11100,0
20121203,0.18,0.245,0.18,0.245,4972,0
20121204,0.18,0.255,0.18,0.216,3250,0
20121205,0.202,0.255,0.192,0.212,250,0
20121206,0.185,0.255,0.185,0.205,250,0
20121207,0.205,0.255,0.169,0.2,66348,0
20121210,0.2,0.229,0.16,0.195,3252,0
20121211,0.175,0.225,0.175,0.19,850,0
20121213,0.19,0.222,0.17,0.21,100,0
20121214,0.21,0.219,0.17,0.2,14380,0
20121217,0.19,0.221,0.16,0.221,305,0
20121218,0.17,0.22,0.165,0.19,701,0
20121220,0.19,0.22,0.168,0.175,23150,0
20121221,0.15,0.2,0.15,0.16,95972,0
20121227,0.175,0.185,0.15,0.185,150,0
20121228,0.175,0.2,0.15,0.175,11870,0
20130102,0.17,0.208,0.145,0.15,1550,0
20130104,0.15,0.21,0.15,0.19,5120,0
20130107,0.19,0.23,0.15,0.23,43401,0
20130108,0.215,0.26,0.2,0.24,91051,0
20130109,0.215,0.24,0.192,0.227,15772,0
20130110,0.205,0.23,0.199,0.2,23863,0
20130111,0.175,0.228,0.175,0.225,1061,0
20130114,0.175,0.225,0.175,0.18,3375,0
20130115,0.175,0.225,0.175,0.176,5500,0
20130116,0.225,0.225,0.175,0.18,1310,0
20130117,0.175,0.225,0.175,0.204,1750,0
20130118,0.175,0.225,0.175,0.175,19610,0
20130121,0.22,0.22,0.18,0.18,3622,0
20130123,0.22,0.22,0.17,0.172,30,0
20130125,0.22,0.22,0.17,0.19,2744,0
20130128,0.215,0.215,0.16,0.172,30,0
20130129,0.215,0.233,0.17,0.213,18928,0
20130130,0.215,0.215,0.17,0.172,30,0
20130201,0.214,0.214,0.15,0.151,3730,0
20130205,0.197,0.2,0.15,0.16,450,0
20130208,0.2,0.2,0.15,0.166,3735,0
20130211,0.16,0.2,0.151,0.155,38792,0
20130213,0.15,0.2,0.15,0.15,41211,0
20130215,0.13,0.19,0.111,0.15,6000,0
20130219,0.13,0.19,0.13,0.15,1500,0
20130220,0.07,0.12,0.07,0.098,65300,0
20130221,0.071,0.11,0.071,0.1,180,0
20130222,0.11,0.11,0.071,0.099,10000,0
20130225,0.073,0.11,0.071,0.074,19000,0
20130301,0.075,0.11,0.056,0.056,11014,0
20130304,0.06,0.077,0.06,0.077,500,0
20130305,0.075,0.099,0.074,0.098,10000,0
20130306,0.099,0.099,0.074,0.099,6506,0
20130313,0.084,0.099,0.075,0.079,20,0
20130315,0.099,0.099,0.075,0.089,6200,0
20130320,0.085,0.099,0.075,0.085,7,0
20130325,0.085,0.099,0.06,0.06,30000,0
20130326,0.061,0.085,0.025,0.025,52474,0
20130327,0.06,0.062,0.06,0.062,30,0
20130328,0.062,0.085,0.06,0.06,18040,0
20130403,0.057,0.085,0.043,0.06,18000,0
20130404,0.041,0.085,0.04,0.05,25006,0
20130408,0.051,0.052,0.03,0.052,20000,0
20130410,0.051,0.051,0.03,0.047,40060,0
20130411,0.045,0.05,0.033,0.05,25000,0
20130416,0.045,0.045,0.034,0.045,40,0
20130422,0.045,0.045,0.034,0.045,45000,0
20130430,0.041,0.045,0.041,0.042,200,0
20130510,0.04,0.045,0.034,0.042,20000,0
20130515,0.045,0.045,0.034,0.04,3800,0
20130524,0.04,0.058,0.035,0.058,30000,0
20130527,0.046,0.329,0.035,0.329,764583,0
20130528,0.273,0.398,0.256,0.334,1294119,0
20130529,0.33,0.353,0.213,0.24,504390,0
20130530,0.211,0.249,0.21,0.244,118661,0
20130531,0.24,0.24,0.206,0.229,72941,0
20130603,0.223,0.236,0.194,0.194,32740,0
20130604,0.235,0.235,0.185,0.207,19000,0
20130605,0.178,0.225,0.178,0.2,51399,0
20130606,0.172,0.225,0.156,0.179,20000,0
20130610,0.173,0.247,0.165,0.225,169875,0
20130611,0.207,0.225,0.191,0.193,73305,0
20130612,0.213,0.213,0.183,0.192,4,0
20130613,0.195,0.195,0.172,0.186,20000,0
20130614,0.183,0.198,0.172,0.181,50330,0
20130617,0.194,0.194,0.152,0.181,5000,0
20130618,0.18,0.194,0.16,0.181,29600,0
20130619,0.171,0.214,0.16,0.214,169135,0
20130620,0.195,0.205,0.16,0.19,31000,0
20130621,0.18,0.198,0.16,0.198,8200,0
20130625,0.18,0.195,0.16,0.181,5635,0
20130627,0.194,0.194,0.16,0.175,20000,0
20130702,0.171,0.194,0.17,0.17,36900,0
20130703,0.153,0.17,0.152,0.155,35596,0
20130704,0.17,0.232,0.17,0.232,268422,0
20130705,0.223,0.23,0.187,0.191,64022,0
20130708,0.181,0.198,0.171,0.176,53900,0
20130709,0.178,0.194,0.163,0.166,32000,0
20130710,0.156,0.179,0.156,0.179,44242,0
20130711,0.171,0.172,0.171,0.172,400,0
20130712,0.171,0.171,0.17,0.17,22000,0
20130715,0.171,0.171,0.151,0.154,17500,0
20130716,0.155,0.171,0.155,0.156,3000,0
20130717,0.171,0.179,0.155,0.179,50050,0
20130718,0.171,0.171,0.153,0.154,27006,0
20130719,0.171,0.171,0.151,0.152,2000,0
20130722,0.171,0.171,0.152,0.153,6284,0
20130726,0.171,0.171,0.152,0.152,18000,0
20130729,0.15,0.171,0.15,0.156,4000,0
20130801,0.15,0.171,0.145,0.145,5000,0
20130805,0.171,0.172,0.148,0.155,25000,0
20130806,0.17,0.17,0.148,0.149,7270,0
20130807,0.148,0.149,0.148,0.149,3500,0
20130808,0.148,0.168,0.148,0.168,16200,0
20130809,0.134,0.176,0.134,0.176,29500,0
20130812,0.141,0.165,0.141,0.15,17150,0
20130813,0.148,0.171,0.131,0.17,10000,0
20130815,0.16,0.178,0.16,0.178,16000,0
20130816,0.16,0.179,0.16,0.179,3000,0
20130819,0.16,0.18,0.135,0.18,15550,0
20130822,0.16,0.16,0.145,0.145,42500,0
20130826,0.145,0.16,0.141,0.144,2530,0
20130828,0.144,0.16,0.14,0.141,32520,0
20130902,0.138,0.16,0.138,0.139,1600,0
20130904,0.131,0.16,0.101,0.101,20030,0
20130905,0.105,0.12,0.105,0.12,30,0
20130909,0.121,0.156,0.115,0.115,182,0
20130917,0.156,0.156,0.13,0.131,33,0
20130918,0.13,0.156,0.13,0.15,38200,0
20130919,0.154,0.169,0.154,0.169,15976,0
20130920,0.168,0.168,0.14,0.14,14900,0
20130923,0.14,0.154,0.136,0.136,200,0
20130924,0.154,0.17,0.136,0.17,11500,0
20130926,0.17,0.176,0.147,0.165,21100,0
20130927,0.162,0.169,0.162,0.169,12000,0
20130930,0.162,0.177,0.162,0.177,12000,0
20131001,0.162,0.162,0.157,0.16,22100,0
20131002,0.162,0.162,0.131,0.141,11000,0
20131007,0.141,0.142,0.135,0.135,41500,0
20131009,0.135,0.143,0.135,0.135,111,0
20131010,0.135,0.18,0.135,0.18,53000,0
20131014,0.142,0.145,0.142,0.145,1734,0
20131016,0.146,0.155,0.146,0.15,11000,0
20131017,0.15,0.158,0.121,0.121,62520,0
20131018,0.127,0.149,0.127,0.127,500,0
20131021,0.127,0.149,0.127,0.127,17610,0
20131028,0.127,0.149,0.12,0.121,5000,0
20131031,0.12,0.149,0.12,0.12,3000,0
20131101,0.12,0.149,0.12,0.121,40,0
20131106,0.12,0.121,0.12,0.121,4016,0
20131111,0.121,0.126,0.12,0.126,2080,0
20131114,0.12,0.126,0.12,0.124,2300,0
20131127,0.121,0.121,0.12,0.12,6100,0
20131129,0.12,0.123,0.12,0.123,5000,0
20131202,0.12,0.121,0.115,0.12,202,0
20131203,0.121,0.121,0.12,0.121,1200,0
20131206,0.12,0.121,0.12,0.12,20,0
20131210,0.12,0.14,0.12,0.138,16000,0
20131213,0.129,0.136,0.12,0.136,8500,0
20131217,0.129,0.137,0.12,0.12,9000,0
20131218,0.121,0.129,0.12,0.122,45,0
20131219,0.129,0.138,0.12,0.121,14000,0
20131220,0.12,0.138,0.107,0.107,46395,0
20131223,0.12,0.127,0.101,0.108,30,0
20131227,0.12,0.128,0.103,0.119,22300,0
20131230,0.12,0.124,0.108,0.11,2300,0
20140107,0.12,0.126,0.107,0.107,510,0
20140108,0.12,0.126,0.107,0.11,10510,0
20140110,0.12,0.123,0.097,0.097,17729,0
20140115,0.12,0.12,0.093,0.109,34762,0
20140120,0.095,0.122,0.095,0.096,1,0
20140121,0.095,0.122,0.095,0.122,500,0
20140131,0.095,0.123,0.095,0.096,10,0
20140203,0.102,0.115,0.076,0.115,30,0
20140210,0.086,0.153,0.085,0.153,48853,0
20140211,0.16,0.16,0.12,0.123,94144,0
20140213,0.118,0.12,0.103,0.106,4101,0
20140217,0.107,0.12,0.091,0.097,6780,0
20140219,0.12,0.129,0.088,0.12,24005,0
20140224,0.11,0.132,0.11,0.132,1,0
20140225,0.132,0.135,0.12,0.135,12000,0
20140226,0.12,0.123,0.09,0.091,9000,0
20140227,0.118,0.124,0.091,0.103,30,0
20140306,0.12,0.12,0.102,0.103,5500,0
20140307,0.119,0.121,0.102,0.102,2500,0
20140314,0.12,0.121,0.097,0.119,44345,0
20140318,0.118,0.135,0.102,0.102,25000,0
20140319,0.121,0.139,0.102,0.102,12000,0
20140320,0.126,0.164,0.102,0.164,144500,0
20140321,0.12,0.17,0.12,0.169,29500,0
20140324,0.13,0.17,0.111,0.12,18000,0
20140325,0.103,0.128,0.103,0.128,157587,0
20140326,0.13,0.188,0.121,0.131,20000,0
20140328,0.13,0.188,0.129,0.155,73380,0
20140331,0.174,0.203,0.141,0.156,73050,0
20140401,0.175,0.24,0.153,0.24,49033,0
20140402,0.245,0.268,0.183,0.212,51300,0
20140403,0.2,0.22,0.162,0.162,71300,0
20140404,0.183,0.22,0.15,0.203,29202,0
20140407,0.19,0.21,0.17,0.195,13742,0
20140408,0.205,0.205,0.156,0.156,5000,0
20140410,0.131,0.209,0.131,0.2,26275,0
20140414,0.21,0.21,0.142,0.18,11000,0
20140415,0.19,0.22,0.17,0.171,30900,0
20140416,0.195,0.235,0.17,0.182,64654,0
20140417,0.195,0.235,0.18,0.21,8500,0
20140425,0.176,0.211,0.176,0.176,2095,0
20140428,0.176,0.203,0.171,0.176,700,0
20140502,0.195,0.249,0.157,0.21,28570,0
20140506,0.171,0.248,0.171,0.248,6000,0
20140507,0.208,0.294,0.18,0.269,34400,0
20140508,0.24,0.29,0.215,0.235,12076,0
20140509,0.26,0.29,0.21,0.254,7530,0
20140512,0.254,0.29,0.223,0.223,8500,0
20140514,0.252,0.252,0.19,0.192,24500,0
20140515,0.214,0.23,0.177,0.188,27,0
20140516,0.211,0.239,0.182,0.21,15000,0
20140519,0.22,0.236,0.2,0.212,19000,0
20140520,0.201,0.24,0.201,0.201,24000,0
20140522,0.255,0.268,0.201,0.201,8680,0
20140523,0.228,0.264,0.201,0.202,11776,0
20140528,0.21,0.245,0.17,0.204,34800,0
20140529,0.203,0.23,0.161,0.191,11000,0
20140530,0.201,0.243,0.171,0.218,15250,0
20140602,0.21,0.234,0.2,0.2,8723,0
20140603,0.21,0.24,0.185,0.205,27089,0
20140604,0.22,0.36,0.205,0.36,169810,0
20140605,0.4,0.47,0.344,0.45,254610,0
20140606,0.44,0.551,0.385,0.454,310833,0
20140609,0.435,0.58,0.433,0.51,150533,0
20140610,0.525,0.525,0.39,0.43,95228,0
20140611,0.455,0.462,0.341,0.39,67950,0
20140612,0.354,0.379,0.352,0.352,1775,0
20140613,0.376,0.449,0.352,0.441,56938,0
20140616,0.424,0.484,0.399,0.484,45636,0
20140617,0.478,0.495,0.441,0.441,26472,0
20140618,0.483,0.489,0.38,0.396,17102,0
20140619,0.45,0.471,0.4,0.471,15862,0
20140620,0.445,0.45,0.41,0.43,22400,0
20140623,0.434,0.45,0.406,0.428,7330,0
20140624,0.434,0.457,0.41,0.442,25225,0
20140625,0.45,0.9,0.38,0.9,318456,0
20140626,0.838,0.88,0.58,0.72,294520,0
20140627,0.736,0.948,0.53,0.899,248121,0
20140630,0.89,0.924,0.661,0.72,178705,0
20140701,0.677,0.726,0.66,0.726,19003,0
20140702,0.68,0.712,0.6,0.649,64205,0
20140703,0.647,0.674,0.6,0.62,11326,0
20140704,0.625,0.65,0.6,0.649,7500,0
20140707,0.64,0.65,0.5,0.56,57946,0
20140708,0.534,0.612,0.499,0.579,41946,0
20140709,0.603,0.612,0.565,0.578,12640,0
20140710,0.574,0.588,0.506,0.547,2000,0
20140711,0.57,0.588,0.5,0.5,5980,0
20140714,0.583,0.588,0.486,0.51,10380,0
20140715,0.51,0.538,0.468,0.538,8077,0
20140716,0.519,0.538,0.495,0.52,1000,0
20140717,0.535,0.538,0.489,0.489,5000,0
20140718,0.509,0.54,0.458,0.5,11876,0
20140721,0.51,0.51,0.4,0.453,33736,0
20140722,0.472,0.472,0.4,0.415,17864,0
20140723,0.415,0.43,0.4,0.41,10780,0
20140724,0.442,0.459,0.366,0.409,25500,0
20140725,0.4,0.486,0.362,0.486,183611,0
20140728,0.45,0.6,0.435,0.534,66605,0
20140729,0.533,0.533,0.486,0.5,4430,0
20140730,0.51,0.51,0.46,0.46,5950,0
20140731,0.474,0.5,0.45,0.5,6935,0
20140801,0.496,0.584,0.451,0.52,49055,0
20140804,0.52,0.52,0.477,0.477,3170,0
20140805,0.479,0.5,0.457,0.5,4139,0
20140806,0.477,0.5,0.477,0.498,4000,0
20140807,0.5,0.5,0.477,0.5,500,0
20140808,0.5,0.547,0.46,0.523,15335,0
20140811,0.523,0.53,0.476,0.53,930,0
20140812,0.53,0.608,0.505,0.608,4397,0
20140813,0.608,0.665,0.569,0.652,5750,0
20140814,0.639,0.739,0.609,0.71,33627,0
20140815,0.68,0.7,0.549,0.59,31335,0
20140818,0.6,0.628,0.561,0.565,8488,0
20140819,0.582,0.606,0.543,0.567,19470,0
20140820,0.604,0.604,0.54,0.585,16022,0
20140821,0.597,0.597,0.542,0.57,4965,0
20140822,0.65,0.66,0.586,0.6,21962,0
20140825,0.6,0.689,0.572,0.689,7650,0
20140826,0.679,0.748,0.61,0.61,76839,0
20140827,0.6,0.642,0.543,0.549,35140,0
20140828,0.575,0.617,0.5,0.543,31490,0
20140829,0.576,0.593,0.54,0.566,11000,0
20140901,0.566,0.575,0.505,0.505,21200,0
20140902,0.538,0.548,0.5,0.54,31125,0
20140903,0.54,0.548,0.475,0.485,26750,0
20140904,0.493,0.524,0.47,0.505,6800,0
20140905,0.51,0.679,0.485,0.676,357618,0
20140908,0.7,0.739,0.549,0.605,152274,0
20140909,0.619,0.619,0.521,0.528,35905,0
20140910,0.53,0.604,0.524,0.561,16823,0
20140911,0.57,0.571,0.502,0.511,40926,0
20140912,0.501,0.535,0.4,0.4,81177,0
20140915,0.49,0.499,0.39,0.441,64467,0
20140916,0.461,0.472,0.41,0.435,7723,0
20140917,0.44,0.47,0.406,0.406,5941,0
20140918,0.426,0.446,0.405,0.438,6800,0
20140919,0.433,0.446,0.405,0.43,2700,0
20140922,0.43,0.446,0.351,0.351,40500,0
20140923,0.37,0.41,0.33,0.35,3800,0
20140924,0.365,0.41,0.327,0.369,17495,0
20140925,0.368,0.4,0.313,0.4,51015,0
20140926,0.395,0.4,0.326,0.34,6952,0
20140930,0.37,0.395,0.336,0.34,7000,0
20141002,0.395,0.395,0.31,0.35,27500,0
20141006,0.38,0.38,0.337,0.338,40,0
20141009,0.341,0.378,0.302,0.302,6520,0
20141010,0.378,0.378,0.301,0.34,11700,0
20141013,0.37,0.37,0.3,0.302,3200,0
20141014,0.336,0.37,0.268,0.282,27500,0
20141015,0.29,0.33,0.27,0.3,14050,0
20141016,0.32,0.32,0.28,0.28,3605,0
20141017,0.31,0.31,0.263,0.288,6400,0
20141020,0.288,0.31,0.262,0.281,2500,0
20141021,0.281,0.3,0.241,0.3,49000,0
20141022,0.251,0.299,0.246,0.246,2000,0
20141023,0.271,0.29,0.239,0.29,18800,0
20141024,0.28,0.295,0.259,0.269,14000,0
20141027,0.261,0.284,0.24,0.284,1750,0
20141029,0.284,0.284,0.27,0.284,3500,0
20141030,0.296,0.296,0.266,0.277,1000,0
20141031,0.277,0.279,0.256,0.269,1000,0
20141103,0.268,0.27,0.23,0.231,3000,0
20141104,0.231,0.27,0.231,0.261,10000,0
20141105,0.231,0.27,0.231,0.247,8825,0
20141106,0.267,0.267,0.23,0.261,12880,0
20141110,0.261,0.267,0.222,0.222,3888,0
20141111,0.247,0.267,0.207,0.207,396,0
20141112,0.213,0.267,0.212,0.247,1000,0
20141113,0.248,0.267,0.209,0.25,30008,0
20141119,0.267,0.267,0.216,0.217,675,0
20141121,0.267,0.267,0.216,0.241,4250,0
20141125,0.239,0.269,0.207,0.269,13006,0
20141126,0.245,0.25,0.22,0.244,1000,0
20141127,0.238,0.27,0.221,0.238,2500,0
20141202,0.236,0.25,0.212,0.236,2,0
20141203,0.27,0.27,0.213,0.236,500,0
20141204,0.236,0.25,0.213,0.22,30,0
20141208,0.236,0.258,0.22,0.249,9100,0
20141209,0.249,0.249,0.221,0.221,5377,0
20141211,0.232,0.245,0.216,0.217,530,0
20141215,0.216,0.231,0.216,0.23,2000,0
20141216,0.22,0.234,0.215,0.234,4100,0
20141217,0.22,0.234,0.215,0.234,1000,0
20141218,0.216,0.234,0.215,0.232,20,0
20141219,0.232,0.232,0.215,0.216,680,0
20141222,0.216,0.231,0.215,0.231,30,0
20141223,0.215,0.232,0.213,0.213,8000,0
20141229,0.225,0.24,0.216,0.24,5000,0
20141230,0.25,0.25,0.207,0.23,30,0
20150102,0.23,0.41,0.201,0.41,209797,0
20150105,0.42,0.431,0.37,0.431,279413,0
20150106,0.451,0.48,0.371,0.468,61293,0
20150107,0.475,0.589,0.472,0.515,92864,0
20150108,0.56,0.671,0.553,0.646,54850,0
20150109,0.671,0.672,0.527,0.644,115286,0
20150112,0.68,0.784,0.66,0.76,173687,0
20150113,0.799,0.95,0.761,0.91,193659,0
20150114,0.928,0.95,0.682,0.691,216006,0
20150115,0.711,0.815,0.71,0.743,64948,0
20150116,0.712,0.722,0.59,0.595,106527,0
20150119,0.599,0.678,0.571,0.646,13039,0
20150120,0.63,0.639,0.59,0.608,10400,0
20150121,0.6,0.628,0.551,0.578,10455,0
20150122,0.575,0.628,0.461,0.589,96224,0
20150123,0.603,0.625,0.525,0.545,13698,0
20150126,0.558,0.625,0.558,0.624,6242,0
20150127,0.62,0.62,0.55,0.55,5750,0
20150128,0.576,0.581,0.524,0.563,4630,0
20150129,0.586,0.586,0.559,0.559,670,0
20150130,0.573,0.616,0.56,0.613,10050,0
20150202,0.64,0.779,0.611,0.753,110548,0
20150203,0.78,0.87,0.76,0.859,214543,0
20150204,0.859,0.92,0.8,0.829,125331,0
20150205,0.817,0.89,0.771,0.85,69591,0
20150206,0.841,0.947,0.813,0.85,173481,0
20150209,0.787,0.984,0.739,0.938,110985,0
20150210,0.938,0.939,0.876,0.88,54778,0
20150211,0.915,0.94,0.882,0.915,39370,0
20150212,0.915,0.95,0.831,0.831,28182,0
20150213,0.869,0.87,0.766,0.815,31930,0
20150216,0.805,0.833,0.8,0.815,12275,0
20150217,0.832,0.833,0.753,0.782,15125,0
20150218,0.75,0.818,0.738,0.738,18025,0
20150219,0.69,0.8,0.658,0.743,27334,0
20150220,0.75,0.765,0.72,0.731,100,0
20150223,0.74,0.77,0.703,0.703,34038,0
20150224,0.74,0.785,0.48,0.535,236249,0
20150225,0.53,0.617,0.53,0.586,81509,0
20150226,0.587,0.65,0.586,0.634,14938,0
20150227,0.649,0.69,0.564,0.59,65776,0
20150302,0.69,0.749,0.65,0.717,82585,0
20150303,0.749,0.95,0.715,0.901,332318,0
20150304,0.914,0.919,0.743,0.847,113647,0
20150305,0.85,0.86,0.75,0.78,48686,0
20150306,0.799,0.85,0.78,0.85,34488,0
20150309,0.848,0.87,0.84,0.869,25475,0
20150310,0.87,0.888,0.85,0.87,25320,0
20150311,0.887,0.888,0.78,0.78,10757,0
20150312,0.79,0.88,0.78,0.813,30307,0
20150313,0.85,0.879,0.81,0.852,34107,0
20150316,0.873,0.873,0.826,0.835,23581,0
20150317,0.869,0.87,0.825,0.839,17479,0
20150318,0.8,0.86,0.762,0.801,18182,0
20150319,0.815,0.87,0.755,0.799,15211,0
20150320,0.805,0.805,0.766,0.766,7763,0
20150323,0.789,0.8,0.765,0.766,190,0
20150324,0.765,0.835,0.72,0.721,49433,0
20150325,0.721,0.8,0.72,0.778,10915,0
20150326,0.741,0.779,0.731,0.75,3175,0
20150327,0.779,0.8,0.73,0.774,4290,0
20150330,0.774,0.8,0.73,0.743,14215,0
20150331,0.76,0.8,0.73,0.73,9230,0
20150401,0.711,0.758,0.71,0.73,9500,0
20150402,0.74,0.775,0.71,0.763,5600,0
20150407,0.75,0.768,0.724,0.767,25830,0
20150408,0.75,0.76,0.726,0.726,7910,0
20150409,0.74,0.74,0.73,0.73,3200,0
20150410,0.71,0.774,0.71,0.774,9740,0
20150413,0.769,0.769,0.714,0.714,21400,0
20150414,0.72,0.778,0.72,0.768,2420,0
20150415,0.732,0.744,0.7,0.7,20800,0
20150416,0.69,0.7,0.69,0.7,4500,0
20150417,0.67,0.77,0.621,0.665,66611,0
20150420,0.718,0.725,0.671,0.671,36110,0
20150421,0.71,0.724,0.68,0.709,11640,0
20150422,0.68,0.709,0.68,0.709,14637,0
20150423,0.709,0.709,0.689,0.689,2035,0
20150424,0.709,0.71,0.709,0.71,15250,0
20150427,0.72,0.72,0.671,0.708,23740,0
20150428,0.68,0.71,0.68,0.71,18350,0
20150429,0.71,0.71,0.673,0.673,14350,0
20150430,0.68,0.707,0.66,0.691,16644,0
20150504,0.679,0.679,0.61,0.61,50606,0
20150505,0.645,0.645,0.599,0.599,7800,0
20150506,0.62,0.707,0.591,0.678,50572,0
20150507,0.646,0.655,0.6,0.605,70500,0
20150508,0.61,0.639,0.6,0.61,17621,0
20150511,0.62,0.637,0.6,0.601,10275,0
20150512,0.618,0.618,0.586,0.586,40627,0
20150513,0.59,0.619,0.56,0.599,27063,0
20150514,0.603,0.618,0.582,0.595,20100,0
20150515,0.582,0.616,0.57,0.6,19070,0
20150518,0.609,0.609,0.521,0.568,50713,0
20150519,0.55,0.589,0.55,0.561,23000,0
20150520,0.561,0.597,0.561,0.579,4825,0
20150521,0.56,0.574,0.544,0.552,36350,0
20150522,0.579,0.584,0.579,0.584,6035,0
20150526,0.566,0.58,0.566,0.58,5000,0
20150527,0.583,0.583,0.583,0.583,2050,0
20150528,0.579,0.579,0.553,0.553,7000,0
20150529,0.572,0.584,0.552,0.584,6967,0
20150601,0.551,0.611,0.551,0.57,13640,0
20150602,0.571,0.596,0.57,0.59,10950,0
20150603,0.589,0.589,0.561,0.589,13340,0
20150604,0.561,0.561,0.266,0.438,292260,0
20150605,0.372,0.436,0.371,0.4,23820,0
20150608,0.37,0.398,0.37,0.37,20843,0
20150609,0.37,0.38,0.35,0.36,10149,0
20150610,0.347,0.367,0.347,0.351,39440,0
20150611,0.345,0.398,0.331,0.368,30640,0
20150612,0.39,0.397,0.39,0.397,6100,0
20150615,0.397,0.397,0.397,0.397,8100,0
20150616,0.371,0.42,0.341,0.42,55460,0
20150617,0.397,0.397,0.397,0.397,140,0
20150618,0.371,0.396,0.371,0.396,1810,0
20150619,0.371,0.372,0.371,0.372,1500,0
20150622,0.371,0.38,0.371,0.38,8100,0
20150623,0.372,0.38,0.372,0.373,6030,0
20150624,0.372,0.397,0.372,0.397,15000,0
20150625,0.4,0.419,0.4,0.419,4350,0
20150626,0.4,0.438,0.4,0.434,27300,0
20150629,0.4,0.434,0.4,0.434,5200,0
20150630,0.434,0.434,0.433,0.433,5420,0
20150701,0.4,0.555,0.4,0.52,48986,0
20150702,0.544,0.554,0.484,0.519,17700,0
20150706,0.467,0.513,0.467,0.513,800,0
20150707,0.51,0.544,0.505,0.51,16075,0
20150708,0.49,0.615,0.49,0.548,10217,0
20150709,0.555,0.599,0.55,0.576,6388,0
20150710,0.6,0.649,0.57,0.59,22800,0
20150713,0.562,0.603,0.562,0.603,1645,0
20150714,0.575,0.596,0.575,0.59,10100,0
20150715,0.57,0.614,0.57,0.614,10400,0
20150716,0.56,0.598,0.56,0.598,3600,0
20150717,0.57,0.57,0.561,0.561,5200,0
20150720,0.56,0.59,0.56,0.59,170,0
20150721,0.56,0.589,0.56,0.566,5200,0
20150723,0.56,0.595,0.56,0.595,3880,0
20150724,0.598,0.598,0.598,0.598,1150,0
20150727,0.58,0.585,0.534,0.585,13200,0
20150728,0.54,0.57,0.54,0.57,205,0
20150729,0.56,0.598,0.55,0.598,3975,0
20150730,0.55,0.55,0.511,0.52,3061,0
20150731,0.515,0.53,0.515,0.53,900,0
20150803,0.53,0.581,0.53,0.554,19102,0
20150804,0.52,0.549,0.52,0.549,3503,0
20150805,0.521,0.545,0.521,0.545,2320,0
20150806,0.52,0.53,0.5,0.525,13701,0
20150807,0.5,0.5,0.5,0.5,800,0
20150812,0.5,0.549,0.5,0.502,6400,0
20150813,0.47,0.499,0.47,0.499,4500,0
20150814,0.48,0.519,0.48,0.495,22080,0
20150817,0.472,0.472,0.471,0.471,175,0
20150818,0.47,0.496,0.45,0.496,13600,0
20150820,0.451,0.451,0.41,0.41,5275,0
20150821,0.37,0.41,0.37,0.41,920,0
20150824,0.37,0.409,0.312,0.409,24400,0
20150825,0.409,0.409,0.4,0.404,5750,0
20150826,0.37,0.41,0.365,0.365,15350,0
20150827,0.371,0.443,0.371,0.443,675,0
20150828,0.427,0.472,0.427,0.472,13520,0
20150831,0.496,0.496,0.466,0.485,11085,0
20150902,0.484,0.486,0.463,0.463,8200,0
20150903,0.484,0.484,0.461,0.461,2046,0
20150904,0.44,0.462,0.44,0.462,10499,0
20150907,0.464,0.464,0.464,0.464,20,0
20150908,0.442,0.442,0.442,0.442,5,0
20150909,0.44,0.47,0.44,0.47,2300,0
20150914,0.437,0.437,0.432,0.432,400,0
20150918,0.44,0.478,0.44,0.478,5300,0
20150921,0.456,0.456,0.454,0.454,7400,0
20150922,0.475,0.475,0.44,0.453,5703,0
20150924,0.479,0.479,0.44,0.44,6500,0
20150925,0.44,0.44,0.44,0.44,50,0
20150928,0.43,0.43,0.401,0.402,3495,0
20150930,0.41,0.411,0.41,0.411,100,0
20151001,0.43,0.43,0.43,0.43,100,0
20151002,0.41,0.41,0.41,0.41,2000,0
20151005,0.409,0.421,0.399,0.399,19970,0
20151006,0.38,0.429,0.38,0.429,33000,0
20151007,0.428,0.429,0.428,0.429,16500,0
20151008,0.409,0.43,0.409,0.43,27801,0
20151009,0.409,0.47,0.409,0.45,23300,0
20151012,0.47,0.475,0.44,0.46,15215,0
20151013,0.411,0.48,0.411,0.48,6100,0
20151014,0.44,0.48,0.44,0.458,4200,0
20151015,0.479,0.479,0.449,0.449,5790,0
20151016,0.428,0.436,0.41,0.436,3200,0
20151019,0.409,0.435,0.409,0.412,17100,0
20151021,0.45,0.469,0.429,0.469,4850,0
20151022,0.447,0.447,0.41,0.434,38750,0
20151023,0.402,0.434,0.4,0.4,43000,0
20151026,0.43,0.434,0.43,0.434,300,0
20151027,0.434,0.434,0.39,0.39,10000,0
20151028,0.39,0.433,0.38,0.393,3200,0
20151029,0.433,0.433,0.433,0.433,1170,0
20151030,0.39,0.427,0.39,0.427,135,0
20151102,0.433,0.433,0.401,0.433,16615,0
20151103,0.42,0.43,0.41,0.41,4077,0
20151104,0.401,0.401,0.391,0.391,12270,0
20151105,0.41,0.432,0.41,0.429,3978,0
20151106,0.429,0.429,0.401,0.401,8300,0
20151110,0.42,0.42,0.42,0.42,2280,0
20151111,0.421,0.421,0.42,0.42,3200,0
20151112,0.4,0.409,0.4,0.409,1000,0
20151113,0.4,0.42,0.4,0.42,10000,0
20151117,0.4,0.401,0.4,0.401,200,0
20151118,0.4,0.401,0.4,0.401,900,0
20151119,0.401,0.401,0.401,0.401,1500,0
20151123,0.4,0.4,0.4,0.4,2500,0
20151125,0.381,0.381,0.381,0.381,2000,0
20151126,0.38,0.381,0.38,0.38,7200,0
20151127,0.35,0.418,0.35,0.418,8480,0
20151130,0.39,0.42,0.372,0.4,13570,0
20151201,0.36,0.372,0.36,0.372,2450,0
20151203,0.36,0.361,0.36,0.361,98,0
20151204,0.38,0.399,0.38,0.399,285,0
20151207,0.399,0.399,0.361,0.361,1800,0
20151208,0.36,0.399,0.36,0.399,4289,0
20151209,0.36,0.375,0.36,0.37,6100,0
20151210,0.419,0.419,0.399,0.399,7000,0
20151211,0.36,0.361,0.36,0.361,1000,0
20151214,0.36,0.39,0.36,0.362,2000,0
20151215,0.36,0.36,0.349,0.349,8310,0
20151216,0.343,0.383,0.343,0.383,3000,0
20151218,0.34,0.38,0.34,0.38,3000,0
20151223,0.348,0.365,0.348,0.365,500,0
20151228,0.348,0.365,0.348,0.365,2700,0
20151229,0.348,0.348,0.348,0.348,4619,0
20151230,0.335,0.38,0.335,0.341,1150,0
20160104,0.313,0.313,0.301,0.312,5500,0
20160105,0.312,0.313,0.312,0.313,2000,0
20160107,0.313,0.313,0.313,0.313,3320,0
20160108,0.312,0.385,0.312,0.385,6530,0
20160112,0.314,0.314,0.313,0.313,4500,0
20160113,0.315,0.355,0.315,0.349,11925,0
20160114,0.317,0.356,0.317,0.34,7550,0
20160115,0.35,0.35,0.35,0.35,100,0
20160118,0.35,0.35,0.35,0.35,100,0
20160119,0.324,0.325,0.324,0.325,1000,0
20160120,0.324,0.358,0.312,0.356,24487,0
20160121,0.316,0.356,0.316,0.356,3000,0
20160122,0.31,0.35,0.31,0.35,27900,0
20160125,0.312,0.359,0.312,0.359,1000,0
20160126,0.317,0.359,0.317,0.32,6200,0
20160127,0.315,0.358,0.315,0.358,2000,0
20160129,0.36,0.36,0.36,0.36,4550,0
20160201,0.34,0.341,0.34,0.341,1050,0
20160205,0.34,0.36,0.34,0.36,5000,0
20160208,0.34,0.398,0.34,0.398,9929,0
20160209,0.34,0.37,0.34,0.37,5900,0
20160210,0.33,0.395,0.33,0.35,11000,0
20160211,0.335,0.335,0.32,0.32,1200,0
20160212,0.314,0.316,0.314,0.316,700,0
20160215,0.313,0.339,0.313,0.339,4000,0
20160216,0.32,0.32,0.313,0.313,15431,0
20160219,0.31,0.365,0.31,0.365,1820,0
20160222,0.365,0.365,0.365,0.365,10,0
20160223,0.365,0.365,0.365,0.365,1507,0
20160224,0.3,0.33,0.3,0.33,100,0
20160225,0.325,0.368,0.325,0.368,3800,0
20160226,0.31,0.368,0.308,0.368,1750,0
20160301,0.31,0.368,0.31,0.368,1160,0
20160303,0.325,0.325,0.325,0.325,75,0
20160307,0.315,0.349,0.315,0.349,270,0
20160308,0.349,0.349,0.349,0.349,110,0
20160309,0.315,0.35,0.315,0.35,4300,0
20160314,0.3,0.359,0.3,0.359,1060,0
20160316,0.359,0.368,0.359,0.364,12981,0
20160317,0.33,0.368,0.33,0.368,750,0
20160321,0.345,0.368,0.345,0.368,1560,0
20160322,0.328,0.328,0.309,0.309,250,0
20160323,0.308,0.309,0.308,0.309,150,0
20160324,0.368,0.368,0.33,0.368,3100,0
20160329,0.365,0.365,0.325,0.325,2200,0
20160330,0.309,0.34,0.309,0.34,600,0
20160404,0.365,0.365,0.365,0.365,74,0
20160406,0.31,0.311,0.31,0.311,5000,0
20160407,0.359,0.359,0.319,0.349,5300,0
20160408,0.334,0.359,0.334,0.359,250,0
20160411,0.359,0.369,0.359,0.369,4826,0
20160412,0.31,0.311,0.31,0.311,1500,0
20160413,0.309,0.317,0.309,0.317,260,0
20160414,0.316,0.364,0.316,0.364,2600,0
20160415,0.316,0.364,0.316,0.322,925,0
20160420,0.315,0.322,0.315,0.322,270,0
20160421,0.331,0.368,0.331,0.347,9000,0
20160426,0.33,0.33,0.33,0.33,3000,0
20160427,0.33,0.331,0.329,0.329,12500,0
20160428,0.367,0.367,0.33,0.33,500,0
20160429,0.33,0.361,0.311,0.361,19808,0
20160502,0.315,0.364,0.315,0.364,5500,0
20160503,0.36,0.36,0.359,0.359,6560,0
20160504,0.359,0.36,0.359,0.36,10450,0
20160505,0.364,0.364,0.364,0.364,2850,0
20160509,0.333,0.336,0.333,0.336,3000,0
20160510,0.319,0.37,0.319,0.37,19000,0
20160512,0.33,0.399,0.33,0.33,4100,0
20160513,0.326,0.326,0.326,0.326,1000,0
20160517,0.37,0.37,0.361,0.364,2800,0
20160518,0.325,0.33,0.31,0.33,19298,0
20160519,0.309,0.349,0.309,0.349,2170,0
20160520,0.345,0.345,0.309,0.309,3400,0
20160523,0.31,0.31,0.31,0.31,1000,0
20160524,0.27,0.346,0.27,0.34,2250,0
20160526,0.28,0.329,0.28,0.329,1500,0
20160527,0.29,0.29,0.29,0.29,50,0
20160530,0.32,0.344,0.32,0.344,3500,0
20160601,0.28,0.311,0.271,0.311,11700,0
20160602,0.307,0.348,0.307,0.348,1700,0
20160603,0.348,0.348,0.348,0.348,800,0
20160606,0.31,0.345,0.304,0.304,11499,0
20160607,0.295,0.3,0.295,0.3,6500,0
20160608,0.291,0.318,0.29,0.318,8200,0
20160609,0.298,0.318,0.298,0.318,250,0
20160610,0.319,0.319,0.3,0.3,8400,0
20160614,0.291,0.3,0.27,0.3,9350,0
20160616,0.273,0.273,0.273,0.273,1000,0
20160617,0.274,0.29,0.274,0.29,5182,0
20160620,0.275,0.31,0.275,0.275,9550,0
20160621,0.3,0.3,0.3,0.3,5000,0
20160622,0.275,0.317,0.275,0.317,1000,0
20160623,0.319,0.319,0.277,0.277,6000,0
20160624,0.278,0.3,0.278,0.278,15300,0
20160627,0.278,0.315,0.278,0.315,4500,0
20160628,0.26,0.26,0.26,0.26,100,0
20160629,0.23,0.261,0.23,0.261,350,0
20160701,0.26,0.314,0.26,0.304,3000,0
20160704,0.304,0.304,0.304,0.304,3289,0
20160705,0.28,0.28,0.28,0.28,1200,0
20160708,0.264,0.271,0.264,0.271,500,0
20160711,0.275,0.3,0.275,0.3,899,0
20160712,0.324,0.324,0.304,0.304,1500,0
20160713,0.276,0.276,0.276,0.276,900,0
20160726,0.278,0.309,0.278,0.279,2191,0
20160728,0.279,0.309,0.279,0.308,3785,0
20160803,0.278,0.279,0.278,0.279,999,0
20160805,0.278,0.3,0.278,0.3,800,0
20160808,0.31,0.315,0.279,0.315,3817,0
20160809,0.278,0.279,0.278,0.279,1100,0
20160810,0.278,0.279,0.278,0.279,392,0
20160812,0.278,0.4,0.278,0.331,88172,0
20160815,0.4,0.4,0.31,0.31,15300,0
20160816,0.301,0.38,0.301,0.34,2000,0
20160817,0.34,0.34,0.339,0.339,6000,0
20160818,0.301,0.369,0.301,0.329,16789,0
20160822,0.301,0.339,0.301,0.339,3915,0
20160825,0.301,0.301,0.301,0.301,2000,0
20160829,0.3,0.338,0.3,0.338,1000,0
20160901,0.3,0.318,0.3,0.318,4900,0
20160902,0.305,0.305,0.305,0.305,10100,0
20160905,0.29,0.3,0.29,0.29,15650,0
20160906,0.26,0.315,0.26,0.315,500,0
20160907,0.3,0.3,0.28,0.299,9800,0
20160908,0.26,0.325,0.26,0.325,15400,0
20160909,0.325,0.338,0.325,0.338,11850,0
20160912,0.302,0.36,0.302,0.36,6400,0
20160914,0.31,0.32,0.31,0.315,12000,0
20160923,0.306,0.359,0.306,0.359,2115,0
20160926,0.306,0.36,0.306,0.351,16298,0
20160927,0.35,0.35,0.35,0.35,17802,0
20160929,0.32,0.369,0.32,0.369,1060,0
20161004,0.361,0.361,0.36,0.361,12800,0
20161005,0.34,0.37,0.34,0.37,7000,0
20161006,0.32,0.355,0.311,0.355,2920,0
20161007,0.32,0.368,0.32,0.32,5447,0
20161010,0.351,0.351,0.351,0.351,479,0
20161013,0.33,0.34,0.33,0.331,26905,0
20161017,0.331,0.349,0.331,0.331,2515,0
20161018,0.34,0.345,0.34,0.345,6500,0
20161019,0.33,0.38,0.33,0.379,19289,0
20161020,0.37,0.402,0.361,0.39,27209,0
20161021,0.38,0.403,0.38,0.403,7000,0
20161024,0.38,0.556,0.38,0.556,49999,0
20161025,0.58,0.58,0.46,0.46,49200,0
20161026,0.46,0.498,0.46,0.481,19170,0
20161027,0.484,0.484,0.456,0.461,16790,0
20161028,0.405,0.475,0.405,0.475,11540,0
20161031,0.44,0.499,0.44,0.499,3162,0
20161101,0.46,0.499,0.46,0.461,7282,0
20161102,0.449,0.48,0.449,0.455,2530,0
20161103,0.443,0.452,0.429,0.439,2852,0
20161104,0.416,0.42,0.416,0.417,3300,0
20161107,0.439,0.439,0.43,0.439,6841,0
20161108,0.439,0.439,0.401,0.401,8920,0
20161109,0.441,0.48,0.421,0.442,46485,0
20161110,0.452,0.499,0.452,0.46,20965,0
20161111,0.448,0.448,0.438,0.438,5403,0
20161114,0.428,0.479,0.428,0.479,1035,0
20161115,0.48,0.48,0.451,0.451,4850,0
20161116,0.45,0.49,0.45,0.451,12865,0
20161117,0.48,0.49,0.48,0.489,7200,0
20161118,0.451,0.473,0.451,0.452,1981,0
20161121,0.451,0.489,0.451,0.46,9650,0
20161122,0.451,0.465,0.451,0.465,3613,0
20161123,0.451,0.48,0.451,0.48,600,0
20161125,0.451,0.452,0.451,0.451,3600,0
20161128,0.45,0.451,0.45,0.451,10000,0
20161129,0.488,0.488,0.47,0.47,1200,0
20161130,0.45,0.469,0.45,0.469,2500,0
20161202,0.45,0.458,0.45,0.454,19480,0
20161205,0.45,0.479,0.45,0.479,9182,0
20161206,0.451,0.451,0.428,0.428,18330,0
20161207,0.411,0.439,0.41,0.439,16601,0
20161208,0.401,0.459,0.401,0.401,5813,0
20161212,0.41,0.41,0.4,0.4,4575,0
20161213,0.382,0.39,0.381,0.381,5935,0
20161216,0.381,0.431,0.381,0.431,3554,0
20161219,0.382,0.425,0.382,0.42,4009,0
20161221,0.381,0.4,0.381,0.399,7700,0
20161222,0.382,0.459,0.382,0.435,16750,0
20161223,0.44,0.454,0.44,0.454,2750,0
20161227,0.45,0.45,0.45,0.45,2700,0
20161229,0.401,0.429,0.401,0.429,5100,0
20161230,0.39,0.395,0.35,0.395,33137,0
20170102,0.38,0.422,0.38,0.391,715,0
20170104,0.4,0.4,0.4,0.4,1000,0
20170105,0.431,0.431,0.401,0.401,2350,0
20170106,0.431,0.439,0.431,0.439,3400,0
20170109,0.399,0.439,0.399,0.399,5450,0
20170111,0.402,0.448,0.402,0.412,18100,0
20170112,0.405,0.415,0.405,0.415,350,0
20170113,0.405,0.429,0.405,0.429,3448,0
20170116,0.43,0.449,0.43,0.439,4011,0
20170117,0.449,0.45,0.441,0.441,5333,0
20170118,0.421,0.441,0.421,0.441,2800,0
20170119,0.439,1,0.439,0.77,557919,0
20170120,0.809,1.294,0.808,1.162,801723,0
20170123,1.295,4.181,1.295,3.3,1640710,0
20170124,3.499,4.339,2.15,2.35,1067137,0
20170125,1.75,1.88,1.16,1.33,110212,0
20170126,1.39,1.98,1.39,1.537,176181,0
20170127,1.929,1.97,1.726,1.843,141693,0
20170130,1.85,1.85,1.62,1.74,46756,0
20170131,1.62,1.8,1.62,1.715,41025,0
20170201,1.689,1.769,1.421,1.6,77323,0
20170202,1.5,1.697,1.461,1.53,37739,0
20170203,1.482,1.579,1.482,1.55,9550,0
20170206,1.58,1.58,1.375,1.412,21721,0
20170207,1.402,1.402,1.16,1.25,44849,0
20170208,1.08,1.19,0.91,0.925,68972,0
20170209,0.95,1.389,0.95,1.259,70779,0
20170210,1.45,1.669,1.325,1.59,159256,0
20170213,1.85,1.999,1.72,1.852,126346,0
20170214,1.68,1.82,1.61,1.705,40763,0
20170215,1.61,1.93,1.61,1.8,31583,0
20170216,1.799,1.868,1.63,1.63,20289,0
20170217,1.603,1.799,1.603,1.698,5295,0
20170220,1.604,1.747,1.604,1.661,8100,0
20170221,1.718,1.78,1.511,1.649,29950,0
20170222,1.6,1.73,1.502,1.58,13848,0
20170223,1.67,1.68,1.58,1.6,7861,0
20170224,1.627,1.68,1.58,1.6,19741,0
20170227,1.66,1.68,1.58,1.68,14565,0
20170228,1.7,1.7,1.58,1.699,11045,0
20170301,1.71,1.72,1.65,1.72,9160,0
20170302,1.707,1.707,1.601,1.61,7077,0
20170303,1.72,1.72,1.65,1.65,4437,0
20170306,1.75,1.85,1.711,1.849,30333,0
20170307,1.799,1.799,1.75,1.77,11970,0
20170308,1.77,1.78,1.75,1.75,6223,0
20170309,1.77,1.8,1.715,1.715,35419,0
20170310,1.77,1.844,1.716,1.844,37878,0
20170313,1.82,1.84,1.75,1.84,13290,0
20170314,1.84,1.84,1.75,1.75,4150,0
20170315,1.829,1.829,1.72,1.759,772,0
20170316,1.799,1.799,1.72,1.72,3948,0
20170317,1.72,1.759,1.72,1.759,1908,0
20170320,1.8,1.8,1.721,1.779,5415,0
20170321,1.721,1.829,1.721,1.8,26500,0
20170322,1.72,1.797,1.72,1.751,4617,0
20170323,1.751,1.799,1.751,1.794,3150,0
