Date,Open,High,Low,Close,Volume,OpenInt
20090406,0.56,0.56,0.485,0.485,30,0
20090407,0.53,0.53,0.485,0.485,750,0
20090415,0.48,0.51,0.46,0.46,6021,0
20090416,0.5,0.505,0.46,0.47,681,0
20090417,0.51,0.51,0.425,0.47,1000,0
20090424,0.51,0.545,0.465,0.51,1500,0
20090430,0.51,0.51,0.43,0.43,1000,0
20090504,0.47,0.505,0.465,0.465,1050,0
20090506,0.47,0.48,0.425,0.48,1000,0
20090508,0.48,0.485,0.44,0.485,50,0
20090603,0.48,0.485,0.445,0.445,2,0
20090605,0.48,0.59,0.405,0.59,3570,0
20090609,0.55,0.6,0.55,0.56,3420,0
20090616,0.56,0.56,0.52,0.52,2223,0
20090622,0.485,0.485,0.44,0.45,2050,0
20090626,0.45,0.45,0.41,0.41,100,0
20090630,0.42,0.48,0.42,0.48,2950,0
20090710,0.48,0.48,0.44,0.44,723,0
20090713,0.47,0.475,0.435,0.44,36,0
20090717,0.47,0.475,0.435,0.44,1000,0
20090720,0.47,0.475,0.395,0.4,23,0
20090721,0.44,0.515,0.425,0.515,1043,0
20090722,0.52,0.52,0.47,0.475,2500,0
20090731,0.47,0.475,0.435,0.475,5038,0
20090804,0.47,0.47,0.42,0.423,5321,0
20090806,0.42,0.5,0.39,0.5,3077,0
20090811,0.5,0.55,0.46,0.55,3031,0
20090813,0.55,0.609,0.51,0.609,3500,0
20090814,0.61,0.61,0.51,0.51,143,0
20090902,0.55,0.55,0.5,0.54,100,0
20090907,0.54,0.55,0.5,0.55,300,0
20090914,0.54,0.541,0.5,0.54,13,0
20090915,0.54,0.54,0.485,0.485,1000,0
20090916,0.48,0.485,0.44,0.445,1000,0
20091012,0.451,0.451,0.41,0.41,100,0
20091015,0.451,0.451,0.395,0.395,40,0
20091016,0.451,0.461,0.405,0.461,520,0
20091019,0.467,0.467,0.42,0.421,100,0
20091020,0.467,0.467,0.42,0.421,100,0
20091022,0.427,0.46,0.38,0.46,500,0
20091104,0.453,0.46,0.42,0.42,1636,0
20091116,0.42,0.42,0.38,0.38,25,0
20091207,0.42,0.42,0.38,0.42,50,0
20091211,0.38,0.42,0.38,0.38,50,0
20091215,0.3,0.3,0.26,0.3,20,0
20091216,0.26,0.38,0.22,0.3,2500,0
20091217,0.296,0.38,0.22,0.3,1000,0
20091218,0.296,0.42,0.22,0.42,7563,0
20091222,0.374,0.46,0.34,0.46,8500,0
20091223,0.453,0.51,0.38,0.51,2000,0
20091228,0.517,0.52,0.38,0.46,52,0
20100104,0.453,0.46,0.38,0.46,4000,0
20100108,0.406,0.41,0.38,0.41,150,0
20100113,0.406,0.41,0.38,0.41,240,0
20100119,0.406,0.41,0.406,0.41,5000,0
20100121,0.406,0.41,0.406,0.41,25,0
20100128,0.406,0.41,0.406,0.41,20,0
20100201,0.406,0.5,0.406,0.5,10380,0
20100202,0.53,0.6,0.53,0.6,2850,0
20100203,0.535,0.8,0.535,0.77,30118,0
20100204,0.762,0.78,0.6,0.65,30086,0
20100205,0.644,0.69,0.6,0.66,12191,0
20100208,0.653,0.653,0.64,0.641,200,0
20100210,0.634,0.65,0.6,0.65,10000,0
20100211,0.644,0.7,0.64,0.689,800,0
20100212,0.682,0.7,0.64,0.64,3000,0
20100215,0.634,0.7,0.61,0.64,11500,0
20100222,0.634,0.7,0.634,0.7,35,0
20100223,0.634,0.7,0.63,0.7,200,0
20100225,0.634,0.64,0.634,0.64,200,0
20100301,0.634,0.66,0.634,0.66,3000,0
20100302,0.653,0.653,0.64,0.64,13,0
20100312,0.634,0.64,0.634,0.64,250,0
20100319,0.634,0.671,0.634,0.671,100,0
20100323,0.673,0.681,0.673,0.681,110,0
20100324,0.674,0.68,0.67,0.67,6000,0
20100407,0.554,0.691,0.554,0.69,5875,0
20100408,0.683,0.683,0.61,0.63,3050,0
20100409,0.624,0.75,0.624,0.75,13000,0
20100412,0.743,0.743,0.7,0.72,12000,0
20100413,0.713,0.713,0.7,0.711,400,0
20100414,0.704,0.721,0.7,0.721,100,0
20100416,0.693,0.721,0.693,0.721,20,0
20100419,0.714,0.714,0.7,0.7,46,0
20100426,0.693,0.7,0.693,0.7,14,0
20100428,0.693,0.78,0.693,0.78,1060,0
20100504,0.693,0.78,0.693,0.75,6000,0
20100505,0.74,0.74,0.7,0.7,4000,0
20100518,0.644,0.74,0.6,0.6,10000,0
20100603,0.495,0.5,0.495,0.5,4000,0
20100629,0.455,0.461,0.455,0.461,130,0
20100630,0.456,0.461,0.456,0.461,5,0
20100707,0.455,0.46,0.45,0.46,39,0
20100719,0.455,0.46,0.45,0.45,24,0
20100720,0.455,0.47,0.455,0.47,600,0
20100727,0.455,0.46,0.455,0.46,5000,0
20100803,0.43,0.43,0.42,0.42,3000,0
20100817,0.406,0.421,0.406,0.421,100,0
20100819,0.485,0.485,0.41,0.41,4000,0
20100831,0.406,0.41,0.37,0.41,150,0
20100906,0.406,0.49,0.406,0.49,113,0
20100914,0.416,0.43,0.416,0.43,65,0
20100915,0.416,0.421,0.416,0.421,65,0
20100920,0.416,0.42,0.416,0.42,50,0
20100921,0.416,0.421,0.416,0.42,50,0
20100924,0.416,0.43,0.416,0.43,16,0
20100927,0.426,0.426,0.42,0.421,400,0
20101004,0.416,0.49,0.41,0.41,5750,0
20101011,0.406,0.41,0.406,0.41,10,0
20101013,0.406,0.41,0.406,0.41,50,0
20101014,0.406,0.41,0.406,0.41,10,0
20101018,0.406,0.44,0.4,0.44,118,0
20101103,0.406,0.41,0.36,0.41,3333,0
20101108,0.356,0.36,0.356,0.36,3334,0
20101109,0.356,0.37,0.29,0.37,6334,0
20101110,0.366,0.4,0.32,0.4,2000,0
20101115,0.34,0.36,0.34,0.36,50,0
20101116,0.337,0.341,0.33,0.341,95,0
20101117,0.338,0.37,0.26,0.369,400688,0
20101118,0.365,0.365,0.315,0.32,6666,0
20101122,0.327,0.388,0.327,0.351,16025,0
20101129,0.327,0.4,0.327,0.4,10000,0
20101130,0.396,0.396,0.36,0.36,6500,0
20101201,0.356,0.36,0.356,0.36,10000,0
20101213,0.356,0.375,0.356,0.36,1550,0
20101214,0.357,0.37,0.357,0.36,3483,0
20101221,0.356,0.435,0.356,0.405,8025,0
20101222,0.401,0.401,0.375,0.382,113,0
20101228,0.441,0.441,0.375,0.38,1020,0
20101229,0.377,0.377,0.365,0.37,2200,0
20110103,0.361,0.37,0.361,0.365,101,0
20110105,0.356,0.36,0.356,0.36,2000,0
20110118,0.356,0.36,0.356,0.36,3182,0
20110119,0.356,0.36,0.356,0.36,25,0
20110127,0.356,0.36,0.26,0.26,20892,0
20110128,0.257,0.36,0.251,0.26,32066,0
20110131,0.267,0.36,0.235,0.319,26899,0
20110201,0.316,0.32,0.234,0.234,125,0
20110202,0.317,0.32,0.244,0.251,50,0
20110204,0.242,0.319,0.242,0.319,1000,0
20110207,0.316,0.316,0.25,0.289,400,0
20110209,0.287,0.29,0.257,0.29,5000,0
20110211,0.254,0.3,0.254,0.3,2000,0
20110214,0.255,0.275,0.255,0.275,2025,0
20110215,0.267,0.267,0.26,0.26,200,0
20110216,0.259,0.266,0.259,0.261,1500,0
20110221,0.259,0.272,0.259,0.272,200,0
20110222,0.269,0.28,0.26,0.26,12,0
20110225,0.277,0.32,0.277,0.32,2500,0
20110228,0.317,0.32,0.27,0.32,24189,0
20110304,0.277,0.28,0.211,0.24,28400,0
20110315,0.218,0.221,0.218,0.221,140,0
20110323,0.218,0.58,0.218,0.58,85195,0
20110324,0.22,0.61,0.22,0.471,72204,0
20110325,0.466,0.51,0.34,0.38,6128,0
20110328,0.376,0.376,0.37,0.372,4600,0
20110329,0.368,0.369,0.3,0.3,6900,0
20110330,0.297,0.33,0.27,0.29,4000,0
20110331,0.242,0.276,0.242,0.27,12800,0
20110401,0.267,0.29,0.26,0.29,9243,0
20110404,0.287,0.339,0.26,0.31,12075,0
20110405,0.307,0.31,0.26,0.281,18286,0
20110406,0.278,0.29,0.26,0.29,4616,0
20110407,0.287,0.36,0.26,0.36,32840,0
20110408,0.356,0.356,0.31,0.34,7000,0
20110411,0.337,0.442,0.31,0.412,14060,0
20110412,0.408,0.408,0.34,0.39,100,0
20110413,0.386,0.5,0.31,0.46,24094,0
20110414,0.455,0.5,0.39,0.42,9694,0
20110415,0.416,0.454,0.349,0.349,3500,0
20110418,0.346,0.391,0.31,0.391,16050,0
20110420,0.352,0.39,0.3,0.33,1700,0
20110421,0.361,0.361,0.294,0.336,4000,0
20110426,0.333,0.335,0.3,0.335,4500,0
20110428,0.297,0.297,0.27,0.27,13176,0
20110429,0.277,0.331,0.277,0.331,3290,0
20110502,0.328,0.426,0.31,0.426,37783,0
20110503,0.422,0.426,0.36,0.36,6731,0
20110504,0.325,0.39,0.31,0.334,11169,0
20110505,0.331,0.345,0.31,0.345,1013,0
20110506,0.342,0.45,0.342,0.38,5000,0
20110509,0.411,0.479,0.345,0.415,800,0
20110510,0.38,0.445,0.38,0.41,4127,0
20110511,0.406,0.444,0.34,0.444,650,0
20110512,0.416,0.416,0.365,0.365,200,0
20110513,0.396,0.396,0.335,0.335,60,0
20110517,0.365,0.435,0.365,0.38,8325,0
20110518,0.365,0.41,0.345,0.375,9840,0
20110519,0.371,0.372,0.346,0.372,1400,0
20110520,0.368,0.368,0.345,0.345,8610,0
20110523,0.342,0.385,0.305,0.385,1000,0
20110524,0.381,0.409,0.34,0.4,1300,0
20110526,0.391,0.395,0.35,0.39,9192,0
20110527,0.386,0.395,0.35,0.37,3000,0
20110530,0.391,0.4,0.37,0.4,1000,0
20110531,0.396,0.396,0.37,0.37,5500,0
20110606,0.34,0.34,0.325,0.326,1000,0
20110610,0.33,0.35,0.31,0.31,19432,0
20110614,0.29,0.315,0.29,0.315,1500,0
20110620,0.295,0.33,0.295,0.32,1100,0
20110621,0.295,0.32,0.295,0.32,3000,0
20110623,0.25,0.29,0.25,0.29,3088,0
20110627,0.212,0.292,0.212,0.27,3457,0
20110628,0.28,0.327,0.28,0.28,2000,0
20110705,0.28,0.285,0.28,0.28,2000,0
20110706,0.28,0.32,0.28,0.28,1000,0
20110708,0.281,0.378,0.28,0.281,175,0
20110711,0.338,0.338,0.298,0.32,300,0
20110712,0.32,0.4,0.32,0.32,60,0
20110714,0.32,0.32,0.3,0.3,3500,0
20110715,0.28,0.368,0.28,0.338,24300,0
20110718,0.303,0.359,0.3,0.317,1350,0
20110719,0.34,0.357,0.316,0.342,1000,0
20110720,0.32,0.32,0.307,0.317,42,0
20110721,0.32,0.349,0.28,0.28,4008,0
20110722,0.28,0.329,0.28,0.29,7199,0
20110725,0.29,0.325,0.28,0.29,2077,0
20110726,0.286,0.317,0.28,0.286,15900,0
20110727,0.27,0.3,0.27,0.27,6300,0
20110728,0.261,0.286,0.26,0.261,1000,0
20110801,0.273,0.305,0.27,0.273,500,0
20110802,0.27,0.3,0.266,0.266,400,0
20110803,0.261,0.29,0.26,0.261,700,0
20110805,0.28,0.31,0.25,0.28,1200,0
20110809,0.28,0.28,0.242,0.28,3572,0
20110812,0.242,0.3,0.242,0.242,900,0
20110815,0.22,0.309,0.22,0.22,4000,0
20110816,0.25,0.251,0.25,0.25,4000,0
20110817,0.25,0.302,0.21,0.25,37003,0
20110819,0.24,0.287,0.24,0.24,2600,0
20110822,0.24,0.31,0.24,0.24,12226,0
20110824,0.272,0.273,0.267,0.273,12222,0
20110825,0.27,0.27,0.237,0.237,11034,0
20110826,0.24,0.291,0.237,0.29,14586,0
20110830,0.25,0.31,0.25,0.31,3300,0
20110831,0.271,0.322,0.27,0.322,2500,0
20110901,0.282,0.3,0.28,0.3,6668,0
20110902,0.26,0.295,0.243,0.295,8280,0
20110905,0.255,0.29,0.251,0.29,9800,0
20110912,0.305,0.305,0.26,0.26,4000,0
20110913,0.26,0.323,0.26,0.31,6000,0
20110914,0.271,0.323,0.27,0.283,3328,0
20110916,0.283,0.323,0.28,0.322,7500,0
20110919,0.28,0.322,0.28,0.322,13922,0
20110920,0.285,0.324,0.285,0.324,4000,0
20110922,0.287,0.3,0.287,0.3,5402,0
20110923,0.26,0.305,0.254,0.266,6500,0
20110926,0.27,0.5,0.266,0.5,31908,0
20110927,0.461,0.749,0.27,0.749,115926,0
20110928,0.78,1.16,0.68,1.16,149396,0
20110929,1.3,1.3,0.86,1.185,113569,0
20110930,1.241,1.299,0.96,1.16,54578,0
20111003,1.15,1.17,0.93,1.148,16238,0
20111004,1.16,1.26,0.75,0.9,94942,0
20111005,0.85,0.929,0.611,0.611,30038,0
20111006,0.64,0.71,0.615,0.71,90182,0
20111007,0.69,0.848,0.66,0.713,51853,0
20111010,0.7,0.78,0.68,0.69,20541,0
20111011,0.722,0.74,0.69,0.69,25511,0
20111012,0.68,0.725,0.68,0.681,22630,0
20111013,0.713,0.8,0.55,0.621,46797,0
20111014,0.592,0.64,0.55,0.598,29641,0
20111017,0.62,0.74,0.59,0.728,51268,0
20111018,0.55,0.735,0.55,0.655,10937,0
20111019,0.624,0.689,0.611,0.615,18979,0
20111020,0.645,0.774,0.64,0.7,34182,0
20111021,0.698,0.79,0.67,0.67,14587,0
20111024,0.67,0.7,0.63,0.7,18946,0
20111025,0.667,0.712,0.667,0.691,2102,0
20111026,0.69,0.745,0.69,0.73,10100,0
20111027,0.712,0.91,0.71,0.779,76056,0
20111028,0.76,0.8,0.714,0.78,7320,0
20111031,0.798,0.915,0.761,0.829,75972,0
20111101,0.809,0.964,0.808,0.964,36332,0
20111102,0.98,1,0.888,0.97,159780,0
20111103,0.946,1,0.921,0.947,73960,0
20111104,0.924,0.99,0.89,0.94,53289,0
20111107,0.92,0.997,0.92,0.997,42799,0
20111108,0.973,1,0.97,0.975,72547,0
20111109,0.95,0.999,0.915,0.959,30458,0
20111110,0.94,0.95,0.907,0.95,17300,0
20111111,0.93,0.96,0.721,0.82,81551,0
20111114,0.85,0.947,0.829,0.88,25101,0
20111115,0.859,0.9,0.859,0.884,22209,0
20111116,0.86,0.92,0.86,0.918,14644,0
20111117,0.94,1.46,0.94,1.46,360007,0
20111118,1.42,1.639,1.25,1.25,139227,0
20111121,1.22,1.45,1.05,1.27,85867,0
20111122,1.27,1.27,1.01,1.11,39730,0
20111123,1.08,1.09,0.95,1.01,30209,0
20111124,0.99,0.99,0.9,0.9,23599,0
20111125,0.878,0.9,0.859,0.875,11400,0
20111128,0.854,1.2,0.85,1.1,103783,0
20111129,1.07,1.12,0.976,1.034,28400,0
20111130,1.01,1.14,0.985,1.059,14700,0
20111201,1.033,1.084,1.01,1.034,10911,0
20111202,1.01,1.09,0.942,1.09,26612,0
20111205,1.06,1.063,1.03,1.03,5850,0
20111206,1.03,1.055,0.92,1.01,35425,0
20111207,0.97,1.03,0.966,1.005,3960,0
20111208,1,1.1,0.98,1.003,18561,0
20111209,0.979,1.039,0.979,0.99,3500,0
20111212,0.99,1.28,0.99,1.18,30295,0
20111213,1.152,1.331,1.05,1.109,52612,0
20111214,1.082,1.163,1.05,1.085,21667,0
20111215,1.06,1.259,1.06,1.12,43910,0
20111216,1.13,1.3,1.13,1.18,27620,0
20111219,1.208,1.3,1.113,1.242,45467,0
20111220,1.212,1.24,1.13,1.149,24400,0
20111221,1.12,1.148,1.044,1.05,18637,0
20111222,1.04,1.047,1.01,1.01,17370,0
20111223,0.985,0.99,0.79,0.91,81981,0
20111227,0.89,0.89,0.76,0.78,33755,0
20111228,0.761,0.849,0.761,0.821,19549,0
20111229,0.82,0.822,0.82,0.822,7970,0
20111230,0.82,0.842,0.82,0.82,4540,0
20120102,0.82,0.84,0.82,0.84,4340,0
20120103,0.841,0.841,0.82,0.821,15200,0
20120104,0.82,0.83,0.81,0.83,12236,0
20120105,0.82,0.88,0.82,0.861,30284,0
20120106,0.84,0.845,0.78,0.799,38266,0
20120109,0.799,0.799,0.635,0.649,53803,0
20120110,0.633,0.665,0.628,0.658,14650,0
20120111,0.642,0.768,0.626,0.74,22285,0
20120112,0.722,0.739,0.704,0.738,7200,0
20120113,0.72,0.737,0.701,0.735,7490,0
20120116,0.717,0.731,0.712,0.712,5809,0
20120117,0.695,0.7,0.662,0.662,7250,0
20120118,0.646,0.65,0.646,0.648,2000,0
20120119,0.632,0.647,0.63,0.631,5400,0
20120120,0.616,0.63,0.588,0.6,46570,0
20120123,0.6,0.63,0.6,0.615,8053,0
20120124,0.6,0.601,0.586,0.59,6700,0
20120125,0.585,0.609,0.585,0.59,5500,0
20120126,0.585,0.59,0.5,0.545,16200,0
20120127,0.545,0.553,0.54,0.542,5025,0
20120130,0.529,0.532,0.518,0.52,11767,0
20120131,0.51,0.538,0.51,0.538,2500,0
20120201,0.525,0.63,0.512,0.63,12800,0
20120202,0.615,0.615,0.585,0.585,6634,0
20120206,0.585,0.639,0.585,0.639,2000,0
20120207,0.638,0.72,0.638,0.7,45238,0
20120208,0.68,0.69,0.55,0.58,46485,0
20120209,0.566,0.61,0.566,0.585,11456,0
20120210,0.585,0.63,0.585,0.61,3600,0
20120213,0.61,0.637,0.61,0.637,1500,0
20120214,0.621,0.621,0.611,0.611,2750,0
20120215,0.61,0.61,0.6,0.6,7558,0
20120216,0.585,0.59,0.585,0.585,50,0
20120222,0.571,0.571,0.57,0.571,1754,0
20120223,0.557,0.57,0.55,0.55,4000,0
20120228,0.556,0.575,0.55,0.575,3000,0
20120301,0.56,0.561,0.56,0.561,1210,0
20120302,0.547,0.588,0.547,0.574,2900,0
20120305,0.57,0.574,0.57,0.574,4000,0
20120306,0.56,0.56,0.546,0.546,500,0
20120307,0.546,0.586,0.54,0.586,7890,0
20120308,0.572,0.7,0.57,0.696,48150,0
20120309,0.68,0.739,0.66,0.701,29707,0
20120312,0.684,0.684,0.68,0.684,870,0
20120313,0.667,0.69,0.667,0.68,3500,0
20120314,0.663,0.71,0.66,0.699,11882,0
20120315,0.68,0.682,0.649,0.681,5400,0
20120319,0.66,0.664,0.64,0.64,2000,0
20120320,0.62,0.636,0.609,0.636,7090,0
20120321,0.62,0.666,0.62,0.65,8070,0
20120322,0.65,0.679,0.65,0.662,3980,0
20120323,0.65,0.687,0.64,0.687,8900,0
20120326,0.7,0.79,0.69,0.714,28663,0
20120327,0.7,0.7,0.697,0.697,1300,0
20120328,0.68,0.68,0.68,0.68,1000,0
20120329,0.663,0.696,0.66,0.696,3000,0
20120330,0.68,0.729,0.679,0.729,1500,0
20120402,0.711,0.711,0.71,0.711,1000,0
20120404,0.694,0.694,0.66,0.66,15800,0
20120411,0.66,0.66,0.66,0.66,49,0
20120417,0.644,0.644,0.52,0.553,29287,0
20120418,0.539,0.539,0.5,0.527,15500,0
20120419,0.52,0.546,0.52,0.546,200,0
20120420,0.52,0.546,0.52,0.533,200,0
20120423,0.533,0.533,0.44,0.471,30516,0
20120424,0.46,0.48,0.46,0.468,1450,0
20120425,0.47,0.47,0.461,0.461,1200,0
20120426,0.46,0.482,0.46,0.481,700,0
20120427,0.481,0.481,0.43,0.43,9659,0
20120430,0.41,0.45,0.41,0.44,5433,0
20120502,0.439,0.44,0.37,0.406,25155,0
20120504,0.396,0.4,0.39,0.39,3500,0
20120507,0.38,0.4,0.31,0.31,2000,0
20120508,0.45,0.45,0.4,0.44,14000,0
20120511,0.4,0.4,0.4,0.4,3620,0
20120514,0.39,0.4,0.39,0.4,5000,0
20120516,0.41,0.41,0.36,0.36,600,0
20120517,0.36,0.409,0.35,0.409,4000,0
20120518,0.36,0.47,0.36,0.46,14500,0
20120521,0.41,0.471,0.41,0.45,2351,0
20120522,0.45,0.45,0.45,0.45,4000,0
20120523,0.401,0.401,0.36,0.361,15541,0
20120524,0.4,0.45,0.312,0.36,7988,0
20120525,0.352,0.451,0.35,0.451,16980,0
20120528,0.501,0.501,0.49,0.5,1000,0
20120529,0.5,0.51,0.45,0.45,6500,0
20120531,0.45,0.52,0.42,0.42,4200,0
20120601,0.37,0.48,0.37,0.385,19413,0
20120604,0.385,0.39,0.351,0.351,7200,0
20120605,0.352,0.352,0.333,0.333,17800,0
20120606,0.335,0.35,0.335,0.336,4062,0
20120608,0.35,0.352,0.35,0.35,6000,0
20120618,0.366,0.41,0.366,0.41,1700,0
20120619,0.37,0.43,0.366,0.43,2204,0
20120622,0.385,0.45,0.385,0.45,2000,0
20120625,0.401,0.5,0.401,0.401,4000,0
20120627,0.45,0.488,0.45,0.45,2000,0
20120628,0.45,0.451,0.45,0.451,2600,0
20120702,0.45,0.49,0.45,0.45,10700,0
20120703,0.45,0.53,0.45,0.48,8650,0
20120704,0.49,0.54,0.49,0.49,500,0
20120705,0.49,0.54,0.49,0.49,2000,0
20120709,0.54,0.541,0.5,0.5,6251,0
20120710,0.5,0.56,0.5,0.501,242,0
20120711,0.49,0.551,0.49,0.53,3500,0
20120712,0.48,0.54,0.48,0.49,125,0
20120717,0.5,0.56,0.5,0.56,5000,0
20120718,0.56,0.71,0.56,0.66,13500,0
20120719,0.61,0.7,0.61,0.7,10995,0
20120720,0.65,0.74,0.65,0.7,7895,0
20120723,0.65,0.76,0.65,0.745,11335,0
20120724,0.7,0.72,0.671,0.72,3326,0
20120725,0.67,0.75,0.67,0.75,3843,0
20120726,0.7,0.7,0.7,0.7,5833,0
20120730,0.66,0.67,0.66,0.661,1281,0
20120731,0.66,0.66,0.66,0.66,3000,0
20120802,0.61,0.61,0.494,0.56,23957,0
20120803,0.561,0.563,0.56,0.563,2000,0
20120808,0.56,0.58,0.56,0.58,300,0
20120815,0.56,0.565,0.56,0.561,3050,0
20120816,0.56,0.599,0.56,0.564,7100,0
20120817,0.56,0.598,0.56,0.598,1500,0
20120821,0.56,0.6,0.56,0.6,5900,0
20120822,0.601,0.68,0.601,0.631,6985,0
20120827,0.62,0.62,0.6,0.6,250,0
20120828,0.601,0.602,0.601,0.602,700,0
20120830,0.601,0.602,0.6,0.6,1250,0
20120831,0.6,0.601,0.6,0.6,9100,0
20120904,0.601,0.65,0.601,0.649,3000,0
20120905,0.6,0.601,0.6,0.6,25,0
20120906,0.601,0.602,0.601,0.602,1500,0
20120910,0.555,0.611,0.555,0.611,7025,0
20120911,0.562,0.565,0.562,0.565,2000,0
20120913,0.53,0.62,0.53,0.601,2630,0
20120917,0.603,0.66,0.603,0.66,20,0
20120919,0.61,0.61,0.61,0.61,200,0
20120920,0.6,0.601,0.6,0.601,110,0
20120924,0.601,0.61,0.601,0.61,1270,0
20120927,0.604,0.605,0.604,0.605,1400,0
20121002,0.604,0.604,0.51,0.6,4200,0
20121003,0.551,0.555,0.551,0.555,2000,0
20121005,0.52,0.621,0.52,0.571,10000,0
20121009,0.6,0.602,0.6,0.602,5630,0
20121016,0.54,0.54,0.54,0.54,1570,0
20121024,0.524,0.624,0.524,0.525,12000,0
20121025,0.52,0.52,0.471,0.471,4500,0
20121029,0.473,0.473,0.43,0.43,5000,0
20121031,0.444,0.499,0.424,0.499,900,0
20121105,0.46,0.46,0.39,0.45,70,0
20121106,0.45,0.451,0.401,0.401,2000,0
20121107,0.381,0.406,0.38,0.395,2650,0
20121108,0.373,0.446,0.353,0.446,2000,0
20121109,0.397,0.48,0.377,0.412,2000,0
20121112,0.412,0.44,0.412,0.44,300,0
20121116,0.41,0.489,0.385,0.41,3500,0
20121120,0.45,0.478,0.4,0.478,500,0
20121122,0.428,0.428,0.38,0.38,38,0
20121126,0.38,0.41,0.38,0.38,73,0
20121128,0.35,0.4,0.35,0.4,16000,0
20121130,0.38,0.38,0.34,0.37,25,0
20121207,0.4,0.401,0.36,0.382,60,0
20121210,0.351,0.73,0.341,0.73,27240,0
20121211,0.78,0.83,0.501,0.551,49025,0
20121212,0.481,0.67,0.481,0.619,19104,0
20121213,0.569,0.619,0.549,0.619,3500,0
20121217,0.575,0.6,0.575,0.595,455,0
20121218,0.575,0.68,0.575,0.6,1480,0
20121219,0.595,0.599,0.575,0.599,500,0
20121221,0.529,0.55,0.529,0.55,1000,0
20121227,0.56,0.65,0.54,0.65,6650,0
20121228,0.6,0.64,0.58,0.64,3325,0
20130102,0.57,0.6,0.57,0.6,2000,0
20130103,0.54,0.56,0.54,0.56,150,0
20130104,0.54,0.702,0.54,0.702,14065,0
20130108,0.63,0.795,0.63,0.64,8952,0
20130109,0.57,0.65,0.57,0.599,5000,0
20130110,0.579,0.648,0.579,0.6,1000,0
20130111,0.58,0.65,0.58,0.65,3138,0
20130115,0.58,0.632,0.58,0.632,57,0
20130121,0.595,0.616,0.595,0.616,34,0
20130124,0.666,0.685,0.63,0.65,3120,0
20130125,0.61,0.65,0.59,0.59,50,0
20130128,0.59,0.67,0.59,0.67,980,0
20130129,0.6,0.695,0.6,0.645,2499,0
20130131,0.625,0.714,0.625,0.664,284,0
20130201,0.644,0.669,0.619,0.62,750,0
20130211,0.6,0.62,0.6,0.62,1000,0
20130212,0.61,0.622,0.59,0.622,1250,0
20130213,0.61,0.621,0.59,0.61,50,0
20130219,0.59,0.61,0.59,0.61,50,0
20130220,0.61,0.65,0.61,0.65,50,0
20130221,0.59,0.62,0.59,0.62,1000,0
20130222,0.61,0.61,0.55,0.55,2031,0
20130226,0.58,0.68,0.57,0.68,8,0
20130301,0.63,0.63,0.61,0.63,2000,0
20130304,0.56,0.63,0.56,0.58,161,0
20130307,0.58,0.585,0.56,0.585,34,0
20130311,0.56,0.59,0.56,0.59,25,0
20130312,0.56,0.58,0.54,0.54,2000,0
20130315,0.56,0.58,0.52,0.52,5250,0
20130325,0.5,0.57,0.5,0.51,2660,0
20130326,0.51,0.53,0.51,0.53,2169,0
20130328,0.46,0.73,0.46,0.71,36313,0
20130402,0.66,0.66,0.52,0.54,11050,0
20130403,0.52,0.579,0.52,0.53,1043,0
20130404,0.54,0.56,0.52,0.54,5500,0
20130405,0.48,0.55,0.48,0.55,6045,0
20130408,0.5,0.511,0.48,0.505,130,0
20130409,0.485,0.552,0.48,0.552,1500,0
20130410,0.482,0.52,0.482,0.52,85,0
20130412,0.5,0.51,0.48,0.51,5000,0
20130415,0.47,0.54,0.47,0.49,8400,0
20130416,0.48,0.49,0.43,0.49,7000,0
20130417,0.45,0.63,0.43,0.62,4500,0
20130418,0.55,0.57,0.55,0.57,130,0
20130419,0.52,0.6,0.5,0.6,2000,0
20130422,0.53,0.58,0.53,0.58,300,0
20130424,0.53,0.58,0.53,0.53,100,0
20130429,0.51,0.6,0.48,0.54,9591,0
20130430,0.55,0.699,0.47,0.685,31200,0
20130502,0.579,0.599,0.579,0.589,3351,0
20130503,0.555,0.69,0.53,0.6,2000,0
20130506,0.6,0.68,0.6,0.68,250,0
20130507,0.63,0.63,0.55,0.55,5525,0
20130508,0.54,0.648,0.54,0.6,2300,0
20130509,0.54,0.63,0.54,0.59,371,0
20130510,0.56,0.56,0.54,0.55,8666,0
20130513,0.48,0.64,0.48,0.64,350,0
20130516,0.57,0.63,0.57,0.63,150,0
20130517,0.58,0.63,0.56,0.56,400,0
20130521,0.56,0.784,0.56,0.734,34784,0
20130522,0.664,0.742,0.664,0.67,10056,0
20130523,0.6,0.708,0.6,0.638,400,0
20130524,0.658,0.706,0.638,0.66,6350,0
20130528,0.59,0.69,0.57,0.69,250,0
20130529,0.64,0.64,0.57,0.64,2000,0
20130603,0.57,0.665,0.57,0.64,350,0
20130604,0.57,0.66,0.57,0.59,500,0
20130605,0.59,0.649,0.59,0.61,200,0
20130606,0.61,0.611,0.59,0.61,3375,0
20130607,0.55,0.611,0.529,0.529,18600,0
20130611,0.547,0.64,0.547,0.59,150,0
20130612,0.59,0.61,0.52,0.61,9500,0
20130617,0.54,0.56,0.54,0.55,100,0
20130619,0.6,0.6,0.58,0.6,6668,0
20130620,0.53,0.55,0.53,0.541,4976,0
20130624,0.52,0.52,0.5,0.52,6000,0
20130626,0.471,0.58,0.471,0.58,230,0
20130627,0.55,0.56,0.51,0.56,2400,0
20130703,0.521,0.55,0.501,0.55,300,0
20130709,0.521,0.559,0.501,0.559,10,0
20130711,0.521,0.549,0.43,0.548,9014,0
20130715,0.489,0.52,0.45,0.45,300,0
20130717,0.47,0.521,0.45,0.52,12579,0
20130719,0.51,0.564,0.47,0.564,2000,0
20130722,0.515,0.551,0.515,0.53,60,0
20130723,0.55,0.55,0.53,0.53,300,0
20130724,0.515,0.515,0.43,0.43,16000,0
20130725,0.45,0.465,0.43,0.445,30,0
20130729,0.445,0.529,0.445,0.477,3900,0
20130730,0.477,0.528,0.457,0.528,830,0
20130731,0.478,0.508,0.458,0.508,200,0
20130801,0.508,0.54,0.43,0.54,10276,0
20130802,0.49,0.525,0.455,0.455,200,0
20130805,0.475,0.525,0.455,0.475,500,0
20130806,0.475,0.5,0.45,0.5,9200,0
20130807,0.43,0.528,0.43,0.528,300,0
20130808,0.478,0.478,0.404,0.404,2322,0
20130809,0.42,0.504,0.4,0.454,5000,0
20130812,0.454,0.52,0.42,0.52,11500,0
20130813,0.47,0.47,0.45,0.47,1000,0
20130815,0.425,0.52,0.405,0.52,5047,0
20130819,0.46,0.53,0.43,0.53,2000,0
20130820,0.5,0.5,0.48,0.5,3000,0
20130826,0.47,0.5,0.43,0.43,20,0
20130827,0.455,0.475,0.43,0.43,10,0
20130829,0.47,0.47,0.44,0.47,50,0
20130830,0.45,0.48,0.41,0.435,150,0
20130902,0.52,0.54,0.49,0.49,3333,0
20130903,0.47,0.54,0.47,0.52,500,0
20130904,0.52,0.52,0.42,0.45,7000,0
20130905,0.45,0.52,0.45,0.45,600,0
20130909,0.45,0.49,0.45,0.49,500,0
20130911,0.49,0.49,0.47,0.49,1000,0
20130912,0.477,0.477,0.366,0.366,5546,0
20130913,0.4,0.47,0.36,0.42,5790,0
20130916,0.4,0.49,0.4,0.44,200,0
20130918,0.47,0.47,0.42,0.42,4290,0
20130919,0.4,0.5,0.4,0.49,600,0
20130920,0.49,0.49,0.42,0.42,1000,0
20130923,0.47,0.47,0.4,0.42,200,0
20130926,0.47,0.53,0.45,0.51,700,0
20130930,0.49,0.49,0.46,0.47,1500,0
20131002,0.47,0.47,0.4,0.47,230,0
20131003,0.4,0.47,0.4,0.41,1400,0
20131004,0.428,0.525,0.39,0.475,4810,0
20131009,0.49,0.51,0.44,0.44,2000,0
20131011,0.475,0.529,0.45,0.479,200,0
20131015,0.49,0.539,0.42,0.49,4090,0
20131016,0.48,0.5,0.38,0.38,2800,0
20131017,0.384,0.49,0.384,0.475,4700,0
20131018,0.47,0.475,0.47,0.475,300,0
20131021,0.47,0.493,0.465,0.493,600,0
20131022,0.47,0.5,0.45,0.45,1300,0
20131023,0.47,0.539,0.43,0.515,9245,0
20131024,0.515,0.515,0.495,0.515,3600,0
20131025,0.516,0.535,0.465,0.485,200,0
20131028,0.517,0.517,0.465,0.516,700,0
20131029,0.516,0.516,0.33,0.41,20654,0
20131030,0.455,0.52,0.41,0.412,2000,0
20131031,0.455,0.472,0.39,0.41,1250,0
20131104,0.41,0.43,0.39,0.42,12,0
20131105,0.41,0.47,0.41,0.46,400,0
20131107,0.441,0.491,0.39,0.39,4012,0
20131108,0.429,0.47,0.429,0.441,500,0
20131111,0.441,0.451,0.42,0.45,100,0
20131112,0.441,0.46,0.441,0.45,1000,0
20131113,0.46,0.49,0.44,0.44,1000,0
20131120,0.46,0.489,0.441,0.45,200,0
20131121,0.441,0.472,0.441,0.441,500,0
20131122,0.441,0.49,0.441,0.466,1100,0
20131125,0.441,0.485,0.441,0.485,1300,0
20131126,0.4,0.46,0.4,0.441,6000,0
20131127,0.441,0.441,0.395,0.441,501,0
20131128,0.399,0.525,0.399,0.525,11800,0
20131129,0.479,0.53,0.479,0.53,7000,0
20131202,0.486,0.55,0.486,0.55,1000,0
20131206,0.505,0.525,0.499,0.499,1000,0
20131209,0.475,0.475,0.432,0.432,3,0
20131213,0.476,0.476,0.452,0.452,54,0
20131216,0.476,0.476,0.42,0.43,294,0
20131219,0.431,0.455,0.409,0.455,154,0
20131223,0.434,0.507,0.392,0.475,6100,0
20131227,0.452,0.494,0.447,0.48,5435,0
20131230,0.456,0.48,0.434,0.456,2759,0
20140103,0.478,0.479,0.456,0.479,2000,0
20140106,0.48,0.48,0.456,0.48,30,0
20140108,0.48,0.493,0.48,0.481,30,0
20140109,0.493,0.505,0.48,0.505,2000,0
20140113,0.493,0.493,0.39,0.413,15125,0
20140115,0.414,0.42,0.39,0.42,6364,0
20140121,0.5,0.51,0.49,0.508,13742,0
20140123,0.5,0.515,0.5,0.51,3120,0
20140127,0.52,0.52,0.491,0.492,10050,0
20140128,0.492,0.506,0.468,0.492,2500,0
20140129,0.492,0.497,0.445,0.497,6120,0
20140131,0.48,0.509,0.48,0.5,1500,0
20140203,0.497,0.497,0.495,0.497,334,0
20140204,0.497,0.586,0.495,0.586,23120,0
20140205,0.559,0.587,0.559,0.585,4551,0
20140206,0.558,0.597,0.558,0.585,1800,0
20140207,0.569,0.6,0.569,0.6,1029,0
20140210,0.599,0.752,0.599,0.752,26191,0
20140211,0.716,0.765,0.715,0.74,8170,0
20140212,0.72,0.749,0.628,0.719,30252,0
20140213,0.69,0.71,0.673,0.698,9550,0
20140214,0.694,0.699,0.689,0.699,500,0
20140218,0.689,0.708,0.675,0.675,7897,0
20140219,0.683,1,0.675,1,126163,0
20140220,0.93,0.994,0.875,0.987,44651,0
20140221,0.965,1.09,0.944,1.07,53343,0
20140224,1.12,1.44,1.05,1.44,39090,0
20140225,1.28,1.477,1.045,1.35,66924,0
20140226,1.287,1.3,0.868,1.08,79654,0
20140227,1.061,1.111,0.892,0.901,15635,0
20140228,0.902,1,0.767,0.972,94103,0
20140303,0.967,1.1,0.871,0.871,12265,0
20140304,0.872,0.913,0.83,0.85,9811,0
20140305,0.892,0.892,0.812,0.85,3800,0
20140306,0.812,0.853,0.782,0.782,6500,0
20140307,0.822,0.831,0.77,0.77,5191,0
20140310,0.771,0.809,0.734,0.771,1200,0
20140312,0.813,0.846,0.78,0.781,2491,0
20140313,0.767,0.843,0.767,0.811,2500,0
20140314,0.841,0.842,0.73,0.803,8012,0
20140317,0.798,0.867,0.72,0.72,6500,0
20140318,0.771,0.839,0.734,0.769,3881,0
20140319,0.808,0.85,0.762,0.81,14971,0
20140320,0.85,0.884,0.81,0.864,4700,0
20140321,0.867,0.884,0.764,0.764,2630,0
20140324,0.803,0.838,0.718,0.76,1700,0
20140325,0.76,0.885,0.76,0.824,1750,0
20140326,0.824,1.04,0.79,0.95,13780,0
20140327,0.951,0.989,0.892,0.942,3700,0
20140328,0.942,1.035,0.791,0.943,27032,0
20140331,0.943,0.943,0.815,0.91,5169,0
20140401,0.892,0.905,0.862,0.865,1300,0
20140402,0.886,0.909,0.848,0.858,400,0
20140403,0.884,0.884,0.817,0.817,1700,0
20140404,0.858,0.88,0.753,0.845,3984,0
20140407,0.823,0.866,0.823,0.866,2000,0
20140409,0.85,0.958,0.8,0.958,5500,0
20140410,0.919,0.919,0.833,0.875,3600,0
20140411,0.87,0.87,0.762,0.762,8000,0
20140414,0.849,0.849,0.762,0.801,30,0
20140415,0.801,0.801,0.75,0.75,800,0
20140416,0.765,0.765,0.73,0.75,15201,0
20140417,0.731,0.75,0.696,0.729,2748,0
20140422,0.74,0.74,0.692,0.692,10723,0
20140424,0.659,0.724,0.659,0.67,100,0
20140425,0.659,0.692,0.639,0.64,6102,0
20140429,0.671,0.671,0.58,0.581,2000,0
20140502,0.649,0.649,0.554,0.59,1100,0
20140506,0.53,0.739,0.53,0.606,5370,0
20140507,0.739,0.739,0.671,0.671,1800,0
20140508,0.705,0.705,0.64,0.64,400,0
20140509,0.672,0.672,0.612,0.643,500,0
20140512,0.658,0.658,0.582,0.582,700,0
20140513,0.612,0.64,0.582,0.61,1550,0
20140514,0.641,0.67,0.611,0.67,1400,0
20140515,0.682,0.682,0.62,0.62,5000,0
20140519,0.656,0.67,0.623,0.623,7115,0
20140521,0.646,0.646,0.6,0.6,2500,0
20140522,0.629,0.629,0.53,0.585,11600,0
20140523,0.594,0.607,0.56,0.581,7101,0
20140526,0.59,0.59,0.53,0.53,16900,0
20140527,0.554,0.6,0.51,0.6,3800,0
20140528,0.531,0.545,0.501,0.545,2102,0
20140529,0.545,0.545,0.478,0.502,7101,0
20140530,0.503,0.503,0.461,0.47,11758,0
20140602,0.493,0.51,0.47,0.51,5000,0
20140603,0.513,0.513,0.461,0.475,59093,0
20140604,0.493,0.494,0.46,0.463,14699,0
20140605,0.482,0.482,0.463,0.463,5000,0
20140606,0.496,0.596,0.43,0.49,146962,0
20140609,0.517,0.6,0.5,0.565,59745,0
20140610,0.587,0.7,0.579,0.642,68689,0
20140611,0.662,0.73,0.611,0.725,40650,0
20140612,0.725,0.776,0.65,0.776,21537,0
20140613,0.75,0.78,0.736,0.767,4150,0
20140616,0.759,0.78,0.697,0.743,22275,0
20140617,0.743,0.778,0.67,0.68,7768,0
20140618,0.714,0.714,0.648,0.71,6000,0
20140619,0.755,0.76,0.721,0.751,8500,0
20140620,0.756,0.768,0.75,0.75,2500,0
20140623,0.761,0.77,0.75,0.751,7450,0
20140624,0.769,0.83,0.751,0.83,9000,0
20140625,0.823,0.844,0.775,0.775,6196,0
20140626,0.783,0.878,0.775,0.818,14665,0
20140627,0.855,0.89,0.818,0.87,4201,0
20140630,0.87,0.988,0.849,0.851,15239,0
20140701,0.894,0.894,0.781,0.85,10122,0
20140702,0.86,0.899,0.85,0.85,3500,0
20140703,0.871,0.871,0.82,0.82,3174,0
20140704,0.85,0.851,0.82,0.841,1000,0
20140707,0.841,0.841,0.8,0.82,1030,0
20140708,0.82,0.85,0.787,0.82,16100,0
20140709,0.82,0.855,0.77,0.781,13120,0
20140710,0.791,0.791,0.626,0.665,14932,0
20140711,0.698,0.698,0.535,0.634,1400,0
20140714,0.634,0.634,0.512,0.559,11433,0
20140715,0.557,0.584,0.51,0.561,12776,0
20140716,0.592,0.611,0.571,0.582,860,0
20140717,0.611,0.638,0.582,0.608,611,0
20140718,0.624,0.667,0.6,0.61,3000,0
20140722,0.75,0.75,0.681,0.681,3399,0
20140723,0.715,0.76,0.681,0.724,1504,0
20140725,0.743,0.758,0.69,0.758,2600,0
20140728,0.737,0.737,0.688,0.7,2986,0
20140729,0.69,0.7,0.65,0.65,3400,0
20140801,0.636,0.664,0.628,0.628,1000,0
20140812,0.634,0.68,0.606,0.65,5400,0
20140814,0.66,0.665,0.51,0.58,5500,0
20140819,0.626,0.649,0.605,0.64,4500,0
20140820,0.65,0.66,0.61,0.61,2500,0
20140821,0.64,0.64,0.585,0.603,4840,0
20140825,0.65,0.729,0.623,0.676,33278,0
20140826,0.714,0.777,0.68,0.724,42000,0
20140827,0.757,0.829,0.69,0.79,9907,0
20140828,0.816,0.849,0.717,0.809,7036,0
20140829,0.83,0.884,0.75,0.876,19094,0
20140901,0.866,0.919,0.704,0.704,16204,0
20140902,0.88,0.895,0.82,0.851,5350,0
20140904,0.846,0.846,0.773,0.773,1234,0
20140905,0.793,0.793,0.736,0.773,400,0
20140908,0.774,0.774,0.665,0.675,4200,0
20140909,0.705,0.705,0.613,0.613,3000,0
20140910,0.644,0.699,0.601,0.601,8800,0
20140911,0.631,0.647,0.601,0.616,1000,0
20140912,0.647,0.65,0.614,0.62,1553,0
20140915,0.62,0.648,0.612,0.612,2847,0
20140916,0.643,0.733,0.612,0.733,11000,0
20140917,0.734,0.803,0.667,0.763,7645,0
20140918,0.788,0.799,0.727,0.787,250,0
20140919,0.787,0.8,0.725,0.787,6160,0
20140922,0.787,0.787,0.711,0.737,2500,0
20140924,0.692,0.692,0.628,0.657,1400,0
20140929,0.636,0.67,0.61,0.639,2100,0
20140930,0.671,0.7,0.61,0.667,3766,0
20141006,0.612,0.626,0.61,0.61,100,0
20141007,0.626,0.703,0.61,0.703,3650,0
20141008,0.703,0.703,0.667,0.667,300,0
20141009,0.701,0.731,0.636,0.696,2020,0
20141010,0.731,0.731,0.663,0.667,1340,0
20141013,0.7,0.701,0.636,0.665,851,0
20141014,0.698,0.8,0.665,0.762,10100,0
20141015,0.797,0.82,0.59,0.682,22739,0
20141017,0.754,0.819,0.692,0.759,13800,0
20141020,0.799,0.818,0.74,0.757,2412,0
20141021,0.777,0.777,0.695,0.695,1430,0
20141022,0.71,0.78,0.706,0.708,1030,0
20141023,0.764,0.812,0.715,0.741,3011,0
20141024,0.781,0.799,0.62,0.716,2726,0
20141028,0.743,0.762,0.705,0.706,2000,0
20141029,0.739,0.786,0.705,0.734,1522,0
20141030,0.78,0.78,0.711,0.711,600,0
20141031,0.769,0.77,0.721,0.721,59,0
20141104,0.699,0.734,0.67,0.7,3042,0
20141105,0.703,0.703,0.66,0.66,2000,0
20141106,0.667,0.701,0.657,0.66,223,0
20141107,0.698,0.698,0.601,0.601,8537,0
20141110,0.642,0.642,0.599,0.599,1850,0
20141117,0.63,0.636,0.59,0.59,34650,0
20141119,0.62,0.664,0.599,0.625,530,0
20141120,0.656,0.719,0.625,0.643,11625,0
20141121,0.667,0.698,0.636,0.638,111,0
20141124,0.683,0.683,0.59,0.59,2500,0
20141125,0.634,0.68,0.6,0.619,34700,0
20141126,0.665,0.709,0.629,0.629,12560,0
20141127,0.67,0.686,0.64,0.64,4960,0
20141128,0.7,0.7,0.59,0.59,10693,0
20141201,0.639,0.639,0.59,0.59,70,0
20141203,0.64,0.775,0.59,0.688,83400,0
20141204,0.731,0.779,0.672,0.672,23885,0
20141205,0.728,0.779,0.71,0.713,9500,0
20141208,0.762,0.762,0.691,0.691,8600,0
20141209,0.708,0.709,0.59,0.59,14664,0
20141210,0.636,0.656,0.603,0.603,2000,0
20141211,0.651,0.735,0.59,0.59,4450,0
20141212,0.731,0.731,0.59,0.59,5500,0
20141215,0.658,0.701,0.653,0.653,3200,0
20141216,0.667,0.689,0.602,0.602,9000,0
20141217,0.64,0.661,0.59,0.59,8500,0
20141218,0.636,0.671,0.6,0.624,2500,0
20141219,0.626,0.641,0.61,0.621,185,0
20141222,0.64,0.706,0.64,0.671,7400,0
20141223,0.709,0.71,0.621,0.624,4521,0
20141229,0.668,0.675,0.66,0.675,2500,0
20150102,0.635,0.663,0.6,0.615,4291,0
20150106,0.63,0.634,0.59,0.59,500,0
20150107,0.628,0.635,0.59,0.59,2500,0
20150113,0.605,0.633,0.59,0.59,2000,0
20150114,0.634,0.634,0.59,0.59,10000,0
20150115,0.605,0.625,0.59,0.59,4500,0
20150119,0.6,0.627,0.59,0.59,50,0
20150121,0.646,0.651,0.602,0.602,8541,0
20150122,0.65,0.744,0.619,0.629,20634,0
20150123,0.675,0.68,0.622,0.647,2700,0
20150126,0.661,0.672,0.59,0.59,10814,0
20150127,0.611,0.699,0.61,0.635,9172,0
20150128,0.681,0.696,0.638,0.638,555,0
20150129,0.682,0.76,0.632,0.632,49535,0
20150130,0.69,0.69,0.622,0.63,4194,0
20150202,0.652,0.652,0.62,0.63,2500,0
20150203,0.62,0.679,0.62,0.632,555,0
20150204,0.674,0.678,0.615,0.615,6387,0
20150205,0.646,0.674,0.59,0.59,5972,0
20150206,0.631,0.651,0.604,0.604,4622,0
20150209,0.646,0.65,0.602,0.602,6072,0
20150210,0.679,0.679,0.59,0.59,5500,0
20150212,0.636,0.66,0.62,0.623,844,0
20150213,0.629,0.661,0.59,0.59,333,0
20150216,0.649,0.654,0.59,0.59,3750,0
20150217,0.615,0.633,0.59,0.59,24553,0
20150218,0.61,0.626,0.59,0.59,25,0
20150220,0.61,0.626,0.59,0.59,50,0
20150223,0.6,0.623,0.59,0.59,3364,0
20150225,0.6,0.657,0.59,0.59,6272,0
20150226,0.6,0.628,0.59,0.59,11728,0
20150227,0.595,0.658,0.595,0.597,13165,0
20150302,0.619,0.653,0.604,0.604,257,0
20150303,0.628,0.643,0.59,0.59,1150,0
20150304,0.63,0.661,0.577,0.577,2655,0
20150306,0.59,0.619,0.59,0.619,2466,0
20150311,0.605,0.612,0.563,0.563,1669,0
20150312,0.59,0.618,0.569,0.569,2412,0
20150316,0.564,0.616,0.534,0.56,10260,0
20150317,0.566,0.598,0.554,0.554,4078,0
20150318,0.597,0.597,0.51,0.513,14500,0
20150319,0.569,0.569,0.534,0.559,7196,0
20150320,0.532,0.559,0.505,0.505,5000,0
20150323,0.532,0.559,0.493,0.493,20477,0
20150324,0.545,0.574,0.514,0.514,8917,0
20150325,0.547,0.569,0.491,0.491,8157,0
20150326,0.54,0.54,0.51,0.51,11336,0
20150330,0.515,0.67,0.515,0.62,37291,0
20150331,0.656,0.666,0.592,0.592,9025,0
20150401,0.641,0.641,0.549,0.549,11329,0
20150402,0.61,0.611,0.555,0.555,4444,0
20150407,0.58,0.58,0.563,0.57,25060,0
20150408,0.561,0.59,0.535,0.59,24488,0
20150409,0.607,0.607,0.576,0.576,5258,0
20150410,0.58,0.789,0.58,0.788,105279,0
20150413,0.82,0.889,0.79,0.809,91287,0
20150414,0.847,0.891,0.774,0.87,35165,0
20150415,0.87,0.87,0.73,0.78,47321,0
20150416,0.75,0.79,0.75,0.79,6335,0
20150417,0.755,0.756,0.745,0.753,13000,0
20150420,0.722,0.836,0.721,0.828,30105,0
20150421,0.789,0.797,0.789,0.797,84,0
20150422,0.759,0.791,0.759,0.791,47,0
20150423,0.757,0.77,0.757,0.77,2545,0
20150427,0.727,0.759,0.727,0.745,8097,0
20150428,0.722,0.739,0.708,0.739,10000,0
20150429,0.722,0.763,0.722,0.763,2512,0
20150430,0.737,0.789,0.718,0.787,12548,0
20150504,0.71,0.748,0.71,0.748,7666,0
20150505,0.745,0.745,0.728,0.728,4240,0
20150506,0.762,0.86,0.762,0.851,36028,0
20150507,0.811,0.817,0.811,0.817,76,0
20150508,0.778,0.807,0.772,0.772,1350,0
20150511,0.751,0.802,0.751,0.802,991,0
20150512,0.764,0.795,0.764,0.795,1378,0
20150513,0.757,0.757,0.699,0.699,5800,0
20150514,0.729,0.761,0.729,0.75,4466,0
20150515,0.733,0.735,0.733,0.733,8833,0
20150518,0.75,0.75,0.727,0.749,9700,0
20150519,0.801,0.803,0.8,0.8,17850,0
20150520,0.762,0.798,0.76,0.76,2300,0
20150521,0.796,0.796,0.758,0.758,1099,0
20150522,0.791,0.791,0.791,0.791,333,0
20150526,0.754,0.754,0.749,0.749,5000,0
20150528,0.727,0.727,0.727,0.727,1500,0
20150529,0.726,0.847,0.685,0.82,26888,0
20150601,0.781,0.815,0.781,0.812,1674,0
20150602,0.773,0.809,0.771,0.804,1822,0
20150603,0.766,0.797,0.766,0.797,2722,0
20150605,0.725,0.756,0.725,0.756,66,0
20150608,0.72,0.74,0.705,0.74,2844,0
20150609,0.775,0.775,0.775,0.775,1000,0
20150610,0.738,0.751,0.738,0.751,6898,0
20150611,0.78,0.807,0.765,0.765,18630,0
20150612,0.753,0.753,0.753,0.753,2622,0
20150615,0.753,0.753,0.753,0.753,2500,0
20150616,0.751,0.751,0.751,0.751,3102,0
20150619,0.72,0.72,0.72,0.72,1500,0
20150622,0.697,0.703,0.697,0.703,3000,0
20150623,0.703,0.704,0.703,0.704,1000,0
20150626,0.703,0.703,0.703,0.703,4000,0
20150629,0.701,0.727,0.701,0.727,2250,0
20150630,0.693,0.73,0.693,0.73,1090,0
20150701,0.701,0.701,0.685,0.685,2500,0
20150702,0.677,0.698,0.677,0.698,7756,0
20150703,0.677,0.741,0.677,0.741,300,0
20150707,0.683,0.702,0.683,0.701,1370,0
20150709,0.69,0.69,0.69,0.69,500,0
20150713,0.697,0.725,0.697,0.725,124,0
20150715,0.697,0.698,0.697,0.698,500,0
20150717,0.697,0.725,0.697,0.725,111,0
20150728,0.695,0.695,0.69,0.69,6244,0
20150729,0.72,0.74,0.72,0.74,805,0
20150730,0.775,0.775,0.707,0.707,5301,0
20150731,0.687,0.795,0.687,0.779,10237,0
20150803,0.776,0.776,0.741,0.742,10876,0
20150804,0.753,0.754,0.75,0.75,2000,0
20150805,0.717,0.733,0.702,0.702,680,0
20150806,0.735,0.77,0.706,0.739,9944,0
20150807,0.755,0.755,0.737,0.737,1111,0
20150810,0.76,0.768,0.724,0.768,3609,0
20150811,0.76,0.773,0.719,0.773,22033,0
20150812,0.76,0.778,0.752,0.752,13520,0
20150813,0.752,0.755,0.75,0.75,14240,0
20150814,0.786,0.807,0.755,0.807,13545,0
20150817,0.8,0.805,0.8,0.805,675,0
20150818,0.767,0.804,0.74,0.786,11977,0
20150819,0.8,0.8,0.75,0.783,9548,0
20150820,0.746,0.746,0.637,0.7,13210,0
20150821,0.667,0.68,0.643,0.68,18215,0
20150824,0.65,0.65,0.638,0.638,6000,0
20150825,0.667,0.693,0.638,0.692,10020,0
20150826,0.659,0.7,0.659,0.7,6338,0
20150827,0.667,0.698,0.667,0.698,511,0
20150828,0.73,0.782,0.683,0.772,17093,0
20150831,0.785,0.785,0.78,0.78,1703,0
20150901,0.775,0.779,0.75,0.75,1140,0
20150902,0.779,0.779,0.74,0.775,2270,0
20150903,0.779,0.779,0.696,0.715,11647,0
20150904,0.681,0.767,0.681,0.765,9694,0
20150907,0.735,0.765,0.707,0.759,11689,0
20150908,0.759,0.759,0.73,0.74,3300,0
20150909,0.705,0.736,0.705,0.736,400,0
20150910,0.705,0.736,0.705,0.736,55,0
20150914,0.75,0.75,0.691,0.72,23300,0
20150915,0.686,0.739,0.686,0.739,1000,0
20150916,0.73,0.749,0.73,0.74,8600,0
20150917,0.749,0.749,0.733,0.733,2900,0
20150918,0.725,0.744,0.686,0.744,14349,0
20150921,0.711,0.739,0.71,0.72,11843,0
20150922,0.706,0.717,0.695,0.696,21564,0
20150923,0.691,0.697,0.691,0.696,3227,0
20150924,0.701,0.704,0.695,0.704,14630,0
20150925,0.68,0.695,0.68,0.689,14611,0
20150928,0.68,0.681,0.648,0.679,10066,0
20150929,0.661,0.687,0.661,0.687,3044,0
20150930,0.684,0.684,0.679,0.684,11240,0
20151001,0.688,0.688,0.651,0.651,7566,0
20151002,0.68,0.757,0.68,0.755,6465,0
20151005,0.719,0.719,0.687,0.687,2500,0
20151006,0.719,0.719,0.685,0.713,2222,0
20151007,0.681,0.747,0.651,0.73,20870,0
20151008,0.74,0.74,0.676,0.71,17087,0
20151009,0.679,0.73,0.679,0.73,5500,0
20151012,0.698,0.737,0.698,0.736,6805,0
20151013,0.702,0.778,0.671,0.75,52015,0
20151014,0.747,0.775,0.723,0.767,30657,0
20151015,0.773,0.773,0.715,0.768,8772,0
20151016,0.769,0.769,0.701,0.704,21459,0
20151019,0.73,0.735,0.698,0.73,22355,0
20151020,0.701,0.733,0.668,0.733,16129,0
20151021,0.733,0.77,0.733,0.77,34060,0
20151022,0.771,0.774,0.77,0.774,13194,0
20151023,0.779,0.85,0.779,0.849,150756,0
20151026,0.82,1.067,0.82,1.04,119458,0
20151027,1.02,1.16,1.001,1.119,98423,0
20151028,1.12,1.16,1.09,1.16,31655,0
20151029,1.164,1.249,1.109,1.149,67357,0
20151030,1.145,1.148,0.934,1.113,45906,0
20151102,1.143,1.15,0.986,1.149,25777,0
20151103,1.145,1.188,1.126,1.188,35736,0
20151104,1.19,1.199,1.177,1.177,35827,0
20151105,1.175,1.197,1.066,1.116,15370,0
20151106,1.169,1.194,1.156,1.189,31253,0
20151109,1.165,1.198,1.165,1.171,18708,0
20151110,1.198,1.198,1.173,1.194,4255,0
20151111,1.198,1.198,1.12,1.143,15132,0
20151112,1.113,1.192,1.113,1.164,5155,0
20151113,1.194,1.199,1.165,1.199,5786,0
20151116,1.176,1.199,1.175,1.199,4848,0
20151117,1.198,1.26,1.181,1.255,28976,0
20151118,1.26,1.26,1.15,1.255,26180,0
20151119,1.261,1.266,1.176,1.23,17842,0
20151120,1.237,1.289,1.237,1.269,26959,0
20151123,1.277,1.358,1.277,1.358,47844,0
20151124,1.358,1.358,1.328,1.328,15897,0
20151125,1.358,1.358,1.3,1.358,22005,0
20151126,1.33,1.358,1.268,1.354,27516,0
20151127,1.327,1.346,1.117,1.239,50176,0
20151130,1.239,1.38,1.162,1.38,25939,0
20151201,1.338,1.374,1.336,1.374,6443,0
20151202,1.37,1.372,1.31,1.36,4900,0
20151203,1.321,1.37,1.263,1.364,8267,0
20151204,1.301,1.379,1.27,1.378,13381,0
20151207,1.382,1.399,1.234,1.389,28821,0
20151208,1.39,1.418,1.325,1.405,28330,0
20151209,1.389,1.418,1.386,1.417,15024,0
20151210,1.416,1.418,1.398,1.398,5983,0
20151211,1.419,1.419,1.395,1.417,3958,0
20151214,1.412,1.418,1.4,1.418,9220,0
20151215,1.418,1.51,1.394,1.51,39061,0
20151216,1.505,1.51,1.503,1.509,15783,0
20151217,1.51,2,1.51,1.955,67811,0
20151218,1.999,2,1.828,1.839,32406,0
20151221,1.751,1.989,1.589,1.979,35529,0
20151222,1.976,1.976,1.946,1.965,14690,0
20151223,1.963,2.71,1.853,2.699,43242,0
20151228,2.71,6,2.632,4.54,68784,0
20151229,4.45,5.6,3.71,4.495,85404,0
20151230,4.48,5,4.26,4.31,46461,0
20160104,4.45,4.95,4.355,4.49,40421,0
20160105,4.499,4.499,4.4,4.401,21927,0
20160106,4.405,4.49,3.5,4.44,30246,0
20160107,4.439,4.49,3.85,4.44,12350,0
20160108,4.44,5.23,3.9,5.18,44450,0
20160111,5.26,5.39,4.04,4.79,27226,0
20160112,4.563,4.99,4.553,4.899,12989,0
20160113,4.9,5.185,4.9,5.097,18163,0
20160114,5.099,5.099,4.599,4.934,2778,0
20160115,4.71,4.889,4.55,4.55,2661,0
20160118,4.419,4.82,3.884,3.97,13362,0
20160119,3.853,4.285,3.175,4.285,15332,0
20160120,3.8,3.8,2.85,3.1,27964,0
20160121,3.011,3.385,2.56,3.352,26376,0
20160122,3.33,3.876,3.024,3.662,22048,0
20160125,3.488,3.82,3.02,3.134,14957,0
20160126,3.021,3.021,2.151,2.3,40620,0
20160127,2.409,2.747,2.06,2.334,14645,0
20160128,2.26,2.73,2.13,2.5,23074,0
20160129,2.49,2.68,2.375,2.58,10511,0
20160201,2.457,2.75,2.4,2.57,13600,0
20160202,2.67,2.67,2.25,2.397,7678,0
20160203,2.283,2.46,2.111,2.415,7376,0
20160204,2.3,2.3,2.19,2.2,2425,0
20160205,2.11,2.11,1.81,2,25965,0
20160208,1.905,2.18,1.801,1.801,10616,0
20160209,1.781,1.85,1.52,1.658,29608,0
20160210,1.698,1.928,1.698,1.81,20866,0
20160211,1.888,1.908,1.8,1.83,41769,0
20160212,1.85,1.925,1.41,1.528,30807,0
20160215,1.59,1.686,1.3,1.686,22993,0
20160216,1.606,1.65,1.4,1.59,9653,0
20160217,1.515,1.579,1.5,1.57,8111,0
20160218,1.496,1.549,1.31,1.548,5031,0
20160219,1.475,1.6,1.45,1.6,6534,0
20160222,1.524,1.63,1.524,1.624,8136,0
20160223,1.547,1.547,1.38,1.513,5454,0
20160224,1.441,1.54,1.307,1.54,6743,0
20160225,1.467,1.5,1.21,1.356,11407,0
20160226,1.291,1.51,1.22,1.47,7815,0
20160229,1.47,1.49,1.4,1.4,7250,0
20160301,1.467,1.48,1.411,1.48,21495,0
20160302,1.478,1.489,1.271,1.45,48421,0
20160303,1.382,1.447,1.239,1.35,30542,0
20160304,1.364,1.364,1.2,1.251,18063,0
20160307,1.25,1.363,1.25,1.363,1654,0
20160308,1.299,1.349,1.111,1.25,28376,0
20160309,1.31,1.343,1.243,1.33,7387,0
20160310,1.343,1.372,1.304,1.304,11250,0
20160311,1.359,1.488,1.359,1.44,15911,0
20160314,1.42,1.44,1.27,1.33,14593,0
20160315,1.34,1.41,1.2,1.274,17250,0
20160316,1.213,1.269,1.21,1.25,8840,0
20160317,1.23,1.279,1.1,1.279,8401,0
20160318,1.248,1.299,1.22,1.294,9634,0
20160321,1.232,1.32,1.232,1.291,13814,0
20160322,1.23,1.269,1.114,1.158,46373,0
20160323,1.155,1.155,1.09,1.129,10927,0
20160324,1.131,1.265,1.131,1.25,51600,0
20160329,1.191,1.3,1.191,1.268,19743,0
20160330,1.26,1.26,1.06,1.119,36596,0
20160331,1.178,1.179,1.13,1.179,13600,0
20160401,1.175,1.185,1.077,1.17,7162,0
20160404,1.173,1.173,1.05,1.1,31748,0
20160405,1.099,1.099,1.035,1.048,22000,0
20160406,1.033,1.057,0.911,0.994,46624,0
20160407,0.95,0.984,0.855,0.938,26290,0
20160408,0.969,1.097,0.965,1.01,55800,0
20160411,0.99,0.99,0.921,0.921,4970,0
20160412,0.964,0.99,0.944,0.944,5850,0
20160413,0.92,0.99,0.9,0.909,22562,0
20160414,0.9,0.934,0.881,0.934,13288,0
20160415,0.89,1.04,0.841,1.04,43867,0
20160418,0.999,1.08,0.951,1.001,50677,0
20160419,1.04,1.139,1,1.093,41963,0
20160420,1.06,1.26,1.06,1.177,54200,0
20160421,1.2,1.45,1.004,1.289,100251,0
20160422,1.329,1.329,1.1,1.258,22432,0
20160425,1.289,1.29,1.211,1.29,4378,0
20160426,1.3,1.335,1.13,1.288,27699,0
20160427,1.24,1.26,1.24,1.24,3595,0
20160428,1.27,1.27,1.265,1.267,1598,0
20160429,1.22,1.258,1.101,1.249,41836,0
20160502,1.243,1.243,1.184,1.199,1996,0
20160503,1.142,1.197,1.016,1.13,44269,0
20160504,1.077,1.177,1.026,1.171,9971,0
20160505,1.12,1.17,1.12,1.17,1000,0
20160506,1.12,1.249,1.12,1.249,10025,0
20160509,1.19,1.19,1.134,1.183,2925,0
20160510,1.127,1.18,1.127,1.18,2856,0
20160511,1.181,1.237,1.181,1.227,4634,0
20160512,1.179,1.238,1.179,1.23,5783,0
20160513,1.175,1.238,1.175,1.238,6542,0
20160517,1.238,1.238,1.179,1.235,1431,0
20160518,1.176,1.239,1.03,1.229,24162,0
20160519,1.18,1.228,1.161,1.168,4310,0
20160520,1.113,1.23,1.113,1.208,7206,0
20160523,1.041,1.196,1.041,1.19,4860,0
20160524,1.133,1.197,1.11,1.19,8851,0
20160525,1.134,1.178,1.122,1.173,8075,0
20160526,1.117,1.18,1.07,1.18,10826,0
20160527,1.124,1.199,1.071,1.199,14606,0
20160530,1.22,1.241,1.17,1.235,12784,0
20160531,1.176,1.289,1.176,1.289,33956,0
20160601,1.228,1.249,1.22,1.249,2400,0
20160602,1.19,1.216,1.158,1.216,16663,0
20160603,1.217,1.217,1.19,1.217,8730,0
20160606,1.16,1.176,0.981,1.159,17135,0
20160607,1.104,1.198,1.08,1.15,16117,0
20160608,1.197,1.197,1.115,1.166,2820,0
20160609,1.116,1.189,1.1,1.189,4946,0
20160610,1.103,1.103,1.04,1.1,17615,0
20160613,1.048,1.048,1,1.005,8996,0
20160614,1,1.046,1,1.046,5177,0
20160615,0.997,1.04,0.986,1.04,3054,0
20160616,1.005,1.058,1.001,1.057,3387,0
20160617,1.007,1.059,1.007,1.059,1255,0
20160620,1.009,1.042,0.985,1.042,9877,0
20160621,0.993,1.043,0.986,1.043,1430,0
20160622,0.994,1.047,0.986,1.047,3100,0
20160623,1,1.046,1,1.041,9631,0
20160624,0.995,1.041,0.991,1.04,5400,0
20160627,1,1,1,1,3000,0
20160628,1,1,0.986,0.986,4096,0
20160629,1,1,1,1,1599,0
20160630,1.045,1.26,1.04,1.193,62262,0
20160701,1.194,1.25,1.08,1.16,48304,0
20160704,1.11,1.199,1.11,1.184,6399,0
20160705,1.128,1.179,1.12,1.12,4918,0
20160706,1.169,1.169,1.062,1.148,4184,0
20160707,1.15,1.169,1.114,1.166,2658,0
20160708,1.111,1.149,1.111,1.149,1700,0
20160711,1.1,1.149,1.081,1.081,1708,0
20160712,1.08,1.149,1,1.149,29870,0
20160713,1.095,1.145,1.091,1.142,1216,0
20160714,1.088,1.145,1.04,1.04,2208,0
20160715,1.01,1.129,1.01,1.129,17138,0
20160718,1.076,1.098,1.046,1.089,1710,0
20160719,1.038,1.086,1.038,1.086,100,0
20160720,1.06,1.088,1.06,1.088,600,0
20160721,1.037,1.083,0.99,1.083,12362,0
20160722,1.032,1.079,1.032,1.079,1000,0
20160725,1.03,1.09,1,1.09,5506,0
20160726,1.039,1.06,0.97,0.99,17360,0
20160727,1.037,1.059,1.037,1.059,1700,0
20160728,1.009,1.05,0.971,1.05,11064,0
20160729,1.01,1.059,0.97,1.017,23476,0
20160801,0.97,1.016,0.97,1.01,4985,0
20160802,0.971,1.008,0.971,0.971,1838,0
20160804,1.008,1.009,0.971,0.971,8126,0
20160808,0.971,1.01,0.971,1.01,7000,0
20160809,0.99,1,0.99,1,3500,0
20160810,0.99,0.999,0.99,0.999,1143,0
20160811,0.99,0.99,0.99,0.99,2500,0
20160812,0.97,0.999,0.97,0.971,2454,0
20160816,1,1.048,0.999,1.01,9720,0
20160818,0.97,1.079,0.97,1.079,1176,0
20160819,1.061,1.061,1.011,1.059,1264,0
20160822,1.009,1.009,1,1,1500,0
20160823,0.97,0.99,0.97,0.98,3500,0
20160824,0.97,1.05,0.97,1.05,518,0
20160825,1.02,1.061,1.02,1.04,2850,0
20160826,0.991,1.029,0.97,1.029,5011,0
20160829,0.98,1.026,0.98,1.026,44,0
20160830,0.978,1.04,0.961,0.97,22789,0
20160831,0.941,1.009,0.94,1,9811,0
20160901,0.953,0.997,0.953,0.997,111,0
20160905,0.99,0.99,0.93,0.974,3692,0
20160906,0.928,0.969,0.928,0.969,62,0
20160907,0.968,0.968,0.922,0.922,1075,0
20160908,0.879,0.963,0.879,0.963,1149,0
20160909,0.961,0.961,0.91,0.91,8448,0
20160912,0.953,0.953,0.953,0.953,90,0
20160913,0.908,0.951,0.908,0.951,66,0
20160914,0.961,0.961,0.961,0.961,100,0
20160915,0.916,0.959,0.916,0.959,43,0
20160916,0.961,0.961,0.872,0.896,3321,0
20160919,0.938,0.961,0.938,0.961,162,0
20160920,0.92,0.96,0.92,0.949,2224,0
20160921,0.904,0.904,0.841,0.9,620,0
20160922,0.858,0.938,0.858,0.938,2450,0
20160923,0.96,0.96,0.959,0.959,566,0
20160926,0.913,0.955,0.913,0.955,48,0
20160927,0.91,0.953,0.908,0.908,300,0
20160928,0.951,0.951,0.951,0.951,50,0
20160929,0.906,0.949,0.904,0.947,510,0
20160930,0.902,0.979,0.781,0.979,24667,0
20161004,0.98,0.98,0.98,0.98,2000,0
20161005,0.934,0.99,0.921,0.99,7188,0
20161006,0.989,0.989,0.92,0.938,6243,0
20161007,0.893,0.979,0.893,0.979,1500,0
20161010,0.979,0.979,0.932,0.932,2100,0
20161011,0.959,0.959,0.91,0.953,1747,0
20161012,0.908,0.933,0.891,0.931,2247,0
20161013,0.931,0.954,0.891,0.954,1988,0
20161014,0.909,0.932,0.89,0.932,5323,0
20161017,0.888,0.93,0.887,0.928,5800,0
20161018,0.884,0.926,0.884,0.901,1680,0
20161019,0.859,0.899,0.859,0.899,113,0
20161020,0.856,0.901,0.856,0.901,1667,0
20161021,0.9,0.9,0.9,0.9,15047,0
20161024,0.873,0.914,0.873,0.9,5295,0
20161025,0.899,0.9,0.899,0.9,3825,0
20161026,0.87,0.899,0.87,0.899,3487,0
20161027,0.894,0.894,0.871,0.894,1117,0
20161028,0.851,0.891,0.851,0.891,43,0
20161031,0.849,0.894,0.811,0.891,1026,0
20161101,0.893,0.893,0.85,0.879,2317,0
20161102,0.879,0.879,0.879,0.879,84,0
20161103,0.837,0.876,0.837,0.876,50,0
20161104,0.834,0.873,0.831,0.87,600,0
20161107,0.83,0.879,0.83,0.879,4518,0
20161108,0.837,0.876,0.837,0.876,52,0
20161109,0.834,0.849,0.834,0.849,70,0
20161110,0.809,0.847,0.809,0.847,50,0
20161111,0.807,0.845,0.807,0.845,84,0
20161114,0.805,0.843,0.805,0.843,50,0
20161115,0.803,0.849,0.79,0.849,2400,0
20161116,0.809,0.847,0.809,0.847,50,0
20161117,0.807,0.849,0.771,0.809,9850,0
20161118,0.78,0.78,0.77,0.77,2103,0
20161121,0.734,0.734,0.699,0.699,2000,0
20161122,0.666,0.701,0.666,0.701,1435,0
20161123,0.702,0.735,0.702,0.735,1361,0
20161124,0.75,0.814,0.75,0.81,2700,0
20161125,0.772,0.808,0.77,0.77,2738,0
20161128,0.734,0.799,0.734,0.799,300,0
20161129,0.78,0.797,0.759,0.759,3700,0
20161130,0.723,0.792,0.723,0.792,200,0
20161201,0.754,0.789,0.754,0.779,358,0
20161202,0.742,0.79,0.714,0.79,6945,0
20161205,0.79,0.79,0.753,0.753,80,0
20161206,0.749,0.75,0.749,0.75,1550,0
20161207,0.715,0.783,0.715,0.783,175,0
20161208,0.746,0.781,0.746,0.781,60,0
20161209,0.744,0.79,0.73,0.79,1660,0
20161212,0.753,0.79,0.721,0.79,3491,0
20161213,0.789,0.791,0.789,0.791,3059,0
20161214,0.754,0.779,0.754,0.779,1800,0
20161215,0.742,0.777,0.742,0.777,50,0
20161216,0.74,0.775,0.74,0.775,100,0
20161219,0.738,0.775,0.735,0.775,10000,0
20161220,0.738,0.779,0.738,0.777,2758,0
20161221,0.74,0.838,0.738,0.835,15736,0
20161222,0.85,0.981,0.85,0.92,35112,0
20161223,0.963,1.2,0.874,1.19,57713,0
20161227,1.188,1.249,0.98,1.145,47970,0
20161228,1.1,1.138,1.01,1.138,18199,0
20161229,1.137,1.137,1.011,1.137,8010,0
20161230,1.158,1.158,1.011,1.119,9421,0
20170102,1.149,1.149,1.024,1.119,6052,0
20170103,1.09,1.09,0.953,1,15603,0
20170104,0.953,0.99,0.85,0.99,25940,0
20170105,0.944,0.979,0.87,0.924,15490,0
20170106,0.91,0.969,0.88,0.969,15380,0
20170109,0.851,0.86,0.851,0.86,5720,0
20170110,0.86,0.86,0.821,0.832,11238,0
20170111,0.87,0.871,0.832,0.871,5000,0
20170112,0.833,0.87,0.833,0.87,900,0
20170116,0.84,0.912,0.84,0.912,2445,0
20170117,0.869,0.91,0.869,0.91,355,0
20170118,0.868,0.91,0.868,0.91,1150,0
20170119,0.868,0.909,0.866,0.866,3050,0
20170120,0.84,0.841,0.82,0.82,18880,0
20170123,0.82,0.856,0.75,0.815,22416,0
20170124,0.776,0.812,0.776,0.812,1232,0
20170125,0.774,0.81,0.774,0.81,1200,0
20170126,0.774,0.86,0.774,0.859,13834,0
20170127,0.818,1.02,0.818,0.9,72062,0
20170130,0.951,0.951,0.9,0.939,33741,0
20170131,0.894,0.979,0.894,0.975,2354,0
20170201,0.987,1.18,0.931,1.058,197197,0
20170202,1.077,1.077,0.944,0.945,62214,0
20170203,0.93,0.974,0.91,0.974,16479,0
20170206,0.928,0.954,0.896,0.896,21559,0
20170207,0.89,0.936,0.851,0.851,32351,0
20170208,0.891,0.891,0.891,0.891,118,0
20170209,0.851,0.928,0.825,0.825,19198,0
20170210,0.851,0.91,0.85,0.91,38153,0
20170213,0.88,0.92,0.839,0.909,15948,0
20170214,0.914,0.914,0.87,0.9,7080,0
20170215,0.88,0.88,0.851,0.851,1129,0
20170216,0.836,0.846,0.836,0.846,3000,0
20170217,0.851,0.91,0.851,0.89,15396,0
20170220,0.85,0.91,0.85,0.91,8150,0
20170221,0.868,0.914,0.868,0.87,4900,0
20170222,0.85,0.87,0.82,0.859,42115,0
20170223,0.818,0.85,0.811,0.822,11580,0
20170224,0.811,0.849,0.81,0.849,12600,0
20170227,0.809,0.878,0.809,0.878,444,0
20170228,0.836,0.875,0.836,0.875,50,0
20170301,0.833,0.872,0.83,0.83,1405,0
20170302,0.801,0.839,0.77,0.807,17730,0
20170303,0.78,0.855,0.78,0.849,2372,0
20170306,0.809,0.809,0.8,0.8,1300,0
20170307,0.781,0.818,0.781,0.818,1223,0
20170308,0.785,0.848,0.785,0.848,5597,0
20170309,0.808,0.808,0.8,0.8,3080,0
20170310,0.785,0.822,0.785,0.802,1070,0
20170313,0.801,0.839,0.801,0.801,8400,0
20170314,0.801,0.84,0.801,0.801,10600,0
20170315,0.8,0.801,0.8,0.801,1000,0
20170316,0.8,0.837,0.8,0.837,110,0
20170317,0.8,0.825,0.8,0.825,4000,0
20170320,0.8,0.8,0.799,0.799,30250,0
20170321,0.771,0.809,0.771,0.772,16631,0
20170322,0.771,0.85,0.77,0.85,26709,0
20170323,0.81,0.81,0.81,0.81,1900,0
