Date,Open,High,Low,Close,Volume,OpenInt
20090406,2.9249,3.1874,2.9061,3.0936,8107,0
20090407,2.7936,3.1405,2.7748,3.0936,107,0
20090408,2.9155,3.103,2.8592,2.9061,1973,0
20090409,2.803,3.1217,2.803,2.9155,107,0
20090414,2.7561,3.0842,2.7561,2.8217,854,0
20090415,2.7561,2.9999,2.7561,2.9249,656,0
20090416,2.7936,3.0374,2.7936,2.8311,107,0
20090417,2.7842,2.9999,2.7842,2.9061,2133,0
20090420,2.7655,3.0749,2.7655,3.0374,5448,0
20090421,2.7842,3.0749,2.7842,2.8123,2758,0
20090422,2.7655,2.953,2.7655,2.8873,1067,0
20090423,2.8123,2.9999,2.8123,2.9999,107,0
20090424,2.9061,2.9999,2.8123,2.9999,3576,0
20090427,2.7936,3.1874,2.7936,2.9999,7718,0
20090428,2.803,3.0655,2.803,2.9061,5317,0
20090429,2.8405,3.0936,2.8405,2.9061,15202,0
20090430,2.8405,2.9811,2.8405,2.8873,5169,0
20090505,2.728,2.9811,2.728,2.9811,3840,0
20090506,2.7373,3.0655,2.7373,2.9717,7776,0
20090507,2.6343,3.0936,2.6343,2.9999,5014,0
20090508,2.7093,3.0186,2.7093,3.0186,107,0
20090511,2.9155,2.9155,2.8123,2.8967,1120,0
20090512,2.6343,2.9624,2.6343,2.9624,13016,0
20090513,2.8592,2.8967,2.8123,2.8592,1600,0
20090514,2.7373,2.8498,2.7373,2.8405,384,0
20090515,2.7093,2.8967,2.7093,2.8123,1031,0
20090518,2.6062,2.8967,2.6062,2.7187,419,0
20090519,2.6999,2.8217,2.6624,2.8123,14104,0
20090520,2.6624,2.9905,2.6624,2.8592,6498,0
20090521,2.7093,2.9061,2.7093,2.9061,1115,0
20090522,2.7373,2.953,2.7373,2.953,1067,0
20090525,2.9999,3.1874,2.7373,2.9999,5627,0
20090526,3.0374,3.1405,2.9999,3.0936,2771,0
20090527,3.0467,3.1405,2.9999,2.9999,646,0
20090528,2.8873,3.0467,2.8873,2.953,2437,0
20090529,2.9155,3.0467,2.9061,2.9999,2027,0
20090601,2.9999,3.0467,2.953,3.0467,107,0
20090602,2.9342,3.0467,2.9155,3.0186,6426,0
20090603,2.9624,3.0467,2.9624,3.0467,213,0
20090604,2.8498,3.0467,2.8498,3.0467,743,0
20090605,2.8686,3.0467,2.8686,3.0092,1386,0
20090608,2.8498,3.2999,2.8498,3.2999,17159,0
20090609,2.878,3.4686,2.878,3.2811,2608,0
20090610,3.1499,3.5811,3.1499,3.5623,2774,0
20090611,3.3561,3.5998,3.3561,3.5998,470,0
20090612,3.3186,3.6092,3.3186,3.4686,320,0
20090616,3.3655,3.5154,3.328,3.3749,5,0
20090617,3.3749,3.4686,3.2811,3.328,6348,0
20090618,3.178,3.3561,3.1686,3.3561,107,0
20090622,3.0749,3.3749,3.0749,3.3749,1386,0
20090623,3.0467,3.3749,3.0467,3.3749,54,0
20090625,3.1405,3.2905,3.1405,3.2905,640,0
20090626,3.1405,3.3749,3.1405,3.3749,54,0
20090629,3.1124,3.4124,3.1124,3.4124,1311,0
20090630,3.1405,3.5623,3.1405,3.4405,9709,0
20090701,3.1124,3.4405,2.9999,3.3655,3628,0
20090702,3.2624,3.2811,2.953,2.953,1416,0
20090703,2.8217,3.2811,2.8217,3.2811,71,0
20090706,2.9155,3.2811,2.7187,3.2811,208,0
20090709,2.9811,3.1405,2.9811,3.0936,1814,0
20090713,2.9249,3.178,2.9249,2.9999,107,0
20090714,3.0842,3.2249,3.0092,3.1874,5120,0
20090715,3.103,3.2249,2.9061,2.953,6435,0
20090716,3.0749,3.0749,2.9061,2.9061,924,0
20090717,2.9436,3.0467,2.7655,2.9061,2382,0
20090720,2.6999,3.0467,2.6999,2.8217,426,0
20090721,2.6812,3.0374,2.6812,2.8217,620,0
20090722,3.0374,3.0842,2.9249,3.0467,171,0
20090723,2.9811,3.0842,2.9624,3.0842,107,0
20090724,2.9436,3.1686,2.9436,3.0467,1223,0
20090727,3.0467,3.1686,3.0092,3.0467,2081,0
20090728,2.9155,3.1592,2.9155,2.9999,107,0
20090729,2.9624,3.1686,2.9624,3.0186,480,0
20090730,2.9342,3.1686,2.9342,3.1686,107,0
20090731,3.0467,3.1686,2.953,2.9999,1173,0
20090803,3.0467,3.1874,3.0467,3.178,1866,0
20090804,2.8967,3.1686,2.8967,3.1686,107,0
20090805,2.9061,3.1874,2.9061,3.1874,107,0
20090806,2.9249,3.0467,2.728,2.953,10128,0
20090807,2.8123,2.9905,2.8123,2.9905,107,0
20090810,2.9905,3.0467,2.8311,3.0467,2458,0
20090811,2.8405,3.1311,2.8405,3.0467,640,0
20090812,2.9905,3.1311,2.8311,2.9061,3465,0
20090813,2.8592,3.3655,2.8217,3.2436,7792,0
20090814,3.2811,3.3186,3.2155,3.2811,6600,0
20090817,3.253,3.328,3.2155,3.2811,2507,0
20090818,3.2999,3.2999,3.0936,3.1874,4138,0
20090819,3.028,3.2811,3.028,3.2811,5531,0
20090820,3.0092,3.2155,2.9999,3.1405,2948,0
20090821,2.9811,3.4686,2.9811,3.4218,5715,0
20090824,3.1686,3.4218,3.1405,3.4218,4214,0
20090825,3.1311,3.7217,3.1311,3.6092,7399,0
20090826,3.4311,3.8436,3.4311,3.8436,19037,0
20090827,3.7404,4.1249,3.7404,4.1249,6903,0
20090828,3.9842,4.1717,3.8998,4.078,9356,0
20090831,3.9373,4.2186,3.9373,4.2186,770,0
20090901,4.003,4.3591,3.8436,3.8905,4983,0
20090902,3.8905,4.078,3.2999,3.6561,7303,0
20090903,3.4968,3.8248,3.4968,3.7967,50,0
20090904,3.4968,3.8248,3.4968,3.7967,1600,0
20090907,3.6279,3.9748,3.3749,3.6467,5555,0
20090908,3.3093,3.7029,3.3093,3.7029,128,0
20090909,3.2999,3.7217,3.2999,3.7217,5974,0
20090910,3.4124,3.853,3.4124,3.853,1727,0
20090911,3.6748,3.8623,3.6748,3.8342,3915,0
20090914,3.6561,3.8342,3.6561,3.7498,320,0
20090915,3.853,3.853,3.6654,3.7404,3852,0
20090916,3.403,3.7873,3.403,3.7404,107,0
20090917,3.4124,3.7404,3.4124,3.7404,64,0
20090918,3.4218,3.7498,3.4218,3.7498,5648,0
20090921,3.403,3.7967,3.403,3.7967,3301,0
20090922,3.4218,3.8155,3.4218,3.7498,12054,0
20090923,3.5717,3.8342,3.5717,3.8342,177,0
20090924,3.3655,4.2186,3.3655,3.8342,13025,0
20090925,3.853,4.4529,3.853,4.406,5931,0
20090928,4.2374,4.6685,4.2374,4.6685,3568,0
20090929,4.4154,4.5373,4.4154,4.4998,1067,0
20090930,4.4717,4.5279,4.3591,4.3591,1172,0
20091001,4.5185,4.5185,4.406,4.406,3061,0
20091002,4.3779,4.4154,4.2186,4.2186,4380,0
20091005,4.331,4.331,4.078,4.2655,3734,0
20091006,3.2811,4.4154,3.2811,4.406,2795,0
20091007,3.1967,4.4435,3.1967,4.406,2146,0
20091008,3.8061,4.4529,3.8061,4.4529,2652,0
20091009,3.8436,4.4623,3.8436,4.4623,3072,0
20091013,3.8717,4.4529,3.8717,4.4529,1585,0
20091014,3.8811,4.6967,3.8811,4.5935,5221,0
20091015,4.0967,4.9592,4.0967,4.9592,5191,0
20091016,4.7061,5.0622,4.7061,4.9686,3363,0
20091019,4.1342,4.9592,4.1342,4.7717,2316,0
20091020,4.7811,4.7811,4.228,4.7811,4056,0
20091021,4.7811,4.7811,4.4998,4.4998,2432,0
20091022,4.6873,4.8842,4.5092,4.5935,4328,0
20091023,4.4529,4.7811,4.4529,4.4998,2508,0
20091026,4.4342,4.5935,4.3123,4.4529,2888,0
20091027,4.3216,4.5935,4.3216,4.4529,1592,0
20091028,3.7873,4.5935,3.7873,4.3591,1173,0
20091029,3.7029,4.5467,3.7029,4.3591,504,0
20091102,3.7592,4.4998,3.7592,4.3123,6496,0
20091103,4.2935,4.631,4.2186,4.2655,2760,0
20091104,3.7217,4.3029,3.7217,3.9842,3307,0
20091109,4.1624,4.4998,4.0311,4.3123,7500,0
20091110,4.556,4.556,4.1811,4.331,1587,0
20091111,4.4154,4.631,4.1811,4.4998,2367,0
20091112,4.331,4.6029,4.2749,4.4998,534,0
20091113,4.331,4.5935,4.331,4.4998,497,0
20091116,4.8279,4.8279,4.406,4.4529,6801,0
20091117,4.3216,4.556,4.3123,4.4529,1698,0
20091118,4.3404,4.556,4.3404,4.4529,534,0
20091119,4.331,4.556,4.331,4.331,5494,0
20091120,4.3404,4.3873,4.228,4.2841,4364,0
20091123,4.1624,4.406,4.1624,4.406,2395,0
20091124,4.2655,4.4529,4.1342,4.1717,4941,0
20091125,4.1624,4.3404,4.1249,4.3123,6937,0
20091127,4.1624,4.3404,4.1436,4.1436,267,0
20091130,4.228,4.3873,4.1249,4.3873,534,0
20091201,4.1624,4.4435,4.1624,4.3591,2372,0
20091202,3.8623,4.4998,3.8623,4.4998,7629,0
20091203,4.4717,4.5654,4.1999,4.4904,6531,0
20091204,4.1061,4.4998,4.1061,4.3216,3984,0
20091207,3.928,4.4623,3.928,4.4435,1083,0
20091208,3.8717,4.4435,3.8717,4.4435,866,0
20091209,3.8436,4.481,3.8436,4.3591,1827,0
20091210,3.928,4.481,3.928,4.1624,2953,0
20091211,3.9092,4.5279,3.9092,4.406,3520,0
20091214,3.9936,4.4998,3.9655,4.4998,1980,0
20091215,4.003,4.5467,4.003,4.2655,8656,0
20091218,3.7123,4.2655,3.7029,4.1249,5510,0
20091222,3.7123,4.2186,3.7123,4.1249,208,0
20091223,3.7029,4.2186,3.7029,4.2186,2758,0
20091228,3.7311,4.3123,3.7029,4.3123,43877,0
20091229,3.7592,4.3123,3.7592,4.3123,2453,0
20091230,3.6936,4.3123,3.6936,4.2655,1067,0
20100104,3.7339,4.5935,3.7029,4.1867,4557,0
20100105,3.7029,4.4998,3.7029,4.407,9722,0
20100106,3.7039,4.3367,3.7039,4.2655,14,0
20100107,3.6973,4.5467,3.6973,4.3591,3013,0
20100108,4.2092,4.3967,4.1239,4.3591,3732,0
20100111,4.2027,4.5373,4.1717,4.5373,1067,0
20100112,4.2467,4.5467,4.2467,4.5467,1204,0
20100113,4.2561,4.5467,4.2561,4.4998,2972,0
20100114,4.2617,4.5467,4.2561,4.5467,3951,0
20100115,4.2467,4.5467,4.2467,4.5467,1890,0
20100118,4.2655,4.6685,4.2655,4.6685,3935,0
20100119,4.2374,4.5842,4.2374,4.5842,1753,0
20100120,4.3058,4.5842,4.3058,4.5842,4146,0
20100121,4.3404,4.5842,4.1249,4.5842,8206,0
20100122,3.9308,4.5373,3.9308,4.5373,2934,0
20100125,3.7029,4.4998,3.7029,4.3591,795,0
20100127,3.6654,4.3123,3.6654,4.3123,2278,0
20100128,4.2841,4.3123,3.9232,4.3123,1585,0
20100129,4.1624,4.3123,3.9889,4.3123,1585,0
20100201,4.2186,4.3123,4.2186,4.2186,304,0
20100202,4.2467,4.3123,4.2186,4.3123,320,0
20100203,4.2467,4.3123,4.1249,4.1624,13440,0
20100204,4.1249,4.1624,4.078,4.1249,1173,0
20100205,3.8436,4.1999,3.8436,4.1999,6460,0
20100208,3.8998,4.078,3.7498,4.0592,16959,0
20100209,3.8436,4.0686,3.732,4.0686,5865,0
20100210,3.6936,4.0686,3.5436,3.5436,13753,0
20100211,3.4405,4.0301,3.4405,3.7967,107,0
20100212,3.4226,3.9842,3.4226,3.9373,1067,0
20100215,3.4339,4.1061,3.4339,3.9364,850,0
20100216,3.6373,3.9842,3.5717,3.9842,18834,0
20100217,3.6279,4.078,3.6279,4.078,7247,0
20100218,3.5746,4.2186,3.5746,4.1249,5732,0
20100219,3.6936,4.2655,3.6936,4.2655,4564,0
20100222,3.7498,4.3404,3.7498,4.3123,3593,0
20100223,3.763,4.3123,3.763,4.078,3730,0
20100224,3.7705,4.3123,3.7705,4.228,10256,0
20100225,3.7592,4.2655,3.7592,4.1764,9970,0
20100226,3.7686,4.1239,3.7686,4.1239,2718,0
20100301,3.7967,4.1717,3.7967,4.1249,1499,0
20100302,3.7498,4.2186,3.7498,4.2186,2687,0
20100303,3.7404,4.1155,3.7404,3.9373,1457,0
20100304,3.7592,4.2092,3.7592,4.078,3967,0
20100305,3.8717,4.1717,3.8717,4.1717,170,0
20100308,3.8623,4.2645,3.8623,4.2645,3397,0
20100310,3.8398,4.2186,3.8398,4.077,6933,0
20100311,3.8436,4.1249,3.8436,3.8998,381,0
20100312,3.8867,4.0311,3.8867,4.0236,5046,0
20100315,3.8623,4.077,3.8436,3.853,252,0
20100316,3.8558,4.1155,3.8558,3.9373,2508,0
20100317,3.8623,4.0311,3.8436,3.8436,2117,0
20100318,3.7424,4.3123,3.7133,4.1249,8640,0
20100319,4.1061,4.1717,3.7686,4.1717,2453,0
20100322,3.7536,4.2176,3.7536,4.2176,159,0
20100323,3.7705,4.2655,3.7705,4.2186,2987,0
20100324,3.7695,4.2935,3.7695,4.2561,4744,0
20100325,3.9571,4.078,3.9477,3.9514,2365,0
20100326,3.9485,4.2176,3.9373,4.2176,107,0
20100329,3.9683,4.2186,3.9467,3.9467,3188,0
20100330,3.9683,4.1624,3.8905,4.1624,5711,0
20100331,3.7873,4.1652,3.7873,3.9842,3679,0
20100401,3.8117,4.1624,3.8117,3.9842,2266,0
20100406,3.8202,4.1249,3.8117,3.9842,1950,0
20100407,3.7995,4.1249,3.7995,4.1155,294,0
20100408,3.7789,4.1183,3.7789,4.1155,107,0
20100409,3.8033,4.1145,3.8033,4.1145,3979,0
20100412,3.8764,4.1145,3.8248,3.9842,3680,0
20100413,3.8642,4.1145,3.8642,4.1145,930,0
20100414,3.8942,4.1061,3.8492,3.9814,6868,0
20100415,3.8886,3.9842,3.8155,3.8811,854,0
20100416,3.7705,4.3114,3.7705,4.1249,18988,0
20100419,3.928,4.1239,3.928,4.0311,9707,0
20100420,3.9242,4.1999,3.8998,4.1999,235,0
20100421,3.9176,4.1999,3.9054,3.9842,107,0
20100422,3.8858,4.0311,3.8858,4.0311,457,0
20100423,3.8961,4.017,3.8961,3.9561,1888,0
20100426,3.9748,4.0592,3.6149,4.0217,11928,0
20100427,3.6654,3.9842,3.6654,3.9748,4285,0
20100428,3.583,3.8342,3.583,3.7498,6799,0
20100429,3.6064,3.8389,3.4311,3.8389,24754,0
20100430,3.417,3.8332,3.417,3.5998,1043,0
20100503,3.5746,3.928,3.5052,3.928,5686,0
20100504,3.6467,3.928,3.6467,3.927,2509,0
20100505,3.6524,3.8436,3.6524,3.8436,3053,0
20100506,3.6495,3.8436,3.6495,3.8436,3625,0
20100507,3.5914,3.8436,3.5623,3.8436,4261,0
20100510,3.7395,3.8436,3.5717,3.6561,534,0
20100511,3.6364,3.9373,3.6364,3.9373,2272,0
20100512,3.6214,3.9373,3.5736,3.6195,7089,0
20100513,3.4499,3.9373,3.4499,3.9373,27,0
20100514,3.4733,3.9373,3.4733,3.9373,175,0
20100517,3.3758,3.8905,3.3758,3.8905,1920,0
20100518,3.7179,3.9364,3.4874,3.7602,107,0
20100519,3.4649,3.9373,3.4649,3.9186,1677,0
20100520,3.7105,3.9373,3.7105,3.9373,7523,0
20100521,3.5998,3.9364,3.5998,3.9364,5534,0
20100525,3.6092,3.9373,3.6092,3.9373,107,0
20100526,3.6561,3.9373,3.6092,3.7967,270,0
20100527,3.6561,3.8436,3.6561,3.8436,1334,0
20100528,3.7424,3.8436,3.6561,3.8436,267,0
20100531,3.6524,3.7967,3.6524,3.6561,1928,0
20100602,3.5239,3.7498,3.5239,3.6092,1087,0
20100603,3.5024,3.7498,3.448,3.6092,26,0
20100604,3.5192,3.7498,3.5052,3.6561,534,0
20100607,3.4067,3.7498,3.4067,3.6654,1987,0
20100609,3.5868,3.8436,3.5586,3.7489,8214,0
20100610,3.7245,3.7498,3.6092,3.6373,4390,0
20100611,3.658,3.7348,3.5623,3.7348,1374,0
20100614,3.6767,3.7255,3.5623,3.7029,5065,0
20100615,3.6617,3.7114,3.5323,3.6355,2232,0
20100616,3.5371,3.7029,3.5305,3.7029,1707,0
20100617,3.6392,3.7029,3.4414,3.6561,4068,0
20100618,3.6589,3.7021,3.4218,3.6092,10878,0
20100621,3.5549,3.8436,3.4958,3.8436,18487,0
20100622,3.6383,3.8436,3.6383,3.8436,59,0
20100623,3.5333,3.8998,3.5333,3.8998,12680,0
20100624,3.7836,3.9373,3.7498,3.9373,38543,0
20100625,3.7151,3.9467,3.7151,3.7967,107,0
20100628,3.6842,4.0311,3.6842,4.0264,9572,0
20100629,3.5529,4.0217,3.5529,4.0217,107,0
20100630,3.8642,4.2749,3.6411,4.2749,33890,0
20100701,3.9748,4.2092,3.9748,4.2092,1740,0
20100702,3.9954,4.3123,3.9954,4.1249,2315,0
20100705,3.8998,4.1249,3.8895,4.1249,3875,0
20100706,3.8023,4.1249,3.777,3.9373,107,0
20100707,3.822,4.1249,3.822,4.1229,2081,0
20100708,3.8192,4.1239,3.7779,4.0311,2613,0
20100709,3.8014,4.1249,3.7498,4.0311,1931,0
20100712,3.7518,4.1229,3.7518,4.078,1275,0
20100713,3.9729,4.1249,3.7498,4.1249,1493,0
20100714,3.7836,4.1155,3.7836,4.1051,1280,0
20100715,3.7676,4.0311,3.7498,3.8623,3620,0
20100716,3.7873,4.0311,3.7498,4.0217,107,0
20100719,3.7554,4.0311,3.7554,4.0311,2614,0
20100720,3.7611,4.0039,3.658,3.7498,5622,0
20100721,3.7508,3.7508,3.6092,3.7489,555,0
20100722,3.613,3.7498,3.6092,3.748,693,0
20100723,3.6411,3.7498,3.6092,3.7498,1280,0
20100726,3.6542,3.7498,3.6092,3.7498,693,0
20100727,3.6355,3.7498,3.6092,3.7498,2326,0
20100728,3.6251,3.8436,3.6092,3.8436,5690,0
20100729,3.522,3.838,3.522,3.838,147,0
20100730,3.5465,3.6936,3.5465,3.6936,1280,0
20100802,3.6205,3.6654,3.6205,3.6561,873,0
20100803,3.5652,3.6654,3.5652,3.6561,521,0
20100804,3.5549,3.8342,3.5549,3.8342,22,0
20100805,3.5726,3.8342,3.5726,3.8342,54,0
20100806,3.5904,3.8342,3.5904,3.8342,1398,0
20100809,3.6654,3.7029,3.6654,3.6664,275,0
20100810,3.5529,3.7967,3.5529,3.6561,107,0
20100811,3.5314,3.7967,3.5314,3.7967,160,0
20100812,3.5539,3.7967,3.5539,3.7967,54,0
20100813,3.5952,3.7967,3.5623,3.7967,4325,0
20100816,3.7554,3.7967,3.6561,3.6636,3070,0
20100817,3.6092,3.7967,3.6083,3.6467,3021,0
20100818,3.5764,3.7967,3.5764,3.7957,2647,0
20100819,3.5868,3.7967,3.5868,3.7592,1668,0
20100820,3.5961,3.7077,3.5904,3.7077,2000,0
20100823,3.6064,3.7123,3.6064,3.7123,2841,0
20100824,3.5914,3.7217,3.5914,3.7029,1533,0
20100825,3.6477,3.7967,3.6092,3.7733,4281,0
20100826,3.7667,3.7667,3.6102,3.7498,1689,0
20100827,3.6036,3.7592,3.6036,3.7592,8399,0
20100830,3.6617,3.7676,3.6467,3.7676,267,0
20100831,3.7217,3.7967,3.7217,3.7686,8235,0
20100901,3.6317,3.7592,3.6317,3.7498,1232,0
20100902,3.6345,3.8061,3.6345,3.7498,530,0
20100903,3.6449,3.7592,3.6449,3.7311,160,0
20100906,3.642,3.7498,3.642,3.7498,7369,0
20100907,3.6327,3.7498,3.6327,3.6842,534,0
20100913,3.6139,3.7498,3.6139,3.7498,1890,0
20100914,3.5839,3.7498,3.5839,3.7498,243,0
20100915,3.5868,3.7498,3.582,3.582,1758,0
20100916,3.7217,3.7498,3.7217,3.7498,1155,0
20100917,3.6552,3.7498,3.6552,3.7498,107,0
20100920,3.6533,3.7498,3.6533,3.657,6067,0
20100922,3.6158,3.658,3.6092,3.6092,4016,0
20100923,3.523,3.6973,3.523,3.6973,107,0
20100924,3.4686,3.658,3.4686,3.6561,6844,0
20100927,3.5032,3.6092,3.5032,3.6092,2133,0
20100928,3.4808,3.6092,3.4808,3.6092,6187,0
20100929,3.4874,3.6092,3.4874,3.6092,2667,0
20100930,3.4536,3.6092,3.4536,3.4686,5140,0
20101001,3.4414,3.5904,3.4414,3.5154,2854,0
20101004,3.4376,3.5904,3.4376,3.5342,277,0
20101005,3.4461,3.5904,3.4461,3.5351,1707,0
20101006,3.4996,3.5726,3.4996,3.5726,2189,0
20101007,3.5164,3.5399,3.5164,3.5351,1737,0
20101008,3.5211,3.5623,3.5211,3.5623,2089,0
20101011,3.523,3.5399,3.4968,3.5351,3478,0
20101012,3.4714,3.5436,3.4714,3.5436,107,0
20101013,3.5126,3.5436,3.4968,3.5351,3019,0
20101014,3.5061,3.5539,3.5004,3.5436,6672,0
20101015,3.5061,3.6561,3.5061,3.6561,2667,0
20101018,3.4573,3.6561,3.4573,3.6279,2201,0
20101019,3.5211,3.6842,3.5211,3.5914,5377,0
20101020,3.4958,3.7123,3.4958,3.6383,5350,0
20101021,3.6317,3.7105,3.6279,3.6467,4195,0
20101022,3.5436,3.7085,3.5239,3.5914,4579,0
20101025,3.4883,3.7105,3.4883,3.6927,4476,0
20101026,3.5501,3.6927,3.5501,3.6552,5414,0
20101027,3.5736,3.6561,3.5623,3.6552,3142,0
20101028,3.5736,3.6973,3.5399,3.5633,3982,0
20101029,3.5614,3.6533,3.5614,3.6524,3734,0
20101101,3.5605,3.6261,3.4686,3.5783,3531,0
20101102,3.5567,3.6092,3.5567,3.5811,5389,0
20101103,3.5342,3.6092,3.5342,3.6092,2121,0
20101104,3.5529,3.6552,3.5333,3.6177,7658,0
20101105,3.5896,3.6542,3.5896,3.6542,7008,0
20101108,3.5858,3.8155,3.5858,3.8145,39883,0
20101109,3.7311,4.0405,3.6758,4.0405,29870,0
20101110,3.9467,4.0217,3.8811,3.9936,14517,0
20101111,3.8933,3.9889,3.8811,3.9842,1796,0
20101112,3.8914,4.0405,3.8905,4.0405,24211,0
20101115,3.9148,4.0311,3.8933,3.9242,8777,0
20101116,3.8764,4.0958,3.8679,4.0958,17999,0
20101117,3.9936,4.077,3.9776,4.077,117,0
20101118,3.9861,4.1905,3.9842,4.1155,15778,0
20101119,4.1061,4.406,3.9917,4.406,10215,0
20101122,4.168,4.406,4.1249,4.2655,13473,0
20101123,4.1482,4.4042,4.1408,4.3545,978,0
20101124,4.241,4.241,4.1249,4.2186,974,0
20101125,4.078,4.2186,4.078,4.1249,1173,0
20101126,4.0311,4.2186,3.9908,4.0311,2712,0
20101129,4.078,4.078,3.9204,3.9204,4096,0
20101130,3.8755,4.0967,3.8755,4.0967,656,0
20101201,3.9982,4.1708,3.9467,4.1708,775,0
20101202,4.0545,4.1895,3.9889,4.1895,2670,0
20101203,4.0639,4.1239,3.9842,4.078,5473,0
20101206,3.9842,4.1708,3.9373,4.1708,3480,0
20101207,4.0873,4.0967,4.0133,4.0311,1515,0
20101208,4.0311,4.2092,3.9964,4.1249,288,0
20101209,4.078,4.2092,3.9964,4.2092,22,0
20101210,4.0732,4.2073,4.0311,4.2073,7,0
20101213,4.0724,4.2083,3.9842,4.1249,10031,0
20101214,4.0357,4.1249,3.9842,4.1249,682,0
20101215,4.0076,4.1249,3.9467,4.078,1431,0
20101216,4.0311,4.1155,3.9467,4.1155,1654,0
20101217,3.9946,4.1249,3.8689,4.1249,22,0
20101220,3.9946,4.1145,3.9477,4.078,10858,0
20101221,3.9795,4.3114,3.9795,4.3029,15480,0
20101222,4.1857,4.4342,4.1249,4.392,13223,0
20101223,4.3039,4.6123,4.3039,4.6123,12199,0
20101227,4.4576,4.5748,4.406,4.5363,13973,0
20101228,4.4014,4.5355,4.166,4.2917,16316,0
20101229,4.1754,4.3583,4.1342,4.3583,3041,0
20101230,4.2186,4.4979,4.047,4.2374,970,0
20110103,4.3114,4.4989,4.2655,4.4511,1504,0
20110104,4.317,4.4998,4.2749,4.4529,4272,0
20110105,4.3639,4.452,4.3123,4.3591,3771,0
20110106,4.243,4.4052,4.2186,4.4052,8139,0
20110107,4.3123,4.4435,4.1717,4.2841,8017,0
20110110,4.1867,4.406,4.1717,4.406,8994,0
20110111,4.2711,4.5176,4.2711,4.4529,1765,0
20110112,4.3733,4.5345,4.317,4.4435,4690,0
20110113,4.3414,4.4435,4.1923,4.406,5690,0
20110114,4.331,4.4427,4.2935,4.4052,9561,0
20110117,4.2889,4.452,4.228,4.2289,3650,0
20110118,4.2851,4.406,4.2374,4.3901,12145,0
20110119,4.2889,4.452,4.2374,4.406,597,0
20110120,4.3591,4.452,4.2186,4.2195,2705,0
20110121,4.1726,4.3591,4.1726,4.3583,2918,0
20110124,4.242,4.3583,4.153,4.3123,10182,0
20110125,4.2027,4.3123,4.166,4.2645,4500,0
20110126,4.1249,4.2186,4.0958,4.1257,880,0
20110127,4.1257,4.2458,3.9373,4.0123,8262,0
20110128,4.0639,4.3123,3.9711,4.3114,17105,0
20110131,4.1857,4.3123,4.1342,4.302,2784,0
20110201,4.1764,4.331,4.1436,4.2092,1259,0
20110202,4.1905,4.4998,4.0873,4.4052,8871,0
20110203,4.3123,4.4333,4.2655,4.4052,6262,0
20110204,4.2701,4.406,4.1999,4.406,30087,0
20110207,4.257,4.4342,4.1999,4.4342,4178,0
20110208,4.3264,4.4435,4.2467,4.4427,4670,0
20110209,4.3545,4.4511,4.2308,4.332,3470,0
20110210,4.3451,4.452,4.2402,4.4417,1643,0
20110211,4.3451,4.5176,4.3451,4.5092,892,0
20110214,4.4014,4.5223,4.3226,4.4998,4344,0
20110215,4.3779,4.5373,4.3591,4.5373,11122,0
20110216,4.4483,4.5748,4.3882,4.4998,11795,0
20110217,4.4717,4.5748,4.407,4.572,8873,0
20110218,4.4895,4.571,4.406,4.5373,1904,0
20110221,4.4295,4.5373,4.3967,4.4895,1316,0
20110222,4.4014,4.5363,4.2214,4.4529,10733,0
20110223,4.3591,4.4998,4.3123,4.4904,5140,0
20110224,4.4248,4.4895,4.3142,4.3142,378,0
20110225,4.3545,4.4895,4.1895,4.481,2901,0
20110228,4.3826,4.4998,4.3216,4.4998,3347,0
20110301,4.3826,4.497,4.2261,4.4342,922,0
20110302,4.3629,4.497,4.3058,4.481,789,0
20110303,4.3826,4.4904,4.1811,4.3967,1184,0
20110304,4.3611,4.4904,4.331,4.4511,4357,0
20110307,4.3583,4.4333,4.1249,4.2495,6144,0
20110308,4.3282,4.3282,4.1642,4.3123,480,0
20110309,4.2092,4.4248,4.1877,4.3563,12318,0
20110310,4.241,4.3677,4.2186,4.3114,3519,0
20110311,4.1773,4.3282,4.1249,4.3104,107,0
20110314,4.1624,4.3216,4.078,4.2167,7598,0
20110315,4.001,4.2167,3.8248,4.0377,10848,0
20110316,3.9008,4.078,3.8445,3.9842,1067,0
20110317,4.001,4.0311,3.8436,4.0217,6490,0
20110318,3.8773,4.076,3.8773,4.0217,1463,0
20110321,3.9326,4.2186,3.9054,4.1999,11212,0
20110322,4.0686,4.166,4.0311,4.1436,107,0
20110323,4.0788,4.3114,4.078,4.2186,15587,0
20110324,4.1567,4.2935,4.0311,4.2092,11555,0
20110325,4.0704,4.1961,3.9701,4.1061,6454,0
20110328,4.1567,4.1895,3.9748,4.078,608,0
20110329,4.0292,4.1857,3.9599,4.1249,756,0
20110330,4.0255,4.1567,4.0255,4.078,2133,0
20110331,3.9776,4.1249,3.9701,4.078,4528,0
20110401,3.9711,4.3216,3.9711,4.2092,17437,0
20110404,4.1951,4.3583,4.1061,4.3104,2949,0
20110405,4.2195,4.2645,4.1267,4.2148,10142,0
20110406,4.1229,4.2655,4.1229,4.2655,15299,0
20110407,4.1839,4.3779,4.1839,4.3123,13979,0
20110408,4.287,4.4539,4.287,4.4539,10660,0
20110411,4.3611,4.5092,4.3611,4.4904,10030,0
20110412,4.4211,4.5298,4.4211,4.4904,13790,0
20110413,4.422,4.5373,4.3779,4.5017,9830,0
20110414,4.408,4.4989,4.4052,4.406,7552,0
20110415,4.3591,4.4529,4.3591,4.3591,11746,0
20110418,4.331,4.4333,4.2336,4.4239,9069,0
20110419,4.331,4.4042,4.2402,4.3216,6603,0
20110420,4.331,4.3489,4.2195,4.3479,1807,0
20110421,4.2608,4.3498,4.2214,4.3498,4615,0
20110426,4.331,4.3489,4.2289,4.331,2718,0
20110427,4.331,4.3958,4.2186,4.3854,1642,0
20110428,4.331,4.3395,4.2467,4.331,3271,0
20110429,4.331,4.331,4.2186,4.2935,12054,0
20110502,4.2092,4.331,4.2092,4.2935,1952,0
20110503,4.2101,4.3123,4.2092,4.2374,3104,0
20110504,4.1548,4.2374,4.1538,4.2045,107,0
20110505,4.1492,4.2467,4.1473,4.2467,2024,0
20110506,4.1632,4.2467,4.1277,4.2448,2335,0
20110509,4.1398,4.3573,4.1398,4.2364,3855,0
20110510,4.153,4.2551,4.1436,4.228,4574,0
20110511,4.1333,4.2092,4.1249,4.1249,8672,0
20110512,4.1201,4.3498,4.0507,4.2655,18375,0
20110513,4.1717,4.3114,4.1717,4.3029,11450,0
20110516,4.2195,4.3029,4.2195,4.2308,2076,0
20110517,4.1877,4.3058,4.1877,4.3029,3893,0
20110518,4.2251,4.3591,4.2186,4.3591,4912,0
20110519,4.2664,4.3685,4.2655,4.3685,2597,0
20110520,4.2889,4.3216,4.2889,4.3216,1493,0
20110523,4.2636,4.3685,4.2636,4.3216,2153,0
20110524,4.2514,4.3216,4.2186,4.3029,2153,0
20110525,4.2374,4.3216,4.2223,4.2223,16137,0
20110526,4.166,4.2374,4.166,4.1698,3915,0
20110527,4.1698,4.2374,4.1351,4.166,1067,0
20110530,4.1538,4.1999,4.1538,4.166,1094,0
20110531,4.1061,4.1857,4.1061,4.1811,2665,0
20110601,4.078,4.1811,4.0405,4.1127,4,0
20110602,4.0545,4.1249,4.0405,4.1155,1464,0
20110603,3.9758,4.1155,3.9758,4.0479,309,0
20110606,3.9982,4.0686,3.9982,4.0667,6400,0
20110607,3.9795,4.0686,3.9795,4.0686,12779,0
20110609,3.9936,4.0217,3.9467,4.003,8506,0
20110610,4.003,4.0301,3.928,4.0217,15181,0
20110613,4.0217,4.0301,3.9477,3.9992,12628,0
20110614,3.9992,4.0292,3.9561,4.0217,3646,0
20110615,4.0217,4.0301,3.9467,4.0198,426,0
20110616,3.9607,4.0311,3.9092,4.0264,5395,0
20110617,3.9561,4.0301,3.8811,3.9954,12854,0
20110620,3.9477,4.0301,3.9373,3.9814,6904,0
20110621,3.9607,4.0301,3.9561,4.0095,4152,0
20110622,3.9627,4.0301,3.9467,4.0301,2155,0
20110623,3.9607,4.0301,3.9092,3.9814,15280,0
20110624,3.9449,4.0301,3.9449,3.9814,11409,0
20110627,3.9514,4.0301,3.9467,3.9514,8734,0
20110628,3.9617,4.0301,3.9561,3.9617,2784,0
20110629,3.9607,4.331,3.9477,3.9477,42004,0
20110630,4.2017,5.156,4.2017,4.2017,23732,0
20110701,4.571,4.6582,4.3123,4.571,11138,0
20110704,4.422,4.6929,4.3807,4.422,14920,0
20110705,4.5457,4.6863,4.5008,4.5457,7890,0
20110706,4.5476,4.6207,4.4042,4.5476,7274,0
20110707,4.4511,4.6685,4.406,4.4511,5485,0
20110708,4.4342,4.7717,4.4342,4.4342,12975,0
20110711,4.6967,4.6967,4.406,4.6592,10080,0
20110712,4.4491,4.5335,4.406,4.4491,5440,0
20110713,4.3498,4.5279,4.3498,4.3498,3178,0
20110714,4.4248,4.5373,4.332,4.332,4957,0
20110715,4.3685,4.4305,4.3591,4.3685,602,0
20110718,4.2805,4.4764,4.2805,4.2805,1198,0
20110719,4.3358,4.406,4.2841,4.3358,1388,0
20110720,4.3451,4.556,4.2532,4.3029,3531,0
20110721,4.4435,4.556,4.3798,4.4154,854,0
20110725,4.5129,4.5129,4.3591,4.4342,1760,0
20110726,4.4623,4.4923,4.3779,4.393,1195,0
20110727,4.2805,4.4923,4.2805,4.3358,384,0
20110728,4.2983,4.4435,4.2983,4.3451,5409,0
20110729,4.331,4.4108,4.2935,4.331,14,0
20110801,4.4108,4.4108,4.2711,4.332,480,0
20110802,4.3358,4.406,4.2983,4.3358,3371,0
20110803,4.406,4.406,3.9842,4.1596,4674,0
20110804,4.0592,4.2655,3.8155,4.0498,43337,0
20110805,3.9786,4.1708,3.8183,3.8183,20113,0
20110808,4.0686,4.0686,3.7498,4.0076,8280,0
20110809,3.7686,3.9748,3.6092,3.7686,22478,0
20110810,3.8905,3.912,3.6964,3.6964,5069,0
20110811,3.7592,3.8426,3.7311,3.7424,8586,0
20110812,3.7029,3.8735,3.7029,3.7029,6710,0
20110815,3.7498,3.8735,3.7498,3.7498,4376,0
20110817,3.8623,3.9214,3.7733,3.7733,11026,0
20110818,3.8108,3.9373,3.7264,3.8108,12121,0
20110819,3.6889,3.8155,3.6561,3.6889,8489,0
20110822,3.7161,3.8436,3.7029,3.7161,1383,0
20110824,3.7395,3.9457,3.6842,3.7395,15326,0
20110825,3.8801,4.1708,3.8801,3.8895,4800,0
20110826,4.0086,4.1999,4.0086,4.0995,2133,0
20110829,4.0686,4.1717,4.0686,4.1717,4267,0
20110830,4.1155,4.2092,4.1061,4.2092,1992,0
20110831,4.0592,4.3967,4.0592,4.2608,9851,0
20110901,4.2251,4.4998,4.1548,4.257,2234,0
20110902,4.2111,4.3123,4.0873,4.1895,693,0
20110905,4.107,4.2186,4.078,4.078,2776,0
20110906,4.0311,4.2186,3.9505,4.0377,11135,0
20110907,3.9917,4.0573,3.9898,4.0573,3013,0
20110908,4.0573,4.2655,3.8998,4.0986,2192,0
20110913,4.1249,4.1249,3.8342,3.9495,8547,0
20110914,3.8492,3.9936,3.8492,3.9636,2039,0
20110915,3.8905,4.1239,3.8417,4.0742,12408,0
20110916,4.017,4.1305,3.9936,4.0377,8943,0
20110919,4.0349,4.1249,4.0123,4.0311,13406,0
20110920,4.0498,4.0873,4.003,4.0873,6932,0
20110921,4.0873,4.0873,3.9655,4.0423,9620,0
20110922,3.9842,4.1249,3.9655,4.0752,9105,0
20110923,4.0555,4.153,4.0217,4.0686,11734,0
20110926,3.9655,4.1436,3.9655,4.107,15574,0
20110927,4.1314,4.1717,4.0405,4.1717,14514,0
20110928,4.0732,4.1717,4.0592,4.0704,3812,0
20110929,4.0498,4.2186,4.0217,4.078,1664,0
20110930,3.9186,4.1717,3.9186,4.078,14613,0
20111003,4.078,4.0882,3.7602,4.0882,12907,0
20111004,3.9543,4.1061,3.9543,4.1061,11628,0
20111005,4.0123,4.1061,4.003,4.1061,10122,0
20111006,4.017,4.1249,4.003,4.1249,11852,0
20111007,4.0311,4.1249,4.0217,4.1249,8533,0
20111010,4.0357,4.2092,4.003,4.0639,19671,0
20111011,4.0873,4.1436,3.9008,3.9711,13440,0
20111012,3.9607,4.0808,3.9607,4.0808,12801,0
20111013,3.9607,4.0808,3.9326,4.0283,12694,0
20111014,4.0283,4.0283,3.8811,4.0048,13275,0
20111017,3.9748,3.9748,3.7648,3.7995,19608,0
20111018,3.7995,3.8061,3.6514,3.6608,12401,0
20111019,3.6674,3.9748,3.6654,3.9514,15158,0
20111020,3.9514,4.0405,3.7789,4.0311,13302,0
20111021,4.0311,4.1192,3.9186,4.0498,16891,0
20111024,4.003,4.078,3.9748,4.0329,10910,0
20111025,3.9889,4.0967,3.9748,4.0377,14603,0
20111026,3.9627,4.0686,3.9345,4.0236,10881,0
20111027,4.0714,4.0714,3.9655,4.003,7894,0
20111028,3.928,4.003,3.8998,3.9636,7659,0
20111031,3.8998,4.003,3.8961,3.9449,6134,0
20111103,3.7742,3.897,3.7171,3.8905,4872,0
20111104,3.8173,3.9373,3.7967,3.912,8555,0
20111107,3.8005,3.9373,3.8005,3.911,3947,0
20111108,3.8267,3.9373,3.8267,3.913,10334,0
20111109,3.8426,3.9373,3.7686,3.913,2346,0
20111110,3.7518,3.9373,3.7518,3.913,7147,0
20111111,3.8436,3.9373,3.8258,3.913,2880,0
20111114,3.853,3.9795,3.8417,3.9449,6934,0
20111115,3.9449,3.9852,3.8239,3.9355,13494,0
20111116,3.8342,4.0217,3.8342,3.9776,6046,0
20111117,3.8126,3.9776,3.7967,3.9748,3033,0
20111118,3.8464,3.9748,3.7967,3.9092,10896,0
20111121,3.7311,3.9561,3.7029,3.9523,1733,0
20111122,3.8539,3.9589,3.8155,3.9589,1320,0
20111123,3.7339,3.9561,3.7339,3.7921,9387,0
20111124,3.7536,3.8623,3.7404,3.7921,1760,0
20111125,3.7376,3.8239,3.7376,3.8239,320,0
20111128,3.9373,3.9373,3.7498,3.8436,9937,0
20111129,3.7658,3.8811,3.7498,3.8811,6134,0
20111130,3.7264,3.8905,3.7264,3.8577,7491,0
20111201,3.7949,3.8895,3.7949,3.8614,2880,0
20111202,3.8614,3.8614,3.7498,3.8389,2880,0
20111205,3.8023,3.8998,3.7592,3.8998,1436,0
20111206,3.8998,3.8998,3.7452,3.8577,5251,0
20111207,3.7779,3.8905,3.7779,3.8577,13932,0
20111208,3.7311,3.9373,3.7311,3.8961,7950,0
20111209,3.8436,3.9477,3.8436,3.9467,7730,0
20111212,3.8408,3.9467,3.8408,3.8867,1590,0
20111213,3.8849,3.9364,3.8061,3.8717,488,0
20111214,3.7901,3.8905,3.7901,3.8717,7612,0
20111215,3.7695,3.928,3.7695,3.8849,3627,0
20111219,3.8727,3.8727,3.7199,3.8342,3021,0
20111220,3.7123,3.8342,3.7123,3.7921,107,0
20111221,3.7639,3.8811,3.7123,3.8014,6600,0
20111222,3.732,3.8605,3.732,3.8248,4679,0
20111223,3.7845,3.8296,3.7686,3.8296,10668,0
20111227,3.7311,3.8605,3.7311,3.7311,5595,0
20111228,3.7245,3.8155,3.7217,3.7227,4053,0
20111229,3.7452,3.8155,3.6561,3.7498,480,0
20111230,3.7339,4.3123,3.7339,4.0217,10406,0
20120102,3.8989,4.153,3.8989,4.1249,3200,0
20120103,3.9917,4.2157,3.9917,4.1333,213,0
20120104,3.9861,4.2186,3.9861,4.1417,213,0
20120105,4.1155,4.2186,3.9373,3.9373,3872,0
20120106,3.9711,4.2186,3.9092,3.9936,3051,0
20120110,3.9326,4.0151,3.8623,3.9186,11628,0
20120111,3.8033,3.928,3.7686,3.8633,1277,0
20120112,3.8239,3.8633,3.7498,3.8314,1390,0
20120113,3.8417,3.9401,3.8314,3.9401,2349,0
20120116,3.9401,3.9401,3.7967,3.8914,2082,0
20120117,3.8914,3.9523,3.7873,3.9523,11175,0
20120118,3.9523,3.9523,3.7779,3.8849,2933,0
20120119,3.8849,3.9842,3.8436,3.9776,9606,0
20120120,3.8905,3.9776,3.8633,3.9138,7250,0
20120123,3.8258,3.9138,3.8258,3.9092,373,0
20120124,3.8145,3.9092,3.8145,3.8951,2002,0
20120127,3.9092,3.9092,3.7957,3.8192,2668,0
20120131,3.7498,3.8858,3.7498,3.8436,1863,0
20120202,3.7799,3.853,3.6467,3.853,14298,0
20120203,3.8314,3.9373,3.7592,3.928,1905,0
20120206,3.8511,3.928,3.7592,3.8483,560,0
20120207,3.8314,3.928,3.7686,3.9008,806,0
20120208,3.8314,3.928,3.8314,3.9102,4673,0
20120209,3.8408,3.9373,3.8408,3.8951,3054,0
20120210,3.8136,3.9467,3.8136,3.913,2983,0
20120213,3.913,3.9373,3.8436,3.9102,4354,0
20120214,3.9102,3.9467,3.8239,3.913,3067,0
20120215,3.913,3.9467,3.853,3.9082,4160,0
20120216,3.9082,3.9082,3.7845,3.897,850,0
20120217,3.8436,3.9373,3.8436,3.9102,660,0
20120220,3.8511,3.9861,3.8248,3.9861,10451,0
20120221,3.9176,3.9373,3.7705,3.9176,1106,0
20120222,3.9176,4.0311,3.837,3.9345,3365,0
20120223,3.9017,3.9467,3.8342,3.928,3263,0
20120224,3.927,3.928,3.853,3.928,3176,0
20120227,3.8324,3.928,3.8136,3.8905,4117,0
20120228,3.8276,3.8951,3.8276,3.8951,4272,0
20120229,3.8117,3.8951,3.7498,3.8164,7116,0
20120301,3.7855,3.8717,3.7217,3.8155,17,0
20120302,3.7705,3.8811,3.7705,3.8389,2168,0
20120305,3.8389,3.8436,3.7827,3.7827,1600,0
20120306,3.7676,3.8811,3.7498,3.8436,5281,0
20120307,3.7817,3.8436,3.7498,3.7967,2632,0
20120308,3.7827,3.7967,3.7217,3.7227,757,0
20120309,3.7029,3.8436,3.7029,3.7967,674,0
20120312,3.7208,3.8155,3.7208,3.7461,12054,0
20120313,3.7508,3.7686,3.7217,3.7592,7721,0
20120314,3.7592,3.8248,3.6748,3.6767,1784,0
20120315,3.7171,3.7498,3.658,3.658,1404,0
20120316,3.658,3.8248,3.6561,3.8051,3431,0
20120319,3.7592,3.8248,3.7029,3.8248,4447,0
20120320,3.7029,3.8905,3.7029,3.8577,6044,0
20120321,3.8314,3.8905,3.7404,3.8577,1458,0
20120322,3.8577,3.8886,3.7799,3.8567,213,0
20120323,3.7967,3.8905,3.7929,3.8296,781,0
20120326,3.7957,3.8905,3.7873,3.7873,1173,0
20120327,3.8145,3.898,3.7901,3.8548,1447,0
20120328,3.7939,3.8801,3.7929,3.7967,5645,0
20120329,3.748,3.9589,3.748,3.9589,6254,0
20120330,3.807,3.9561,3.7686,3.9026,152,0
20120402,3.7686,3.9026,3.7686,3.7817,1931,0
20120403,3.7957,3.9026,3.7827,3.9026,2260,0
20120405,3.7123,3.8801,3.7123,3.8623,6801,0
20120410,3.8436,3.8914,3.7395,3.8914,8125,0
20120411,3.7967,3.8914,3.7779,3.7967,22027,0
20120412,3.7039,3.8614,3.7029,3.7536,4170,0
20120413,3.7676,3.8614,3.7676,3.8614,2788,0
20120416,3.7564,3.8933,3.7029,3.8933,1600,0
20120417,3.7779,3.8914,3.7029,3.8914,2322,0
20120418,3.8895,3.8895,3.7498,3.8436,2322,0
20120419,3.7751,3.8614,3.7498,3.8436,1694,0
20120420,3.7686,3.8623,3.7676,3.8623,3212,0
20120423,3.7546,3.8877,3.7498,3.8436,54,0
20120424,3.7977,3.8905,3.7929,3.8436,1067,0
20120425,3.8314,3.9842,3.7967,3.9467,10542,0
20120426,3.8735,4.0133,3.8735,3.9842,6675,0
20120427,3.9842,4.003,3.9186,3.9842,4225,0
20120430,3.9842,3.9974,3.8792,3.9974,2400,0
20120502,3.9383,4.0311,3.8961,4.0311,1335,0
20120503,3.9289,4.1305,3.9289,4.1305,5725,0
20120504,4.0442,4.1305,4.0123,4.1295,6258,0
20120507,3.9776,4.1295,3.807,4.0564,3196,0
20120508,3.9692,4.1285,3.9373,4.003,618,0
20120509,3.9795,4.0198,3.9326,4.0198,1707,0
20120510,3.8689,4.0198,3.8061,3.9636,3648,0
20120511,3.8811,3.9842,3.762,3.8942,1600,0
20120514,3.748,3.8989,3.748,3.8989,460,0
20120515,3.7864,3.9645,3.7311,3.8436,2866,0
20120516,3.7432,3.8717,3.7432,3.7967,7684,0
20120517,3.7292,3.8061,3.7029,3.7967,5409,0
20120518,3.6514,3.8239,3.6514,3.7901,4804,0
20120521,3.6992,3.7901,3.5811,3.7536,3745,0
20120522,3.7536,3.7536,3.6842,3.6992,4564,0
20120523,3.433,3.8436,3.433,3.6804,19330,0
20120524,3.5399,3.7498,3.5399,3.6796,1067,0
20120525,3.6214,3.7395,3.6092,3.6983,858,0
20120528,3.6486,3.8895,3.6233,3.7105,22,0
20120529,3.7967,3.8239,3.643,3.7686,3254,0
20120531,3.6674,3.7873,3.6674,3.7311,534,0
20120601,3.6195,3.7311,3.5154,3.6092,4316,0
20120605,3.5061,3.6177,3.4686,3.4686,3200,0
20120606,3.523,3.6561,3.5154,3.5623,1067,0
20120607,3.5623,3.582,3.478,3.582,4118,0
20120608,3.5154,3.6542,3.4817,3.6073,91,0
20120611,3.5595,3.6552,3.5154,3.5154,3606,0
20120612,3.478,3.5436,3.4761,3.4864,534,0
20120614,3.4405,3.5529,3.4405,3.5154,2987,0
20120615,3.4508,3.5154,3.4405,3.4424,396,0
20120618,3.4874,3.4892,3.3561,3.4892,543,0
20120619,3.3983,3.5164,3.3843,3.5164,4536,0
20120620,3.4358,3.5164,3.4218,3.4686,2692,0
20120621,3.4302,3.5164,3.4218,3.5164,3963,0
20120622,3.4105,3.5436,3.4105,3.5098,4701,0
20120625,3.4386,3.478,3.4386,3.4761,5597,0
20120626,3.4461,3.5614,3.4461,3.5614,4999,0
20120627,3.4583,3.7404,3.4499,3.6561,8117,0
20120629,3.509,3.6842,3.478,3.5998,3880,0
20120702,3.4433,3.5717,3.3936,3.5623,3993,0
20120703,3.5623,3.5623,3.4311,3.5539,4195,0
20120704,3.5539,3.5539,3.4311,3.5361,5953,0
20120705,3.5361,4.0405,3.4686,3.7498,13077,0
20120706,3.7498,3.7498,3.5811,3.7498,534,0
20120709,3.6092,3.7498,3.5717,3.6092,3214,0
20120710,3.6092,3.6561,3.4845,3.5717,534,0
20120712,3.5483,3.6467,3.5032,3.5623,14828,0
20120713,3.5623,3.6092,3.5154,3.6092,920,0
20120716,3.4836,3.6008,3.1405,3.2858,9284,0
20120717,3.2802,3.3823,3.2802,3.3823,1824,0
20120718,3.2792,3.4686,3.2792,3.4686,2453,0
20120719,3.5004,3.5004,3.328,3.4105,4265,0
20120720,3.2989,3.4218,3.2989,3.3346,4665,0
20120723,3.2464,3.4583,3.2464,3.3186,2187,0
20120724,3.3749,3.4499,3.2746,3.3767,2187,0
20120725,3.3561,3.4686,3.2352,3.4629,4179,0
20120726,3.2839,3.4629,3.2839,3.3308,1707,0
20120727,3.3383,3.4593,3.2633,3.373,54,0
20120730,3.3973,3.4593,3.3749,3.418,54,0
20120731,3.3702,3.4593,3.3702,3.4226,2294,0
20120801,3.3917,3.4593,3.328,3.4593,6192,0
20120802,3.282,3.5623,3.282,3.5623,5781,0
20120803,3.4564,3.8192,3.4564,3.7779,3200,0
20120806,3.7546,3.8267,3.4996,3.7967,1979,0
20120807,3.658,3.7967,3.4667,3.6983,444,0
20120808,3.7039,3.7039,3.509,3.6983,881,0
20120809,3.6983,3.7864,3.5342,3.7864,9001,0
20120810,3.7864,3.7967,3.6279,3.7582,107,0
20120813,3.7255,3.7967,3.6748,3.7386,6543,0
20120814,3.6364,3.9373,3.6364,3.8183,4587,0
20120815,3.7546,4.0686,3.7498,3.9936,5883,0
20120816,3.927,4.0592,3.927,3.9842,960,0
20120817,3.8651,4.0208,3.8651,3.9336,2643,0
20120820,3.8671,4.0301,3.8671,3.9607,1130,0
20120821,3.8679,4.0217,3.8679,3.9345,320,0
20120822,3.8426,4.0217,3.7686,3.7967,6701,0
20120823,3.8595,3.8595,3.7498,3.7817,3200,0
20120824,3.7592,3.8342,3.658,3.8342,107,0
20120827,3.7404,3.9373,3.7227,3.8155,2198,0
20120828,3.7489,3.9373,3.7489,3.8895,436,0
20120830,3.762,3.9317,3.7564,3.9317,1493,0
20120831,3.7667,3.9561,3.7592,3.8671,3089,0
20120904,3.747,3.9551,3.7442,3.9092,6292,0
20120905,3.8033,3.9373,3.8033,3.9204,969,0
20120906,3.8042,3.9645,3.8042,3.8342,4356,0
20120907,3.8239,4.2186,3.8239,4.1717,23553,0
20120910,3.911,4.3029,3.911,4.2148,10852,0
20120911,4.1857,4.2186,4.1155,4.1905,1173,0
20120912,4.0986,4.1999,4.0986,4.182,1120,0
20120913,4.0976,4.182,4.078,4.1417,11547,0
20120914,4.0986,4.2092,4.078,4.1624,406,0
20120917,4.0339,4.3123,4.0339,4.2232,8113,0
20120918,4.1089,4.3685,4.1089,4.2833,7338,0
20120919,4.212,4.4529,4.2073,4.3423,7038,0
20120920,4.2167,4.6873,4.2167,4.497,19058,0
20120921,4.4567,4.6207,4.3123,4.3948,15244,0
20120924,4.2973,4.4998,4.242,4.242,14756,0
20120925,4.2973,4.4904,4.2973,4.4679,7489,0
20120926,4.2467,4.5167,4.2467,4.5167,267,0
20120927,4.331,4.5167,4.331,4.5167,10,0
20120928,4.5167,4.6404,4.331,4.5167,2752,0
20121001,4.5588,4.5598,4.2983,4.4576,5292,0
20121002,4.5092,4.7342,4.3948,4.6873,4821,0
20121003,4.6873,4.7342,4.5935,4.7342,906,0
20121004,4.573,4.7342,4.5467,4.587,16873,0
20121005,4.5373,4.7238,4.5373,4.6029,12406,0
20121008,4.5317,4.7342,4.4361,4.6545,3771,0
20121009,4.5317,4.8495,4.5317,4.6077,1568,0
20121010,4.5026,4.6639,4.5026,4.6639,1454,0
20121011,4.5467,4.6967,4.4529,4.6282,18620,0
20121012,4.4117,4.6863,4.4117,4.5842,1588,0
20121015,4.5842,4.6685,4.4248,4.5467,2153,0
20121016,4.5467,4.6404,4.4866,4.6404,670,0
20121017,4.6404,4.6592,4.4295,4.4858,3103,0
20121018,4.4858,4.6367,4.4333,4.5092,426,0
20121019,4.5092,4.5092,4.4126,4.4623,107,0
20121022,4.4239,4.4904,4.3123,4.3892,22486,0
20121023,4.3892,4.4529,4.2973,4.4427,501,0
20121024,4.3095,4.4529,4.3095,4.422,1428,0
20121025,4.2898,4.5457,4.2898,4.4435,107,0
20121026,4.2608,4.5467,4.1249,4.2223,12321,0
20121029,4.1398,4.2223,4.0264,4.0311,8958,0
20121031,4.1923,4.406,4.0311,4.1042,160,0
20121101,4.1999,4.3123,4.1249,4.1624,5067,0
20121102,4.3104,4.406,4.0958,4.2664,843,0
20121105,4.1726,4.6685,4.1726,4.3986,7891,0
20121106,4.3882,4.5926,4.3591,4.3591,3746,0
20121108,4.3076,4.4511,4.2186,4.2186,2952,0
20121109,4.2027,4.4661,4.1249,4.2176,3908,0
20121112,4.3198,4.3591,3.9373,4.0854,11825,0
20121113,4.0854,4.3114,4.0357,4.137,4828,0
20121114,4.0892,4.2729,4.0882,4.2579,1550,0
20121115,4.2382,4.3123,4.0367,4.1379,54,0
20121116,4.2073,4.2833,4.0967,4.1951,4369,0
20121119,4.137,4.1951,4.0311,4.1323,1600,0
20121121,4.0507,4.1436,4.0311,4.0873,1067,0
20121122,4.0676,4.1717,4.0311,4.0986,12160,0
20121123,3.9627,4.2729,3.9627,4.1445,107,0
20121126,4.1445,4.1811,3.9982,4.1567,426,0
20121127,4.0695,4.2655,4.0695,4.1249,1600,0
20121128,4.1783,4.2186,4.1614,4.1717,2133,0
20121129,4.1061,4.1717,4.0695,4.153,7209,0
20121203,4.0892,4.2176,3.9392,4.107,4232,0
20121204,4.0104,4.2176,4.0104,4.1163,22,0
20121205,4.0507,4.3114,3.9561,4.1107,2825,0
20121206,4.0301,4.1801,4.0301,4.1801,3678,0
20121207,4.0339,4.1717,4.0311,4.0311,2058,0
20121210,4.0227,4.1717,3.9852,3.9852,3543,0
20121211,3.9852,4.1717,3.8961,3.9832,565,0
20121212,3.972,4.1717,3.972,4.1267,2880,0
20121213,3.9607,4.1717,3.9607,4.0911,478,0
20121214,3.9842,4.2186,3.9842,4.1249,22,0
20121217,4.0639,4.2186,4.0639,4.078,528,0
20121218,4.0742,4.2186,3.9373,4.0311,23592,0
20121219,4.0142,4.2186,4.0123,4.167,4922,0
20121220,4.0788,4.2655,4.0788,4.2139,7944,0
20121221,4.0151,4.3583,4.0151,4.2186,2282,0
20121227,4.1717,4.3114,3.9786,4.1482,7123,0
20121228,4.0179,4.2655,4.0179,4.2655,3021,0
20130102,4.1614,4.3591,4.0648,4.1211,2074,0
20130103,4.062,4.2186,4.062,4.1839,597,0
20130107,4.0423,4.3123,4.0423,4.1482,8306,0
20130108,4.0433,4.167,4.0433,4.167,1507,0
20130109,4.0817,4.2186,4.0817,4.2186,2062,0
20130110,4.092,4.2186,4.092,4.1708,596,0
20130111,4.0986,4.3114,4.0986,4.167,2112,0
20130114,4.167,4.3114,4.0892,4.167,2667,0
20130115,4.0658,4.1717,4.0658,4.167,800,0
20130116,4.0752,4.2167,4.0752,4.1905,213,0
20130117,4.2636,4.3114,4.1229,4.2664,1443,0
20130118,4.1445,4.3779,4.1445,4.2007,4949,0
20130121,4.1436,4.2655,4.1436,4.1436,6032,0
20130122,4.1436,4.3123,4.1079,4.2186,5293,0
20130123,4.2898,4.3123,4.2186,4.2598,1940,0
20130124,4.1839,4.3591,4.1839,4.3591,19773,0
20130125,4.331,4.3873,4.2598,4.3873,147,0
20130128,4.2805,4.406,4.2805,4.3591,2896,0
20130129,4.3451,4.406,4.3358,4.406,1600,0
20130130,4.406,4.406,4.1249,4.1257,7071,0
20130131,4.2261,4.3208,4.0845,4.3208,5076,0
20130201,4.2157,4.3198,4.0948,4.3198,203,0
20130204,4.2157,4.331,4.0948,4.3216,7072,0
20130205,4.2167,4.228,4.0948,4.228,320,0
20130206,4.1042,4.3395,4.1042,4.3395,6434,0
20130207,4.1005,4.2336,4.1005,4.228,1218,0
20130208,4.2055,4.3104,4.2055,4.2655,1953,0
20130211,4.2063,4.4529,4.2017,4.4529,19001,0
20130212,4.406,4.4529,4.3216,4.4529,906,0
20130213,4.3302,4.4998,4.3302,4.4998,3595,0
20130214,4.5101,4.5467,4.3591,4.5467,1138,0
20130215,4.331,4.5467,4.331,4.5269,11472,0
20130218,4.3386,4.4361,4.3386,4.3601,1280,0
20130219,4.3302,4.4989,4.3282,4.4989,445,0
20130220,4.3779,4.406,4.2841,4.406,19128,0
20130222,4.2298,4.3892,4.2242,4.3591,1049,0
20130225,4.3892,4.3892,4.2129,4.2186,27,0
20130226,4.1277,4.3892,4.1249,4.1295,6918,0
20130228,4.1229,4.2467,4.078,4.2374,5937,0
20130301,4.0161,4.2551,4.0161,4.2551,608,0
20130304,4.0311,4.3591,4.0311,4.1783,2847,0
20130305,4.2073,4.3216,4.1155,4.3216,3200,0
20130306,4.1839,4.3123,4.1257,4.2186,5630,0
20130307,4.2167,4.3216,4.1249,4.3216,561,0
20130312,4.1905,4.3591,4.1885,4.3591,11107,0
20130313,4.1971,4.2532,4.1971,4.2186,1068,0
20130314,4.2073,4.2532,4.1155,4.2374,1861,0
20130315,4.1492,4.2532,4.1257,4.1257,2278,0
20130318,4.0273,4.2532,4.0273,4.1267,3284,0
20130319,4.0507,4.2186,4.0507,4.2176,633,0
20130320,4.1023,4.2186,4.1023,4.1342,1335,0
20130322,4.0854,4.2186,4.0826,4.2186,4898,0
20130325,4.1257,4.2186,4.1249,4.1249,1448,0
20130326,4.0573,4.2186,4.0573,4.1249,4694,0
20130327,4.1079,4.2655,4.0592,4.1249,4240,0
20130328,4.0283,4.2186,4.0245,4.0592,1848,0
20130402,4.2157,4.2157,4.0311,4.1061,1707,0
20130403,4.0058,4.2055,3.9954,4.0311,3629,0
20130404,4.1285,4.1285,4.0039,4.0311,54,0
20130405,4.0311,4.1285,4.0039,4.1155,2830,0
20130408,4.0311,4.1285,3.9767,3.9767,6229,0
20130409,3.9673,4.1829,3.9673,4.1829,520,0
20130410,4.0142,4.2655,3.9701,4.2655,6731,0
20130411,4.0873,4.2645,4.0321,4.2645,107,0
20130412,3.9861,4.2645,3.9861,4.2645,78,0
20130415,4.0058,4.2636,4.0058,4.0442,3865,0
20130416,4.0405,4.1867,4.0321,4.1867,3355,0
20130417,4.0405,4.2176,4.0311,4.0311,2133,0
20130419,4.0405,4.1285,4.0321,4.0329,264,0
20130422,4.0329,4.3208,4.0161,4.2495,20999,0
20130423,4.0114,4.1454,4.0114,4.0433,2232,0
20130424,4.0264,4.1417,4.0264,4.0321,792,0
20130425,4.1285,4.1285,4.0311,4.0321,1983,0
20130426,3.9861,4.1614,3.9861,4.0217,18657,0
20130429,3.9926,4.1989,3.9926,4.1905,1488,0
20130430,3.9974,4.3029,3.9852,4.0329,9328,0
20130502,3.9974,4.2935,3.9974,4.0339,1586,0
20130503,4.0039,4.0798,4.0039,4.0311,1707,0
20130506,3.9852,4.1239,3.9852,4.1239,389,0
20130507,3.9898,4.0311,3.9898,4.0217,2865,0
20130508,4.0311,4.1624,3.9842,4.0311,12725,0
20130510,4.0123,4.1342,4.0123,4.0367,1727,0
20130513,4.078,4.2186,4.0123,4.2186,534,0
20130514,4.1155,4.2186,4.0133,4.2186,6436,0
20130515,4.1155,4.2186,4.0048,4.0311,10011,0
20130516,4.1155,4.153,3.9449,3.9936,4178,0
20130517,3.7957,3.9946,3.7957,3.9786,1184,0
20130520,3.9946,4.1249,3.9599,4.1249,1334,0
20130521,4.1905,4.2017,3.9571,4.0995,5407,0
20130522,3.9579,4.0245,3.9579,3.9842,3809,0
20130523,4.0245,4.0311,3.9439,3.9579,1067,0
20130524,3.9579,4.0245,3.942,3.9467,826,0
20130527,4.0245,4.2092,3.9167,4.1155,4573,0
20130528,4.1061,4.1239,3.9373,3.9936,4324,0
20130529,4.0123,4.2186,3.9617,4.0321,13055,0
20130530,4.1295,4.2176,4.002,4.2176,426,0
20130531,4.1295,4.2092,4.0048,4.1717,3833,0
20130604,4.1295,4.1295,4.0104,4.1239,4083,0
20130605,4.0311,4.1295,3.9964,4.1249,65,0
20130606,4.0311,4.1249,4.002,4.0301,5442,0
20130607,4.0114,4.1249,4.003,4.003,3489,0
20130610,3.9758,4.1249,3.9739,4.1249,2068,0
20130611,3.9814,4.1698,3.9814,4.1239,3870,0
20130612,3.9739,4.1249,3.8539,3.8539,9905,0
20130613,3.8192,4.0329,3.8192,4.0301,906,0
20130614,3.9701,4.1155,3.9636,4.0311,4505,0
20130617,3.9599,4.078,3.9599,4.078,3893,0
20130618,3.9523,4.1249,3.9523,4.1249,6916,0
20130619,4.0339,4.1229,4.0301,4.1229,1490,0
20130620,4.003,4.1229,4.003,4.0611,171,0
20130621,4.0385,4.1229,4.0217,4.0217,3566,0
20130624,3.9804,4.1249,3.9804,4.003,5791,0
20130625,3.9627,4.0076,3.928,3.928,1067,0
20130626,3.898,4.0076,3.898,3.928,1067,0
20130627,3.9064,4.0076,3.9064,3.9373,1067,0
20130628,3.9036,4.0076,3.9036,3.9373,1728,0
20130701,3.8989,3.9842,3.8989,3.9373,1681,0
20130702,3.9467,3.9739,3.9054,3.9739,510,0
20130703,3.9467,3.9467,3.898,3.9383,9,0
20130704,3.9158,3.9571,3.9158,3.9373,6199,0
20130705,3.913,3.9832,3.913,3.9832,552,0
20130708,3.913,4.0583,3.913,3.9861,7270,0
20130710,3.9579,4.0573,3.9373,4.0573,54,0
20130711,3.9814,4.0301,3.9579,4.0301,2023,0
20130712,3.9636,4.0592,3.9579,4.0517,3284,0
20130715,3.9692,4.1249,3.9579,4.0133,320,0
20130716,3.9852,4.1436,3.9852,4.0133,107,0
20130717,4.0048,4.2186,3.9842,3.9954,5920,0
20130718,3.9664,4.1155,3.9627,4.0067,4874,0
20130719,4.0817,4.0817,3.9429,4.0658,256,0
20130722,4.0658,4.0658,3.9599,3.9842,3300,0
20130723,3.9636,4.0658,3.9636,3.9964,107,0
20130724,3.972,4.078,3.972,4.078,1227,0
20130725,4.047,4.078,3.9936,3.9936,6025,0
20130726,4.0658,4.2092,3.9823,4.2092,2826,0
20130729,4.1061,4.1061,3.9889,3.9889,1593,0
20130731,4.002,4.0902,3.8998,4.003,3131,0
20130801,4.0123,4.0902,3.9842,4.0311,1173,0
20130802,3.9701,4.0902,3.9186,3.9842,12996,0
20130805,3.8867,3.9861,3.8867,3.9289,5963,0
20130806,3.8989,3.9861,3.8989,3.9373,1535,0
20130807,3.8877,3.9861,3.8877,3.928,668,0
20130808,3.9045,4.1249,3.9045,3.9439,6221,0
20130809,3.9373,3.9861,3.9054,3.9439,1181,0
20130812,3.8923,4.0311,3.8905,4.0311,3734,0
20130813,3.8707,3.9861,3.8183,3.8436,13902,0
20130814,3.8211,3.8905,3.7957,3.7957,1067,0
20130815,3.8108,4.1249,3.8108,4.1239,17750,0
20130819,3.9457,4.0311,3.9167,4.0311,1622,0
20130820,3.9908,4.1249,3.9898,4.1249,32,0
20130821,4.002,4.0311,3.9383,3.9383,534,0
20130823,4.0311,4.0405,3.9326,3.9852,2157,0
20130826,3.9589,4.0405,3.9589,3.9936,6311,0
20130828,4.0311,4.078,3.9467,3.9842,1017,0
20130830,3.9664,4.1239,3.9373,3.9964,11420,0
20130902,3.9232,4.0686,3.9232,4.0311,5952,0
20130903,3.9224,4.0311,3.9224,3.9467,2667,0
20130905,3.9214,4.078,3.9214,3.9786,1386,0
20130906,3.9523,4.1155,3.9514,4.0311,3523,0
20130909,3.9599,4.0311,3.9477,4.0301,1169,0
20130910,3.9298,4.0311,3.9298,3.9467,534,0
20130912,3.9383,4.0311,3.9383,3.9561,3499,0
20130913,4.0311,4.0311,3.8502,3.8502,21151,0
20130916,3.9242,4.0311,3.9242,3.9373,6560,0
20130917,3.8886,4.1249,3.8886,4.0151,17249,0
20130918,3.9252,4.0311,3.9252,4.0151,13622,0
20130919,4.1342,4.2176,3.9373,4.0151,6614,0
20130920,3.9364,4.1145,3.928,4.078,7454,0
20130923,3.8942,4.1145,3.8942,3.9392,1067,0
20130924,3.9102,4.0311,3.9102,3.9373,2723,0
20130925,3.9102,4.0311,3.9102,3.9373,2322,0
20130926,3.9138,4.0311,3.9138,3.9842,1324,0
20130930,3.9008,4.0311,3.8933,3.9373,3307,0
20131001,3.8296,4.0311,3.8296,3.9373,18696,0
20131002,3.9045,4.0311,3.8717,3.9364,7160,0
20131003,3.8248,4.0311,3.8248,3.8417,7627,0
20131004,3.8211,4.0179,3.8211,3.8811,2667,0
20131007,3.8258,4.0311,3.8258,3.9655,8047,0
20131008,3.8623,4.0311,3.8623,3.8867,1067,0
20131009,3.8605,4.0592,3.8605,4.0592,2987,0
20131010,3.9214,4.0208,3.763,3.763,3454,0
20131011,3.836,3.9842,3.763,3.763,15789,0
20131014,3.8211,3.9467,3.8211,3.8502,13601,0
20131015,3.8023,4.0311,3.8023,3.8905,21441,0
20131016,3.9326,4.0311,3.8773,4.0311,5555,0
20131017,3.8829,4.0301,3.8829,3.9317,1593,0
20131018,3.9176,4.0311,3.9176,3.9317,980,0
20131021,3.8914,4.1061,3.8445,4.0817,6346,0
20131022,3.9823,4.1005,3.9655,3.9655,2597,0
20131023,4.0451,4.1576,3.9936,3.9936,23974,0
20131024,3.9758,4.1285,3.9196,4.0283,3626,0
20131025,3.9054,4.1145,3.9054,4.0283,2720,0
20131028,3.9355,4.0217,3.9355,4.003,4704,0
20131029,3.9683,4.1604,3.9683,4.0414,11265,0
20131030,3.9561,4.1249,3.9561,4.1249,6154,0
20131031,3.9373,4.1155,3.9289,3.9373,2480,0
20131101,3.9214,4.0329,3.9214,4.0311,1521,0
20131104,3.9842,4.0329,3.9383,4.0311,1393,0
20131105,3.9571,4.3591,3.9308,4.2841,69218,0
20131106,4.3779,4.5926,4.2195,4.4904,33583,0
20131107,4.3132,4.5917,4.3123,4.4802,55473,0
20131108,4.331,4.5598,4.331,4.4998,12058,0
20131111,4.406,4.573,4.332,4.3864,1760,0
20131112,4.5129,4.5129,4.3817,4.4904,1620,0
20131113,4.4248,4.5748,4.2992,4.2992,7558,0
20131114,4.4529,4.5654,4.4529,4.4539,720,0
20131115,4.4717,4.5616,4.4501,4.4501,7754,0
20131118,4.4529,4.5917,4.4379,4.5917,5227,0
20131119,4.4886,4.5279,4.4802,4.4998,5222,0
20131120,4.4726,4.5926,4.4726,4.481,3794,0
20131121,4.4726,4.5373,4.4726,4.4998,3392,0
20131122,4.5926,4.5935,4.4717,4.4932,7253,0
20131125,4.5935,4.5935,4.4539,4.4539,6774,0
20131126,4.4717,4.8186,4.4717,4.7154,20744,0
20131127,4.8363,4.8363,4.5935,4.6217,4506,0
20131128,4.5935,4.7323,4.5185,4.5185,1887,0
20131129,4.6217,4.7238,4.4632,4.5008,7313,0
20131202,4.6685,4.6685,4.406,4.5467,3488,0
20131203,4.5195,4.6217,4.4014,4.4014,4949,0
20131204,4.4736,4.6873,4.4736,4.5935,4545,0
20131205,4.5654,4.5654,4.4632,4.4632,660,0
20131206,4.4351,4.6873,4.4351,4.5851,1448,0
20131209,4.4351,4.5851,4.4351,4.5851,640,0
20131210,4.4455,4.5851,4.4164,4.4529,3489,0
20131211,4.3882,4.5017,4.3339,4.4904,3752,0
20131212,4.4998,4.6488,4.4154,4.5842,2198,0
20131216,4.4745,4.5926,4.4745,4.5926,2933,0
20131217,4.4895,4.6414,4.4895,4.5935,10896,0
20131218,4.6498,4.7811,4.4736,4.7811,6669,0
20131219,4.5654,4.7717,4.556,4.7342,17257,0
20131220,4.7061,4.7717,4.6779,4.6779,11848,0
20131223,4.6498,4.8748,4.6498,4.8748,35929,0
20131227,4.8748,5.0061,4.7623,4.8635,28975,0
20131230,4.8279,4.9498,4.6967,4.7342,26945,0
20140102,4.7061,5.2179,4.6685,4.9873,16466,0
20140103,5.1372,5.1372,4.9001,5.1007,19255,0
20140106,5.1372,5.2066,4.9498,5.0933,20112,0
20140107,5.0594,5.231,5.0594,5.231,12455,0
20140108,5.232,5.2497,5.1091,5.2497,10384,0
20140109,5.1795,5.4748,5.156,5.156,14887,0
20140110,5.2497,5.2854,5.1176,5.2029,3405,0
20140113,5.3904,5.4748,5.1382,5.4738,34647,0
20140114,5.2226,5.3979,5.2029,5.3341,14843,0
20140115,5.3248,5.3332,5.1663,5.3248,2731,0
20140116,5.082,5.3341,5.082,5.2038,6333,0
20140117,5.2216,5.5216,5.0997,5.4007,17361,0
20140120,5.4007,5.4466,5.1719,5.4466,10696,0
20140121,5.2301,5.3435,5.157,5.2497,1355,0
20140122,5.1476,5.2966,5.1091,5.2376,19507,0
20140123,5.0538,5.2497,5.0538,5.2029,12293,0
20140124,5.036,5.3435,4.8748,4.8748,3162,0
20140127,5.1466,5.1775,4.9517,5.0622,12158,0
20140128,5.0342,5.1775,5.0342,5.0642,6066,0
20140129,5.0342,5.081,5.0342,5.0622,2678,0
20140130,4.9517,5.1091,4.9517,5.0622,9112,0
20140131,4.9601,5.1091,4.8016,4.9217,12670,0
20140203,4.7735,4.9207,4.7735,4.7811,5279,0
20140204,4.7529,4.9095,4.3198,4.5983,38752,0
20140205,4.4717,4.6161,4.4201,4.542,4979,0
20140206,4.4267,4.617,4.4267,4.542,18391,0
20140207,4.482,4.5476,4.482,4.5467,20055,0
20140210,4.4726,4.7061,4.4726,4.6217,5377,0
20140211,4.5026,4.6508,4.5026,4.6508,9828,0
20140212,4.4717,4.5935,4.4717,4.5917,17742,0
20140213,4.4914,4.5654,4.4914,4.5448,5433,0
20140214,4.5654,4.5654,4.4914,4.5457,7704,0
20140217,4.482,4.8307,4.482,4.8307,30797,0
20140218,4.6695,4.8307,4.6498,4.6873,5169,0
20140219,4.6592,4.7248,4.5111,4.5111,19846,0
20140220,4.5008,4.5767,4.5008,4.5289,1181,0
20140221,4.5467,4.6676,4.4998,4.6676,18529,0
20140224,4.481,4.6376,4.481,4.6348,7894,0
20140225,4.5476,4.6348,4.4998,4.5935,6721,0
20140226,4.5748,4.6301,4.496,4.5467,2133,0
20140227,4.5748,4.6676,4.497,4.5523,8734,0
20140228,4.6264,4.7801,4.5383,4.5467,11150,0
20140303,4.5467,4.646,4.497,4.497,5014,0
20140304,4.5467,4.7529,4.497,4.5935,1407,0
20140305,4.5851,4.6873,4.5851,4.5935,2330,0
20140306,4.5851,4.6873,4.5851,4.5935,6049,0
20140307,4.5851,4.8964,4.5851,4.6488,14438,0
20140310,4.8176,4.8748,4.6995,4.7501,10624,0
20140311,4.6714,4.9217,4.6714,4.8138,2198,0
20140312,4.8439,4.8748,4.6404,4.6601,14313,0
20140313,4.6695,4.7998,4.646,4.646,4865,0
20140317,4.6077,4.8279,4.6077,4.6948,1172,0
20140318,4.6133,4.8551,4.6133,4.7811,1281,0
20140319,4.6189,4.826,4.6189,4.7314,2826,0
20140320,4.6226,4.8748,4.6226,4.6873,4600,0
20140321,4.7811,4.8748,4.6508,4.6761,6583,0
20140324,4.6226,4.826,4.5935,4.5935,2914,0
20140325,4.6404,4.7717,4.5935,4.5935,8113,0
20140326,4.631,4.7351,4.5935,4.5935,17376,0
20140327,4.6329,4.7154,4.5935,4.5935,5024,0
20140328,4.6329,4.7342,4.6123,4.6685,2027,0
20140401,4.631,4.8448,4.631,4.6873,3792,0
20140402,4.6685,4.7801,4.6685,4.7342,6277,0
20140403,4.8748,5.053,4.7342,4.813,15271,0
20140404,4.7998,4.9704,4.7811,4.7811,11142,0
20140407,4.7669,4.9967,4.7669,4.7811,7452,0
20140408,4.8204,4.9582,4.8102,4.8936,2309,0
20140409,4.782,4.9395,4.782,4.8317,3667,0
20140410,4.7726,4.9404,4.6592,4.7154,23969,0
20140411,4.6976,4.8954,4.5851,4.5851,18083,0
20140414,4.6592,4.827,4.6592,4.721,747,0
20140415,4.6779,4.8748,4.557,4.557,13204,0
20140417,4.6967,4.8054,4.6967,4.7445,968,0
20140422,4.8054,4.8738,4.7061,4.7061,7743,0
20140423,4.6639,5.1279,4.6639,4.8326,14905,0
20140424,4.8326,5.1279,4.7735,5.0155,56732,0
20140425,4.8645,5.2629,4.8382,4.8382,46425,0
20140428,5.0801,5.1448,4.9245,4.9507,34300,0
20140429,5.0473,5.156,4.9882,5.081,18318,0
20140430,4.9976,5.1466,4.9694,4.9694,10793,0
20140502,5.0548,5.2826,5.0163,5.156,20025,0
20140505,4.9864,5.2826,4.7436,4.7811,24232,0
20140506,4.8242,5.1091,4.7557,5.1091,14541,0
20140507,4.901,5.2535,4.901,5.1767,7901,0
20140508,5.2497,5.2563,4.9057,4.9057,11248,0
20140509,4.8814,5.0622,4.8814,4.9686,4073,0
20140512,4.9517,5.2404,4.9517,5.2404,8706,0
20140513,4.9648,5.2497,4.9648,5.0155,3329,0
20140514,4.9826,5.3623,4.9826,5.2029,11420,0
20140515,5.156,5.231,4.9686,4.9686,14842,0
20140516,5.0229,5.2497,5.0229,5.0707,9386,0
20140519,5.1429,5.231,4.9967,4.9967,5236,0
20140520,5.0173,5.2029,4.9686,4.9686,21502,0
20140521,4.9347,5.1382,4.9347,4.9686,7010,0
20140522,5.082,5.1372,5.0069,5.0155,1031,0
20140523,5.0155,5.8123,4.9686,5.5404,23090,0
20140526,5.5404,5.6426,5.1747,5.306,59935,0
20140527,5.1429,5.3154,5.1288,5.156,15872,0
20140528,5.1242,5.2497,4.6967,5.156,26625,0
20140529,5.1288,5.2948,5.0155,5.1466,5761,0
20140530,5.081,5.2563,5.0622,5.2497,14445,0
20140602,5.142,5.2779,5.0163,5.0436,21454,0
20140603,5.081,5.2948,5.0464,5.2948,22136,0
20140604,5.2639,5.3828,5.082,5.156,30096,0
20140605,5.1466,5.2948,4.9967,4.9967,11633,0
20140606,5.0061,5.156,4.9873,5.081,20416,0
20140609,5.1288,5.2404,5.0351,5.1251,13157,0
20140610,5.1719,5.3904,5.0885,5.0885,37931,0
20140611,5.1476,5.2966,5.0707,5.0707,13282,0
20140612,5.1232,5.3425,5.1214,5.156,7900,0
20140613,5.1214,5.2029,5.0248,5.0248,17509,0
20140616,5.1035,5.2244,4.9686,4.9686,32449,0
20140617,4.9676,5.0622,4.9311,4.9489,30938,0
20140618,5.0061,5.0622,4.9142,4.9517,12513,0
20140619,4.9329,5.0829,4.9329,5.0716,21423,0
20140620,4.9601,5.0716,4.8748,4.9779,34495,0
20140623,4.9948,5.142,4.9254,5.0651,72286,0
20140624,4.9582,5.126,4.7904,4.7904,51048,0
20140625,4.9217,5.0155,4.7895,4.842,18850,0
20140626,4.8541,5.0351,4.8476,4.9245,5865,0
20140627,4.8944,5.0726,4.8944,4.9686,8217,0
20140630,4.9123,5.1138,4.9123,5.1138,18484,0
20140701,5.0285,5.1316,4.9517,4.9517,18272,0
20140702,4.9901,5.0622,4.9413,4.9413,16187,0
20140703,4.962,5.0614,4.962,4.9686,12540,0
20140704,5.0145,5.053,4.9217,4.9423,19322,0
20140707,4.9057,5.0622,4.8561,4.9686,18435,0
20140708,4.9686,5.053,4.8467,4.8598,34126,0
20140709,4.9498,4.9694,4.8654,4.8654,4605,0
20140710,4.8982,4.9658,4.8654,4.8654,640,0
20140711,4.9057,4.9686,4.8654,4.8654,6293,0
20140714,4.9057,5.053,4.8654,4.8654,3227,0
20140715,4.8908,4.9686,4.8654,4.8654,3810,0
20140716,4.9686,4.9694,4.8654,4.8654,12767,0
20140717,4.8842,4.9686,4.8579,4.8654,11025,0
20140718,4.812,4.9658,4.812,4.8561,5980,0
20140721,4.8326,4.9658,4.8326,4.8467,7433,0
20140722,4.8467,4.9658,4.8317,4.8748,2731,0
20140723,4.8008,4.9686,4.7408,4.7408,11605,0
20140725,4.8232,4.9123,4.8232,4.9123,4180,0
20140728,4.8505,5.1185,4.7811,4.9217,15763,0
20140729,4.7623,4.9217,4.7623,4.8748,3467,0
20140730,4.9123,4.9123,4.7501,4.7811,16183,0
20140731,4.7801,4.8926,4.6573,4.6761,13636,0
20140801,4.6695,4.7726,4.6395,4.6395,15133,0
20140804,4.6685,4.8589,4.6245,4.752,3757,0
20140805,4.752,4.9198,4.6404,4.6592,20336,0
20140806,4.6404,4.752,4.5767,4.6404,7103,0
20140807,4.662,4.752,4.6404,4.6404,1173,0
20140808,4.752,4.752,4.6198,4.6873,320,0
20140811,4.752,4.8288,4.6873,4.7811,18006,0
20140812,4.7051,4.752,4.6048,4.6404,11758,0
20140813,4.7051,4.7051,4.4998,4.5467,25557,0
20140814,4.6657,4.6657,4.5092,4.5748,22918,0
20140815,4.6657,4.7342,4.5129,4.6301,2720,0
20140818,4.6657,4.7248,4.5795,4.5851,2962,0
20140819,4.6657,4.7294,4.556,4.5748,7601,0
20140820,4.6657,4.7294,4.5111,4.5945,5254,0
20140821,4.6657,4.7473,4.5598,4.617,1187,0
20140822,4.617,4.7707,4.5608,4.6226,7002,0
20140825,4.6123,4.6676,4.556,4.5935,12747,0
20140826,4.5804,4.7323,4.556,4.6967,10707,0
20140827,4.5233,4.7154,4.5233,4.5935,2992,0
20140828,4.6077,4.6779,4.5036,4.5036,6722,0
20140829,4.5644,4.6657,4.557,4.5654,7370,0
20140901,4.5345,4.7651,4.5345,4.5654,5202,0
20140902,4.5392,4.7164,4.5392,4.5842,3190,0
20140903,4.7164,4.7164,4.5307,4.5935,534,0
20140904,4.5279,4.7904,4.5279,4.5935,4825,0
20140905,4.5383,4.6873,4.5383,4.5935,12812,0
20140908,4.557,4.6873,4.557,4.5935,8102,0
20140909,4.6873,4.7576,4.5551,4.6911,34633,0
20140910,4.6048,5.0155,4.6048,5.0155,204763,0
20140911,4.9217,4.9686,4.8373,4.9217,190989,0
20140912,4.8495,4.9489,4.8288,4.8944,96600,0
20140915,4.8561,5.0061,4.8561,4.8748,134130,0
20140916,4.8692,4.9273,4.7576,4.7576,83381,0
20140917,4.9029,4.9686,4.8008,4.8279,38253,0
20140918,4.7951,4.8916,4.736,4.7436,61782,0
20140919,4.7464,4.917,4.736,4.7436,27313,0
20140922,4.813,4.8738,4.7342,4.7613,15268,0
20140923,4.7051,4.8804,4.7051,4.7436,9573,0
20140924,4.7238,4.8729,4.7238,4.7576,3478,0
20140925,4.7192,4.8561,4.7192,4.7492,9331,0
20140926,4.7089,4.8561,4.6976,4.7201,15572,0
20140929,4.7042,4.9545,4.6873,4.6967,28303,0
20140930,4.6863,4.8251,4.6863,4.7539,5269,0
20141001,4.6564,4.8251,4.6564,4.7061,2390,0
20141002,4.6442,4.8251,4.6442,4.648,13335,0
20141006,4.6526,4.7839,4.6217,4.6217,9298,0
20141007,4.6113,4.7839,4.5935,4.5935,9814,0
20141008,4.6085,4.7839,4.3123,4.3123,40625,0
20141009,4.5616,4.7182,4.4473,4.4932,21318,0
20141010,4.5317,4.707,4.4154,4.4998,24974,0
20141013,4.4379,4.7248,4.4379,4.5776,2434,0
20141014,4.5626,4.6508,4.4623,4.4623,5345,0
20141015,4.4792,4.6404,4.4773,4.5317,2217,0
20141016,4.4951,4.6254,4.3404,4.4014,11871,0
20141017,4.5439,4.7342,4.4257,4.6207,4992,0
20141020,4.6873,4.6873,4.4014,4.482,4438,0
20141021,4.4858,4.6254,4.4858,4.5963,965,0
20141022,4.5682,4.6498,4.4932,4.6282,3224,0
20141023,4.6498,4.6732,4.4932,4.6039,426,0
20141024,4.6498,4.6939,4.5233,4.6488,12990,0
20141027,4.7154,4.7154,4.5945,4.646,2294,0
20141028,4.6498,4.7773,4.5907,4.6714,2742,0
20141029,4.632,4.7061,4.6301,4.6629,768,0
20141030,4.6498,4.7464,4.5935,4.6704,8744,0
20141031,4.6404,4.6873,4.5935,4.6442,4136,0
20141103,4.5983,4.7717,4.5945,4.6442,6729,0
20141104,4.558,4.6873,4.558,4.646,4030,0
20141105,4.5973,4.6873,4.5758,4.6536,12112,0
20141106,4.5598,4.6855,4.5101,4.5636,12121,0
20141107,4.5317,4.677,4.5185,4.556,10364,0
20141110,4.5269,4.6395,4.4998,4.5008,9418,0
20141111,4.497,4.6301,4.497,4.5588,6198,0
20141112,4.5129,4.6386,4.5129,4.5664,721,0
20141113,4.5467,4.6404,4.5008,4.5504,2499,0
20141114,4.5185,4.6751,4.5185,4.5935,5253,0
20141117,4.6395,4.7567,4.5383,4.6601,50553,0
20141118,4.6329,4.7689,4.5935,4.6648,16566,0
20141119,4.6536,4.6873,4.5935,4.6404,4480,0
20141120,4.6423,4.6873,4.5963,4.6498,12146,0
20141121,4.6301,4.6873,4.6301,4.6601,3367,0
20141124,4.6179,4.9967,4.6141,4.8411,140131,0
20141125,4.8307,4.9808,4.7811,4.8654,64828,0
20141126,4.8533,4.9151,4.7811,4.8102,222574,0
20141127,4.7641,4.9545,4.7641,4.9545,32365,0
20141128,4.813,4.8748,4.7857,4.8505,29780,0
20141201,4.7942,4.8757,4.7679,4.8457,78196,0
20141202,4.8195,4.8476,4.7848,4.8448,67,0
20141203,4.8298,4.9217,4.7848,4.813,26967,0
20141204,4.8954,4.9629,4.7848,4.8513,21383,0
20141205,4.8569,5.0155,4.8513,4.9751,325085,0
20141208,4.8916,5.1466,4.8916,5.0219,22730,0
20141209,4.9489,5.156,4.9142,4.991,20533,0
20141210,4.9423,5.2122,4.9423,5.1007,51606,0
20141211,5.0426,5.2751,5.0426,5.1598,57127,0
20141212,5.1635,5.2489,5.0989,5.156,13614,0
20141215,5.082,5.3341,5.082,5.2432,23375,0
20141216,5.2413,5.3341,5.1279,5.1775,30130,0
20141217,5.0538,5.9951,5.0538,5.7766,197183,0
20141218,5.6735,5.802,5.5057,5.6079,97615,0
20141219,5.6163,5.9332,5.5695,5.8807,246681,0
20141222,5.8714,6.0925,5.8714,5.9867,41071,0
20141223,5.9257,6.3747,5.9257,6.1835,67287,0
20141229,6.1516,6.341,6.1516,6.3016,121010,0
20141230,6.2163,6.3513,6.2163,6.3494,32809,0
20150102,6.2669,6.6091,6.2669,6.4619,30558,0
20150105,6.43,6.5623,6.2247,6.2622,25879,0
20150106,6.2519,6.43,6.2519,6.281,21514,0
20150107,6.3251,6.4985,6.281,6.281,16923,0
20150108,6.4179,6.5332,6.3185,6.3841,18545,0
20150109,6.3251,6.4685,6.1891,6.3157,20158,0
20150112,6.2876,6.43,6.0363,6.2172,62099,0
20150113,6.1976,6.4216,6.1976,6.3654,18730,0
20150114,6.2547,6.4591,6.2547,6.386,44998,0
20150115,6.4009,6.4675,6.2904,6.3494,15369,0
20150116,6.3157,6.4966,6.2529,6.3747,22114,0
20150119,6.4404,6.9081,6.3944,6.8069,51168,0
20150120,6.7562,6.8434,6.5623,6.684,25981,0
20150121,6.6869,6.8434,6.6569,6.7806,28558,0
20150122,6.7797,7.0872,6.6934,7.0188,39702,0
20150123,6.9204,7.1247,6.9194,7.0056,33920,0
20150126,6.8378,7.0216,6.7591,6.9447,42902,0
20150127,6.8829,6.9841,6.715,6.8022,14122,0
20150128,6.8688,7.0168,6.7966,6.9194,21839,0
20150129,6.88,6.9841,6.7085,6.8547,59987,0
20150130,6.8969,7.1716,6.8556,7.1191,49292,0
20150202,6.9813,7.2887,6.9813,7.1444,28481,0
20150203,7.0825,7.2185,7.0309,7.1228,6486,0
20150204,7.0713,7.2091,7.0309,7.091,17513,0
20150205,6.9822,7.1903,6.9822,7.0525,29813,0
20150206,7.0056,7.1884,6.9972,7.1106,18129,0
20150209,6.9587,7.1153,6.581,6.8247,112560,0
20150210,6.865,7.0309,6.7966,6.9503,9298,0
20150211,6.9672,7.3637,6.9025,7.1237,53720,0
20150212,7.0385,7.2259,7.0132,7.1321,16643,0
20150213,7.1838,7.3122,7.1716,7.2466,11227,0
20150216,7.1922,7.3965,7.015,7.1528,18118,0
20150217,7.1088,7.4519,7.1078,7.3094,30902,0
20150218,7.3553,7.5184,7.2709,7.494,29314,0
20150219,7.4125,7.5475,7.3693,7.4988,20559,0
20150220,7.3693,7.5465,7.3693,7.4912,9081,0
20150223,7.4912,7.5456,7.2887,7.4266,6603,0
20150224,7.3919,7.4988,7.3338,7.4022,14264,0
20150225,7.4312,7.5278,7.3412,7.435,9886,0
20150226,7.435,7.4996,7.2185,7.2568,40733,0
20150227,7.2269,7.4903,7.2269,7.2963,8016,0
20150302,7.2653,7.4809,7.2494,7.3094,16310,0
20150303,7.3318,7.4059,6.6776,7.0188,64997,0
20150304,7.0244,7.1415,6.849,6.9663,37981,0
20150305,6.985,7.2756,6.9841,7.2456,16754,0
20150306,7.256,7.5278,7.256,7.4903,23500,0
20150309,7.3619,7.5465,7.2991,7.3544,35839,0
20150310,7.4725,7.5184,7.3591,7.4866,20475,0
20150311,7.4743,7.6684,7.3619,7.5972,20510,0
20150312,7.5738,7.659,7.4791,7.6028,54454,0
20150313,7.599,7.9403,7.4996,7.8559,76074,0
20150316,7.8709,8.0434,7.5709,7.5709,66455,0
20150317,7.7059,7.7809,7.5278,7.6646,26399,0
20150318,7.6872,7.7799,7.4266,7.5335,35517,0
20150319,7.5531,7.7191,7.5184,7.7097,8769,0
20150320,7.6618,7.9403,7.6431,7.8034,17152,0
20150323,7.7969,8.0341,7.7809,7.9852,33488,0
20150324,7.884,7.9684,7.8747,7.915,3190,0
20150325,7.8747,7.9215,7.6844,7.8231,1280,0
20150326,7.8747,7.9215,7.6825,7.8109,26432,0
20150327,7.8747,7.9215,7.7809,7.7809,7217,0
20150330,7.8268,7.9215,7.7809,7.8578,6171,0
20150331,7.8015,8.05,7.8015,7.84,14477,0
20150401,7.7921,7.8747,7.7059,7.7949,21669,0
20150402,7.7856,7.9159,7.7059,7.8174,14627,0
20150407,7.7903,7.9684,7.7903,7.9637,14573,0
20150408,7.9684,7.9684,7.8475,7.9684,14270,0
20150409,7.9684,7.9684,7.8934,7.8934,682,0
20150410,8.0143,8.2496,7.9693,8.1372,34479,0
20150413,8.2019,8.2037,8.1634,8.2027,29884,0
20150414,8.1184,8.2965,8.1091,8.2965,38949,0
20150415,8.2506,8.2965,8.2027,8.2965,14076,0
20150416,8.2956,8.2965,8.1278,8.1278,8471,0
20150417,8.1746,8.2712,8.0612,8.2684,29176,0
20150420,8.1559,8.3902,7.8765,8.1474,73107,0
20150421,8.1184,8.184,7.9778,7.9787,43854,0
20150422,7.9693,7.9693,7.7809,7.7809,12492,0
20150423,7.734,7.8278,7.4996,7.6862,40890,0
20150424,7.6403,7.8166,7.6121,7.6862,7420,0
20150427,7.5559,7.6806,7.5006,7.6215,22521,0
20150428,7.6207,7.734,7.5465,7.6778,6988,0
20150429,7.5934,7.659,7.5335,7.6309,38849,0
20150430,7.6113,7.6121,7.4996,7.6028,92200,0
20150504,7.5184,7.6375,7.5184,7.5475,15952,0
20150505,7.5456,7.6853,7.5456,7.5981,5628,0
20150506,7.6403,7.6403,7.48,7.6393,45782,0
20150507,7.6384,7.6694,7.4996,7.6684,8815,0
20150508,7.6656,7.6674,7.5569,7.6666,3794,0
20150511,7.6703,7.6872,7.5953,7.6872,7838,0
20150512,7.6862,7.6993,7.6403,7.6403,11341,0
20150513,7.7143,7.734,7.6778,7.734,14159,0
20150514,7.7331,7.7809,7.7331,7.7809,8646,0
20150515,7.7809,7.8278,7.7622,7.8268,17523,0
20150518,7.8278,7.8278,7.6328,7.8278,8596,0
20150519,7.8278,7.8925,7.7622,7.7809,10572,0
20150520,7.7326,7.9201,7.7133,7.8872,24665,0
20150521,7.9984,7.9984,7.8389,7.9443,9016,0
20150522,7.9675,7.9675,7.8292,7.9452,2205,0
20150526,7.8312,7.9423,7.8292,7.8292,3600,0
20150527,7.9124,7.9172,7.8776,7.9133,4602,0
20150528,7.8776,7.9114,7.8486,7.9114,19144,0
20150529,7.9114,7.9114,7.7432,7.7519,23002,0
20150601,7.9404,7.9404,7.7423,7.8292,23207,0
20150602,7.8292,7.8292,7.7809,7.7809,16423,0
20150603,7.7809,7.8167,7.7423,7.7809,13613,0
20150604,7.7326,7.8176,7.7152,7.7152,10565,0
20150605,7.7036,7.8089,7.4909,7.7239,42866,0
20150608,7.8089,7.8089,7.6843,7.7326,13871,0
20150609,7.7229,7.779,7.6562,7.6843,10798,0
20150610,7.7326,7.7326,7.6543,7.6553,17062,0
20150611,7.6562,7.7326,7.6553,7.7316,13883,0
20150612,7.7693,7.7693,7.6553,7.7316,5286,0
20150615,7.7307,7.7326,7.6553,7.6843,26494,0
20150616,7.6456,7.7596,7.5876,7.721,52666,0
20150617,7.7606,7.7606,7.6369,7.6543,1143,0
20150618,7.6456,7.7413,7.5886,7.6843,16424,0
20150619,7.6369,7.6833,7.6263,7.6359,8217,0
20150622,7.6843,7.6843,7.6359,7.6359,6155,0
20150623,7.6369,7.6843,7.5992,7.6263,30915,0
20150624,7.6263,7.6456,7.5876,7.6359,15290,0
20150625,7.6553,7.6553,7.5876,7.6543,1160,0
20150626,7.6543,7.6572,7.5393,7.6572,4145,0
20150629,7.1526,7.4687,6.8385,7.1526,59389,0
20150630,7.3054,7.3054,7.1526,7.1565,14359,0
20150701,7.4465,7.6156,7.4465,7.6156,2957,0
20150702,7.5818,7.5818,7.346,7.346,2923,0
20150703,7.5818,7.6359,7.3576,7.4532,6788,0
20150706,7.5383,7.5383,7.4291,7.4291,2545,0
20150707,7.3179,7.3179,7.143,7.143,10357,0
20150708,7.258,7.259,6.9593,7.1043,41622,0
20150709,7.2329,7.2396,7.1072,7.2396,8303,0
20150710,7.201,7.2686,7.1053,7.1652,4822,0
20150713,7.2493,7.259,7.143,7.2493,2173,0
20150714,7.201,7.257,7.1439,7.2493,9016,0
20150715,7.2483,7.2609,7.2483,7.2609,3582,0
20150716,7.2483,7.2493,7.1439,7.1555,453,0
20150717,7.2493,7.2648,7.1449,7.1449,6034,0
20150720,7.1517,7.1536,7.143,7.1439,19807,0
20150721,7.1526,7.2387,7.1149,7.1149,2178,0
20150722,7.1517,7.2493,7.1507,7.1526,6485,0
20150723,7.1526,7.1526,7.0956,7.0956,3839,0
20150724,7.1517,7.1526,7.0666,7.1526,783,0
20150727,7.1526,7.1526,7.0666,7.1526,5506,0
20150728,7.1526,7.1526,7.0656,7.0927,6707,0
20150729,7.2628,7.2628,7.0463,7.0463,4687,0
20150730,7.1043,7.2715,7.0598,7.0598,7744,0
20150731,7.8776,8.3512,7.6069,7.9162,712300,0
20150803,7.9259,7.9259,7.7519,7.8099,75846,0
20150804,7.7529,7.8292,7.7529,7.8283,41689,0
20150805,7.7819,7.8244,7.7819,7.8022,10242,0
20150806,7.8099,7.8389,7.7326,7.8283,59921,0
20150807,7.8283,7.9056,7.8099,7.8756,69492,0
20150810,7.9162,7.9733,7.9153,7.9549,41214,0
20150811,7.9742,7.9742,7.8012,7.9162,93073,0
20150812,7.7432,7.7509,7.6243,7.7326,22996,0
20150813,7.8582,7.8582,7.6649,7.7307,14164,0
20150814,7.7326,7.8273,7.46,7.8089,54418,0
20150817,7.9066,7.9066,7.6939,7.8196,104491,0
20150818,7.8186,7.8292,7.7799,7.7809,29039,0
20150819,7.7413,7.8225,7.6359,7.7326,175232,0
20150820,7.7316,7.7336,7.5199,7.5199,124012,0
20150821,7.1526,7.6253,7.1526,7.5982,51805,0
20150824,7.4909,7.5402,7.056,7.0763,164736,0
20150825,7.3015,7.6388,7.3015,7.4378,26323,0
20150826,7.4416,7.6843,7.4416,7.6843,18850,0
20150827,7.7326,7.7809,7.6379,7.7326,169145,0
20150828,7.7326,7.8669,7.6862,7.6862,257480,0
20150831,7.7423,7.8176,7.7316,7.7838,18471,0
20150901,7.7326,7.7326,7.5499,7.6843,46117,0
20150902,7.7316,7.7316,7.6843,7.6843,23899,0
20150903,7.6843,7.7761,7.6843,7.7316,23796,0
20150904,7.6833,7.7326,7.6369,7.7326,3314,0
20150907,7.7326,7.7326,7.6582,7.7239,3443,0
20150908,7.6843,7.6843,7.6359,7.6359,4858,0
20150909,7.7316,7.7809,7.6359,7.7809,49833,0
20150910,7.7133,7.7316,7.6446,7.7229,14579,0
20150911,7.6466,7.7326,7.6466,7.7326,10596,0
20150914,7.6456,7.6843,7.6166,7.6843,5761,0
20150915,7.6359,7.6823,7.5489,7.5876,6312,0
20150916,7.721,7.721,7.6195,7.6978,7533,0
20150917,7.722,7.7229,7.604,7.7229,4493,0
20150918,7.7268,7.7268,7.4909,7.6359,1884,0
20150921,7.635,7.6659,7.5219,7.6659,8899,0
20150922,7.6814,7.6814,7.548,7.548,3018,0
20150923,7.5866,7.5876,7.4252,7.5876,2111,0
20150924,7.6359,7.6359,7.2744,7.346,6280,0
20150925,7.346,7.6398,7.346,7.6359,13032,0
20150928,7.6746,7.6746,7.5257,7.6205,2860,0
20150929,7.5228,7.6707,7.3721,7.5779,2435,0
20150930,7.375,7.5586,7.375,7.5383,570,0
20151001,7.5915,7.5924,7.4001,7.4001,757,0
20151002,7.5103,7.5712,7.4465,7.4542,2841,0
20151005,7.3585,7.5199,7.3585,7.3953,672,0
20151006,7.4039,7.4716,7.3566,7.4716,6534,0
20151007,7.5567,7.5567,7.4909,7.4919,2281,0
20151008,7.4281,7.5567,7.4281,7.4291,1041,0
20151009,7.4474,7.4474,7.4474,7.4474,304,0
20151012,7.4416,7.5296,7.4039,7.5296,3591,0
20151013,7.3556,7.5296,7.3556,7.3962,2117,0
20151014,7.5093,7.5093,7.3972,7.4909,1941,0
20151015,7.49,7.49,7.1623,7.2493,9317,0
20151016,7.2493,7.2493,7.1681,7.2406,3016,0
20151019,7.1894,7.4426,7.1894,7.3092,18456,0
20151020,7.346,7.4426,7.2512,7.4426,20847,0
20151021,7.4416,7.4426,7.2735,7.3479,7875,0
20151022,7.3489,7.4426,7.288,7.3953,25379,0
20151023,7.4426,7.5383,7.3943,7.489,12325,0
20151026,7.4909,7.4909,7.3469,7.3634,2239,0
20151027,7.346,7.4407,7.2735,7.345,1906,0
20151028,7.2561,7.4426,7.2512,7.2976,5667,0
20151029,7.317,7.317,7.056,7.056,15896,0
20151030,7.1043,7.345,7.0898,7.3073,25230,0
20151102,7.201,7.2976,7.0656,7.2976,11659,0
20151103,7.346,7.5373,7.2493,7.5373,94717,0
20151104,7.3721,7.5393,7.2493,7.3837,6508,0
20151105,7.2474,7.3827,7.1623,7.1623,10946,0
20151106,7.2493,7.2493,7.0454,7.056,29870,0
20151109,7.056,7.2493,7.056,7.1816,13879,0
20151110,7.1526,7.1526,6.9497,7.0512,911,0
20151111,7.1159,7.1159,6.911,6.911,2111,0
20151112,6.8627,6.9487,6.6017,6.766,32522,0
20151113,6.766,6.8723,6.679,6.767,16508,0
20151116,6.766,6.9593,6.766,6.8153,7571,0
20151117,6.9013,7.1536,6.8627,7.0173,17950,0
20151118,7.0173,7.0173,6.912,6.9303,5822,0
20151119,7.0077,7.1043,6.9593,6.9613,13199,0
20151120,6.968,7.0028,6.9593,6.9593,14834,0
20151123,7.0077,7.056,6.9593,6.9738,22767,0
20151124,7.0077,7.0077,6.94,6.969,3492,0
20151125,6.9497,6.9497,6.94,6.9497,1471,0
20151126,6.8636,6.9487,6.8627,6.9255,7476,0
20151127,6.9487,6.9487,6.7834,6.8627,8765,0
20151130,6.8143,6.8143,6.7718,6.8143,7929,0
20151201,6.939,6.9574,6.8143,6.8723,5358,0
20151202,6.767,6.795,6.766,6.766,5985,0
20151203,6.766,6.767,6.766,6.767,1658,0
20151207,6.7998,6.7998,6.7689,6.7689,2433,0
20151208,6.767,6.767,6.766,6.766,2533,0
20151209,6.7283,6.7283,6.621,6.6694,12784,0
20151210,6.8646,6.8646,6.767,6.8433,2130,0
20151211,6.6752,6.6752,6.6694,6.6694,2621,0
20151214,6.6761,6.6761,6.6694,6.6732,973,0
20151215,6.6742,6.6742,6.6742,6.6742,1035,0
20151216,6.7409,6.7409,6.6703,6.6703,1483,0
20151217,6.7554,6.7554,6.7554,6.7554,1035,0
20151218,6.7409,6.7563,6.6694,6.6694,4626,0
20151221,6.7563,6.7563,6.7563,6.7563,103,0
20151228,6.6703,6.6703,6.6703,6.6703,456,0
20151229,6.7969,6.7979,6.767,6.7757,5183,0
20151230,6.7689,6.8201,6.7689,6.8201,275,0
20160104,6.9497,6.9584,6.9497,6.9584,783,0
20160105,6.8192,6.8192,6.8192,6.8192,233,0
20160107,6.8047,6.8627,6.8047,6.824,1190,0
20160108,6.6471,6.6471,6.6471,6.6471,621,0
20160111,6.6114,6.6114,6.6114,6.6114,614,0
20160112,6.5737,6.5737,6.5727,6.5727,2158,0
20160113,6.766,6.766,6.766,6.766,4656,0
20160114,6.7177,6.7177,6.6984,6.6984,4345,0
20160118,6.6694,6.6694,6.621,6.621,6171,0
20160120,6.5727,6.5727,6.5727,6.5727,2177,0
20160121,6.6665,6.6694,6.6665,6.6694,517,0
20160126,6.5244,6.5244,6.476,6.476,5004,0
20160127,6.4277,6.476,6.4277,6.4277,11117,0
20160128,6.4751,6.476,6.4277,6.4277,13822,0
20160129,6.389,6.389,6.2827,6.2827,8801,0
20160201,6.3446,6.4277,6.304,6.304,4449,0
20160202,6.3311,6.3803,6.3311,6.3794,5676,0
20160203,6.3794,6.5524,6.3794,6.5524,6485,0
20160205,6.3533,6.3794,6.3523,6.3794,2810,0
20160208,6.3842,6.3842,6.3794,6.3794,5052,0
20160209,6.3803,6.3803,6.3523,6.3523,1594,0
20160212,6.3021,6.332,6.3021,6.332,1771,0
20160215,6.534,6.534,6.534,6.534,430,0
20160219,6.5727,6.5727,6.5727,6.5727,34,0
20160222,6.7563,6.824,6.7563,6.824,20124,0
20160223,6.8636,6.911,6.767,6.767,4021,0
20160224,6.766,6.766,6.5824,6.5824,4656,0
20160225,6.7457,6.7457,6.7457,6.7457,103,0
20160226,6.7418,6.7418,6.679,6.679,1266,0
20160229,6.5833,6.6017,6.5737,6.5737,1550,0
20160301,6.5746,6.5746,6.5746,6.5746,1573,0
20160302,6.622,6.7476,6.621,6.7476,2950,0
20160304,6.7612,6.7612,6.7612,6.7612,414,0
20160307,6.5853,6.5853,6.5853,6.5853,1035,0
20160308,6.5891,6.5891,6.5833,6.5833,1944,0
20160310,6.679,6.679,6.679,6.679,1552,0
20160311,6.7612,6.766,6.679,6.679,4720,0
20160314,6.8627,6.8627,6.8627,6.8627,52,0
20160315,6.766,6.766,6.766,6.766,207,0
20160316,6.766,6.766,6.766,6.766,6640,0
20160321,6.765,6.765,6.765,6.765,336,0
20160322,6.765,6.767,6.765,6.766,6102,0
20160323,6.766,6.766,6.766,6.766,1446,0
20160324,6.91,6.91,6.91,6.91,100,0
20160401,6.9487,6.9487,6.8627,6.8627,440,0
20160404,6.8617,6.9516,6.8617,6.9516,1847,0
20160405,7.0067,7.0067,6.8627,6.911,2353,0
20160408,6.9584,6.9584,6.9584,6.9584,408,0
20160411,6.9593,6.9593,6.8627,6.912,3350,0
20160413,6.8627,6.8627,6.679,6.766,14438,0
20160414,6.8752,6.8762,6.8665,6.8665,1300,0
20160418,6.9787,6.9787,6.8627,6.8627,8553,0
20160420,6.8143,6.8143,6.5727,6.6065,26916,0
20160421,6.6075,6.6075,6.6075,6.6075,1752,0
20160422,6.7757,6.7757,6.7757,6.7757,70,0
20160425,6.8172,6.8279,6.8172,6.8279,4236,0
20160426,6.8627,6.8627,6.8627,6.8627,741,0
20160427,6.8627,6.8627,6.8627,6.8627,2060,0
20160502,6.911,6.911,6.911,6.911,517,0
20160505,6.8627,6.8627,6.8627,6.8627,259,0
20160509,6.8627,6.8627,6.8627,6.8627,219,0
20160511,6.6858,6.6858,6.621,6.6819,1310,0
20160512,6.765,6.765,6.679,6.679,888,0
20160513,6.679,6.679,6.679,6.679,538,0
20160517,6.766,6.766,6.766,6.766,2726,0
20160520,6.766,6.766,6.766,6.766,210,0
20160523,6.8143,6.8627,6.8143,6.8617,458,0
20160524,6.766,6.766,6.766,6.766,21,0
20160525,6.766,6.766,6.766,6.766,2087,0
20160526,6.8627,6.8627,6.8627,6.8627,207,0
20160601,6.6703,6.6703,6.6703,6.6703,149,0
20160602,6.6713,6.6713,6.6703,6.6703,679,0
20160603,6.6713,6.6713,6.6703,6.6703,3667,0
20160606,6.623,6.623,6.623,6.623,2510,0
20160607,6.623,6.6703,6.6703,6.6703,310,0
20160608,6.8288,6.8288,6.8288,6.8288,414,0
20160609,6.679,6.679,6.679,6.679,2690,0
20160614,6.6201,6.6819,6.5244,6.5244,6644,0
20160615,6.5244,6.5244,6.5244,6.5244,198,0
20160616,6.5244,6.5244,6.5244,6.5244,1031,0
20160617,6.5253,6.5253,6.4954,6.4954,1020,0
20160620,6.8627,6.8627,6.8627,6.8627,61,0
20160621,6.6694,6.6694,6.6694,6.6694,811,0
20160622,6.5253,6.5253,6.5244,6.5253,2774,0
20160623,6.8143,6.8143,6.3794,6.3794,8534,0
20160624,6.3794,6.3794,6.2827,6.3794,3892,0
20160627,6.4876,6.5746,6.4876,6.5746,1172,0
20160628,6.6549,6.6558,6.4577,6.4586,7523,0
20160629,6.5157,6.5157,6.4403,6.4412,5342,0
20160630,6.6191,6.6191,6.5727,6.5727,1674,0
20160701,6.4412,6.4422,6.4412,6.4422,130,0
20160704,6.6172,7.2493,6.6172,7.229,6722,0
20160705,7,7.049,6.899,7.049,274,0
20160706,7.019,7.019,6.999,6.999,1010,0
20160707,6.849,6.849,6.849,6.849,1388,0
20160712,6.8,6.8,6.8,6.8,1500,0
20160713,6.752,6.752,6.708,6.708,3055,0
20160714,6.708,6.708,6.708,6.708,1,0
20160718,6.648,6.85,6.648,6.85,501,0
20160719,6.85,6.939,6.85,6.939,109,0
20160722,6.84,6.84,6.829,6.829,9,0
20160727,6.785,6.785,6.621,6.621,2829,0
20160729,6.625,6.78,6.624,6.78,2675,0
20160801,6.779,6.779,6.601,6.601,5573,0
20160802,6.6,6.6,6.6,6.6,1000,0
20160808,6.675,6.675,6.56,6.56,4240,0
20160809,6.55,6.55,6.55,6.55,5000,0
20160811,6.514,6.514,6.514,6.514,619,0
20160812,6.55,6.618,6.55,6.618,2000,0
20160815,6.772,6.8,6.772,6.8,3000,0
20160816,6.725,6.75,6.725,6.75,1182,0
20160817,6.659,6.799,6.658,6.794,4425,0
20160818,6.8,6.8,6.8,6.8,2000,0
20160819,6.634,6.667,6.634,6.635,6786,0
20160822,6.6,6.79,6.6,6.71,14425,0
20160823,6.799,6.8,6.679,6.68,4667,0
20160825,6.573,6.58,6.499,6.53,12612,0
20160826,6.5,6.5,6.423,6.423,2867,0
20160830,6.65,6.7,6.65,6.7,15447,0
20160831,6.75,6.75,6.65,6.65,8173,0
20160901,6.65,6.75,6.65,6.75,1200,0
20160902,6.75,6.75,6.65,6.65,1329,0
20160905,6.7,6.792,6.6,6.792,5975,0
20160906,6.792,6.795,6.609,6.609,4665,0
20160907,6.721,6.721,6.721,6.721,2000,0
20160908,6.689,6.69,6.689,6.69,790,0
20160912,6.679,6.821,6.679,6.8,4533,0
20160913,6.651,6.651,6.6,6.6,9670,0
20160914,6.7,6.7,6.7,6.7,150,0
20160916,6.7,6.805,6.7,6.805,2051,0
20160919,6.79,6.79,6.789,6.789,1200,0
20160920,6.8,6.8,6.7,6.799,905,0
20160923,6.8,6.8,6.8,6.8,350,0
20160926,6.8,6.8,6.7,6.7,668,0
20160927,6.75,6.75,6.7,6.7,200,0
20160930,6.685,6.685,6.685,6.685,1000,0
20161004,6.8,6.8,6.799,6.799,1398,0
20161005,6.807,6.807,6.681,6.681,2057,0
20161006,6.601,6.601,6.6,6.6,2826,0
20161007,6.607,6.607,6.607,6.607,367,0
20161010,6.607,6.512,6.512,6.512,800,0
20161012,6.5,6.5,6.5,6.5,2359,0
20161014,6.501,6.501,6.5,6.5,1175,0
20161017,6.668,6.668,6.431,6.431,3658,0
20161018,6.431,6.434,6.431,6.434,500,0
20161019,6.499,6.5,6.499,6.5,500,0
20161020,6.499,6.542,6.499,6.542,3183,0
20161021,6.501,6.501,6.499,6.5,5402,0
20161026,6.52,6.52,6.05,6.212,49003,0
20161027,6.373,6.374,6.3,6.35,3749,0
20161028,6.351,6.351,6.21,6.21,4375,0
20161101,6.399,6.399,6.399,6.399,20,0
20161103,6.3,6.35,6.3,6.349,1907,0
20161107,6.399,6.399,6.399,6.399,240,0
20161108,6.22,6.22,6.16,6.16,9240,0
20161109,6.373,6.373,6.373,6.373,1000,0
20161110,6.203,6.21,6.16,6.16,6560,0
20161111,6.167,6.167,6.115,6.115,1272,0
20161115,6.219,6.219,6.115,6.138,3528,0
20161116,6.12,6.12,6.12,6.12,3153,0
20161117,6.199,6.2,6.199,6.2,847,0
20161118,6.15,6.15,6.15,6.15,307,0
20161123,6.3,6.3,6.3,6.3,300,0
20161124,6.3,6.3,6.27,6.27,576,0
20161128,6.33,6.33,6.33,6.33,72,0
20161201,6.394,6.394,6.394,6.394,3100,0
20161202,6.25,6.25,6.25,6.25,2161,0
20161206,6.16,6.16,6.11,6.11,7541,0
20161207,6.2,6.2,6.2,6.2,500,0
20161209,6.327,6.327,6.327,6.327,79,0
20161212,6.181,6.181,6.18,6.18,1000,0
20161213,6.2,6.201,6.2,6.201,950,0
20161214,6.201,6.201,6.2,6.2,950,0
20161215,6.2,6.2,6.2,6.2,1200,0
20161219,6.2,6.397,6.2,6.397,1040,0
20161220,6.389,6.389,6.389,6.389,137,0
20161221,6.35,6.35,6.35,6.35,500,0
20161222,6.208,6.208,6.2,6.2,5000,0
20161223,6.23,6.3,6.23,6.3,2278,0
20161227,6.251,6.389,6.251,6.389,514,0
20161228,6.256,6.256,6.25,6.25,3079,0
20161229,6.332,6.395,6.201,6.201,2432,0
20161230,6.26,6.313,6.25,6.313,2900,0
20170102,6.396,6.501,6.211,6.5,7373,0
20170103,6.5,6.6,6.5,6.52,11631,0
20170104,6.502,6.512,6.501,6.512,3871,0
20170105,6.502,6.6,6.502,6.6,7900,0
20170106,6.565,6.565,6.565,6.565,1941,0
20170109,6.517,6.669,6.517,6.563,5866,0
20170110,6.564,6.7,6.564,6.7,8894,0
20170112,6.59,6.8,6.59,6.8,7255,0
20170113,6.761,6.923,6.76,6.923,1122,0
20170116,6.94,7,6.902,6.902,14365,0
20170117,6.861,6.861,6.861,6.861,200,0
20170120,7.2,7.2,7.089,7.089,1575,0
20170123,7.19,7.19,7.119,7.119,471,0
20170124,7.001,7.026,6.989,7.026,13131,0
20170125,7,7.097,7,7.097,895,0
20170126,6.901,7.099,6.901,7.099,2110,0
20170127,7,7.099,7,7.095,780,0
20170130,7,7.001,7.001,7.001,500,0
20170131,7,7,7,7,5470,0
20170201,7.049,7.049,7.049,7.049,141,0
20170202,7.048,7.07,7.048,7.05,2103,0
20170206,6.901,7.049,6.901,7.049,1604,0
20170207,6.931,6.951,6.925,6.925,6839,0
20170208,6.93,7.1,6.85,6.95,26899,0
20170209,6.951,6.951,6.951,6.951,250,0
20170210,7.05,7.05,7,7.05,8497,0
20170213,7.166,7.272,7.166,7.188,14455,0
20170214,7.079,7.101,7.007,7.1,4642,0
20170216,7.1,7.1,7.1,7.1,1000,0
20170220,7.198,7.2,7.101,7.11,7011,0
20170221,7.294,7.8,7.294,7.511,10715,0
20170222,7.789,7.789,7.65,7.65,15183,0
20170223,7.65,7.779,7.5,7.5,15326,0
20170224,7.5,7.5,7.498,7.498,1000,0
20170227,7.527,7.527,7.406,7.406,1100,0
20170228,7.518,7.518,7.518,7.518,250,0
20170301,7.499,7.499,7.499,7.499,500,0
20170302,7.387,7.5,7.387,7.5,2035,0
20170303,7.5,7.5,7.398,7.398,32978,0
20170306,7.412,7.412,7.381,7.381,8050,0
20170307,7.347,7.35,7.346,7.35,5052,0
20170308,7.499,7.5,7.422,7.422,2350,0
20170309,7.346,7.346,7.346,7.346,100,0
20170310,7.37,7.37,7.346,7.346,7801,0
20170313,7.4,7.4,7.4,7.4,1318,0
20170315,7.44,7.44,7.28,7.28,2237,0
20170316,7.391,7.392,7.3,7.3,889,0
20170317,7.25,7.3,7.235,7.3,2000,0
20170321,7.201,7.201,7.18,7.18,2360,0
