Date,Open,High,Low,Close,Volume,OpenInt
20110415,18.62,21.154,18.62,21.154,4231323,0
20110418,20.745,21.349,20.233,20.472,481999,0
20110419,20.413,20.759,19.984,20.662,147463,0
20110420,20.413,20.564,20.311,20.472,268331,0
20110421,20.272,21.159,20.116,21.159,128685,0
20110426,21.008,21.3,20.774,20.959,135579,0
20110427,20.862,21.349,20.793,20.959,161719,0
20110428,21.203,21.286,20.818,21.203,63537,0
20110429,21.062,21.3,20.56,21.203,62518,0
20110502,21.13,21.627,20.959,21.193,29690,0
20110503,21.144,22.909,20.959,21.305,166147,0
20110504,21.261,21.32,20.438,20.647,63686,0
20110505,20.579,20.974,20.277,20.686,28284,0
20110506,20.599,21.203,20.355,21.164,99616,0
20110509,20.876,21.218,20.599,20.672,10502,0
20110510,20.608,21.076,20.491,21.018,35712,0
20110511,20.837,21.037,20.657,20.94,5228,0
20110512,20.793,20.876,20.569,20.852,8170,0
20110513,20.662,21.261,20.472,21.213,28305,0
20110516,21.081,21.291,20.599,20.793,22018,0
20110517,20.657,20.959,20.287,20.384,34482,0
20110518,20.521,21.154,20.033,21.154,82916,0
20110519,20.959,21.154,20.735,21.008,13968,0
20110520,20.774,21.378,20.657,21.378,47095,0
20110523,20.906,21.398,20.677,20.862,37663,0
20110524,20.657,20.862,20.282,20.599,8339,0
20110525,20.491,20.842,20.472,20.569,12129,0
20110526,20.179,20.784,20.179,20.482,17649,0
20110527,20.384,20.784,19.838,20.394,33714,0
20110530,20.135,21.169,20.135,21.008,15254,0
20110531,20.837,21.851,20.394,21.851,75368,0
20110601,22.222,22.753,20.472,22.275,81451,0
20110602,22.051,22.373,22.032,22.1,30085,0
20110603,21.958,22.612,21.856,22.382,49951,0
20110606,22.222,23.387,22.168,23.133,50429,0
20110607,23.172,23.504,22.626,22.967,59507,0
20110608,23.128,23.128,22.051,22.451,19518,0
20110609,22.451,22.963,22.08,22.753,39223,0
20110610,22.451,22.763,22.29,22.573,57929,0
20110613,22.451,23.055,22.202,22.889,33787,0
20110614,22.558,23.348,22.558,23.348,24557,0
20110615,22.914,23.543,22.914,23.299,73734,0
20110616,22.909,23.299,22.421,22.421,30989,0
20110617,22.314,22.909,22.08,22.616,246235,0
20110620,22.446,22.665,22.29,22.616,40497,0
20110621,22.29,22.704,22.129,22.616,55626,0
20110622,22.456,22.626,22.227,22.421,39730,0
20110623,22.236,22.616,22.08,22.227,8169,0
20110624,22.119,22.616,21.997,21.997,20751,0
20110627,21.919,22.407,21.754,21.919,17205,0
20110628,21.978,22.714,21.573,21.978,74676,0
20110629,22.095,22.636,22.095,22.144,24790,0
20110630,22.285,23.055,22.285,22.343,82656,0
20110701,22.85,23.689,22.797,22.85,54861,0
20110704,23.469,24.088,22.704,23.469,43455,0
20110705,23.08,23.625,22.69,23.08,33257,0
20110706,23.172,23.708,22.451,23.172,91005,0
20110707,22.524,23.201,22.48,22.524,68085,0
20110708,23.006,23.494,22.714,23.006,69718,0
20110711,23.07,23.445,22.334,23.123,47854,0
20110712,22.714,23.499,22.324,22.714,76441,0
20110713,22.894,23.387,22.685,22.894,40888,0
20110714,22.967,23.221,22.402,22.914,38647,0
20110715,22.431,23.104,22.227,22.982,39689,0
20110718,22.655,23.235,22.451,22.655,29324,0
20110719,22.621,23.348,22.329,22.621,30505,0
20110720,22.748,23.196,22.421,22.782,44009,0
20110721,22.421,23.494,22.197,22.319,57990,0
20110722,22.909,23.182,22.626,22.733,63102,0
20110725,22.972,23.396,22.87,22.87,52152,0
20110726,23.528,23.528,23.036,23.065,48837,0
20110727,23.557,23.664,22.958,23.036,23697,0
20110728,23.664,23.664,22.841,23.114,22722,0
20110729,22.992,23.835,22.992,22.992,21466,0
20110801,23.835,24.176,21.588,22.373,101545,0
20110802,23.118,23.43,22.972,23.118,14195,0
20110803,22.831,22.972,21.651,22.568,33840,0
20110804,21.788,22.519,21.335,21.671,35934,0
20110805,21.754,21.754,20.672,20.915,139849,0
20110808,21.057,21.247,20.179,20.925,123372,0
20110809,20.272,20.808,19.809,20.272,132874,0
20110810,20.667,20.93,20.082,20.369,76939,0
20110811,20.472,20.754,20.018,20.477,52950,0
20110812,20.131,20.857,20.131,20.131,84736,0
20110815,20.087,20.847,19.979,20.087,53429,0
20110816,20.433,21.032,20.038,20.038,46616,0
20110817,20.657,21.076,20.647,20.701,104148,0
20110818,20.75,20.959,20.521,20.75,41785,0
20110819,20.725,21.383,20.374,20.764,121618,0
20110822,20.423,20.862,20.418,20.862,37698,0
20110823,20.511,20.862,20.277,20.511,58606,0
20110824,20.355,20.779,20.355,20.355,31481,0
20110825,20.769,21.076,20.326,20.326,25997,0
20110826,20.535,21.218,20.53,21.008,42570,0
20110829,20.74,21.227,20.686,20.813,25582,0
20110830,20.949,21.101,20.618,20.74,44255,0
20110831,20.774,22.129,20.73,21.885,66022,0
20110901,21.71,22.032,21.447,21.447,77328,0
20110902,21.393,22.027,21.261,21.739,59030,0
20110905,21.885,21.885,21.213,21.432,49728,0
20110906,20.949,21.832,20.949,21.676,31081,0
20110907,21.486,22.285,21.486,22.246,61673,0
20110908,22.032,22.519,22.032,22.412,58570,0
20110909,22.28,22.421,21.9,22.153,39034,0
20110912,21.954,22.085,21.495,22.085,39645,0
20110913,22.3,22.3,21.739,21.788,42652,0
20110914,21.398,22.222,21.398,22.178,62773,0
20110915,21.895,22.568,21.895,22.227,109838,0
20110916,22.075,23.104,22.075,22.69,441852,0
20110919,22.524,22.821,21.997,22.538,91851,0
20110920,22.392,22.699,21.983,22.129,85843,0
20110921,22.129,22.304,21.89,22.256,45669,0
20110922,21.832,22.119,21.695,21.754,60297,0
20110923,21.754,21.983,20.389,21.354,61783,0
20110926,21.276,21.544,20.886,20.886,59815,0
20110927,21.383,21.612,20.832,21.413,90447,0
20110928,21.413,21.413,20.672,20.862,51639,0
20110929,20.33,21.14,20.33,20.413,129180,0
20110930,20.413,20.862,20.228,20.832,82890,0
20111003,20.443,20.808,20.014,20.369,21912,0
20111004,20.369,20.696,19.648,19.921,96281,0
20111005,20.111,20.262,19.507,19.819,88064,0
20111006,19.819,20.715,19.575,20.715,75394,0
20111007,20.715,20.993,20.277,20.525,20686,0
20111010,20.73,20.969,20.096,20.428,33794,0
20111011,20.428,20.657,19.945,20.355,34796,0
20111012,20.296,20.623,19.887,20.101,65889,0
20111013,20.072,21.349,19.692,21.339,702753,0
20111014,21.339,21.666,21.057,21.588,164955,0
20111017,21.695,21.997,21.364,21.715,105511,0
20111018,21.666,22.075,21.559,21.997,63851,0
20111019,22.149,22.519,21.827,22.368,46569,0
20111020,22.197,22.509,21.934,22.373,93933,0
20111021,22.378,22.519,22.3,22.363,72024,0
20111024,22.626,23.284,22.324,22.534,90821,0
20111025,22.499,22.924,22.29,22.309,57940,0
20111026,22.402,22.553,22.163,22.436,35936,0
20111027,22.441,23.041,22.441,22.967,114988,0
20111028,22.967,23.313,22.641,23.206,70820,0
20111031,23.196,23.333,22.855,22.982,47831,0
20111101,22.826,23.006,22.251,22.524,110318,0
20111102,22.548,23.153,22.314,22.534,56842,0
20111103,22.348,22.919,21.958,22.699,33650,0
20111104,22.699,23.391,22.602,23.391,33641,0
20111107,23.391,23.391,22.651,23.235,54730,0
20111108,23.25,23.396,23.036,23.313,80112,0
20111109,23.357,23.908,23.045,23.172,76464,0
20111110,22.875,23.567,22.68,22.997,33906,0
20111111,23.377,23.494,22.836,22.914,25448,0
20111114,23.026,23.274,22.012,22.056,62291,0
20111115,22.168,22.436,21.827,22.227,71003,0
20111116,22.227,22.904,21.837,22.846,53499,0
20111117,22.846,22.909,22.426,22.772,38425,0
20111118,22.772,22.841,22.304,22.421,90554,0
20111121,22.285,22.675,21.5,22.202,64667,0
20111122,22.202,22.509,22.007,22.158,81970,0
20111123,22.158,22.709,21.963,22.3,60117,0
20111124,22.3,22.421,21.447,21.7,75670,0
20111125,21.568,21.783,21.169,21.354,116139,0
20111128,21.354,21.832,21.339,21.754,25044,0
20111129,21.754,22.071,21.642,22.022,86166,0
20111130,22.022,23.494,21.778,23.114,373525,0
20111201,23.114,23.279,22.421,22.582,84090,0
20111202,22.582,23.011,22.421,22.933,43856,0
20111205,22.933,23.323,22.68,22.792,29054,0
20111206,22.792,22.928,21.876,22.329,103718,0
20111207,22.329,22.485,22.032,22.217,40144,0
20111208,22.217,22.641,22.046,22.49,58848,0
20111209,22.49,22.568,22.061,22.295,45276,0
20111212,22.295,22.417,21.281,21.442,49649,0
20111213,21.442,21.651,21.261,21.364,38804,0
20111214,21.364,21.583,20.389,20.506,155121,0
20111215,20.506,21.066,20.379,20.652,172997,0
20111216,20.677,21.281,20.608,20.706,358499,0
20111219,20.706,20.93,20.486,20.564,86379,0
20111220,20.564,21.066,20.316,20.915,136712,0
20111221,20.915,21.529,20.832,21.105,65365,0
20111222,21.105,21.296,21.018,21.169,43008,0
20111223,21.169,21.443,21.096,21.378,43166,0
20111227,21.378,21.481,21.232,21.481,24086,0
20111228,21.481,21.495,21.218,21.31,29211,0
20111229,21.31,21.788,21.218,21.788,55024,0
20111230,21.788,21.88,21.447,21.837,46800,0
20120102,21.646,22.09,21.593,22.041,25897,0
20120103,22.041,22.304,21.793,22.222,46590,0
20120104,22.222,22.256,21.305,21.593,69314,0
20120105,21.593,21.593,20.764,20.867,70064,0
20120106,20.867,21.144,20.75,20.886,111505,0
20120109,20.886,21.164,20.652,20.754,148698,0
20120110,20.691,21.544,20.691,21.442,70087,0
20120111,21.33,21.637,21.3,21.461,60881,0
20120112,21.461,21.778,21.032,21.637,76934,0
20120113,21.637,22.421,21.476,21.837,1152537,0
20120116,21.837,22.397,21.715,22.192,107038,0
20120117,22.329,22.607,21.997,22.475,198565,0
20120118,22.475,22.509,22.27,22.431,70697,0
20120119,22.431,23.46,22.334,23.274,148063,0
20120120,23.274,23.494,23.031,23.304,336059,0
20120123,23.304,23.414,22.748,22.797,63883,0
20120124,22.797,23.026,22.573,22.685,51983,0
20120125,22.685,22.909,22.426,22.548,75474,0
20120126,22.685,23.324,22.529,23.265,67897,0
20120127,23.265,23.391,22.982,23.304,34870,0
20120130,23.206,23.206,22.733,22.904,32547,0
20120131,22.904,23.104,22.68,22.772,109418,0
20120201,23.114,23.372,23.104,23.235,122236,0
20120202,23.235,23.328,23.002,23.27,73798,0
20120203,23.25,23.294,22.862,22.885,75404,0
20120206,22.885,23.143,22.792,22.792,65883,0
20120207,22.914,23.055,22.753,22.894,95443,0
20120208,22.894,23.25,22.763,23.084,21935,0
20120209,23.031,23.44,23.026,23.08,25981,0
20120210,23.265,23.445,23.065,23.065,33760,0
20120213,23.133,23.396,23.128,23.201,18911,0
20120214,23.201,23.377,22.948,23.055,22102,0
20120215,23.055,23.25,22.821,22.992,46597,0
20120216,23.016,23.348,22.816,23.172,162113,0
20120217,23.279,23.348,23.026,23.162,58841,0
20120220,23.211,23.348,22.811,22.953,97975,0
20120221,22.967,23.065,22.553,22.831,90997,0
20120222,22.846,22.86,22.519,22.534,72779,0
20120223,22.807,22.811,22.499,22.587,126977,0
20120224,22.626,22.719,22.524,22.675,34770,0
20120227,22.675,22.714,22.524,22.631,14857,0
20120228,22.66,23.05,22.66,22.967,33538,0
20120229,22.982,23.065,22.894,23.026,60685,0
20120301,23.026,23.18,22.714,22.87,77609,0
20120302,22.894,22.967,22.782,22.875,109896,0
20120305,22.88,22.88,22.587,22.67,69472,0
20120306,22.699,22.704,22.066,22.066,124098,0
20120307,22.339,23.284,22.124,22.743,132065,0
20120308,22.826,23.226,22.826,23.138,78758,0
20120309,23.25,23.46,23.041,23.148,125160,0
20120312,23.25,23.601,23.04,23.474,126347,0
20120313,23.577,24.147,23.528,23.806,129745,0
20120314,23.928,24.605,23.923,24.376,73248,0
20120315,24.493,24.586,23.923,24.41,108911,0
20120316,24.522,24.722,24.293,24.63,268833,0
20120319,24.746,24.761,24.118,24.342,70771,0
20120320,24.62,24.65,24.235,24.61,67588,0
20120321,24.717,24.727,24.425,24.435,62788,0
20120322,24.576,24.732,23.928,24.498,91828,0
20120323,24.566,24.581,24.157,24.254,51655,0
20120326,24.527,24.527,24.283,24.366,52855,0
20120327,24.4,25.322,24.332,25.044,134572,0
20120328,25.156,25.206,24.824,25.122,86186,0
20120329,25.219,25.234,24.254,24.698,104477,0
20120330,24.922,25.346,24.922,25.224,157492,0
20120402,25.336,25.741,25.156,25.302,124799,0
20120403,25.366,25.478,25.049,25.049,68379,0
20120404,25.136,25.234,24.625,24.86,118943,0
20120405,25.136,25.395,24.839,25.219,144617,0
20120410,25.136,25.492,25.029,25.136,93256,0
20120411,25.219,25.297,24.985,25.278,100913,0
20120412,25.356,25.382,25.083,25.175,95574,0
20120413,25.356,25.356,24.727,24.829,81362,0
20120416,24.883,25.068,24.615,24.907,73391,0
20120417,24.927,25.263,24.669,24.756,64748,0
20120418,23.825,24.371,23.66,23.874,403058,0
20120419,23.705,24.73,23.555,24.445,151114,0
20120420,24.435,24.5,24.09,24.12,96556,0
20120423,24.185,24.19,23.485,23.93,132120,0
20120424,24.085,24.085,23.54,23.609,280876,0
20120425,23.705,24.525,23.16,24.21,360439,0
20120426,24.32,25.145,24.3,24.735,362278,0
20120427,24.54,25.54,24.193,25.435,299656,0
20120430,25.435,25.5,24.83,25.145,120380,0
20120502,25.28,26.395,25.08,25.98,168930,0
20120503,25.95,26.11,25.755,25.88,140195,0
20120504,25.95,26.1,25.48,25.48,104087,0
20120507,25.155,25.595,24.735,25.285,66086,0
20120508,25.155,26.46,25.035,26.005,172089,0
20120509,26.15,26.699,25.035,26.32,173915,0
20120510,26.4,26.46,25.16,26.2,210528,0
20120511,26.025,27.545,25.77,26.85,346015,0
20120514,26.705,27.19,26.305,26.305,195434,0
20120515,26.445,26.945,25.935,25.935,216681,0
20120516,25.91,26.515,25.645,26.2,154614,0
20120517,26.195,26.75,26.195,26.46,91674,0
20120518,26.195,26.575,25.555,25.64,132444,0
20120521,25.83,26.35,25.51,25.845,154753,0
20120522,25.96,26.58,25.575,26.015,201149,0
20120523,25.86,27.1,25.67,26.89,271821,0
20120524,27.05,27.475,26.685,27.28,142984,0
20120525,27.24,27.545,27.105,27.355,166219,0
20120528,27.54,27.7,27.14,27.14,37231,0
20120529,27.475,27.6,27.12,27.135,145704,0
20120530,27.15,27.55,26.89,27.47,186076,0
20120531,27.435,28.642,27.43,28.35,527175,0
20120601,28.4,28.45,27.16,27.435,238778,0
20120604,27.355,27.75,26.51,27.46,96570,0
20120605,27.515,27.75,26.95,27.275,158717,0
20120606,27.515,28.25,27.3,27.895,191581,0
20120607,28.015,28.235,27.82,27.895,120353,0
20120608,27.79,27.81,27.5,27.55,92700,0
20120611,28.075,28.225,26.58,26.685,194224,0
20120612,26.785,27,26.475,26.55,129186,0
20120613,26.665,27.135,26.492,27.075,154820,0
20120614,27.005,27.735,26.995,27.585,186521,0
20120615,27.905,28.095,27.65,27.915,598681,0
20120618,28.185,28.517,26.71,26.875,297102,0
20120619,27.03,27.35,26.65,27.18,225155,0
20120620,27.03,27.63,27.02,27.295,198639,0
20120621,27.325,27.5,27.085,27.115,95684,0
20120622,27.165,28,26.97,27.425,93185,0
20120625,27.34,27.65,26.95,27.035,120702,0
20120626,27.31,27.31,26.805,26.955,192416,0
20120627,26.975,27.454,26.91,27.32,75957,0
20120628,27.37,27.4,26.87,26.905,104681,0
20120629,26.28,26.995,26.225,26.898,240249,0
20120702,26.925,27.705,26.88,27.595,162804,0
20120703,27.555,27.7,27.405,27.47,106533,0
20120704,27.555,28.05,27.38,27.925,95006,0
20120705,27.785,28.225,27.725,28.005,120844,0
20120706,27.905,28.615,27.905,28.025,160599,0
20120709,27.905,28.1,27.73,28.005,123576,0
20120710,27.935,28.91,27.85,28.435,127016,0
20120711,28.34,29.2,27.8,28.975,126740,0
20120712,29,29.135,28.63,29.025,139398,0
20120713,29,29.74,28.91,29.67,125921,0
20120716,29.555,29.885,29.27,29.7,130307,0
20120717,29.885,29.945,29.655,29.85,110622,0
20120718,29.81,30,29.42,29.64,106963,0
20120719,29.81,29.99,29.585,29.735,127402,0
20120720,29.81,29.81,28.85,28.85,141386,0
20120723,29.005,29.005,28,28.145,122416,0
20120724,28.36,28.965,28.15,28.675,77296,0
20120725,28.535,29.3,28.535,29.015,56377,0
20120726,29.095,29.892,28.955,29.675,124773,0
20120727,29.735,29.93,29.58,29.885,100360,0
20120730,29.995,29.995,29.68,29.83,64254,0
20120731,29.995,30.28,29.65,29.925,113497,0
20120801,29.925,30.24,29.66,29.855,118381,0
20120802,29.855,30.14,29.29,29.355,92155,0
20120803,29.355,30.465,29.005,30.2,97462,0
20120806,30.2,30.795,30.19,30.675,88548,0
20120807,30.675,30.8,30.495,30.525,127153,0
20120808,30.525,30.64,30.26,30.495,106349,0
20120809,30.495,30.753,30.275,30.53,83656,0
20120810,30.53,30.88,30.05,30.265,89280,0
20120813,30.265,30.595,30.115,30.475,71297,0
20120814,30.475,30.51,30.09,30.115,40480,0
20120815,30.115,30.285,29.935,30.035,49762,0
20120816,30.035,30.165,29.8,30.165,41533,0
20120817,30.06,30.825,29.9,30.715,154799,0
20120820,30.74,31.217,29.65,29.75,149166,0
20120821,29.75,29.75,28.71,29.165,237812,0
20120822,29.165,29.4,28.98,29.3,119174,0
20120823,29.325,29.34,28.31,28.55,166828,0
20120824,28.55,29.34,28.425,28.73,146500,0
20120827,28.73,29.19,28.69,28.925,55212,0
20120828,28.925,29,28.342,28.445,99332,0
20120829,28.455,28.88,28.455,28.73,38505,0
20120830,28.73,28.73,28.255,28.355,68629,0
20120831,28.355,28.655,28.06,28.335,157051,0
20120903,28.41,29.003,28.355,28.885,110225,0
20120904,28.825,28.995,28.61,28.705,54553,0
20120905,28.705,29,28.37,28.49,76393,0
20120906,28.49,29.135,28.41,29.1,131887,0
20120907,29.1,29.717,28.945,29.61,102121,0
20120910,29.61,29.722,28.965,29.08,78210,0
20120911,28.885,29.365,28.885,29.19,78107,0
20120912,29.19,29.3,28.855,28.95,49398,0
20120913,28.95,29.13,28.41,28.61,118475,0
20120914,28.795,29.625,28.6,29.255,128158,0
20120917,29.255,29.495,28.985,29.055,59801,0
20120918,29.055,29.358,28.785,29.23,65774,0
20120919,29.235,29.54,29.225,29.535,61422,0
20120920,29.535,30.05,29.277,29.68,97455,0
20120921,29.675,29.99,29.425,29.975,276447,0
20120924,29.975,30,29.324,29.38,59075,0
20120925,29.38,29.645,29.08,29.44,110649,0
20120926,29.49,29.645,29.235,29.35,102027,0
20120927,29.41,29.455,28.82,29.145,95134,0
20120928,29.225,29.225,28.73,28.98,111847,0
20121001,28.98,29.3,28.805,29.17,180053,0
20121002,29.13,29.735,28.935,29.515,148398,0
20121003,29.515,29.525,29.11,29.37,141541,0
20121004,29.37,29.795,29.2,29.79,75156,0
20121005,29.775,30.775,29.61,30.56,206753,0
20121008,30.525,30.525,30.3,30.51,157367,0
20121009,30.51,30.53,30.2,30.24,44991,0
20121010,30.24,30.39,29.83,29.93,65313,0
20121011,29.93,30.24,29.765,30.145,89313,0
20121012,30.145,30.23,29.8,30.195,88039,0
20121015,30.32,30.61,30.29,30.525,141989,0
20121016,30.565,31.21,30.3,31.18,146347,0
20121017,31.18,31.59,30.75,31.47,140561,0
20121018,31.47,31.65,30.58,30.63,168732,0
20121019,30.55,31,30.331,30.92,82050,0
20121022,30.92,31.295,30.78,31.235,61098,0
20121023,31.235,31.49,30.669,30.8,82324,0
20121024,30.82,31.045,30.44,30.765,100089,0
20121025,30.765,31.19,30.67,31.125,77389,0
20121026,30.88,31.46,30.874,31.425,112853,0
20121029,31.425,31.58,31.19,31.58,48800,0
20121030,31.58,31.9,31.43,31.635,45734,0
20121031,31.635,31.9,31.517,31.78,58419,0
20121101,31.69,32.175,31.58,32,162906,0
20121102,32,32.07,31.77,31.905,117863,0
20121105,31.905,32,31.23,31.3,76483,0
20121106,31.3,31.42,30.982,31.28,50865,0
20121107,31.28,31.28,30.7,30.82,74824,0
20121108,30.82,31.016,30.03,30.465,139576,0
20121109,30.47,30.685,29.95,29.995,176833,0
20121112,29.995,30.46,29.655,30.14,98095,0
20121113,30.14,30.435,29.895,30.37,80228,0
20121114,30.37,30.65,30.095,30.235,58685,0
20121115,29.985,29.985,29.365,29.56,315688,0
20121116,29.56,29.69,29.01,29.155,138103,0
20121119,29.22,29.8,28.988,29.715,202521,0
20121120,29.715,30.215,29.705,30.17,109958,0
20121121,30.17,30.778,30,30.66,106916,0
20121122,30.66,30.929,30.56,30.785,66045,0
20121123,30.785,30.975,30.7,30.975,55060,0
20121126,30.975,31.225,30.75,31.055,56337,0
20121127,31.09,32.335,31.09,32.155,234490,0
20121128,32.155,32.23,31.835,32.23,107992,0
20121129,32.27,32.511,32,32.325,169666,0
20121130,32.325,32.84,32.18,32.62,131317,0
20121203,32.62,33,32.56,32.74,134545,0
20121204,32.74,32.8,32.455,32.7,151584,0
20121205,32.795,32.8,32.24,32.435,94762,0
20121206,32.435,32.6,32.14,32.39,149771,0
20121207,32.335,32.335,31.735,32.205,309677,0
20121210,32.327,32.327,31.605,32,129797,0
20121211,32,32.731,31.88,32.625,126863,0
20121212,32.625,32.89,32.495,32.57,96612,0
20121213,32.57,33,32.405,32.955,153433,0
20121214,32.955,33.05,32.815,33,120163,0
20121217,33,33.156,32.55,32.67,83783,0
20121218,32.69,32.98,32.495,32.885,102353,0
20121219,32.885,33.475,32.815,33.12,160512,0
20121220,33.12,33.135,32.755,32.905,71454,0
20121221,32.795,32.795,31.805,32.19,282602,0
20121227,32.19,32.55,32.05,32.225,58172,0
20121228,32.225,32.445,31.75,32,88347,0
20130102,31.955,32.405,31.689,31.95,147484,0
20130103,31.95,31.955,31.44,31.485,93501,0
20130104,31.485,31.95,31.368,31.9,115407,0
20130107,32.325,33.059,30.68,31.06,138632,0
20130108,31.06,31.163,30.365,30.565,121006,0
20130109,30.565,31.42,30.52,31.42,133910,0
20130110,31.42,31.49,30.715,30.84,102227,0
20130111,30.84,30.86,30.175,30.305,117061,0
20130114,30.305,30.47,29.94,30.065,182922,0
20130115,30.065,30.18,29.805,29.9,87679,0
20130116,29.77,30.29,29.665,30.195,116746,0
20130117,30.195,30.66,30.005,30.525,121261,0
20130118,30.525,30.9,30.324,30.66,157538,0
20130121,30.66,30.785,30.365,30.475,93900,0
20130122,30.475,30.75,30.33,30.61,71000,0
20130123,30.61,30.796,30.4,30.69,92832,0
20130124,30.69,31.075,30.569,30.745,135748,0
20130125,30.745,31.685,30.633,31.415,123772,0
20130128,31.465,31.935,31.465,31.57,73089,0
20130129,31.66,31.72,31.47,31.505,77573,0
20130130,31.66,31.73,31.405,31.41,101557,0
20130131,31.53,31.66,31.329,31.355,150740,0
20130201,31.53,31.675,31.255,31.375,191751,0
20130204,31.5,31.7,30.62,30.62,165129,0
20130205,30.8,31.145,30.57,30.79,94004,0
20130206,30.83,31.075,30.215,30.215,105799,0
20130207,30.395,30.595,30.177,30.265,109906,0
20130208,30.395,30.552,30.125,30.25,93507,0
20130211,30.395,30.51,29.62,29.76,165378,0
20130212,29.745,31.195,29.725,30.935,132576,0
20130213,31.085,31.48,29.5,31.26,91679,0
20130214,31.18,31.445,30.935,30.935,77286,0
20130215,31.13,31.425,30.875,31.285,57420,0
20130218,31.31,31.635,31.305,31.44,86685,0
20130219,31.405,31.89,31.399,31.485,111537,0
20130220,31.5,31.74,31.42,31.435,114116,0
20130221,31.485,31.595,30.885,31.105,78784,0
20130222,31.46,31.46,31.035,31.125,52999,0
20130225,31.42,31.42,30.475,30.475,97375,0
20130226,30.115,30.875,29.955,30.76,73133,0
20130227,30.81,30.91,30.445,30.47,85892,0
20130228,30.81,30.81,30.155,30.57,101266,0
20130301,30.7,30.7,30,30.385,136970,0
20130304,30.47,30.7,30.19,30.44,56149,0
20130305,30.45,31.305,30.44,31.065,91209,0
20130306,31,31.83,31,31.18,124423,0
20130307,31.25,31.5,30.915,30.995,82538,0
20130308,31.22,31.44,30.96,31.015,64258,0
20130311,31.11,31.206,30.595,30.9,104006,0
20130312,30.795,30.87,30.35,30.49,104736,0
20130313,30.66,30.845,30.355,30.77,84310,0
20130314,30.995,31.98,30.995,31.76,182411,0
20130315,31.795,32.655,31.785,32.48,426105,0
20130318,32.035,32.49,31.775,32.38,124680,0
20130319,32.28,32.4,31.53,31.53,105344,0
20130320,31.665,31.9,31.35,31.528,158972,0
20130321,31.57,31.61,31.055,31.155,96587,0
20130322,31.21,31.495,30.66,30.79,101011,0
20130325,31.205,31.22,30.54,30.635,110820,0
20130326,30.85,30.85,30.39,30.59,167653,0
20130327,30.845,31.07,30.555,30.63,136316,0
20130328,30.8,30.965,30.599,30.805,169758,0
20130402,30.8,31.015,30.595,30.67,115507,0
20130403,30.67,30.73,30.385,30.425,124977,0
20130404,30.605,30.605,30.015,30.145,140066,0
20130405,30.16,30.185,29.495,29.635,129281,0
20130408,29.73,29.73,29.285,29.29,111188,0
20130409,29.48,29.575,29.29,29.45,97495,0
20130410,29.53,29.895,29.475,29.62,169772,0
20130411,29.61,29.945,29.515,29.545,129187,0
20130412,29.515,30.2,29.302,29.56,141938,0
20130415,29.55,29.9,29.095,29.1,149057,0
20130416,29.005,29.32,28.76,28.945,153706,0
20130417,29.165,29.285,28.7,28.8,142043,0
20130418,28.97,29.015,28.625,28.625,108647,0
20130419,28.885,28.895,28.585,28.61,126838,0
20130422,28.83,28.87,28.55,28.765,152388,0
20130423,28.83,29.36,28.635,29.24,186295,0
20130424,29.235,29.5,29.02,29.225,106447,0
20130425,29.235,30.04,29.201,29.9,252557,0
20130426,29.84,30.04,29.7,29.875,127162,0
20130429,29.915,30.653,29.9,30.39,141350,0
20130430,30.535,30.645,30.245,30.455,161464,0
20130502,30.43,30.88,30.305,30.72,177563,0
20130503,30.74,31.09,30.66,30.735,127922,0
20130506,30.76,30.95,30.725,30.73,56712,0
20130507,30.76,31.525,30.68,31.22,114268,0
20130508,31.25,31.955,31.215,31.51,175184,0
20130509,31.495,31.675,31.065,31.445,107166,0
20130510,31.495,32.06,31.467,31.75,266330,0
20130513,31.7,32.125,31.59,32.02,192033,0
20130514,32.09,32.72,32.05,32.655,140631,0
20130515,32.69,33.14,32.45,33.14,156472,0
20130516,32.94,33.22,32.835,32.89,137839,0
20130517,32.94,33.105,32.8,32.97,87495,0
20130520,33.03,33.485,33.03,33.295,57498,0
20130521,33.245,33.8,33.239,33.8,126462,0
20130522,33.545,33.75,32.882,33.015,162063,0
20130523,32.67,32.67,31.43,31.77,315383,0
20130524,32.045,32.045,31.55,31.57,87382,0
20130527,31.89,31.99,31.415,31.815,45774,0
20130528,31.89,32.235,31.615,32.01,164975,0
20130529,31.75,32,30.665,30.785,161509,0
20130530,30.935,30.935,30.185,30.285,166789,0
20130531,30.21,30.36,29.67,30.095,241293,0
20130603,29.89,30.115,29.275,29.39,155093,0
20130604,29.715,30.495,29.52,30.254,133073,0
20130605,30.849,30.849,29.585,29.61,189161,0
20130606,29.75,29.75,28.915,28.96,132273,0
20130607,29.26,29.46,28.835,29.21,149522,0
20130610,29.26,29.63,28.72,28.945,128735,0
20130611,29.025,29.025,28.32,28.455,129092,0
20130612,28.465,28.945,28.17,28.58,133730,0
20130613,28.245,28.52,27.975,28.21,221465,0
20130614,28.375,29.28,28.345,29.14,177393,0
20130617,29.01,29.32,28.82,28.94,144947,0
20130618,28.82,29.295,28.575,29.14,120316,0
20130619,28.19,28.5,27.905,28.4,266078,0
20130620,28.19,28.66,28,28.465,272824,0
20130621,28.27,29.2,28.27,29.025,503601,0
20130624,29.395,29.42,27.875,28.065,255550,0
20130625,28.4,28.69,28.18,28.455,188177,0
20130626,28.4,30.055,28.4,29.55,234108,0
20130627,29.8,30.07,29.35,30.02,231582,0
20130628,29.855,30.15,29.59,29.665,216939,0
20130701,29.805,30.004,28.945,29.005,164503,0
20130702,29.425,29.445,28.861,29.295,166053,0
20130703,29.28,29.28,28.28,28.81,146230,0
20130704,28.84,29.721,28.835,29.61,62329,0
20130705,30.06,30.625,29.67,29.735,163880,0
20130708,30.15,30.39,29.6,30.2,117337,0
20130709,30.2,30.965,30,30.7,118066,0
20130710,30.7,30.854,29.9,30.32,113509,0
20130711,30.67,31.21,30.44,30.445,164021,0
20130712,30.895,31.03,30.46,30.465,56432,0
20130715,30.51,30.885,30.495,30.73,45541,0
20130716,30.705,30.965,30.3,30.395,130130,0
20130717,30.365,30.56,29.92,29.96,77344,0
20130718,30.095,30.575,29.897,30.375,95191,0
20130719,30.203,30.66,30.18,30.21,58480,0
20130722,30.295,30.425,30.05,30.08,76979,0
20130723,30.26,30.295,29.99,30.135,63304,0
20130724,30.13,30.6,29.855,29.995,66432,0
20130725,30.115,30.115,29.74,29.82,80272,0
20130726,30.09,30.3,29.845,30.085,77428,0
20130729,30.095,30.385,30.045,30.225,80769,0
20130730,30.285,30.615,30.175,30.455,65690,0
20130731,30.41,30.64,30.27,30.345,62082,0
20130801,30.455,30.88,30.395,30.795,99069,0
20130802,30.94,31.015,30.385,30.415,75905,0
20130805,30.63,30.875,30.395,30.7,69759,0
20130806,30.64,31.205,30.62,30.975,82743,0
20130807,30.805,30.98,30.645,30.835,102731,0
20130808,30.9,31.34,30.875,30.965,99963,0
20130809,31.025,31.39,30.9,30.94,106137,0
20130812,30.97,31.06,30.62,30.85,62202,0
20130813,31.005,31.82,30.956,31.36,92262,0
20130814,31.42,31.615,31.02,31.05,73516,0
20130815,31.85,32.405,30.945,31.155,136396,0
20130816,31.5,31.82,31.15,31.57,119514,0
20130819,31.845,32,31.075,31.365,102145,0
20130820,34.2,35.3,33.24,33.645,1077555,0
20130821,33.31,33.73,32.45,33.54,366541,0
20130822,33.53,33.885,33.205,33.355,177066,0
20130823,32.915,33.46,32.915,33.035,205126,0
20130826,33.23,33.36,32.84,33.14,69738,0
20130827,33.085,33.227,32.75,32.955,167041,0
20130828,33.05,33.22,32.735,32.81,163209,0
20130829,32.93,33.29,32.77,32.85,90868,0
20130830,33.15,33.285,32.815,32.885,129985,0
20130902,32.82,33.4,32.82,33.285,129274,0
20130903,33.245,33.499,32.715,32.725,181505,0
20130904,32.8,33.03,32.68,32.88,178367,0
20130905,33.05,33.12,32.81,32.91,96156,0
20130906,33.045,33.045,32.8,32.81,103254,0
20130909,32.81,32.97,32.64,32.715,77944,0
20130910,32.68,33.085,32.465,32.555,85314,0
20130911,32.67,32.7,32.05,32.17,62472,0
20130912,32.4,32.53,32.159,32.205,64789,0
20130913,32.29,32.35,31.685,31.995,66565,0
20130916,32.2,32.466,32.03,32.09,89254,0
20130917,32.15,32.55,32.026,32.395,112614,0
20130918,32.415,32.745,32.29,32.66,125942,0
20130919,32.65,33.05,32.58,32.855,170275,0
20130920,32.8,33.875,32.8,33.13,372145,0
20130923,33.25,33.74,32.75,32.75,139385,0
20130924,32.3,32.685,32.25,32.58,109562,0
20130925,32.45,32.685,32.2,32.23,48631,0
20130926,32.39,32.465,32.15,32.15,75540,0
20130927,32.16,32.462,32.14,32.33,74963,0
20130930,32.275,32.54,32.083,32.41,101741,0
20131001,32.48,32.68,31.85,32.18,253770,0
20131002,32.215,32.63,31.94,32.06,181114,0
20131003,32.255,32.45,32.015,32.08,93181,0
20131004,32.01,32.395,32.01,32.27,122569,0
20131007,32.115,32.19,31.53,31.6,106822,0
20131008,31.75,31.75,31.35,31.39,66865,0
20131009,31.4,31.695,31.15,31.56,102608,0
20131010,31.59,31.835,31.25,31.51,103500,0
20131011,31.5,31.705,31.35,31.4,148050,0
20131014,31.36,31.47,31.21,31.405,209523,0
20131015,31.485,31.75,31.345,31.575,354169,0
20131016,31.675,31.77,31.435,31.61,142405,0
20131017,31.59,31.85,31.497,31.805,233707,0
20131018,31.89,33.47,31.795,33.105,323046,0
20131021,33.2,33.2,32.91,33.075,224211,0
20131022,33.08,33.605,32.82,33.39,250577,0
20131023,33.4,33.56,33.25,33.39,176964,0
20131024,33,33.55,32.89,33.255,325844,0
20131025,33.35,33.665,33.09,33.485,246091,0
20131028,33.36,33.76,33.36,33.585,54974,0
20131029,33.35,34.165,33.35,33.845,160687,0
20131030,34.15,34.235,33.57,33.67,134341,0
20131031,33.465,34.515,33.465,34.15,219152,0
20131101,34.25,34.99,34.105,34.72,136893,0
20131104,36,36,34.75,34.935,189656,0
20131105,35.01,35.58,34.905,35.16,174999,0
20131106,35.285,35.3,34.55,34.65,570985,0
20131107,34.795,35.35,34.6,34.715,163413,0
20131108,34.4,34.84,34.045,34.465,234325,0
20131111,34.485,34.705,34.44,34.44,41945,0
20131112,34.895,35.185,34.415,34.435,112976,0
20131113,34.585,34.615,34.22,34.405,94243,0
20131114,34.825,35.195,34.45,34.85,141450,0
20131115,35.285,35.98,34.86,35.28,116995,0
20131118,35,36.91,35,35.69,517390,0
20131119,35.49,35.7,34.585,34.675,108575,0
20131120,34.4,35.05,34.265,34.915,114176,0
20131121,35,35.4,34.395,34.955,64889,0
20131122,34.94,35.325,34.695,34.865,36011,0
20131125,35.02,35.59,34.76,34.785,49090,0
20131126,34.795,35.215,33.425,33.435,206178,0
20131127,33.385,33.575,32.065,32.71,257128,0
20131128,32.9,32.97,30.5,30.551,946932,0
20131129,30.23,31.115,29.935,30.62,496376,0
20131202,30.515,31.2,30.075,30.86,191628,0
20131203,31.13,31.14,30.4,30.425,99976,0
20131204,30.56,30.71,29.975,30.188,118942,0
20131205,29.955,30.29,29.02,29.1,272890,0
20131206,29.1,29.625,28.7,29.42,83578,0
20131209,29.315,29.545,29.085,29.3,46810,0
20131210,29.325,29.98,29.185,29.81,87035,0
20131211,29.585,29.95,29.37,29.37,65413,0
20131212,29.35,29.54,28.514,28.7,89389,0
20131213,28.795,28.795,28,28.08,70833,0
20131216,27.975,28.275,27.65,28.005,59545,0
20131217,28,28.15,27.5,27.54,90271,0
20131218,27.7,27.855,27.115,27.165,96151,0
20131219,27.1,27.655,26.75,27.275,104474,0
20131220,27.22,27.55,27.06,27.52,338137,0
20131223,27.485,27.815,27.01,27.22,70985,0
20131227,27.27,27.6,27.104,27.305,38566,0
20131230,27.12,28.13,27.12,28.13,26669,0
20140102,28.405,28.775,27.93,28.105,60148,0
20140103,28.05,28.3,27.475,28,23348,0
20140106,28.05,28.15,27.615,27.9,30654,0
20140107,27.805,28.01,27.71,27.895,30054,0
20140108,28.06,29.032,27.95,29.032,162730,0
20140109,29.1,29.18,28.655,28.825,38637,0
20140110,28.96,29.415,28.805,29.356,36756,0
20140113,29.375,29.765,29.275,29.43,60079,0
20140114,29.25,29.605,29.19,29.53,33318,0
20140115,29.64,30.075,29.53,29.94,16733,0
20140116,29.91,30.88,29.75,29.906,39716,0
20140117,29.855,30.155,29.325,29.965,38342,0
20140120,29.795,30.105,29.42,29.948,33647,0
20140121,29.795,29.91,29.43,29.59,13279,0
20140122,29.55,29.94,29.205,29.535,13739,0
20140123,29.43,29.63,28.88,29.25,17946,0
20140124,29.165,29.658,28.5,29,63475,0
20140127,28.869,29.21,28.72,29.15,18074,0
20140128,29.025,29.29,28.85,29.28,11112,0
20140129,29.335,29.395,28.995,29.2,43720,0
20140130,29.045,29.37,28.98,29.25,64980,0
20140131,29.185,29.795,29.045,29.71,39742,0
20140203,29.505,29.95,29.505,29.81,47953,0
20140204,29.575,29.755,29.255,29.7,41190,0
20140205,29.59,29.895,29.41,29.825,13715,0
20140206,29.755,30.61,29.5,30.501,77239,0
20140207,30.565,30.6,30.355,30.5,24218,0
20140210,30.495,30.6,29.89,29.985,25997,0
20140211,29.605,30.825,29.605,30.8,68812,0
20140212,30.76,30.98,30.5,30.875,16775,0
20140213,30.76,30.9,30.5,30.665,21884,0
20140214,30.633,30.98,30.565,30.98,21107,0
20140217,30.88,32.025,30.875,31.86,38799,0
20140218,31.785,32.705,31.775,32.6,68159,0
20140219,32.6,33.375,32.56,32.86,76285,0
20140220,32.745,33.075,32.575,32.618,26251,0
20140221,32.581,33.095,32.581,32.846,8601,0
20140224,32.63,33,32.59,32.905,11528,0
20140225,32.8,33,32.69,32.92,35057,0
20140226,32.807,33.05,32.505,32.595,20188,0
20140227,32.6,32.8,31.8,31.885,15824,0
20140228,31.965,32.3,31.795,32.2,62195,0
20140303,32.14,32.18,31.725,31.895,17203,0
20140304,31.97,32.586,31.97,32.3,42337,0
20140305,32.236,32.66,31.95,32.06,51303,0
20140306,32.045,32.95,31.5,31.805,89483,0
20140307,31.765,33.77,31.365,33.77,24201,0
20140310,33.14,34.395,32.865,32.885,181146,0
20140311,32.895,33.345,32.865,33.005,47249,0
20140312,32.91,33.37,32.86,33.01,109478,0
20140313,33.02,33.44,32.899,32.915,57914,0
20140314,32.695,33.14,32.675,32.7,48166,0
20140317,32.7,33.825,32.7,33.71,29612,0
20140318,33.74,34.29,33.735,33.88,18414,0
20140319,33.9,34.31,33.605,33.655,18233,0
20140320,33.51,34.01,32.9,32.985,34513,0
20140321,32.895,33.485,32.84,32.84,30446,0
20140324,32.82,33.39,32.82,33.255,37981,0
20140325,33.296,33.59,33.255,33.56,20248,0
20140326,33.595,34.15,33.465,33.735,24635,0
20140327,33.711,34.14,33.585,33.755,13818,0
20140328,33.83,34.92,33.59,34.355,33368,0
20140331,34.405,34.61,34.11,34.145,18783,0
20140401,34.11,34.59,34.11,34.445,22609,0
20140402,34.508,34.87,34.3,34.44,39180,0
20140403,34.445,34.665,34,34.295,17867,0
20140404,34.328,34.835,34,34.345,28321,0
20140407,34.21,34.675,33.8,34.49,16206,0
20140408,34.53,34.885,33.8,34.38,18060,0
20140409,34.282,34.55,33.78,34.23,27184,0
20140410,34.239,34.52,33.8,34.02,19486,0
20140411,34.06,34.325,33.8,33.955,16067,0
20140414,33.868,34.165,33.5,33.855,8347,0
20140415,33.836,34.325,33.5,33.795,17704,0
20140416,33.983,34.53,33.5,34.25,13273,0
20140417,34.253,34.895,33.5,34.47,18356,0
20140422,34.458,34.73,34.335,34.525,25521,0
20140423,34.536,36.2,34.525,35.605,88432,0
20140424,35.735,36.105,35.465,35.465,41106,0
20140425,35.445,35.54,35.035,35.035,16069,0
20140428,35.055,35.465,35.055,35.18,23731,0
20140429,35.255,35.805,35.255,35.555,21235,0
20140430,35.49,35.675,35.015,35.23,33619,0
20140502,35.23,35.4,35.005,35.005,13192,0
20140505,35,35.4,34.6,34.975,25176,0
20140506,35.07,35.4,35,35.21,6773,0
20140507,35.13,35.455,34.895,35.325,13961,0
20140508,35.364,35.745,35.13,35.58,28872,0
20140509,35.5,35.8,35.34,35.465,13172,0
20140512,35.495,35.805,35.4,35.585,16680,0
20140513,35.655,36.14,35.35,35.35,9970,0
20140514,35.365,36.375,35.365,35.59,31240,0
20140515,35.525,36.19,35.525,35.875,9443,0
20140516,35.59,35.88,35.265,35.41,14733,0
20140519,35.385,35.825,35.375,35.46,8307,0
20140520,35.41,35.835,35.25,35.25,14558,0
20140521,35.195,35.6,35.195,35.465,9431,0
20140522,35.525,35.885,35.52,35.585,13187,0
20140523,35.565,36.25,35.555,36.005,37434,0
20140526,36.05,36.25,36,36.095,45005,0
20140527,36.08,36.5,36.025,36.345,48226,0
20140528,36.365,36.6,36.365,36.485,10728,0
20140529,36.49,36.65,36.45,36.45,12809,0
20140530,36.45,36.69,36.45,36.615,25786,0
20140602,36.655,36.975,36.385,36.7,32493,0
20140603,36.7,36.88,36.48,36.685,7935,0
20140604,36.655,36.81,36.35,36.515,6672,0
20140605,36.5,36.9,36.494,36.645,8204,0
20140606,36.665,37.1,36.655,36.96,29157,0
20140609,37,37.1,36.89,37.02,8001,0
20140610,36.99,37.1,36.535,36.635,5331,0
20140611,36.605,37.05,36.583,36.87,12592,0
20140612,36.89,37.595,36.89,37.19,41064,0
20140613,37.24,37.43,36.855,36.855,8996,0
20140616,36.815,37.27,36.705,36.73,6146,0
20140617,36.705,37.19,36.57,36.7,10164,0
20140618,36.685,36.925,36.475,36.49,6862,0
20140619,36.59,36.82,35.55,36.435,26665,0
20140620,36.425,36.9,36.27,36.325,7437,0
20140623,36.31,36.795,36.08,36.415,9548,0
20140624,36.4,36.95,36.345,36.805,14833,0
20140625,36.64,36.79,36.22,36.305,9168,0
20140626,36.265,36.78,36.205,36.615,9927,0
20140627,36.675,36.72,36.5,36.51,4557,0
20140630,36.56,36.875,36.545,36.695,8622,0
20140701,36.715,37.3,36.71,37.12,11857,0
20140702,37.05,37.4,37.045,37.285,6006,0
20140703,37.275,37.49,37.175,37.41,11005,0
20140704,37.4,37.5,37.27,37.385,8622,0
20140707,37.38,37.5,36.97,37.01,6245,0
20140708,37.055,37.36,36.375,36.375,9888,0
20140709,36.43,37.005,36.43,36.56,5005,0
20140710,36.555,37.115,36.555,36.705,5781,0
20140711,36.735,37.295,36.425,36.885,6411,0
20140714,36.945,37.565,36.945,37.45,10185,0
20140715,37.425,37.595,37.01,37.08,4954,0
20140716,37.085,37.435,37.04,37.32,3864,0
20140717,37.255,37.7,37.175,37.58,9629,0
20140718,37.45,37.63,37.34,37.45,1693,0
20140721,37.35,38.45,37.19,37.675,7545,0
20140722,38.5,38.75,37.05,37.305,10305,0
20140723,37.05,38,37.001,37.795,17045,0
20140724,37.44,37.995,37.345,37.77,1112,0
20140725,37.44,37.501,36.805,36.805,2393,0
20140728,36.8,37.845,36.7,37.04,354,0
20140729,36.695,37.5,36.695,37.255,2361,0
20140730,37.166,37.963,37.165,37.5,11952,0
20140731,37.5,37.6,37.255,37.295,6102,0
20140801,37.26,37.6,36.75,36.75,28290,0
20140804,36.65,37.42,36.615,36.92,892,0
20140805,36.75,37.6,36.75,36.9,9955,0
20140806,36.75,37.31,36.65,36.75,886,0
20140807,36.765,37.999,36.75,37.06,25519,0
20140808,36.888,37.491,36.76,36.895,2549,0
20140811,37.215,38.35,37.201,37.6,8206,0
20140812,37.8,38.328,37.575,38.32,13066,0
20140813,38.327,38.33,37.975,38.32,6526,0
20140814,38.275,38.32,37.62,38,5035,0
20140815,38.044,38.201,37.6,37.635,2753,0
20140818,37.906,38.5,37.906,38.2,26870,0
20140819,38.255,38.5,37.91,38.21,45793,0
20140820,38.31,38.495,37.765,37.77,16526,0
20140821,37.835,38.85,37.8,38.28,25563,0
20140822,38.25,38.59,38.24,38.35,12255,0
20140825,38.455,38.95,38.455,38.75,5828,0
20140826,38.75,39.2,38.75,38.76,1823,0
20140827,38.75,39.8,38.75,39.095,13771,0
20140828,39.086,39.756,39,39.4,8342,0
20140829,39.445,39.699,39,39.2,1304,0
20140901,39.23,39.75,39.23,39.3,1468,0
20140902,39.34,39.85,39.34,39.67,374,0
20140903,39.689,39.9,39.6,39.75,511,0
20140904,39.72,41.005,39.705,41.005,2109,0
20140905,40.545,41.158,40.5,40.705,12852,0
20140908,40.565,41.81,40.54,41.574,1443,0
20140909,41.41,41.665,41,41.14,1770,0
20140910,41.14,41.52,41.14,41.365,15166,0
20140911,41.395,41.5,40.9,41.215,19105,0
20140912,40.91,41.98,40.82,40.93,14864,0
20140915,40.95,41.2,40.61,40.83,6613,0
20140916,40.8,41.047,40.2,40.55,12962,0
20140917,40.595,40.82,40.545,40.805,5273,0
20140918,40.94,40.965,40.355,40.525,7410,0
20140919,40.595,41.167,39.975,39.975,6381,0
20140922,40.08,40.08,39,39.58,12103,0
20140923,39.56,40.547,39.45,39.985,7280,0
20140924,39.965,40.01,39.51,39.755,3263,0
20140925,39.805,40.275,39.46,39.82,21660,0
20140926,39.82,40.39,39.46,40.03,42161,0
20140929,39.81,40,39.47,39.545,15114,0
20140930,39.565,39.765,39.4,39.54,10647,0
20141001,39.43,40.05,39.29,39.35,1672,0
20141002,39.3,40,38.597,38.617,12448,0
20141006,38.75,39.3,38.4,38.5,453,0
20141007,38.64,39.5,38.382,38.623,3199,0
20141008,38.5,38.645,38.351,38.443,2360,0
20141009,38.35,38.75,38.35,38.5,602,0
20141010,38.35,38.654,37.939,38.654,3976,0
20141013,38.5,38.957,38.31,38.549,1515,0
20141014,38.37,38.63,37.581,37.892,6630,0
20141015,37.86,38.359,37.31,37.625,4396,0
20141016,37.425,37.85,36.854,37.086,6300,0
20141017,36.685,38.398,36.667,38.398,2296,0
20141020,37.645,39.001,37.637,38.947,3278,0
20141021,38.51,39.452,38.51,39.428,4000,0
20141022,39.195,39.55,39.174,39.336,36086,0
20141023,38.725,40,38.685,39.972,2000,0
20141024,39.78,40.51,39.78,40.218,6260,0
20141027,39.85,40.19,39.747,39.995,3000,0
20141028,39.516,40.8,39.505,40.772,7280,0
20141029,40.5,40.918,40.5,40.918,5697,0
20141030,40.5,41.119,40.1,41.016,4270,0
20141031,41.09,42.256,41.09,42.256,5610,0
20141103,41.71,42.1,41.252,41.669,6325,0
20141104,41.51,42.3,41.51,42.163,12765,0
20141105,41.92,42.8,41.92,42.581,335,0
20141106,42.1,42.529,42.007,42.29,915,0
20141107,41.92,42.12,41.562,41.873,670,0
20141110,41.57,42.12,41.54,41.634,310,0
20141112,41.71,42.12,41.511,41.853,2660,0
20141113,41.6,42.632,41.6,42.371,2442,0
20141114,41.815,42.839,41.815,42.839,325,0
20141117,42.095,43,42.095,42.965,300,0
20141118,42.6,43.27,42.6,43.242,11140,0
20141119,43.1,43.55,43.1,43.537,5110,0
20141121,43.35,44.171,43.35,44.171,1490,0
20141124,44.05,44.825,44.05,44.724,560,0
20141125,44.56,45.321,44.56,45.321,1290,0
20141126,45.06,45.31,44.961,45.289,890,0
20141127,45.12,45.656,44.723,45.331,7312,0
20141128,45.22,45.454,45.22,45.454,876,0
20141201,44.84,45.865,44.84,45.615,428,0
20141202,45.31,45.516,44.711,45.516,2170,0
20141203,45,45.533,45,45.4,500,0
20141204,45.3,45.35,43.912,45.071,4031,0
20141205,43.4,45.3,43.4,45.153,10864,0
20141208,44.6,45.048,44.278,45.048,230,0
20141209,44.311,46.904,44.31,45.918,850,0
20141210,44.31,44.6,44.016,44.263,1337,0
20141211,44.12,44.6,44.01,44.05,1240,0
20141212,43.611,44.6,43.501,43.802,263,0
20141215,43.8,44.5,43.201,43.456,3150,0
20141216,43.2,44.5,42.602,43.448,390,0
20141218,43.05,44.002,43.05,43.923,1205,0
20141219,43.72,45.774,43.72,45.774,325,0
20141222,44.8,47.25,44.8,46.133,40,0
20141223,45.7,47.2,45.7,46.2,1687,0
20141229,45.85,46.41,44.993,45.246,2029,0
20141230,44.585,46,44.585,45.8,1,0
20150102,44.48,46.306,44.479,46.306,1008,0
20150105,45.1,47.05,45.1,46.001,1461,0
20150107,46,46.35,45.401,46.35,1391,0
20150108,46.35,47.25,46.35,47,11569,0
20150109,46.7,47.422,46.7,47.422,1630,0
20150113,47.15,48.644,47.15,48.627,442,0
20150114,48.1,48.664,47.524,48.457,6950,0
20150115,47.3,49.78,46.62,48.643,2032,0
20150116,48.03,49.9,47.813,49.505,11065,0
20150119,49.905,50.8,49.115,49.615,7702,0
20150120,49.2,50,49,49.454,22324,0
20150121,47.83,51.211,47.83,51.211,34765,0
20150122,50.21,52.486,48.71,52.486,3020,0
20150126,52.9,55.299,52.9,55.299,3833,0
20150127,53.87,55.485,53.15,53.752,510,0
20150128,52.9,54.273,52.7,54.047,800,0
20150130,53.1,55.24,53.096,54.212,22504,0
20150202,52.71,55.412,52.71,55.412,235,0
20150203,54,55.001,54,54.235,5680,0
20150204,54,56.5,54,55.186,182,0
20150205,54.1,55.464,54.1,55.176,1490,0
20150206,53.64,55.336,53.637,54.763,500,0
20150209,53.35,54.76,52.002,52.67,290,0
20150210,52,54.64,52,54.318,2060,0
20150211,53.6,54.936,53.6,54.76,259,0
20150212,53.5,55.6,53.5,55.438,200,0
20150213,55.508,56.9,55.508,56.081,3900,0
20150216,55,56.859,55,55.711,93,0
20150217,55,56.9,54.58,56.588,1663,0
20150218,56,57.394,55.7,57.394,270,0
20150219,56.5,58.5,56.1,58.021,325,0
20150220,56.37,59.49,56.365,58.013,1500,0
20150223,59.49,60.412,56.578,58.614,320,0
20150224,57.02,64,57.02,57.9,1418,0
20150225,58.28,61.985,57.5,58.747,50,0
20150227,56.65,58.363,56.65,58.363,3220,0
20150302,56.65,60.49,56.65,58.89,8418,0
20150303,58.02,59.73,57,57,2626,0
20150304,57.1,58.99,56.41,56.768,453,0
20150305,56.55,58.85,56.55,57.714,1198,0
20150306,56.56,57.795,56.022,56.832,23,0
20150309,56.02,57.29,53.3,54.3,2765,0
20150310,54.3,55.95,54,54,84,0
20150312,55.1,57.258,55.1,55.879,1197,0
20150313,55.22,57.5,55.22,57.036,537,0
20150316,55.79,58.77,55.79,57,145,0
20150317,55.97,57.776,55.97,57.147,76,0
20150319,56,58.08,56,58.08,80,0
20150320,56.34,58.89,55.57,57.881,1200,0
20150323,57,58.168,57,57.797,226,0
20150324,58,58.485,57.211,58.485,23,0
20150326,56.45,57.89,55.57,56.654,813,0
20150330,56.15,57.89,55.57,57.055,1000,0
20150401,55.57,57.89,54.934,56.213,31,0
20150402,55.25,59,55.25,56.417,59,0
20150407,58,58.75,56.536,58.551,1134,0
20150408,58,58,55.4,55.4,1060,0
20150409,55.002,57.4,55.002,57.4,5943,0
20150410,57.57,58.499,57.5,58.499,1199,0
20150415,54.772,58.9,54.772,58.9,876,0
20150416,57.412,57.972,57.412,57.972,100,0
20150417,55.702,57.4,55.702,57.4,150,0
20150421,57.376,57.376,57.235,57.251,1200,0
20150422,56,59,56,59,470,0
20150429,56.51,56.51,56.51,56.51,750,0
20150504,55.25,56,55.25,56,262,0
20150506,53.5,53.5,51.55,51.55,216,0
20150507,52.195,52.195,50.75,51.75,238,0
20150508,51.75,57,51.75,57,554,0
20150511,56,60.337,56,56,3011,0
20150512,56,57.485,56,56.999,612,0
20150515,57,58,57,58,1040,0
20150520,57,57.001,57,57.001,2403,0
20150521,57,57,57,57,1800,0
20150526,57,57.001,57,57,1169,0
20150527,60.5,60.5,60.5,60.5,40,0
20150529,57,57,55.958,55.958,86,0
20150602,57,60.509,57,60.509,613,0
20150603,55.958,60.049,55.958,60.049,1001,0
20150604,57,57.01,57,57.001,95,0
20150609,57,57,57,57,1000,0
20150611,57,57,57,57,200,0
20150612,57,58.98,57,58.98,8,0
20150615,57,57.001,57,57.001,510,0
20150617,57,57.499,57,57.301,1212,0
20150618,57.3,57.3,57.3,57.3,100,0
20150619,57,57,57,57,366,0
20150622,57,57.001,56.8,57.001,1902,0
20150623,57,57,57,57,363,0
20150625,57,57,57,57,637,0
20150629,57,57,57,57,1500,0
20150701,54.033,54.033,50,50,230,0
20150706,50.642,50.642,50.261,50.261,41,0
20150707,50.501,55.504,50.501,55.504,45,0
20150709,50.779,50.779,50.779,50.779,20,0
20150710,51.101,51.101,51.101,51.101,10,0
20150715,54.001,56,54.001,56,80,0
20150716,54.001,56.5,54.001,56.5,740,0
20150717,55.5,60,55.5,60,180,0
20150720,59,59.97,57.2,57.2,284,0
20150723,57.5,63.2,57.5,63.2,54,0
20150724,60.215,60.215,57.5,57.9,232,0
20150727,54.5,55.6,54.5,55.6,300,0
20150728,54.01,56.6,54.01,56.6,100,0
20150729,54.01,54.01,52.6,53.5,9919,0
20150731,53.5,55.75,53.5,55.493,5500,0
20150803,53.501,55,53.501,55,220,0
20150805,55.001,55.124,55.001,55.124,40,0
20150812,55,55,54.143,55,525,0
20150813,54,56.011,54,56.011,10,0
20150814,56.52,59.9,56.52,59.9,100,0
20150817,59.998,59.998,59.998,59.998,2,0
20150818,57.286,59.3,57.286,59.3,1400,0
20150820,59.6,59.6,56.52,57.631,663,0
20150821,57.061,57.063,57,57,773,0
20150824,55.505,55.505,53.5,53.5,406,0
20150825,52.06,54.5,52.06,54.5,700,0
20150826,53.641,54.284,53.641,54.284,75,0
20150828,53.381,55.135,53.381,54.598,1340,0
20150902,54.2,56,54.2,55.5,330,0
20150903,55,56.4,55,56.4,2000,0
20150908,55,59.446,55,57.2,552,0
20150911,56.001,56.202,56.001,56.202,50,0
20150914,56.201,56.41,56.201,56.41,9,0
20150916,55.001,56,55.001,56,980,0
20150918,55.4,58.885,55.4,58.885,58,0
20150921,55.4,55.4,55,55,230,0
20150930,54.5,56.068,54.5,54.5,545,0
20151001,54.5,54.6,54.5,54.5,634,0
20151002,53.524,55,53.524,55,299,0
20151005,54.97,58,54.97,58,1900,0
20151006,56.006,57.501,55.506,57.5,7000,0
20151014,55.121,60,55.121,58.475,226,0
20151019,56,56,56,56,50,0
20151022,56.011,58.351,56.011,58.351,35,0
20151023,57.73,59.955,57.73,59.955,1800,0
20151026,58.011,63.796,58.011,63.499,420,0
20151028,61.35,63.25,61.35,62.995,156,0
20151029,60.1,63.25,60.1,63,225,0
20151030,62,62,62,62,475,0
20151102,62,64.601,62,63.899,491,0
20151103,62,63.899,62,62,650,0
20151104,61.5,63.089,61.5,63.03,248,0
20151105,63.999,63.999,62.5,62.642,453,0
20151106,61.5,61.5,61.5,61.5,600,0
20151109,60.1,62.495,60.1,62.495,50,0
20151110,60.1,62,60.1,61.5,464,0
20151111,61.3,61.3,61,61,600,0
20151112,60.5,60.699,60.5,60.699,450,0
20151113,60.2,60.7,60.2,60.7,600,0
20151117,59,61,59,61,100,0
20151119,59,61,59,61,1020,0
20151123,59.001,59.001,59.001,59.001,150,0
20151124,61,61,61,61,150,0
20151201,58.81,62,58.81,61,160,0
20151202,58.345,62,58.345,61.52,599,0
20151203,61.5,61.501,61.5,61.501,101,0
20151204,61.5,67.309,61.5,63,192,0
20151209,64.748,64.748,64.748,64.748,50,0
20151211,64.845,73.424,64.845,73.424,281,0
20151214,68.819,75.5,68.819,75.5,340,0
20151215,72,72.99,69.385,69.385,497,0
20151217,69.6,69.601,69.6,69.6,230,0
20151221,71.999,71.999,71.999,71.999,19,0
20151222,66.869,66.869,65.917,65.917,210,0
20151223,62.77,66,62.77,66,343,0
20151229,62.1,62.1,60.3,61.1,340,0
20151230,60,63.75,60,63.75,309,0
20160104,61.072,61.072,60.999,61,143,0
20160105,60.09,60.09,59.6,60.012,1871,0
20160106,59.532,59.54,59.532,59.54,100,0
20160108,57,57,57,57,158,0
20160111,56.101,59,56.101,58.999,200,0
20160112,56.101,57.738,56.101,57.738,60,0
20160114,56.667,60.8,56.667,60.8,200,0
20160115,56.306,59.498,56.306,59.498,100,0
20160118,56.1,61.5,56.1,61.5,2638,0
20160119,58.81,60.5,58.81,60.5,612,0
20160122,56.2,61,56.2,61,950,0
20160125,58.62,58.63,58.62,58.63,150,0
20160128,58.62,60.999,58.62,60.999,15,0
20160129,58.62,61,58.62,61,200,0
20160201,58.62,61.25,58.62,61.25,250,0
20160202,58.7,61.881,58.7,61.881,152,0
20160205,61.881,61.881,61.65,61.8,431,0
20160210,58.62,62.999,58.62,62,360,0
20160211,59.667,62.999,59.667,62.999,89,0
20160212,58.62,63,58.62,63,120,0
20160217,58.62,64.5,58.62,63,2326,0
20160226,60,60.002,60,60.002,20,0
20160308,59.664,66.1,59.664,66.1,1,0
20160309,64.466,67,64.466,67,100,0
20160311,63.933,69.8,63.933,69.8,200,0
20160314,65.133,70,65.133,70,700,0
20160318,67.038,73.74,67.038,73,360,0
20160322,71.887,71.887,70,70,719,0
20160323,68.077,74.884,68.077,74.884,112,0
20160329,71.5,71.5,71.5,71.5,145,0
20160331,71.5,76,71.5,76,20,0
20160401,70.239,76,70.239,76,242,0
20160404,69.352,76,69.352,76,1238,0
20160405,71.01,71.5,71.01,71.5,197,0
20160411,71.028,78,71.028,78,320,0
20160418,70.948,77,70.948,77,15,0
20160419,69.964,74.999,69.964,74.999,302,0
20160420,69.996,73,69.996,73,410,0
20160422,69.04,70,69.04,69.992,624,0
20160425,72.4,72.4,70,70,6457,0
20160429,70.1,72,70.1,72,666,0
20160510,68.479,74.99,68.479,68.479,27,0
20160513,69.203,76.123,69.203,76.123,10,0
20160519,69.25,74,69.25,74,400,0
20160525,71,75.95,71,75.95,20,0
20160527,72.1,76,72.1,76,100,0
20160603,70,76,70,76,30,0
20160606,75.999,76,75.999,76,286,0
20160609,71.9,76.99,71.9,76.99,19,0
20160610,73.286,77,73.286,77,10,0
20160614,72.96,76.999,72.96,76.999,10,0
20160617,72.96,77,72.96,77,10,0
20160627,71.381,77,71.381,77,124,0
20160630,72.401,77,72.401,77,538,0
20160701,74.286,76.66,74.286,76.66,130,0
20160704,73.006,76.7,73.006,76.7,370,0
20160705,74.153,79,74.153,79,190,0
20160707,77,77,77,77,98,0
20160708,72.858,75,72.858,75,40,0
20160713,75.006,75.006,75.006,75.006,18,0
20160718,75.635,83.197,75.635,83.197,1,0
20160721,77.7,79.11,77.7,79.11,12,0
20160725,79.1,86.886,79.1,86.886,12,0
20160726,79.1,86.732,79.1,86.732,50,0
20160727,79.101,79.101,79.101,79.101,6,0
20160802,80.001,87,80.001,80.003,175,0
20160810,83,83,81.002,83,948,0
20160812,82.499,83.5,82.499,83.5,50,0
20160818,81.016,87.5,81.016,87.5,100,0
20160826,81.906,87.999,81.906,87.95,31,0
20160831,81.516,87.5,81.516,87.5,11,0
20160902,80.724,81.021,80.724,81.021,30,0
20160915,80.02,80.02,80.02,80.02,100,0
20161004,77.439,77.439,77.439,77.439,43,0
20161006,75.572,75.572,75.572,75.572,100,0
20161007,73.667,81,73.5,73.5,365,0
20161010,71.05,74.999,71.05,74,26,0
20161011,71.473,73.5,71.473,72.007,1423,0
20161012,72.006,75,72.006,75,775,0
20161013,72.006,76.6,72.006,76.6,1400,0
20161020,76,76,76,76,60,0
20161025,73.001,76,73.001,76,3079,0
20161027,73.344,74.81,73.344,74.81,30,0
20161028,73.1,73.101,73.1,73.101,11,0
20161031,73.101,76.5,73.101,76.5,103,0
20161104,73.1,79.9,73.1,79.9,810,0
20161110,73.15,73.15,73.15,73.15,30,0
20161117,74.999,75,74.8,74.8,510,0
20161121,70,70,69,69,120,0
20161122,68.096,72.5,68.096,72.5,54,0
20161128,69,69,69,69,100,0
20161129,69,70,69,70,10,0
20161201,69.01,72.285,69.01,72.285,199,0
20161202,69,70,69,70,10,0
20161207,69,69,66.8,66.8,48,0
20161209,66.7,71,66.7,71,200,0
20161213,67.001,72.81,67.001,72.81,99,0
20161214,67.145,69.999,67.145,69.999,143,0
20161215,67.151,68,67,68,886,0
20161216,66.216,69.9,66.216,69,1030,0
20161219,66.217,67.782,66.217,67.782,36,0
20161220,67.781,70,67.781,70,250,0
20161222,68.68,72.95,68.68,72.95,500,0
20161230,70.01,73,70.01,73,33,0
20170102,70.01,73,70.01,73,200,0
20170109,71.43,78,71.43,78,104,0
20170117,72.881,80,72.881,80,60,0
20170118,72.968,80.263,72.968,80.263,9,0
20170119,73.5,80.149,73.5,80.149,3,0
20170123,72.977,80.149,72.977,80.135,30,0
20170125,73.401,80.14,73.401,80.14,100,0
20170126,74.544,80.14,74.544,80.14,41,0
20170127,73.239,73.239,73.239,73.239,1,0
20170202,73.1,73.101,73.1,73.101,30,0
20170206,79.9,79.9,79.9,79.9,10,0
20170213,74.515,80,74.515,80,100,0
20170221,76,79.99,76,79.99,586,0
20170222,76.3,79.15,76.3,79.15,50,0
20170223,77.002,78.9,77.002,78.9,100,0
20170301,77.003,77.003,77.003,77.003,100,0
20170302,74.77,77.001,74.77,77.001,300,0
20170313,77.001,77.001,77.001,77.001,100,0
20170314,77.001,77.001,77.001,77.001,30,0
20170315,77,77,77,77,43,0
20170317,77,77.001,77,77.001,1,0
20170320,77,78,77,78,100,0
20170321,78,78.222,78,78,134,0
20170322,77,77.8,77,77.8,200,0
20170323,78.219,78.219,78.219,78.219,1,0
