Date,Open,High,Low,Close,Volume,OpenInt
20080919,17.2092,17.3527,16.54,16.54,628,0
20080923,16.5841,16.5841,15.6283,16.24,628,0
20080925,15.1037,15.4,15.1037,15.4,418,0
20080926,14.3449,15.3013,13.8668,15.11,418,0
20080930,15.2981,15.2981,13.8639,14.82,2615,0
20081001,13.384,14.34,12.906,14.34,1987,0
20081002,14.818,15.296,13.862,14.34,1046,0
20081003,14.2434,14.5302,12.9051,14.1,1988,0
20081006,14.1538,14.1538,12.8245,13.58,1359,0
20081007,12.9041,13.86,12.9041,13.86,10462,0
20081009,12.2333,14.1925,12.2333,12.52,2197,0
20081010,13.86,13.86,13.3821,13.86,105,0
20081013,13.6696,13.6696,12.4269,13.66,105,0
20081014,13.6744,15.3,13.6744,15.3,314,0
20081015,13.2888,13.48,11.9504,13.48,8159,0
20081020,12.0456,12.0456,11.95,11.95,1255,0
20081021,12.0454,13.3838,12.0454,12.38,1569,0
20081022,11.95,11.95,11.95,11.95,628,0
20081023,11.4769,11.6682,11.19,11.19,1255,0
20081024,10.516,12.4184,10.4969,11.95,1360,0
20081027,10.0396,12.43,10.0396,12.43,105,0
20081028,10.084,11.47,9.5583,11.47,314,0
20081029,11.3812,13.82,11.3812,13.82,2091,0
20081030,13.8682,14.3464,13.39,13.39,22270,0
20081031,13.1031,13.8682,12.1945,13.39,1046,0
20081103,13.5789,13.5789,12.288,12.9,14431,0
20081104,13.2427,13.2427,11.9519,12.43,9831,0
20081105,12.428,12.428,11.95,11.95,2092,0
20081106,11.6662,12.24,11.475,12.24,5752,0
20081107,12.1857,12.1857,11.66,11.66,2407,0
20081110,12.43,12.43,12.43,12.43,418,0
20081112,12.4312,13.8656,11.9531,12.24,10980,0
20081113,11.9479,12.617,11.47,11.47,10776,0
20081114,11.47,11.7568,11.47,11.47,314,0
20081117,11.4696,13.19,11.4696,13.19,5440,0
20081118,13.2905,13.8642,13.0993,13.52,3347,0
20081119,13.3818,13.42,12.9994,13.42,1255,0
20081120,12.7187,13.1013,12.6709,12.91,1255,0
20081124,12.4288,12.62,12.1898,12.62,2092,0
20081125,12.4324,13.7904,12.4324,13.58,5960,0
20081126,13.5752,13.6134,13.2884,13.47,3347,0
20081127,13.8656,13.8656,13.3875,13.77,5229,0
20081128,13.7647,13.7647,13.2868,13.65,5022,0
20081201,13.1944,13.29,12.9076,13.29,1046,0
20081202,12.8144,12.91,12.4319,12.91,6274,0
20081203,12.4288,12.9068,12.4288,12.62,3975,0
20081204,12.6212,12.8125,12.43,12.43,2510,0
20081205,12.9023,12.9023,12.52,12.52,3348,0
20081208,12.8165,12.96,12.4339,12.96,1777,0
20081209,12.8161,13.39,12.8161,13.39,1987,0
20081210,13.48,13.48,13.002,13.48,732,0
20081211,13.3887,13.58,13.2931,13.58,105,0
20081212,12.9078,13.5293,12.7166,12.86,5125,0
20081216,12.86,12.86,12.86,12.86,105,0
20081217,12.9582,12.9582,12.1453,12.48,3660,0
20081218,12.2388,12.43,12.2388,12.43,7112,0
20081219,12.4335,12.4335,12.0031,12.29,2718,0
20081222,12.1444,12.4791,12.0487,12.24,1359,0
20081223,11.9584,12.14,11.5856,12.14,2406,0
20090105,12.09,12.09,12.09,12.09,105,0
20090106,12.24,12.24,12.24,12.24,105,0
20090108,11.7558,11.7558,10.8,10.8,1883,0
20090109,11.2337,11.75,10.8513,11.75,7322,0
20090112,11.71,12.0924,11.71,11.71,1674,0
20090114,11.6646,11.7411,11.33,11.33,1883,0
20090115,11.24,11.24,11.24,11.24,732,0
20090116,11.6134,11.6134,11.47,11.47,1046,0
20090119,11.3773,11.4729,11.1,11.1,2510,0
20090120,10.9454,11.28,10.9454,11.28,314,0
20090121,11.279,11.279,11.04,11.04,1779,0
20090122,11.0866,11.23,10.8477,11.23,942,0
20090128,10.9504,11.6676,10.52,10.52,8679,0
20090129,10.8082,10.8082,10.33,10.33,941,0
20090130,10.9025,10.9025,10.52,10.52,627,0
20090203,10.2427,10.52,10.2427,10.52,209,0
20090204,10.52,10.52,10.52,10.52,105,0
20090205,10.5181,10.5181,10.04,10.04,2824,0
20090206,9.8922,10.0356,9.8922,9.94,523,0
20090209,10.2757,10.2757,9.75,9.75,2511,0
20090210,10.2443,11.4783,10.2443,11,14323,0
20090211,10.9039,11.43,10.9039,11.21,5332,0
20090212,11.7562,12.0429,11.3261,11.89,6068,0
20090213,11.8939,11.8939,11.2055,11.76,2719,0
20090216,11.7568,11.7568,11.3266,11.47,732,0
20090217,11.4783,11.4783,11,11,1673,0
20090218,11.1909,11.3822,10.99,10.99,1464,0
20090219,11.0804,11.1378,11.0804,11.09,1360,0
20090220,11.0925,11.0925,10.71,10.71,523,0
20090223,10.95,10.95,10.95,10.95,314,0
20090224,10.9434,10.9434,10.6184,10.8,523,0
20090225,10.6156,10.6156,10.0609,10.52,2614,0
20090226,10.0418,10.52,9.8601,10.52,314,0
20090227,9.94,9.94,9.94,9.94,209,0
20090302,9.94,9.94,9.94,9.94,105,0
20090303,9.66,9.66,9.66,9.66,1046,0
20090304,9.8934,9.8934,9.75,9.75,2092,0
20090305,9.7514,10.1912,9.5602,10,2092,0
20090306,9.56,9.8946,9.56,9.56,1360,0
20090310,9.2712,9.2712,9.08,9.08,2406,0
20090311,9.3178,9.3656,8.84,8.84,4186,0
20090312,8.6561,8.9908,7.5083,8.13,8469,0
20090313,8.2188,9.27,8.2188,9.27,2825,0
20090316,9.3707,10.04,9.1794,10.04,3974,0
20090317,10.0363,11.47,10.0363,11.47,5545,0
20090318,11.3776,11.76,11.3776,11.76,2092,0
20090319,11.3256,11.5167,11.1344,11.23,2720,0
20090320,11.14,11.14,11.14,11.14,209,0
20090323,10.9509,11.19,10.9031,11.19,7842,0
20090324,11.62,11.62,11.2853,11.62,4287,0
20090325,11.1887,11.38,11.1887,11.38,1359,0
20090326,10.9904,11,10.7515,11,105,0
20090327,11.14,11.14,11.14,11.14,105,0
20090330,10.7609,11.287,10.713,11,8050,0
20090331,10.76,10.76,10.76,10.76,627,0
20090401,10.714,10.8,10.5133,10.8,3557,0
20090402,11.0433,11.0433,10.6704,10.68,7740,0
20090403,10.9932,11.3756,10.9932,11.28,1883,0
20090406,11.38,11.5713,11.38,11.38,1882,0
20090407,11.4291,11.4291,11.19,11.19,418,0
20090408,11.0917,12.22,11.0917,12.22,2301,0
20090409,12.3815,12.9839,12.3815,12.85,3033,0
20090415,12.3815,12.85,12.3815,12.85,523,0
20090416,12.8481,13.24,12.8481,13.24,1883,0
20090417,13.051,13.6246,12.9076,13.29,8158,0
20090420,12.9078,12.9078,12.5254,12.86,2092,0
20090421,12.5297,12.74,12.4246,12.74,942,0
20090423,12.5244,12.62,12.2376,12.62,2092,0
20090424,12.62,12.62,12.381,12.62,314,0
20090427,12.38,12.38,12.38,12.38,418,0
20090428,12.3452,12.3452,12.24,12.24,1464,0
20090429,12.6709,12.9578,12.4319,12.91,2823,0
20090430,12.8157,12.94,12.8157,12.94,1150,0
20090504,12.5769,12.5769,12.29,12.29,941,0
20090506,12.0975,12.6234,12.0975,12.48,1778,0
20090507,12.1856,12.1856,12.09,12.09,419,0
20090508,12.4214,12.7656,12.2875,12.67,2928,0
20090511,12.7487,12.7487,12.4331,12.72,1046,0
20090512,12.7661,12.8617,12.68,12.68,1569,0
20090513,13.0044,13.1,13.0044,13.1,837,0
20090514,12.9118,13.39,12.9118,13.39,1359,0
20090515,13.3824,13.3824,12.9044,13,2197,0
20090519,12.6709,12.91,12.6709,12.91,105,0
20090520,12.9122,12.96,12.9122,12.96,2823,0
20090521,12.92,12.92,12.92,12.92,418,0
20090525,13.3896,13.3896,12.9592,13.38,1359,0
20090527,13.1979,13.37,12.9588,13.37,314,0
20090528,13.3704,13.38,13.3704,13.38,523,0
20090529,13.37,13.37,13.1022,13.37,1882,0
20090602,13.0935,13.2273,12.998,13.17,1569,0
20090603,13.3796,13.3796,13.1022,13.37,3555,0
20090604,13.0945,13.84,12.9989,13.84,6068,0
20090605,13.5804,13.5804,12.7675,13.15,3764,0
20090608,12.8604,12.9561,12.6788,12.87,2824,0
20090609,12.9076,13.29,12.2383,13.29,4602,0
20090610,13.2844,13.9634,13.1983,13.38,4601,0
20090611,13.3641,13.67,13.3641,13.67,3243,0
20090612,13.862,15.057,13.862,14.34,6904,0
20090615,14.6778,14.8212,14.3527,14.63,8366,0
20090616,14.8236,15.78,14.6706,15.78,5333,0
20090617,15.8752,15.8752,14.9189,15.77,6797,0
20090618,15.77,15.77,15.77,15.77,209,0
20090619,15.6796,15.6796,15.1442,15.67,1255,0
20090622,15.2944,15.5812,14.7687,15.39,6486,0
20090623,15.0597,15.49,14.7729,15.49,2092,0
20090624,15.2995,17.69,15.2995,17.69,11504,0
20090625,17.3091,17.5768,16.7353,17.07,2719,0
20090626,17.1115,17.1115,16.5379,16.71,1778,0
20090629,16.0577,16.44,15.8665,16.44,3243,0
20090630,16.156,16.72,16.156,16.72,523,0
20090701,16.7261,16.7261,16.1618,16.64,1046,0
20090702,16.6375,17.02,16.6375,17.02,837,0
20090703,16.3464,16.92,16.3464,16.92,105,0
20090706,16.92,16.92,16.92,16.92,209,0
20090707,16.442,16.92,16.3942,16.92,1360,0
20090709,16.9227,17.2,16.9227,17.2,2615,0
20090714,16.5913,16.5913,16.4,16.4,732,0
20090716,16.4,16.4,16.4,16.4,105,0
20090717,16.25,16.25,16.25,16.25,105,0
20090721,15.97,16.3525,15.97,15.97,627,0
20090724,15.9668,15.9668,15.68,15.68,418,0
20090727,15.9216,15.9216,15.3,15.3,941,0
20090728,15.1113,15.1113,14.92,14.92,209,0
20090729,15.3016,15.3016,14.3548,14.68,5333,0
20090730,14.3462,14.92,14.3462,14.92,1673,0
20090803,14.92,14.92,14.92,14.92,1046,0
20090805,14.9296,14.9296,14.92,14.92,209,0
20090811,14.6721,15.15,14.6721,15.15,1046,0
20090813,15.2223,15.49,15.2223,15.49,1778,0
20090814,15.4925,15.5882,15.11,15.11,4183,0
20090818,15.39,15.39,15.39,15.39,1151,0
20090819,15.0112,15.1068,14.82,14.82,1046,0
20090820,14.77,14.77,14.77,14.77,209,0
20090825,15.49,15.49,15.49,15.49,105,0
20090826,15.5063,15.86,15.5063,15.86,837,0
20090831,16.2513,18.45,16.0601,18.45,1674,0
20090901,18.3531,19.3568,18.1619,19.07,1046,0
20090902,19.7391,19.7391,18.9266,19.07,837,0
20090903,19.12,19.12,19.12,19.12,1674,0
20090904,19.4566,20.078,19.4088,19.6,1151,0
20090907,19.7931,20.08,19.7931,20.08,732,0
20090908,20.7904,20.8382,19.5,19.5,1569,0
20090909,20.07,20.07,20.07,20.07,105,0
20090910,19.4546,19.4546,19.12,19.12,837,0
20090915,18.7544,19.5,18.7353,19.5,1778,0
20090916,18.88,18.88,18.88,18.88,314,0
20090918,19.1266,19.27,19.1266,19.27,1046,0
20090921,19.2684,19.2684,18.36,18.36,1359,0
20090922,18.17,18.17,18.17,18.17,523,0
20090925,18.5,18.5,18.5,18.5,105,0
20090929,18.8381,18.8381,18.36,18.36,209,0
20090930,19.1122,21.99,19.1122,21.99,12970,0
20091001,21.511,22.2758,21.033,21.75,1046,0
20091002,21.9928,21.9928,21.1418,21.18,732,0
20091005,21.0364,23.3312,21.0364,23.14,5124,0
20091007,23.14,23.14,22.4707,23.14,837,0
20091008,23.1413,23.1413,22.4719,22.95,627,0
20091009,22.2264,23.039,21.5094,22.8,1464,0
20091012,22.2328,22.95,22.2328,22.95,418,0
20091013,22.9438,24.33,22.5136,24.33,14644,0
20091014,24.3302,26.768,24.3302,26.29,3452,0
20091015,26.7525,29.64,26.7525,29.64,12341,0
20091016,29.1598,31.55,28.2516,31.55,4811,0
20091019,32.9889,35.3794,32.9889,33.62,2824,0
20091020,33.4642,33.4642,31.0739,32.03,2719,0
20091021,31.0762,32.2236,28.9726,30.12,1150,0
20091022,29.259,29.6415,27.9682,29.02,837,0
20091023,28.6834,29.2093,27.3449,28.54,5543,0
20091026,28.6804,28.9672,28.6804,28.69,523,0
20091027,28.7795,29.64,28.7795,29.64,628,0
20091028,29.4448,29.636,28.202,28.68,1255,0
20091029,28.6858,28.6858,26.3049,26.63,1673,0
20091030,27.2441,28.678,27.2441,28.2,941,0
20091102,27.4831,28.2,27.4831,28.2,105,0
20091103,27.9132,28.2,27.4831,28.2,209,0
20091104,28.3463,29.6273,28.0595,28.7,3243,0
20091105,29.1619,30.0703,29.1619,29.64,1464,0
20091106,30.1181,30.1181,29.1141,29.64,418,0
20091109,29.6414,30.98,29.6414,30.98,209,0
20091110,30.2151,30.98,29.6509,30.98,2510,0
20091111,32.025,32.025,30.1226,30.83,3870,0
20091112,30.9776,31.36,30.4517,31.36,523,0
20091116,31.977,32.7896,31.977,32.78,1046,0
20091117,32.3602,33.45,32.0543,33.45,837,0
20091118,33.4561,33.4656,32.3756,33.37,314,0
20091119,33.3715,33.84,32.7021,33.84,627,0
20091120,32.6943,33.4591,32.398,33.44,6695,0
20091123,33.4405,34.32,32.5036,34.32,209,0
20091124,33.4589,36.2216,33.4589,36.04,1255,0
20091125,36.179,36.81,35.3758,36.81,523,0
20091126,36.81,37.1924,35.3758,36.81,2615,0
20091127,35.9527,39.1081,35.8571,38.63,7948,0
20091130,38.6278,40.1576,38.2454,39.67,3347,0
20091201,40.1118,40.4464,37.4918,37.75,5229,0
20091202,37.8094,39.0522,35.0083,36.71,4707,0
20091203,34.4212,35.1861,33.7328,34.23,2615,0
20091204,33.5681,34.18,33.4629,34.18,1569,0
20091207,34.178,34.178,33.3654,33.7,1255,0
20091208,33.938,33.938,32.5231,33.46,1046,0
20091209,32.982,33.46,29.636,33.46,8368,0
20091210,32.5096,35.3781,32.5096,34.9,628,0
20091211,35.1366,35.3756,35.1366,35.28,523,0
20091214,35.2805,35.2805,33.9037,34.42,209,0
20091215,33.9429,34.66,33.9429,34.66,2406,0
20091216,34.5641,35.09,34.4207,35.09,105,0
20091217,34.1306,34.7042,33.9393,34.36,209,0
20091218,34.4243,34.4243,32.5119,32.99,627,0
20091221,32.5042,33.03,31.8637,33.03,1464,0
20091222,32.2725,33.0375,31.89,31.89,209,0
20091223,31.8834,32.7916,31.74,31.74,628,0
20091224,31.8834,32.7916,31.74,31.74,628,0
20091228,31.6482,32.7,31.6482,32.7,418,0
20091229,33.0795,33.94,33.0795,33.94,1360,0
20091230,34.4102,34.4676,32.89,32.89,3974,0
20091231,34.4102,34.4676,32.89,32.89,3974,0
20100104,33.6549,33.6549,32.89,32.89,523,0
20100105,33.8449,33.9883,33.08,33.08,418,0
20100106,33.85,33.85,33.85,33.85,209,0
20100107,33.2,33.2,33.1809,33.2,418,0
20100108,33.1809,33.42,33.1809,33.42,418,0
20100111,33.4154,33.75,33.4154,33.75,105,0
20100112,34.47,34.47,34.47,34.47,105,0
20100113,33.466,34.47,33.466,34.47,209,0
20100114,33.3719,35.38,33.3719,35.38,1882,0
20100115,35.38,35.38,35.38,35.38,418,0
20100118,34.0409,35.3796,34.0409,35.37,314,0
20100119,35.2807,37.671,35.2807,37.04,48843,0
20100120,36.9801,36.9992,35.9476,36.33,3556,0
20100121,36.4251,38.624,36.4251,37.84,7217,0
20100122,37.811,39.1972,36.8072,38.05,2824,0
20100125,37.961,38.2478,36.8135,38.2,3033,0
20100126,38.1998,38.1998,37.062,37.76,3347,0
20100127,37.7298,38.141,37.29,37.29,1464,0
20100128,38.1525,39.6824,36.8138,37.77,1882,0
20100129,37.2919,37.77,37.0528,37.77,523,0
20100201,37.77,37.77,37.4066,37.77,1464,0
20100202,37.77,37.77,37.4066,37.77,1360,0
20100203,37.6709,41.83,37.6709,41.83,5543,0
20100204,41.8323,43.9359,41.8323,43.41,6693,0
20100205,43.4523,43.4523,39.4369,41.11,4602,0
20100208,41.5943,43.0286,39.2994,40.16,1673,0
20100209,40.6361,41.1142,39.2975,39.68,2092,0
20100210,40.6207,42.5422,40.6207,41.07,1883,0
20100211,41.5915,42.5476,41.5915,42.06,1987,0
20100212,41.9692,41.9692,40.822,41.3,7427,0
20100215,41.1161,41.881,41.0204,41.03,2928,0
20100216,41.1156,41.8806,41.02,41.02,732,0
20100217,41.0244,48.7589,41.0244,46.56,15794,0
20100218,47.706,47.8016,45.4116,46.75,22489,0
20100219,47.0738,47.6188,46.3664,46.94,7008,0
20100222,47.1878,47.2834,46.5185,47.14,6170,0
20100223,47.1877,50.6777,47.1877,50.41,8157,0
20100224,50.672,54.0182,49.8115,51.15,12447,0
20100225,52.3354,54.4483,51.6279,53.54,10355,0
20100226,54.3104,55.4578,53.9662,55.41,3870,0
20100301,56.219,57.3663,52.5858,54.89,13597,0
20100302,54.9709,54.9709,48.948,53.47,13284,0
20100303,53.3549,53.5462,52.1119,52.59,3870,0
20100304,52.5867,52.5867,46.6109,48.81,6589,0
20100305,49.1403,50.9473,49.1403,50.67,2301,0
20100308,51.4814,51.4814,48.2788,50.86,4289,0
20100309,51.0563,51.63,50.6739,51.63,837,0
20100310,52.5373,53.5412,51.629,53.35,1569,0
20100311,52.5892,59.2823,52.5892,57.37,6693,0
20100312,57.2242,58.0369,55.4554,56.88,3870,0
20100315,56.398,57.1724,52.8797,56.79,4707,0
20100316,55.9357,55.9357,53.6409,54.97,2719,0
20100317,55.4535,55.4535,50.7877,52.48,8890,0
20100318,52.4865,52.4865,48.0409,50.67,7217,0
20100319,50.291,51.6296,48.3119,51.62,4497,0
20100322,50.2952,52.59,50.2952,52.59,1464,0
20100323,52.5839,54.4961,52.4979,53.54,2929,0
20100324,53.9276,53.9276,49.8161,51.04,5020,0
20100325,50.672,52.1061,50.672,51.15,3452,0
20100326,51.3087,51.3087,50.4386,51.28,2092,0
20100329,51.2444,51.34,50.4796,51.34,941,0
20100330,51.2493,51.2493,50.1975,50.58,2196,0
20100331,50.672,51.15,50.2895,51.15,2196,0
20100401,50.115,53.92,49.7326,53.92,6067,0
20100406,53.6842,53.6842,52.3457,53.34,3347,0
20100407,53.4344,53.9124,52.6409,53.53,3870,0
20100408,53.4491,53.4491,52.6364,53.43,628,0
20100409,53.5462,53.5462,52.1119,52.59,523,0
20100412,53.0617,53.5301,52.01,52.01,941,0
20100413,52.0112,52.5848,50.6822,50.73,1360,0
20100414,50.6762,53.5351,46.0962,49.72,16315,0
20100415,49.909,53.7813,49.7178,51.63,5439,0
20100416,51.6296,52.0981,50.8073,51.62,2719,0
20100419,50.8142,50.8142,49.7625,50.47,941,0
20100420,50.1919,50.1919,49.427,49.58,1778,0
20100421,49.717,50.4532,49.717,49.87,1151,0
20100422,50.1804,50.19,49.6164,50.19,1464,0
20100423,49.4264,50.1912,49.4264,50,3138,0
20100426,49.7131,49.933,48.279,49.78,3556,0
20100427,49.7187,49.7187,44.8137,47.51,10250,0
20100428,45.5578,45.5578,40.3471,44.64,11819,0
20100429,43.593,44.788,43.4974,44.31,2510,0
20100430,44.7856,46.3632,43.6,43.6,3138,0
20100503,44.3715,45.7676,44.3715,45.06,1778,0
20100504,46.2729,46.2729,42.181,44.16,3243,0
20100505,43.1237,44.1277,42.3205,42.55,1255,0
20100506,42.4024,43.0238,40.93,40.93,3138,0
20100507,39.782,41.0252,37.9268,40.92,5333,0
20100510,40.1577,42.07,39.2016,42.07,1673,0
20100511,42.0714,42.3582,41.1917,42.32,314,0
20100512,41.1673,43.7868,41.1673,43.5,1778,0
20100513,43.498,43.498,42.7332,43.02,209,0
20100514,43.022,43.5,42.544,43.5,314,0
20100517,42.7732,43.5,42.5533,43.5,418,0
20100518,42.5523,43.69,42.4472,43.69,1569,0
20100520,42.0714,43.3909,38.4379,39.92,1569,0
20100521,38.3376,39.1024,37.4867,38.72,2929,0
20100524,38.9084,39.09,38.2392,39.09,418,0
20100525,38.2407,38.69,37.2942,38.69,1569,0
20100526,38.2455,40.11,38.2455,40.11,2196,0
20100527,39.9205,40.15,38.7253,40.15,418,0
20100531,40.1448,40.25,40.0588,40.25,418,0
20100602,40.2297,40.44,40.2297,40.44,418,0
20100604,39.7692,40.62,39.7309,40.62,314,0
20100607,40.6388,40.83,39.6826,40.83,523,0
20100609,40.632,41.11,40.632,41.11,209,0
20100611,41.3033,41.5901,40.94,40.94,209,0
20100614,40.6358,42.07,40.6358,42.07,628,0
20100615,42.5459,44.6493,42.5459,43.98,2824,0
20100616,44.651,48.1887,44.6415,48.16,6485,0
20100617,48.1496,49.4117,47.815,49.23,3870,0
20100618,49.7261,53.1056,49.6296,52.14,5386,0
20100621,52.1345,53.1,52.1345,53.1,3004,0
20100622,52.6683,53.1028,52.62,52.62,2589,0
20100623,52.6158,53.0792,49.8257,51.94,2072,0
20100624,50.3973,51.6524,48.8043,51.16,2693,0
20100625,51.1586,51.651,50.2318,51.12,311,0
20100628,50.2082,51.56,50.1117,51.56,621,0
20100629,50.2212,51.65,50.2019,51.65,1450,0
20100630,50.6976,51.75,49.9349,51.75,2071,0
20100701,50.4376,55.0237,50.2059,52.61,1968,0
20100702,51.17,51.17,50.2045,51.17,311,0
20100705,52.1383,52.1383,50.69,50.69,207,0
20100706,50.3071,51.6393,50.3071,51.62,414,0
20100707,50.2105,51.62,50.2009,51.62,207,0
20100708,51.0692,51.5905,50.21,50.21,311,0
20100709,50.2055,50.2055,50.08,50.08,414,0
20100712,51.1717,51.5097,50.5924,51.5,311,0
20100713,50.2083,51.4539,47.7945,48.76,2486,0
20100714,48.3738,49.2428,47.6979,48.76,725,0
20100715,49.103,49.103,46.3418,47.79,1761,0
20100716,49.1002,49.1292,48.27,48.27,414,0
20100719,49.1901,51.15,49.1901,51.15,1036,0
20100720,51.4803,51.4997,50.4955,51.49,1657,0
20100721,51.1731,51.1731,50.8448,50.98,207,0
20100722,51.1734,51.27,50.0148,51.27,104,0
20100723,49.8714,50.6727,49.2343,50.19,414,0
20100726,50.5862,50.5862,49.9104,50.2,207,0
20100727,49.9138,50.58,49.3346,50.58,207,0
20100728,49.2404,50.37,49.2404,50.37,104,0
20100729,49.7231,50.1962,49.0473,50.09,207,0
20100730,48.703,50.0935,48.6934,49.91,414,0
20100802,48.7583,50.11,47.1169,50.11,1346,0
20100803,49.5293,49.5293,48.6604,49.51,518,0
20100804,48.7523,50.49,48.7523,50.49,932,0
20100805,50.101,50.69,50.101,50.69,2693,0
20100806,49.2384,50.59,49.1418,50.59,311,0
20100809,50.3993,50.3993,48.951,49.82,1036,0
20100811,49.2342,49.939,48.3654,49.91,829,0
20100813,49.8583,49.8583,49.2404,49.81,414,0
20100817,49.4355,49.87,49.4355,49.87,104,0
20100818,49.5597,50.67,49.5597,50.67,414,0
20100819,50.69,51.1148,49.5603,50.69,1243,0
20100820,49.5603,50.69,49.2417,50.69,932,0
20100823,50.2,50.6827,49.2443,50.2,414,0
20100824,50.3641,50.3641,49.2346,50.2,1139,0
20100825,50.0097,50.5697,49.5753,50.56,518,0
20100826,50.57,50.57,50.5603,50.57,104,0
20100827,49.2346,50.2,49.1767,50.2,207,0
20100830,50.1997,50.47,49.2343,50.47,518,0
20100831,50.1418,50.47,49.6784,50.47,311,0
20100902,49.2604,50.4672,49.0962,50.11,414,0
20100906,48.9643,50.2,47.3135,50.2,1761,0
20100907,49.9607,50.6655,49.9318,50.54,932,0
20100908,50.5407,51.12,49.8167,51.12,829,0
20100909,50.4925,51.12,50.4925,51.12,414,0
20100910,50.4959,52.62,50.4959,52.62,2486,0
20100913,51.0778,54.94,51.0778,54.94,1554,0
20100914,54.9316,54.9316,53.0973,53.58,622,0
20100915,53.1045,54.5624,52.6217,54.07,829,0
20100916,55.0203,55.03,54.0646,55.03,104,0
20100917,54.9308,55.51,53.5792,55.51,1554,0
20100920,55.5128,57.1058,54.0647,56.43,2797,0
20100921,55.9973,56.76,55.9973,56.48,621,0
20100922,55.0434,55.0434,52.4559,54.02,5800,0
20100923,52.5217,52.5217,51.17,51.17,1450,0
20100924,50.7026,51.0694,48.627,49.38,7458,0
20100927,49.7227,50.1862,48.7573,49.24,1036,0
20100928,48.7656,49.76,48.698,49.76,1036,0
20100929,48.7542,49.9514,48.7542,49.71,207,0
20100930,49.8745,50.473,48.7546,49.72,1139,0
20101001,49.72,49.9614,49.72,49.72,518,0
20101004,49.4783,49.71,49.2369,49.71,311,0
20101006,48.6284,49.7,48.6284,49.7,1036,0
20101007,48.6465,49.0809,47.8838,48.27,414,0
20101008,48.7361,48.7361,47.0273,47.79,2589,0
20101011,47.3141,48.27,46.9375,48.27,207,0
20101013,47.7456,47.8132,43.9317,43.98,8389,0
20101014,43.9317,46.1524,43.9317,45.38,3625,0
20101015,44.3152,45.9179,44.3152,45.86,4039,0
20101018,45.7601,46.3297,45.7601,46.32,1761,0
20101019,45.7638,46.5362,45.7638,46.43,932,0
20101020,46.5245,46.65,45.8583,46.65,725,0
20101021,46.6489,46.8227,45.6159,46.34,2382,0
20101022,45.6224,46.2886,45.381,46.25,725,0
20101025,46.1469,46.34,46.1469,46.34,2072,0
20101026,46.7251,47.2078,45.9528,46.31,1554,0
20101027,47.0237,47.0237,45.8556,46.29,3522,0
20101028,45.8624,46.8279,45.4762,46.77,1657,0
20101029,45.9611,46.7335,45.1886,45.43,1036,0
20101101,45.1949,46.73,44.8956,46.73,311,0
20101102,46.7297,47.28,46.0635,47.28,829,0
20101103,46.4377,47.49,46.4377,47.49,1036,0
20101104,47.4935,47.87,47.31,47.87,829,0
20101105,47.3046,48.27,47.3046,48.27,2175,0
20101109,48.1793,48.1793,47.069,48.16,207,0
20101110,47.027,48.06,47.0173,47.78,932,0
20101111,47.4548,47.7831,47.1169,47.31,621,0
20101112,47.1108,47.69,47.0142,47.69,1657,0
20101115,47.6496,50.16,47.022,50.16,3107,0
20101116,49.6269,50.1483,49.2407,50.1,104,0
20101117,49.2356,50.0948,48.6563,49.67,414,0
20101118,48.2862,48.74,47.311,48.74,829,0
20101119,49.2234,50.16,47.7848,50.16,207,0
20101122,50.1597,50.1597,47.7458,50.15,3107,0
20101123,48.4649,49.1793,48.2911,48.88,2900,0
20101124,48.76,49.8607,48.0841,48.76,621,0
20101125,49.629,49.629,48.6634,48.76,207,0
20101126,48.0881,49.43,47.7888,49.43,3107,0
20101129,48.2693,48.5879,47.9797,48.53,104,0
20101130,48.4631,48.4631,47.8838,48.27,725,0
20101201,47.1272,49.1355,47.1176,48.73,1243,0
20101202,48.5328,48.89,47.8859,48.89,621,0
20101206,47.9325,48.56,47.9325,48.56,414,0
20101207,48.2704,48.56,47.4981,48.56,1450,0
20101209,48.6573,49.14,48.6573,49.14,414,0
20101210,48.5674,52.14,48.5674,52.14,725,0
20101213,50.981,52.1107,50.9327,51.85,829,0
20101214,51.1673,51.65,51.1673,51.65,1036,0
20101215,51.1603,51.5948,50.2045,51.17,1864,0
20101216,51.1697,51.1697,50.2042,51.16,725,0
20101217,51.1217,51.1217,49.1424,49.77,2486,0
20101220,48.7279,49.7127,48.2742,49.23,1036,0
20101221,49.2354,49.2354,48.2603,48.27,829,0
20101222,48.2742,48.95,48.2742,48.95,3314,0
20101223,48.76,48.76,48.4703,48.48,2175,0
20101228,48.4152,48.56,48.2704,48.56,621,0
20101229,48.5128,49.43,48.0784,49.43,1139,0
20101230,49.3717,49.3717,48.0491,49.14,414,0
20110105,47.4448,48.7,47.4062,48.7,104,0
20110111,47.4008,48.6655,47.4008,48.26,207,0
20110114,49.219,49.219,48.2728,49.19,414,0
20110118,48.741,49.05,48.741,49.05,311,0
20110120,48.7458,48.7458,47.4038,47.79,414,0
20110121,47.7941,48.1804,46.3458,47.91,1036,0
20110125,47.8066,48.27,46.4357,48.27,829,0
20110128,47.2748,48.6555,47.2651,48.25,207,0
20110201,48.5982,48.5982,47.2563,48.27,104,0
20110203,47.4011,48.27,47.0633,48.27,104,0
20110204,47.0729,48.27,46.9184,48.27,207,0
20110209,48.2342,48.2342,46.8436,48.07,518,0
20110214,47.9931,48.08,47.4137,48.08,207,0
20110215,48.0255,48.18,47.311,48.18,518,0
20110217,48.1797,48.1797,46.8569,48.17,104,0
20110218,48.1765,48.1765,46.8539,48.08,518,0
20110222,48.1379,48.1669,48.08,48.08,207,0
20110223,48.153,48.153,46.8497,47.4,104,0
20110225,46.8506,48.2797,46.8506,48.27,518,0
20110228,48.27,48.27,48.27,48.27,414,0
20110301,48.27,48.27,48.27,48.27,104,0
20110302,47.1459,48.2659,46.8272,47.31,414,0
20110304,47.3031,48.1719,47.11,47.11,1347,0
20110307,47.7761,48.2684,47.11,47.11,1036,0
20110308,48.1719,48.1719,46.9459,47.11,104,0
20110309,47.5746,48.26,47.5746,48.26,829,0
20110310,47.7997,47.7997,46.7374,47.79,104,0
20110311,46.3452,47.5907,43.9314,45.37,3314,0
20110314,42.9642,45.571,42.9642,43.92,1554,0
20110315,41.5186,43.4497,41.5186,43.44,1864,0
20110316,43.4469,43.92,41.8056,43.92,2693,0
20110318,44.9954,46.83,44.9954,46.83,1761,0
20110321,44.2368,47.5,44.2368,47.5,621,0
20110328,46.819,47.1183,44.8976,45.67,1346,0
20110330,44.7011,46.3327,44.6045,45.85,104,0
20110406,46.2628,47.1413,46.2628,46.34,104,0
20110407,46.8119,46.8119,45.19,45.19,518,0
20110411,45.0155,46.1353,44.6197,44.89,2382,0
20110412,45.3658,45.3658,44.4003,44.41,1864,0
20110413,44.4145,45.38,44.0572,45.38,829,0
20110414,44.8962,44.8962,43.921,44.79,2900,0
20110415,44.4131,44.78,44.4131,44.78,518,0
20110418,43.925,45.18,43.925,45.18,104,0
20110419,45.2468,45.855,44.6,44.6,1450,0
20110420,45.1703,45.18,45.1703,45.18,207,0
20110421,45.7638,46.15,44.8949,46.15,518,0
20110427,44.6045,45.85,44.6045,45.85,518,0
20110429,44.6004,45.8071,44.4073,44.89,4143,0
20110502,45.8476,45.8476,44.6215,45.78,104,0
20110506,45.7331,46.1386,45.6559,46.1,311,0
20110510,46.1,46.1,44.9992,46.1,311,0
20110511,46.1,46.1,46.1,46.1,207,0
20110512,44.8156,46.09,44.7963,46.09,2279,0
20110513,46.0548,47.31,46.0548,47.31,1657,0
20110516,46.83,46.83,46.8203,46.83,1346,0
20110517,46.83,46.83,45.8644,46.83,414,0
20110518,47.1015,47.98,47.1015,47.98,414,0
20110520,47.5997,47.6962,47.31,47.59,1864,0
20110527,47.3007,47.6,47.3007,47.6,518,0
20110530,46.5376,47.31,46.441,47.31,207,0
20110606,47.309,47.309,46.8262,47.28,104,0
20110608,47.294,47.294,46.29,46.29,311,0
20110615,47.4921,47.55,45.5032,47.55,621,0
20110616,45.7635,47.54,45.7635,47.54,207,0
20110617,47.586,47.586,45.3525,45.45,615,0
20110622,47.0295,47.0295,45.6056,47.01,205,0
20110623,46.8059,46.8059,44.865,46.25,103,0
20110624,46.3229,46.3229,44.8695,46.04,615,0
20110627,44.8693,45.2984,43.7963,44.84,718,0
20110628,44.8531,44.8531,43.79,43.79,718,0
20110630,44.3726,44.3726,42.7241,44.08,3588,0
20110701,44.08,44.08,43.8947,44.08,1025,0
20110705,43.8947,44.08,43.7971,44.08,4203,0
20110706,44.08,44.08,43.8947,44.08,205,0
20110707,43.8947,44.08,43.8947,44.08,308,0
20110708,44.08,44.08,43.6508,44.08,1025,0
20110711,44.079,44.079,43.5035,44.04,513,0
20110718,43.8853,43.8853,43.2123,43.7,410,0
20110719,43.8779,43.8779,42.9124,43.4,513,0
20110721,43.8776,43.8776,42.9121,43.39,923,0
20110722,43.3826,43.88,42.7194,43.88,1640,0
20110725,43.4801,43.88,43.168,43.88,513,0
20110726,43.8693,43.8693,42.7767,43.84,513,0
20110729,43.4737,43.5029,42.43,42.43,513,0
20110802,43.088,43.088,42.4248,43.01,820,0
20110803,42.4275,42.4275,42.0374,42.33,1230,0
20110804,42.5254,42.9155,41.55,41.55,3383,0
20110805,42.9148,42.9148,38.1357,41.92,1538,0
20110808,40.9703,40.9703,39.01,39.01,1025,0
20110809,38.1384,39.0162,34.1392,36.09,4203,0
20110810,38.0382,41.9298,38.0382,41.92,7690,0
20110811,40.9556,40.9654,35.2107,39.99,5126,0
20110812,37.6479,37.6479,36.0874,36.38,1846,0
20110815,36.3702,36.9164,36.0874,36.38,1538,0
20110816,37.0347,37.0347,35.2108,36.43,3896,0
20110817,36.85,36.85,35.6015,36.85,1333,0
20110818,35.328,35.689,34.4402,35.65,3075,0
20110819,35.5811,35.5811,33.1524,34.04,3999,0
20110822,34.0399,34.1374,33.0158,33.64,1948,0
20110823,33.6451,34.3378,33.3622,33.85,1435,0
20110825,34.1227,34.63,32.7766,34.63,3485,0
20110826,34.5736,35.11,34.5736,35.11,1128,0
20110829,35.2607,36.08,35.0753,36.08,3486,0
20110830,36.0802,36.3826,35.6121,36.09,12508,0
20110831,37.0476,37.0476,36.0724,36.56,1231,0
20110901,36.0918,36.96,36.0821,36.96,308,0
20110902,36.7656,37.068,35.7024,36.99,1128,0
20110905,36.9531,36.9531,35.6946,35.88,1025,0
20110907,35.8705,35.89,35.8705,35.89,205,0
20110909,35.8927,35.8927,34.6341,35.6,103,0
20110913,35.5876,35.5876,34.6221,35.1,513,0
20110916,35.3,35.3,35.3,35.3,205,0
20110919,35.3955,35.3955,34.82,34.82,103,0
20110921,33.65,33.65,33.65,33.65,513,0
20110922,34.043,34.043,32.97,32.97,205,0
20110926,33.16,33.16,33.16,33.16,513,0
20110927,33.16,33.16,33.16,33.16,513,0
20110928,32.6898,33.6555,32.68,32.68,1128,0
20110929,32.6822,32.77,32.6627,32.77,2256,0
20111004,33.1658,33.1756,32.4928,33,513,0
20111006,33.0986,33.44,32.9718,33.44,1230,0
20111007,33.4328,33.4328,32.6721,33.15,513,0
20111010,32.6753,34.47,32.6753,34.47,2563,0
20111013,33.1616,33.1616,32.83,32.83,205,0
20111014,33.6521,34.53,33.6521,34.53,1538,0
20111017,34.822,36.09,34.822,36.09,1230,0
20111018,36.4802,37.0654,35.1146,36.09,2973,0
20111019,37.0582,37.068,35.7218,36.59,718,0
20111020,36.5919,37.06,36.5724,37.06,718,0
20111021,36.0847,37.06,36.0847,37.06,615,0
20111024,37.06,37.06,37.06,37.06,103,0
20111025,37.05,37.05,36.8647,37.05,1128,0
20111026,37.06,37.06,37.06,37.06,103,0
20111027,37.06,37.06,37.06,37.06,205,0
20111028,37.06,37.06,36.5724,37.06,7690,0
20111102,37.0301,37.43,36.2792,37.43,2461,0
20111109,38.0298,38.0298,37.0546,38.02,308,0
20111110,37.0741,38.03,37.0741,38.03,103,0
20111111,38.0303,38.0303,35.8942,37.25,1333,0
20111115,37.8208,37.8306,37.0601,37.46,103,0
20111117,37.4305,37.45,37.4305,37.45,615,0
20111124,37.5506,37.5506,37.18,37.18,410,0
20111125,38.62,38.62,38.62,38.62,513,0
20111128,38.9202,39.0177,38.0423,38.53,820,0
20111129,37.6502,37.6502,37.26,37.26,2153,0
20111130,36.6721,37.94,35.609,37.94,923,0
20111205,37.93,37.93,37.93,37.93,103,0
20111206,37.9935,38.53,37.9935,38.53,410,0
20111208,38.5298,38.92,38.0031,38.92,1435,0
20111209,38.9149,39.11,38.9149,39.11,103,0
20111213,38.4248,39.01,38.4248,39.01,513,0
20111215,39.5085,39.9963,39.0208,39.45,1333,0
20111219,38.8206,38.8206,38.45,38.45,1128,0
20111220,38.0378,38.0378,37.16,37.16,2871,0
20111221,37.5427,37.65,37.0648,37.65,205,0
20111222,37.5402,37.7451,37.1209,37.55,4614,0
20111223,37.5401,37.94,37.5401,37.94,4614,0
20111229,38.6275,38.6275,38.53,38.53,103,0
20111230,38.5319,39.8,38.5319,39.8,615,0
20120103,39.0275,39.0275,38.53,38.53,513,0
20120104,39.0677,39.0677,38.4337,38.58,3896,0
20120105,38.0888,38.0888,38.04,38.04,103,0
20120111,38.0254,38.0352,37.45,37.45,923,0
20120116,37.3574,38.0402,37.3574,37.65,1128,0
20120123,38.04,38.04,38.04,38.04,308,0
20120127,37.6085,37.6085,37.55,37.55,1435,0
20120130,37.6,37.6,37.6,37.6,1333,0
20120131,37.6057,37.83,37.6057,37.83,205,0
20120201,37.6,37.6,37.0636,37.6,718,0
20120203,37.7376,38.04,37.7376,38.04,308,0
20120206,37.8494,38.62,37.5567,38.62,205,0
20120208,38.6169,41.27,38.5291,41.27,3486,0
20120209,41.2617,42.92,40.9691,42.92,2563,0
20120210,42.1887,42.6764,40.6182,41.74,1538,0
20120213,41.45,41.45,40.9624,41.45,103,0
20120214,40.0895,41.26,40.0895,41.26,205,0
20120216,41.107,41.107,40.99,40.99,103,0
20120220,41.3579,41.3579,40.48,40.48,615,0
20120221,40.4817,41.74,40.0037,41.74,2255,0
20120222,41.8667,41.8667,39.7115,40.95,923,0
20120223,40.9372,41.8346,40.43,40.43,1538,0
20120224,40.3851,40.4826,40.19,40.19,1128,0
20120227,39.7678,40.86,39.6898,40.86,513,0
20120228,40.8722,40.9697,40.56,40.56,718,0
20120301,40.4913,40.4913,39.75,39.75,1025,0
20120308,40.0043,40.97,39.9945,40.97,205,0
20120313,40.9602,40.97,40.9602,40.97,615,0
20120314,39.7992,40.96,39.7992,40.96,308,0
20120315,39.9923,40.48,39.5046,40.48,308,0
20120316,40.4753,40.4753,39.5,39.5,2051,0
20120319,42.1961,42.9179,41.7474,42.04,2871,0
20120320,42.0353,42.4742,41.06,41.06,2973,0
20120321,42.1127,42.22,41.5275,42.22,308,0
20120322,42.2351,42.2351,42.04,42.04,308,0
20120323,42.1402,42.1402,41.5061,41.75,410,0
20120326,41.7503,42.1893,41.7405,42.16,2460,0
20120327,42.219,42.219,41.4388,42.18,308,0
20120330,41.839,42.2778,41.01,41.01,1641,0
20120402,42.4326,43.3496,42.14,42.14,1230,0
20120403,42.1396,42.92,42.1396,42.92,205,0
20120405,42.9057,42.9057,41.55,41.55,513,0
20120416,41.9365,41.9365,41.01,41.01,410,0
20120417,41.0342,41.2,40.9659,41.2,1230,0
20120423,40.2843,41.4451,39.9917,41.25,1128,0
20120425,40.6774,41.3017,40.6774,40.97,410,0
20120502,41.45,41.45,41.45,41.45,103,0
20120503,41.1456,41.4577,40.2384,40.97,718,0
20120504,39.99,40.9654,39.99,39.99,513,0
20120507,39.5,39.5,39.0123,39.5,3384,0
20120508,38.5377,38.5377,38.05,38.05,205,0
20120509,38.0498,39.0154,38.04,38.04,410,0
20120510,38.0264,39.0115,38.0264,38.28,1538,0
20120511,38.0351,38.0351,37.84,37.84,103,0
20120514,38.0205,38.04,37.0646,38.04,923,0
20120516,37.0623,37.55,37.0623,37.55,205,0
20120522,37.5529,37.5529,36.48,36.48,513,0
20120525,37.54,37.54,37.54,37.54,103,0
20120529,37.0646,38.04,37.0646,38.04,615,0
20120530,38.03,38.03,37.5521,38.03,103,0
20120601,38.0381,38.0381,36.38,36.38,513,0
20120604,37.0582,37.0582,35.7023,36.19,2665,0
20120605,36.3851,36.3851,35.7998,36.19,1435,0
20120606,36.19,36.19,36.19,36.19,103,0
20120607,36.3398,36.3398,35.7056,36.33,205,0
20120611,36.19,36.19,36.19,36.19,205,0
20120613,36.19,36.19,36.19,36.19,205,0
20120615,36.2292,36.2292,35.41,35.41,205,0
20120618,35.6973,36.38,35.6973,36.38,1128,0
20120619,36.19,36.19,36.19,36.19,308,0
20120620,36.0799,36.87,36.0799,36.87,1230,0
20120621,37.0654,37.0654,36.09,36.09,1845,0
20120625,35.1146,36.6752,35.1146,36.09,2871,0
20120627,36.0755,37.0606,35.11,35.11,2666,0
20120628,35.1095,37.06,35.1095,37.06,410,0
20120629,37.0606,37.1199,37.0606,37.11,405,0
20120702,37.5576,38.2,37.0634,38.2,607,0
20120706,39.9295,39.9295,39.04,39.04,101,0
20120711,39.0438,39.0438,37.66,37.66,1012,0
20120712,37.66,37.66,37.66,37.66,506,0
20120717,38.2,38.2,38.2,38.2,202,0
20120719,37.439,38.2,37.439,38.2,304,0
20120720,38.2034,38.49,38.2034,38.49,202,0
20120723,38.3999,38.3999,37.6092,38.39,607,0
20120724,37.5568,38.2881,37.5568,38.13,405,0
20120727,36.5693,37.0635,36.51,36.51,1012,0
20120730,36.1785,36.564,35.19,35.19,1214,0
20120731,35.58,36.2718,34.987,35.58,2833,0
20120801,35.5899,35.5899,34.8979,35.58,506,0
20120803,35.5701,35.58,35.5701,35.58,304,0
20120806,34.8907,35.5727,33.843,34.1,9308,0
20120807,33.6993,34.48,33.6005,34.48,1113,0
20120808,33.7171,33.8061,33.47,33.47,2226,0
20120809,33.4581,33.4581,32.4203,33.3,5969,0
20120810,33.3378,34,33.3279,34,1214,0
20120815,34.58,34.58,34.58,34.58,304,0
20120816,34.5858,35.08,34.5858,35.08,202,0
20120817,35.0598,35.0598,34.9412,35.04,607,0
20120820,34.9817,35.13,34.9817,35.13,202,0
20120821,35.0856,35.56,35.0461,35.56,2125,0
20120822,35.46,35.46,35.1339,35.46,3643,0
20120823,35.19,35.4964,35.1505,35.19,2226,0
20120824,35.4909,35.5799,35.4909,35.57,2428,0
20120827,35.5794,35.5794,35.53,35.53,5464,0
20120828,35.145,35.5799,34.9869,35.57,1113,0
20120829,35.5701,35.58,35.5701,35.58,506,0
20120830,35.1847,35.58,35.1353,35.58,1417,0
20120905,35.5601,35.57,35.5601,35.57,101,0
20120906,35.5701,35.6294,35.2341,35.58,1518,0
20120910,35.4968,36.08,35.4968,36.08,4148,0
20120911,35.333,36.0743,35.333,35.59,809,0
20120912,36.08,36.08,36.08,36.08,405,0
20120914,36.3223,36.52,36.0752,36.52,304,0
20120917,36.5576,38.05,36.5576,38.05,607,0
20120918,37.8047,38.5459,37.8047,38.2,101,0
20120919,37.1958,38.55,37.1958,38.55,911,0
20120921,39.5358,40.03,38.9428,40.03,607,0
20120924,38.8412,38.94,37.8034,38.94,607,0
20120925,39.0429,39.29,39.0429,39.29,101,0
20120926,39.2306,39.28,39.2306,39.28,708,0
20121004,39.9288,39.9288,39.8201,39.83,506,0
20121005,39.83,39.83,39.83,39.83,607,0
20121008,39.5335,39.83,39.5335,39.83,101,0
20121009,39.54,39.54,39.54,39.54,405,0
20121010,38.647,39.24,38.5975,39.24,1012,0
20121011,39.1377,39.1377,38.94,38.94,202,0
20121012,39.14,39.14,39.14,39.14,506,0
20121015,39.333,39.333,38.6412,38.74,1214,0
20121018,39.0347,39.4894,39.0347,39.44,3642,0
20121023,38.554,38.554,38.05,38.05,1619,0
20121024,38.0337,38.5477,36.9662,38.35,5767,0
20121025,37.4604,38.35,37.4604,38.35,202,0
20121026,37.2619,37.2619,35.888,36.57,1315,0
20121029,36.57,36.57,36.0758,36.57,911,0
20121030,36.5572,36.5572,36.0729,36.32,202,0
20121031,36.4473,37.06,35.6369,37.06,4958,0
20121102,36.2777,36.3765,36.0701,36.08,1517,0
20121105,36.08,36.08,36.08,36.08,910,0
20121106,36.0701,36.08,35.5858,36.08,202,0
20121107,35.48,35.48,35.48,35.48,506,0
20121108,35.0816,36.5742,34.103,36.08,9105,0
20121109,36.463,36.72,36.463,36.72,708,0
20121112,37.3526,37.5602,36.552,36.72,1619,0
20121113,36.5212,37.45,36.5212,37.45,1720,0
20121114,36.78,37.4421,36.6219,36.78,1012,0
20121115,36.7787,36.7787,36.67,36.67,1113,0
20121116,36.0796,36.475,34.1027,35.19,10420,0
20121119,34.3991,35.1899,34.3991,35.18,809,0
20121120,34.3576,34.3576,34.15,34.15,1214,0
20121121,34.0965,34.6895,33.7012,33.8,6577,0
20121122,33.7018,34.3837,33.7018,33.85,506,0
20121123,33.65,33.9465,33.6105,33.65,1821,0
20121126,33.8427,34.0997,33.6055,34.07,2023,0
20121127,33.9854,33.9854,33.4024,33.6,1923,0
20121128,33.6,33.6,33.3628,33.6,506,0
20121129,33.6083,33.9542,33.46,33.46,1619,0
20121130,33.4559,33.5943,33.11,33.11,1012,0
20121203,33.1156,33.6099,32.8388,33.6,1517,0
20121204,33.1397,33.6042,32.8135,33.11,708,0
20121205,33.3571,33.3571,33.11,33.11,506,0
20121206,33.1059,33.6,33.1059,33.6,405,0
20121207,33.1228,33.36,33.1228,33.36,304,0
20121210,33.25,33.25,33.25,33.25,304,0
20121211,32.8728,34.0984,32.8728,33.11,6071,0
20121212,33.8389,34.59,33.8389,34.59,4250,0
20121213,35.2318,35.8741,35.2318,35.38,1012,0
20121214,35.486,35.5848,35.14,35.14,1214,0
20121217,35.5272,35.5272,35.1022,35.29,809,0
20121218,35.6161,35.7841,35.2801,35.29,304,0
20121219,35.5807,35.64,35.2941,35.64,202,0
20121220,36.0657,36.55,36.0657,36.55,101,0
20121221,36.4683,36.4683,35.48,35.48,101,0
20121227,36.4754,36.4754,35.22,35.22,1214,0
20121228,35.6265,36.17,34.8359,36.17,3440,0
20130102,35.3311,36.27,35.3311,36.27,911,0
20130103,35.9829,36.23,35.884,36.23,809,0
20130104,36.23,36.23,36.23,36.23,607,0
20130107,36.198,36.198,36.03,36.03,708,0
20130108,35.1507,36.07,35.1507,36.07,101,0
20130110,35.8517,36.0692,35.14,35.14,1214,0
20130111,36.0602,36.08,36.0602,36.08,405,0
20130114,35.2812,35.38,35.2812,35.38,101,0
20130116,35.38,35.38,35.38,35.38,405,0
20130124,35.7724,36.0887,35.7724,35.98,1619,0
20130125,36.0887,36.0887,35.98,35.98,2428,0
20130129,36.4641,36.4641,35.5747,35.97,1518,0
20130131,35.3979,36.08,33.8658,36.08,3035,0
20130204,36.6917,36.6917,35.98,35.98,506,0
20130208,35.2955,36.2641,34.6925,35.76,3035,0
20130211,35.6789,35.6789,34.74,34.74,1113,0
20130212,34.7382,34.7382,34.0959,34.59,2530,0
20130213,34.2994,34.2994,34.1017,34.25,304,0
20130214,33.4291,34.19,33.4094,34.19,405,0
20130215,34.0901,34.1,34.0901,34.1,1518,0
20130219,34.0965,34.0965,33.8,33.8,1518,0
20130220,33.7012,33.8,33.7012,33.8,506,0
20130222,33.7012,33.8,33.7012,33.8,405,0
20130225,33.8,33.8,33.8,33.8,101,0
20130228,33.7976,33.7976,33.6,33.6,607,0
20130301,33.6,33.6,33.6,33.6,101,0
20130305,33.4047,33.8,33.4047,33.8,12850,0
20130306,33.5012,33.6296,33.1158,33.6,16393,0
20130307,33.6098,33.6098,33.4121,33.59,9509,0
20130308,33.59,33.59,33.59,33.59,5058,0
20130311,33.7058,34.2,33.5081,34.2,405,0
20130312,34.1001,34.11,34.1001,34.11,405,0
20130313,34.1099,34.1099,34.1,34.1,607,0
20130318,33.8,33.8,33.8,33.8,1315,0
20130319,33.8232,34.1,33.8232,34.1,202,0
20130322,34.0984,34.0984,33.4164,33.96,1214,0
20130327,33.7504,33.78,33.7504,33.78,607,0
20130402,34.0929,34.1027,33.48,33.48,708,0
20130404,33.5299,33.5299,33.4311,33.52,101,0
20130405,33.9813,34.09,33.6057,34.09,202,0
20130408,33.2098,33.2098,27.6748,30.64,13962,0
20130409,29.7481,29.7481,29.0563,29.59,1417,0
20130410,29.0167,29.0167,27.4843,27.86,6878,0
20130411,27.48,27.48,26.6892,27.48,7486,0
20130412,26.6844,27.4751,26.6844,27.06,3339,0
20130415,26.6917,27.67,26.6818,27.67,4857,0
20130416,27.67,27.67,27.4724,27.67,2125,0
20130417,27.4318,27.679,27.4318,27.59,3844,0
20130418,27.67,28.1641,27.2747,27.67,4958,0
20130422,28.3645,30.8353,28.3645,30.44,1720,0
20130423,30.4407,30.4407,29.4029,29.65,1113,0
20130424,29.9959,29.9959,29.65,29.65,708,0
20130425,29.65,29.65,29.1855,29.65,506,0
20130426,29.5503,30.4398,29.5503,30.42,2226,0
20130429,30.0803,30.0803,29.1808,29.25,1720,0
20130430,29.0622,29.25,28.6668,29.25,708,0
20130506,28.91,28.91,28.91,28.91,607,0
20130507,28.1732,28.45,28.1732,28.45,101,0
20130508,28.47,28.47,28.4403,28.47,303,0
20130513,28.1757,28.66,28.1757,28.66,1417,0
20130514,28.66,28.66,28.66,28.66,101,0
20130515,28.66,28.66,28.2746,28.66,101,0
20130516,28.6612,28.76,28.4833,28.76,1113,0
20130517,28.7593,28.7593,28.6308,28.7,809,0
20130522,28.9101,28.9101,28.07,28.07,1518,0
20130523,27.7688,28.0653,27.1759,27.67,1012,0
20130524,27.665,28.08,27.665,28.08,202,0
20130527,28.0677,28.0677,27.87,27.87,202,0
20130531,27.7295,28.0558,27.69,27.69,202,0
20130603,27.6799,27.7688,27.67,27.67,202,0
20130604,28.4651,28.9,28.4651,28.9,708,0
20130606,28.9094,28.9094,28.86,28.86,101,0
20130610,28.87,28.87,28.87,28.87,304,0
20130611,28.4843,28.85,28.4744,28.85,101,0
20130612,28.7,28.7,28.7,28.7,202,0
20130613,28.2745,28.65,28.2646,28.65,1315,0
20130614,28.6606,28.71,28.6606,28.71,708,0
20130617,28.37,28.37,28.2711,28.37,1214,0
20130618,28.37,28.37,28.37,28.37,101,0
20130619,28.7223,28.92,28.7223,28.92,2326,0
20130620,28.9299,28.9299,28.92,28.92,202,0
20130621,28.5511,28.64,28.5511,28.64,101,0
20130624,29.16,29.16,29.16,29.16,202,0
20130626,29.1528,29.1528,28.55,28.55,1012,0
20130627,28.4007,28.46,28.371,28.46,1821,0
20130628,28.4495,28.4495,28.41,28.41,101,0
20130701,27.9251,28.36,27.9251,28.36,101,0
20130702,28.1723,28.37,28.1723,28.37,607,0
20130703,28.37,28.37,28.37,28.37,607,0
20130704,28.37,28.37,28.37,28.37,303,0
20130705,28.3647,28.3647,27.92,27.92,911,0
20130709,28.4468,28.4468,28.17,28.17,101,0
20130710,28.3709,28.45,28.3709,28.45,809,0
20130711,28.45,28.45,28.45,28.45,3439,0
20130716,28.2597,28.2597,26.7968,27.38,2529,0
20130722,27.28,27.28,27.28,27.28,202,0
20130725,27.48,27.48,27.48,27.48,202,0
20130726,27.6735,27.97,27.6735,27.97,405,0
20130730,27.8234,28.11,27.8234,28.11,101,0
20130801,27.8293,27.8293,27.1867,27.77,506,0
20130807,26.9905,27.03,26.2888,27.03,7386,0
20130809,26.69,26.69,26.69,26.69,303,0
20130812,26.6921,26.87,26.2869,26.87,202,0
20130814,26.0954,26.0954,25.5023,25.7,1821,0
20130815,25.3506,25.4,25.0047,25.4,304,0
20130816,24.7071,24.7071,23.7188,24.46,1923,0
20130819,24.4478,25.1,24.4478,25.1,1417,0
20130820,24.96,24.96,24.96,24.96,101,0
20130822,24.76,24.76,24.76,24.76,101,0
20130823,25.1047,25.5,25.1047,25.5,1315,0
20130826,25.0124,25.4966,25.0124,25.21,708,0
20130827,25.0134,25.4977,24.2623,25.3,2428,0
20130828,24.5127,25.6,24.5127,25.6,3743,0
20130830,25.34,25.34,25.34,25.34,202,0
20130902,25.45,25.45,25.45,25.45,101,0
20130904,25.1011,25.19,25.1011,25.19,2226,0
20130905,25.3042,25.3042,24.7112,24.81,304,0
20130906,24.8065,24.8065,24.51,24.51,2631,0
20130909,24.53,24.53,24.53,24.53,202,0
20130910,25.1461,25.1461,24.81,24.81,101,0
20130911,24.715,25.15,24.715,25.15,101,0
20130913,24.9001,24.91,24.9001,24.91,708,0
20130916,25.1472,25.3054,24.91,24.91,1214,0
20130917,24.8623,25.06,24.8623,25.06,202,0
20130918,25.2536,25.2536,24.4629,24.71,1720,0
20130919,24.6013,24.71,24.6013,24.71,506,0
20130920,24.6154,24.6154,24.22,24.22,1315,0
20130923,24.2112,24.31,24.2112,24.31,506,0
20130924,24.0211,24.2088,23.7148,24.11,5870,0
20130925,23.3246,23.7199,23.2257,23.71,1113,0
20130926,23.7113,24.3142,23.227,23.82,9612,0
20130927,24.0973,24.7,24.0973,24.7,1012,0
20131002,24.714,26.79,24.714,26.79,3439,0
20131003,26.7889,26.7889,26.69,26.69,2124,0
20131004,27.0771,27.67,26.8794,27.67,1821,0
20131007,28.1721,29.8031,27.6778,29.21,9611,0
20131008,30.1505,30.1505,28.8559,29.35,3643,0
20131009,29.1598,29.3476,28.5173,29.14,1214,0
20131010,28.7953,29.25,28.6668,29.25,1012,0
20131011,29.16,29.2588,28.8635,29.16,1315,0
20131014,29.5949,29.5949,29.16,29.16,101,0
20131015,29.1547,29.55,29.1547,29.55,304,0
20131016,29.5512,29.65,29.5512,29.65,607,0
20131018,29.33,29.33,29.2707,29.33,202,0
20131021,29.3391,29.3391,29.26,29.26,303,0
20131023,29.26,29.26,29.26,29.26,202,0
20131024,29.2594,29.2594,29.21,29.21,202,0
20131025,29.21,29.21,29.21,29.21,202,0
20131029,29.2193,29.4664,28.8635,29.16,1416,0
20131030,28.7588,28.7588,28.1659,28.66,1214,0
20131031,28.1641,28.1641,27.1759,27.67,1113,0
20131101,27.1757,27.65,27.1757,27.65,304,0
20131104,27.1757,27.65,27.1757,27.65,1214,0
20131105,27.6404,27.67,27.1759,27.67,1113,0
20131106,28.0653,28.0653,27.4032,27.67,202,0
20131107,27.2648,27.67,27.0771,27.67,2631,0
20131108,27.1843,27.8268,26.3934,26.69,1720,0
20131111,26.6903,28.0545,26.6903,27.58,6575,0
20131112,27.8766,27.8766,27.58,27.58,3844,0
20131113,27.5763,28.11,27.5763,28.11,2226,0
20131114,27.7589,27.7688,27.67,27.67,2530,0
20131115,27.9642,27.9642,27.4701,27.48,4453,0
20131118,28.1181,30.5395,28.1181,29.65,4250,0
20131119,29.9441,32.6124,29.9441,31.97,6577,0
20131120,32.1196,32.93,31.8231,32.93,1821,0
20131121,32.6169,32.6169,31.8262,32.35,1518,0
20131122,31.8297,32.403,31.3848,31.8,2630,0
20131125,31.63,32.1143,31.63,31.63,1113,0
20131126,31.6312,32.1155,31.2358,31.73,405,0
20131127,31.6258,32.4165,31.2305,32.12,4958,0
20131128,32.3177,32.4165,31.4282,32.12,5059,0
20131129,32.1188,32.1682,30.6364,32.02,4351,0
20131202,32.2308,33.2195,32.1814,32.3,8193,0
20131203,32.3236,34.5872,32.3236,34.35,8093,0
20131204,34.3423,34.5696,33.6209,34.54,1315,0
20131205,34.0049,35.29,34.0049,35.29,4957,0
20131206,34.7897,36.46,34.7897,36.46,7487,0
20131209,36.0619,37.06,35.5776,37.06,4250,0
20131210,36.1751,38.5472,36.1751,37.46,6070,0
20131211,37.5612,38.0554,36.9681,37.66,4654,0
20131212,38.3488,38.3488,37.1628,38.25,3946,0
20131213,37.4616,38.9343,35.8405,38.45,8903,0
20131216,38.4989,38.4989,36.5912,37.55,3946,0
20131217,37.5556,41.9536,37.5457,41.41,33694,0
20131218,41.9924,43.2871,41.4686,43.04,2833,0
20131219,44.4745,46.9453,44.4745,45.7,6071,0
20131220,45.8578,45.9566,44.573,45.67,1012,0
20131223,46.4068,47.84,45.5666,47.84,3440,0
20131227,49.91,51.3925,48.2299,49.91,8499,0
20131230,50.4042,51.3925,49.4158,49.91,6172,0
20140102,48.4316,50.3985,41.2954,49.42,11736,0
20140103,48.9259,49.4201,48.4317,48.58,4553,0
20140106,48.467,49.4158,46.9549,47.37,4351,0
20140107,48.2597,48.8725,47.39,47.39,708,0
20140108,47.941,48.88,47.941,48.88,708,0
20140109,48.9285,48.968,47.94,47.94,708,0
20140110,48.9593,48.9593,47.6844,48.9,405,0
20140113,48.9242,48.9637,48.43,48.43,708,0
20140114,49.42,49.42,48.6293,49.42,708,0
20140115,49.4188,49.6165,48.4305,49.32,3541,0
20140116,49.9158,50.41,49.3227,50.41,3339,0
20140117,50.4058,51.0977,49.9117,50.9,2529,0
20140120,51.3981,51.3981,50.4097,51.24,708,0
20140121,51.2957,51.2957,49.23,49.23,2428,0
20140122,49.0938,49.7857,48.827,49.42,3541,0
20140123,49.4186,49.4384,46.9477,49.3,1416,0
20140124,47.4482,47.4482,46.0547,47.3,2024,0
20140127,46.06,46.3763,46.06,46.06,506,0
20140128,47.1952,48.4307,43.5876,47.64,7791,0
20140129,47.4569,47.4569,46.162,47.19,5868,0
20140130,47.1954,47.1954,45.268,45.95,2327,0
20140131,45.0703,45.95,44.2796,45.95,1922,0
20140204,43.493,45.7171,43.493,45.47,8194,0
20140205,44.6612,46.45,44.6612,46.45,607,0
20140211,44.6735,45.4543,44.2782,44.97,1619,0
20140212,44.4857,45.5927,44.1892,44.97,1113,0
20140213,45.4658,45.96,45.4658,45.96,202,0
20140217,46.0645,46.45,46.0645,46.45,1113,0
20140218,46.3482,47.04,46.2395,47.04,2935,0
20140224,46.45,46.8947,46.45,46.45,405,0
20140225,46.3512,47.4284,46.2029,46.45,202,0
20140228,46.8469,47.43,46.2045,47.43,101,0
20140303,46.2048,46.9954,45.76,45.76,607,0
20140304,45.6594,47.1912,45.4617,46.45,1113,0
20140305,47.9397,47.9397,46.457,47.06,1214,0
20140307,46.1621,47.2,46.1621,47.2,303,0
20140310,46.217,46.217,45.96,45.96,506,0
20140311,45.9049,46.0235,45.47,45.47,101,0
20140312,46.0753,46.52,46.0753,46.52,405,0
20140314,45.4671,45.4671,45.22,45.22,405,0
20140317,44.9742,44.9742,44.48,44.48,202,0
20140318,45.9638,47.15,45.9638,47.15,708,0
20140321,45.9699,46.7804,45.4658,45.96,405,0
20140324,45.9548,45.9548,44.67,44.67,607,0
20140325,44.23,44.23,44.23,44.23,101,0
20140326,44.2838,45.47,43.75,45.47,1315,0
20140327,44.48,44.48,44.48,44.48,405,0
20140331,45.4618,45.4618,44.4636,44.77,1012,0
20140401,44.97,44.97,44.7723,44.97,607,0
20140402,44.6601,44.67,44.6601,44.67,101,0
20140409,43.7371,43.8854,43.49,43.49,708,0
20140410,43.0955,44.42,42.2059,44.42,1416,0
20140414,42.2571,42.949,41.8914,42.01,910,0
20140416,42.9803,42.9803,42.1501,42.16,1012,0
20140417,42.6065,43.4961,42.3,42.3,2327,0
20140422,42.2555,42.8485,41.87,41.87,607,0
20140423,42.39,42.39,42.0045,42.39,304,0
20140502,42.9923,43.19,42.6958,43.19,304,0
20140505,43.1947,43.1947,42.0086,42.74,1113,0
20140507,42.75,42.75,42.3052,42.75,101,0
20140508,42.3019,42.7367,41.61,41.61,405,0
20140509,41.5158,42.01,41.5158,42.01,607,0
20140515,42.3012,42.4,42.3012,42.4,202,0
20140520,42.2077,42.2077,42.01,42.01,1113,0
20140521,41.5107,41.7083,40.3345,40.72,4452,0
20140522,40.8347,40.9434,39.52,39.52,6474,0
20140523,39.9777,39.9777,39.523,39.78,2125,0
20140526,39.5429,40.2149,37.5761,38.94,7589,0
20140527,38.301,39.24,38.1527,39.24,1518,0
20140528,39.8717,40.01,39.5258,40.01,1012,0
20140529,40.0102,40.03,40.0102,40.03,1518,0
20140530,39.5482,39.5482,38.0556,39.39,5362,0
20140604,39.1249,40.0242,39.1249,39.54,810,0
20140605,40.2201,40.23,40.2201,40.23,708,0
20140606,39.3767,40.0292,39.2383,39.96,910,0
20140610,40.324,41.51,40.324,41.51,1315,0
20140612,41.5164,41.5362,41.21,41.21,809,0
20140613,41.0159,41.52,41.0159,41.52,304,0
20140619,41.6617,41.96,41.6617,41.96,101,0
20140620,41.6617,41.96,41.6617,41.96,201,0
20140623,41.6602,41.7,40.5168,41.7,905,0
20140624,41.2529,41.9489,41.2529,41.76,704,0
20140626,41.4793,41.4793,41.36,41.36,603,0
20140630,42.8141,43.7487,42.8141,43.52,3922,0
20140701,43.25,43.25,43.1506,43.25,1106,0
20140702,43.254,45.6404,43.254,43.95,10459,0
20140703,44.7257,45.8195,44.7257,45.73,5431,0
20140704,46.5372,46.7262,45.9406,46.05,2514,0
20140707,46.0326,46.7286,45.9332,46.48,1509,0
20140708,46.4693,46.4793,43.954,44.64,5532,0
20140709,44.2499,44.2499,43.9616,44.24,201,0
20140710,44.0119,44.5488,43.455,44.34,3218,0
20140714,44.7387,45.4944,44.5,44.5,704,0
20140715,44.9832,44.9832,43.79,43.79,101,0
20140716,44.9631,44.9631,43.75,43.75,101,0
20140717,44.2571,44.2571,43.75,43.75,1509,0
20140718,44.0014,44.25,44.0014,44.25,302,0
20140721,43.45,43.45,42.754,43.45,704,0
20140722,43.4461,43.4461,42.76,42.76,302,0
20140723,43.6,43.6,43.6,43.6,101,0
20140729,42.7668,42.7668,42.0111,42.21,2313,0
20140730,42.4599,42.4599,42.0125,42.45,1307,0
20140731,42.0086,42.1975,41.0143,41.76,3017,0
20140801,41.0456,41.0456,36.9887,40.27,3118,0
20140804,39.5551,40.46,39.5551,40.46,402,0
20140805,40.7624,42.89,40.7624,42.89,2313,0
20140806,41.66,41.66,41.66,41.66,201,0
20140808,40.2692,40.2692,39.3743,40.13,503,0
20140811,39.4287,40.97,39.4287,40.97,603,0
20140812,40.9623,41.9565,40.9623,41.36,1207,0
20140813,41.3623,41.76,41.3623,41.76,302,0
20140814,41.76,41.7699,40.8749,41.76,503,0
20140818,41.0143,42.2571,40.5768,41.76,1106,0
20140819,42.2585,43.75,42.2585,43.75,2715,0
20140820,44.3372,45.1426,43.85,43.85,2213,0
20140821,43.8452,44.74,43.8452,44.74,704,0
20140822,44.2629,45.0486,43.2983,44.79,2112,0
20140825,43.7654,44.74,43.7654,44.74,201,0
20140826,44.0399,44.0399,43.2842,44.03,101,0
20140828,42.8352,43.74,42.8153,43.74,101,0
20140829,43.74,43.74,42.56,43.74,300,0
20140901,42.5,43.33,42.1,43.33,100,0
20140902,42.15,43.33,42.1,42.1,200,0
20140904,41.8,42.38,41.8,42.38,800,0
20140915,40.8,41.92,40.8,41.92,100,0
20140916,41.85,41.85,41.85,41.85,100,0
20140917,40.7,41.19,40.7,41.19,300,0
20140919,41.19,41.19,41.19,41.19,200,0
20140922,40.01,40.01,40.01,40.01,100,0
20140923,40.51,40.53,40.5,40.5,400,0
20140924,40.5,40.51,40.5,40.51,300,0
20140925,40.51,40.51,39.01,39.99,1400,0
20141001,40,40.3,40,40.3,600,0
20141002,39.8,41,39.7,40.5,1800,0
20141006,40.7,40.97,40.5,40.97,300,0
20141007,40.95,40.95,40.5,40.5,400,0
20141008,40.69,40.69,40.4,40.44,1600,0
20141010,39.01,39.97,39,39.97,500,0
20141013,39.94,39.94,38.21,39.38,400,0
20141014,38.29,38.29,38.28,38.28,400,0
20141015,37.55,37.55,36.4,36.4,700,0
20141016,35.5,36.49,35.5,36.49,700,0
20141017,37.24,37.24,36.31,36.31,200,0
20141020,36.2,36.2,36.2,36.2,100,0
20141022,35.81,36.62,35.65,36.62,200,0
20141023,36.54,37,36.54,37,1600,0
20141028,36.99,37,36.99,36.99,900,0
20141029,37,37,37,37,400,0
20141030,37.47,38,37.47,38,1400,0
20141031,37.26,37.99,37.26,37.99,200,0
20141104,37.69,38.01,37.69,38.01,100,0
20141106,38.75,38.75,38.75,38.75,200,0
20141107,37.85,38.29,37.85,38.29,100,0
20141110,37.59,37.62,37.59,37.62,200,0
20141111,37.59,37.59,37.5,37.55,300,0
20141114,37.51,37.65,37.49,37.51,1300,0
20141117,37.26,37.94,37.26,37.94,200,0
20141120,37.99,37.99,37.29,37.29,100,0
20141121,37.99,38,37.99,38,500,0
20141124,38.5,38.9,38.4,38.8,1300,0
20141125,38,38,34.2,37.4,6900,0
20141126,36.76,37.38,36.5,36.51,900,0
20141127,35.6,36.6,35,36.6,1200,0
20141128,36.92,36.99,36,36.99,200,0
20141201,35.74,36.06,35.74,35.8,800,0
20141203,35.94,35.94,35,35.47,1100,0
20141204,35.48,35.48,34,34.49,300,0
20141205,34.99,34.99,32.58,34.5,5200,0
20141208,34.3,35.5,34.3,35,5700,0
20141209,34.6,34.99,34.2,34.9,600,0
20141210,33.5,34.4,33.5,33.7,800,0
20141212,33.5,33.51,33.47,33.51,2300,0
20141215,33.48,33.49,32.2,33,3500,0
20141218,33,34.29,33,34.29,800,0
20141219,34.4,34.81,34.4,34.81,600,0
20141223,34.99,35.31,34.4,34.99,6600,0
20141229,34,34.29,33.02,34,1600,0
20141230,33.5,34.6,33.3,34.6,3000,0
20150102,33.8,33.8,33.5,33.5,300,0
20150105,33.52,33.52,33.52,33.52,800,0
20150106,33.52,33.52,33.3,33.5,1100,0
20150108,33.99,34,33.21,33.88,300,0
20150109,33.6,33.99,33,33.5,1000,0
20150112,33.58,34.18,33.58,34.18,200,0
20150113,34.18,34.29,34.18,34.29,100,0
20150114,34.3,35,34,34.3,9100,0
20150115,34.49,34.94,34,34.94,900,0
20150116,34,34.78,34,34.76,200,0
20150119,34,34,34,34,500,0
20150120,33.6,33.6,33.6,33.6,700,0
20150121,33.01,33.6,32.75,33.01,900,0
20150122,33.49,34,33.49,34,1700,0
20150123,33.99,34,33.99,34,1400,0
20150126,33.5,33.99,33.2,33.99,500,0
20150127,33.79,33.83,33.79,33.83,400,0
20150129,33.49,33.81,33.49,33.6,3600,0
20150130,34.15,34.15,34.01,34.01,500,0
20150202,34.19,34.3,34.19,34.3,1100,0
20150203,34.06,34.62,34,34.62,1600,0
20150204,34.6,36.21,34.6,35.01,8600,0
20150205,35.17,36.6,35.16,36.6,1100,0
20150206,36.9,38.7,36.9,38.7,1100,0
20150209,39,39,37.5,38.29,4100,0
20150211,37.8,37.8,37.8,37.8,300,0
20150212,37.8,37.81,37.8,37.81,300,0
20150213,37.77,38.72,37.6,38.72,800,0
20150216,38.01,38.01,37.8,37.8,600,0
20150217,37.6,37.6,37.5,37.5,1000,0
20150218,37.51,37.51,36,36.05,11800,0
20150219,36,36,36,36,800,0
20150220,35.9,36.5,35.5,36.38,4100,0
20150223,35.5,35.69,35,35.01,5000,0
20150224,34.99,35,33.65,33.65,1300,0
20150225,34.25,34.5,32.8,32.8,4400,0
20150226,32.85,35,32.85,34.48,10000,0
20150227,34.28,34.29,34,34.19,300,0
20150302,33.58,34.19,33.58,34.19,300,0
20150303,34.19,35.49,34.19,34.62,2400,0
20150304,34.65,34.65,34.64,34.65,900,0
20150305,34.4,34.45,34.4,34.45,700,0
20150306,34.46,34.66,34.45,34.66,1400,0
20150309,34.19,34.5,34.19,34.5,600,0
20150310,34.26,35.81,34.1,34.65,3200,0
20150311,35.2,35.9,35.2,35.8,1100,0
20150312,35.1,37.65,35.1,37.65,1100,0
20150313,37.8,38.8,37.6,38.59,1700,0
20150316,37.9,38.7,37.6,38.7,3300,0
20150317,37.6,38.1,37,38.1,800,0
20150318,37.69,38.25,37.69,38.25,1500,0
20150319,38.38,38.85,38.38,38.85,400,0
20150320,38.7,38.79,38.7,38.79,100,0
20150324,38.4,38.74,38.4,38.74,600,0
20150325,38.4,38.4,38.4,38.4,700,0
20150326,37.75,38,37.2,38,500,0
20150327,37.4,37.4,37.4,37.4,600,0
20150330,37.4,37.5,37.4,37.5,1200,0
20150331,37.72,38.1,37.72,38.1,200,0
20150401,37.73,39.6,37.73,39,1700,0
20150402,39.5,41,39,39.9,6300,0
20150407,40,40,38.7,39.5,5191,0
20150408,39.395,39.4,39.25,39.25,788,0
20150409,39.25,39.25,38.995,39,635,0
20150410,38.9,39.06,38.7,39.06,520,0
20150413,39.005,39.005,39,39,397,0
20150415,38.935,39.9,38.7,39.38,7905,0
20150416,39,39.195,38.25,38.695,1416,0
20150417,38.45,38.45,37.2,38.04,1208,0
20150420,37.695,38.9,37.695,38.5,1351,0
20150421,38.005,38.28,38,38.2,537,0
20150422,38,38.35,37.5,37.5,654,0
20150423,38.195,38.5,37.2,37.2,355,0
20150424,37.405,37.405,37.4,37.4,150,0
20150427,37.64,38.675,37.64,38.675,150,0
20150428,37.795,37.795,37.4,37.4,444,0
20150429,37.4,37.4,35.5,36.8,4111,0
20150430,36.205,36.7,36.205,36.7,115,0
20150505,36.51,36.64,36.51,36.64,1100,0
20150507,36.25,36.785,35.5,36.785,936,0
20150508,36.78,37.12,35.805,37.12,1854,0
20150511,37.1,37.4,37.1,37.4,99,0
20150513,37.4,37.4,36.6,36.6,338,0
20150514,35.855,35.855,35.7,35.7,800,0
20150515,35.995,36.01,35.995,36.01,585,0
20150518,34.5,35.85,33.8,34.52,7960,0
20150519,34.105,34.105,34.105,34.105,150,0
20150520,34.945,35.2,34.945,35.2,2074,0
20150521,34.5,35,34.5,34.5,5883,0
20150522,34.5,35,34.145,35,9583,0
20150526,35.5,35.5,33.995,34.1,4508,0
20150528,34.78,34.78,34.78,34.78,100,0
20150601,33.66,33.99,33.655,33.9,439,0
20150602,33.895,34.085,33.505,34.085,671,0
20150603,33.265,34.07,33.265,34.07,493,0
20150605,33.975,33.975,33.91,33.91,569,0
20150608,33.3,33.3,33.3,33.3,19,0
20150609,33.25,33.3,32.85,32.85,5179,0
20150610,32.85,32.95,32.5,32.945,877,0
20150611,32.505,33.5,32.5,33.125,2454,0
20150612,33.495,33.495,32.8,32.8,863,0
20150615,32.8,32.8,32.8,32.8,100,0
20150616,32.8,33,32.8,33,3395,0
20150617,32.8,33.33,32.8,33,746,0
20150618,33.2,33.39,33.2,33.39,742,0
20150619,33.7,34.1,33.4,34.1,1094,0
20150622,34.5,34.5,34.5,34.5,150,0
20150623,34.205,34.205,34.125,34.125,514,0
20150624,33.76,33.76,33.425,33.425,1223,0
20150625,34.5,36.7,34.5,35.345,1485,0
20150626,35.3,35.3,35.3,35.3,150,0
20150629,35.695,35.7,35.695,35.7,172,0
20150630,35.63,36.2,35.1,36.2,1694,0
20150701,35.5,36,33.955,35.8,324,0
20150703,35.405,35.405,34.995,34.995,1475,0
20150706,33.225,33.23,33,33,1295,0
20150707,33,33.155,33,33,1881,0
20150708,33.005,33.005,33,33,1116,0
20150709,33.505,33.505,33.505,33.505,132,0
20150713,33,33.705,33,33.705,160,0
20150714,33.805,33.805,33.805,33.805,21,0
20150715,33.79,34.005,33,33.01,732,0
20150716,33.015,33.02,33.015,33.02,332,0
20150717,33.025,33.5,33.025,33.5,1114,0
20150720,33.695,33.695,32.5,32.865,1829,0
20150721,33.62,33.62,33.62,33.62,95,0
20150722,32.56,32.995,32.5,32.5,618,0
20150723,32.5,32.525,32.5,32.52,999,0
20150724,32.5,32.555,32.5,32.5,1590,0
20150727,32.555,32.795,32.5,32.5,1266,0
20150728,32.98,32.98,32,32.01,1380,0
20150729,32.335,32.335,32.035,32.035,260,0
20150730,32.015,32.035,32.015,32.035,587,0
20150731,32.055,32.055,31.9,31.9,1800,0
20150803,32,32.4,31.15,32.39,2010,0
20150804,32.39,32.575,32.39,32.575,636,0
20150806,33.09,33.45,33.09,33.45,567,0
20150807,33.49,33.49,33.485,33.485,550,0
20150810,33.5,33.5,32.75,33.395,404,0
20150812,33.12,33.12,32.005,32.005,750,0
20150814,32.025,32.5,32.025,32.5,229,0
20150817,32,32.4,32,32.4,2136,0
20150818,32.005,32.495,31.505,32.15,2596,0
20150819,32.445,32.445,32.445,32.445,4,0
20150820,32.395,32.395,32.395,32.395,20,0
20150821,31,31,31,31,390,0
20150824,31.005,31.005,30.265,30.265,1337,0
20150826,30.305,30.305,30.2,30.2,131,0
20150828,30.2,30.2,30.2,30.2,22,0
20150831,30.2,31,30.2,31,1461,0
20150901,31.1,31.1,30.6,31,1527,0
20150902,30.995,31,30.995,31,612,0
20150903,30.995,31,30.995,31,468,0
20150904,30.6,31,30.6,31,600,0
20150907,30.505,30.995,30.505,30.995,201,0
20150908,30.605,30.995,30.605,30.995,32,0
20150910,30.6,30.6,30.6,30.6,300,0
20150914,30,30.105,30,30.1,640,0
20150915,30.1,30.1,30.1,30.1,173,0
20150916,30.2,30.2,30.005,30.005,400,0
20150918,30,30.35,29.7,30.35,1036,0
20150922,29.5,29.5,29.5,29.5,318,0
20150923,29.115,29.495,29.1,29.1,489,0
20150924,29,29.495,29,29.495,105,0
20150928,29,29,29,29,4,0
20150929,29.005,29.005,29.005,29.005,293,0
20150930,29.2,29.5,29.2,29.5,836,0
20151005,29.055,29.055,29,29,880,0
20151006,29.005,29.595,29,29.595,358,0
20151007,29.005,29.13,28.9,28.995,1569,0
20151008,28.9,29.7,28.9,29.695,1901,0
20151012,29.305,29.69,28.935,28.935,280,0
20151013,28.935,29.495,28.935,29.495,70,0
20151014,29.205,29.475,29.2,29.475,660,0
20151015,29.155,29.575,29.155,29.575,38,0
20151016,29.3,29.3,29.3,29.3,20,0
20151020,29.3,29.3,29.3,29.3,200,0
20151021,29.3,29.3,29.3,29.3,8,0
20151022,29.675,30.1,29.675,30.1,1011,0
20151023,30.105,30.3,29.805,30.3,566,0
20151027,29.81,29.81,29.81,29.81,306,0
20151028,29.9,29.9,29.9,29.9,68,0
20151030,30.5,30.5,30.5,30.5,500,0
20151102,29.905,30.495,29.9,30.495,208,0
20151104,30.495,30.9,30.495,30.9,1310,0
20151106,31.5,31.5,31.5,31.5,46,0
20151109,31.89,33.295,31.89,32.3,2512,0
20151110,32.3,32.75,32,32.55,1623,0
20151111,32.555,32.555,32.555,32.555,125,0
20151112,32.2,32.79,31.62,32.485,2380,0
20151113,32.385,32.745,32.385,32.745,1026,0
20151116,32.595,33.5,32.595,33.5,337,0
20151117,32.955,33.695,32.955,33.685,143,0
20151118,33.805,34.75,33.805,34.75,521,0
20151119,34.645,35.78,34.5,34.5,2058,0
20151120,34.25,35.15,34.25,34.5,1590,0
20151123,35,35.5,34.7,34.7,857,0
20151124,34.555,35.35,34.505,35.35,1341,0
20151125,35.785,37,35.785,37,3611,0
20151126,37.98,39,37.3,37.705,1587,0
20151127,37.2,38.245,37.2,38.245,260,0
20151130,37.01,37.995,37.01,37.8,452,0
20151201,38,38.5,38,38.5,498,0
20151203,38.5,38.99,38.2,38.2,2093,0
20151204,38.885,40,36.15,36.15,7052,0
20151207,36.755,37.295,36.755,37.295,173,0
20151208,37.245,37.245,36.8,37.2,625,0
20151209,36.8,37.295,36.5,37.295,1222,0
20151210,36.85,37.295,36.5,37.295,130,0
20151214,36.2,37.28,36.2,37.28,223,0
20151215,36.2,37.285,36.2,36.2,1015,0
20151216,36,37.07,36,36.05,252,0
20151217,36.49,36.49,36.49,36.49,45,0
20151218,37.25,37.28,35.5,37.28,1511,0
20151221,37.195,37.195,37.195,37.195,64,0
20151222,36.355,37.385,36.355,37.385,311,0
20151223,36.105,37.035,36.105,37.035,92,0
20151228,37.295,37.295,37.295,37.295,111,0
20151229,36.225,37.29,36.225,36.225,491,0
20151230,36.105,37.08,36,36.9,1730,0
20160104,35.7,36.795,35.7,36.2,348,0
20160105,36.98,37.38,36.98,37.38,1060,0
20160106,37.5,37.5,37.5,37.5,531,0
20160107,36.955,37.49,36.95,37.27,1749,0
20160108,36.67,37.5,36.67,37.5,1054,0
20160111,37.5,37.85,37.5,37.85,57,0
20160114,37.165,37.35,37.15,37.35,1044,0
20160115,36,36.83,36,36.755,2833,0
20160118,36.755,36.955,36.005,36.01,1443,0
20160120,37.5,37.5,36.705,36.71,195,0
20160121,36.525,37.6,36.52,37.6,232,0
20160122,37.895,37.895,37.895,37.895,104,0
20160125,37.9,37.9,36.2,36.2,6885,0
20160126,36.79,37.195,36.79,37.195,1036,0
20160127,37.985,42.995,37.985,42.45,2584,0
20160128,40.55,42.42,38.6,38.6,5307,0
20160129,37.6,37.6,36.105,36.7,5828,0
20160201,36.5,38.9,36.5,38.5,3191,0
20160202,38,38.7,36.555,37.205,3985,0
20160203,37.78,37.88,36.85,36.85,252,0
20160204,37.47,38.5,37.15,37.995,1702,0
20160205,37.805,38.485,37.55,38.485,4320,0
20160208,38.295,39.5,37.9,37.9,919,0
20160209,38.245,38.245,38.245,38.245,355,0
20160210,38,38.715,37.45,37.45,405,0
20160211,36.27,37.75,36.27,37.75,156,0
20160212,37.695,37.695,36.51,36.51,230,0
20160215,36.8,36.8,36.7,36.8,300,0
20160217,36.905,38.195,36.905,38.195,116,0
20160218,36.805,37.995,36.805,37.995,160,0
20160219,36.8,37.295,36.8,37.295,173,0
20160222,37.25,37.745,37.25,37.745,838,0
20160223,37.06,37.485,37.06,37.1,1101,0
20160224,37.1,37.495,37.1,37.495,176,0
20160225,37.495,37.5,37.21,37.495,879,0
20160226,37.495,37.75,37.495,37.75,766,0
20160229,37.5,38.5,37.5,38.5,917,0
20160301,38.495,39.5,38.495,39.095,1867,0
20160302,39.2,39.285,38.65,38.65,1872,0
20160303,39.3,39.3,39.21,39.25,412,0
20160304,39.29,39.39,38.8,39.33,3536,0
20160307,39.35,39.35,39.35,39.35,270,0
20160308,39,39.015,39,39.01,4893,0
20160309,39,39.345,38.995,39.085,4847,0
20160310,39.055,39.35,38.95,39.35,197,0
20160311,38.95,39.7,38.95,39.7,2031,0
20160314,39.44,40,39.305,39.44,1829,0
20160315,39.31,39.495,39.3,39.3,540,0
20160316,39.35,39.5,39.35,39.4,1122,0
20160317,39.5,39.895,39.215,39.89,1628,0
20160318,39.89,41.165,39.89,41.165,1995,0
20160321,42,45.85,41.995,43.9,2958,0
20160322,44,44,42.98,43.995,425,0
20160323,44,44.8,44,44.8,1070,0
20160324,44.005,45,44,44.82,1409,0
20160329,45,45,44.1,44.9,1009,0
20160330,44.4,44.9,44,44,935,0
20160331,43.9,43.9,43,43,7258,0
20160401,42.97,43.295,42.505,42.505,517,0
20160404,42.795,42.795,40.8,40.8,1590,0
20160405,40.755,41.745,40.75,41.69,391,0
20160406,41.99,42.2,41.99,42.2,63,0
20160407,42.75,42.75,41.2,41.2,391,0
20160408,40.755,41.595,40.755,41.595,519,0
20160411,40.75,41.335,40,41.335,625,0
20160414,40.005,40.005,38.075,39.975,889,0
20160415,39.98,40.18,39.98,40.18,213,0
20160418,39.995,39.995,39,39.005,856,0
20160419,39.99,41.1,39.285,39.755,9370,0
20160420,41.1,41.1,41.1,41.1,78,0
20160421,41.55,42.45,40.125,42.25,3147,0
20160422,40.6,42.175,40.6,42,899,0
20160425,41.35,42,41.02,42,155,0
20160426,42,42.5,42,42.5,677,0
20160427,42.5,43,42.015,43,1980,0
20160428,42.1,43,42,42,1665,0
20160429,42,42.8,41.5,42.8,268,0
20160502,41.55,42.75,41.55,42.735,341,0
20160503,42.185,42.665,42.18,42.665,185,0
20160504,42.415,42.67,42.415,42.67,24,0
20160506,41.525,42.65,41.525,42.65,248,0
20160509,42.885,42.885,42.885,42.885,232,0
20160510,42.005,42.88,42.005,42.88,32,0
20160512,42.005,42.835,42.005,42.835,15,0
20160513,42.005,42.156,42.156,42.156,100,0
20160517,42.89,43,42.705,42.705,1001,0
20160518,42.425,43.645,42.425,43.645,406,0
20160519,42.26,43,42,42,3891,0
20160520,42.745,43,41.255,41.26,10659,0
20160523,42.5,43.01,42,43.01,1590,0
20160524,43.49,45,43.49,44.6,1975,0
20160525,44.98,45.12,44.215,45.12,2477,0
20160526,44.95,45.675,44.725,45.675,1424,0
20160527,45,45,43,43.005,6706,0
20160530,43.17,44.5,42.865,43.735,3044,0
20160531,43.9,44.8,43.9,44.8,1663,0
20160601,44.795,44.795,44.695,44.7,536,0
20160602,44.795,45,44.505,45,942,0
20160603,44.995,45.32,44.995,45,1520,0
20160606,45,45,45,45,54,0
20160607,44.94,45,44.45,44.45,999,0
20160608,44.41,45,44.405,44.405,364,0
20160610,44.505,45,44.5,44.7,574,0
20160613,44.5,44.695,44.5,44.695,37,0
20160614,44,44.685,44,44,1226,0
20160615,44.295,44.65,44.295,44.65,405,0
20160616,44,44.54,43.85,44.1,156,0
20160617,43.85,44.925,43.85,43.965,1355,0
20160620,44.005,44.92,44.005,44.92,31,0
20160621,44.005,44.93,44,44.93,207,0
20160623,44,44.41,44,44.41,150,0
20160624,43.405,44,43.005,43.715,2388,0
20160627,43.23,44.205,42.55,43.1,3493,0
20160628,43.265,43.5,43.265,43.495,610,0
20160629,43.495,43.495,43.245,43.245,42,0
20160630,42,42.45,42,42.45,510,0
20160701,42.395,44,42.005,44,2013,0
20160704,43.295,44.3,43.25,44.3,1146,0
20160705,43.375,44.4,43.375,44.4,119,0
20160706,43.265,43.895,43.25,43.895,286,0
20160707,43.3,43.895,43.3,43.895,77,0
20160708,43.25,45.195,43.25,44.02,955,0
20160711,45.47,46.495,45,46.28,1285,0
20160712,46.465,46.465,44.5,45.48,1564,0
20160713,45.865,46.25,44.7,45.3,2557,0
20160714,45.295,45.3,45.005,45.01,456,0
20160715,45.25,45.425,43.95,45.38,549,0
20160718,45.005,45.5,44.9,45.5,1219,0
20160719,45.475,45.505,45.395,45.505,984,0
20160720,45.5,45.94,45,45.94,1502,0
20160721,45.99,46.05,45.99,45.995,1177,0
20160722,45.995,46,45.995,46,167,0
20160725,45.995,46,45.185,45.99,369,0
20160726,45.99,45.99,44.65,44.65,624,0
20160727,44.435,44.435,44.435,44.435,176,0
20160728,44.49,44.985,44.49,44.93,253,0
20160729,44.99,45.59,44.5,45.59,1641,0
20160801,45.575,47.8,45.575,47.8,3017,0
20160802,47.495,48.4,47,47.3,1882,0
20160803,47.145,47.395,47.145,47.395,628,0
20160804,47.295,47.7,46.75,47.3,1163,0
20160805,47.095,47.5,47.095,47.3,1089,0
20160809,47.295,47.3,47.295,47.3,346,0
20160810,47.5,47.7,47.43,47.7,564,0
20160811,47.69,47.75,47.69,47.75,1009,0
20160812,47.9,48,47.785,48,1138,0
20160815,47.995,47.995,45.785,47.115,1855,0
20160816,47,47,46.5,46.99,555,0
20160817,46.995,47.4,46,47.4,763,0
20160818,47.455,47.795,46.995,47,1069,0
20160822,47,47,45.85,46.74,555,0
20160823,45.995,46,45.995,46,362,0
20160824,45.975,45.98,45.97,45.97,152,0
20160825,45.645,45.78,45.645,45.78,347,0
20160826,45.4,45.4,45.4,45.4,88,0
20160829,45.78,45.895,44.195,44.2,1339,0
20160830,44.2,45.22,44.2,45.22,372,0
20160831,45.395,45.395,45.29,45.29,177,0
20160901,45.25,45.25,45.25,45.25,68,0
20160902,45.45,45.935,45.45,45.695,238,0
20160905,45.96,45.985,45.93,45.93,459,0
20160906,45.985,45.985,45.45,45.5,167,0
20160907,45.505,45.98,45.505,45.745,110,0
20160908,45.99,45.99,45.99,45.99,67,0
20160909,45.975,45.975,45.95,45.95,362,0
20160912,45.25,45.25,44.9,44.9,498,0
20160913,44.845,45.745,44.845,45.44,621,0
20160914,45.34,45.755,45.34,45.755,298,0
20160915,45.4,46,45.4,45.995,892,0
20160916,46,46,45.415,45.895,532,0
20160919,46,47.25,46,47.25,1060,0
20160920,46.505,47.49,46.505,47.1,10984,0
20160921,47.095,47.25,47.095,47.25,1640,0
20160922,47.245,48.23,47.245,47.785,2133,0
20160923,47.82,48.5,47,48.5,3272,0
20160926,48.845,50.55,48.655,50.55,2003,0
20160927,50.55,53,50.5,52.65,3428,0
20160928,52.9,54.6,52.9,54.35,2777,0
20160929,54.79,55.54,54.4,54.44,2721,0
20160930,54.49,54.49,53.13,54,867,0
20161004,54.7,57,54.69,56.25,2202,0
20161005,56.49,58.19,55.91,56.87,2586,0
20161006,56.83,56.85,55.61,55.7,1281,0
20161007,54.31,55.67,54.31,55.51,391,0
20161010,54.51,54.8,53.25,54.8,1053,0
20161011,55.49,57.5,55.49,56.01,2754,0
20161012,57,57,56.35,56.46,865,0
20161013,57,57,56.25,56.25,495,0
20161014,56.55,56.55,54.4,54.4,1519,0
20161017,53.57,55.45,53.57,54.97,340,0
20161018,55.5,55.5,54.67,54.97,224,0
20161019,53.51,54,53.51,53.53,709,0
20161020,54,54,53.5,53.5,2435,0
20161021,53.51,53.99,53.5,53.52,368,0
20161024,53.99,55.57,53.99,55.57,1683,0
20161025,55.99,56.89,55.41,56.5,4631,0
20161026,56.89,56.89,55.25,56,1053,0
20161027,55.15,56.19,55.15,56.19,547,0
20161028,56,56.9,55.3,56.9,3177,0
20161031,56.9,56.9,56.5,56.85,3509,0
20161101,57.81,59.99,57.8,59.75,3090,0
20161102,58.5,59.79,56.01,57.35,1876,0
20161103,56.57,57.69,56.53,56.9,528,0
20161104,57.49,57.49,56.62,56.86,173,0
20161107,57.34,57.35,56.08,56.08,1345,0
20161108,55.38,55.39,53.1,54.95,3366,0
20161109,51.37,54.68,51.37,53.68,4156,0
20161110,54.98,54.98,52,53.5,4071,0
20161111,52.11,52.12,51.77,51.77,2433,0
20161114,51.49,52.5,51.49,52.49,6718,0
20161115,52.94,52.94,52,52,1202,0
20161116,52.49,52.49,50.92,50.92,1277,0
20161117,50.5,52.5,50.5,51.25,6435,0
20161118,51.99,52.45,51.28,51.39,486,0
20161121,51.99,52.5,51.99,52,683,0
20161122,51.8,56.35,51.8,56.09,8453,0
20161123,55.75,57.89,55.75,57.73,6596,0
20161124,58,60,57.98,59.6,2406,0
20161125,59.01,59.75,59,59.75,4314,0
20161128,60,61.2,60,61.2,2089,0
20161129,61.19,61.7,59.3,59.3,2789,0
20161130,60.94,60.99,59.75,59.85,3302,0
20161201,60.89,60.9,59.94,59.99,905,0
20161202,60.08,60.08,58.42,59.75,715,0
20161205,59.74,59.89,58.86,59.89,2175,0
20161206,59.7,59.7,58.67,59.1,1136,0
20161207,59.49,59.5,58.74,58.74,1037,0
20161208,57.25,59.49,57.25,59.47,1393,0
20161209,59.5,59.7,58.02,59.4,2330,0
20161212,59.69,60,59.4,59.57,895,0
20161213,59.89,59.99,58.67,59,1771,0
20161214,57.51,59.29,57.51,58.87,403,0
20161215,58.01,58.79,58,58.11,447,0
20161216,58.1,58.79,57.22,58.14,964,0
20161219,56.8,58.05,56.74,56.74,421,0
20161220,56.82,57.01,56.65,56.65,595,0
20161221,57.49,57.98,56.57,56.57,332,0
20161222,56.58,58.79,56.58,57.46,1248,0
20161223,58.76,58.98,58.76,58.96,304,0
20161227,59,60,58.54,58.54,1089,0
20161228,57.51,59.47,57.51,59.47,1134,0
20161229,58.31,59.9,58.31,58.86,609,0
20161230,58.32,59.95,58.32,59.95,834,0
20170102,61.7,65,59.51,65,2779,0
20170103,63.41,72,63.4,68.75,4125,0
20170104,69.85,69.85,68.5,68.5,1674,0
20170105,69.3,69.84,68,68,1930,0
20170106,67,69.79,67,67.92,1284,0
20170109,67.93,68.77,67.93,68.13,139,0
20170110,67.93,68.94,67.2,68.74,734,0
20170111,69.09,69.8,68.37,69.65,2253,0
20170112,69.2,69.8,68.55,68.84,2129,0
20170113,69,69.67,67.86,69,2971,0
20170116,68.98,68.98,67.05,67.66,1311,0
20170117,68,68.49,67.41,68.21,1849,0
20170118,68.49,68.99,67.85,67.96,532,0
20170119,68.76,68.79,68.76,68.79,74,0
20170120,68.1,68.9,68.09,68.9,244,0
20170123,68.5,69.8,67.82,68,4020,0
20170124,67.65,68.8,67.44,68.68,1172,0
20170125,68.89,68.95,67.7,68.79,1164,0
20170126,68.69,68.89,67.8,68.59,1539,0
20170127,68.79,68.79,67.43,68.24,558,0
20170130,68,68,67.48,68,874,0
20170131,68.29,68.29,66.01,67.71,1705,0
20170201,67,70.04,67,69,3614,0
20170202,68.95,70,68.95,69.47,3140,0
20170203,68.99,70.7,68.99,69,3404,0
20170206,69.1,70.39,68.65,68.65,2105,0
20170207,68.75,69.8,68.65,68.65,627,0
20170208,68.08,69.51,68.08,69.09,1142,0
20170209,69.29,69.29,68.02,68.75,598,0
20170210,68.55,69.1,67.75,68.35,1653,0
20170213,67.8,68.78,67.04,68.77,638,0
20170214,67.01,68.64,67.01,68.09,550,0
20170215,68.62,69,67.15,68.52,5678,0
20170216,67.71,68.63,67.7,68,765,0
20170217,67.52,68.59,67.25,67.99,662,0
20170220,67.98,68.45,67.36,68.1,1440,0
20170221,68.33,68.33,66.53,67.87,1152,0
20170222,67,68.49,65.35,66,2489,0
20170223,65,65.45,64,64.1,2458,0
20170224,64.11,64.21,61.11,63.8,3654,0
20170227,63.01,63.99,63.01,63.85,292,0
20170301,64.34,65.92,64,64.5,1429,0
20170302,64,64,62.84,63.8,2212,0
20170303,62.62,64.5,62.62,64.5,112,0
20170306,63.56,64.14,63.55,64.14,348,0
20170307,64.1,64.5,64,64,653,0
20170308,64,64.29,63.9,63.95,281,0
20170309,63.99,63.99,62.75,63.64,796,0
20170310,63.99,63.99,62.81,62.85,452,0
20170313,62.81,63.8,62.79,63.8,722,0
20170314,63.94,63.94,63.72,63.9,332,0
20170315,63.2,63.88,62.75,63.61,420,0
20170316,63.02,63.93,63,63,167,0
20170317,63.69,63.95,63.51,63.95,466,0
20170320,63.95,63.97,63.08,63.65,239,0
20170321,63.01,63.49,62.2,62.2,402,0
20170322,63.35,63.35,60.7,61.76,717,0
20170323,61.74,61.75,61.5,61.5,352,0
