Date,Open,High,Low,Close,Volume,OpenInt
20090406,1.41,1.49,1.39,1.45,200,0
20090407,1.4,1.45,1.3,1.39,940,0
20090409,1.35,1.39,1.15,1.23,2688,0
20090414,1.17,1.23,1.15,1.22,880,0
20090415,1.16,1.22,1.16,1.22,1060,0
20090416,1.19,1.32,1.17,1.32,2309,0
20090417,1.27,1.32,1.27,1.32,49,0
20090420,1.26,1.32,1.26,1.31,189,0
20090421,1.36,1.36,1.21,1.31,1302,0
20090422,1.25,1.31,1.22,1.31,206,0
20090423,1.26,1.31,1.21,1.23,4020,0
20090424,1.18,1.27,1.18,1.27,2000,0
20090427,1.21,1.27,1.17,1.26,390,0
20090428,1.2,1.26,1.15,1.2,813,0
20090429,1.16,1.2,1.15,1.2,5400,0
20090430,1.16,1.2,1.12,1.16,220,0
20090504,1.16,1.19,1.12,1.16,150,0
20090505,1.12,1.24,1.12,1.24,5063,0
20090506,1.19,1.28,1.15,1.28,25,0
20090507,1.25,1.3,1.25,1.27,4000,0
20090508,1.26,1.27,1.25,1.25,1515,0
20090511,1.2,1.25,1.2,1.25,1255,0
20090512,1.19,1.25,1.18,1.2,6050,0
20090513,1.18,1.25,1.15,1.25,1105,0
20090514,1.2,1.25,1.16,1.25,4,0
20090515,1.2,1.24,1.15,1.21,100,0
20090518,1.15,1.28,1.15,1.25,2154,0
20090519,1.21,1.31,1.2,1.31,5236,0
20090520,1.26,1.39,1.26,1.38,3400,0
20090522,1.36,1.46,1.36,1.42,7189,0
20090525,1.37,1.46,1.36,1.45,2983,0
20090526,1.39,1.49,1.39,1.45,842,0
20090527,1.4,1.48,1.35,1.45,693,0
20090528,1.4,1.48,1.4,1.45,1150,0
20090529,1.41,1.45,1.4,1.45,100,0
20090601,1.43,1.47,1.35,1.41,400,0
20090602,1.34,1.46,1.34,1.46,200,0
20090603,1.41,1.46,1.4,1.46,2600,0
20090605,1.41,1.46,1.39,1.46,332,0
20090608,1.39,1.46,1.39,1.46,1000,0
20090609,1.41,1.46,1.4,1.46,34,0
20090610,1.41,1.51,1.4,1.49,6799,0
20090611,1.46,1.65,1.45,1.51,200,0
20090612,1.45,1.57,1.45,1.55,1730,0
20090615,1.5,1.6,1.48,1.56,7100,0
20090616,1.51,1.59,1.51,1.55,2750,0
20090617,1.52,1.59,1.5,1.57,424,0
20090618,1.55,1.6,1.54,1.6,1256,0
20090619,1.55,1.63,1.45,1.6,910,0
20090622,1.56,1.6,1.55,1.6,95,0
20090623,1.55,1.6,1.55,1.6,75,0
20090624,1.56,1.59,1.51,1.59,1627,0
20090625,1.55,1.6,1.55,1.6,141,0
20090626,1.55,1.6,1.55,1.6,1180,0
20090629,1.54,1.6,1.54,1.58,5852,0
20090630,1.52,1.58,1.49,1.58,100,0
20090701,1.56,1.61,1.56,1.61,4878,0
20090702,1.59,1.73,1.59,1.61,200,0
20090703,1.62,1.62,1.61,1.61,487,0
20090706,1.59,1.73,1.3,1.61,589,0
20090707,1.61,1.61,1.61,1.61,314,0
20090708,1.6,1.61,1.6,1.61,31,0
20090710,1.6,1.61,1.6,1.61,26,0
20090713,1.59,1.61,1.59,1.61,546,0
20090714,1.6,1.61,1.6,1.61,1360,0
20090715,1.61,1.68,1.61,1.68,490,0
20090716,1.61,1.8,1.61,1.68,1749,0
20090717,1.69,1.69,1.67,1.68,763,0
20090721,1.69,1.69,1.55,1.59,180,0
20090722,1.68,1.68,1.61,1.61,549,0
20090724,1.6,1.69,1.5,1.5,110,0
20090727,1.69,1.69,1.65,1.69,938,0
20090728,1.61,1.69,1.61,1.61,20,0
20090729,1.61,1.65,1.59,1.59,905,0
20090731,1.61,1.65,1.6,1.6,2542,0
20090803,1.6,1.7,1.59,1.66,5267,0
20090804,1.64,1.66,1.64,1.65,100,0
20090806,1.71,1.71,1.7,1.7,3000,0
20090807,1.66,1.71,1.65,1.71,261,0
20090810,1.71,2,1.71,2,16386,0
20090811,2,2,1.8,1.85,4015,0
20090812,1.97,1.97,1.74,1.74,1685,0
20090813,1.85,1.85,1.75,1.75,185,0
20090814,1.85,1.85,1.7,1.7,390,0
20090817,1.69,1.85,1.69,1.7,1110,0
20090818,1.85,1.85,1.7,1.75,541,0
20090819,1.7,1.85,1.7,1.75,270,0
20090820,1.72,1.85,1.72,1.75,1300,0
20090821,1.72,1.85,1.72,1.82,1550,0
20090824,1.76,1.85,1.76,1.81,400,0
20090825,1.82,1.85,1.77,1.77,1300,0
20090826,1.75,1.85,1.75,1.77,500,0
20090827,1.76,1.85,1.76,1.77,2,0
20090828,1.79,1.85,1.77,1.77,600,0
20090831,1.85,1.85,1.77,1.8,67,0
20090901,1.85,1.89,1.64,1.64,13256,0
20090902,1.74,1.75,1.64,1.64,9270,0
20090903,1.65,1.75,1.64,1.7,4600,0
20090907,1.7,1.81,1.7,1.8,6940,0
20090908,1.77,1.85,1.77,1.79,685,0
20090910,1.82,1.9,1.81,1.85,1706,0
20090911,1.84,1.97,1.83,1.94,2958,0
20090914,1.83,1.96,1.83,1.94,3304,0
20090915,1.95,1.95,1.88,1.94,1220,0
20090916,1.94,1.94,1.94,1.94,20,0
20090917,1.84,1.95,1.8,1.81,9945,0
20090918,1.8,1.9,1.79,1.81,951,0
20090921,1.8,1.85,1.79,1.79,250,0
20090922,1.82,1.93,1.82,1.84,4054,0
20090923,1.84,1.93,1.84,1.85,1,0
20090925,1.85,1.93,1.8,1.8,3357,0
20090928,1.8,1.92,1.74,1.8,1231,0
20090929,1.8,1.92,1.8,1.8,18,0
20090930,1.8,1.92,1.74,1.74,60,0
20091001,1.79,1.92,1.79,1.9,5201,0
20091002,1.9,1.91,1.9,1.9,3200,0
20091005,1.87,1.9,1.87,1.9,8656,0
20091006,1.87,1.91,1.87,1.91,143,0
20091007,1.9,1.91,1.9,1.91,253,0
20091009,1.91,2.03,1.91,2.03,4813,0
20091012,1.99,2.05,1.99,2.03,127,0
20091013,2.03,2.17,2.03,2.17,1662,0
20091015,2.17,2.22,2.16,2.17,1120,0
20091016,2.16,2.26,2.16,2.26,5824,0
20091019,2.18,2.28,2.18,2.26,3000,0
20091020,2.26,2.26,2.2,2.21,2351,0
20091021,2.26,2.26,2.2,2.21,359,0
20091022,2.21,2.26,2.05,2.21,980,0
20091023,2.23,2.23,2.16,2.16,633,0
20091026,2.17,2.21,2.05,2.05,150,0
20091028,2.15,2.21,2.05,2.1,6200,0
20091029,2.05,2.15,2.02,2.02,1531,0
20091030,2.07,2.2,2,2.07,327,0
20091103,2.06,2.07,2.05,2.06,505,0
20091104,2.05,2.07,2.05,2.05,4400,0
20091106,2.01,3.25,2,3.25,46181,0
20091109,3.17,3.45,2.3,2.41,33679,0
20091110,2.31,2.5,2.17,2.28,8562,0
20091111,2.31,2.4,2.24,2.32,12508,0
20091112,2.26,2.37,2.26,2.3,200,0
20091113,2.29,2.4,2.29,2.3,7124,0
20091116,2.32,2.32,2.29,2.29,3500,0
20091117,2.28,2.37,2.28,2.33,500,0
20091118,2.3,2.33,2.21,2.21,3350,0
20091119,2.18,2.28,2.18,2.21,6828,0
20091120,2.2,2.25,2.2,2.24,2452,0
20091123,2.22,2.25,2.2,2.25,3250,0
20091124,2.19,2.25,2.19,2.19,215,0
20091125,2.22,2.3,2.2,2.21,3028,0
20091126,2.19,2.32,2.19,2.24,6201,0
20091127,2.24,2.25,2.18,2.2,2162,0
20091130,2.21,2.25,2.18,2.25,589,0
20091201,2.21,2.21,2.18,2.19,4661,0
20091202,2.15,2.19,2.15,2.16,66,0
20091203,2.19,2.19,2.13,2.15,2851,0
20091204,2.09,2.16,2.09,2.15,150,0
20091207,2.11,2.19,2.1,2.15,1850,0
20091208,2.1,2.15,2.1,2.15,10,0
20091209,2.1,2.15,2.1,2.1,150,0
20091210,2.11,2.2,2.1,2.2,1000,0
20091211,2.11,2.2,2.1,2.2,100,0
20091214,2.13,2.16,2.11,2.16,2150,0
20091215,2.12,2.2,2.11,2.12,201,0
20091216,2.11,2.2,2.11,2.16,169,0
20091217,2.1,2.21,2.1,2.12,368,0
20091218,2.12,2.2,2.11,2.12,1005,0
20091221,2.12,2.2,2.11,2.11,3175,0
20091222,2.1,2.11,2.1,2.11,87,0
20091223,2.1,2.15,2,2.07,20620,0
20091228,2.05,2.34,2.03,2.32,13060,0
20091229,2.21,2.25,1.91,1.99,4416,0
20091230,2,2.26,2,2.25,2135,0
20100104,2.25,2.25,2.04,2.11,600,0
20100105,2.18,2.34,2.18,2.33,6205,0
20100106,2.28,2.33,2,2.24,602,0
20100107,2.18,2.24,2.18,2.181,36,0
20100108,2.19,2.19,2.1,2.15,2410,0
20100111,2.115,2.2,2.1,2.11,849,0
20100112,2.101,2.15,2.1,2.1,7252,0
20100113,2.105,2.15,2.05,2.1,10145,0
20100114,2.01,2.1,1.9,1.91,7887,0
20100115,1.9,2.05,1.9,2.02,3530,0
20100118,2,2.101,1.95,1.961,11015,0
20100119,1.96,2.02,1.94,1.951,7084,0
20100120,1.95,2,1.95,1.975,4083,0
20100121,1.96,1.975,1.95,1.975,485,0
20100122,1.95,1.975,1.95,1.975,2291,0
20100125,1.95,1.975,1.9,1.912,2070,0
20100126,1.89,1.999,1.89,1.912,2231,0
20100127,1.89,1.95,1.89,1.911,541,0
20100128,1.911,1.95,1.6,1.911,3478,0
20100129,1.91,1.92,1.895,1.895,8491,0
20100201,1.85,1.92,1.6,1.92,689,0
20100202,1.904,1.92,1.861,1.89,22097,0
20100203,1.873,1.9,1.87,1.871,30,0
20100204,1.87,1.9,1.844,1.85,16250,0
20100205,1.85,1.89,1.84,1.85,180,0
20100208,1.873,1.873,1.8,1.811,434,0
20100209,1.75,1.851,1.75,1.851,2999,0
20100210,1.84,1.851,1.84,1.851,1042,0
20100211,1.86,1.86,1.85,1.851,560,0
20100212,1.853,1.89,1.85,1.873,1566,0
20100215,1.86,1.9,1.85,1.9,100,0
20100216,1.87,1.873,1.85,1.85,4800,0
20100217,1.86,1.873,1.85,1.851,600,0
20100218,1.85,1.873,1.6,1.853,2665,0
20100219,1.796,1.897,1.77,1.885,9170,0
20100222,1.88,1.885,1.6,1.884,1508,0
20100223,1.88,1.884,1.825,1.825,5171,0
20100224,1.81,1.849,1.75,1.849,189,0
20100225,1.79,1.825,1.79,1.825,2250,0
20100226,1.81,1.87,1.8,1.87,7374,0
20100301,1.87,1.89,1.8,1.86,2679,0
20100302,1.81,1.933,1.8,1.933,14174,0
20100303,1.845,1.9,1.845,1.85,11024,0
20100304,1.8,1.9,1.8,1.875,20623,0
20100308,1.883,1.9,1.865,1.883,6543,0
20100309,1.87,1.898,1.87,1.898,3200,0
20100310,1.856,1.889,1.856,1.889,63,0
20100312,1.89,1.89,1.878,1.88,586,0
20100315,1.83,1.89,1.83,1.882,1799,0
20100316,1.89,1.89,1.878,1.878,9877,0
20100317,1.89,1.89,1.87,1.874,1754,0
20100318,1.869,1.912,1.825,1.912,5407,0
20100319,1.896,1.95,1.89,1.95,8918,0
20100322,1.91,1.975,1.905,1.943,9550,0
20100323,1.909,1.95,1.909,1.921,202,0
20100324,1.923,1.923,1.901,1.901,820,0
20100325,1.914,1.92,1.881,1.881,7518,0
20100326,1.88,1.92,1.87,1.9,508,0
20100329,1.89,1.91,1.88,1.88,1011,0
20100330,1.889,1.889,1.76,1.881,652,0
20100331,1.881,1.881,1.4,1.874,6627,0
20100401,1.898,1.92,1.35,1.92,6041,0
20100406,1.905,1.984,1.9,1.9,5146,0
20100407,1.921,1.987,1.45,1.987,5649,0
20100408,1.942,1.97,1.9,1.951,16472,0
20100409,1.955,1.96,1.95,1.95,3872,0
20100412,1.95,1.96,1.89,1.901,630,0
20100413,1.892,1.95,1.892,1.905,8200,0
20100414,1.905,1.96,1.893,1.9,15438,0
20100415,1.903,1.951,1.87,1.876,16602,0
20100416,1.863,1.901,1.863,1.9,280,0
20100419,1.892,1.901,1.892,1.9,2275,0
20100420,1.911,1.911,1.85,1.901,1861,0
20100421,1.908,1.908,1.88,1.882,14251,0
20100422,1.84,1.9,1.84,1.85,8678,0
20100423,1.873,1.9,1.87,1.872,10163,0
20100426,1.9,1.909,1.8,1.861,1214,0
20100427,1.856,1.92,1.856,1.881,3285,0
20100428,1.881,1.9,1.88,1.886,1416,0
20100429,1.879,1.911,1.85,1.911,1261,0
20100430,1.906,1.911,1.9,1.91,150,0
20100503,1.911,1.948,1.9,1.911,698,0
20100504,1.906,1.911,1.906,1.911,145,0
20100505,1.908,1.911,1.908,1.91,3425,0
20100507,1.9,1.959,1.9,1.901,273,0
20100511,1.901,1.949,1.9,1.9,6900,0
20100512,1.861,1.99,1.861,1.99,12765,0
20100514,1.872,2.01,1.872,2,26263,0
20100517,1.875,2.07,1.875,2.07,200,0
20100518,2.022,2.07,2,2.001,552,0
20100519,1.988,2.07,1.988,2.031,600,0
20100520,2.019,2.07,2.019,2.031,3,0
20100521,2.022,2.12,2.022,2.12,150,0
20100526,2.053,2.07,2,2,9580,0
20100527,2,2.099,2,2.099,2654,0
20100528,2.005,2.1,2,2.099,600,0
20100531,2.015,2.03,2,2,589,0
20100601,2,2.101,2,2.101,2120,0
20100604,2.108,2.248,2,2.248,2680,0
20100607,2.112,2.2,2.112,2.14,637,0
20100608,2.144,2.144,2.14,2.14,300,0
20100609,2.158,2.28,2.14,2.2,6690,0
20100610,2.201,2.3,2.19,2.3,5820,0
20100611,2.2,2.3,2.2,2.25,600,0
20100614,2.223,2.3,2.2,2.299,900,0
20100615,2.201,2.3,2,2.23,6330,0
20100617,2.24,2.251,2.24,2.251,2150,0
20100618,2.252,2.3,2.245,2.252,3713,0
20100621,2.296,2.3,2.25,2.3,7062,0
20100622,2.248,2.251,2.12,2.202,9800,0
20100623,2.106,2.25,2.106,2.22,14192,0
20100624,2.203,2.292,2.2,2.292,500,0
20100625,2.208,2.22,2.195,2.195,40,0
20100628,2.218,2.33,2.218,2.33,2200,0
20100629,2.276,2.401,2.276,2.401,7800,0
20100630,2.399,2.46,2.35,2.43,6000,0
20100701,2.363,2.421,2.363,2.421,555,0
20100702,2.417,2.42,2.41,2.41,2,0
20100705,2.427,2.427,2.3,2.3,2775,0
20100706,2.263,2.41,2.263,2.3,70,0
20100707,2.298,2.38,2.25,2.38,800,0
20100708,2.315,2.36,2.3,2.31,1752,0
20100709,2.331,2.36,2.3,2.325,6300,0
20100712,2.301,2.335,2.3,2.335,2000,0
20100713,2.245,2.335,2.24,2.311,117,0
20100714,2.33,2.335,2.1,2.1,50,0
20100715,2.315,2.335,2.3,2.3,6600,0
20100716,2.305,2.335,2.3,2.3,5000,0
20100720,2.316,2.42,2.31,2.42,200,0
20100722,2.292,2.401,2.292,2.401,50,0
20100723,2.311,2.42,2.31,2.42,2701,0
20100726,2.318,2.35,2.31,2.35,2,0
20100727,2.307,2.35,1.62,1.62,1029,0
20100728,2.2,2.35,2.2,2.26,590,0
20100729,2.264,2.3,2,2.26,246,0
20100730,2.236,2.3,2.201,2.3,1610,0
20100802,2.22,2.3,2.2,2.251,3600,0
20100803,2.251,2.425,2.25,2.425,2120,0
20100804,2.414,2.414,2.3,2.3,1,0
20100805,2.306,2.306,2.175,2.175,6600,0
20100806,2.155,2.25,2,2,154,0
20100811,2.23,2.25,2,2,50,0
20100812,2.244,2.35,2.244,2.29,575,0
20100813,2.32,2.32,2.3,2.3,254,0
20100816,2.203,2.39,2.19,2.19,1813,0
20100818,2.191,2.3,2.191,2.211,73,0
20100820,2.213,2.3,2.21,2.21,1945,0
20100823,2.203,2.36,2.2,2.211,530,0
20100825,2.195,2.3,2.195,2.211,170,0
20100830,2.209,2.3,2.2,2.201,1815,0
20100831,2.3,2.3,2.21,2.21,10000,0
20100901,2.211,2.211,2.2,2.201,378,0
20100902,2.196,2.3,2.196,2.3,1070,0
20100906,2.259,2.259,2.22,2.25,5900,0
20100908,2.211,2.25,2.211,2.221,125,0
20100909,2.219,2.25,2.219,2.22,5027,0
20100910,2.229,2.42,2.22,2.42,4550,0
20100913,2.4,2.48,2.35,2.399,4000,0
20100914,2.382,2.4,2.2,2.2,850,0
20100916,2.23,2.4,2.2,2.2,50,0
20100917,2.397,2.4,2.2,2.2,1836,0
20100920,2.217,2.4,2.2,2.23,1321,0
20100921,2.251,2.251,2.23,2.23,150,0
20100922,2.204,2.23,2.2,2.22,366,0
20100923,2.22,2.285,2.2,2.285,12500,0
20100924,2.196,2.285,2.196,2.2,44,0
20100927,2.21,2.27,2.17,2.201,4483,0
20100928,2.196,2.27,2.196,2.2,260,0
20100929,2.2,2.27,2.2,2.201,15,0
20100930,2.179,2.27,2.179,2.201,210,0
20101001,2.203,2.27,2.19,2.201,11681,0
20101004,2.199,2.27,2.1,2.1,515,0
20101005,2.203,2.28,2.2,2.201,6155,0
20101008,2.204,2.38,2.2,2.38,1850,0
20101011,2.284,2.45,2.284,2.45,1189,0
20101012,2.403,2.42,2.4,2.42,700,0
20101013,2.208,2.39,2.208,2.24,250,0
20101014,2.206,2.31,2.2,2.31,5,0
20101015,2.215,2.41,2.1,2.41,955,0
20101018,2.301,2.32,2.22,2.22,25,0
20101020,2.324,2.42,2.32,2.351,7530,0
20101021,2.346,2.35,2.346,2.35,10,0
20101022,2.361,2.41,2.31,2.338,8990,0
20101025,2.337,2.41,2.32,2.41,135,0
20101026,2.318,2.41,2.31,2.321,275,0
20101027,2.316,2.41,2.316,2.33,1000,0
20101028,2.35,2.4,2.34,2.34,351,0
20101029,2.344,2.42,2.32,2.33,21999,0
20101101,2.335,2.42,2.31,2.31,100,0
20101102,2.325,2.42,2.32,2.321,100,0
20101103,2.32,2.42,2.2,2.2,7351,0
20101104,2.2,2.35,2.2,2.35,960,0
20101105,2.201,2.35,2.201,2.241,1500,0
20101108,2.241,2.39,2.24,2.251,400,0
20101109,2.25,2.35,2.25,2.261,225,0
20101110,2.25,2.31,2.22,2.235,2044,0
20101112,2.22,2.235,2.22,2.22,345,0
20101115,2.22,2.235,2.21,2.22,3100,0
20101116,2.22,2.25,2.22,2.25,7500,0
20101117,2.22,2.26,2.15,2.22,1793,0
20101118,2.22,2.22,2.22,2.22,200,0
20101122,2.22,2.26,2.22,2.26,530,0
20101123,2.22,2.26,2.21,2.21,5460,0
20101124,2.2,2.25,2.2,2.25,11950,0
20101125,2.2,2.25,2.2,2.201,50,0
20101126,2.2,2.25,2.2,2.201,100,0
20101129,2.21,2.28,2.21,2.255,1431,0
20101130,2.22,2.255,2.21,2.21,3850,0
20101201,2.2,2.255,2.2,2.2,1600,0
20101202,2.205,2.255,2.2,2.2,270,0
20101203,2.205,2.255,2.2,2.205,1150,0
20101206,2.205,2.21,2.195,2.195,100,0
20101207,2.205,2.21,2.2,2.205,100,0
20101209,2.205,2.21,2.2,2.205,139,0
20101210,2.205,2.3,2.2,2.274,14678,0
20101213,2.275,2.28,2.21,2.26,14030,0
20101214,2.22,2.275,2.2,2.22,799,0
20101215,2.205,2.275,2.2,2.2,100,0
20101216,2.205,2.275,2.11,2.11,107690,0
20101217,2.1,2.2,2.1,2.174,6419,0
20101220,2.15,2.19,2.1,2.161,36822,0
20101222,2.16,2.25,2.16,2.25,900,0
20101223,2.2,2.23,2.2,2.21,402,0
20101227,2.2,2.23,2.2,2.225,3084,0
20101228,2.222,2.226,2.16,2.16,5500,0
20101229,2.125,2.14,2.12,2.14,4900,0
20101230,2.13,2.299,2.13,2.13,2000,0
20110104,2.13,2.299,2.13,2.131,96,0
20110106,2.13,2.249,2.13,2.2,2000,0
20110107,2.13,2.3,2.13,2.249,1184,0
20110110,2.13,2.25,2.13,2.141,674,0
20110112,2.14,2.25,2.098,2.2,10886,0
20110113,2.1,2.245,2.1,2.22,10550,0
20110117,2.23,2.25,2.2,2.231,1547,0
20110118,2.23,2.25,2.15,2.155,2828,0
20110119,2.12,2.2,2.12,2.2,2000,0
20110120,2.15,2.2,2.13,2.13,4757,0
20110124,2.12,2.2,2.12,2.12,4230,0
20110126,2.12,2.2,2.1,2.1,375,0
20110127,2.12,2.2,2.12,2.14,630,0
20110128,2.12,2.2,2.12,2.15,3500,0
20110131,2.12,2.19,2,2.19,420,0
20110201,2.12,2.19,2.1,2.145,3603,0
20110202,2.12,2.15,2.1,2.1,1000,0
20110203,2.12,2.15,1.51,1.85,3594,0
20110204,2.12,2.15,1.8,2.15,1760,0
20110207,2.12,2.15,2,2,2450,0
20110208,2.12,2.14,2.07,2.07,5168,0
20110209,1.92,2.14,1.92,2.13,1200,0
20110211,2.07,2.13,2.07,2.07,3440,0
20110214,2.07,2.18,2.07,2.12,4550,0
20110216,2.07,2.15,2.06,2.14,2017,0
20110217,2.09,2.13,2.09,2.1,2000,0
20110218,2.1,2.159,2.1,2.159,2650,0
20110221,2.139,2.139,2.1,2.101,400,0
20110222,2.1,2.11,2.1,2.11,3500,0
20110223,2.1,2.1,2.07,2.079,3042,0
20110224,2.1,2.1,2.02,2.1,461,0
20110225,2.07,2.18,2.07,2.1,7256,0
20110228,2.07,2.19,2.07,2.19,2100,0
20110301,2.07,2.19,2.03,2.15,1143,0
20110302,2.15,2.215,2.03,2.1,2385,0
20110303,2.1,2.21,2.1,2.21,5000,0
20110304,2.1,2.2,2.1,2.1,3427,0
20110307,2.15,2.2,2.1,2.12,1157,0
20110308,2.2,2.2,2.1,2.1,60,0
20110309,2.2,2.2,2.1,2.18,3050,0
20110310,2.15,2.2,2.1,2.151,125,0
20110311,2.2,2.2,2.1,2.1,180,0
20110314,2.2,2.2,2.07,2.07,7321,0
20110315,2.19,2.19,2.07,2.15,2000,0
20110316,1.98,2.1,1.8,2.1,8730,0
20110317,2,2.13,1.85,2.13,7451,0
20110318,2.05,2.15,1.85,2,3007,0
20110321,2,2.061,2,2.061,1300,0
20110322,2.06,2.18,2.05,2.05,2100,0
20110324,2.06,2.15,2.06,2.1,1320,0
20110325,2.06,2.061,2.06,2.061,228,0
20110328,2.06,2.07,2.05,2.05,1971,0
20110329,2.06,2.21,2.05,2.061,2330,0
20110330,2.06,2.2,2.05,2.05,4177,0
20110401,2.06,2.08,2.02,2.05,1200,0
20110404,2.08,2.08,2.02,2.05,1100,0
20110405,2.05,2.06,2.05,2.06,302,0
20110406,2.05,2.11,2,2.01,24600,0
20110407,2.05,2.08,2.01,2.051,10950,0
20110408,2.05,2.05,1.98,2.03,31184,0
20110411,2.05,2.05,1.98,2.01,17719,0
20110412,1.98,2.05,1.97,1.97,19550,0
20110413,2.05,2.05,1.91,1.99,18610,0
20110414,1.95,2.04,1.95,2,2000,0
20110415,2.03,2.03,1.94,2,2000,0
20110418,1.94,2.03,1.93,1.93,4500,0
20110419,2.05,2.05,1.9,1.98,11326,0
20110420,1.98,2,1.91,1.945,5000,0
20110421,1.945,1.99,1.91,1.95,3669,0
20110427,1.945,1.999,1.91,1.999,380,0
20110429,1.945,1.95,1.9,1.92,16700,0
20110502,1.9,1.945,1.9,1.91,7500,0
20110503,1.85,1.945,1.85,1.911,359,0
20110504,1.88,1.97,1.88,1.921,9634,0
20110505,1.92,1.96,1.92,1.94,8000,0
20110506,1.94,1.979,1.92,1.921,427,0
20110509,1.94,1.96,1.92,1.95,5026,0
20110510,1.94,1.94,1.87,1.92,11759,0
20110511,1.935,1.935,1.86,1.91,5632,0
20110512,1.9,1.9,1.86,1.9,9000,0
20110513,1.9,1.929,1.85,1.929,7900,0
20110516,1.9,1.939,1.85,1.9,9136,0
20110517,1.9,1.94,1.82,1.94,6200,0
20110518,1.88,1.9,1.82,1.87,9400,0
20110519,1.87,1.9,1.76,1.9,2724,0
20110520,1.87,1.94,1.83,1.94,4303,0
20110523,1.87,1.92,1.8,1.9,3749,0
20110524,1.9,1.949,1.8,1.9,1140,0
20110525,1.9,1.9,1.8,1.9,250,0
20110526,1.9,1.94,1.84,1.9,750,0
20110527,1.9,1.901,1.82,1.9,675,0
20110530,1.9,1.925,1.85,1.925,280,0
20110531,1.9,1.925,1.85,1.905,3550,0
20110601,1.905,1.905,1.86,1.905,100,0
20110603,1.925,1.95,1.9,1.905,6850,0
20110606,1.905,1.905,1.86,1.88,1330,0
20110607,1.86,1.901,1.86,1.88,2208,0
20110609,1.88,1.88,1.86,1.88,170,0
20110610,1.88,1.95,1.86,1.93,5506,0
20110614,1.87,2,1.87,2,3754,0
20110615,2,2.025,1.95,2.025,208,0
20110616,2.025,2.025,2,2.02,2040,0
20110617,2.02,2.02,1.95,1.995,1550,0
20110621,1.95,2.02,1.95,2.02,50,0
20110622,2.02,2.05,1.99,2.05,10562,0
20110623,2.01,2.075,2.01,2.075,401,0
20110627,2.01,2.075,2,2.01,1335,0
20110628,2.01,2.07,2.01,2.01,200,0
20110629,2.01,2.07,2.01,2.01,450,0
20110630,2.01,2.07,2.01,2.01,1000,0
20110704,2.07,2.07,2.01,2.01,932,0
20110705,2.065,2.065,2.01,2.01,337,0
20110706,2.01,2.065,2.01,2.01,870,0
20110707,2.01,2.055,2,2,15,0
20110711,2.045,2.045,2,2,4812,0
20110712,2.015,2.03,1.951,1.97,9125,0
20110713,2.02,2.02,1.99,2,50,0
20110714,2.02,2.02,1.99,2,3940,0
20110715,1.99,2.03,1.99,2,3200,0
20110718,2.03,2.03,1.999,1.999,6260,0
20110719,2.02,2.03,1.98,2,2398,0
20110720,2.03,2.03,2,2,2700,0
20110721,2.03,2.139,2,2,3150,0
20110722,2.13,2.13,2.06,2.06,285,0
20110725,2.095,2.1,2.035,2.06,2250,0
20110726,2.035,2.06,2.001,2.03,9053,0
20110727,2.001,2.045,2,2,315,0
20110728,2.045,2.05,2,2.02,7560,0
20110729,2.025,2.031,2,2,6257,0
20110801,2.025,2.05,2,2.02,2600,0
20110802,2.05,2.05,2,2,5014,0
20110803,2.02,2.02,1.97,1.97,12730,0
20110804,2.005,2.005,1.955,1.955,3000,0
20110805,2.005,2.01,1.896,1.896,7750,0
20110808,2.005,2.005,1.955,1.955,4550,0
20110809,1.988,2.02,1.955,1.955,5602,0
20110811,1.988,2.02,1.945,1.955,1301,0
20110815,1.981,2.02,1.945,1.945,190,0
20110817,2.015,2.015,1.98,1.98,3000,0
20110818,1.98,2.05,1.9,1.98,5975,0
20110819,1.98,2.015,1.98,1.98,3801,0
20110822,2.015,2.015,1.96,1.96,20,0
20110823,1.98,2.015,1.88,1.88,4100,0
20110824,2.015,2.015,1.83,1.97,2300,0
20110825,2,2.015,1.98,1.98,3300,0
20110826,1.98,2.08,1.98,2.015,2270,0
20110902,2,2.05,1.97,1.98,2750,0
20110905,1.91,2,1.91,2,250,0
20110906,1.95,2,1.95,1.975,3000,0
20110907,1.95,1.99,1.95,1.975,2100,0
20110908,1.95,1.975,1.94,1.975,3,0
20110909,1.95,1.975,1.94,1.975,165,0
20110912,1.975,1.975,1.95,1.975,700,0
20110913,1.975,1.975,1.9,1.945,10465,0
20110914,1.92,1.945,1.82,1.885,3600,0
20110916,1.9,1.92,1.9,1.91,1200,0
20110922,1.91,1.91,1.85,1.885,3100,0
20110923,1.885,1.885,1.85,1.85,2001,0
20110926,1.885,1.92,1.75,1.885,298,0
20110928,1.91,1.91,1.89,1.91,1467,0
20110930,1.91,1.95,1.9,1.95,50,0
20111003,1.9,2.02,1.9,1.925,180,0
20111004,1.925,1.925,1.85,1.9,5300,0
20111005,1.85,2.025,1.85,2.025,1070,0
20111006,1.95,2.025,1.89,1.925,1250,0
20111007,1.85,2,1.85,1.975,2261,0
20111010,1.975,1.975,1.85,1.85,120,0
20111012,1.935,1.935,1.88,1.935,50,0
20111014,1.89,1.935,1.89,1.935,220,0
20111017,1.89,1.98,1.89,1.935,2000,0
20111018,1.79,1.935,1.79,1.92,2882,0
20111020,1.9,1.92,1.85,1.895,3634,0
20111021,1.895,1.895,1.775,1.775,1650,0
20111024,1.775,1.855,1.75,1.855,1201,0
20111025,1.83,1.88,1.82,1.84,3815,0
20111026,1.8,1.86,1.8,1.84,105,0
20111027,1.8,1.86,1.8,1.82,910,0
20111028,1.76,1.9,1.76,1.865,5328,0
20111031,1.83,1.865,1.78,1.835,1608,0
20111101,1.79,1.88,1.79,1.88,600,0
20111102,1.79,1.88,1.79,1.79,300,0
20111107,1.85,1.85,1.8,1.805,2069,0
20111110,1.8,1.825,1.75,1.75,2020,0
20111111,1.73,1.825,1.73,1.8,100,0
20111114,1.8,1.825,1.78,1.78,2227,0
20111116,1.8,1.815,1.78,1.78,1508,0
20111117,1.73,1.83,1.73,1.758,50,0
20111118,1.73,1.759,1.73,1.759,100,0
20111121,1.73,1.856,1.71,1.733,17925,0
20111122,1.715,1.749,1.715,1.729,300,0
20111123,1.715,1.749,1.715,1.733,710,0
20111124,1.715,1.733,1.71,1.733,1900,0
20111125,1.715,1.733,1.64,1.71,8240,0
20111128,1.661,1.725,1.655,1.725,2227,0
20111129,1.653,1.749,1.65,1.715,12,0
20111130,1.7,1.732,1.7,1.721,3362,0
20111201,1.655,1.721,1.65,1.675,700,0
20111202,1.65,1.687,1.65,1.687,1360,0
20111205,1.651,1.692,1.65,1.692,1000,0
20111206,1.65,1.692,1.65,1.686,1910,0
20111207,1.65,1.686,1.63,1.665,3150,0
20111208,1.63,1.665,1.62,1.647,10,0
20111209,1.63,1.666,1.63,1.66,5861,0
20111212,1.62,1.66,1.56,1.626,12710,0
20111213,1.6,1.626,1.59,1.623,560,0
20111214,1.6,1.649,1.6,1.649,20,0
20111216,1.6,1.65,1.6,1.642,800,0
20111219,1.642,1.642,1.6,1.6,6,0
20111220,1.6,1.65,1.6,1.65,665,0
20111222,1.6,1.65,1.6,1.65,270,0
20111227,1.6,1.65,1.6,1.65,522,0
20111229,1.6,1.665,1.549,1.642,2600,0
20111230,1.6,1.684,1.52,1.66,2403,0
20120104,1.65,1.705,1.64,1.702,3473,0
20120105,1.65,1.702,1.65,1.701,2,0
20120106,1.65,1.701,1.65,1.682,7000,0
20120109,1.6,1.7,1.59,1.674,415,0
20120110,1.6,1.685,1.6,1.685,368,0
20120111,1.6,1.685,1.6,1.62,10,0
20120112,1.6,1.64,1.6,1.624,5127,0
20120113,1.6,1.624,1.307,1.604,22941,0
20120116,1.508,1.615,1.5,1.615,500,0
20120117,1.55,1.649,1.55,1.649,500,0
20120118,1.649,1.675,1.6,1.675,500,0
20120119,1.65,1.695,1.65,1.66,1350,0
20120120,1.65,1.66,1.64,1.66,10,0
20120123,1.65,1.66,1.65,1.66,98,0
20120124,1.65,1.7,1.65,1.66,1113,0
20120125,1.65,1.689,1.64,1.66,121,0
20120126,1.66,1.66,1.65,1.66,246,0
20120127,1.699,1.699,1.65,1.66,20,0
20120130,1.65,1.66,1.65,1.66,20,0
20120131,1.65,1.66,1.64,1.66,30,0
20120201,1.65,1.727,1.65,1.689,9670,0
20120202,1.65,1.689,1.65,1.65,3500,0
20120203,1.6,1.65,1.6,1.65,60,0
20120206,1.6,1.65,1.6,1.63,3022,0
20120207,1.56,1.632,1.56,1.632,60,0
20120208,1.58,1.632,1.58,1.622,550,0
20120209,1.59,1.624,1.587,1.624,287,0
20120210,1.59,1.67,1.59,1.67,4537,0
20120213,1.64,1.699,1.64,1.685,651,0
20120214,1.685,1.685,1.67,1.681,1003,0
20120215,1.68,1.7,1.68,1.68,5023,0
20120216,1.685,1.685,1.615,1.655,1103,0
20120217,1.615,1.655,1.615,1.655,350,0
20120220,1.615,1.695,1.615,1.678,2556,0
20120221,1.66,1.678,1.65,1.678,1178,0
20120223,1.66,1.678,1.66,1.678,103,0
20120224,1.66,1.678,1.66,1.678,1120,0
20120227,1.66,1.678,1.66,1.678,40,0
20120228,1.66,1.678,1.645,1.645,6000,0
20120229,1.63,1.66,1.63,1.645,6600,0
20120301,1.63,1.67,1.63,1.67,1266,0
20120302,1.64,1.67,1.64,1.67,10,0
20120305,1.67,1.67,1.64,1.67,400,0
20120306,1.64,1.67,1.64,1.67,500,0
20120307,1.64,1.67,1.63,1.67,22,0
20120308,1.64,1.67,1.64,1.64,22,0
20120309,1.64,1.67,1.64,1.67,60,0
20120312,1.64,1.67,1.64,1.67,940,0
20120314,1.67,1.67,1.64,1.67,250,0
20120315,1.64,1.67,1.64,1.67,8,0
20120316,1.67,1.67,1.64,1.645,2867,0
20120319,1.64,1.675,1.64,1.675,450,0
20120320,1.651,1.675,1.65,1.675,277,0
20120321,1.65,1.675,1.65,1.655,160,0
20120323,1.628,1.65,1.6,1.63,9,0
20120326,1.6,1.63,1.55,1.62,9955,0
20120327,1.6,1.62,1.6,1.62,410,0
20120329,1.602,1.622,1.6,1.622,5000,0
20120330,1.595,1.659,1.595,1.631,9036,0
20120402,1.603,1.68,1.6,1.655,4625,0
20120403,1.629,1.655,1.628,1.628,1120,0
20120404,1.6,1.628,1.59,1.623,400,0
20120405,1.623,1.635,1.6,1.635,2150,0
20120410,1.601,1.635,1.6,1.616,168,0
20120411,1.6,1.635,1.6,1.635,300,0
20120412,1.615,1.66,1.615,1.655,2670,0
20120413,1.634,1.686,1.63,1.657,11371,0
20120416,1.63,1.719,1.63,1.719,1698,0
20120417,1.682,1.721,1.68,1.721,1254,0
20120418,1.721,1.721,1.696,1.701,1239,0
20120419,1.685,1.701,1.669,1.669,4960,0
20120420,1.637,1.69,1.635,1.69,20,0
20120423,1.66,1.69,1.63,1.652,2089,0
20120424,1.63,1.652,1.63,1.652,50,0
20120426,1.63,1.67,1.63,1.668,280,0
20120427,1.668,1.671,1.63,1.671,89,0
20120430,1.671,1.7,1.631,1.665,10337,0
20120502,1.635,1.665,1.635,1.662,26,0
20120503,1.63,1.699,1.63,1.658,3174,0
20120504,1.63,1.658,1.595,1.595,14325,0
20120507,1.536,1.6,1.526,1.592,4003,0
20120508,1.56,1.592,1.56,1.579,2000,0
20120514,1.575,1.624,1.558,1.622,770,0
20120515,1.582,1.7,1.582,1.673,6900,0
20120516,1.62,1.714,1.62,1.697,200,0
20120518,1.607,1.669,1.607,1.642,3400,0
20120521,1.6,1.646,1.6,1.646,79,0
20120522,1.646,1.687,1.616,1.687,200,0
20120523,1.62,1.695,1.62,1.695,362,0
20120524,1.67,1.695,1.601,1.638,4465,0
20120528,1.612,1.64,1.606,1.64,10,0
20120529,1.612,1.628,1.61,1.628,50,0
20120530,1.584,1.635,1.584,1.635,2000,0
20120531,1.6,1.635,1.6,1.62,54,0
20120601,1.576,1.64,1.576,1.629,2044,0
20120605,1.604,1.643,1.581,1.643,105,0
20120606,1.619,1.659,1.6,1.659,362,0
20120611,1.692,1.749,1.68,1.687,3610,0
20120613,1.653,1.688,1.647,1.687,1368,0
20120614,1.645,1.716,1.638,1.703,450,0
20120618,1.7,1.749,1.694,1.713,1500,0
20120619,1.675,1.75,1.675,1.704,6176,0
20120620,1.651,1.77,1.651,1.717,12603,0
20120621,1.667,1.75,1.667,1.75,16670,0
20120622,1.709,1.75,1.697,1.697,6358,0
20120625,1.663,1.732,1.663,1.732,1231,0
20120626,1.7,1.733,1.7,1.733,200,0
20120627,1.702,1.75,1.702,1.741,4519,0
20120628,1.71,1.746,1.667,1.746,1250,0
20120702,1.739,1.88,1.739,1.87,100,0
20120703,1.87,2.01,1.83,1.981,2400,0
20120704,1.981,1.981,1.923,1.923,4592,0
20120705,1.875,1.938,1.874,1.938,95,0
20120706,1.938,1.938,1.886,1.936,324,0
20120709,1.887,1.936,1.851,1.887,4160,0
20120710,1.843,1.887,1.838,1.875,70,0
20120711,1.824,1.92,1.824,1.885,500,0
20120712,1.831,1.893,1.83,1.893,364,0
20120713,1.859,1.893,1.852,1.883,414,0
20120717,1.844,1.92,1.833,1.92,1150,0
20120718,1.902,1.905,1.84,1.885,1103,0
20120719,1.846,1.885,1.846,1.877,50,0
20120723,1.811,1.905,1.811,1.905,1629,0
20120725,1.89,1.89,1.833,1.89,500,0
20120726,1.845,1.89,1.84,1.866,559,0
20120727,1.866,1.898,1.829,1.898,300,0
20120730,1.834,1.898,1.834,1.871,2050,0
20120801,1.83,1.887,1.83,1.887,300,0
20120803,1.843,1.9,1.843,1.877,1560,0
20120806,1.877,1.886,1.836,1.886,50,0
20120807,1.886,1.895,1.837,1.895,629,0
20120808,1.895,1.895,1.806,1.854,3065,0
20120810,1.863,1.907,1.808,1.871,250,0
20120813,1.824,1.875,1.824,1.875,410,0
20120814,1.843,1.875,1.84,1.867,150,0
20120815,1.814,1.873,1.814,1.873,10,0
20120816,1.837,1.891,1.83,1.891,61,0
20120817,1.849,1.891,1.849,1.88,503,0
20120820,1.841,1.899,1.841,1.881,5,0
20120821,1.847,1.881,1.847,1.877,303,0
20120822,1.829,1.881,1.829,1.881,878,0
20120823,1.857,1.881,1.857,1.868,3000,0
20120824,1.868,1.868,1.825,1.861,3550,0
20120827,1.815,1.864,1.815,1.864,150,0
20120828,1.809,1.866,1.809,1.866,50,0
20120830,1.811,1.898,1.811,1.866,3465,0
20120831,1.866,1.866,1.822,1.859,50,0
20120903,1.809,1.876,1.809,1.876,100,0
20120904,1.85,1.876,1.83,1.866,3000,0
20120906,1.825,1.869,1.825,1.851,1300,0
20120910,1.814,1.866,1.814,1.866,16,0
20120912,1.82,1.866,1.82,1.866,70,0
20120913,1.82,1.904,1.814,1.902,6483,0
20120914,1.883,1.937,1.838,1.89,4384,0
20120917,1.837,1.89,1.837,1.861,1483,0
20120918,1.82,1.888,1.82,1.887,1465,0
20120919,1.852,1.917,1.852,1.917,1120,0
20120920,1.87,1.93,1.862,1.908,6534,0
20120921,1.871,1.91,1.8,1.91,1580,0
20120924,1.854,1.911,1.854,1.911,80,0
20120925,1.868,1.963,1.865,1.907,728,0
20120928,1.969,1.969,1.869,1.917,1210,0
20121001,1.86,1.917,1.86,1.911,597,0
20121002,1.888,1.911,1.88,1.889,20,0
20121004,1.88,1.902,1.88,1.902,1047,0
20121005,1.947,1.947,1.88,1.908,600,0
20121008,1.851,1.911,1.851,1.911,1530,0
20121009,1.873,1.918,1.867,1.918,4,0
20121010,1.869,1.918,1.869,1.913,2037,0
20121011,1.863,1.958,1.863,1.909,400,0
20121015,1.91,1.918,1.862,1.918,138,0
20121017,1.906,1.969,1.783,1.903,9120,0
20121018,1.903,1.939,1.86,1.893,55,0
20121019,1.893,1.893,1.842,1.846,1905,0
20121022,1.838,1.89,1.838,1.89,118,0
20121023,1.89,1.899,1.84,1.899,17,0
20121024,1.862,1.939,1.842,1.897,154,0
20121025,1.855,1.91,1.85,1.91,46,0
20121026,1.851,1.911,1.851,1.911,711,0
20121030,1.87,1.92,1.87,1.911,21,0
20121031,1.865,1.911,1.84,1.876,3105,0
20121102,1.887,1.891,1.84,1.891,425,0
20121105,1.834,1.893,1.834,1.893,30,0
20121106,1.855,1.903,1.85,1.903,100,0
20121107,1.856,1.903,1.837,1.899,382,0
20121108,1.899,1.9,1.854,1.9,1740,0
20121112,1.897,1.902,1.85,1.902,150,0
20121113,1.902,1.902,1.847,1.9,1607,0
20121114,1.9,1.9,1.746,1.813,3941,0
20121115,1.813,1.813,1.755,1.813,2181,0
20121116,1.813,1.824,1.747,1.824,2786,0
20121119,1.824,1.824,1.671,1.728,3917,0
20121120,1.682,1.739,1.621,1.739,21405,0
20121121,1.69,1.754,1.69,1.754,121,0
20121122,1.713,1.771,1.713,1.771,1207,0
20121123,1.732,1.782,1.732,1.782,1400,0
20121126,1.782,1.782,1.71,1.732,5279,0
20121127,1.702,1.781,1.702,1.778,3417,0
20121128,1.73,1.791,1.73,1.791,202,0
20121129,1.759,1.803,1.75,1.803,2199,0
20121130,1.76,1.815,1.76,1.815,12,0
20121203,1.815,1.815,1.766,1.795,4276,0
20121204,1.709,1.789,1.709,1.754,10890,0
20121205,1.799,1.799,1.72,1.756,11900,0
20121206,1.712,1.756,1.712,1.751,18081,0
20121207,1.701,1.752,1.701,1.735,6752,0
20121210,1.7,1.741,1.7,1.741,500,0
20121211,1.741,1.751,1.691,1.741,2986,0
20121212,1.692,1.77,1.692,1.766,3120,0
20121213,1.73,1.766,1.729,1.765,380,0
20121214,1.731,1.765,1.731,1.765,20,0
20121217,1.731,1.765,1.701,1.746,5387,0
20121218,1.693,1.746,1.693,1.736,5,0
20121219,1.692,1.754,1.692,1.754,609,0
20121220,1.708,1.754,1.708,1.754,5,0
20121221,1.707,1.754,1.68,1.725,6384,0
20121227,1.701,1.725,1.679,1.725,300,0
20121228,1.68,1.701,1.68,1.701,7484,0
20130103,1.683,1.736,1.683,1.736,172,0
20130104,1.683,1.736,1.683,1.736,1290,0
20130107,1.682,1.75,1.682,1.75,144,0
20130108,1.709,1.768,1.709,1.75,12,0
20130109,1.711,1.769,1.711,1.758,4430,0
20130111,1.716,1.758,1.716,1.758,250,0
20130114,1.758,1.78,1.716,1.77,2050,0
20130115,1.729,1.77,1.729,1.763,2523,0
20130116,1.715,1.763,1.714,1.763,502,0
20130117,1.736,1.763,1.714,1.763,400,0
20130118,1.715,1.763,1.715,1.763,32,0
20130121,1.715,1.79,1.715,1.743,1522,0
20130122,1.743,1.749,1.712,1.74,2044,0
20130124,1.709,1.74,1.709,1.72,256,0
20130125,1.71,1.749,1.71,1.731,858,0
20130128,1.711,1.73,1.711,1.73,61,0
20130129,1.711,1.741,1.711,1.741,787,0
20130130,1.711,1.749,1.711,1.72,2131,0
20130131,1.709,1.731,1.709,1.731,1143,0
20130201,1.73,1.77,1.711,1.77,2500,0
20130204,1.71,1.741,1.71,1.741,116,0
20130205,1.719,1.74,1.719,1.74,100,0
20130206,1.721,1.74,1.721,1.74,2400,0
20130207,1.712,1.74,1.712,1.715,700,0
20130208,1.712,1.74,1.712,1.722,200,0
20130212,1.732,1.74,1.711,1.733,262,0
20130213,1.712,1.74,1.712,1.733,25,0
20130214,1.711,1.768,1.711,1.768,3199,0
20130215,1.712,1.769,1.712,1.769,2000,0
20130218,1.713,1.751,1.713,1.733,2102,0
20130219,1.712,1.74,1.712,1.733,765,0
20130221,1.71,1.74,1.71,1.722,150,0
20130222,1.714,1.74,1.714,1.733,91,0
20130225,1.733,1.74,1.714,1.733,635,0
20130226,1.705,1.74,1.705,1.707,214,0
20130227,1.713,1.74,1.713,1.722,6,0
20130228,1.714,1.77,1.714,1.757,3018,0
20130301,1.758,1.759,1.732,1.733,200,0
20130305,1.705,1.732,1.705,1.732,1400,0
20130306,1.728,1.732,1.728,1.732,1500,0
20130307,1.732,1.732,1.69,1.73,60,0
20130308,1.72,1.732,1.72,1.721,196,0
20130311,1.727,1.751,1.727,1.751,70,0
20130312,1.744,1.75,1.744,1.75,100,0
20130313,1.748,1.77,1.748,1.77,1500,0
20130315,1.753,1.754,1.753,1.753,113,0
20130318,1.743,1.754,1.743,1.751,100,0
20130319,1.749,1.833,1.74,1.833,300,0
20130320,1.751,1.838,1.742,1.838,162,0
20130321,1.754,1.754,1.75,1.751,52,0
20130327,1.75,1.761,1.75,1.761,300,0
20130328,1.754,1.76,1.754,1.754,200,0
20130402,1.8,1.8,1.752,1.758,17,0
20130404,1.8,1.8,1.756,1.761,20,0
20130405,1.8,1.8,1.75,1.76,200,0
20130408,1.759,1.761,1.759,1.761,400,0
20130410,1.78,1.781,1.777,1.781,8,0
20130411,1.779,1.867,1.779,1.867,110,0
20130412,1.777,1.803,1.77,1.776,74,0
20130415,1.781,1.801,1.78,1.8,295,0
20130416,1.78,1.801,1.78,1.8,60,0
20130417,1.786,1.801,1.786,1.8,1011,0
20130418,1.787,1.801,1.787,1.8,1650,0
20130419,1.777,1.865,1.777,1.865,200,0
20130422,1.8,1.8,1.78,1.781,250,0
20130424,1.781,1.81,1.78,1.81,100,0
20130426,1.759,1.8,1.759,1.799,500,0
20130429,1.761,1.8,1.761,1.8,600,0
20130503,1.781,1.801,1.781,1.801,580,0
20130506,1.782,1.801,1.782,1.8,200,0
20130507,1.78,1.801,1.78,1.79,66,0
20130509,1.78,1.8,1.779,1.79,2490,0
20130510,1.746,1.82,1.745,1.78,3519,0
20130513,1.79,1.86,1.776,1.801,588,0
20130515,1.8,1.869,1.748,1.748,2279,0
20130516,1.8,1.8,1.776,1.776,1740,0
20130517,1.8,1.849,1.764,1.849,287,0
20130520,1.8,1.8,1.773,1.781,410,0
20130521,1.8,1.8,1.77,1.781,250,0
20130522,1.771,1.801,1.771,1.801,262,0
20130523,1.8,1.801,1.774,1.781,1775,0
20130524,1.78,1.8,1.772,1.78,100,0
20130527,1.781,1.781,1.773,1.774,5164,0
20130528,1.78,1.844,1.753,1.844,400,0
20130529,1.78,1.78,1.769,1.78,25,0
20130603,1.78,1.781,1.769,1.781,2,0
20130604,1.774,1.781,1.774,1.781,30,0
20130605,1.768,1.781,1.768,1.769,135,0
20130606,1.77,1.781,1.77,1.78,233,0
20130607,1.772,1.78,1.772,1.773,15,0
20130610,1.77,1.781,1.77,1.781,530,0
20130611,1.77,1.781,1.766,1.78,2015,0
20130612,1.762,1.85,1.762,1.85,2320,0
20130613,1.766,1.797,1.766,1.781,145,0
20130614,1.766,1.83,1.766,1.819,200,0
20130617,1.761,1.781,1.761,1.781,45,0
20130619,1.762,1.781,1.762,1.781,10,0
20130620,1.743,1.781,1.743,1.781,482,0
20130621,1.761,1.781,1.761,1.781,150,0
20130624,1.756,1.781,1.756,1.781,100,0
20130625,1.762,1.78,1.669,1.669,2585,0
20130626,1.78,1.78,1.74,1.74,1300,0
20130627,1.705,1.78,1.705,1.721,112,0
20130701,1.717,1.78,1.717,1.74,2288,0
20130702,1.78,1.794,1.717,1.794,10,0
20130703,1.794,1.794,1.711,1.734,10,0
20130704,1.721,1.794,1.721,1.723,310,0
20130708,1.719,1.79,1.712,1.72,62,0
20130709,1.719,1.79,1.719,1.721,500,0
20130711,1.714,1.74,1.7,1.7,3750,0
20130712,1.643,1.72,1.643,1.68,220,0
20130715,1.682,1.72,1.682,1.685,10,0
20130716,1.68,1.72,1.68,1.681,22,0
20130717,1.682,1.72,1.681,1.681,50,0
20130719,1.72,1.72,1.697,1.701,100,0
20130722,1.72,1.72,1.69,1.7,4000,0
20130723,1.682,1.719,1.682,1.682,7,0
20130724,1.717,1.717,1.701,1.706,15,0
20130725,1.7,1.712,1.697,1.701,50,0
20130726,1.707,1.712,1.697,1.7,46,0
20130729,1.712,1.712,1.7,1.7,3500,0
20130730,1.683,1.712,1.681,1.681,71,0
20130731,1.678,1.712,1.678,1.681,100,0
20130801,1.712,1.712,1.65,1.65,573,0
20130805,1.68,1.686,1.677,1.678,1500,0
20130806,1.686,1.686,1.676,1.676,23,0
20130807,1.671,1.673,1.657,1.673,200,0
20130808,1.662,1.671,1.661,1.661,25,0
20130812,1.666,1.681,1.665,1.681,216,0
20130813,1.685,1.687,1.681,1.681,40,0
20130814,1.684,1.684,1.66,1.66,2530,0
20130815,1.658,1.684,1.65,1.65,70,0
20130816,1.658,1.684,1.658,1.66,1530,0
20130819,1.653,1.684,1.643,1.653,55,0
20130820,1.649,1.684,1.649,1.655,1200,0
20130821,1.65,1.684,1.64,1.67,195,0
20130822,1.678,1.69,1.678,1.689,270,0
20130826,1.702,1.703,1.7,1.7,2010,0
20130827,1.7,1.7,1.685,1.685,15,0
20130828,1.7,1.7,1.69,1.691,200,0
20130830,1.69,1.698,1.68,1.685,1704,0
20130903,1.661,1.684,1.605,1.671,2327,0
20130904,1.671,1.681,1.67,1.67,2000,0
20130905,1.672,1.672,1.67,1.671,3210,0
20130906,1.65,1.689,1.65,1.671,819,0
20130909,1.671,1.671,1.67,1.671,440,0
20130910,1.676,1.71,1.67,1.7,8730,0
20130911,1.664,1.681,1.661,1.661,1578,0
20130912,1.661,1.725,1.66,1.661,300,0
20130913,1.659,1.677,1.659,1.66,5500,0
20130916,1.65,1.67,1.596,1.651,978,0
20130917,1.65,1.7,1.65,1.651,1360,0
20130918,1.655,1.67,1.654,1.66,89,0
20130919,1.66,1.67,1.604,1.604,6370,0
20130920,1.65,1.65,1.6,1.65,1000,0
20130923,1.6,1.65,1.576,1.6,5113,0
20130924,1.574,1.65,1.573,1.601,30,0
20130925,1.601,1.65,1.6,1.601,60,0
20130926,1.601,1.65,1.594,1.594,2035,0
20130927,1.6,1.641,1.6,1.601,10,0
20130930,1.593,1.634,1.577,1.6,3274,0
20131001,1.578,1.624,1.578,1.624,800,0
20131002,1.574,1.615,1.57,1.571,720,0
20131004,1.58,1.606,1.58,1.58,447,0
20131007,1.58,1.797,1.58,1.701,15857,0
20131008,1.701,1.701,1.65,1.65,3535,0
20131010,1.64,1.701,1.639,1.645,200,0
20131014,1.61,1.746,1.609,1.746,1600,0
20131015,1.669,1.689,1.668,1.673,1298,0
20131016,1.665,1.689,1.656,1.665,220,0
20131018,1.648,1.689,1.645,1.646,200,0
20131021,1.65,1.686,1.649,1.651,215,0
20131022,1.635,1.669,1.634,1.642,600,0
20131023,1.618,1.669,1.618,1.651,1000,0
20131025,1.621,1.669,1.58,1.581,120,0
20131029,1.586,1.664,1.586,1.66,809,0
20131031,1.642,1.643,1.578,1.581,61,0
20131101,1.58,1.642,1.502,1.502,500,0
20131104,1.404,1.6,1.293,1.403,8159,0
20131105,1.304,1.403,1.304,1.32,2300,0
20131106,1.395,1.403,1.329,1.403,1997,0
20131107,1.352,1.42,1.352,1.4,3075,0
20131108,1.328,1.394,1.327,1.351,2662,0
20131111,1.333,1.394,1.323,1.324,4914,0
20131112,1.369,1.369,1.304,1.304,3603,0
20131113,1.29,1.318,1.25,1.258,5007,0
20131114,1.233,1.284,1.2,1.203,3221,0
20131115,1.161,1.35,1.1,1.35,14165,0
20131118,1.343,1.343,1.1,1.241,24519,0
20131119,1.17,1.227,1.17,1.2,2020,0
20131120,1.198,1.241,1.198,1.213,5879,0
20131121,1.206,1.267,1.205,1.251,688,0
20131122,1.251,1.251,1.25,1.25,3000,0
20131125,1.251,1.275,1.251,1.254,1612,0
20131126,1.27,1.277,1.25,1.251,2135,0
20131127,1.252,1.275,1.252,1.254,1522,0
20131128,1.27,1.27,1.251,1.253,681,0
20131129,1.27,1.27,1.25,1.25,1000,0
20131202,1.27,1.27,1.242,1.242,3950,0
20131203,1.218,1.272,1.217,1.272,500,0
20131205,1.215,1.216,1.197,1.206,796,0
20131206,1.207,1.216,1.207,1.207,59,0
20131209,1.209,1.216,1.172,1.172,2844,0
20131210,1.171,1.192,1.12,1.149,6362,0
20131211,1.11,1.158,1.101,1.111,1459,0
20131212,1.108,1.156,1.108,1.11,5523,0
20131213,1.11,1.156,1.11,1.11,16301,0
20131216,1.107,1.139,1.107,1.139,1609,0
20131217,1.109,1.13,1.109,1.13,12712,0
20131218,1.11,1.4,1.089,1.39,10144,0
20131219,1.248,1.409,1.055,1.2,6283,0
20131220,1.168,1.201,1.167,1.167,3464,0
20131223,1.167,1.3,1.112,1.3,2530,0
20131227,1.224,1.286,1.221,1.221,7912,0
20131230,1.221,1.45,1.221,1.45,7801,0
20140102,1.335,1.398,1.272,1.398,4300,0
20140103,1.315,1.47,1.315,1.361,23100,0
20140106,1.36,1.464,1.36,1.397,4225,0
20140107,1.402,1.451,1.401,1.401,2032,0
20140108,1.4,1.448,1.4,1.448,2605,0
20140109,1.429,1.451,1.429,1.45,2982,0
20140113,1.435,1.45,1.405,1.43,6451,0
20140114,1.41,1.436,1.4,1.4,763,0
20140115,1.41,1.436,1.393,1.403,469,0
20140116,1.41,1.436,1.402,1.419,711,0
20140117,1.41,1.452,1.405,1.405,3150,0
20140120,1.436,1.436,1.401,1.43,843,0
20140121,1.432,1.436,1.385,1.385,2126,0
20140122,1.43,1.436,1.417,1.417,100,0
20140123,1.428,1.436,1.428,1.428,26,0
20140124,1.429,1.436,1.4,1.401,1220,0
20140128,1.44,1.444,1.44,1.444,113,0
20140130,1.441,1.446,1.44,1.441,69,0
20140131,1.442,1.464,1.44,1.464,190,0
20140203,1.441,1.446,1.44,1.44,1710,0
20140204,1.433,1.446,1.432,1.434,1400,0
20140205,1.436,1.446,1.435,1.436,25,0
20140206,1.438,1.446,1.438,1.443,400,0
20140207,1.439,1.446,1.428,1.44,235,0
20140210,1.441,1.446,1.439,1.439,100,0
20140212,1.441,1.446,1.441,1.444,125,0
20140214,1.45,1.485,1.45,1.485,1000,0
20140217,1.449,1.45,1.448,1.448,260,0
20140218,1.45,1.45,1.43,1.43,1710,0
20140219,1.437,1.45,1.427,1.428,599,0
20140220,1.402,1.434,1.39,1.401,1608,0
20140221,1.367,1.434,1.366,1.366,104,0
20140224,1.358,1.422,1.304,1.304,4470,0
20140225,1.304,1.359,1.25,1.262,7312,0
20140226,1.255,1.335,1.23,1.235,4650,0
20140227,1.242,1.316,1.12,1.14,3140,0
20140228,1.182,1.241,1.14,1.14,3140,0
20140303,1.165,1.165,1.082,1.105,6798,0
20140304,1.162,1.165,1.105,1.131,4435,0
20140305,1.13,1.162,1.123,1.123,3225,0
20140306,1.124,1.162,1.124,1.138,5985,0
20140307,1.162,1.192,1.13,1.138,500,0
20140310,1.138,1.16,1.133,1.138,200,0
20140311,1.139,1.147,1.119,1.119,500,0
20140312,1.116,1.149,1.102,1.149,484,0
20140313,1.119,1.147,1.111,1.12,9486,0
20140314,1.116,1.144,1.116,1.118,24,0
20140317,1.119,1.152,1.118,1.118,304,0
20140318,1.118,1.144,1.101,1.12,23,0
20140319,1.102,1.13,1.101,1.11,50,0
20140320,1.106,1.124,1.105,1.106,4520,0
20140321,1.107,1.126,1.107,1.12,2095,0
20140324,1.12,1.131,1.11,1.131,4050,0
20140325,1.133,1.17,1.133,1.152,5178,0
20140326,1.153,1.18,1.153,1.17,4075,0
20140327,1.17,1.2,1.125,1.14,3500,0
20140331,1.13,1.17,1.13,1.161,420,0
20140401,1.13,1.17,1.13,1.16,5500,0
20140403,1.111,1.17,1.111,1.151,250,0
20140404,1.111,1.151,1.111,1.151,200,0
20140407,1.106,1.179,1.106,1.179,1000,0
20140408,1.109,1.151,1.109,1.15,3100,0
20140409,1.09,1.18,1.09,1.1,12290,0
20140410,1.073,1.15,1.07,1.096,5500,0
20140411,1.066,1.15,1.066,1.106,400,0
20140414,1.078,1.15,1.078,1.13,79,0
20140415,1.1,1.15,1.1,1.115,5000,0
20140416,1.093,1.15,1.093,1.118,100,0
20140422,1.11,1.118,1.093,1.118,44,0
20140423,1.11,1.119,1.091,1.118,123,0
20140425,1.11,1.119,1.087,1.118,2500,0
20140428,1.093,1.179,1.093,1.115,3000,0
20140430,1.09,1.179,1.09,1.118,1540,0
20140502,1.091,1.15,1.088,1.117,6450,0
20140505,1.09,1.15,1.09,1.118,1506,0
20140506,1.094,1.15,1.094,1.13,1150,0
20140507,1.09,1.15,1.09,1.111,7126,0
20140508,1.111,1.15,1.09,1.111,100,0
20140509,1.09,1.15,1.064,1.11,8000,0
20140512,1.09,1.15,1.07,1.07,2003,0
20140513,1.09,1.11,1.04,1.073,4200,0
20140514,1.09,1.11,1.048,1.1,123,0
20140516,1.09,1.121,1.09,1.1,3900,0
20140521,1.09,1.111,1.09,1.11,75,0
20140522,1.11,1.111,1.09,1.11,75,0
20140523,1.09,1.111,1.09,1.11,840,0
20140526,1.08,1.16,1.08,1.109,100,0
20140527,1.076,1.11,1.076,1.1,1016,0
20140602,1.073,1.11,1.073,1.1,104,0
20140603,1.072,1.11,1.072,1.1,2,0
20140605,1.1,1.11,1.072,1.101,400,0
20140606,1.074,1.11,1.074,1.085,5150,0
20140610,1.071,1.11,1.071,1.1,90,0
20140611,1.071,1.11,1.071,1.1,20,0
20140613,1.071,1.11,1.071,1.1,484,0
20140616,1.07,1.11,1.07,1.101,2550,0
20140617,1.074,1.11,1.074,1.1,25,0
20140619,1.077,1.16,1.077,1.1,3400,0
20140620,1.11,1.11,1.072,1.1,2,0
20140624,1.072,1.12,1.072,1.09,5958,0
20140625,1.1,1.1,1.026,1.09,6350,0
20140626,1.033,1.1,1.032,1.044,3512,0
20140627,1.07,1.1,1.02,1.07,210,0
20140630,1.07,1.1,1.06,1.07,775,0
20140702,1.07,1.1,1.07,1.082,7550,0
20140703,1.07,1.104,1.07,1.085,300,0
20140704,1.077,1.104,1.076,1.104,1600,0
20140708,1.08,1.21,1.073,1.18,13153,0
20140709,1.159,1.275,1.14,1.142,14525,0
20140710,1.112,1.187,1.103,1.114,2589,0
20140714,1.07,1.12,1.07,1.091,2966,0
20140716,1.12,1.12,1.052,1.06,3538,0
20140717,1.05,1.08,1.029,1.054,1050,0
20140718,1.024,1.08,1.022,1.045,25,0
20140721,1.02,1.109,1.02,1.044,3388,0
20140722,1.07,1.08,1.025,1.044,2135,0
20140723,1.02,1.109,1.02,1.034,11230,0
20140724,1.02,1.044,1,1.033,11535,0
20140725,1.02,1.099,1.02,1.021,300,0
20140728,1.03,1.04,1.011,1.011,8619,0
20140729,0.98,1.02,0.979,0.988,2150,0
20140730,1.02,1.04,0.99,0.995,2280,0
20140731,0.99,1.02,0.971,0.98,3126,0
20140801,0.947,1.02,0.947,0.963,3050,0
20140804,1.02,1.035,0.95,1,2926,0
20140806,1,1.02,0.964,1,1525,0
20140807,1,1.03,0.963,0.98,8717,0
20140808,1.02,1.02,0.951,1,40,0
20140811,1.02,1.02,0.98,1,50,0
20140812,1.02,1.02,0.98,1.001,1172,0
20140813,1.02,1.02,0.98,1,2536,0
20140814,1.02,1.02,0.98,1.001,138,0
20140818,1.02,1.02,0.98,1.001,50,0
20140819,0.98,1.02,0.968,0.968,3114,0
20140820,1.02,1.02,0.95,0.961,5350,0
20140821,1.02,1.02,0.94,0.951,3357,0
20140825,0.98,1,0.955,0.955,5000,0
20140826,0.919,1.01,0.919,0.948,15919,0
20140827,0.925,0.999,0.925,0.98,322,0
20140828,0.98,0.981,0.937,0.981,5505,0
20140829,0.943,0.981,0.943,0.98,122,0
20140901,0.944,0.98,0.919,0.928,5000,0
20140902,0.906,0.98,0.906,0.973,7146,0
20140903,0.941,1.094,0.941,1.023,9055,0
20140905,0.956,0.995,0.956,0.962,2750,0
20140908,0.927,0.98,0.927,0.96,1667,0
20140909,0.96,0.98,0.903,0.94,3200,0
20140911,0.917,0.98,0.917,0.94,650,0
20140912,0.915,0.98,0.915,0.94,1950,0
20140915,0.94,0.979,0.911,0.94,80,0
20140917,0.94,0.97,0.918,0.94,550,0
20140918,0.97,0.97,0.904,0.92,2901,0
20140922,0.899,0.94,0.899,0.926,170,0
20140923,0.904,0.94,0.904,0.91,4460,0
20140924,0.881,0.94,0.881,0.93,3102,0
20140926,0.933,0.97,0.933,0.951,2000,0
20140929,0.98,0.98,0.95,0.97,4594,0
20141001,0.95,1.01,0.95,0.97,1263,0
20141002,0.95,0.99,0.95,0.972,2000,0
20141006,0.95,0.99,0.95,0.97,92,0
20141007,0.95,0.99,0.93,0.951,2282,0
20141008,0.95,0.99,0.948,0.952,1228,0
20141009,0.938,0.99,0.938,0.95,90,0
20141010,0.92,0.99,0.9,0.932,5273,0
20141013,0.891,0.979,0.891,0.93,300,0
20141014,0.892,0.96,0.892,0.911,1396,0
20141015,0.92,0.95,0.91,0.921,6020,0
20141016,0.92,0.95,0.895,0.895,1280,0
20141017,0.92,0.95,0.875,0.875,1173,0
20141020,0.871,0.974,0.871,0.919,4639,0
20141021,0.899,0.92,0.87,0.87,1312,0
20141022,0.867,0.92,0.867,0.869,400,0
20141024,0.895,0.92,0.828,0.845,2500,0
20141027,0.9,0.9,0.818,0.843,1545,0
20141031,0.861,0.9,0.83,0.83,1500,0
20141103,0.833,0.89,0.833,0.872,9400,0
20141104,0.845,0.899,0.845,0.872,100,0
20141105,0.85,0.89,0.85,0.87,389,0
20141106,0.841,0.89,0.841,0.851,2715,0
20141107,0.834,0.89,0.826,0.843,200,0
20141110,0.823,0.969,0.813,0.902,9762,0
20141111,0.893,0.991,0.892,0.915,12265,0
20141112,0.905,0.97,0.811,0.899,7610,0
20141113,0.89,0.97,0.89,0.912,2020,0
20141114,0.89,0.969,0.89,0.892,50,0
20141117,0.876,0.962,0.71,0.804,33100,0
20141118,0.786,0.897,0.786,0.834,5766,0
20141119,0.829,0.863,0.767,0.785,3607,0
20141120,0.765,0.84,0.762,0.8,5,0
20141121,0.778,0.83,0.766,0.766,2107,0
20141124,0.768,0.825,0.765,0.765,4235,0
20141125,0.758,0.8,0.758,0.758,2430,0
20141126,0.787,0.799,0.754,0.754,3123,0
20141127,0.76,0.835,0.759,0.778,2292,0
20141201,0.756,0.787,0.756,0.777,100,0
20141202,0.759,0.793,0.75,0.793,235,0
20141203,0.774,0.85,0.768,0.768,6411,0
20141204,0.787,0.85,0.765,0.817,4250,0
20141205,0.796,0.85,0.796,0.805,3084,0
20141208,0.784,0.82,0.784,0.803,2900,0
20141209,0.8,0.8,0.763,0.771,1508,0
20141210,0.751,0.8,0.751,0.756,1051,0
20141211,0.8,0.8,0.762,0.792,300,0
20141212,0.78,0.8,0.763,0.781,1070,0
20141215,0.712,0.783,0.711,0.741,1010,0
20141216,0.718,0.783,0.718,0.748,122,0
20141217,0.728,0.783,0.728,0.77,1500,0
20141218,0.756,0.801,0.756,0.8,142,0
20141219,0.784,0.859,0.78,0.798,6623,0
20141222,0.78,0.881,0.78,0.819,4500,0
20141223,0.817,0.837,0.799,0.837,60,0
20141229,0.818,0.899,0.818,0.862,410,0
20141230,0.842,0.932,0.839,0.839,2360,0
20150102,0.838,0.857,0.834,0.842,5,0
20150105,0.835,0.85,0.823,0.842,125,0
20150108,0.839,0.897,0.838,0.869,300,0
20150112,0.839,0.865,0.839,0.849,182,0
20150113,0.844,0.863,0.833,0.845,456,0
20150114,0.834,0.897,0.834,0.836,70,0
20150115,0.843,0.861,0.806,0.806,10030,0
20150116,0.82,0.894,0.82,0.832,340,0
20150119,0.829,0.858,0.827,0.843,140,0
20150120,0.827,0.897,0.825,0.825,2241,0
20150121,0.821,0.858,0.821,0.822,889,0
20150122,0.837,0.855,0.837,0.84,1850,0
20150123,0.832,0.855,0.831,0.85,805,0
20150126,0.825,0.855,0.819,0.819,2505,0
20150127,0.83,0.846,0.827,0.827,506,0
20150128,0.822,0.843,0.822,0.826,3793,0
20150129,0.84,0.897,0.816,0.827,100,0
20150130,0.822,0.897,0.822,0.843,149,0
20150202,0.821,0.909,0.821,0.822,7179,0
20150203,0.823,0.844,0.822,0.843,701,0
20150204,0.822,0.842,0.813,0.813,315,0
20150205,0.816,0.845,0.816,0.838,10255,0
20150206,0.818,0.898,0.818,0.818,3560,0
20150209,0.813,0.84,0.813,0.838,652,0
20150210,0.82,0.845,0.82,0.824,2500,0
20150212,0.825,0.845,0.824,0.831,700,0
20150213,0.831,0.84,0.81,0.84,175,0
20150216,0.82,0.848,0.82,0.83,576,0
20150217,0.825,0.851,0.825,0.836,32,0
20150219,0.828,0.9,0.828,0.84,5120,0
20150220,0.818,0.854,0.818,0.839,25,0
20150223,0.834,0.914,0.825,0.825,10288,0
20150225,0.82,0.898,0.82,0.846,15783,0
20150227,0.833,0.92,0.833,0.858,21890,0
20150302,0.843,0.89,0.836,0.848,9450,0
20150303,0.827,0.899,0.827,0.835,865,0
20150304,0.83,0.861,0.83,0.86,21,0
20150305,0.832,0.864,0.832,0.86,20,0
20150306,0.831,0.86,0.831,0.86,153,0
20150309,0.83,0.86,0.83,0.86,1000,0
20150310,0.83,0.86,0.83,0.86,800,0
20150312,0.833,0.86,0.832,0.837,250,0
20150313,0.833,0.896,0.832,0.837,1664,0
20150316,0.832,0.897,0.832,0.864,1112,0
20150317,0.842,0.897,0.842,0.863,9,0
20150318,0.84,0.901,0.838,0.841,6114,0
20150319,0.832,0.869,0.832,0.855,465,0
20150323,0.85,0.864,0.843,0.849,360,0
20150324,0.842,0.868,0.84,0.854,262,0
20150326,0.864,0.864,0.833,0.833,7378,0
20150327,0.864,0.864,0.842,0.849,200,0
20150330,0.834,0.864,0.833,0.833,3000,0
20150402,0.843,0.864,0.842,0.862,4,0
20150407,0.88,0.881,0.88,0.881,516,0
20150408,0.861,0.901,0.861,0.9,2360,0
20150409,0.9,0.916,0.9,0.916,600,0
20150413,0.922,0.922,0.901,0.901,4004,0
20150414,0.9,0.91,0.9,0.91,2127,0
20150416,0.9,0.901,0.9,0.9,3200,0
20150417,0.853,0.855,0.845,0.845,60,0
20150421,0.854,0.95,0.854,0.95,8049,0
20150423,0.885,0.954,0.885,0.954,2050,0
20150424,0.88,0.887,0.88,0.887,52,0
20150429,0.885,0.965,0.885,0.889,1045,0
20150430,0.885,0.903,0.885,0.9,4518,0
20150504,0.888,0.956,0.888,0.956,1065,0
20150506,0.9,0.966,0.9,0.966,1150,0
20150507,0.969,0.969,0.91,0.91,5875,0
20150508,0.856,0.91,0.856,0.91,5664,0
20150511,0.89,0.951,0.89,0.951,700,0
20150513,0.93,0.93,0.903,0.903,2418,0
20150515,0.89,0.893,0.89,0.89,4057,0
20150518,0.901,0.927,0.901,0.927,1743,0
20150519,0.9,0.901,0.9,0.901,300,0
20150521,0.9,0.901,0.9,0.901,30,0
20150522,0.9,0.9,0.9,0.9,200,0
20150526,0.959,0.959,0.92,0.92,146,0
20150527,0.89,0.93,0.89,0.93,3000,0
20150529,0.89,0.953,0.89,0.953,2531,0
20150601,0.93,0.93,0.93,0.93,9000,0
20150602,0.889,0.894,0.889,0.894,17,0
20150603,0.89,0.959,0.866,0.866,8500,0
20150604,0.831,0.888,0.831,0.888,1100,0
20150605,0.84,0.844,0.84,0.844,100,0
20150609,0.844,0.85,0.844,0.845,6035,0
20150610,0.844,0.848,0.844,0.848,17,0
20150611,0.844,0.847,0.844,0.847,50,0
20150615,0.844,0.844,0.844,0.844,350,0
20150617,0.86,0.86,0.847,0.847,4669,0
20150618,0.845,0.845,0.845,0.845,150,0
20150619,0.87,0.87,0.851,0.851,4800,0
20150622,0.85,0.85,0.85,0.85,42,0
20150623,0.85,0.85,0.85,0.85,6,0
20150624,0.85,0.85,0.85,0.85,60,0
20150625,0.85,0.85,0.85,0.85,1000,0
20150626,0.844,0.844,0.844,0.844,100,0
20150629,0.844,0.844,0.844,0.844,125,0
20150701,0.844,0.85,0.844,0.85,13,0
20150702,0.85,0.851,0.85,0.851,3,0
20150709,0.85,0.859,0.85,0.859,1000,0
20150715,0.869,0.869,0.867,0.867,120,0
20150716,0.871,0.877,0.871,0.877,100,0
20150717,0.876,0.959,0.876,0.959,30,0
20150722,0.85,0.85,0.85,0.85,2850,0
20150723,0.844,0.916,0.844,0.916,3000,0
20150728,0.858,0.871,0.858,0.871,20,0
20150729,0.87,0.889,0.87,0.889,2895,0
20150730,0.844,0.863,0.844,0.86,2315,0
20150803,0.876,0.876,0.831,0.831,5642,0
20150804,0.83,0.83,0.823,0.823,1465,0
20150805,0.822,0.83,0.822,0.826,2659,0
20150806,0.825,0.831,0.825,0.831,14,0
20150810,0.83,0.9,0.83,0.897,5750,0
20150811,0.844,0.9,0.844,0.87,1957,0
20150812,0.83,0.85,0.83,0.83,3000,0
20150813,0.83,0.904,0.83,0.83,5420,0
20150814,0.826,0.828,0.826,0.828,5,0
20150817,0.84,0.901,0.84,0.901,3534,0
20150818,0.86,0.861,0.85,0.85,4559,0
20150819,0.9,0.9,0.841,0.845,1553,0
20150820,0.84,0.841,0.84,0.841,15,0
20150821,0.84,0.856,0.84,0.856,100,0
20150824,0.84,0.886,0.813,0.829,8478,0
20150825,0.792,0.831,0.792,0.831,1025,0
20150826,0.83,0.831,0.83,0.83,2153,0
20150827,0.818,0.884,0.818,0.884,950,0
20150828,0.83,0.83,0.83,0.83,1000,0
20150831,0.791,0.859,0.791,0.859,1051,0
20150902,0.825,0.825,0.82,0.82,8050,0
20150903,0.8,0.822,0.796,0.796,4325,0
20150907,0.77,0.803,0.77,0.803,1027,0
20150908,0.79,0.835,0.774,0.835,6870,0
20150909,0.795,0.799,0.795,0.799,94,0
20150910,0.779,0.795,0.778,0.778,7500,0
20150911,0.76,0.761,0.756,0.756,2590,0
20150914,0.711,0.748,0.711,0.745,4882,0
20150915,0.751,0.751,0.75,0.75,1720,0
20150916,0.718,0.75,0.697,0.697,11850,0
20150918,0.658,0.707,0.658,0.7,14200,0
20150921,0.69,0.708,0.69,0.708,1400,0
20150922,0.69,0.695,0.69,0.695,5720,0
20150923,0.691,0.705,0.691,0.705,2050,0
20150924,0.69,0.718,0.69,0.718,250,0
20150925,0.69,0.73,0.69,0.73,200,0
20150928,0.69,0.72,0.69,0.72,286,0
20150930,0.695,0.762,0.695,0.762,400,0
20151002,0.71,0.71,0.646,0.646,6500,0
20151005,0.654,0.709,0.654,0.709,300,0
20151007,0.685,0.703,0.685,0.703,223,0
20151008,0.68,0.68,0.68,0.68,2000,0
20151009,0.665,0.665,0.65,0.65,343,0
20151012,0.67,0.67,0.67,0.67,1000,0
20151013,0.655,0.655,0.55,0.595,16500,0
20151014,0.595,0.66,0.595,0.66,6000,0
20151020,0.66,0.66,0.66,0.66,2500,0
20151021,0.65,0.65,0.65,0.65,2243,0
20151022,0.67,0.67,0.67,0.67,3000,0
20151027,0.665,0.665,0.665,0.665,3500,0
20151028,0.665,0.665,0.665,0.665,10,0
20151029,0.665,0.665,0.665,0.665,60,0
20151030,0.665,0.665,0.665,0.665,200,0
20151103,0.66,0.66,0.66,0.66,140,0
20151106,0.655,0.67,0.655,0.67,578,0
20151109,0.66,0.66,0.66,0.66,20,0
20151111,0.67,0.67,0.67,0.67,2000,0
20151113,0.68,0.68,0.68,0.68,491,0
20151116,0.66,0.66,0.66,0.66,850,0
20151117,0.68,0.68,0.68,0.68,1000,0
20151119,0.69,0.7,0.69,0.7,9800,0
20151120,0.73,0.73,0.73,0.73,1250,0
20151123,0.7,0.7,0.7,0.7,40,0
20151124,0.725,0.739,0.721,0.739,2724,0
20151126,0.74,0.74,0.74,0.74,2000,0
20151127,0.74,0.74,0.74,0.74,200,0
20151130,0.749,0.749,0.73,0.73,1201,0
20151201,0.75,0.819,0.75,0.75,39355,0
20151202,0.751,0.756,0.751,0.756,1892,0
20151204,0.756,0.76,0.756,0.76,200,0
20151208,0.752,0.752,0.752,0.752,10241,0
20151209,0.75,0.75,0.75,0.75,3000,0
20151210,0.74,0.74,0.735,0.735,15243,0
20151211,0.73,0.73,0.73,0.73,5284,0
20151214,0.75,0.75,0.75,0.75,150,0
20151215,0.71,0.721,0.66,0.678,13601,0
20151216,0.699,0.7,0.699,0.7,4578,0
20151217,0.7,0.7,0.7,0.7,3000,0
20151218,0.7,0.719,0.7,0.719,1500,0
20151221,0.69,0.69,0.69,0.69,8900,0
20151222,0.686,0.686,0.685,0.685,87,0
20151223,0.7,0.7,0.7,0.7,1000,0
20151228,0.72,0.72,0.72,0.72,1000,0
20151229,0.72,0.72,0.72,0.72,1953,0
20151230,0.69,0.729,0.69,0.729,7653,0
20160104,0.7,0.7,0.7,0.7,2500,0
20160106,0.729,0.759,0.725,0.725,3687,0
20160108,0.71,0.719,0.68,0.719,10226,0
20160111,0.695,0.7,0.68,0.7,5237,0
20160112,0.7,0.7,0.7,0.7,512,0
20160114,0.719,0.719,0.719,0.719,167,0
20160118,0.7,0.7,0.7,0.7,100,0
20160119,0.701,0.701,0.701,0.701,29,0
20160120,0.701,0.701,0.701,0.701,1000,0
20160121,0.701,0.701,0.701,0.701,1300,0
20160122,0.69,0.69,0.68,0.68,3450,0
20160125,0.68,0.68,0.68,0.68,2000,0
20160126,0.699,0.699,0.67,0.671,5496,0
20160128,0.66,0.675,0.66,0.675,1258,0
20160129,0.67,0.67,0.67,0.67,1300,0
20160201,0.68,0.68,0.671,0.671,2040,0
20160203,0.671,0.7,0.671,0.7,320,0
20160204,0.69,0.7,0.69,0.7,2546,0
20160205,0.695,0.695,0.69,0.69,14323,0
20160209,0.67,0.67,0.67,0.67,90,0
20160210,0.71,0.71,0.69,0.691,5700,0
20160211,0.67,0.67,0.67,0.67,3410,0
20160212,0.679,0.679,0.679,0.679,2273,0
20160215,0.678,0.678,0.678,0.678,100,0
20160216,0.67,0.684,0.67,0.684,712,0
20160217,0.675,0.675,0.675,0.675,20,0
20160218,0.68,0.68,0.68,0.68,2000,0
20160222,0.699,0.701,0.699,0.701,31833,0
20160223,0.719,0.73,0.69,0.69,7082,0
20160224,0.71,0.71,0.71,0.71,200,0
20160225,0.71,0.71,0.71,0.71,580,0
20160226,0.7,0.73,0.7,0.73,7000,0
20160229,0.715,0.715,0.715,0.715,13000,0
20160302,0.72,0.74,0.72,0.74,15984,0
20160303,0.74,0.74,0.74,0.74,1000,0
20160304,0.74,0.75,0.74,0.75,3116,0
20160307,0.73,0.73,0.73,0.73,1000,0
20160308,0.74,0.74,0.74,0.74,500,0
20160309,0.74,0.74,0.71,0.71,11660,0
20160310,0.729,0.729,0.729,0.729,500,0
20160311,0.729,0.729,0.729,0.729,899,0
20160314,0.729,0.729,0.729,0.729,241,0
20160317,0.701,0.701,0.7,0.7,462,0
20160321,0.7,0.7,0.7,0.7,10,0
20160322,0.706,0.706,0.705,0.705,552,0
20160324,0.711,0.711,0.711,0.711,396,0
20160329,0.724,0.724,0.724,0.724,200,0
20160330,0.721,0.721,0.711,0.711,2206,0
20160331,0.739,0.739,0.739,0.739,250,0
20160401,0.74,0.74,0.74,0.74,100,0
20160404,0.71,0.71,0.705,0.705,12224,0
20160405,0.719,0.719,0.719,0.719,300,0
20160406,0.719,0.719,0.719,0.719,250,0
20160411,0.714,0.714,0.714,0.714,500,0
20160412,0.69,0.69,0.69,0.69,4000,0
20160414,0.687,0.687,0.687,0.687,5000,0
20160415,0.68,0.68,0.68,0.68,5000,0
20160418,0.66,0.695,0.66,0.66,7899,0
20160420,0.68,0.68,0.68,0.68,5822,0
20160421,0.68,0.68,0.68,0.68,1678,0
20160422,0.66,0.661,0.66,0.66,3238,0
20160425,0.64,0.651,0.64,0.64,7970,0
20160426,0.674,0.674,0.674,0.674,700,0
20160427,0.684,0.684,0.684,0.684,1000,0
20160429,0.64,0.689,0.64,0.64,2230,0
20160502,0.64,0.64,0.64,0.64,1157,0
20160504,0.68,0.68,0.68,0.68,7000,0
20160506,0.69,0.69,0.69,0.69,2000,0
20160509,0.69,0.69,0.69,0.69,60,0
20160510,0.661,0.661,0.63,0.65,23216,0
20160512,0.63,0.63,0.63,0.63,3887,0
20160517,0.63,0.63,0.63,0.63,1000,0
20160519,0.679,0.679,0.679,0.679,361,0
20160524,0.63,0.63,0.63,0.63,5500,0
20160525,0.649,0.65,0.649,0.65,3100,0
20160526,0.63,0.63,0.63,0.63,4000,0
20160530,0.654,0.654,0.654,0.654,600,0
20160601,0.63,0.63,0.63,0.63,2500,0
20160603,0.63,0.63,0.63,0.63,40,0
20160606,0.655,0.655,0.655,0.655,1025,0
20160607,0.67,0.67,0.67,0.67,150,0
20160614,0.635,0.635,0.635,0.635,3000,0
20160615,0.63,0.63,0.62,0.62,3000,0
20160616,0.62,0.62,0.6,0.61,8478,0
20160617,0.64,0.66,0.64,0.64,6000,0
20160621,0.63,0.631,0.63,0.631,7000,0
20160623,0.66,0.675,0.66,0.675,4170,0
20160624,0.669,0.669,0.611,0.611,8530,0
20160627,0.61,0.635,0.61,0.635,6696,0
20160628,0.6,0.601,0.6,0.601,15644,0
20160629,0.625,0.625,0.625,0.625,3400,0
20160630,0.605,0.605,0.605,0.605,2000,0
20160701,0.595,0.595,0.595,0.595,100,0
20160704,0.635,0.635,0.635,0.635,1000,0
20160706,0.6,0.6,0.586,0.586,23736,0
20160707,0.586,0.586,0.586,0.586,2000,0
20160708,0.586,0.586,0.586,0.586,13349,0
20160712,0.586,0.586,0.586,0.586,12000,0
20160713,0.58,0.58,0.58,0.58,8973,0
20160714,0.58,0.58,0.58,0.58,10865,0
20160715,0.62,0.63,0.581,0.59,2248,0
20160718,0.592,0.592,0.592,0.592,3153,0
20160719,0.592,0.592,0.592,0.592,4000,0
20160720,0.624,0.625,0.595,0.595,1598,0
20160728,0.66,0.66,0.66,0.66,820,0
20160729,0.66,0.66,0.66,0.66,100,0
20160802,0.611,0.611,0.611,0.611,4000,0
20160803,0.645,0.65,0.645,0.65,6476,0
20160804,0.65,0.65,0.65,0.65,440,0
20160805,0.654,0.654,0.654,0.654,96,0
20160808,0.639,0.639,0.631,0.631,5600,0
20160811,0.621,0.621,0.62,0.62,384,0
20160812,0.62,0.62,0.62,0.62,400,0
20160815,0.621,0.621,0.621,0.621,1000,0
20160817,0.62,0.62,0.62,0.62,1356,0
20160818,0.64,0.64,0.64,0.64,750,0
20160823,0.611,0.611,0.61,0.61,200,0
20160825,0.64,0.64,0.64,0.64,300,0
20160826,0.64,0.66,0.59,0.62,50310,0
20160829,0.655,0.655,0.65,0.65,4040,0
20160830,0.66,0.67,0.66,0.67,8000,0
20160831,0.661,0.661,0.661,0.661,200,0
20160901,0.679,0.68,0.679,0.68,318,0
20160905,0.69,0.69,0.69,0.69,3000,0
20160906,0.641,0.641,0.64,0.64,60,0
20160909,0.645,0.645,0.645,0.645,3000,0
20160912,0.64,0.641,0.64,0.641,1100,0
20160913,0.66,0.66,0.646,0.646,614,0
20160915,0.642,0.652,0.642,0.652,214,0
20160916,0.689,0.69,0.689,0.69,3068,0
20160919,0.69,0.69,0.69,0.69,2985,0
20160920,0.661,0.661,0.661,0.661,850,0
20160921,0.699,0.7,0.699,0.7,3404,0
20160922,0.69,0.69,0.69,0.69,400,0
20160927,0.651,0.651,0.651,0.651,100,0
20160929,0.672,0.672,0.672,0.672,100,0
20160930,0.7,0.7,0.7,0.7,200,0
20161020,0.641,0.641,0.641,0.641,334,0
20161024,0.658,0.658,0.658,0.658,5500,0
20161028,0.651,0.651,0.651,0.651,100,0
20161102,0.67,0.67,0.67,0.67,3072,0
20161104,0.7,0.7,0.7,0.7,1874,0
20161107,0.7,0.7,0.7,0.7,5,0
20161108,0.7,0.7,0.7,0.7,3995,0
20161109,0.7,0.7,0.7,0.7,2000,0
20161110,0.671,0.671,0.671,0.671,100,0
20161116,0.7,0.7,0.7,0.7,8000,0
20161118,0.72,0.72,0.72,0.72,3500,0
20161121,0.76,0.76,0.742,0.742,5303,0
20161123,0.77,0.77,0.731,0.731,6650,0
20161124,0.76,0.76,0.76,0.76,723,0
20161129,0.76,0.76,0.76,0.76,500,0
20161130,0.76,0.76,0.76,0.76,433,0
20161202,0.734,0.734,0.734,0.734,4000,0
20161205,0.729,0.729,0.729,0.729,4999,0
20161208,0.72,0.72,0.72,0.72,2571,0
20161212,0.725,0.726,0.722,0.722,11492,0
20161213,0.722,0.722,0.722,0.722,5507,0
20161214,0.721,0.721,0.705,0.715,4863,0
20161216,0.71,0.71,0.697,0.697,6039,0
20161219,0.65,0.688,0.65,0.688,14587,0
20161220,0.69,0.69,0.67,0.67,2500,0
20161221,0.678,0.678,0.678,0.678,2000,0
20161222,0.68,0.74,0.68,0.692,1307,0
20161223,0.67,0.67,0.67,0.67,50,0
20161228,0.67,0.67,0.67,0.67,2598,0
20161229,0.655,0.682,0.655,0.682,19906,0
20161230,0.701,0.701,0.685,0.685,5494,0
20170102,0.682,0.682,0.682,0.682,4999,0
20170103,0.7,0.7,0.7,0.7,7000,0
20170104,0.75,0.75,0.711,0.719,17815,0
20170105,0.75,0.75,0.75,0.75,1275,0
20170106,0.73,0.73,0.724,0.724,6393,0
20170109,0.748,0.749,0.721,0.721,6074,0
20170110,0.72,0.72,0.712,0.712,11259,0
20170111,0.711,0.712,0.711,0.712,14421,0
20170112,0.71,0.71,0.692,0.692,12143,0
20170113,0.692,0.692,0.692,0.692,500,0
20170116,0.719,0.719,0.702,0.702,4025,0
20170118,0.71,0.73,0.71,0.73,1886,0
20170119,0.73,0.73,0.73,0.73,2724,0
20170120,0.75,0.75,0.75,0.75,4500,0
20170123,0.759,0.76,0.736,0.736,12335,0
20170124,0.76,0.76,0.737,0.737,2326,0
20170126,0.72,0.727,0.72,0.727,801,0
20170127,0.749,0.749,0.732,0.732,1900,0
20170130,0.749,0.749,0.749,0.749,318,0
20170202,0.748,0.748,0.748,0.748,300,0
20170203,0.735,0.735,0.735,0.735,1000,0
20170206,0.72,0.72,0.72,0.72,300,0
20170208,0.74,0.75,0.74,0.75,8000,0
20170210,0.77,0.77,0.721,0.76,9250,0
20170213,0.759,0.759,0.759,0.759,2135,0
20170214,0.759,0.76,0.735,0.735,11002,0
20170215,0.735,0.74,0.735,0.74,1425,0
20170217,0.759,0.759,0.75,0.75,20018,0
20170220,0.75,0.76,0.75,0.76,4050,0
20170221,0.76,0.76,0.76,0.76,3950,0
20170222,0.767,0.77,0.767,0.77,9550,0
20170223,0.789,0.789,0.788,0.789,1300,0
20170302,0.76,0.779,0.76,0.779,2600,0
20170303,0.78,0.78,0.779,0.779,500,0
20170306,0.769,0.8,0.769,0.8,19700,0
20170307,0.77,0.885,0.77,0.885,88044,0
20170308,0.862,0.885,0.862,0.875,11000,0
20170309,0.875,0.91,0.875,0.9,11870,0
20170310,0.891,0.91,0.891,0.91,2079,0
20170313,0.92,0.95,0.902,0.902,13463,0
20170315,0.934,0.934,0.934,0.934,846,0
20170316,0.959,0.959,0.959,0.959,100,0
20170317,0.913,0.915,0.913,0.915,5080,0
20170320,0.92,0.92,0.92,0.92,1500,0
20170321,0.912,0.938,0.912,0.938,3816,0
20170323,0.912,0.912,0.9,0.9,3000,0
