Date,Open,High,Low,Close,Volume,OpenInt
20090409,10,10.15,10,10.15,94,0
20090424,10,10.1,10,10.1,80,0
20090427,10,11.2,10,10.25,404,0
20090507,10.25,10.5,10.25,10.5,30,0
20090512,10.5,11,10.25,10.48,532,0
20090520,10.5,10.6,10.5,10.6,60,0
20090526,10.5,11,10.5,10.5,4,0
20090528,10,10.5,10,10,52,0
20090603,10,10,10,10,300,0
20090604,10,11.05,10,10.25,50,0
20090611,10,10.25,10,10.25,268,0
20090612,10,10.6,10,10.05,82,0
20090619,10,10.75,10,10.75,200,0
20090713,10,10,10,10,96,0
20090723,10,10.5,10,10.25,196,0
20090810,9.5,10.5,9.5,10.48,32,0
20090814,10,10.5,9.71,10.25,226,0
20090818,9.8,10,9.71,9.71,100,0
20090819,9.71,10,9.71,9.71,204,0
20090902,9.9,9.9,9.9,9.9,36,0
20090922,10,10,9.8,9.8,10,0
20091008,9,10.05,9,10.05,900,0
20091009,9.9,10,9.9,10,413,0
20091019,9.9,10.1,9.5,9.5,87,0
20091020,9.9,10.1,9.9,10.1,174,0
20091103,10,10.1,9.8,9.8,60,0
20091104,10,10.1,9.6,9.8,92,0
20091105,10,10,9.8,9.8,4041,0
20091113,9.8,10,9.5,9.85,960,0
20091116,9.45,9.64,9.36,9.36,16,0
20091119,9.36,9.64,9,9.36,1506,0
20091120,9.36,9.36,9,9.1,888,0
20091124,8.8,9.1,8.8,9.1,655,0
20091125,8.8,9,8.8,9,895,0
20091202,9.36,9.36,9.36,9.36,1,0
20091207,9.3,9.6,9.3,9.3,75,0
20091211,9.3,9.3,8.58,8.58,1,0
20091216,9.2,9.3,9.2,9.2,100,0
20091229,9.2,9.2,9.2,9.2,273,0
20091230,9.2,10.2,9.2,10.2,471,0
20100121,9.3,9.3,9.3,9.3,200,0
20100128,9.3,9.3,9.3,9.3,503,0
20100215,9.02,9.02,9.02,9.02,120,0
20100218,9.02,9.03,9.02,9.025,72,0
20100222,9.02,9.03,9.02,9.03,148,0
20100223,9.02,9.03,9,9.02,1000,0
20100225,9.02,9.02,8.8,8.8,8234,0
20100303,8.7,8.91,8.7,8.91,200,0
20100308,8.91,8.96,8.91,8.91,1485,0
20100309,8.91,9.05,8.91,9.05,500,0
20100319,9.1,9.15,9.1,9.1,1021,0
20100323,9.15,9.175,9.15,9.175,100,0
20100408,9.2,9.4,9.2,9.22,400,0
20100409,9.22,9.5,9.22,9.22,157,0
20100414,10,10,10,10,56,0
20100415,10,10,10,10,790,0
20100416,10,10,9.101,10,360,0
20100420,10,10,10,10,94,0
20100422,9.22,9.3,9,9,400,0
20100423,9.22,10,9.22,10,792,0
20100426,10,10,10,10,12,0
20100429,10,10,9,10,12,0
20100503,10,10,9.5,10,330,0
20100505,10,10,10,10,505,0
20100511,10,10,9,10,1800,0
20100512,10,10,9.8,10,117,0
20100517,9.8,10.46,9.8,10.45,897,0
20100526,10.45,10.45,10.45,10.45,127,0
20100528,10.45,10.45,10.45,10.45,100,0
20100602,10.6,10.6,10.45,10.45,470,0
20100604,10.45,10.45,10.45,10.45,50,0
20100615,10.45,10.56,10.35,10.56,3000,0
20100621,10.8,10.8,10.45,10.45,450,0
20100622,10.45,10.6,10.45,10.45,500,0
20100623,10.45,11,10.4,11,220,0
20100624,11,11,10.4,11,200,0
20100628,11,11,11,11,360,0
20100630,11,11.5,10.875,10.875,602,0
20100707,10.5,11.5,10.45,10.725,200,0
20100712,10.45,10.7,10.45,10.7,160,0
20100714,10.45,10.7,10.45,10.7,104,0
20100716,10.45,11,10.45,11,220,0
20100719,11,11,11,11,1039,0
20100720,11,11,11,11,50,0
20100722,11,11,11,11,68,0
20100723,11,11,10.2,10.2,200,0
20100802,11,11,10.45,11,80,0
20100804,11,11.075,11,11,511,0
20100809,11,11.075,11,11,532,0
20100811,11,11.05,11,11,80,0
20100819,12.5,13.5,11,13.5,4293,0
20100820,13,13.5,13,13.25,450,0
20100823,13,13.25,13,13.25,653,0
20100824,13,13.25,13,13.25,240,0
20100902,13,13.5,13,13.5,90,0
20100903,13,13.5,13,13.25,13,0
20100906,13,13.25,13,13.025,100,0
20100907,13,13.05,13,13.05,59,0
20100910,13,13.05,13,13,50,0
20100914,12.1,13,12.1,12.55,16,0
20100916,13,13.05,12.1,13.05,916,0
20100920,13,13.3,13,13.3,400,0
20100921,13.1,13.3,13,13.3,100,0
20100923,13,13.1,13,13.1,1381,0
20100928,13,13.3,13,13.15,836,0
20100930,13,13.4,13,13.4,248,0
20101001,13.3,13.4,13,13,48,0
20101004,13.3,13.4,13,13,40,0
20101006,13,13.65,13,13.65,88,0
20101015,13.4,13.5,13,13.5,200,0
20101019,13.5,13.55,13.5,13.55,40,0
20101020,13.5,15,13.5,13.575,200,0
20101021,13.5,13.95,13.5,13.825,677,0
20101025,13.95,13.95,13.3,13.625,1000,0
20101027,13.5,13.625,13.3,13.625,56,0
20101029,13.3,13.35,13.3,13.35,4,0
20101104,13.3,13.625,13.3,13.625,458,0
20101105,13.3,13.625,13,13.625,800,0
20101111,13.3,14,13.3,13.65,507,0
20101118,13.5,13.5,13.35,13.405,100,0
20101119,13.31,13.63,13.31,13.63,20,0
20101122,13.31,13.63,13.31,13.63,100,0
20101123,13.31,13.63,13.31,13.63,100,0
20101124,13.31,13.63,13.3,13.625,1050,0
20101125,13.3,13.625,12.67,13.625,224,0
20101129,13.3,13.63,13,13.63,200,0
20101130,13.31,13.9,13.3,13.65,3392,0
20101201,14,14,13.3,13.665,618,0
20101206,13.33,13.7,13.33,13.7,160,0
20101207,13.33,13.7,13.3,13.65,3190,0
20101209,13.32,13.66,13.32,13.66,140,0
20101210,13.33,14.7,13.32,14.7,9468,0
20101213,13.33,14.7,13.33,14.7,1000,0
20101214,13.5,14.7,13.5,14.7,400,0
20101222,13.5,14.5,13.5,14.45,4075,0
20101227,13.5,14.2,13.5,14.2,2,0
20110105,13.5,14,13.49,14,120,0
20110112,13.5,14.43,13.5,14,688,0
20110113,13.5,14,13.5,14,719,0
20110128,13.5,14.5,13.5,14.5,1905,0
20110131,14.5,14.5,13.5,14.5,3,0
20110201,14.5,14.625,14.5,14.625,160,0
20110202,14.5,14.625,14.1,14.625,24,0
20110207,14.5,14.625,14.5,14.5,160,0
20110209,14.5,14.5,14.4,14.4,295,0
20110217,13.7,14.9,13.7,14.7,500,0
20110218,14.5,14.9,13.7,14.9,1198,0
20110302,14.9,14.95,13.61,14.95,40,0
20110303,14.95,15.2,13.15,15.2,382,0
20110308,15.2,15.25,14.9,15.25,280,0
20110315,15,15.2,14.9,15.2,108,0
20110316,15.2,15.2,14.4,15.2,688,0
20110317,15.2,15.2,13.77,14.45,1382,0
20110318,13.5,14.9,13.5,14.45,130,0
20110325,13.5,14.45,13.5,14.45,350,0
20110328,13.5,14.6,13.5,14.6,270,0
20110330,14.6,14.6,13.5,14.6,10,0
20110401,13.5,14.5,13.5,14.5,120,0
20110412,13.665,14.45,13.5,14.45,12,0
20110413,14.45,14.45,13.5,14.45,40,0
20110414,13.4,13.8,13.4,13.8,50,0
20110415,13.8,14,13.5,13.975,120,0
20110419,14.025,14.025,13.5,13.5,222,0
20110420,14.5,14.75,13.5,14.75,1050,0
20110427,14.25,14.75,14,14.75,550,0
20110502,14,15.5,14,14.75,3,0
20110503,14,14.75,14,14.75,300,0
20110504,14.75,15.25,14,15.25,220,0
20110505,15.25,15.25,14,14.025,48,0
20110506,14.4,15.25,14,15.25,150,0
20110513,15.25,16,14,14.5,147,0
20110516,14.41,14.5,14,14.5,176,0
20110517,14,15.25,14,15.25,150,0
20110518,14.41,15.25,14,14.955,717,0
20110523,14.955,14.955,14,14.7,7,0
20110525,15.3,15.3,12.345,14.15,1401,0
20110530,15.3,15.565,14.5,15.165,242,0
20110531,15.3,15.3,14.5,14.76,140,0
20110603,14.76,14.76,14.37,14.73,230,0
20110606,14.37,15.465,14.36,15.19,150,0
20110607,15.19,15.95,14.5,15.95,1187,0
20110608,15.95,15.95,14.5,15.18,417,0
20110610,14.725,15.57,14.45,15.57,230,0
20110613,15.5,15.9,15.5,15.9,4,0
20110614,15.51,15.9,15.51,15.51,370,0
20110615,15.51,15.51,15.22,15.23,100,0
20110616,14.86,15.51,14.86,14.87,8,0
20110620,14.88,15.51,14.515,14.875,300,0
20110622,14.885,15.235,14.51,15.235,500,0
20110623,15.235,15.235,14.85,14.865,10,0
20110624,14.5,14.865,14.48,14.5,4,0
20110627,14.5,15.885,14.13,14.145,947,0
20110628,15.17,15.89,15.17,15.17,20,0
20110629,15.5,16.195,15.48,15.5,25,0
20110704,16.195,16.195,15.275,15.425,100,0
20110705,15.275,15.995,14.53,14.55,10,0
20110706,15.275,15.61,14.53,14.55,212,0
20110708,15.3,15.3,14.5,14.55,20,0
20110715,14.55,14.55,13.195,13.855,750,0
20110719,13.84,13.84,12.565,12.565,100,0
20110720,13.25,14.575,13.23,13.25,60,0
20110803,14.575,14.7,13.86,13.88,16,0
20110805,14,14,13.98,14,200,0
20110808,13.625,14,13.23,13.25,400,0
20110809,13.25,14,13.23,13.25,255,0
20110810,13.625,14,13.23,13.25,20,0
20110815,13.625,14,13.23,13.25,1280,0
20110817,13.32,14.665,13.32,13.335,7,0
20110819,14.665,16,13.95,13.965,37,0
20110831,13.64,13.91,13.62,13.91,12,0
20110901,13.25,13.91,13.23,13.65,1,0
20110902,13.25,14.05,13.23,14.05,500,0
20110907,13.38,14.05,13.25,13.91,280,0
20110913,14,14.285,13.23,14.285,4,0
20110915,14,14.29,13.23,14.29,117,0
20110920,13.25,14,13.23,13.91,121,0
20111012,13.595,13.595,13.55,13.57,30,0
20111013,13.265,13.265,13.22,13.24,16,0
20111017,13.24,13.75,12.9,13.24,200,0
20111019,13.24,13.575,12.9,13.575,100,0
20111021,13.255,13.255,13.21,13.255,8,0
20111025,13.255,13.255,13.21,13.23,8,0
20111028,13.23,13.89,12.89,13.89,120,0
20111031,13.525,13.78,12.89,13.78,200,0
20111103,12.905,13.55,12.89,12.9,144,0
20111110,13.23,13.58,13.23,13.58,40,0
20111114,13.58,13.58,13.23,13.58,60,0
20111115,13.25,13.275,13.23,13.26,8,0
20111117,13.275,13.275,12.975,12.975,500,0
20111121,13.325,13.325,12.98,13,39,0
20111122,12.71,12.71,12.67,12.685,36,0
20111123,12.4,13.19,12.36,13.19,250,0
20111128,12.99,12.99,12.66,12.79,340,0
20111129,12.7,13.28,12.655,12.99,1,0
20111209,12.675,12.85,12.5,12.85,100,0
20111213,12.7,13,12.5,12.8,280,0
20111215,12.55,12.8,12.382,12.385,100,0
20111216,12.08,12.8,11.815,11.98,12,0
20111220,11.815,12.8,11.815,12,572,0
20111221,11.715,12.8,9.3,11.078,700,0
20111222,11.078,12.8,10.99,11.631,90,0
20120111,11.36,11.36,11.24,11.35,70,0
20120116,11.5,12.075,11.33,12.065,200,0
20120117,11.78,12.3,11.68,12.3,100,0
20120120,12,12.065,11.9,12,4,0
20120124,12.065,12.065,11.9,12,120,0
20120125,11.705,12.065,11.605,11.715,12,0
20120203,11.705,11.71,11.605,11.71,12,0
20120206,11.71,11.71,11.4,11.5,400,0
20120207,11.5,12.08,11.4,12.08,500,0
20120214,12.08,12.105,11.98,12.105,2,0
20120215,12.08,12.105,11.98,12.09,400,0
20120227,12.7,12.8,12.095,12.6,580,0
20120228,12.195,12.61,12.095,12.61,16,0
20120309,12.5,12.61,12.2,12.35,8,0
20120312,12.35,12.5,11.95,12.35,19,0
20120326,12.05,12.5,11.95,12.35,20,0
20120327,12.35,13.4,11.95,13.4,476,0
20120404,12.955,13.28,12.5,13,320,0
20120405,13.317,13.6,12.5,13.28,240,0
20120417,12.955,13.28,12.5,13.28,6,0
20120419,12.953,13.59,12.5,12.95,380,0
20120424,12.955,12.955,12.315,12.35,58,0
20120425,12.35,12.5,11.95,12.35,200,0
20120427,12.05,12.5,11.95,12.01,791,0
20120503,12.01,12.01,11.425,11.425,730,0
20120504,11.145,12.505,11.045,12.505,1739,0
20120507,12.505,13.6,11.91,13.285,366,0
20120508,12.95,13.285,12.635,13,8,0
20120509,12.683,13,12.585,13,40,0
20120510,13,13,12.585,12.685,12,0
20120515,12.374,13.6,12.275,13.6,600,0
20120516,13.6,13.6,12.65,12.944,56,0
20120522,12.7,13.12,12.7,12.795,80,0
20120531,12.488,13.112,12.488,13.11,140,0
20120611,13.11,13.11,12.69,12.795,8,0
20120613,12.48,13.435,12.38,13.435,200,0
20120615,13.435,13.48,13.005,13.435,100,0
20120621,13.104,13.76,13.005,13.37,310,0
20120622,13.045,13.698,12.945,13.595,150,0
20120627,13.27,13.6,13.17,13.27,200,0
20120704,12.944,13.591,12.845,13.59,290,0
20120706,13.595,13.925,13.16,13.925,150,0
20120709,13.925,13.925,13.46,13.8,10,0
20120712,14.5,14.65,14.4,14.5,103,0
20120720,13.475,13.5,12.74,12.74,400,0
20120723,12.74,13,11.815,11.815,310,0
20120727,11.9,12.2,11.325,11.325,193,0
20120731,11.61,11.94,11.225,11.94,184,0
20120802,11.32,11.9,11.15,11.165,637,0
20120807,11.11,12.01,11.01,12.01,626,0
20120822,11.37,12.229,11.27,12.155,270,0
20120830,11.858,12.155,11.569,11.655,496,0
20120904,11.35,11.94,11.27,11.94,170,0
20120907,11.545,12.45,11.545,12.4,212,0
20120912,12,12.1,11.785,11.805,210,0
20120913,11.805,11.805,11.415,11.655,2,0
20120917,11.655,11.655,11.27,11.65,388,0
20120919,11.27,11.655,11.27,11.655,200,0
20121004,11.45,11.735,11.35,11.485,150,0
20121012,11.35,12.36,11.35,12.36,340,0
20121019,11.92,12.36,11.75,11.9,390,0
20121023,11.7,12,11.7,12,260,0
20121030,11.707,12,11.45,11.89,340,0
20121102,11.6,12.18,11.5,12.18,6,0
20121105,12.18,12.18,11.785,12.18,8,0
20121113,11.883,12.235,11.785,12.08,8,0
20121114,12.08,12.18,11.495,12.175,200,0
20121115,12.175,12.175,11.775,11.835,1740,0
20121119,11.835,12.29,11.7,12.29,260,0
20121120,12.1,12.29,11.902,12.29,278,0
20121123,12.2,12.345,12,12,130,0
20121128,11.9,12.48,11.7,12.095,1810,0
20121210,12.095,12.095,11.7,12.05,280,0
20121211,11.655,12.05,10.66,10.905,1030,0
20121212,10.67,11.155,10.57,11.155,4,0
20121213,10.88,11.155,10.78,11.155,100,0
20121214,10.88,11.155,10.78,10.935,72,0
20121227,10.94,11.475,10.57,11.475,44,0
20130104,11.191,11.74,11.09,11.47,1,0
20130108,11.74,12.319,11.435,11.965,480,0
20130115,11.667,12,11.382,11.5,510,0
20130116,11.2,11.5,11.12,11.5,12,0
20130121,11.12,11.5,10.935,11.055,404,0
20130125,10.668,11.2,10.57,10.668,8,0
20130128,10.96,10.972,10.35,10.972,230,0
20130130,10.96,10.96,10.78,10.89,12,0
20130206,10.96,11.42,10.78,11.42,26,0
20130207,11.141,11.6,11.04,11.6,180,0
20130208,11.04,11.698,11.04,11.69,80,0
20130213,11.287,11.85,11.185,11.85,100,0
20130219,11.69,11.69,11.4,11.5,400,0
20130220,11.22,11.781,11.12,11.781,150,0
20130221,11.69,11.69,10.711,11.244,920,0
20130301,10.97,11.518,10.87,11.518,86,0
20130314,10.954,11.5,10.855,11.5,800,0
20130319,11.49,12.5,11.12,12.5,610,0
20130325,12.5,13.2,12.095,13.2,140,0
20130327,12.815,13.125,12.4,13.125,160,0
20130328,12.815,13,12.28,12.683,360,0
20130402,12.49,12.49,11.5,11.5,200,0
20130403,11.65,11.94,11.235,11.94,241,0
20130404,11.643,12.225,11.545,12.225,250,0
20130408,11.858,12.5,11.76,12.5,600,0
20130409,12,12.5,11.9,12.5,140,0
20130415,12.095,12.205,12.095,12.195,100,0
20130417,12,12.6,11.84,12.6,302,0
20130418,12.6,12.61,12.5,12.6,100,0
20130424,12.293,12.907,12.195,12.907,100,0
20130426,12.61,12.61,12.49,12.6,50,0
20130508,12.76,12.76,12.65,12.73,120,0
20130510,12.65,12.76,12.65,12.76,50,0
20130514,12.75,12.76,12.25,12.548,1708,0
20130515,12.242,12.76,12.14,12.45,100,0
20130517,12.144,12.45,12.045,12.125,170,0
20130521,12.43,12.43,11.75,11.848,150,0
20130522,11.559,12.15,11.46,12.01,40,0
20130523,12.125,12.125,11.7,11.78,774,0
20130527,12,12,11.7,11.81,1,0
20130528,12,12.38,11.7,12.38,2,0
20130529,11.8,12.38,11.7,12.2,2,0
20130606,12.38,12.38,11.76,11.76,140,0
20130607,12.345,12.345,11.665,11.8,80,0
20130611,11.41,11.512,10.875,10.875,220,0
20130618,11.15,12,11.05,12,712,0
20130625,11.463,11.48,11.15,11.15,90,0
20130626,11.45,11.855,11.19,11.855,100,0
20130703,11.143,11.7,11.045,11.69,400,0
20130708,11.69,11.69,10.875,10.875,8,0
20130709,10.525,11.05,10.415,10.515,140,0
20130715,10.79,11.1,10.68,11.1,45,0
20130725,11.29,11.3,10.81,10.81,1000,0
20130726,11.3,11.37,10.71,10.81,140,0
20130731,11.3,11.3,10.71,10.811,4,0
20130805,11.065,11.065,10.445,10.445,60,0
20130808,10.545,11.065,10.445,10.547,25,0
20130813,10.29,10.8,10.19,10.8,64,0
20130816,10.795,10.795,9.078,9.956,1926,0
20130819,9.926,9.95,9.363,9.95,116,0
20130821,10.19,10.25,10.09,10.25,80,0
20130822,10.1,10.2,9.614,9.614,470,0
20130823,9.38,9.849,9.28,9.849,210,0
20130826,9.9,10.085,9.509,9.834,90,0
20130829,9.834,9.9,9.594,9.818,306,0
20130830,9.818,9.9,9.26,9.9,210,0
20130902,9.91,10.395,9.8,10.395,100,0
20130903,10.4,10.96,10.3,10.96,300,0
20130906,10.4,10.92,10.3,10.65,100,0
20130910,10.66,11.77,10.56,11.77,860,0
20130911,11.22,11.77,11.12,11.23,100,0
20130917,11.22,11.23,9.71,10.443,1200,0
20130920,10.2,10.685,10.09,10.188,50,0
20130923,10.425,10.425,9.84,10.425,50,0
20130924,9.94,11.5,9.84,11.5,1050,0
20130926,10.935,11.41,10.835,10.935,205,0
20131002,10.668,11.19,10.57,10.68,140,0
20131004,10.668,11.201,10.57,11.201,280,0
20131007,11.201,11.28,11.1,11.202,70,0
20131021,11.21,11.21,11.1,11.205,44,0
20131024,11.21,11.21,11.1,11.18,150,0
20131025,11.5,11.5,11.12,11.22,920,0
20131028,11.2,11.5,11.1,11.201,370,0
20131104,11.465,11.753,10.83,11.745,430,0
20131106,11.466,11.745,11.365,11.46,380,0
20131112,11.186,11.745,11.085,11.74,200,0
20131113,11.74,11.75,11.64,11.74,30,0
20131114,11.45,11.75,11.355,11.454,20,0
20131121,11.075,12,11.075,11.707,320,0
20131128,11.42,11.725,11,11.01,1270,0
20131129,11,11.05,10.9,11.01,292,0
20131202,11.01,11.28,10.9,11.268,460,0
20131204,11.01,11.01,10.895,10.993,125,0
20131206,10.725,12.5,10.625,12.5,1130,0
20131209,12.5,12.5,12.2,12.3,100,0
20131210,11.62,12.19,11.52,11.62,104,0
20131213,11.335,11.895,11.235,11.337,96,0
20131216,11.605,11.605,10.96,11.06,80,0
20131220,11.19,11.19,10.408,10.408,575,0
20131223,10.055,10.67,10.055,10.15,550,0
20140102,10.34,10.846,10.34,10.581,228,0
20140106,10.34,10.55,10.096,10.096,200,0
20140110,10.02,10.34,10.02,10.12,4,0
20140113,10.6,10.745,10.02,10.745,265,0
20140115,10.54,10.65,10.02,10.1,350,0
20140117,10.12,10.54,10.02,10.12,50,0
20140120,10.12,10.75,10.02,10.35,281,0
20140121,10.05,10.645,10.05,10.35,357,0
20140122,10.15,10.645,10.05,10.5,3,0
20140127,10.645,10.645,10.2,10.3,168,0
20140203,10.36,10.36,10.14,10.239,150,0
20140205,9.989,10.36,9.889,10.25,200,0
20140206,9.989,10.52,9.889,10.488,291,0
20140217,10.52,10.52,10.12,10.22,120,0
20140218,9.971,10.46,9.871,10.2,200,0
20140219,9.851,10.44,9.851,9.95,250,0
20140221,9.8,11,9.659,11,980,0
20140225,10.63,11,10.63,10.74,321,0
20140228,10.73,10.74,10,10.25,262,0
20140303,11.4,12.25,11.4,11.905,948,0
20140304,11.382,11.94,9.6,10.5,700,0
20140310,10.245,10.855,10.245,10.345,150,0
20140311,10.345,10.355,10.09,10.09,48,0
20140312,10.09,10.863,9.994,10.863,320,0
20140313,10.598,11.7,10.5,11.7,500,0
20140317,11,11.26,10.73,10.73,2,0
20140320,10.732,11.268,10.63,11.2,109,0
20140321,11.2,11.26,10.925,10.925,100,0
20140331,10.925,10.935,10.685,10.925,500,0
20140403,10.475,11,10.375,10.47,210,0
20140404,10.47,12.9,10.37,12.286,361,0
20140407,11.986,11.995,11.14,11.15,270,0
20140415,11.33,11.89,10.795,10.8,870,0
20140416,10.8,10.81,10.7,10.8,80,0
20140423,10.8,12.9,10.7,12.267,930,0
20140424,11.968,11.98,11.399,11.399,110,0
20140425,11.12,11.677,11.02,11.39,100,0
20140429,11.39,11.665,11.11,11.11,160,0
20140502,11.1,11.66,11.1,11.2,60,0
20140506,11.6,11.66,11.5,11.6,60,0
20140512,11.6,11.66,11.5,11.6,110,0
20140513,10.51,11.3,10.41,11.3,430,0
20140519,10.99,11.542,10.895,11.26,100,0
20140526,11.26,11.823,11.16,11.535,10,0
20140528,10.855,11.5,10.855,11.38,200,0
20140530,10.855,11.5,10.855,11.38,110,0
20140602,11.5,12.065,11.4,11.5,150,0
20140604,11.5,11.5,11.4,11.5,700,0
20140610,11.5,11.95,11.45,11.79,342,0
20140611,11.512,11.94,11.45,11.645,40,0
20140612,11.645,11.66,11.5,11.5,200,0
20140617,11.5,11.66,11.4,11.5,432,0
20140625,11.5,11.75,11.4,11.5,232,0
20140627,11.4,12.1,11.3,11.805,200,0
20140701,11.705,11.815,11.515,11.515,100,0
20140702,11.815,12.095,11.415,11.795,200,0
20140704,11.797,11.815,11.225,11.4,240,0
20140707,11.4,11.97,11.4,11.675,100,0
20140708,11.69,12,11.675,11.705,60,0
20140710,11.715,11.815,10.8,10.8,1200,0
20140711,10.81,11.43,10.8,11.12,400,0
20140717,11.51,11.71,11.4,11.4,250,0
20140718,11.4,11.75,11.4,11.4,440,0
20140728,11.4,11.4,11.12,11.12,388,0
20140729,11.122,11.38,11.12,11.12,160,0
20140731,11.13,11.39,11.12,11.12,10,0
20140804,11.12,11.38,10.845,10.845,50,0
20140805,10.86,11.38,10.845,10.845,260,0
20140811,10.86,10.86,9.9,10.53,1275,0
20140812,10.07,10.4,10.06,10.145,308,0
20140813,10.146,10.858,10.145,10.59,200,0
20140820,10.593,10.605,10.335,10.335,120,0
20140822,10.51,10.585,10.5,10.5,192,0
20140825,10.5,10.593,10.5,10.5,120,0
20140826,10.51,10.585,10.24,10.24,400,0
20140829,10.255,10.65,10.24,10.39,300,0
20140901,10.39,10.75,10.39,10.485,100,0
20140904,10.488,10.585,10.47,10.485,200,0
20140910,10.488,10.585,10.23,10.23,200,0
20140916,10.27,10.585,10.24,10.25,100,0
20140918,10.25,10.585,10.25,10.25,50,0
20140922,10.26,10.6,10.25,10.4,70,0
20140925,10.41,10.41,10.25,10.25,200,0
20141009,10.51,10.52,10.51,10.51,10,0
20141013,10.51,10.52,10.23,10.25,100,0
20141014,10.24,10.52,10.04,10.06,285,0
20141016,10.2,10.56,9.67,9.67,363,0
20141020,10.03,10.58,10.03,10.205,550,0
20141023,10.244,10.75,10.238,10.238,50,0
20141028,10.325,11.575,10.191,10.99,2670,0
20141029,11.295,11.295,10.485,10.485,800,0
20141103,11.425,11.425,10.8,10.8,256,0
20141104,11.3,11.4,10.8,10.973,466,0
20141110,11.03,11.4,10.837,10.837,50,0
20141111,11.03,11.4,10.811,10.811,20,0
20141113,11.03,11.4,10.777,10.777,300,0
20141126,11,11.4,10.822,10.822,1,0
20141204,10.95,11.3,10.657,10.657,310,0
20141205,11.4,11.4,10.75,10.75,200,0
20141208,11,11,10.449,10.449,1100,0
20141210,10.65,10.99,10.479,10.479,200,0
20141219,10.65,10.99,10.504,10.504,406,0
20141223,10.65,10.99,10.624,10.624,420,0
20141229,10.65,10.95,10.608,10.608,4,0
20150105,10.65,11.182,10.65,10.909,146,0
20150113,10.91,10.95,10.791,10.791,8,0
20150115,10.909,10.91,10.789,10.789,16,0
20150119,10.909,11,10.672,10.672,80,0
20150129,11.25,11.5,11.041,11.041,532,0
20150130,11.25,11.48,10.962,11.025,184,0
20150202,10.953,11.5,10.953,11.025,964,0
20150205,10.877,11.42,10.875,11.025,229,0
20150213,10.89,11.45,10.89,11.032,400,0
20150217,10.953,11.2,10.953,11.025,30,0
20150219,11,11.5,11,11.051,2020,0
20150220,11.3,11.5,11.031,11.031,100,0
20150223,11.46,11.527,11.3,11.409,780,0
20150224,11.3,12.99,11.3,12.491,710,0
20150225,12.665,12.665,11.758,11.83,705,0
20150302,12.05,12.625,12,12,23,0
20150303,11.82,12.654,11.82,12,541,0
20150310,12.2,12.785,12.2,12.384,203,0
20150313,12.47,13,12.387,12.387,80,0
20150316,12.468,13,12.2,12.21,421,0
20150317,12.2,12.227,11.493,11.493,1690,0
20150318,11.66,11.83,11.559,11.559,4,0
20150319,11.66,12.245,11.636,11.636,600,0
20150323,11.66,12.245,11.66,11.81,7,0
20150330,11.902,12.245,11.614,11.683,40,0
20150401,11.88,11.88,11.78,11.828,1000,0
20150402,11.88,12.1,11.88,11.88,1128,0
20150409,11.88,12.1,11.88,12.1,9,0
20150417,12.11,12.65,12.11,12.65,40,0
20150420,12.341,12.35,12.341,12.35,1,0
20150429,12.862,13.175,12.548,13.175,78,0
20150430,13.175,13.175,12.92,12.973,415,0
20150504,12.657,12.896,12.657,12.896,186,0
20150505,12.55,12.943,12.55,12.55,139,0
20150506,12.55,12.75,12.55,12.75,3,0
20150511,12.5,12.527,12.5,12.527,120,0
20150512,12.5,12.527,12.273,12.3,1060,0
20150513,12.23,12.23,11.9,11.9,3035,0
20150514,11.88,12.2,11.88,12,1500,0
20150515,11.88,12,11.88,11.88,1505,0
20150518,11.81,12.05,11.6,11.723,4095,0
20150519,12.3,12.957,12.3,12.957,1004,0
20150520,14,14,13.335,13.335,100,0
20150526,13.05,13.077,13.05,13.05,350,0
20150601,13.25,13.25,12.927,12.927,3,0
20150602,12.927,14,12.927,13.362,434,0
20150604,13.036,13.036,12.9,12.9,700,0
20150609,13.51,13.51,13.182,13.182,244,0
20150610,12.9,13.128,12.9,13.128,115,0
20150615,13.2,13.2,12.9,12.93,104,0
20150618,12.9,13.48,12.9,13.48,292,0
20150626,12.9,12.927,12.9,12.927,216,0
20150630,12.9,12.93,12.9,12.93,8,0
20150707,12.615,13.75,12.615,13.417,401,0
20150709,13.01,13.6,13.01,13.6,70,0
20150713,13,13.49,13,13.49,549,0
20150714,13,13.5,13,13.5,100,0
20150715,13,13.03,13,13.03,12,0
20150720,13.01,13.01,13,13,30,0
20150724,13,13,13,13,200,0
20150727,12.683,12.71,12.683,12.71,150,0
20150728,12.4,13.05,12.4,13.01,1174,0
20150803,12.693,13.25,12.693,13.25,40,0
20150806,12.7,13.335,12.7,13.335,20,0
20150807,12.858,13.45,12.858,13.45,100,0
20150810,12.858,12.858,12.6,12.6,150,0
20150811,12.6,12.6,12.6,12.6,100,0
20150814,12.293,13.16,12.293,13.15,200,0
20150824,12.763,12.763,12.763,12.763,100,0
20150827,12.427,12.427,11.836,12.4,121,0
20150828,12.049,12.076,12.03,12.03,200,0
20150908,11.905,12.47,11.88,11.88,71,0
20150928,11.239,11.773,11.239,11.773,100,0
20151001,11.41,11.88,11.41,11.88,100,0
20151002,11.41,11.96,11.41,11.96,182,0
20151005,11.41,11.98,11.41,11.98,467,0
20151006,11.688,13.2,11.688,13.2,300,0
20151008,12.668,12.695,12.668,12.695,150,0
20151015,12.382,12.382,12.32,12.32,540,0
20151016,12.02,12.022,12.02,12.022,100,0
20151022,11.786,12.676,11.786,12.51,220,0
20151027,12.205,12.205,11.84,11.84,655,0
20151028,11.9,11.927,11.9,11.9,300,0
20151029,12,12.292,12,12.292,160,0
20151104,12.002,12.95,12.002,12.6,417,0
20151106,12.343,12.94,12.318,12.94,168,0
20151118,12.202,12.202,11.863,12.109,334,0
20151119,12.05,12.1,12.05,12.1,100,0
20151120,12.06,12.06,12.05,12.05,400,0
20151124,12.06,12.6,12.06,12.6,298,0
20151130,12.287,12.287,12.228,12.24,700,0
20151201,11.941,12.599,11.941,12.599,100,0
20151204,12.287,12.6,12.287,12.6,110,0
20151215,12.287,12.3,12.25,12.3,582,0
20151216,12.25,12.25,12.01,12.01,102,0
20151218,12,12.967,12,12.35,202,0
20151222,12.049,12.049,12,12,300,0
20151230,11.85,11.85,11.8,11.8,100,0
20160104,12.2,12.2,12.2,12.2,510,0
20160105,11.92,12.34,11.92,12.34,95,0
20160106,11.93,12.35,11.93,12.35,230,0
20160111,11.858,11.858,11.8,11.8,100,0
20160113,12,12.45,12,12.45,587,0
20160115,12,12,12,12,613,0
20160118,11.8,11.8,11.8,11.8,140,0
20160120,11.9,11.9,11.9,11.9,100,0
20160127,11.9,13,11.5,11.5,1343,0
20160210,11.7,11.7,11.7,11.7,75,0
20160211,11.415,11.729,11.415,11.729,116,0
20160217,11.45,12.022,11.45,12.022,79,0
20160218,11.729,11.729,11.45,11.45,80,0
20160223,12.323,12.323,11.894,11.894,200,0
20160226,11.61,12.45,11.61,12.45,200,0
20160229,11.61,11.61,11.61,11.61,100,0
20160301,11.5,12.15,11.5,12.15,382,0
20160302,11.91,12.2,11.91,12.2,50,0
20160304,11.9,12.36,11.9,12.36,100,0
20160307,12.66,12.66,12.35,12.35,290,0
20160311,12.1,12.1,12.1,12.1,224,0
20160314,12.1,12.35,12.1,12.35,100,0
20160317,12.1,12.1,12.1,12.1,196,0
20160318,11.5,12.67,11.5,12.67,410,0
20160321,12.077,12.8,12.077,12.65,949,0
20160330,12.35,12.65,12.35,12.65,711,0
20160331,12.35,12.814,12.35,12.814,53,0
20160401,12.372,12.372,12.2,12.2,532,0
20160405,11.429,11.8,11.429,11.8,20,0
20160408,11.45,11.95,11.45,11.95,7,0
20160411,11.8,12,11.8,12,168,0
20160418,12.97,12.99,12.373,12.99,645,0
20160422,12.373,12.98,12.373,12.98,20,0
20160425,12.372,14.637,11.8,14.637,9492,0
20160426,13.715,14.99,13.715,14.8,700,0
20160427,14.5,14.95,14.5,14.95,250,0
20160428,14.5,14.9,14.5,14.9,530,0
20160429,14.51,14.51,14.5,14.5,600,0
20160502,14.22,14.69,14.22,14.69,42,0
20160503,14.3,14.69,14.3,14.69,39,0
20160509,14.3,14.36,14.3,14.36,100,0
20160510,14.35,14.5,14.35,14.5,250,0
20160511,14.35,14.35,14.35,14.35,300,0
20160513,14.35,14.49,14.35,14.49,202,0
20160518,14.35,14.7,14.35,14.7,416,0
20160523,14.88,14.88,14.5,14.83,896,0
20160524,14.87,15.25,14.5,15,1730,0
20160525,14.634,14.85,14.634,14.85,1,0
20160527,14.52,15,14.52,15,3,0
20160530,15.1,15.8,15.1,15.8,1,0
20160601,15.1,15.85,15.1,15.85,100,0
20160602,15.096,15.25,15.096,15.25,1,0
20160603,15.4,15.85,15.096,15.35,755,0
20160608,15.2,15.7,15.2,15.7,18,0
20160609,15.2,15.6,15.2,15.2,920,0
20160610,15,15.5,15,15.5,163,0
20160614,14.762,15,14.762,15,270,0
20160617,15,15,15,15,200,0
20160622,15,15,14.99,14.99,79,0
20160623,14.286,16,14.286,16,404,0
20160628,15.3,15.5,15.3,15.5,230,0
20160629,15.3,15.45,15.3,15.3,78,0
20160630,14.763,15.5,14.763,15.5,50,0
20160704,14.572,14.85,14.572,14.7,424,0
20160705,14.341,15.058,14.341,15.058,50,0
20160706,14.771,15.3,14.771,15.3,155,0
20160708,14.715,14.715,14.715,14.715,150,0
20160711,14.356,14.5,14.356,14.5,150,0
20160714,14.146,14.6,14.146,14.6,16,0
20160721,14.25,14.962,14.25,14.962,90,0
20160722,14.597,15,14.597,15,44,0
20160801,14.761,15.38,14.761,15.38,284,0
20160802,15.005,15.005,15.005,15.005,80,0
20160803,14.761,15.877,14.761,15.877,150,0
20160812,15.3,15.539,15,15.539,330,0
20160815,15.16,15.2,15.16,15.2,200,0
20160818,14.9,16.05,14.9,15.6,300,0
20160830,15.6,15.65,15.6,15.65,43,0
20160907,15.6,16,15.6,16,20,0
20160912,15.61,15.61,12.45,14.8,3610,0
20160913,14.43,14.43,14,14,180,0
20160914,14,14.7,14,14.6,90,0
20160915,14.6,15.5,14.6,15.5,280,0
20160916,15.122,15.4,15.122,15.4,150,0
20160919,14.953,14.953,14.953,14.953,90,0
20160923,14.588,14.588,14.588,14.588,3,0
20160930,14.232,14.943,14.232,14.943,50,0
20161006,14.65,14.66,14.65,14.66,140,0
20161018,14.65,14.66,14.65,14.66,54,0
20161019,14.65,15.5,14.65,15.1,500,0
20161020,14.732,15,14.732,14.99,270,0
20161026,14.624,15.1,14.624,15.1,3,0
20161103,14.715,15.4,14.715,15.4,60,0
20161107,14.715,15.1,14.715,15.1,200,0
20161108,14.715,15,14.715,15,8,0
20161115,14.634,15.25,14.634,15.25,186,0
20161117,14.716,15.45,14.716,15.45,200,0
20161130,14.286,14.65,14.286,14.65,6,0
20161202,14.287,14.287,14.287,14.287,70,0
20161205,14.05,14.74,14.05,14.7,457,0
20161206,14.05,14.6,14.05,14.6,500,0
20161208,14.3,14.6,14.3,14.6,250,0
20161212,14.3,14.3,14.23,14.23,2556,0
20161213,14.2,14.3,14.2,14.3,200,0
20161215,14.2,14.6,14.01,14.6,600,0
20161219,14.05,14.1,14.05,14.1,16,0
20161220,14.05,14.06,14.05,14.06,8,0
20161229,14.05,14.1,14.05,14.1,12,0
20170102,14.049,14.049,14.049,14.049,85,0
20170105,14.1,14.65,14.1,14.65,100,0
20170106,14.1,14.11,14.1,14.11,4,0
20170109,14.35,14.35,14.1,14.1,1100,0
20170110,14.1,14.11,14.1,14.1,340,0
20170117,14.04,14.742,14.04,14.742,200,0
20170118,14.048,14.75,14.048,14.75,200,0
20170119,14.287,14.75,14.287,14.75,150,0
20170120,14.287,15,14.287,15,200,0
20170123,15,15,14.525,14.525,1,0
20170126,14.9,15.28,14.9,15.28,409,0
20170127,14.9,14.91,14.9,14.91,1,0
20170131,14.9,15.1,14.9,15.1,625,0
20170201,14.477,14.81,14.477,14.81,65,0
20170206,14.8,15.25,14.8,15.25,420,0
20170207,14.878,14.878,14.878,14.878,80,0
20170210,14.8,15.15,14.8,15.15,190,0
20170221,14.8,15,14.8,15,100,0
20170223,14.634,14.634,14.634,14.634,16,0
20170224,14.277,14.75,14.277,14.75,90,0
20170308,14.41,14.42,14.41,14.42,80,0
20170310,14.41,14.66,14.41,14.66,7,0
20170322,14.7,14.7,14.7,14.7,100,0
