Date,Open,High,Low,Close,Volume,OpenInt
20060728,25,25.2,23.6,24.47,86600,0
20060731,24.15,24.8,23.95,24.2,18800,0
20060801,24.1,24.5,23.99,24.4,17400,0
20060802,24.3,26.24,24,26.11,10900,0
20060803,27.2,27.75,26.26,27.75,15600,0
20060804,28.26,28.43,25.51,26.6,21500,0
20060807,26.6,26.74,24.87,25.6,5900,0
20060808,25.13,25.5,24.8,25.5,1800,0
20060809,25.5,25.5,23.77,23.77,24800,0
20060810,24,24.4,24,24.4,23900,0
20060811,24.5,25.17,24.1,24.3,2900,0
20060814,24.5,24.8,24.5,24.8,600,0
20060815,24.9,25.52,24.9,25.52,1200,0
20060816,25.75,25.75,25.55,25.55,1600,0
20060817,25.7,25.75,25.7,25.7,700,0
20060818,25.55,25.9,25.55,25.85,600,0
20060821,25.85,26.9,25.85,26.9,1600,0
20060822,26.9,27.5,25.7,26.3,5200,0
20060823,26,26,25.8,25.95,100,0
20060824,26,26,25.51,26,700,0
20060825,26,26,26,26,200,0
20060828,25.51,25.8,25.07,25.8,700,0
20060830,25.36,25.36,24.54,24.6,1100,0
20060831,24.85,24.85,23.5,24.19,16900,0
20060901,24,24.1,24,24.1,300,0
20060904,24.07,24.07,23.5,23.6,300,0
20060905,23.5,23.6,23.5,23.5,1500,0
20060906,23.5,23.6,23.5,23.5,500,0
20060907,23.5,23.75,23.5,23.75,500,0
20060908,24,24,23.55,23.55,300,0
20060911,24,24.1,23.6,24,2000,0
20060912,24,24,23.55,23.55,900,0
20060913,24,24.25,23.8,23.8,500,0
20060914,23.8,23.9,23.55,23.55,300,0
20060915,23.99,23.99,23.8,23.98,300,0
20060918,24,24,23.65,23.65,500,0
20060919,23.65,23.65,23.61,23.61,200,0
20060920,23.55,23.6,23.4,23.6,300,0
20060922,23.45,23.5,23,23,1100,0
20060925,23.15,23.15,21.1,22,4000,0
20060926,22,22,22,22,2300,0
20060927,22,22.19,21.8,22.19,2400,0
20060928,22.4,22.7,22,22.7,600,0
20060929,23.19,23.23,22.8,22.8,1500,0
20061002,22.8,23,22.8,22.9,300,0
20061004,22.9,22.9,22.9,22.9,200,0
20061005,23.5,23.5,23.5,23.5,100,0
20061006,23.01,23.9,23,23.7,1600,0
20061009,23.9,23.92,23.2,23.21,1000,0
20061010,23.35,23.5,23.35,23.5,400,0
20061011,23.9,23.99,23.5,23.7,3100,0
20061013,23.9,23.9,23.8,23.8,500,0
20061016,23.7,23.7,23.7,23.7,100,0
20061018,23.2,23.2,23.1,23.1,500,0
20061019,23.53,23.55,23,23.55,2000,0
20061023,23.85,24,23.5,23.5,1600,0
20061024,23.25,24,23.25,24,800,0
20061025,23.8,24.1,23.8,24.1,200,0
20061026,23.8,23.8,23.8,23.8,300,0
20061027,24,24.48,24,24.48,1400,0
20061030,24,24,24,24,200,0
20061031,23.75,23.75,23.35,23.35,900,0
20061101,23.69,23.7,23.5,23.5,5300,0
20061102,23.5,23.7,23.35,23.7,400,0
20061106,23.1,23.69,23.1,23.69,100,0
20061107,23.7,23.7,23.1,23.65,600,0
20061108,23.55,23.55,23.55,23.55,100,0
20061109,23.02,23.55,23,23.55,100,0
20061110,23,23.03,22.38,22.58,3000,0
20061113,22.2,22.2,19.01,19.2,9800,0
20061114,20,20.6,19.7,20.5,7700,0
20061115,20.29,20.5,20.1,20.5,1600,0
20061116,20.4,20.45,20.1,20.1,900,0
20061117,20.1,20.1,20,20.02,1100,0
20061120,19.85,19.95,19.56,19.7,400,0
20061121,19.7,19.8,19.38,19.38,800,0
20061122,19.8,19.82,19.25,19.82,900,0
20061123,19.8,19.84,19.36,19.84,1200,0
20061127,19.4,19.7,19.1,19.67,1200,0
20061128,19.2,19.58,18.2,18.5,4000,0
20061129,18.5,19,18.4,18.55,9500,0
20061130,18.8,19,18.55,18.55,800,0
20061201,18.85,19,18.55,18.75,1100,0
20061204,18.75,18.99,18.6,18.99,400,0
20061205,18.6,18.94,18.54,18.8,6300,0
20061206,18.69,18.69,18.4,18.55,900,0
20061207,18.3,18.5,18.04,18.5,1600,0
20061208,18.35,18.35,17.98,18.2,1900,0
20061211,18.2,18.2,16.64,17.25,3400,0
20061212,16.5,16.99,15.4,15.98,3600,0
20061213,15.5,17.7,15.5,17.7,7300,0
20061214,17.6,17.6,15.88,16.52,5700,0
20061215,16.52,17.74,16.52,17.65,3800,0
20061218,17.96,18.03,17.3,17.7,1900,0
20061219,17.82,19.3,17.8,19.3,4500,0
20061220,19.39,21.5,19.1,21.39,17300,0
20061221,21.25,21.25,20.35,20.8,5800,0
20061222,20.29,21.38,20.25,21.27,6200,0
20061227,21.3,21.34,20.96,21.01,3200,0
20061228,21.15,21.29,20.93,21.2,1200,0
20061229,20.95,20.99,20.5,20.9,5400,0
20070102,20.8,20.8,20.37,20.5,7300,0
20070103,20.74,20.74,20.15,20.41,9700,0
20070104,20.45,20.48,20.2,20.42,1600,0
20070105,20.48,20.8,20.2,20.6,6500,0
20070108,21.2,23,21.19,22.2,17000,0
20070109,22.85,23.75,22.35,23.21,11900,0
20070110,23.7,24.73,23.5,24.31,16100,0
20070111,24.49,27.5,24.49,25.49,10600,0
20070112,25.5,25.5,23.95,24.55,6500,0
20070115,24.75,25.65,24.6,25.5,4100,0
20070116,25.7,26.8,25.4,26,11300,0
20070117,26.25,26.25,25.5,26,3900,0
20070118,26.2,26.2,26,26.2,1900,0
20070119,26,26.28,25.5,26.28,600,0
20070122,25.98,26.45,25.75,26.45,1300,0
20070123,26,26,24.51,24.9,5300,0
20070124,24.9,24.9,23.5,23.85,4800,0
20070125,23.9,23.9,22.5,22.5,4300,0
20070126,22.75,23,22.75,23,2900,0
20070129,23.44,23.8,23,23.6,4200,0
20070130,23.35,23.5,23,23.45,1100,0
20070131,23.49,23.49,22.9,23,400,0
20070201,23.2,23.3,23,23.2,2900,0
20070202,22.95,23.2,22.95,23.2,600,0
20070205,23,23,21.4,21.77,17700,0
20070206,21.5,22,21.5,21.99,800,0
20070207,21.9,22,21.65,21.99,2300,0
20070208,22.15,22.15,21.7,21.9,1400,0
20070209,21.9,21.9,21.6,21.87,3200,0
20070212,22.1,22.1,21.94,21.94,900,0
20070213,21.95,21.95,21.9,21.9,2400,0
20070214,21.92,21.92,21.9,21.9,2300,0
20070215,21.8,21.9,21.8,21.9,800,0
20070216,21.8,21.8,21.25,21.25,4000,0
20070219,21.92,21.92,21.5,21.65,100,0
20070221,21.55,21.71,21.25,21.71,300,0
20070222,21.25,21.35,21.25,21.35,100,0
20070223,21.6,21.85,21.25,21.8,1000,0
20070226,21.7,21.7,21.21,21.35,2300,0
20070227,21.01,21.01,21,21,1300,0
20070228,20.95,22,20.95,21.2,800,0
20070301,21.36,21.73,20.97,21.6,6300,0
20070302,21.07,21.07,20.11,20.6,6100,0
20070305,20.2,20.59,20.11,20.11,1700,0
20070306,20.12,20.25,19.83,20,12600,0
20070307,20.3,20.3,20,20,500,0
20070308,20,20,19.95,20,1400,0
20070309,20,20.2,19.75,20,1200,0
20070312,20,20.1,20,20.1,800,0
20070313,20,20.4,20,20.4,2600,0
20070314,19.9,20.2,19.5,19.75,3700,0
20070315,20,20.3,20,20.25,1000,0
20070316,20.1,20.25,19.9,20.25,600,0
20070319,20,20,19.97,19.97,1500,0
20070320,20,20.45,20,20.45,1000,0
20070321,20.6,20.6,20.2,20.2,2600,0
20070322,20.25,20.25,20.25,20.25,200,0
20070323,20.3,20.3,20,20.2,2300,0
20070327,20.08,20.25,19.99,20.25,1500,0
20070328,19.96,19.96,19.5,19.5,2000,0
20070329,19.7,20,19.7,20,500,0
20070330,20.05,20.05,19.95,19.95,300,0
20070402,19.61,20.2,19.61,20.1,400,0
20070404,20.2,20.59,20,20.59,1300,0
20070405,20.55,21.84,20.25,21.84,3400,0
20070410,21.55,22.18,21.55,22,1300,0
20070411,22.45,23.5,22.45,23.45,2000,0
20070412,23.49,24.5,23.49,24.5,5300,0
20070413,24.4,24.4,23.06,23.7,1700,0
20070416,23.7,23.7,23.4,23.5,100,0
20070417,23.2,23.7,23.05,23.7,700,0
20070418,23.7,23.85,23.25,23.76,400,0
20070420,23.07,23.3,22.95,23.3,600,0
20070423,23.5,24.09,23.5,24.08,1000,0
20070425,23.6,23.79,23.6,23.79,200,0
20070426,23.3,23.49,22.82,22.82,600,0
20070427,22.75,22.75,21.71,21.9,5200,0
20070502,22.4,22.4,21.75,22.4,1700,0
20070503,22.4,22.6,21.94,22.6,1200,0
20070507,22,22.6,22,22.6,100,0
20070508,22,22.29,21.7,22.29,1300,0
20070509,22.3,22.3,21.5,21.6,500,0
20070510,21.99,21.99,21.4,21.85,100,0
20070511,21.4,21.85,21.2,21.5,1200,0
20070514,21.5,21.7,21.5,21.7,1200,0
20070515,21.1,22,21,22,1400,0
20070516,21.5,21.89,21.5,21.89,600,0
20070522,21,21.2,20.95,21.2,300,0
20070523,20.98,21.1,20.8,21.1,500,0
20070524,20.8,21.1,20.61,20.61,600,0
20070525,20.8,21.1,20.7,21.1,600,0
20070529,21.1,22.6,21.1,22.6,5300,0
20070530,22.9,23.5,22.83,23.4,3500,0
20070531,23.88,24.35,23.5,23.95,3400,0
20070601,23.8,23.99,23.63,23.63,200,0
20070604,23.99,23.99,22.52,22.52,2300,0
20070605,22.94,22.99,22.51,22.51,600,0
20070606,22.98,22.98,22.4,22.4,300,0
20070608,22.97,22.97,22.4,22.77,300,0
20070611,22.7,23,22.57,23,900,0
20070613,22.53,22.94,22.52,22.94,700,0
20070615,22.5,23.1,22.3,23.1,1700,0
20070618,22.48,23.4,22.48,23.4,1100,0
20070620,22.4,22.4,22.4,22.4,100,0
20070625,22.5,22.6,22.5,22.6,200,0
20070626,22.5,22.5,22.2,22.2,500,0
20070627,22.5,22.5,22.35,22.35,200,0
20070629,22.5,22.5,21.1,21.1,4400,0
20070702,21.6,21.64,21.11,21.64,200,0
20070703,21.35,21.64,20.9,21.19,1400,0
20070704,21.2,21.2,20.8,21.2,1600,0
20070705,21.2,21.2,20.4,20.4,1000,0
20070706,20.51,20.89,20.51,20.55,300,0
20070709,20.41,21.17,20.41,20.7,300,0
20070710,21,21,20.41,21,600,0
20070711,20.99,20.99,20.99,20.99,300,0
20070712,20.6,21,20.55,21,500,0
20070713,20.55,21,20.55,21,100,0
20070716,20.75,21,20.4,20.99,600,0
20070718,20.4,20.9,20.31,20.9,400,0
20070719,20.4,20.8,20.3,20.8,200,0
20070720,20.55,20.75,20.2,20.2,300,0
20070723,20.75,20.8,20.75,20.8,500,0
20070724,20.39,20.78,20.2,20.2,200,0
20070725,20.1,20.55,19.95,20,1000,0
20070726,19.85,20,19.63,20,900,0
20070727,19.6,19.9,19.33,19.33,400,0
20070730,19.5,19.5,18.65,18.65,2400,0
20070731,18.94,19.25,18.93,19.13,1500,0
20070801,19.37,19.6,19.37,19.5,1700,0
20070802,20,20,19.85,19.85,100,0
20070803,20,20,19.5,19.99,400,0
20070806,19.42,19.42,19.42,19.42,100,0
20070807,19.63,19.63,19.33,19.33,100,0
20070808,19.7,19.7,19.7,19.7,100,0
20070809,19.6,19.9,19.6,19.9,300,0
20070810,19.12,19.33,19.12,19.33,300,0
20070813,18.94,19.25,18.94,19.25,300,0
20070814,19,19.55,19,19.1,600,0
20070815,19.1,19.1,19.09,19.09,600,0
20070816,19,19,18.8,18.8,3000,0
20070817,18.75,19.25,18.75,19.25,500,0
20070820,18.85,19,18.8,19,600,0
20070821,19,19.94,19,19.5,1000,0
20070822,19.49,19.49,19.49,19.49,400,0
20070823,20,20,19.9,20,400,0
20070824,19.75,19.75,19.75,19.75,600,0
20070827,19.31,19.31,19.27,19.27,300,0
20070828,19.1,19.36,19.1,19.36,200,0
20070829,18.6,19,18.6,19,1500,0
20070831,18.98,19.75,18.8,18.81,2700,0
20070904,19.4,20,19.4,19.98,1900,0
20070905,19.85,19.85,19.25,19.25,1400,0
20070906,19.01,19.02,19,19,900,0
20070907,18.82,19.15,18.82,18.98,500,0
20070910,19,19,18.99,18.99,100,0
20070911,18.7,19,18.5,18.8,1900,0
20070912,18.8,18.89,18.5,18.89,1000,0
20070913,18.4,18.6,18.4,18.6,200,0
20070914,18.35,18.35,18.35,18.35,100,0
20070917,18.8,18.8,18.5,18.55,700,0
20070918,18.25,18.25,18.25,18.25,300,0
20070919,18.5,19.4,18.5,19.4,1700,0
20070920,19.4,20.5,19.21,20,3300,0
20070921,19.42,19.9,19.41,19.9,300,0
20070924,19.7,19.7,18.5,18.55,2000,0
20070925,18.8,18.8,18.4,18.5,2200,0
20070926,18.79,19.35,18.79,18.8,1900,0
20070927,19.24,19.61,19.24,19.3,2400,0
20070928,19.7,19.98,19.7,19.98,200,0
20071001,19.58,19.58,19.1,19.56,2000,0
20071002,19.5,20.5,19.5,20.15,6400,0
20071003,20.4,20.8,20.29,20.41,2500,0
20071005,20.5,20.66,20.5,20.66,200,0
20071008,20.9,21.1,20.9,21.02,600,0
20071009,21.6,22,21.2,22,2600,0
20071011,21.62,21.62,21.62,21.62,100,0
20071012,21.95,22,21.51,22,200,0
20071015,22.1,22.2,21.88,22,700,0
20071016,21.95,22.29,21.95,22.29,300,0
20071018,21.9,22,21.9,22,100,0
20071019,22,22,21.85,21.94,500,0
20071022,22,22,22,22,200,0
20071023,22,22.4,21.8,22.4,1400,0
20071024,22.1,22.1,22.1,22.1,300,0
20071025,21.84,22.4,21.75,22.4,200,0
20071026,21.76,21.76,21.76,21.76,500,0
20071030,21.6,22,21.3,21.7,600,0
20071031,21.4,22,21.4,22,300,0
20071101,22,22,22,22,300,0
20071102,21.36,21.74,21.3,21.74,600,0
20071105,21.31,21.38,21.2,21.2,700,0
20071106,21.2,21.2,21.1,21.1,300,0
20071107,21.04,21.04,20.5,20.99,200,0
20071108,20.4,21.1,20,20.63,3600,0
20071109,20.8,20.8,20.55,20.55,700,0
20071112,20.59,21.05,20.3,20.3,3000,0
20071113,20.9,21.1,20.3,21.1,2100,0
20071115,21.15,21.3,21,21.12,800,0
20071116,20.75,21.1,20.75,21.1,2700,0
20071119,21.1,21.1,20.24,20.84,500,0
20071120,20.29,20.45,20.03,20.45,500,0
20071121,19.8,19.8,19.03,19.39,2200,0
20071122,19,19.99,18.87,19,3500,0
20071123,19,19.5,18.69,19.5,1300,0
20071126,19.1,19.52,19.1,19.52,400,0
20071127,19.01,19.24,18.83,19.24,1100,0
20071128,18.95,18.95,18.95,18.95,500,0
20071129,19,19.1,18.9,18.9,300,0
20071130,19,19.1,19,19,200,0
20071203,19.47,19.47,18.95,18.95,100,0
20071204,19,19,19,19,200,0
20071205,19.45,19.45,19.45,19.45,200,0
20071206,19.57,19.6,19.42,19.5,2300,0
20071207,19.7,20.25,19.55,20,1600,0
20071210,20,20,20,20,1100,0
20071211,20,20,20,20,100,0
20071212,20.44,20.44,20.15,20.28,500,0
20071213,20.49,20.49,20.15,20.37,600,0
20071214,20.5,20.5,20.25,20.3,600,0
20071218,20.5,20.5,20.2,20.25,100,0
20071219,20.5,20.5,20,20.5,100,0
20071220,20.5,20.5,20.2,20.2,100,0
20071221,20.5,20.5,19.96,20.25,1500,0
20071227,19.75,20.2,19.75,19.9,1800,0
20071228,20.2,20.2,19.9,20,200,0
20080103,19.51,20,19.51,19.6,200,0
20080104,20,20,19.6,20,200,0
20080107,19.6,19.9,19.32,19.45,1100,0
20080108,19.2,19.45,19.2,19.45,100,0
20080109,19.3,19.3,19.15,19.15,800,0
20080110,19,19.25,19,19.25,100,0
20080111,19,19,18.4,18.5,1400,0
20080114,18.2,18.74,18.2,18.54,200,0
20080115,18.3,18.3,17.7,17.75,3800,0
20080116,17.82,17.82,17.05,17.43,500,0
20080117,17.45,17.72,17.45,17.72,400,0
20080118,17.28,17.51,17.28,17.51,700,0
20080121,17.04,17.45,16.92,17.45,300,0
20080122,16.75,17.49,16.75,17.49,500,0
20080125,17.13,17.13,16.6,16.6,1200,0
20080129,16.47,16.47,16,16.04,700,0
20080130,16,16,15.9,15.95,100,0
20080131,15.99,16,15.9,15.9,800,0
20080201,15.99,16,15.53,15.99,300,0
20080204,15.8,15.89,15.44,15.89,600,0
20080206,15.8,15.8,15.8,15.8,100,0
20080211,15.94,15.94,15.59,15.94,100,0
20080213,15.65,15.65,15.26,15.26,100,0
20080214,15.2,15.64,14.8,14.8,3200,0
20080215,14.8,15.01,14.8,15.01,200,0
20080218,14.8,14.85,14.8,14.85,800,0
20080219,14.85,15,14.85,15,100,0
20080220,14.84,14.84,14.84,14.84,200,0
20080221,14.51,15,14.42,14.75,1500,0
20080222,14.5,14.5,14.4,14.47,1000,0
20080225,14.5,14.6,14.5,14.6,500,0
20080226,14.75,14.75,14.75,14.75,100,0
20080227,14.52,14.75,14.51,14.75,300,0
20080228,14.4,14.75,14.4,14.75,200,0
20080229,14.4,14.79,14.4,14.79,200,0
20080303,14.5,14.5,14.5,14.5,200,0
20080304,14.7,14.99,14.56,14.56,1200,0
20080305,14.5,14.5,14.5,14.5,500,0
20080306,14.62,14.63,14.62,14.63,200,0
20080307,14.25,14.25,12.48,13.25,5700,0
20080310,13.49,13.49,12.6,12.63,1400,0
20080311,12.59,12.95,12.59,12.95,800,0
20080312,12.6,12.92,12.6,12.92,600,0
20080313,12.54,12.54,11.99,11.99,2400,0
20080314,12.03,12.03,9.71,9.71,4200,0
20080317,9.6,9.95,9,9,1900,0
20080318,9.43,9.43,9.26,9.29,3200,0
20080320,9.99,9.99,9.99,9.99,100,0
20080327,9.85,9.94,9.85,9.9,2800,0
20080331,10.3,10.3,9.64,9.99,2800,0
20080401,9.95,11.5,9.95,10.59,18200,0
20080402,10.75,10.76,10,10,8300,0
20080403,10.17,10.3,9.92,9.92,4000,0
20080404,10.08,10.08,10,10,1300,0
20080407,10,10,8.8,9.58,8400,0
20080409,9.7,9.7,9.39,9.39,1300,0
20080410,9.4,9.57,9.1,9.21,3400,0
20080414,9.47,9.47,9,9.03,2700,0
20080416,9.1,9.1,8.79,9.1,5000,0
20080417,9.05,9.07,8.8,9.07,500,0
20080418,9.05,9.3,9.05,9.3,2300,0
20080421,9.46,9.55,9.25,9.4,2000,0
20080422,9.21,9.25,9.02,9.25,1000,0
20080423,9.2,9.24,9.2,9.24,400,0
20080424,9.1,9.1,9.1,9.1,200,0
20080425,9,9.08,8.8,9.08,300,0
20080428,9,9.08,8.8,9.08,1200,0
20080429,8.58,8.58,8.47,8.47,4500,0
20080430,8.29,8.6,8.29,8.6,2600,0
20080502,8.32,8.32,8.1,8.1,3900,0
20080505,8,8.2,7.99,7.99,1100,0
20080506,8,8.24,8,8.24,600,0
20080507,8.4,8.4,8.28,8.28,100,0
20080508,8.31,8.31,8.03,8.07,1700,0
20080509,8.09,8.09,8.09,8.09,1300,0
20080512,8.25,8.34,8.25,8.34,500,0
20080513,8.3,8.4,8.3,8.4,700,0
20080514,8.3,8.36,8.1,8.36,800,0
20080515,8.3,8.3,8.3,8.3,900,0
20080516,8.27,8.27,8.11,8.22,600,0
20080519,8.2,8.2,8.1,8.1,1200,0
20080520,8.1,8.1,8.01,8.01,500,0
20080521,8.02,8.02,8.02,8.02,100,0
20080523,8.06,8.07,8.06,8.07,600,0
20080527,8.15,8.22,8.06,8.06,600,0
20080528,8.01,8.05,8.01,8.05,500,0
20080530,8.25,8.25,8.25,8.25,100,0
20080603,8.3,8.31,8.3,8.31,300,0
20080604,8.31,8.31,7.98,7.98,5100,0
20080605,8.07,8.07,8.07,8.07,100,0
20080606,8.09,8.13,8.09,8.13,300,0
20080609,8.12,8.12,8.08,8.08,300,0
20080610,8.04,8.04,8.04,8.04,400,0
20080611,7.99,8.06,7.49,8.06,11600,0
20080616,7.98,7.98,7.81,7.81,200,0
20080617,7.97,8.2,7.94,8.19,1200,0
20080618,7.9,8.1,7.9,7.9,500,0
20080620,7.97,7.97,7.97,7.97,100,0
20080623,7.94,7.94,7.94,7.94,300,0
20080624,7.93,8.1,7.8,7.95,1000,0
20080625,7.95,7.95,7.95,7.95,100,0
20080626,7.95,7.95,7.8,7.82,300,0
20080627,7.8,7.8,7.75,7.75,1000,0
20080630,7.79,7.79,7.75,7.78,2600,0
20080701,7.75,7.75,7.5,7.5,700,0
20080702,7.43,7.7,7.29,7.5,4200,0
20080703,7.5,7.5,7.45,7.45,1300,0
20080704,7.38,7.75,7.25,7.25,12400,0
20080707,7.3,7.47,7.15,7.15,7200,0
20080708,7.3,7.3,6.88,7.1,5400,0
20080709,6.83,6.96,6.78,6.96,4200,0
20080710,6.96,6.96,6.85,6.85,2400,0
20080711,6.85,6.86,6.85,6.86,2000,0
20080714,6.85,6.85,6.85,6.85,500,0
20080715,6.96,7.03,6.9,6.9,800,0
20080716,6.91,7.04,6.91,7.04,3000,0
20080717,7.04,7.04,6.85,6.97,700,0
20080718,6.95,6.95,6.95,6.95,100,0
20080721,6.9,6.9,6.72,6.72,2900,0
20080722,6.72,6.72,6.64,6.7,1100,0
20080723,6.67,6.67,6.65,6.65,1000,0
20080724,6.73,6.73,6.65,6.65,800,0
20080728,6.66,6.66,6.65,6.65,1600,0
20080818,6.65,6.66,6.64,6.66,800,0
20080820,6.56,6.56,6.56,6.56,400,0
20080821,6.48,6.48,6.2,6.33,2300,0
20080822,6.27,6.28,6.27,6.28,300,0
20080825,6.5,6.5,6.5,6.5,800,0
20080826,6.3,6.39,6.3,6.39,200,0
20080828,6.25,6.45,6.25,6.4,7800,0
20080829,6.49,6.5,5.73,5.98,8800,0
20080901,6,6.03,6,6,3400,0
20080902,6.08,6.1,5.9,5.9,10800,0
20080903,6,6,5.79,5.95,1000,0
20080904,5.93,5.95,5.9,5.95,4900,0
20080905,5.93,5.95,5.78,5.78,3800,0
20080908,5.58,5.6,5.33,5.44,10100,0
20080909,5.45,5.45,5.44,5.45,200,0
20080910,5.43,5.5,5.43,5.5,500,0
20080911,5.3,5.3,5.15,5.29,1200,0
20080912,5.3,5.3,5.05,5.19,700,0
20080915,5.19,5.19,4.9,5,1200,0
20080916,4.82,4.9,4.6,4.6,4500,0
20080917,4.6,4.6,4.41,4.52,2200,0
20080918,4.2,4.2,4.15,4.15,1200,0
20080919,4.2,4.34,4.2,4.25,5300,0
20080922,4.25,4.25,4.19,4.2,2500,0
20080923,4.2,4.2,4.15,4.2,1800,0
20080924,4.19,4.19,3.74,3.74,3500,0
20080925,3.74,3.85,3.74,3.85,2600,0
20080926,3.82,3.82,3.5,3.59,6100,0
20080929,3.7,3.7,3.45,3.45,100,0
20080930,3.55,3.55,3.55,3.55,300,0
20081001,3.45,3.48,3.45,3.48,400,0
20081002,3.42,3.49,3.34,3.49,2600,0
20081003,3.49,3.49,3.49,3.49,100,0
20081006,3.49,3.49,3.49,3.49,700,0
20081007,3.22,3.25,3.22,3.25,300,0
20081008,3.44,3.44,2.45,2.99,5700,0
20081009,2.99,2.99,2.99,2.99,1500,0
20081010,2.7,2.7,2.53,2.7,3500,0
20081013,2.99,2.99,2.97,2.97,900,0
20081014,3,3.01,2.9,2.9,5500,0
20081015,2.82,2.82,2.7,2.7,4300,0
20081016,2.63,2.71,2.4,2.51,3100,0
20081017,2.6,2.6,2.18,2.18,1100,0
20081020,2.2,2.2,1.99,1.99,1000,0
20081021,1.81,1.98,1.78,1.81,24100,0
20081022,1.81,1.81,1.65,1.78,3900,0
20081023,1.75,1.8,1.75,1.8,1600,0
20081024,1.75,1.75,1.7,1.7,3600,0
20081027,1.65,1.7,1.63,1.63,1700,0
20081028,1.51,1.6,1.51,1.6,1100,0
20081029,1.6,1.6,1.5,1.6,4500,0
20081030,1.6,1.6,1.46,1.48,2600,0
20081031,1.42,1.5,1.2,1.2,16600,0
20081103,1.3,1.3,1.16,1.2,8100,0
20081104,1.24,1.31,1.16,1.16,19200,0
20081105,1.2,1.27,1.2,1.27,15900,0
20081106,1.27,1.3,1.25,1.25,20100,0
20081107,1.25,1.25,1.25,1.25,1400,0
20081110,1.3,1.3,1.12,1.18,20000,0
20081111,1.4,1.4,1.2,1.22,12000,0
20081112,1.23,1.28,1.23,1.27,6500,0
20081113,1.31,1.31,1.21,1.21,7800,0
20081114,1.24,1.3,1.23,1.26,22400,0
20081117,1.27,1.27,1.18,1.19,8200,0
20081118,1.2,1.2,1.05,1.12,11700,0
20081119,1.1,1.15,1.1,1.15,29000,0
20081121,1.1,1.15,1.1,1.15,20000,0
20081124,1.15,1.24,0.86,0.89,49500,0
20081125,0.89,0.89,0.5,0.65,33300,0
20081126,0.65,0.68,0.59,0.59,29900,0
20081127,0.59,0.69,0.55,0.69,32500,0
20081128,0.69,0.69,0.55,0.65,40600,0
20081201,0.67,0.68,0.62,0.67,19300,0
20081202,0.68,0.68,0.6,0.61,13500,0
20081203,0.6,0.62,0.57,0.62,22400,0
20081204,0.6,0.62,0.6,0.6,5100,0
20081205,0.61,0.62,0.6,0.62,2300,0
20081208,0.63,0.64,0.61,0.62,9000,0
20081209,0.64,0.64,0.58,0.59,4900,0
20081210,0.6,0.61,0.57,0.6,64500,0
20081211,0.6,0.6,0.52,0.53,9600,0
20081212,0.46,0.63,0.45,0.62,21800,0
20081215,0.6,0.68,0.59,0.6,37100,0
20081216,0.6,0.6,0.58,0.6,14400,0
20081217,0.6,0.6,0.6,0.6,6300,0
20081218,0.6,0.6,0.54,0.55,20600,0
20081219,0.6,0.66,0.59,0.59,32800,0
20081222,0.6,0.67,0.5,0.62,52900,0
20081223,0.62,0.85,0.62,0.69,88500,0
20081229,0.7,1,0.7,0.82,92900,0
20081230,0.88,0.95,0.85,0.9,46300,0
20090102,0.91,1.08,0.9,1,22700,0
20090105,1.04,1.26,0.93,1.24,30800,0
20090106,1.23,2.5,1.23,1.99,35100,0
20090107,2,2.5,1.9,1.95,25100,0
20090108,1.88,1.88,1.55,1.56,20700,0
20090109,1.61,2.06,1.61,1.93,12600,0
20090112,1.87,1.87,1.7,1.77,5200,0
20090113,1.76,1.77,1.64,1.77,200,0
20090114,1.62,1.69,1.6,1.69,5600,0
20090115,1.6,1.6,1.36,1.41,12900,0
20090116,1.43,1.43,1.43,1.43,2000,0
20090119,1.49,1.49,1.45,1.45,200,0
20090120,1.46,1.46,1.39,1.39,2400,0
20090121,1.32,1.33,1.21,1.21,2000,0
20090122,1.2,1.24,1.2,1.24,6000,0
20090123,1.15,1.36,1.15,1.36,5900,0
20090126,1.41,1.41,1.33,1.33,7900,0
20090127,1.36,1.36,1.36,1.36,700,0
20090128,1.28,1.36,1.28,1.36,1200,0
20090129,0.96,0.96,0.65,0.76,40700,0
20090130,0.78,0.78,0.7,0.7,5200,0
20090202,0.75,1.01,0.75,0.75,18800,0
20090203,0.81,0.88,0.8,0.8,6100,0
20090204,0.81,0.81,0.76,0.77,3500,0
20090205,0.79,0.9,0.79,0.8,16800,0
20090206,0.83,0.84,0.76,0.84,7400,0
20090209,0.84,0.84,0.78,0.84,800,0
20090210,0.85,0.85,0.85,0.85,100,0
20090211,0.85,0.9,0.85,0.89,5400,0
20090212,0.91,0.91,0.9,0.9,800,0
20090213,0.87,0.87,0.87,0.87,2000,0
20090216,0.88,0.88,0.88,0.88,100,0
20090217,0.89,0.89,0.78,0.83,2600,0
20090218,0.79,0.79,0.75,0.78,8600,0
20090219,0.73,0.73,0.7,0.7,1200,0
20090220,0.76,0.76,0.76,0.76,2000,0
20090223,0.72,0.72,0.72,0.72,200,0
20090224,0.7,0.7,0.6,0.66,11100,0
20090225,0.69,0.69,0.69,0.69,1100,0
20090226,0.67,0.67,0.67,0.67,300,0
20090302,0.7,0.7,0.66,0.66,4400,0
20090303,0.63,0.67,0.6,0.67,7000,0
20090304,0.73,0.74,0.73,0.74,2200,0
20090305,0.74,0.8,0.74,0.8,1700,0
20090306,0.75,0.79,0.75,0.79,1100,0
20090310,0.73,0.73,0.69,0.69,2200,0
20090311,0.7,0.7,0.7,0.7,1200,0
20090312,0.7,0.7,0.68,0.7,1600,0
20090313,0.72,0.72,0.68,0.68,1300,0
20090316,0.71,0.72,0.71,0.72,1600,0
20090317,0.68,0.69,0.65,0.65,6000,0
20090318,0.65,0.7,0.65,0.66,6200,0
20090319,0.63,0.64,0.63,0.64,4000,0
20090320,0.7,0.7,0.63,0.63,4300,0
20090323,0.64,0.69,0.62,0.69,23500,0
20090324,0.73,0.73,0.67,0.67,5300,0
20090325,0.68,0.68,0.68,0.68,100,0
20090326,0.74,0.93,0.74,0.89,23500,0
20090327,0.9,0.92,0.85,0.9,12300,0
20090331,0.81,0.9,0.81,0.9,7000,0
20090401,0.85,0.85,0.85,0.85,300,0
20090402,0.83,0.89,0.82,0.89,5800,0
20090403,0.9,0.92,0.9,0.92,6000,0
20090406,0.92,0.92,0.85,0.85,3500,0
20090407,0.92,0.99,0.92,0.99,8000,0
20090408,1.02,1.05,1.02,1.05,3200,0
20090409,1.23,1.34,1.23,1.28,3600,0
20090414,1.22,1.49,1.22,1.47,18600,0
20090415,1.51,1.85,1.51,1.79,12500,0
20090416,1.85,2.5,1.64,1.95,58200,0
20090417,2.06,2.19,1.71,2.07,23700,0
20090420,1.98,2,1.66,1.72,12400,0
20090421,1.65,1.72,1.47,1.5,10100,0
20090422,1.6,1.66,1.58,1.58,2600,0
20090423,1.62,1.69,1.62,1.69,6100,0
20090424,1.68,1.83,1.68,1.83,16900,0
20090427,1.83,1.83,1.65,1.66,9100,0
20090428,1.77,1.77,1.66,1.66,1700,0
20090429,1.66,1.7,1.55,1.59,3900,0
20090430,1.61,1.61,1.61,1.61,2000,0
20090504,1.61,1.65,1.61,1.65,3800,0
20090505,1.6,1.6,1.47,1.58,10100,0
20090506,1.55,1.59,1.55,1.59,1300,0
20090507,1.6,1.6,1.51,1.51,5400,0
20090508,1.56,1.59,1.48,1.48,4400,0
20090512,1.6,1.6,1.6,1.6,800,0
20090513,1.55,1.55,1.55,1.55,2400,0
20090514,1.64,1.72,1.6,1.72,5400,0
20090515,1.7,1.86,1.59,1.77,7600,0
20090518,1.87,2.17,1.86,1.9,17500,0
20090519,1.96,2.01,1.76,1.84,18300,0
20090520,1.87,1.93,1.84,1.84,1900,0
20090525,1.85,1.85,1.85,1.85,800,0
20090526,1.9,1.9,1.85,1.85,200,0
20090527,1.9,1.94,1.85,1.87,9500,0
20090528,1.92,1.92,1.92,1.92,200,0
20090529,1.92,1.92,1.92,1.92,200,0
20090601,1.95,1.95,1.95,1.95,200,0
20090602,1.97,1.98,1.75,1.75,9700,0
20090603,1.81,1.84,1.75,1.78,2500,0
20090604,1.92,1.98,1.86,1.86,6300,0
20090605,1.92,1.96,1.91,1.91,6000,0
20090608,1.91,1.91,1.75,1.75,3500,0
20090609,1.75,1.75,1.75,1.75,500,0
20090610,1.75,1.75,1.75,1.75,300,0
20090611,1.75,1.75,1.68,1.75,3300,0
20090612,1.75,1.75,1.67,1.75,100,0
20090615,1.75,1.75,1.66,1.75,5800,0
20090618,1.68,1.74,1.65,1.74,1100,0
20090619,1.74,1.74,1.74,1.74,500,0
20090622,1.63,1.63,1.6,1.6,9500,0
20090623,1.54,1.54,1.18,1.25,7700,0
20090624,1.2,1.2,1.1,1.16,9900,0
20090625,1.1,1.1,1,1.06,8500,0
20090626,1.07,1.14,1.05,1.08,3400,0
20090629,1.09,1.12,1.08,1.12,5300,0
20090630,1.12,1.31,1.12,1.31,10100,0
20090701,1.31,1.31,1.14,1.15,42000,0
20090702,1.19,1.25,1.12,1.18,36400,0
20090703,1.15,1.16,1.15,1.16,6700,0
20090706,1.17,1.17,1.1,1.12,15900,0
20090707,1.1,1.19,1.1,1.19,6400,0
20090708,1.14,1.25,1.14,1.25,16900,0
20090709,1.25,1.3,1.25,1.3,4800,0
20090710,1.34,1.45,1.34,1.45,4700,0
20090713,1.46,1.55,1.41,1.55,7400,0
20090714,1.55,1.72,1.55,1.72,5900,0
20090715,1.68,1.83,1.68,1.79,5200,0
20090716,1.83,1.83,1.83,1.83,2900,0
20090717,1.83,1.85,1.74,1.74,7000,0
20090720,1.77,2.33,1.77,2.32,27100,0
20090721,2.3,3.33,2.11,2.91,46100,0
20090722,2.92,3,2.41,2.65,22300,0
20090723,2.61,2.65,2.4,2.65,6800,0
20090724,2.55,2.55,2.35,2.46,7200,0
20090727,2.32,2.32,2,2.15,11500,0
20090728,2.18,2.18,2.09,2.09,6200,0
20090729,2.09,2.09,2.03,2.09,5400,0
20090730,2.1,2.1,2.05,2.1,600,0
20090731,2.1,2.1,2.01,2.09,1200,0
20090803,2.1,2.24,2.1,2.24,4500,0
20090804,2.25,2.44,2.25,2.44,9800,0
20090805,2.49,2.68,2.49,2.64,6700,0
20090806,2.68,2.73,2.26,2.4,23700,0
20090807,2.3,2.37,2.3,2.37,2900,0
20090810,2.4,2.4,2.39,2.39,1200,0
20090811,2.4,2.51,2.38,2.44,6000,0
20090812,2.44,2.48,2.44,2.48,1800,0
20090813,2.49,2.49,2.49,2.49,600,0
20090814,2.33,2.33,1.71,1.93,126900,0
20090817,1.81,1.93,1.79,1.89,17800,0
20090818,1.9,1.9,1.81,1.87,3700,0
20090819,1.9,1.94,1.8,1.88,4400,0
20090820,1.9,2.2,1.79,2.15,27500,0
20090821,2.1,2.13,2.02,2.07,16200,0
20090824,2.09,2.09,1.95,1.95,6500,0
20090825,2.09,2.15,1.97,2.12,5200,0
20090826,2.05,2.15,2.02,2.15,8100,0
20090827,2.05,2.65,2.05,2.5,72200,0
20090828,2.53,3.03,2.42,3.03,91300,0
20090831,3.04,3.12,2.73,2.82,40200,0
20090901,3,3,2.57,2.8,23100,0
20090902,2.99,2.99,2.34,2.66,30100,0
20090903,2.67,3,2.67,2.85,20700,0
20090904,3,3.08,2.89,3.01,33200,0
20090907,3,3.16,2.98,3.1,26100,0
20090908,3.1,3.2,3.03,3.2,22800,0
20090909,3.16,3.25,2.98,3.16,10300,0
20090910,2.98,3.02,2.68,3,46600,0
20090911,3,3.03,2.8,3.03,10900,0
20090914,3,3,2.94,3,3600,0
20090915,3.08,3.1,2.94,3.1,3900,0
20090916,3.1,3.1,3.05,3.05,300,0
20090917,3,3.05,2.91,3.05,5800,0
20090918,2.95,2.98,2.85,2.98,8700,0
20090921,2.96,2.96,2.85,2.95,1400,0
20090922,2.86,2.9,2.8,2.9,1600,0
20090923,2.93,2.97,2.8,2.9,1500,0
20090924,2.9,3.18,2.9,3.1,31100,0
20090925,3.08,3.08,2.92,3.04,1000,0
20090928,3.05,3.07,2.95,3.04,2900,0
20090929,3.05,3.49,3.05,3.48,27000,0
20090930,3.5,3.75,3.31,3.54,21400,0
20091001,3.54,3.77,3.54,3.65,11100,0
20091002,3.61,3.7,3.6,3.7,19700,0
20091005,3.75,3.75,3.7,3.72,23700,0
20091006,3.74,3.74,3.59,3.7,7700,0
20091007,3.52,3.68,3.52,3.65,4000,0
20091008,3.65,3.75,3.6,3.75,6700,0
20091009,3.73,3.73,3.65,3.7,6800,0
20091012,3.65,3.73,3.65,3.73,3500,0
20091013,3.65,3.71,3.54,3.71,2400,0
20091014,3.7,3.71,3.56,3.7,700,0
20091015,3.7,3.71,3.7,3.71,300,0
20091016,3.52,3.65,3.5,3.64,15000,0
20091019,3.64,3.64,3.33,3.52,9700,0
20091020,3.58,3.65,3.58,3.65,4100,0
20091021,3.59,3.65,3.47,3.6,2500,0
20091022,3.65,3.65,3.44,3.55,2700,0
20091023,3.39,3.55,3.39,3.55,200,0
20091026,3.38,3.39,3.01,3.18,19600,0
20091027,3.1,3.18,2.86,3.03,12800,0
20091028,2.98,3.06,2.76,3.06,21600,0
20091029,2.98,3.2,2.94,3.2,9000,0
20091030,3.32,3.32,3.1,3.1,4900,0
20091102,3.21,3.22,3.1,3.1,4100,0
20091103,3.22,3.22,3.07,3.22,3000,0
20091104,3.2,3.2,3.2,3.2,600,0
20091105,3.24,3.24,3.14,3.24,3100,0
20091106,3.12,3.23,3.12,3.23,1800,0
20091109,3.23,3.23,3.08,3.23,1600,0
20091110,3.23,3.23,3.23,3.23,100,0
20091111,3.23,3.23,3.14,3.23,200,0
20091112,3.23,3.23,3.23,3.23,100,0
20091113,3.23,3.23,3.06,3.06,4800,0
20091116,3.15,3.15,3.15,3.15,100,0
20091117,3.23,3.25,3.1,3.25,1700,0
20091118,3.24,3.24,3.24,3.24,400,0
20091119,3.2,3.2,3.2,3.2,200,0
20091123,3.2,3.2,3.2,3.2,1000,0
20091124,3.2,3.2,3.2,3.2,400,0
20091125,3.25,3.28,3.2,3.2,4000,0
20091126,3.2,3.2,3.2,3.2,400,0
20091127,3.15,3.3,3.1,3.28,24900,0
20091130,3.19,3.19,3.1,3.1,500,0
20091201,3.27,3.31,3.27,3.31,1500,0
20091202,3.33,3.35,3.15,3.35,3000,0
20091203,3.35,3.36,3.27,3.3,2200,0
20091204,3.3,3.49,3.3,3.4,6700,0
20091207,3.33,3.49,3.33,3.49,3300,0
20091208,3.49,3.49,3.4,3.47,3000,0
20091209,3.49,3.49,3.49,3.49,1900,0
20091210,3.51,3.51,3.5,3.5,400,0
20091211,3.5,3.51,3.46,3.46,1800,0
20091214,3.59,3.59,3.5,3.5,1700,0
20091215,3.59,3.65,3.59,3.65,4200,0
20091216,3.65,3.65,3.62,3.64,6100,0
20091217,3.64,3.65,3.48,3.65,3100,0
20091218,3.65,3.69,3.65,3.68,4600,0
20091221,3.68,3.7,3.6,3.7,900,0
20091222,3.69,3.75,3.6,3.7,1700,0
20091223,3.7,3.7,3.29,3.59,12300,0
20091228,3.5,3.5,3.21,3.32,10800,0
20091229,3.28,3.28,3.17,3.28,7600,0
20091230,3.33,3.4,3.29,3.4,2800,0
20100104,3.3,3.52,3.29,3.29,5800,0
20100105,3.35,3.45,3.29,3.45,1500,0
20100106,3.44,3.48,3.44,3.48,700,0
20100107,3.48,3.5,3.48,3.5,2200,0
20100108,3.38,3.55,3.35,3.55,3800,0
20100111,3.55,3.56,3.41,3.56,8300,0
20100112,3.46,3.72,3.46,3.72,4500,0
20100113,3.67,4.22,3.67,4,11900,0
20100114,4.1,4.43,4.1,4.37,48900,0
20100115,4.29,4.4,4.24,4.29,18200,0
20100118,4.26,4.3,4.26,4.26,5700,0
20100119,4.26,4.26,3.47,3.9,32300,0
20100120,3.89,4.08,3.89,4.02,5200,0
20100121,3.89,4.08,3.75,4.02,7400,0
20100122,3.92,4.02,3.9,4,5500,0
20100125,3.89,4,3.85,4,7100,0
20100126,4,4,3.85,3.85,2400,0
20100127,3.8,4.05,3.8,4.05,2000,0
20100128,4.05,4.05,4,4.01,1100,0
20100129,4,4.01,4,4,3000,0
20100201,3.95,4.05,3.78,4.05,300,0
20100202,3.78,4.09,3.7,3.88,26700,0
20100203,3.7,3.88,3.7,3.88,600,0
20100204,3.7,3.8,3.7,3.8,500,0
20100205,3.7,3.8,3.67,3.67,1300,0
20100208,3.87,3.9,3.75,3.9,5600,0
20100209,3.96,3.96,3.8,3.8,700,0
20100210,3.91,3.95,3.91,3.95,2400,0
20100211,3.81,4.57,3.81,4.29,22500,0
20100212,4.29,4.43,4.05,4.43,5600,0
20100215,4.35,4.4,4.1,4.25,8600,0
20100216,4.25,4.35,4.25,4.35,1200,0
20100217,4.39,4.5,4.39,4.49,4100,0
20100218,4.5,4.5,4.45,4.45,200,0
20100219,4.45,4.45,4.4,4.4,1400,0
20100222,4.45,4.61,4.45,4.61,6800,0
20100223,4.64,4.75,4.61,4.68,12500,0
20100224,4.73,5,4.73,4.9,29200,0
20100225,5.05,5.5,5.05,5.49,28700,0
20100226,5.51,5.75,5.42,5.52,22000,0
20100301,5.55,5.85,5.55,5.85,27300,0
20100302,5.99,7.02,5.95,6.75,43600,0
20100303,6.89,7.42,6.89,7.28,64800,0
20100304,7.21,7.27,6.55,6.79,40600,0
20100305,6.5,6.65,5.8,6.1,69800,0
20100308,6.12,6.12,5.32,5.45,50900,0
20100309,5.32,5.6,5.2,5.55,39100,0
20100310,5.39,5.65,5.2,5.5,18000,0
20100311,5.5,5.57,5.25,5.41,30600,0
20100312,5.37,5.76,5.3,5.72,19900,0
20100315,5.77,5.77,5.65,5.65,1700,0
20100316,5.55,5.63,5.3,5.52,12000,0
20100317,5.4,5.61,5.4,5.5,3500,0
20100318,5.62,6.15,5.51,6.12,20700,0
20100319,6.1,6.88,5.98,6.25,38700,0
20100322,6.55,6.82,6.4,6.67,41900,0
20100323,6.75,6.8,6.35,6.35,14900,0
20100324,6.62,6.8,6.51,6.74,11700,0
20100325,6.63,6.85,6.6,6.8,25200,0
20100326,6.8,6.8,6.1,6.25,33600,0
20100329,6.25,6.78,6.25,6.7,14700,0
20100330,6.7,6.7,6.52,6.7,5000,0
20100331,6.7,6.7,6.44,6.45,9100,0
20100401,7,7,6.71,6.81,14900,0
20100406,6.8,6.8,6.29,6.6,16900,0
20100407,6.7,6.7,6.25,6.32,5400,0
20100408,6.61,6.7,6.25,6.7,7000,0
20100409,6.7,6.7,6.51,6.65,4100,0
20100412,6.4,6.48,6.15,6.34,35500,0
20100413,6.33,6.42,6.2,6.2,13200,0
20100414,6.15,6.39,6.14,6.37,13300,0
20100415,6.37,6.6,6.37,6.5,6500,0
20100416,6.43,6.8,6.43,6.52,20800,0
20100419,6.5,6.5,6.2,6.2,19200,0
20100420,6.2,6.48,6.2,6.26,11700,0
20100421,6.3,6.74,6.3,6.52,16900,0
20100422,6.68,6.93,6.68,6.8,36600,0
20100423,6.8,7.25,6.78,7.25,23000,0
20100426,7.25,7.36,7.12,7.12,14200,0
20100427,7.06,7.15,6.8,6.8,13100,0
20100428,7.06,7.06,6.5,6.69,23200,0
20100429,6.6,7.1,6.6,7.1,20600,0
20100430,7.1,7.2,7.07,7.19,11600,0
20100503,7.23,7.36,7.1,7.2,12200,0
20100504,7.2,7.2,7.1,7.14,6700,0
20100505,7.1,7.2,6.72,6.72,27800,0
20100506,6.85,7.13,6.8,6.85,26800,0
20100507,6.8,6.8,6.3,6.55,37200,0
20100510,6.65,6.7,6.35,6.7,11100,0
20100511,6.75,6.75,6.5,6.62,6400,0
20100512,6.71,6.8,6.61,6.8,9400,0
20100513,6.94,7.1,6.94,7.09,6300,0
20100514,7.1,7.14,6.8,6.99,5200,0
20100517,6.95,6.95,6.62,6.92,4200,0
20100518,6.92,7,6.75,7,6700,0
20100519,6.93,7.04,6.8,7.04,4100,0
20100520,7,7,6.77,6.77,13400,0
20100521,6.7,6.89,6.7,6.78,6900,0
20100524,6.63,6.73,6.63,6.73,1600,0
20100525,6.7,7.05,6.7,7.05,13800,0
20100526,7.1,7.42,7.1,7.17,65400,0
20100527,7.28,7.39,7.19,7.2,35500,0
20100528,7.14,7.38,7.14,7.32,29800,0
20100531,7.33,7.7,7.24,7.51,72600,0
20100601,7.64,7.64,7.35,7.5,24300,0
20100602,7.49,7.5,7.15,7.38,17300,0
20100603,7.38,7.45,7.38,7.4,10600,0
20100604,7.52,7.6,7.45,7.5,21200,0
20100607,7.6,7.6,7.37,7.5,14900,0
20100608,7.5,7.55,7.33,7.33,15700,0
20100609,7.55,7.6,7.4,7.4,8800,0
20100610,7.52,7.52,7.28,7.4,2800,0
20100611,7.4,7.47,7.4,7.4,2800,0
20100614,7.4,7.52,7.28,7.52,10700,0
20100615,7.33,7.56,7.29,7.4,11400,0
20100616,7.4,7.43,6.9,7.3,36600,0
20100617,7.35,7.4,7.26,7.4,8100,0
20100618,7.42,7.56,7.42,7.56,27100,0
20100621,7.4,7.53,7.03,7.3,42200,0
20100622,7.3,7.46,7.21,7.38,8000,0
20100623,7.34,7.38,7.17,7.38,5200,0
20100624,7.29,7.32,7.25,7.3,8700,0
20100625,7.16,7.16,7.02,7.02,15900,0
20100628,7.15,7.15,6.34,6.93,52600,0
20100629,6.65,6.85,6.65,6.83,4500,0
20100630,6.7,6.77,6.55,6.75,18000,0
20100701,6.65,6.84,6.6,6.73,32000,0
20100702,6.72,7,6.72,6.8,5600,0
20100705,6.75,6.75,6.51,6.63,11300,0
20100706,6.52,6.7,6.52,6.69,4900,0
20100707,6.7,6.7,6.5,6.7,2500,0
20100708,6.68,6.68,6.68,6.68,200,0
20100709,6.65,6.8,6.51,6.8,3900,0
20100712,6.8,6.8,6.6,6.6,6000,0
20100713,6.74,6.75,6.52,6.68,3700,0
20100714,6.6,6.67,6.52,6.61,5300,0
20100715,6.7,6.8,6.7,6.73,10300,0
20100716,6.85,6.85,6.54,6.6,13800,0
20100719,6.6,6.6,6.5,6.5,3700,0
20100720,6.6,6.6,6.38,6.5,2000,0
20100721,6.5,6.5,6.22,6.29,18800,0
20100722,6.2,6.3,5.88,6.05,88800,0
20100723,6.3,6.33,6,6.12,37500,0
20100726,6.08,6.08,5.21,5.48,43800,0
20100727,5.4,5.48,5.15,5.45,66600,0
20100728,5.55,5.75,5.55,5.7,9500,0
20100729,5.7,6.09,5.7,6,7700,0
20100730,6,6.02,5.8,6,33800,0
20100802,6.1,6.1,5.95,6,24300,0
20100803,6.09,6.18,5.98,6,27200,0
20100804,5.84,6,5.84,6,1300,0
20100805,5.97,5.97,5.7,5.89,4000,0
20100806,5.9,5.9,5.8,5.89,800,0
20100809,5.86,6,5.75,5.95,3700,0
20100810,5.8,6,5.8,6,15300,0
20100812,5.79,5.86,5.79,5.86,1400,0
20100813,5.84,5.9,5.8,5.9,1600,0
20100816,5.8,5.95,5.8,5.95,3400,0
20100817,5.89,5.95,5.89,5.95,1900,0
20100818,5.92,5.92,5.8,5.92,1500,0
20100819,5.92,5.92,5.8,5.89,1000,0
20100820,5.71,5.95,5.65,5.95,16800,0
20100823,5.85,5.87,5.74,5.87,2900,0
20100824,5.85,5.92,5.71,5.92,5700,0
20100825,5.85,5.85,5.69,5.84,1300,0
20100826,5.84,6.17,5.8,6.17,25600,0
20100827,6.1,6.16,5.99,5.99,2900,0
20100830,6.18,6.19,6.17,6.17,4300,0
20100831,6.17,6.17,5.99,6.03,5500,0
20100901,6.08,6.16,5.95,6.16,1200,0
20100902,6.17,6.25,6.17,6.21,300,0
20100903,6.21,6.25,6.03,6.19,4800,0
20100906,6.19,6.19,5.97,5.99,2900,0
20100907,6.03,6.03,5.97,6,600,0
20100908,6,6,5.85,6,2000,0
20100909,5.85,6,5.75,5.8,4700,0
20100910,5.8,5.8,5.76,5.8,1700,0
20100913,5.8,5.8,5.36,5.69,8200,0
20100914,5.6,5.65,5.5,5.6,13100,0
20100915,5.51,5.58,5.45,5.45,13000,0
20100916,5.4,5.47,5.33,5.33,6200,0
20100917,5.4,5.47,5.4,5.4,1800,0
20100920,5.49,5.7,5.4,5.7,11900,0
20100921,5.52,5.7,5.52,5.65,2200,0
20100922,5.68,5.68,5.68,5.68,100,0
20100923,5.69,5.8,5.55,5.55,1100,0
20100924,5.7,6.41,5.7,6.2,37100,0
20100927,6.35,6.55,6.35,6.5,27200,0
20100928,6.5,6.55,6.3,6.39,7600,0
20100929,6.52,6.69,6.44,6.6,30000,0
20100930,6.64,6.64,6.45,6.49,2400,0
20101001,6.5,6.5,6.3,6.36,3000,0
20101004,6.4,6.48,6.3,6.35,22800,0
20101005,6.36,6.36,6.03,6.1,28800,0
20101006,6.14,6.15,6.1,6.15,6900,0
20101007,6.1,6.15,6.07,6.15,9500,0
20101008,6.28,6.28,6.28,6.28,100,0
20101011,6.28,6.43,6.2,6.4,5400,0
20101012,6.38,6.39,6.06,6.19,13700,0
20101013,6.2,6.2,6.08,6.1,4300,0
20101014,6.1,6.2,6.05,6.05,1500,0
20101015,6.15,6.15,6.15,6.15,2000,0
20101018,6.15,6.2,6.01,6.2,1400,0
20101019,6.2,6.2,5.98,6.18,7900,0
20101021,5.98,6.35,5.98,6.35,8400,0
20101022,6.25,6.34,6.25,6.3,900,0
20101025,6.34,6.37,6.34,6.35,6800,0
20101026,6.35,6.4,6.19,6.4,12200,0
20101027,6.41,6.48,6.24,6.24,11300,0
20101028,6.4,6.4,6.22,6.22,4800,0
20101029,6.15,6.25,6.1,6.18,4600,0
20101101,6.18,6.35,6.18,6.35,3300,0
20101102,6.38,6.38,6.14,6.21,5100,0
20101103,6.21,6.21,6.2,6.2,1500,0
20101104,6.2,6.2,6.11,6.19,8000,0
20101105,6.08,6.18,6.01,6.07,5500,0
20101108,5.85,6,4.93,5.04,149200,0
20101109,4.9,5.13,4.75,4.76,78500,0
20101110,4.88,5.11,4.88,5,23800,0
20101111,4.98,4.98,4.88,4.97,2900,0
20101112,4.88,4.88,4.58,4.65,15000,0
20101115,4.58,4.99,4.58,4.99,9400,0
20101116,4.76,4.99,4.22,4.59,64200,0
20101117,4.53,4.53,4.37,4.52,3000,0
20101118,4.45,4.57,4.31,4.34,17900,0
20101119,4.3,4.43,3.76,3.9,158900,0
20101122,3.8,3.8,3.39,3.6,80200,0
20101123,3.62,3.9,3.62,3.75,30700,0
20101124,3.75,3.9,3.55,3.9,10600,0
20101125,3.71,3.99,3.71,3.85,22400,0
20101126,3.8,3.99,3.8,3.9,5000,0
20101129,3.9,4.05,3.85,4,45600,0
20101130,4.14,4.14,3.56,4.04,29200,0
20101201,3.79,4.08,3.79,4.08,3800,0
20101202,4,4.06,3.81,4.03,6000,0
20101203,4.05,4.11,3.9,4.11,2100,0
20101206,4.05,4.09,3.95,4,4200,0
20101207,4,4.05,3.87,4.05,5500,0
20101208,4,4.25,4,4.15,15200,0
20101209,4.24,4.3,4.09,4.3,8800,0
20101210,4.3,4.65,4.3,4.6,35900,0
20101213,4.64,4.65,4.4,4.6,14000,0
20101214,4.55,4.6,4.5,4.6,2300,0
20101215,4.6,4.6,4.42,4.54,4300,0
20101216,4.44,4.55,4.38,4.5,11700,0
20101217,4.5,4.55,4.4,4.55,2300,0
20101220,4.45,4.45,4.14,4.14,8300,0
20101221,4.17,4.2,3.97,4.1,27600,0
20101222,3.99,3.99,3.9,3.9,6000,0
20101223,3.95,3.95,3.81,3.85,8200,0
20101227,3.88,3.88,3.81,3.85,4900,0
20101228,3.82,4,3.82,4,5400,0
20101229,4,4,3.87,3.94,2500,0
20101230,3.94,4.12,3.88,4,21200,0
20110103,4.12,4.12,4.01,4.01,4000,0
20110104,4,4.01,3.9,3.99,4600,0
20110105,3.96,4,3.96,4,2000,0
20110106,4,4.08,3.92,4,3800,0
20110107,4,4.29,4,4.1,25400,0
20110110,4.1,4.22,3.99,4.1,4300,0
20110111,4.09,4.09,3.9,4.09,14400,0
20110112,4.05,4.1,3.97,4.05,12800,0
20110113,4.1,4.25,4.1,4.12,11300,0
20110114,4.15,4.15,4,4.05,6600,0
20110118,4.1,4.1,4.1,4.1,5300,0
20110119,4.1,4.1,3.99,4.1,5000,0
20110120,4.09,4.09,3.96,4.05,11600,0
20110121,4.1,4.1,4,4,3700,0
20110124,4.02,4.22,3.99,4.22,56700,0
20110125,4.22,4.44,4.2,4.28,51500,0
20110126,4.28,4.28,4.15,4.2,9700,0
20110127,4.28,4.28,4.1,4.18,37100,0
20110128,4.15,4.27,4.11,4.2,29900,0
20110131,4.15,4.27,4.13,4.2,22800,0
20110201,4.15,4.15,4.1,4.15,11600,0
20110202,4.15,4.15,4.1,4.1,15600,0
20110203,4.11,4.11,4.02,4.05,29500,0
20110204,4.04,4.05,3.98,4,29800,0
20110207,4,4,3.91,4,9800,0
20110208,3.92,4.07,3.89,4.03,25900,0
20110209,4.04,4.04,3.92,3.98,11800,0
20110210,3.96,4.02,3.85,4.02,24100,0
20110211,3.92,3.99,3.87,3.99,13600,0
20110214,3.95,3.95,3.86,3.95,5100,0
20110215,3.9,3.97,3.8,3.95,8300,0
20110216,3.81,4,3.79,4,13900,0
20110217,4,4,3.88,3.99,6100,0
20110218,3.86,4.02,3.86,4.02,11200,0
20110221,3.9,4.04,3.8,3.92,31800,0
20110222,3.79,3.9,3.79,3.9,8200,0
20110223,3.75,3.91,3.75,3.89,6500,0
20110224,3.78,3.89,3.74,3.85,7100,0
20110225,3.78,3.85,3.76,3.85,7600,0
20110228,3.8,3.93,3.8,3.9,12500,0
20110301,3.82,3.85,3.8,3.85,5000,0
20110302,3.8,3.95,3.8,3.9,8900,0
20110303,3.9,3.98,3.9,3.95,1800,0
20110304,3.82,3.87,3.82,3.87,3400,0
20110307,3.81,3.9,3.75,3.85,27600,0
20110308,3.9,3.9,3.76,3.86,2000,0
20110309,3.8,3.85,3.8,3.85,3000,0
20110310,3.77,3.9,3.77,3.8,5300,0
20110311,3.8,3.88,3.75,3.87,1900,0
20110314,3.7,3.85,3.65,3.73,13500,0
20110315,3.65,3.7,3.26,3.45,26300,0
20110316,3.44,3.75,3.44,3.62,17700,0
20110317,3.76,3.94,3.72,3.94,21200,0
20110318,3.94,3.94,3.85,3.85,5800,0
20110321,3.9,3.99,3.9,3.99,17200,0
20110322,3.99,4.1,3.98,4.1,12300,0
20110323,4.09,4.12,3.99,3.99,21500,0
20110324,3.99,4.02,3.99,4.02,15400,0
20110325,4.03,4.1,3.9,4,27200,0
20110328,3.85,4,3.85,4,1500,0
20110330,3.81,3.95,3.81,3.95,9300,0
20110331,3.87,3.95,3.85,3.85,7900,0
20110401,3.99,4,3.9,4,55600,0
20110404,4.5,4.55,4.25,4.38,41500,0
20110405,4.39,4.4,4.25,4.37,28700,0
20110406,4.25,4.4,4.04,4.19,39000,0
20110407,4.1,4.25,3.95,4.15,33100,0
20110408,4,4.1,3.8,3.99,46900,0
20110411,3.99,4.19,3.85,4.19,41700,0
20110412,4.14,4.25,4.05,4.25,37000,0
20110413,4.2,4.25,4.13,4.2,23300,0
20110414,4.15,4.6,4.13,4.55,35300,0
20110415,4.63,4.7,4.38,4.6,26200,0
20110418,4.6,4.63,4.45,4.55,6500,0
20110419,4.6,4.6,4.5,4.6,1700,0
20110420,4.6,4.63,4.56,4.63,8100,0
20110421,4.51,4.74,4.48,4.65,20100,0
20110426,4.65,4.65,4.6,4.6,2000,0
20110427,4.6,4.6,4.42,4.6,8800,0
20110428,4.6,4.63,4.2,4.35,11800,0
20110429,4.3,4.48,4.3,4.48,5100,0
20110502,4.54,4.54,4.54,4.54,600,0
20110503,4.5,4.55,4.25,4.38,8300,0
20110504,4.31,4.5,4.3,4.45,6000,0
20110505,4.45,4.45,4.37,4.42,4300,0
20110506,4.45,4.5,4.45,4.5,4700,0
20110509,4.5,4.5,4.49,4.49,600,0
20110510,4.5,4.5,4.21,4.38,17000,0
20110511,4.41,4.41,4.2,4.35,4500,0
20110513,4.48,4.48,4.2,4.25,6400,0
20110516,4.25,4.33,4.17,4.33,5000,0
20110517,4.33,4.41,4.19,4.32,3900,0
20110518,4.32,4.39,4.21,4.37,1700,0
20110519,4.37,4.4,4.35,4.4,2900,0
20110520,4.4,4.4,4.3,4.35,4200,0
20110523,4.31,4.33,4.31,4.33,400,0
20110524,4.2,4.3,4.17,4.3,4500,0
20110525,4.25,4.3,3.95,4.19,10000,0
20110526,4.19,4.19,4.03,4.16,4100,0
20110527,4.24,4.32,4.24,4.32,5000,0
20110530,4.35,4.52,4.35,4.49,32200,0
20110531,4.39,4.49,4.39,4.49,6000,0
20110601,4.47,4.47,4.32,4.32,1800,0
20110602,4.28,4.49,4.28,4.49,11600,0
20110603,4.49,4.5,4.47,4.47,11700,0
20110606,4.43,4.5,4.4,4.5,17800,0
20110607,4.33,4.33,4.33,4.33,1400,0
20110608,4.28,4.28,4.2,4.2,3900,0
20110610,4.2,4.35,4.2,4.35,1400,0
20110613,4.35,4.35,4.35,4.35,100,0
20110615,4.2,4.33,4.2,4.33,1200,0
20110616,4.15,4.15,4.06,4.1,6000,0
20110617,4.1,4.27,4.1,4.27,2200,0
20110620,4.1,4.26,4.1,4.25,1300,0
20110621,4.26,4.26,4.05,4.12,3500,0
20110622,4.17,4.17,4,4,4100,0
20110624,4,4.05,3.99,4.05,1100,0
20110627,3.98,3.98,3.94,3.94,11500,0
20110628,3.9,3.9,3.51,3.7,32400,0
20110629,3.7,3.7,3.53,3.61,2700,0
20110630,3.6,3.91,3.52,3.9,7900,0
20110701,3.9,3.93,3.9,3.93,2500,0
20110705,3.7,3.91,3.7,3.91,4600,0
20110706,3.75,3.88,3.62,3.88,3500,0
20110707,3.91,3.91,3.7,3.91,2300,0
20110708,3.78,3.78,3.7,3.78,1100,0
20110711,3.85,3.85,3.85,3.85,600,0
20110712,3.65,3.87,3.65,3.87,2200,0
20110713,3.74,3.86,3.71,3.85,2500,0
20110714,3.71,3.9,3.71,3.9,5100,0
20110715,3.89,3.89,3.89,3.89,200,0
20110718,3.68,3.85,3.6,3.85,5000,0
20110719,3.7,3.7,3.66,3.66,1000,0
20110720,3.6,3.74,3.6,3.7,8800,0
20110721,3.79,3.79,3.65,3.65,1000,0
20110722,3.65,3.65,3.65,3.65,200,0
20110725,3.65,3.7,3.57,3.68,4900,0
20110726,3.76,3.76,3.76,3.76,100,0
20110727,3.79,3.79,3.79,3.79,700,0
20110728,3.51,3.79,3.05,3.79,29400,0
20110729,3.65,3.77,3.61,3.76,8200,0
20110801,3.82,3.82,3.7,3.7,2800,0
20110802,3.8,3.8,3.7,3.7,2700,0
20110803,3.79,3.79,3.5,3.55,6000,0
20110804,3.5,3.65,3.1,3.39,4200,0
20110805,3.1,3.69,3.1,3.5,11700,0
20110808,3.6,3.6,2.85,3.2,22100,0
20110809,3,3.55,2.85,3.55,14400,0
20110810,3.2,3.44,3,3.13,7300,0
20110811,3,3.29,3,3.29,1200,0
20110812,3.08,3.2,3,3.2,3700,0
20110815,3.01,3.2,3.01,3.2,8100,0
20110816,3.11,3.2,3.11,3.2,1000,0
20110818,3.05,3.05,2.88,3.05,3500,0
20110819,2.9,3.09,2.88,3.07,3700,0
20110822,2.86,2.86,2.86,2.86,500,0
20110823,2.88,3.13,2.88,3.13,4600,0
20110824,3.19,3.19,3.06,3.19,2000,0
20110825,3.05,3.13,3.04,3.13,11400,0
20110826,2.94,3.05,2.94,3.05,1500,0
20110830,3,3.1,2.99,3.02,4000,0
20110831,3.13,3.13,3.1,3.1,2700,0
20110901,3.1,3.18,3,3.18,500,0
20110902,3,3.15,2.9,3.13,800,0
20110905,3.15,3.15,2.79,2.89,10500,0
20110906,2.87,2.87,2.87,2.87,3000,0
20110907,2.96,2.96,2.96,2.96,600,0
20110908,2.96,2.96,2.96,2.96,100,0
20110909,2.99,2.99,2.85,2.85,2200,0
20110912,2.85,2.94,2.8,2.94,3700,0
20110913,2.8,2.9,2.8,2.9,200,0
20110915,2.95,2.95,2.95,2.95,500,0
20110916,2.92,2.92,2.92,2.92,400,0
20110919,2.97,3.12,2.95,3.12,6900,0
20110920,3.12,3.12,3.12,3.12,100,0
20110922,3.08,3.11,3.08,3.11,3000,0
20110923,3.18,3.18,3.18,3.18,100,0
20110926,3.18,3.18,3.18,3.18,400,0
20110927,3.18,3.18,3.18,3.18,200,0
20110928,3.18,3.18,3.18,3.18,200,0
20110929,3.2,3.2,3.15,3.2,1100,0
20110930,3.03,3.18,3,3.15,3300,0
20111004,2.97,3.2,2.97,3.2,1000,0
20111005,3.1,3.1,3.1,3.1,200,0
20111007,2.9,3.1,2.9,3.1,700,0
20111012,3,3,2.98,3,2500,0
20111013,3.05,3.05,3,3,6800,0
20111014,2.99,3.35,2.99,3.35,22000,0
20111017,3.26,3.31,3.17,3.31,2900,0
20111018,3.18,3.2,3.18,3.2,1300,0
20111019,3.2,3.2,3.2,3.2,1000,0
20111020,3.23,3.6,3.23,3.38,8800,0
20111021,3.38,3.4,3.38,3.4,1000,0
20111026,3.35,3.46,3.35,3.46,2100,0
20111027,3.4,3.4,3.4,3.4,100,0
20111101,3.5,3.5,3.5,3.5,100,0
20111102,3.5,3.52,3.5,3.52,100,0
20111103,3.5,3.5,3.27,3.5,4000,0
20111107,3.21,3.5,3.21,3.5,200,0
20111109,3.45,3.45,3.45,3.45,2100,0
20111110,3.22,3.3,3.22,3.3,2300,0
20111111,3.43,3.43,3.27,3.35,900,0
20111114,3.35,3.35,3.2,3.3,900,0
20111115,3.2,3.43,3.2,3.43,2200,0
20111116,3.43,3.43,3.43,3.43,500,0
20111118,3.2,3.4,3.2,3.3,1500,0
20111121,3.2,3.2,3.17,3.17,7100,0
20111122,3.23,3.34,3.1,3.21,4700,0
20111124,3.25,3.25,3.06,3.2,5400,0
20111125,3.06,3.15,3.05,3.13,8500,0
20111128,3.1,3.2,2.95,3.2,4500,0
20111201,3.15,3.35,3.1,3.35,400,0
20111202,3.3,3.3,3.3,3.3,100,0
20111205,3.2,3.3,3.2,3.3,600,0
20111206,3.25,3.3,3.13,3.3,600,0
20111208,3.17,3.24,3.15,3.15,1200,0
20111212,3.3,3.3,3.3,3.3,100,0
20111213,3.3,3.3,3.3,3.3,300,0
20111214,3.3,3.3,3.3,3.3,100,0
20111215,2.2,3.06,2.2,3.05,26800,0
20111216,3.07,3.07,3.07,3.07,100,0
20111219,2.91,2.98,2.9,2.94,2100,0
20111220,2.92,2.95,2.85,2.94,2900,0
20111221,2.85,2.95,2.85,2.95,5800,0
20111222,2.82,2.94,2.78,2.94,1800,0
20111223,2.9,2.9,2.68,2.9,600,0
20111227,2.91,2.91,2.91,2.91,100,0
20111229,2.8,2.8,2.8,2.8,200,0
20111230,2.85,2.92,2.71,2.75,3500,0
20120102,2.75,2.75,2.55,2.62,10600,0
20120103,2.45,2.6,2.45,2.52,7000,0
20120104,2.3,2.52,2.3,2.49,4900,0
20120105,2.29,2.36,2.02,2.2,35700,0
20120106,2.19,2.53,2.15,2.4,18900,0
20120109,2.5,2.85,2.5,2.85,14800,0
20120110,2.85,2.93,2.81,2.9,7600,0
20120111,2.95,3,2.93,2.93,1100,0
20120112,2.91,2.91,2.91,2.91,1100,0
20120113,2.77,2.91,2.75,2.91,4000,0
20120117,2.85,2.85,2.85,2.85,400,0
20120118,2.85,3.03,2.85,3.03,9400,0
20120119,3.03,3.5,3.03,3.47,22600,0
20120120,3.39,3.39,3.39,3.39,100,0
20120123,3.24,3.25,3.16,3.2,13800,0
20120124,3.14,3.2,3.12,3.2,2400,0
20120125,3.2,3.2,3.19,3.19,1300,0
20120126,3.2,3.2,3.2,3.2,600,0
20120130,3.2,3.2,3.2,3.2,1600,0
20120202,3.37,3.37,3.2,3.2,4000,0
20120203,3.2,3.2,3.17,3.2,5400,0
20120206,3.25,3.25,3.25,3.25,100,0
20120208,3.2,3.25,3.2,3.25,2200,0
20120209,3.25,3.37,3.25,3.37,2200,0
20120210,3.37,3.37,3.2,3.21,1300,0
20120213,3.22,3.22,3.22,3.22,2000,0
20120214,3.22,3.26,3.22,3.26,2000,0
20120215,3.29,3.29,3.29,3.29,100,0
20120217,3.29,3.29,3.19,3.29,2600,0
20120220,3.25,3.27,3.1,3.27,9000,0
20120222,3.2,3.27,3.2,3.22,2200,0
20120223,3.02,3.22,3.02,3.1,4000,0
20120224,3.22,3.22,2.97,3.05,4700,0
20120228,3.01,3.1,3,3.1,8100,0
20120301,3.01,3.01,3,3,2300,0
20120302,3,3,3,3,700,0
20120305,3,3.14,3,3.14,500,0
20120306,3.14,3.14,3,3.1,4600,0
20120307,3,3,2.78,2.9,9000,0
20120308,3,3,2.9,2.9,2000,0
20120309,2.84,2.84,2.84,2.84,100,0
20120312,2.74,2.78,2.69,2.78,1800,0
20120313,2.7,2.88,2.7,2.88,200,0
20120314,2.88,2.91,2.88,2.91,2200,0
20120315,2.94,2.97,2.86,2.97,5700,0
20120319,2.95,2.97,2.95,2.97,100,0
20120321,2.96,2.96,2.9,2.9,400,0
20120322,2.96,2.97,2.96,2.97,100,0
20120326,2.95,2.95,2.75,2.84,7500,0
20120329,2.76,2.82,2.65,2.82,8200,0
20120330,2.8,2.97,2.75,2.97,2400,0
20120403,2.82,2.89,2.65,2.75,6700,0
20120404,2.78,2.9,2.6,2.9,1600,0
20120405,2.72,2.8,2.5,2.72,8600,0
20120410,2.55,2.71,2.55,2.71,100,0
20120416,2.55,2.64,2.49,2.6,12400,0
20120418,2.45,2.45,2.45,2.45,3000,0
20120419,2.55,2.55,2.55,2.55,300,0
20120420,2.47,2.55,2.47,2.47,1100,0
20120423,2.45,2.55,2.45,2.55,500,0
20120424,2.65,2.8,2.5,2.8,9000,0
20120425,2.71,2.71,2.71,2.71,2000,0
20120426,2.7,2.7,2.7,2.7,100,0
20120427,2.6,2.65,2.5,2.6,3400,0
20120430,2.6,2.69,2.6,2.69,1200,0
20120503,2.5,2.59,2.48,2.48,1700,0
20120504,2.64,2.64,2.64,2.64,200,0
20120507,2.5,2.52,2.26,2.49,7300,0
20120508,2.5,2.5,2.5,2.5,700,0
20120509,2.53,2.6,2.53,2.6,200,0
20120510,2.59,2.62,2.36,2.47,18200,0
20120511,2.4,2.45,2.3,2.3,7100,0
20120514,2.29,2.32,2.18,2.18,10300,0
20120515,2.29,2.29,2.2,2.28,500,0
20120521,2.15,2.15,2.1,2.1,1500,0
20120522,2.1,2.1,2.1,2.1,1000,0
20120523,2.1,2.1,2.1,2.1,100,0
20120524,2.1,2.1,2.02,2.1,9800,0
20120525,2.02,2.1,2.02,2.1,900,0
20120528,2.1,2.1,2.1,2.1,1000,0
20120529,2.1,2.15,2.1,2.15,1100,0
20120530,2.1,2.1,2.1,2.1,4600,0
20120531,2.1,2.18,2.1,2.1,12900,0
20120601,2.01,2.11,2.01,2.05,1700,0
20120604,2.15,2.15,2,2.15,17400,0
20120605,2.18,2.18,2,2.15,3700,0
20120607,2.05,2.1,2.05,2.1,500,0
20120608,2.1,2.13,2,2.13,4900,0
20120611,2.05,2.1,2,2.1,1300,0
20120612,2.1,2.3,2,2.3,17400,0
20120613,2.2,2.41,2,2.4,5600,0
20120614,2.29,2.29,2.2,2.2,5500,0
20120615,2.17,2.17,2.17,2.17,2900,0
20120618,2.3,2.3,2.17,2.17,300,0
20120619,2.29,2.29,2.2,2.2,100,0
20120620,2.3,2.3,2.3,2.3,100,0
20120621,2.3,2.3,2.3,2.3,100,0
20120622,2.3,2.3,2.24,2.3,600,0
20120625,2.34,2.42,2.2,2.29,6300,0
20120628,2.2,2.2,2.2,2.2,100,0
20120702,2.07,2.21,2.03,2.19,8600,0
20120704,2.09,2.09,2.05,2.09,3500,0
20120705,2.06,2.1,2.04,2.09,3100,0
20120706,2.08,2.12,2.08,2.12,2500,0
20120710,2.09,2.09,1.99,1.99,900,0
20120711,2.05,2.05,2.01,2.05,3000,0
20120712,1.99,2.06,1.99,2.05,7500,0
20120713,2.04,2.04,1.9,2.04,2400,0
20120717,2.05,2.05,2,2,2900,0
20120718,1.95,2.03,1.7,1.75,14300,0
20120719,1.75,1.75,1.3,1.34,35500,0
20120720,1.38,1.49,1.38,1.42,44500,0
20120723,1.48,1.59,1.45,1.59,45200,0
20120724,1.58,1.58,1.46,1.53,7200,0
20120725,1.53,1.55,1.53,1.55,15900,0
20120726,1.43,1.5,1.39,1.4,32000,0
20120727,1.47,1.47,1.42,1.46,10000,0
20120730,1.46,1.48,1.46,1.47,15000,0
20120731,1.44,1.44,1.4,1.42,6600,0
20120801,1.4,1.44,1.4,1.44,2100,0
20120802,1.4,1.44,1.4,1.44,200,0
20120803,1.35,1.41,1.31,1.41,2000,0
20120806,1.38,1.41,1.38,1.41,700,0
20120807,1.42,1.42,1.26,1.26,8200,0
20120808,1.21,1.39,1.21,1.39,14900,0
20120809,1.37,1.37,1.3,1.37,1900,0
20120810,1.3,1.41,1.3,1.31,12600,0
20120813,1.3,1.38,1.29,1.29,1500,0
20120814,1.31,1.35,1.3,1.35,2600,0
20120815,1.38,1.38,1.37,1.37,200,0
20120816,1.38,1.4,1.38,1.4,4600,0
20120817,1.39,1.41,1.33,1.41,8600,0
20120820,1.41,1.41,1.3,1.3,1400,0
20120821,1.3,1.35,1.3,1.35,2200,0
20120822,1.37,1.39,1.37,1.39,4200,0
20120823,1.4,1.4,1.4,1.4,2500,0
20120824,1.33,1.41,1.33,1.38,1800,0
20120827,1.38,1.38,1.38,1.38,200,0
20120829,1.38,1.38,1.31,1.38,1300,0
20120830,1.38,1.38,1.38,1.38,2600,0
20120831,1.38,1.38,1.37,1.38,6100,0
20120904,1.38,1.38,1.35,1.38,400,0
20120905,1.35,1.38,1.32,1.38,2200,0
20120906,1.38,1.38,1.38,1.38,100,0
20120907,1.38,1.38,1.38,1.38,100,0
20120911,1.36,1.37,1.36,1.37,200,0
20120912,1.38,1.55,1.36,1.55,29000,0
20120913,1.48,1.73,1.48,1.72,38600,0
20120914,1.72,1.72,1.49,1.69,30800,0
20120917,1.7,1.72,1.55,1.55,19900,0
20120918,1.54,1.7,1.54,1.65,14300,0
20120919,1.65,1.65,1.58,1.6,5900,0
20120920,1.5,1.57,1.35,1.36,28600,0
20120921,1.42,1.47,1.39,1.45,16500,0
20120924,1.47,1.48,1.43,1.48,8600,0
20120925,1.51,1.52,1.45,1.5,5400,0
20120926,1.5,1.58,1.46,1.46,14800,0
20120927,1.46,1.48,1.46,1.48,3500,0
20120928,1.47,1.47,1.43,1.47,500,0
20121001,1.49,1.62,1.49,1.55,7300,0
20121002,1.55,1.57,1.55,1.57,4600,0
20121004,1.53,1.56,1.53,1.56,3400,0
20121005,1.57,1.57,1.48,1.48,400,0
20121008,1.48,1.54,1.46,1.46,7000,0
20121009,1.46,1.48,1.46,1.48,200,0
20121010,1.46,1.46,1.45,1.46,3200,0
20121011,1.45,1.45,1.45,1.45,200,0
20121012,1.47,1.51,1.47,1.51,5100,0
20121015,1.51,1.51,1.51,1.51,200,0
20121016,1.47,1.48,1.47,1.48,3200,0
20121017,1.51,1.51,1.51,1.51,100,0
20121018,1.51,1.51,1.45,1.51,900,0
20121022,1.51,1.67,1.51,1.6,25700,0
20121023,1.58,1.59,1.58,1.59,400,0
20121024,1.63,1.68,1.63,1.68,5500,0
20121025,1.63,1.65,1.63,1.64,4300,0
20121026,1.59,1.6,1.59,1.6,2200,0
20121029,1.55,1.62,1.55,1.56,10500,0
20121030,1.61,1.61,1.55,1.55,200,0
20121031,1.56,1.61,1.56,1.6,8000,0
20121101,1.6,1.6,1.6,1.6,2000,0
20121102,1.63,1.63,1.62,1.62,1700,0
20121105,1.63,1.65,1.63,1.65,4100,0
20121106,1.66,1.69,1.66,1.69,500,0
20121107,1.61,1.64,1.61,1.64,2100,0
20121112,1.66,1.68,1.66,1.68,500,0
20121113,1.6,1.67,1.6,1.67,2000,0
20121114,1.68,1.68,1.61,1.68,5000,0
20121115,1.65,1.7,1.57,1.7,1900,0
20121116,1.7,1.95,1.7,1.77,21800,0
20121119,1.82,1.82,1.79,1.79,3600,0
20121120,1.76,1.85,1.74,1.85,14300,0
20121121,1.87,1.99,1.87,1.99,14200,0
20121122,1.95,2.35,1.95,2.23,52700,0
20121123,2.25,2.29,2.15,2.25,14500,0
20121126,2.31,2.68,2.21,2.67,30600,0
20121127,2.9,3.1,2.35,2.51,71400,0
20121128,2.58,2.62,2.33,2.33,9100,0
20121129,2.38,2.46,2.35,2.35,5000,0
20121130,2.34,2.67,2.33,2.58,20000,0
20121203,2.53,2.75,2.53,2.6,28200,0
20121204,2.68,2.68,2.68,2.68,500,0
20121205,2.72,2.79,2.7,2.79,10900,0
20121206,2.79,3,2.79,2.86,19300,0
20121207,2.9,2.9,2.84,2.9,12300,0
20121210,2.8,2.87,2.8,2.87,1600,0
20121211,2.87,2.94,2.87,2.92,7100,0
20121212,2.94,2.98,2.94,2.98,10000,0
20121213,2.98,3,2.92,3,13600,0
20121214,3.07,3.3,2.88,3.3,40000,0
20121217,3.35,3.35,3.25,3.35,1600,0
20121218,3.35,3.35,3.22,3.35,3000,0
20121219,3.35,3.43,3.25,3.35,17000,0
20121220,3.35,3.35,3.3,3.31,400,0
20121221,3.39,3.6,3.39,3.6,33100,0
20121227,3.68,3.9,3.57,3.89,51200,0
20121228,3.9,3.9,3.8,3.8,9700,0
20130102,3.88,4.04,3.88,4,10200,0
20130103,4.04,4.04,3.7,3.94,21600,0
20130104,3.3,3.32,3.03,3.19,92600,0
20130107,3.1,3.19,2.63,2.9,62900,0
20130108,2.81,2.9,2.67,2.9,39000,0
20130109,2.8,2.95,2.8,2.95,15300,0
20130110,3,3.24,3,3.1,22000,0
20130111,3.1,3.29,3.1,3.29,7000,0
20130114,3.29,3.32,3.25,3.32,10800,0
20130115,3.23,3.29,3.01,3.29,17400,0
20130116,3.3,3.3,3.14,3.26,2900,0
20130117,3.14,3.27,3,3.06,9400,0
20130118,3,3,2.98,3,1400,0
20130121,3.1,3.12,2.98,2.98,3800,0
20130122,2.98,2.98,2.9,2.92,5900,0
20130124,2.91,3.05,2.91,3.05,100,0
20130125,3.05,3.08,2.92,2.95,65600,0
20130128,2.92,3,2.92,3,400,0
20130129,2.95,3,2.89,2.96,6900,0
20130130,2.89,2.89,2.89,2.89,3000,0
20130131,2.94,3,2.81,2.95,9700,0
20130201,2.95,3.03,2.95,2.95,3000,0
20130204,3,3,2.82,2.95,9900,0
20130205,2.85,3.03,2.85,2.96,2700,0
20130207,2.92,3.03,2.92,3.03,1000,0
20130211,3.03,3.03,3,3,1800,0
20130212,3.06,3.06,2.9,2.96,2400,0
20130213,2.96,2.96,2.95,2.96,2600,0
20130214,2.96,2.96,2.93,2.96,24200,0
20130215,2.98,3.08,2.98,3.06,1200,0
20130218,3.02,3.11,3,3.11,2300,0
20130219,3.14,3.14,3.11,3.14,400,0
20130221,2.99,3.13,2.99,3.13,3900,0
20130225,3.17,3.17,3,3.15,1900,0
20130226,3,3,2.96,2.96,1900,0
20130227,3.08,3.08,2.99,2.99,1800,0
20130228,3.06,3.06,2.93,2.99,11100,0
20130301,3,3,2.91,2.93,200,0
20130304,2.93,2.93,2.9,2.93,700,0
20130305,2.86,2.93,2.86,2.93,3500,0
20130306,2.92,2.93,2.84,2.9,2500,0
20130307,2.93,2.93,2.84,2.92,1300,0
20130308,2.93,3.06,2.93,2.95,10300,0
20130311,2.95,2.95,2.71,2.71,12200,0
20130312,2.75,2.9,2.75,2.8,5100,0
20130313,2.77,2.89,2.72,2.81,2800,0
20130314,2.87,2.9,2.79,2.9,15300,0
20130315,2.8,2.85,2.79,2.85,1100,0
20130318,2.83,2.9,2.83,2.9,6400,0
20130319,2.85,2.93,2.81,2.93,700,0
20130320,2.9,2.9,2.9,2.9,100,0
20130321,2.9,2.93,2.8,2.93,1700,0
20130322,3,3,3,3,100,0
20130325,2.85,3,2.85,3,1400,0
20130326,2.88,2.96,2.88,2.96,2100,0
20130327,2.88,2.95,2.83,2.95,7100,0
20130328,2.95,2.95,2.78,2.88,11200,0
20130402,2.84,2.88,2.84,2.88,1500,0
20130403,2.92,2.92,2.92,2.92,100,0
20130404,2.9,2.9,2.9,2.9,200,0
20130405,2.82,2.88,2.76,2.88,1100,0
20130408,2.88,2.88,2.88,2.88,100,0
20130409,2.88,2.88,2.88,2.88,100,0
20130410,2.77,2.8,2.74,2.8,1200,0
20130411,2.77,2.77,2.77,2.77,500,0
20130412,2.79,2.79,2.2,2.4,21000,0
20130415,2.4,2.77,2.33,2.77,25400,0
20130416,2.77,2.8,2.75,2.8,700,0
20130417,2.8,2.8,2.8,2.8,100,0
20130418,2.63,2.75,2.59,2.75,4700,0
20130419,2.73,2.73,2.73,2.73,100,0
20130422,2.75,2.78,2.68,2.68,3100,0
20130423,2.72,2.8,2.7,2.7,2600,0
20130424,2.7,2.7,2.7,2.7,100,0
20130425,2.7,2.7,2.7,2.7,600,0
20130426,2.7,2.7,2.58,2.7,4100,0
20130429,2.57,2.7,2.5,2.5,600,0
20130430,2.62,2.68,2.49,2.68,1500,0
20130502,2.52,2.63,2.38,2.63,3400,0
20130503,2.66,2.66,2.66,2.66,100,0
20130506,2.7,2.7,2.52,2.64,2400,0
20130507,2.7,2.7,2.52,2.59,3200,0
20130508,2.6,2.6,2.48,2.59,207600,0
20130510,2.59,2.65,2.35,2.44,64400,0
20130513,2.46,2.5,2.4,2.48,161800,0
20130515,2.54,2.54,2.4,2.49,11900,0
20130516,2.4,2.42,2.36,2.42,5900,0
20130517,2.36,2.52,2.36,2.52,5600,0
20130520,2.34,2.44,2.34,2.44,3500,0
20130522,2.31,2.43,2.3,2.43,1000,0
20130523,2.43,2.43,2.35,2.35,1000,0
20130524,2.43,2.43,2.37,2.37,500,0
20130527,2.3,2.37,2.3,2.37,2500,0
20130528,2.4,2.4,2.4,2.4,300,0
20130531,2.23,2.4,2.23,2.39,1200,0
20130603,2.28,2.28,2.28,2.28,1500,0
20130604,2.39,2.39,2.23,2.36,2200,0
20130605,2.34,2.4,2.34,2.34,800,0
20130607,2.25,2.3,2.15,2.27,13900,0
20130610,2.15,2.2,2.15,2.2,3000,0
20130611,2.11,2.24,2.04,2.22,5500,0
20130613,2.08,2.25,2.08,2.25,3900,0
20130617,2.1,2.24,2.02,2.05,8300,0
20130618,2.05,2.07,2.05,2.07,4100,0
20130619,2.13,2.6,2.13,2.6,47100,0
20130620,2.68,2.93,2.68,2.7,27600,0
20130621,2.7,2.79,2.57,2.75,5400,0
20130624,2.75,2.84,2.7,2.7,900,0
20130625,2.71,2.71,2.7,2.7,1600,0
20130626,2.61,2.65,2.6,2.65,2700,0
20130627,2.66,2.8,2.66,2.8,8200,0
20130628,2.75,2.84,2.75,2.8,5000,0
20130701,2.75,2.83,2.75,2.83,500,0
20130702,2.83,2.95,2.83,2.92,7400,0
20130703,2.95,2.95,2.8,2.9,7900,0
20130704,2.95,2.95,2.85,2.94,6600,0
20130705,2.94,3,2.94,2.99,3800,0
20130708,3,3.05,2.99,3.05,7200,0
20130709,3.05,3.15,3.01,3.15,10400,0
20130710,3,3,2.7,2.83,31100,0
20130711,2.75,2.8,2.75,2.8,2500,0
20130712,2.8,2.8,2.77,2.8,3300,0
20130715,2.77,2.77,2.77,2.77,500,0
20130716,2.83,2.83,2.78,2.78,4200,0
20130717,2.82,2.9,2.82,2.9,2000,0
20130718,2.9,2.92,2.9,2.92,7700,0
20130719,2.8,2.9,2.8,2.9,1300,0
20130722,2.9,2.96,2.88,2.96,2700,0
20130723,3,3,3,3,500,0
20130724,2.95,2.95,2.95,2.95,300,0
20130725,2.89,2.89,2.86,2.86,4700,0
20130726,2.85,3,2.85,2.9,4000,0
20130729,2.8,2.83,2.8,2.83,4600,0
20130730,2.83,2.83,2.8,2.81,4300,0
20130731,2.8,2.85,2.76,2.85,5600,0
20130801,2.88,2.88,2.88,2.88,3000,0
20130802,2.78,2.8,2.78,2.8,800,0
20130805,2.85,3.18,2.85,3.06,9600,0
20130807,3.16,3.8,3.01,3.59,27500,0
20130808,3.8,4,3.63,3.76,52200,0
20130809,3.89,3.89,3.45,3.45,13200,0
20130812,3.6,3.77,3.5,3.77,7800,0
20130813,3.85,4,3.85,3.99,11100,0
20130814,3.99,4,3.8,4,9600,0
20130815,4,4,3.9,3.9,7300,0
20130816,3.82,4,3.82,3.83,2300,0
20130819,3.82,3.82,3.62,3.66,17800,0
20130820,3.7,3.7,3.7,3.7,3800,0
20130821,3.77,3.77,3.55,3.55,7900,0
20130822,3.37,3.45,3.12,3.45,35300,0
20130823,3.45,3.45,3.27,3.38,7400,0
20130826,3.42,3.47,3.3,3.3,10500,0
20130827,3.26,3.35,3.13,3.35,14700,0
20130828,3.3,3.37,3.3,3.37,2800,0
20130829,3.47,3.47,3.38,3.38,500,0
20130830,3.35,3.35,3.35,3.35,800,0
20130902,3.39,3.4,3.3,3.38,4300,0
20130903,3.39,3.39,3.3,3.39,6300,0
20130904,3.35,3.35,3.35,3.35,4400,0
20130905,3.26,3.34,3.22,3.22,7600,0
20130906,3.21,3.27,3.03,3.19,21700,0
20130909,3.05,3.05,3,3.05,6400,0
20130910,3,3.05,3,3.04,4200,0
20130911,3.03,3.03,3.03,3.03,1500,0
20130912,3.1,3.1,3.07,3.07,400,0
20130913,3.08,3.08,3.08,3.08,600,0
20130916,3.02,3.03,2.89,2.89,9200,0
20130917,3.01,3.01,2.85,2.9,10900,0
20130920,3.01,3.01,3.01,3.01,1000,0
20130923,3.01,3.01,2.9,2.9,6900,0
20130924,2.9,3.01,2.68,2.74,29000,0
20130926,2.76,3.06,2.76,3,20800,0
20130927,3.05,3.05,3.05,3.05,500,0
20130930,3.05,3.16,3.05,3.16,8400,0
20131001,3.02,3.15,3.02,3.15,4400,0
20131003,3.06,3.16,3.06,3.16,1800,0
20131004,3.04,3.05,3.04,3.05,1700,0
20131007,3.04,3.1,2.97,2.98,4400,0
20131008,3.01,3.01,2.9,2.9,5600,0
20131009,2.95,2.95,2.95,2.95,500,0
20131010,2.88,2.88,2.85,2.85,3300,0
20131011,2.9,2.9,2.78,2.78,7500,0
20131014,2.88,3.1,2.88,3.1,6900,0
20131015,3.1,3.1,2.96,3.03,11300,0
20131016,3.03,3.03,3.03,3.03,200,0
20131017,3.03,3.03,3.03,3.03,900,0
20131018,3.01,3.1,2.96,3.1,2400,0
20131021,3.14,3.14,2.97,2.97,7800,0
20131022,2.96,2.96,2.42,2.43,16900,0
20131023,2.45,2.77,2.45,2.75,22800,0
20131024,2.75,2.75,2.75,2.75,9000,0
20131025,2.75,2.75,2.75,2.75,7000,0
20131028,2.7,2.7,2.55,2.55,17500,0
20131029,2.51,2.61,2.51,2.6,5500,0
20131030,2.62,2.65,2.5,2.65,7600,0
20131031,2.65,2.65,2.65,2.65,2600,0
20131101,2.54,2.75,2.54,2.75,9200,0
20131104,2.84,2.86,2.84,2.84,7900,0
20131105,2.85,2.85,2.64,2.79,20200,0
20131106,2.79,2.8,2.79,2.8,1200,0
20131107,2.7,2.75,2.65,2.65,2400,0
20131108,2.67,2.75,2.58,2.7,5600,0
20131111,2.7,2.78,2.68,2.7,8000,0
20131112,2.78,2.8,2.78,2.8,4100,0
20131113,2.78,2.92,2.78,2.92,10500,0
20131114,2.92,3,2.9,2.9,11700,0
20131115,3,3.04,2.89,3.01,15500,0
20131118,3.04,3.12,2.98,3.1,9000,0
20131119,3.1,3.1,3.01,3.01,3800,0
20131120,3.01,3.25,3.01,3.25,8400,0
20131121,3.25,3.25,3.1,3.11,8300,0
20131122,3.05,3.05,3.05,3.05,5000,0
20131125,3,3.02,3,3.02,6200,0
20131127,3.12,3.13,3.05,3.05,3000,0
20131128,3.06,3.07,3,3.07,8100,0
20131129,3.12,3.12,3.05,3.05,2100,0
20131202,3.05,3.11,3,3.02,7600,0
20131203,3.02,3.14,2.98,3.1,39400,0
20131204,3.1,3.3,2.96,3.3,45400,0
20131205,3.12,3.32,3.12,3.25,23100,0
20131206,3.25,3.32,3.2,3.2,12900,0
20131209,3.18,3.18,3.1,3.1,6900,0
20131210,3.19,3.19,3.06,3.1,4400,0
20131211,3.15,3.15,3.08,3.08,2200,0
20131212,3.07,3.07,2.91,2.91,11300,0
20131213,2.92,3.05,2.91,3.05,800,0
20131216,2.99,2.99,2.82,2.82,9100,0
20131217,2.82,2.88,2.82,2.88,100,0
20131218,2.92,2.92,2.8,2.8,3000,0
20131219,2.69,2.79,2.68,2.79,9900,0
20131220,2.86,2.86,2.77,2.77,2700,0
20131223,2.85,2.85,2.75,2.75,1600,0
20131227,2.81,2.81,2.75,2.75,4800,0
20131230,2.8,2.8,2.7,2.76,6700,0
20140102,2.86,2.86,2.7,2.76,4300,0
20140103,2.62,2.66,2.59,2.61,8100,0
20140106,2.67,2.67,2.52,2.63,17600,0
20140107,2.61,2.61,2.6,2.6,1500,0
20140108,2.68,2.7,2.68,2.69,3100,0
20140109,2.63,2.71,2.63,2.64,3100,0
20140110,2.71,2.71,2.6,2.62,6800,0
20140113,2.62,2.62,2.62,2.62,800,0
20140114,2.71,2.71,2.6,2.62,2500,0
20140115,2.65,2.65,2.6,2.6,1000,0
20140116,2.6,2.71,2.56,2.71,4300,0
20140117,2.62,2.62,2.55,2.58,10500,0
20140120,2.65,2.65,2.5,2.52,10800,0
20140121,2.47,2.5,2.35,2.5,23500,0
20140122,2.56,2.56,2.5,2.5,3700,0
20140123,2.54,2.54,2.54,2.54,1000,0
20140124,2.55,2.6,2.55,2.6,1000,0
20140127,2.48,2.55,2.47,2.47,400,0
20140128,2.56,2.66,2.52,2.54,10700,0
20140129,2.6,2.6,2.57,2.57,2000,0
20140130,2.56,2.6,2.56,2.6,6500,0
20140131,2.52,2.6,2.51,2.6,5400,0
20140203,2.52,2.55,2.45,2.55,6800,0
20140204,2.5,2.5,2.35,2.35,17200,0
20140205,2.45,2.45,2.4,2.4,4300,0
20140206,2.48,2.56,2.48,2.48,10900,0
20140207,2.42,2.5,2.42,2.5,4400,0
20140210,2.5,2.5,2.5,2.5,800,0
20140212,2.55,2.55,2.55,2.55,2000,0
20140213,2.51,2.51,2.45,2.47,3800,0
20140214,2.47,2.48,2.47,2.48,200,0
20140217,2.42,2.42,2.42,2.42,1200,0
20140218,2.44,2.44,2.39,2.39,6300,0
20140220,2.4,2.4,2.4,2.4,1000,0
20140224,2.38,2.42,2.38,2.42,5200,0
20140225,2.42,2.42,2.4,2.4,4000,0
20140226,2.4,2.4,2.36,2.4,3100,0
20140227,2.4,2.4,2.4,2.4,2000,0
20140228,2.42,2.42,2.42,2.42,2100,0
20140303,2.39,2.43,2.35,2.38,11400,0
20140305,2.41,2.41,2.34,2.41,3100,0
20140306,2.35,2.45,2.35,2.45,800,0
20140307,2.38,2.43,2.37,2.43,2000,0
20140310,2.36,2.39,2.3,2.39,6100,0
20140312,2.39,2.39,2.3,2.3,5300,0
20140313,2.3,2.38,2.23,2.38,16900,0
20140314,2.29,2.29,2.29,2.29,1000,0
20140317,2.31,2.31,2.31,2.31,500,0
20140318,2.31,2.32,2.3,2.3,4500,0
20140319,2.25,2.25,2.25,2.25,500,0
20140320,2.25,2.25,2.19,2.25,6800,0
20140321,2.25,2.35,2.25,2.35,2400,0
20140324,2.28,2.38,2.28,2.28,6700,0
20140325,2.28,2.28,2.28,2.28,4300,0
20140326,2.3,2.3,2.3,2.3,200,0
20140327,2.26,2.26,2.26,2.26,500,0
20140328,2.26,2.26,2.2,2.2,6100,0
20140331,2.2,2.25,2.2,2.25,4700,0
20140403,2.24,2.3,2.24,2.3,5500,0
20140404,2.23,2.23,2.23,2.23,200,0
20140408,2.28,2.28,2.17,2.17,4500,0
20140409,2.17,2.22,2.13,2.2,5100,0
20140410,2.16,2.16,2.16,2.16,200,0
20140414,2.13,2.22,2.13,2.22,300,0
20140415,2.1,2.1,2.1,2.1,5000,0
20140416,2.1,2.1,2.1,2.1,1400,0
20140417,2.1,2.15,2.05,2.15,3000,0
20140422,2.19,2.2,2.19,2.2,4200,0
20140423,2.18,2.2,2.18,2.2,1000,0
20140428,2.23,2.36,2.23,2.32,10200,0
20140430,2.3,2.32,2.3,2.32,18900,0
20140502,2.3,2.35,2.3,2.35,5700,0
20140505,2.24,2.24,2.24,2.24,500,0
20140507,2.34,2.34,2.34,2.34,500,0
20140508,2.34,2.35,2.34,2.35,1700,0
20140509,2.27,2.34,2.25,2.25,16100,0
20140512,2.32,2.32,2.26,2.26,3500,0
20140513,2.12,2.2,2.12,2.19,8200,0
20140515,2.1,2.28,2.08,2.28,8800,0
20140516,2.33,2.4,2.3,2.3,10500,0
20140519,2.31,2.35,2.31,2.35,1000,0
20140520,2.35,2.35,2.35,2.35,4500,0
20140521,2.31,2.31,2.23,2.23,7300,0
20140523,2.24,2.24,2.24,2.24,100,0
20140526,2.23,2.23,1.82,1.94,21600,0
20140527,1.91,2.05,1.91,2.04,9600,0
20140528,2.03,2.08,2.03,2.08,5700,0
20140529,2.18,2.18,2.04,2.04,2100,0
20140530,2.05,2.08,2.01,2.06,4700,0
20140602,2.06,2.42,2.06,2.27,31900,0
20140603,2.32,2.32,2.2,2.26,15000,0
20140604,2.2,2.21,2.2,2.21,2500,0
20140610,2.27,2.47,2.27,2.4,29500,0
20140611,2.47,2.47,2.32,2.34,16800,0
20140612,2.3,2.36,2.2,2.2,8200,0
20140616,2.24,2.24,2.17,2.17,1300,0
20140617,2.1,2.1,2.09,2.09,100,0
20140618,2.18,2.26,2.11,2.11,17600,0
20140620,2.2,2.28,2.18,2.18,1900,0
20140623,2.12,2.16,2.12,2.16,1800,0
20140625,2.11,2.25,2.11,2.23,14600,0
20140627,2.22,2.23,2.22,2.23,1000,0
20140630,2.15,2.15,2.15,2.15,2000,0
20140702,2.15,2.15,2.11,2.11,1100,0
20140703,2.11,2.11,2.04,2.04,2100,0
20140704,2.13,2.15,2.13,2.15,4400,0
20140707,2.2,2.36,2.2,2.35,28200,0
20140708,2.35,2.39,2.35,2.39,7700,0
20140709,2.45,2.45,2.4,2.4,900,0
20140710,2.32,2.32,2.2,2.2,5300,0
20140711,2.2,2.2,2.2,2.2,1000,0
20140714,2.17,2.17,2.16,2.16,3100,0
20140715,2.16,2.25,2.16,2.25,3000,0
20140717,2.13,2.13,2.13,2.13,1500,0
20140721,2.11,2.18,2.09,2.18,25000,0
20140722,2.1,2.2,2.05,2.05,14600,0
20140723,2.06,2.19,2.03,2.03,32200,0
20140724,2.03,2.08,2.03,2.08,1500,0
20140725,2.09,2.1,2.01,2.1,11300,0
20140729,2.04,2.06,2.04,2.06,5400,0
20140730,2.05,2.06,2.01,2.01,15700,0
20140731,2.01,2.01,2.01,2.01,600,0
20140801,2.01,2.05,2.01,2.05,1800,0
20140806,2,2,2,2,2000,0
20140808,1.96,1.96,1.95,1.95,5000,0
20140812,2,2,2,2,4500,0
20140813,2,2,2,2,2000,0
20140814,2,2,2,2,200,0
20140815,2,2,2,2,1400,0
20140818,2,2.11,2,2.1,11800,0
20140819,2,2,1.86,1.86,10800,0
20140820,1.87,1.87,1.83,1.83,1100,0
20140821,1.88,1.88,1.5,1.5,35900,0
20140822,1.65,2.18,1.44,1.65,153300,0
20140825,1.69,1.85,1.69,1.78,33900,0
20140826,1.84,1.84,1.66,1.76,54800,0
20140827,1.84,1.85,1.84,1.85,6600,0
20140828,1.85,1.85,1.85,1.85,1500,0
20140901,1.9,1.9,1.83,1.83,4700,0
20140902,1.93,1.93,1.89,1.89,1500,0
20140903,1.85,1.91,1.8,1.8,10800,0
20140904,1.79,1.79,1.7,1.7,4500,0
20140905,1.65,1.7,1.57,1.7,24500,0
20140908,1.7,2.05,1.7,2,19100,0
20140909,2.03,2.18,1.93,2.18,16800,0
20140910,2.18,2.18,2.07,2.15,6800,0
20140911,2.06,2.18,2.01,2.01,11500,0
20140912,2.01,2.1,2.01,2.09,3300,0
20140915,2.02,2.02,1.99,1.99,4000,0
20140916,2.02,2.02,2.02,2.02,1100,0
20140917,2.02,2.02,2.02,2.02,1000,0
20140918,1.9,2,1.9,2,6100,0
20140923,2,2.09,1.93,1.93,41900,0
20140924,1.93,1.97,1.93,1.97,4400,0
20140925,1.9,1.99,1.9,1.99,1600,0
20140926,1.9,2.01,1.9,1.99,7500,0
20140929,2,2.07,2,2.01,15900,0
20140930,2,2,2,2,2500,0
20141001,2.05,2.16,2.05,2.15,13800,0
20141002,2.15,2.15,2.07,2.07,5800,0
20141006,2.15,2.15,2.06,2.06,4100,0
20141008,2.03,2.03,2,2.02,13500,0
20141010,2.07,2.07,1.93,1.94,15400,0
20141014,2,2,2,2,500,0
20141017,1.9,1.9,1.9,1.9,1100,0
20141020,1.9,1.9,1.9,1.9,2000,0
20141024,1.85,1.85,1.85,1.85,2900,0
20141027,1.88,1.88,1.77,1.84,8000,0
20141028,1.88,1.88,1.88,1.88,1000,0
20141029,1.92,1.95,1.92,1.95,2100,0
20141030,1.83,1.85,1.83,1.85,2900,0
20141103,1.95,1.95,1.85,1.89,6600,0
20141105,1.95,1.95,1.95,1.95,1300,0
20141107,1.85,1.85,1.85,1.85,1000,0
20141110,1.85,1.86,1.85,1.86,1600,0
20141111,1.9,1.93,1.86,1.9,7100,0
20141112,1.9,1.9,1.9,1.9,5000,0
20141113,1.9,1.9,1.9,1.9,1300,0
20141114,1.93,2.01,1.93,1.96,11000,0
20141117,2,2.03,1.99,2.03,8100,0
20141118,2.03,2.04,2.03,2.04,6000,0
20141119,1.98,2.05,1.98,2.02,23100,0
20141120,2.02,2.05,2.02,2.05,3500,0
20141121,1.96,1.97,1.95,1.97,2900,0
20141124,1.97,2.04,1.9,2.04,2900,0
20141125,2.02,2.02,2.02,2.02,800,0
20141127,2.02,2.04,2.02,2.04,1500,0
20141201,1.95,1.95,1.95,1.95,400,0
20141202,1.98,2,1.98,2,2400,0
20141203,2,2,2,2,200,0
20141204,2.05,2.05,2.05,2.05,300,0
20141205,1.96,1.97,1.96,1.97,400,0
20141209,1.97,1.97,1.97,1.97,200,0
20141212,1.93,1.93,1.88,1.88,1600,0
20141215,1.87,2.24,1.87,2.22,40300,0
20141216,2.3,2.34,2.15,2.2,30900,0
20141217,2.29,2.49,2.29,2.45,9800,0
20141218,2.48,2.55,2.45,2.55,11800,0
20141219,2.55,2.65,2.55,2.61,20200,0
20141222,2.56,2.56,2.5,2.5,1000,0
20141223,2.5,2.56,2.43,2.56,10600,0
20141229,2.56,2.56,2.48,2.48,2500,0
20141230,2.4,2.46,2.31,2.31,7700,0
20150102,2.31,2.31,2.19,2.31,10300,0
20150105,2.29,2.29,2.29,2.29,4100,0
20150106,2.29,2.29,2.19,2.19,5300,0
20150107,2.1,2.26,2.1,2.24,16600,0
20150108,2.3,2.3,2.3,2.3,1500,0
20150109,2.4,2.4,2.4,2.4,2200,0
20150112,2.48,2.51,2.42,2.42,4600,0
20150113,2.5,2.5,2.42,2.42,2700,0
20150114,2.42,2.42,2.42,2.42,2000,0
20150115,2.46,2.46,2.46,2.46,2200,0
20150116,2.41,2.41,2.41,2.41,2000,0
20150119,2.43,2.43,2.36,2.36,2200,0
20150122,2.46,2.48,2.46,2.48,900,0
20150123,2.45,2.45,2.45,2.45,500,0
20150126,2.45,2.5,2.45,2.5,4600,0
20150128,2.5,2.5,2.37,2.5,4000,0
20150203,2.48,2.5,2.35,2.35,8500,0
20150204,2.35,2.35,2.32,2.35,5900,0
20150205,2.44,2.44,2.44,2.44,500,0
20150206,2.45,2.45,2.35,2.35,2000,0
20150209,2.36,2.45,2.36,2.4,16300,0
20150210,2.45,2.45,2.45,2.45,1300,0
20150212,2.33,2.35,2.33,2.35,4000,0
20150213,2.35,2.35,2.35,2.35,200,0
20150217,2.43,2.59,2.36,2.5,6600,0
20150218,2.5,2.5,2.5,2.5,200,0
20150220,2.55,2.55,2.55,2.55,200,0
20150223,2.43,2.43,2.43,2.43,200,0
20150224,2.5,2.59,2.5,2.59,3600,0
20150225,2.5,2.55,2.5,2.55,1300,0
20150226,2.55,2.55,2.55,2.55,200,0
20150227,2.43,2.59,2.43,2.59,1900,0
20150302,2.59,2.59,2.59,2.59,1300,0
20150303,2.59,2.59,2.59,2.59,2200,0
20150304,2.55,2.55,2.5,2.5,5100,0
20150305,2.59,2.59,2.59,2.59,3600,0
20150306,2.59,2.79,2.59,2.76,23700,0
20150310,2.72,2.72,2.7,2.7,11800,0
20150311,2.66,2.72,2.66,2.72,900,0
20150317,2.72,2.75,2.67,2.67,6900,0
20150318,2.61,2.7,2.61,2.7,600,0
20150323,2.71,2.71,2.63,2.63,3800,0
20150324,2.61,2.61,2.61,2.61,2000,0
20150325,2.63,2.69,2.56,2.56,5200,0
20150326,2.52,2.52,2.48,2.48,2700,0
20150327,2.56,2.56,2.55,2.55,9100,0
20150330,2.55,2.55,2.55,2.55,200,0
20150331,2.55,2.59,2.51,2.51,6700,0
20150401,2.5,2.5,2.3,2.4,9800,0
20150402,2.4,2.4,2.4,2.4,2000,0
20150407,2.545,2.545,2.48,2.48,1138,0
20150408,2.55,2.55,2.55,2.55,332,0
20150409,2.58,2.58,2.5,2.5,24033,0
20150410,2.44,2.44,2.43,2.43,4023,0
20150414,2.423,2.431,2.423,2.43,1724,0
20150417,2.405,2.42,2.405,2.419,1550,0
20150421,2.474,2.474,2.474,2.474,500,0
20150422,2.439,2.439,2.4,2.4,16967,0
20150423,2.397,2.474,2.395,2.474,3036,0
20150424,2.325,2.325,2.26,2.3,4520,0
20150427,2.35,2.35,2.35,2.35,2000,0
20150428,2.325,2.325,2.304,2.304,2900,0
20150429,2.35,2.35,2.3,2.345,7030,0
20150430,2.422,2.424,2.422,2.424,120,0
20150504,1.16,1.717,1.15,1.57,44450,0
20150505,1.554,1.66,1.554,1.66,7813,0
20150506,1.732,1.737,1.732,1.737,4127,0
20150507,1.9,1.9,1.77,1.77,3609,0
20150508,1.852,1.874,1.832,1.874,6325,0
20150512,1.78,1.78,1.78,1.78,900,0
20150513,1.756,1.756,1.75,1.75,6000,0
20150518,1.8,1.848,1.721,1.73,1846,0
20150519,1.75,1.75,1.67,1.708,19542,0
20150520,1.65,1.787,1.65,1.787,2900,0
20150521,1.78,1.78,1.78,1.78,750,0
20150522,1.736,1.83,1.735,1.83,4694,0
20150526,1.744,1.792,1.744,1.792,4000,0
20150527,1.874,1.91,1.874,1.91,10518,0
20150528,1.901,1.901,1.861,1.861,7241,0
20150529,1.846,1.95,1.846,1.95,5386,0
20150601,1.95,1.95,1.83,1.83,7652,0
20150604,1.82,1.821,1.82,1.821,2500,0
20150615,1.726,1.73,1.696,1.696,8970,0
20150617,1.764,1.764,1.7,1.7,2178,0
20150618,1.809,1.809,1.75,1.8,2500,0
20150622,1.634,1.83,1.634,1.83,9320,0
20150624,1.78,1.78,1.78,1.78,2000,0
20150626,1.711,1.711,1.7,1.7,2276,0
20150629,1.701,1.701,1.7,1.7,2186,0
20150630,1.701,1.701,1.659,1.66,10000,0
20150702,1.652,1.653,1.652,1.653,1500,0
20150703,1.73,1.73,1.63,1.63,3000,0
20150707,1.629,1.63,1.261,1.45,23094,0
20150708,1.449,1.45,1.347,1.363,16501,0
20150709,1.428,1.55,1.339,1.381,48255,0
20150710,1.47,1.47,1.2,1.299,5276,0
20150713,1,1.3,1,1.13,53324,0
20150714,1.13,1.265,1.13,1.199,7878,0
20150715,1.254,1.255,1.254,1.254,4427,0
20150716,1.284,1.295,1.284,1.295,3324,0
20150717,1.35,1.411,1.3,1.41,12547,0
20150720,1.37,1.37,1.289,1.289,2300,0
20150722,1.28,1.28,1.28,1.28,1000,0
20150727,1.245,1.245,1.245,1.245,250,0
20150729,1.28,1.354,1.28,1.353,10403,0
20150803,1.363,1.363,1.345,1.345,5134,0
20150804,1.35,1.351,1.35,1.35,2040,0
20150805,1.404,1.52,1.404,1.518,5876,0
20150806,1.563,1.759,1.563,1.686,17650,0
20150807,1.749,1.771,1.749,1.768,4347,0
20150810,1.839,1.844,1.839,1.844,175,0
20150811,1.89,1.973,1.89,1.906,12966,0
20150812,1.9,1.905,1.888,1.888,2424,0
20150813,1.842,1.975,1.842,1.975,3300,0
20150819,1.844,1.844,1.798,1.798,6200,0
20150820,1.775,1.775,1.761,1.761,2565,0
20150824,1.55,1.55,1.539,1.539,2525,0
20150825,1.61,1.611,1.6,1.6,4386,0
20150826,1.7,1.7,1.7,1.7,1473,0
20150827,1.699,1.7,1.699,1.7,1422,0
20150828,1.641,1.641,1.59,1.59,6100,0
20150831,1.65,1.65,1.612,1.612,1617,0
20150902,1.72,1.802,1.686,1.802,5486,0
20150903,1.865,1.865,1.865,1.865,50,0
20150907,1.752,1.752,1.658,1.658,12033,0
20150908,1.572,1.572,1.57,1.57,3300,0
20150909,1.57,1.57,1.57,1.57,1856,0
20150911,1.618,1.85,1.618,1.85,11293,0
20150914,1.856,1.869,1.691,1.778,8797,0
20150915,1.705,1.705,1.705,1.705,1150,0
20150916,1.774,1.774,1.7,1.7,1030,0
20150917,1.645,1.699,1.497,1.497,10061,0
20150918,1.499,1.549,1.499,1.511,3749,0
20150921,1.542,1.64,1.531,1.531,20513,0
20150922,1.625,1.625,1.531,1.625,2057,0
20150923,1.596,1.6,1.596,1.6,3692,0
20150924,1.593,1.593,1.586,1.586,2068,0
20150928,1.569,1.571,1.569,1.571,1073,0
20150929,1.55,1.55,1.5,1.5,7257,0
20150930,1.549,1.549,1.549,1.549,1146,0
20151001,1.579,1.58,1.549,1.58,7243,0
20151002,1.527,1.55,1.471,1.471,10071,0
20151005,1.471,1.471,1.333,1.368,27367,0
20151006,1.42,1.42,1.37,1.37,12653,0
20151007,1.42,1.408,1.408,1.408,70,0
20151008,1.35,1.399,1.321,1.321,16677,0
20151009,1.33,1.382,1.33,1.34,6486,0
20151012,1.358,1.391,1.295,1.295,14717,0
20151013,1.29,1.339,1.29,1.339,2500,0
20151014,1.383,1.383,1.383,1.383,213,0
20151015,1.323,1.323,1.322,1.322,2500,0
20151016,1.291,1.291,1.284,1.284,5027,0
20151019,1.241,1.29,1.241,1.29,1625,0
20151020,1.333,1.333,1.333,1.333,2000,0
20151021,1.4,1.4,1.35,1.35,8100,0
20151022,1.349,1.354,1.342,1.343,4144,0
20151023,1.387,1.45,1.357,1.357,6556,0
20151027,1.35,1.351,1.349,1.351,9746,0
20151028,1.3,1.31,1.3,1.31,5828,0
20151029,1.281,1.281,1.249,1.281,4893,0
20151030,1.297,1.297,1.292,1.292,2175,0
20151103,1.303,1.32,1.303,1.32,2000,0
20151104,1.276,1.276,1.276,1.276,500,0
20151105,1.319,1.319,1.319,1.319,1019,0
20151106,1.341,1.341,1.341,1.341,1735,0
20151109,1.296,1.34,1.296,1.34,7213,0
20151110,1.31,1.31,1.25,1.284,7129,0
20151111,1.3,1.3,1.3,1.3,2222,0
20151112,1.332,1.332,1.332,1.332,2222,0
20151116,1.3,1.3,1.3,1.3,2500,0
20151119,1.358,1.359,1.304,1.335,2549,0
20151123,1.329,1.329,1.329,1.329,300,0
20151124,1.329,1.33,1.329,1.33,577,0
20151125,1.3,1.33,1.3,1.302,2788,0
20151130,1.3,1.3,1.3,1.3,2942,0
20151201,1.299,1.3,1.257,1.257,4020,0
20151203,1.257,1.257,1.257,1.257,2845,0
20151208,1.294,1.3,1.294,1.3,2784,0
20151211,1.28,1.28,1.28,1.28,1655,0
20151214,1.238,1.238,1.237,1.237,2500,0
20151216,1.249,1.25,1.249,1.25,2000,0
20151217,1.22,1.22,1.197,1.198,10663,0
20151221,1.22,1.22,1.22,1.22,1000,0
20151222,1.18,1.18,1.18,1.18,1721,0
20151223,1.126,1.179,1.126,1.179,2077,0
20151228,1.124,1.13,1.093,1.13,4656,0
20151229,1.1,1.178,1.092,1.116,18703,0
20151230,1.093,1.15,1,1.147,31697,0
20160104,1.2,1.2,1.011,1.011,10859,0
20160105,1.01,1.01,0.99,0.998,7500,0
20160106,0.906,0.95,0.906,0.95,4537,0
20160107,0.937,0.938,0.91,0.91,7644,0
20160108,0.909,0.947,0.909,0.947,3661,0
20160111,0.95,0.95,0.95,0.95,2000,0
20160112,0.857,0.92,0.824,0.909,56112,0
20160113,0.881,0.881,0.88,0.88,11491,0
20160114,0.879,0.879,0.794,0.795,7005,0
20160115,0.74,0.8,0.74,0.8,12000,0
20160118,0.85,0.852,0.835,0.835,14109,0
20160119,0.85,0.85,0.844,0.845,3792,0
20160120,0.71,0.71,0.59,0.59,5998,0
20160121,0.607,0.607,0.6,0.6,4500,0
20160122,0.65,0.68,0.65,0.67,73965,0
20160125,0.67,0.696,0.624,0.624,52000,0
20160126,0.649,0.749,0.649,0.749,104410,0
20160127,0.774,0.774,0.73,0.73,5662,0
20160129,0.7,0.715,0.7,0.701,3151,0
20160201,0.734,0.85,0.68,0.68,138480,0
20160202,0.68,0.68,0.68,0.68,2779,0
20160203,0.67,0.67,0.62,0.647,25489,0
20160204,0.653,0.695,0.604,0.695,28282,0
20160205,0.695,0.695,0.695,0.695,2120,0
20160208,0.674,0.674,0.67,0.67,6245,0
20160209,0.62,0.634,0.6,0.6,38891,0
20160210,0.667,0.7,0.667,0.7,2350,0
20160211,0.7,0.7,0.7,0.7,2000,0
20160212,0.681,0.73,0.67,0.73,19764,0
20160215,0.701,0.701,0.701,0.701,5480,0
20160217,0.72,0.72,0.7,0.701,12846,0
20160218,0.739,0.739,0.739,0.739,125,0
20160223,0.693,0.693,0.65,0.65,60396,0
20160224,0.65,0.65,0.65,0.65,150,0
20160225,0.684,0.684,0.684,0.684,754,0
20160229,0.673,0.75,0.673,0.75,6550,0
20160301,0.796,0.895,0.796,0.895,4000,0
20160302,0.86,0.899,0.85,0.85,2350,0
20160303,0.85,0.85,0.85,0.85,2000,0
20160307,0.811,0.811,0.746,0.746,3524,0
20160310,0.681,0.681,0.68,0.68,774,0
20160311,0.65,0.71,0.65,0.71,1100,0
20160314,0.728,0.899,0.728,0.83,12786,0
20160316,0.792,0.792,0.792,0.792,2000,0
20160317,0.792,0.792,0.792,0.792,375,0
20160318,0.75,0.836,0.75,0.8,9037,0
20160321,0.85,0.85,0.85,0.85,6000,0
20160323,0.8,0.8,0.785,0.785,2281,0
20160324,0.813,0.813,0.813,0.813,2158,0
20160329,0.721,0.75,0.721,0.75,2895,0
20160401,0.82,0.84,0.82,0.84,5000,0
20160404,0.753,0.77,0.75,0.75,18000,0
20160406,0.75,0.75,0.75,0.75,140,0
20160412,0.809,0.809,0.749,0.75,14700,0
20160415,0.7,0.7,0.695,0.695,20230,0
20160420,0.75,0.754,0.75,0.754,1261,0
20160421,0.71,0.75,0.71,0.731,1300,0
20160422,0.71,0.769,0.71,0.769,3131,0
20160425,0.799,0.799,0.793,0.793,6133,0
20160426,0.75,0.75,0.75,0.75,1004,0
20160429,0.685,0.685,0.65,0.65,9836,0
20160502,0.65,0.65,0.65,0.65,1250,0
20160503,0.649,0.65,0.45,0.45,43320,0
20160504,0.496,0.501,0.121,0.184,208716,0
20160505,0.152,0.23,0.145,0.181,71803,0
20160506,0.2,0.24,0.158,0.2,120773,0
20160509,0.19,0.2,0.165,0.185,27337,0
20160510,0.171,0.198,0.17,0.17,32122,0
20160511,0.164,0.187,0.164,0.187,8000,0
20160512,0.174,0.179,0.17,0.17,41000,0
20160513,0.17,0.174,0.164,0.174,19073,0
20160517,0.165,0.184,0.165,0.184,5934,0
20160518,0.18,0.22,0.18,0.21,7100,0
20160519,0.21,0.22,0.16,0.165,52537,0
20160520,0.175,0.175,0.15,0.168,57495,0
20160523,0.165,0.165,0.14,0.145,14615,0
20160524,0.145,0.162,0.145,0.15,36291,0
20160525,0.145,0.171,0.133,0.162,82809,0
20160526,0.155,0.16,0.155,0.16,34000,0
20160530,0.145,0.157,0.145,0.157,10060,0
20160531,0.145,0.145,0.13,0.13,34000,0
20160601,0.13,0.154,0.11,0.11,25719,0
20160602,0.11,0.15,0.11,0.15,44354,0
20160603,0.13,0.13,0.13,0.13,2500,0
20160607,0.125,0.125,0.125,0.125,1200,0
20160608,0.146,0.146,0.121,0.122,17500,0
20160609,0.12,0.12,0.12,0.12,10000,0
20160610,0.115,0.115,0.115,0.115,2000,0
20160613,0.139,0.139,0.139,0.139,10000,0
20160616,0.115,0.115,0.115,0.115,1000,0
20160617,0.115,0.115,0.115,0.115,2400,0
20160620,0.11,0.124,0.11,0.11,20156,0
20160621,0.11,0.117,0.1,0.117,10722,0
20160622,0.116,0.12,0.116,0.12,18410,0
20160624,0.101,0.103,0.101,0.102,3319,0
20160627,0.132,0.138,0.102,0.13,13834,0
20160629,0.128,0.128,0.125,0.125,101,0
20160630,0.106,0.121,0.1,0.121,16015,0
20160701,0.102,0.103,0.1,0.1,29473,0
20160704,0.1,0.1,0.1,0.1,5000,0
20160706,0.097,0.097,0.095,0.095,9750,0
20160707,0.095,0.095,0.095,0.095,17456,0
20160712,0.09,0.09,0.09,0.09,5000,0
20160713,0.1,0.1,0.1,0.1,10000,0
20160714,0.084,0.084,0.083,0.083,2,0
20160715,0.081,0.115,0.081,0.115,7501,0
20160718,0.105,0.115,0.071,0.109,16103,0
20160719,0.095,0.095,0.095,0.095,7882,0
20160720,0.108,0.112,0.108,0.11,37338,0
20160721,0.12,0.12,0.12,0.12,500,0
20160726,0.12,0.082,0.081,0.11,1815,0
20160727,0.12,0.12,0.119,0.12,61572,0
20160728,0.12,0.511,0.12,0.511,114730,0
20160729,0.475,0.475,0.38,0.41,49747,0
20160801,0.399,0.4,0.32,0.4,49244,0
20160802,0.4,0.68,0.4,0.47,116707,0
20160803,0.45,0.46,0.43,0.45,12891,0
20160804,0.495,0.495,0.495,0.495,200,0
20160805,0.43,0.456,0.381,0.451,6465,0
20160808,0.468,0.468,0.43,0.45,13050,0
20160809,0.447,0.447,0.407,0.407,5000,0
20160810,0.403,0.403,0.403,0.403,260,0
20160811,0.4,0.4,0.366,0.366,18880,0
20160812,0.46,0.46,0.46,0.46,500,0
20160815,0.411,0.549,0.411,0.45,27084,0
20160816,0.44,0.44,0.43,0.43,50000,0
20160823,0.42,0.42,0.408,0.408,10660,0
20160825,0.42,0.421,0.41,0.41,3002,0
20160826,0.38,0.424,0.38,0.4,4366,0
20160829,0.4,0.45,0.4,0.45,4889,0
20160830,0.4,0.4,0.4,0.4,2000,0
20160831,0.385,0.385,0.35,0.362,13000,0
20160901,0.37,0.37,0.37,0.37,1600,0
20160902,0.39,0.434,0.39,0.434,1599,0
20160905,0.449,0.45,0.44,0.44,6000,0
20160907,0.44,0.44,0.44,0.44,218,0
20160908,0.443,0.443,0.443,0.443,5440,0
20160909,0.443,0.488,0.443,0.46,56443,0
20160913,0.46,0.46,0.4,0.4,10420,0
20160914,0.391,0.391,0.351,0.36,31200,0
20160915,0.4,0.425,0.4,0.411,11000,0
20160916,0.41,0.41,0.41,0.41,2700,0
20160919,0.439,0.44,0.439,0.44,14000,0
20160921,0.421,0.421,0.421,0.421,180,0
20160926,0.449,0.51,0.449,0.51,32083,0
20160927,0.508,0.741,0.508,0.69,82924,0
20160928,0.71,0.71,0.562,0.563,28601,0
20160929,0.55,0.587,0.55,0.568,15530,0
20160930,0.552,0.559,0.547,0.559,5427,0
20161004,0.614,0.614,0.561,0.561,8700,0
20161005,0.605,0.68,0.605,0.64,4722,0
20161007,0.64,0.64,0.591,0.64,2130,0
20161010,0.59,0.63,0.58,0.59,26523,0
20161011,0.599,0.599,0.556,0.556,4105,0
20161012,0.555,0.558,0.511,0.514,14983,0
20161013,0.482,0.482,0.46,0.47,9091,0
20161014,0.435,0.55,0.435,0.529,25638,0
20161017,0.549,0.575,0.533,0.533,53859,0
20161018,0.569,0.569,0.569,0.569,12,0
20161020,0.515,0.515,0.515,0.515,1737,0
20161024,0.492,0.503,0.489,0.503,51319,0
20161025,0.535,0.535,0.39,0.458,5707,0
20161026,0.43,0.43,0.43,0.43,789,0
20161027,0.43,0.449,0.449,0.449,3000,0
20161028,0.425,0.425,0.403,0.403,6172,0
20161031,0.39,0.391,0.39,0.391,51000,0
20161101,0.41,0.41,0.375,0.375,225,0
20161103,0.45,0.45,0.444,0.45,42100,0
20161104,0.45,0.498,0.45,0.498,5268,0
20161107,0.49,0.49,0.429,0.43,15746,0
20161109,0.429,0.43,0.429,0.43,10362,0
20161110,0.43,0.43,0.43,0.43,11295,0
20161111,0.43,0.43,0.43,0.43,21253,0
20161114,0.39,0.44,0.36,0.38,42919,0
20161115,0.401,0.401,0.379,0.39,20843,0
20161116,0.43,0.43,0.43,0.43,5740,0
20161117,0.44,0.53,0.44,0.53,33438,0
20161118,0.545,0.55,0.54,0.54,36637,0
20161121,0.55,0.572,0.55,0.572,29100,0
20161122,0.662,0.662,0.572,0.572,13660,0
20161123,0.595,0.6,0.48,0.48,34253,0
20161125,0.52,0.53,0.52,0.53,17500,0
20161129,0.5,0.5,0.48,0.48,7000,0
20161130,0.52,0.588,0.486,0.588,13861,0
20161201,0.55,0.589,0.543,0.543,14093,0
20161202,0.539,0.59,0.539,0.54,8305,0
20161205,0.501,0.501,0.501,0.501,2500,0
20161206,0.481,0.504,0.463,0.463,12906,0
20161207,0.48,0.544,0.48,0.505,10498,0
20161208,0.501,0.501,0.5,0.5,1272,0
20161209,0.569,0.569,0.48,0.48,50742,0
20161212,0.5,0.5,0.46,0.476,6359,0
20161213,0.47,0.47,0.427,0.446,34228,0
20161214,0.462,0.509,0.45,0.46,10115,0
20161215,0.5,0.5,0.5,0.5,2000,0
20161216,0.5,0.505,0.5,0.505,8529,0
20161219,0.5,0.5,0.5,0.5,13272,0
20161220,0.54,0.54,0.54,0.54,19000,0
20161221,0.491,0.532,0.491,0.532,8012,0
20161222,0.519,0.53,0.49,0.49,21481,0
20161223,0.5,0.5,0.5,0.5,5000,0
20161227,0.467,0.467,0.467,0.467,500,0
20161228,0.5,0.53,0.49,0.49,30374,0
20161230,0.451,0.454,0.451,0.454,392,0
20170102,0.528,0.528,0.466,0.466,3800,0
20170105,0.529,0.53,0.529,0.53,5800,0
20170106,0.53,0.6,0.53,0.59,15642,0
20170109,0.595,0.595,0.589,0.589,4607,0
20170110,0.549,0.549,0.549,0.549,6000,0
20170111,0.536,0.536,0.512,0.512,1108,0
20170112,0.555,0.555,0.52,0.52,1327,0
20170113,0.53,0.53,0.53,0.53,720,0
20170116,0.53,0.54,0.53,0.53,6200,0
20170117,0.569,0.569,0.53,0.53,8892,0
20170118,0.511,0.52,0.511,0.515,14114,0
20170119,0.51,0.52,0.51,0.51,24353,0
20170120,0.543,0.59,0.533,0.584,50943,0
20170123,0.55,0.55,0.528,0.528,12201,0
20170124,0.548,0.548,0.507,0.51,6400,0
20170125,0.549,0.66,0.549,0.635,159923,0
20170126,0.652,0.652,0.619,0.62,12430,0
20170127,0.6,0.602,0.571,0.602,31025,0
20170130,0.62,0.66,0.59,0.59,3100,0
20170131,0.649,0.649,0.621,0.641,39157,0
20170201,0.65,0.69,0.631,0.64,38908,0
20170202,0.679,0.68,0.633,0.68,27525,0
20170203,0.68,0.79,0.68,0.79,51403,0
20170206,0.798,1.04,0.798,0.92,179528,0
20170207,0.988,1.144,0.988,1.1,228887,0
20170208,1.11,1.133,0.954,1.019,24171,0
20170209,1.018,1.06,0.991,1,32683,0
20170210,1,1,0.876,0.881,33652,0
20170213,0.833,0.966,0.833,0.966,17946,0
20170214,0.905,1.124,0.897,1.098,36420,0
20170215,1.09,1.09,1.04,1.069,16168,0
20170217,0.961,0.998,0.96,0.989,15330,0
20170220,0.98,1.209,0.95,1.208,195638,0
20170221,1.33,1.42,1.25,1.304,155344,0
20170222,1.349,1.39,1.271,1.312,35344,0
20170223,1.359,1.359,1.214,1.307,34343,0
20170224,1.34,1.34,1.33,1.33,3427,0
20170227,1.25,1.3,1.25,1.25,8114,0
20170228,1.3,1.3,1.3,1.3,1000,0
20170301,1.251,1.368,1.21,1.367,22509,0
20170302,1.42,1.52,1.419,1.423,44445,0
20170303,1.471,1.62,1.401,1.517,111226,0
20170306,1.576,1.739,1.5,1.7,164093,0
20170307,1.755,1.846,1.75,1.84,124531,0
20170308,2.06,2.42,2,2.381,283796,0
20170309,2.79,3.05,2.581,2.851,544287,0
20170310,2.855,2.925,2.15,2.34,420699,0
20170313,2.43,2.579,2.03,2.158,172693,0
20170314,2.121,2.219,1.825,1.899,245723,0
20170315,1.948,1.948,1.761,1.81,43417,0
20170316,1.88,2.166,1.875,2.111,181977,0
20170317,2.13,2.171,2,2.09,53988,0
20170320,2.109,2.14,2.026,2.12,37154,0
20170321,2.14,2.14,1.952,1.971,51071,0
20170322,1.929,2.009,1.83,2.009,30158,0
20170323,1.979,2.024,1.87,1.963,7081,0
