Date,Open,High,Low,Close,Volume,OpenInt
20090406,2.727,2.781,2.727,2.727,638,0
20090414,2.727,2.813,2.625,2.727,6312,0
20090415,2.727,2.727,2.515,2.57,567,0
20090416,2.586,2.672,2.523,2.578,421,0
20090420,2.523,2.593,2.452,2.523,603,0
20090422,2.523,2.523,2.452,2.468,1276,0
20090430,2.476,2.476,2.405,2.413,509,0
20090504,2.405,2.413,2.35,2.358,65,0
20090505,2.35,2.421,2.288,2.421,1276,0
20090506,2.421,2.429,2.327,2.429,510,0
20090507,2.429,2.429,2.358,2.429,477,0
20090515,2.429,2.429,2.358,2.366,414,0
20090521,2.382,2.382,2.131,2.303,779,0
20090526,2.194,2.194,1.967,1.998,2274,0
20090527,1.998,1.998,1.912,1.912,4084,0
20090528,1.912,1.912,1.857,1.865,63,0
20090602,1.873,1.88,1.692,1.739,3051,0
20090603,1.739,1.779,1.449,1.779,964,0
20090604,1.771,1.927,1.732,1.927,256,0
20090605,1.92,1.998,1.732,1.818,3848,0
20090608,1.779,1.88,1.779,1.833,638,0
20090609,1.826,1.841,1.779,1.818,65,0
20090610,1.786,1.818,1.779,1.818,427,0
20090616,1.841,1.849,1.559,1.841,126,0
20090623,1.849,1.849,1.779,1.786,3777,0
20090630,1.645,1.677,1.638,1.677,638,0
20090703,1.685,1.959,1.638,1.959,5262,0
20090706,1.959,2.045,1.896,1.943,883,0
20090716,1.912,1.912,1.857,1.865,63,0
20090722,1.904,1.951,1.826,1.92,63,0
20090723,1.951,1.959,1.849,1.92,102,0
20090728,1.904,1.951,1.88,1.92,191,0
20090805,1.896,1.974,1.826,1.974,319,0
20090806,1.967,2.006,1.927,2.006,38,0
20090814,2.037,2.35,1.959,2.35,1199,0
20090817,2.35,2.358,2.264,2.358,25,0
20090819,2.358,2.437,2.303,2.413,382,0
20090820,2.39,2.413,2.358,2.366,638,0
20090824,2.366,2.374,2.303,2.319,510,0
20090827,2.327,2.335,2.272,2.272,382,0
20090831,2.272,2.335,2.209,2.272,38,0
20090901,2.272,2.343,2.209,2.343,319,0
20090903,2.28,2.28,2.186,2.249,165,0
20090908,2.233,2.233,2.162,2.194,127,0
20090915,2.194,2.194,2.123,2.194,127,0
20090916,2.194,2.194,2.123,2.194,191,0
20090917,2.194,2.194,2.131,2.139,319,0
20090925,2.186,2.186,2.092,2.155,382,0
20091001,2.186,2.217,2.092,2.217,63,0
20091005,2.249,2.249,2.155,2.155,382,0
20091007,2.186,2.311,2.092,2.155,599,0
20091008,2.319,2.319,2.225,2.303,34,0
20091009,2.327,2.327,2.241,2.241,583,0
20091012,2.272,2.311,2.178,2.241,25,0
20091013,2.209,2.311,2.178,2.311,25,0
20091015,2.225,2.225,2.1,2.194,638,0
20091020,2.178,2.178,1.833,1.833,950,0
20091021,1.857,1.857,1.755,1.81,1148,0
20091022,1.826,1.873,1.763,1.771,893,0
20091023,1.786,1.927,1.724,1.927,1823,0
20091026,1.888,1.982,1.873,1.982,2700,0
20091112,2.021,2.068,1.998,2.068,255,0
20091119,2.061,2.139,2.014,2.084,1276,0
20091130,2.139,2.703,2.014,2.703,523,0
20091201,2.664,2.703,2.554,2.703,574,0
20091203,2.664,2.781,2.014,2.781,63,0
20091204,2.742,2.868,2.014,2.868,370,0
20091207,3.134,4.16,2.014,3.957,885,0
20091208,3.894,3.965,2.014,3.745,633,0
20091211,3.596,3.635,3.338,3.338,446,0
20091215,3.15,3.181,2.977,2.977,440,0
20091218,2.789,3.024,2.789,3.024,638,0
20091221,2.875,3.024,2.35,2.421,4913,0
20091222,2.303,2.938,2.303,2.57,3005,0
20091228,2.609,2.938,2.327,2.515,804,0
20091229,2.335,2.938,2.335,2.499,446,0
20100104,2.311,2.938,2.311,2.588,507,0
20100105,2.554,2.938,2.554,2.72,1786,0
20100107,2.617,2.938,2.609,2.672,178,0
20100112,2.609,2.938,2.609,2.766,460,0
20100119,2.724,2.93,2.724,2.821,1914,0
20100120,2.724,2.93,2.724,2.861,638,0
20100122,2.639,2.868,2.639,2.817,892,0
20100201,2.523,2.868,2.523,2.823,451,0
20100203,2.609,2.868,2.609,2.75,1276,0
20100205,2.617,2.868,2.617,2.799,1021,0
20100208,2.617,2.821,2.617,2.795,2476,0
20100210,2.609,2.868,2.609,2.832,701,0
20100211,2.687,2.868,2.687,2.799,63,0
20100215,2.617,3.056,2.617,2.968,1106,0
20100216,2.821,2.966,2.797,2.82,344,0
20100218,2.617,2.868,2.617,2.844,818,0
20100223,2.648,2.868,2.648,2.789,893,0
20100224,2.648,2.868,2.648,2.727,3420,0
20100225,2.57,2.792,2.57,2.792,1530,0
20100301,2.648,2.881,2.648,2.881,430,0
20100304,2.656,2.843,2.656,2.843,165,0
20100305,2.664,2.881,2.664,2.881,430,0
20100308,2.797,2.881,2.797,2.881,430,0
20100309,2.734,2.879,2.734,2.843,127,0
20100311,2.656,3.134,2.656,2.9,663,0
20100316,2.672,2.9,2.672,2.861,12049,0
20100318,2.719,2.902,2.719,2.902,6,0
20100322,2.719,2.902,2.719,2.875,663,0
20100329,2.805,2.875,2.805,2.875,63,0
20100406,2.664,2.886,2.664,2.886,1557,0
20100408,2.68,2.886,2.68,2.886,191,0
20100409,2.695,2.886,2.695,2.886,621,0
20100412,2.687,3.126,2.687,3.126,1799,0
20100415,2.962,3.201,2.962,3.111,2395,0
20100426,2.797,3.033,2.797,2.894,485,0
20100428,2.687,2.902,2.687,2.887,1286,0
20100430,2.687,3.15,2.687,3.15,3398,0
20100503,2.977,3.244,2.977,3.153,4211,0
20100504,3.079,3.242,3.056,3.103,1512,0
20100505,3.195,3.197,2.969,3.061,1526,0
20100506,2.985,3.134,2.977,3.061,382,0
20100507,2.977,3.145,2.899,2.978,7743,0
20100513,2.75,3.064,2.75,2.978,24,0
20100517,2.758,2.982,2.758,2.982,12,0
20100519,2.758,3.064,2.758,2.982,382,0
20100521,2.758,3.016,2.758,2.969,1148,0
20100527,2.758,2.982,2.758,2.982,511,0
20100528,2.758,3.22,2.758,3.135,590,0
20100601,2.891,3.369,2.891,3.197,2649,0
20100604,2.993,3.15,2.993,3.126,1212,0
20100609,2.938,3.126,2.938,3.069,574,0
20100616,2.891,3.069,2.891,3.069,153,0
20100618,2.891,3.134,2.891,3.089,1506,0
20100621,3.212,3.212,3.095,3.103,1327,0
20100622,2.938,3.114,2.938,3.114,765,0
20100623,2.915,3.142,2.915,3.089,385,0
20100624,2.969,3.134,2.969,3.1,3165,0
20100625,2.977,3.158,2.977,3.1,510,0
20100628,3.001,3.103,3.001,3.103,63,0
20100630,2.899,3.103,2.899,2.938,12,0
20100701,2.899,3.103,2.899,3.103,1276,0
20100713,3.056,3.226,3.056,3.192,319,0
20100715,3.056,3.192,3.056,3.154,796,0
20100716,3.056,3.226,3.056,3.226,4689,0
20100719,3.226,3.299,3.195,3.299,114,0
20100720,3.226,3.436,3.226,3.436,473,0
20100721,3.226,3.436,3.226,3.436,255,0
20100722,3.226,3.526,3.226,3.447,382,0
20100726,3.226,3.451,3.226,3.451,274,0
20100728,3.346,3.447,3.346,3.447,63,0
20100729,3.346,3.447,3.28,3.28,486,0
20100804,3.291,3.458,3.291,3.458,12,0
20100811,3.369,3.458,3.369,3.447,638,0
20100824,3.226,3.447,3.226,3.397,256,0
20100827,3.291,3.447,3.291,3.447,765,0
20100830,3.275,3.397,3.275,3.393,358,0
20100908,3.226,3.393,3.173,3.173,768,0
20100909,3.299,3.299,3.118,3.216,510,0
20100910,3.299,3.299,3.126,3.216,2,0
20100916,3.226,3.226,3.126,3.216,2042,0
20100917,3.226,3.226,3.126,3.216,308,0
20100920,3.22,3.306,3.126,3.216,666,0
20100921,3.226,3.226,3.095,3.216,700,0
20100922,3.126,3.226,3.126,3.216,1276,0
20100929,3.226,3.226,3.126,3.208,1276,0
20100930,3.226,3.226,3.126,3.208,25,0
20101004,2.969,3.208,2.969,3.208,5298,0
20101005,2.969,3.212,2.969,3.212,3190,0
20101006,2.977,3.306,2.977,3.22,2552,0
20101008,2.977,3.118,2.815,3.064,7249,0
20101013,2.836,3.065,2.836,3.065,1914,0
20101015,2.836,3.065,2.836,3.065,765,0
20101018,2.836,3.065,2.709,3.065,967,0
20101019,2.844,3.065,2.844,3.065,867,0
20101021,2.836,3.145,2.821,3.145,3081,0
20101022,2.985,3.299,2.985,3.255,1472,0
20101025,3.056,3.299,3.056,3.299,2552,0
20101026,3.134,3.226,3.048,3.137,2425,0
20101101,2.899,3.137,2.899,3.137,638,0
20101109,2.899,3.137,2.899,3.137,127,0
20101111,2.899,3.184,2.899,3.137,130,0
20101112,2.938,3.137,2.938,3.137,127,0
20101115,3.048,3.226,3.048,3.137,155,0
20101116,3.063,3.226,3.048,3.18,375,0
20101117,3.063,3.314,3.063,3.224,270,0
20101118,3.149,3.314,3.126,3.22,2266,0
20101119,3.134,3.299,3.134,3.22,384,0
20101122,3.111,3.263,3.111,3.22,225,0
20101123,3.1,3.259,3.1,3.137,3308,0
20101124,2.97,3.226,2.97,3.137,190,0
20101125,3.064,3.226,3.048,3.137,194,0
20101126,3.064,3.226,3.048,3.137,583,0
20101129,2.97,3.226,2.97,3.137,214,0
20101130,3.064,3.212,3.04,3.134,1543,0
20101201,3.052,3.212,3.048,3.134,242,0
20101202,3.052,3.216,3.048,3.134,247,0
20101203,3.056,3.212,3.048,3.134,2398,0
20101206,3.052,3.22,3.048,3.177,1591,0
20101207,3.052,3.212,3.052,3.177,1015,0
20101208,2.977,3.212,2.977,3.177,384,0
20101209,3.052,3.205,3.052,3.169,389,0
20101210,3.037,3.208,3.037,3.177,3204,0
20101213,3.048,3.212,3.048,3.177,731,0
20101214,3.045,3.212,3.045,3.177,1000,0
20101215,3.051,3.212,3.051,3.177,760,0
20101216,3.051,3.299,3.051,3.232,3259,0
20101220,3,3.232,3,3.232,615,0
20101221,3,3.259,3,3.259,2833,0
20101222,3.089,3.259,3.089,3.24,1276,0
20101223,3.373,3.373,3.173,3.24,382,0
20101227,3.045,3.306,3.045,3.259,559,0
20101228,3.141,3.302,3.141,3.259,584,0
20101229,3.137,3.331,3.137,3.272,847,0
20101230,3.165,3.33,3.165,3.212,805,0
20110103,3.164,3.385,3.164,3.306,668,0
20110104,3.215,3.385,3.215,3.306,827,0
20110105,3.065,3.385,3.065,3.307,638,0
20110106,3.215,3.387,3.215,3.307,509,0
20110107,3.218,3.387,3.218,3.298,1369,0
20110110,3.201,3.526,3.201,3.422,1383,0
20110111,3.349,3.479,3.349,3.364,864,0
20110112,3.195,3.479,3.195,3.447,731,0
20110113,3.305,3.518,3.305,3.445,1891,0
20110114,3.342,3.518,3.342,3.445,636,0
20110117,3.342,3.518,3.342,3.441,630,0
20110118,3.342,3.518,3.342,3.433,820,0
20110119,3.342,3.526,3.342,3.436,458,0
20110120,3.347,3.526,3.346,3.436,460,0
20110121,3.349,3.526,3.346,3.436,402,0
20110124,3.349,3.548,3.346,3.447,4188,0
20110126,3.179,3.839,3.179,3.722,842,0
20110127,3.647,3.87,3.647,3.746,467,0
20110128,3.677,3.776,3.651,3.776,510,0
20110202,3.409,3.69,3.409,3.69,382,0
20110203,3.409,3.79,3.409,3.69,433,0
20110204,3.6,3.69,3.588,3.683,638,0
20110207,3.409,3.951,3.409,3.823,488,0
20110208,3.61,3.917,3.61,3.839,755,0
20110209,3.722,3.917,3.722,3.839,362,0
20110210,3.761,3.91,3.722,3.839,353,0
20110211,3.715,3.917,3.715,3.856,991,0
20110214,3.722,3.957,3.722,3.856,326,0
20110215,3.759,3.924,3.755,3.895,1084,0
20110216,3.728,3.957,3.728,3.895,1091,0
20110217,3.64,3.996,3.64,3.918,468,0
20110218,3.796,4.004,3.796,3.918,423,0
20110221,3.804,4.004,3.804,3.918,467,0
20110222,3.804,3.996,3.804,3.918,373,0
20110223,3.796,3.996,3.796,3.914,373,0
20110224,3.796,3.996,3.796,3.914,255,0
20110225,3.796,3.996,3.796,3.918,336,0
20110228,3.796,4,3.796,3.918,233,0
20110301,3.8,3.996,3.8,3.918,239,0
20110302,3.796,3.918,3.526,3.573,765,0
20110303,3.394,3.917,3.394,3.875,319,0
20110304,3.64,3.918,3.64,3.918,268,0
20110307,3.722,3.957,3.722,3.914,245,0
20110308,3.759,3.988,3.759,3.914,238,0
20110309,3.789,3.996,3.789,3.914,765,0
20110314,3.64,3.992,3.64,3.832,624,0
20110315,3.64,3.832,3.522,3.526,2125,0
20110316,3.349,3.79,3.347,3.7,4141,0
20110317,3.6,3.784,3.6,3.722,765,0
20110318,3.433,3.831,3.433,3.722,322,0
20110321,3.639,3.831,3.612,3.776,320,0
20110322,3.639,3.831,3.639,3.776,316,0
20110323,3.639,3.988,3.639,3.896,787,0
20110324,3.789,3.988,3.789,3.896,325,0
20110325,3.789,3.988,3.789,3.904,328,0
20110328,3.789,3.996,3.789,3.902,328,0
20110329,3.796,3.996,3.796,3.914,329,0
20110330,3.914,3.996,3.796,3.914,970,0
20110331,3.796,3.988,3.796,3.914,321,0
20110401,3.789,3.996,3.789,3.918,321,0
20110404,3.796,3.996,3.796,3.918,1276,0
20110405,3.796,4.004,3.796,3.879,3208,0
20110406,3.647,4.004,3.647,3.84,3231,0
20110407,3.617,4.004,3.617,3.918,453,0
20110408,3.804,4.164,3.804,4.164,765,0
20110411,3.955,4.445,3.955,4.232,5123,0
20110412,4.094,4.442,4.094,4.349,504,0
20110413,4.349,4.623,4.221,4.623,1038,0
20110414,4.295,4.645,4.295,4.31,3446,0
20110415,4.117,4.565,4.117,4.467,444,0
20110418,4.337,5.005,4.337,5.005,887,0
20110419,4.755,5.165,4.755,5.119,1458,0
20110420,4.878,5.119,4.878,4.999,745,0
20110421,4.769,5.014,4.769,4.999,488,0
20110426,4.764,5.054,4.764,4.928,952,0
20110427,4.801,5.085,4.801,5.018,574,0
20110429,4.696,5.093,4.696,4.779,1010,0
20110502,4.696,4.943,4.598,4.898,791,0
20110503,4.679,5.054,4.679,5.031,522,0
20110505,4.674,5.097,4.674,5.031,495,0
20110506,4.801,5.031,4.714,4.819,1530,0
20110509,4.555,4.925,4.555,4.872,409,0
20110510,4.714,4.925,4.679,4.873,255,0
20110511,4.679,4.925,4.679,4.858,255,0
20110512,4.679,5.117,4.679,5.093,365,0
20110513,4.861,5.171,4.861,5.084,1645,0
20110516,4.905,5.163,4.905,5.084,382,0
20110517,5.004,5.093,5.004,5.049,310,0
20110518,5.049,5.054,4.623,4.714,1272,0
20110519,4.466,5.163,4.466,4.819,1717,0
20110520,4.679,4.959,4.623,4.819,1142,0
20110523,4.679,5.484,4.677,4.945,1333,0
20110524,4.697,5.39,4.697,4.913,630,0
20110525,4.682,5.263,4.682,5,340,0
20110526,5,5.249,4.748,5.152,344,0
20110527,4.98,5.249,4.969,5.224,396,0
20110530,4.987,5.242,4.987,5.181,12,0
20110531,4.98,5.181,4.98,5.107,382,0
20110607,4.901,5.243,4.901,4.913,446,0
20110623,4.824,4.948,4.824,4.824,1,0
20110624,4.706,4.942,4.706,4.942,2,0
20110629,4.821,4.942,4.703,4.821,1731,0
20110701,4.677,4.794,4.677,4.677,63,0
20110705,4.677,4.794,4.677,4.677,301,0
20110706,4.689,4.794,4.677,4.677,510,0
20110712,4.685,4.802,4.677,4.677,957,0
20110714,4.69,4.73,4.576,4.615,6279,0
20110715,4.73,4.73,4.599,4.599,2169,0
20110718,4.714,4.714,4.552,4.599,4685,0
20110720,4.586,4.701,4.474,4.474,1276,0
20110721,4.701,4.82,4.583,4.591,640,0
20110725,4.82,4.944,4.702,4.702,1,0
20110726,4.702,4.819,4.701,4.702,1,0
20110727,4.786,4.786,4.67,4.67,25,0
20110729,4.67,4.786,4.67,4.67,638,0
20110801,4.706,4.706,4.591,4.591,638,0
20110803,4.591,4.706,4.583,4.591,765,0
20110804,4.591,4.591,4.479,4.479,7,0
20110805,4.582,4.703,4.479,4.479,255,0
20110808,4.667,4.667,4.309,4.588,135,0
20110810,4.309,4.309,4.204,4.204,574,0
20110811,4.102,4.306,4.102,4.102,232,0
20110812,4.204,4.411,4.2,4.201,227,0
20110815,4.411,4.522,4.301,4.304,222,0
20110816,4.522,4.522,4.411,4.411,446,0
20110817,4.521,4.521,4.411,4.411,1276,0
20110818,4.309,4.417,4.309,4.309,1276,0
20110819,4.207,4.312,4.105,4.105,1914,0
20110822,4.207,4.311,4.106,4.106,178,0
20110824,4.311,4.311,4.2,4.206,957,0
20110831,4.206,4.311,4.206,4.311,12,0
20110914,4.204,4.309,3.993,4.2,1531,0
20110916,4.2,4.2,4.098,4.2,1276,0
20110920,4.098,4.2,3.906,4.104,3760,0
20110923,4.104,4.104,4.004,4.104,1276,0
20110927,4.104,4.417,4.004,4.417,1276,0
20110928,4.309,4.646,4.105,4.636,1513,0
20110929,4.636,4.748,4.515,4.62,449,0
20110930,4.507,4.732,4.505,4.62,276,0
20111003,4.62,4.732,4.505,4.62,283,0
20111004,4.62,4.725,4.497,4.612,382,0
20111005,4.612,4.701,4.478,4.701,299,0
20111006,4.701,4.717,4.478,4.612,593,0
20111007,4.612,4.725,4.497,4.612,455,0
20111010,4.612,4.717,4.478,4.59,334,0
20111011,4.59,4.701,4.478,4.59,342,0
20111012,4.59,4.701,4.478,4.605,372,0
20111013,4.493,4.701,4.478,4.59,824,0
20111014,4.478,4.701,4.478,4.59,736,0
20111017,4.59,4.701,4.478,4.59,329,0
20111018,4.59,4.701,4.478,4.59,336,0
20111019,4.59,4.701,4.478,4.59,251,0
20111020,4.478,4.701,4.478,4.59,257,0
20111021,4.478,4.701,4.478,4.59,264,0
20111024,4.59,4.701,4.478,4.605,238,0
20111025,4.493,4.701,4.489,4.59,546,0
20111026,4.59,4.701,4.478,4.59,227,0
20111027,4.59,4.701,4.478,4.59,194,0
20111028,4.478,4.701,4.478,4.59,187,0
20111031,4.478,4.701,4.478,4.59,186,0
20111101,4.478,4.59,4.362,4.473,183,0
20111102,4.473,4.693,4.364,4.59,191,0
20111103,4.478,4.701,4.478,4.598,690,0
20111104,4.486,4.685,4.471,4.582,319,0
20111107,4.482,4.701,4.478,4.59,430,0
20111108,4.59,4.701,4.478,4.582,177,0
20111109,4.582,4.685,4.463,4.574,173,0
20111110,4.574,4.693,4.471,4.582,168,0
20111111,4.47,4.701,4.47,4.47,177,0
20111114,4.582,4.685,4.471,4.582,137,0
20111115,4.582,4.693,4.471,4.582,279,0
20111116,4.474,4.685,4.47,4.582,131,0
20111117,4.582,4.685,4.471,4.685,127,0
20111118,4.466,4.685,4.463,4.582,638,0
20111121,4.471,4.685,4.471,4.582,134,0
20111122,4.582,4.685,4.471,4.582,185,0
20111123,4.471,4.607,4.395,4.505,122,0
20111124,4.505,4.544,4.395,4.506,119,0
20111125,4.396,4.607,4.395,4.506,118,0
20111128,4.506,4.615,4.395,4.505,419,0
20111129,4.395,4.607,4.395,4.506,122,0
20111130,4.506,4.615,4.395,4.582,1929,0
20111201,4.471,4.582,4.388,4.497,638,0
20111202,4.388,4.693,4.388,4.582,1439,0
20111205,4.471,4.693,4.471,4.582,182,0
20111206,4.47,4.685,4.47,4.582,176,0
20111207,4.582,4.693,4.471,4.582,334,0
20111208,4.47,4.693,4.47,4.582,181,0
20111209,4.47,4.693,4.47,4.582,181,0
20111212,4.47,4.693,4.466,4.577,2963,0
20111213,4.577,4.685,4.466,4.576,502,0
20111214,4.466,4.677,4.466,4.576,251,0
20111215,4.466,4.685,4.395,4.505,3389,0
20111216,4.395,4.685,4.395,4.576,335,0
20111219,4.466,4.693,4.466,4.582,472,0
20111220,4.47,5.093,4.47,4.972,336,0
20111221,4.972,5.162,4.794,4.794,340,0
20111222,5.038,5.041,4.701,4.701,1586,0
20111223,4.587,4.815,4.583,4.808,607,0
20111227,4.808,4.928,4.692,4.773,797,0
20111228,4.657,4.886,4.624,4.624,835,0
20111229,4.544,4.886,4.544,4.773,677,0
20111230,4.657,4.889,4.552,4.552,816,0
20120102,4.538,4.764,4.536,4.757,395,0
20120103,4.642,4.866,4.642,4.866,377,0
20120104,4.642,4.873,4.642,4.757,381,0
20120105,4.642,5.132,4.583,4.666,1855,0
20120106,4.63,4.819,4.63,4.744,570,0
20120109,4.63,4.858,4.63,4.744,447,0
20120110,4.63,4.976,4.63,4.957,1245,0
20120111,4.844,5.093,4.842,4.956,372,0
20120112,4.836,5.093,4.834,4.964,389,0
20120113,4.844,5.085,4.844,4.964,421,0
20120116,4.844,5.093,4.844,4.964,395,0
20120117,4.844,5.085,4.842,4.956,638,0
20120118,4.956,5.077,4.834,4.964,310,0
20120119,4.964,5.085,4.819,4.819,321,0
20120120,4.702,4.936,4.701,4.819,308,0
20120123,4.819,4.936,4.701,4.936,329,0
20120124,4.814,5.054,4.811,4.934,270,0
20120125,4.814,5.046,4.811,4.934,256,0
20120126,4.934,5.054,4.811,4.957,588,0
20120127,4.837,5.077,4.834,4.96,843,0
20120130,4.96,5.077,4.842,4.967,239,0
20120131,4.967,5.077,4.85,4.963,236,0
20120201,4.85,5.069,4.85,4.963,233,0
20120202,4.85,5.069,4.85,4.963,229,0
20120203,4.85,5.054,4.85,4.963,208,0
20120206,4.85,5.061,4.85,4.963,199,0
20120207,4.85,5.077,4.701,4.701,4953,0
20120208,4.583,5.124,4.583,4.83,1553,0
20120209,4.764,5.018,4.764,5.018,3862,0
20120210,4.895,5.234,4.895,5.094,860,0
20120213,4.971,5.218,4.967,5.11,389,0
20120214,4.985,5.132,4.983,4.983,1540,0
20120215,4.944,5.163,4.944,5.054,800,0
20120216,5.054,5.163,4.944,5.054,423,0
20120217,4.936,5.163,4.936,5.054,426,0
20120220,5.054,5.171,4.928,5.05,2982,0
20120221,4.928,5.171,4.928,5.059,2450,0
20120222,4.936,5.234,4.936,5.234,1890,0
20120223,5.105,5.359,5.014,5.097,3398,0
20120224,4.975,5.21,4.975,5.097,662,0
20120227,4.975,5.218,4.975,5.123,1250,0
20120228,4.999,5.343,4.999,5.218,763,0
20120229,5.218,5.343,5.093,5.222,894,0
20120301,5.222,5.351,5.101,5.232,718,0
20120302,5.105,5.484,5.105,5.236,3600,0
20120305,5.236,5.445,5.108,5.354,787,0
20120306,5.224,5.484,5.217,5.354,1185,0
20120307,5.354,5.484,5.218,5.347,709,0
20120308,5.347,5.477,5.21,5.347,704,0
20120309,5.218,5.477,5.217,5.347,1008,0
20120312,5.347,5.477,5.116,5.236,2107,0
20120313,5.236,5.477,5.108,5.347,1052,0
20120314,5.218,5.477,5.218,5.347,912,0
20120315,5.218,5.477,5.218,5.347,659,0
20120316,5.218,5.618,5.218,5.617,876,0
20120319,5.484,5.876,5.481,5.737,677,0
20120320,5.594,5.876,5.594,5.737,810,0
20120321,5.737,5.876,5.594,5.737,705,0
20120322,5.597,5.876,5.304,5.375,1509,0
20120323,5.299,5.563,5.296,5.332,488,0
20120326,5.332,5.445,5.218,5.43,510,0
20120327,5.296,5.563,5.296,5.43,465,0
20120328,5.563,5.563,5.296,5.563,704,0
20120329,5.563,5.837,5.427,5.737,454,0
20120330,5.737,5.876,5.594,5.737,447,0
20120402,5.733,6.26,5.733,6.119,1162,0
20120403,5.97,6.268,5.97,6.119,405,0
20120404,5.97,6.268,5.97,6.119,395,0
20120405,6.119,6.268,5.97,6.119,474,0
20120410,6.106,6.26,5.821,6.119,382,0
20120411,5.97,6.268,5.733,5.876,1770,0
20120412,5.876,6.168,5.733,6.111,613,0
20120413,5.962,6.252,5.821,5.966,340,0
20120416,5.966,6.252,5.955,6.005,690,0
20120417,6.252,6.252,5.955,6.005,442,0
20120418,6.005,6.15,5.858,6.104,316,0
20120419,5.955,6.252,5.401,5.477,2308,0
20120420,5.226,5.484,5.224,5.354,3637,0
20120423,5.477,5.477,5.224,5.354,525,0
20120424,5.354,5.484,5.224,5.354,792,0
20120425,5.354,5.484,5.097,5.097,763,0
20120426,5.097,5.477,4.967,5.354,654,0
20120427,5.224,5.354,5.216,5.354,3,0
20120502,5.354,5.354,5.224,5.249,3,0
20120503,5.249,5.249,5.093,5.093,1097,0
20120510,4.968,5.093,4.74,4.895,2935,0
20120511,4.895,5.089,4.847,5.089,2562,0
20120525,4.965,5.085,4.962,5.085,239,0
20120530,4.967,5.213,4.965,5.213,239,0
20120605,4.965,4.965,4.827,4.827,382,0
20120606,4.71,4.944,4.703,4.801,1276,0
20120607,4.701,4.801,4.587,4.701,1435,0
20120615,5.048,5.048,4.858,4.979,1914,0
20120629,4.739,4.858,4.701,4.819,995,0
20120702,4.811,4.815,4.583,4.815,382,0
20120703,4.698,4.932,4.693,4.932,6381,0
20120705,4.811,5.182,4.811,5.163,357,0
20120706,5.038,5.163,4.915,5.038,650,0
20120709,5.038,5.163,4.907,5.163,408,0
20120710,5.163,5.163,5.034,5.163,12,0
20120711,5.163,5.163,5.03,5.163,63,0
20120713,5.038,5.163,5.038,5.163,255,0
20120718,5.038,5.163,5.038,5.108,1825,0
20120719,5.03,5.108,4.983,5.108,2,0
20120725,5.101,5.101,4.983,5.097,689,0
20120730,5.093,5.108,4.975,5.108,638,0
20120801,5.108,5.108,4.983,5.108,1633,0
20120806,5.108,5.108,4.732,5.108,612,0
20120807,4.983,5.108,4.734,5.108,127,0
20120809,5.108,5.115,4.734,5.115,816,0
20120810,4.991,5.115,4.742,5.099,689,0
20120813,5.099,5.1,4.727,5.1,1276,0
20120814,5.1,5.484,4.975,5.228,1289,0
20120815,5.171,5.445,5.05,5.316,1148,0
20120816,5.39,5.39,5.101,5.228,408,0
20120817,5.101,5.355,5.05,5.316,373,0
20120820,5.316,5.316,5.135,5.228,472,0
20120822,5.05,5.328,5.05,5.278,6,0
20120827,5.149,5.202,5.097,5.202,127,0
20120829,5.149,5.177,5.097,5.177,127,0
20120831,5.177,5.445,5.05,5.384,893,0
20120910,5.384,5.516,5.201,5.361,1276,0
20120911,5.461,5.492,5.224,5.484,857,0
20120912,5.484,5.484,5.297,5.351,127,0
20120913,5.297,5.481,5.22,5.474,578,0
20120914,5.474,5.474,5.294,5.397,791,0
20120918,5.347,5.484,5.347,5.484,792,0
20120926,5.407,5.633,5.353,5.5,650,0
20121008,5.501,5.501,5.314,5.367,1148,0
20121010,5.236,5.626,5.184,5.492,518,0
20121012,5.626,5.626,5.372,5.426,255,0
20121015,5.426,5.492,5.359,5.426,714,0
20121018,5.367,5.501,5.074,5.359,1871,0
20121023,5.38,5.38,5.197,5.38,627,0
20121024,5.38,5.512,5.197,5.367,363,0
20121025,5.457,5.457,5.249,5.249,650,0
20121030,5.164,5.293,5.112,5.293,127,0
20121102,5.164,5.422,5.112,5.354,370,0
20121106,5.224,5.508,5.172,5.377,4756,0
20121107,5.247,5.508,5.195,5.508,765,0
20121112,5.508,5.508,5.243,5.374,25,0
20121119,5.193,5.376,5.193,5.246,393,0
20121123,5.118,5.246,4.851,4.972,391,0
20121126,5.067,5.093,4.851,5.093,884,0
20121130,4.968,5.343,4.968,5.343,639,0
20121203,5.213,5.495,5.213,5.495,501,0
20121205,5.368,5.508,5.368,5.508,596,0
20121211,5.383,5.517,5.383,5.517,25,0
20121212,5.517,5.547,5.383,5.509,2047,0
20121214,5.375,5.509,5.375,5.509,382,0
20121217,5.509,5.563,5.375,5.509,25,0
20121219,5.38,5.501,5.367,5.501,1531,0
20121220,5.367,5.501,5.355,5.355,2552,0
20121221,5.355,5.385,5.236,5.385,1914,0
20121227,5.385,5.385,5.296,5.385,127,0
20130102,5.296,5.445,5.296,5.445,2169,0
20130104,5.328,5.501,5.328,5.501,765,0
20130108,5.383,5.541,5.383,5.541,3522,0
20130114,5.408,5.542,5.408,5.542,127,0
20130116,5.542,5.678,5.408,5.542,1763,0
20130117,5.408,5.542,5.408,5.542,975,0
20130118,5.408,5.542,5.408,5.542,127,0
20130121,5.408,5.542,5.408,5.513,1110,0
20130123,5.408,5.516,5.408,5.516,1276,0
20130128,5.43,5.516,5.43,5.43,1161,0
20130129,5.422,5.516,5.422,5.422,223,0
20130130,5.516,5.516,5.422,5.445,765,0
20130131,5.43,5.516,5.423,5.423,12,0
20130201,5.43,5.516,5.43,5.43,638,0
20130206,5.43,5.516,5.43,5.43,1786,0
20130208,5.414,5.516,5.414,5.415,12,0
20130214,5.477,5.524,5.477,5.524,542,0
20130215,5.477,5.563,5.477,5.477,638,0
20130218,5.579,5.68,5.579,5.579,255,0
20130220,5.579,5.584,5.579,5.579,1276,0
20130221,5.477,6.143,5.477,6.143,2262,0
20130222,5.842,6.143,5.68,5.851,8319,0
20130225,5.851,6.268,5.851,6.268,7275,0
20130226,6.282,6.282,6.269,6.269,331,0
20130227,6.277,6.574,6.277,6.284,648,0
20130228,6.292,6.652,6.292,6.652,3308,0
20130301,6.335,6.503,6.284,6.503,1430,0
20130305,6.324,6.335,6.292,6.292,2527,0
20130306,6.284,6.503,6.284,6.503,1277,0
20130307,6.335,6.386,6.284,6.386,2552,0
20130312,6.292,6.335,6.292,6.292,1143,0
20130315,6.335,6.335,6.307,6.313,2335,0
20130318,6.313,6.313,6.292,6.292,63,0
20130319,6.292,6.313,6.292,6.307,2348,0
20130320,6.313,6.339,6.307,6.339,293,0
20130321,6.346,6.495,6.346,6.495,255,0
20130322,6.346,6.605,6.346,6.605,319,0
20130325,6.353,6.353,6.292,6.299,165,0
20130328,6.292,6.425,6.292,6.292,1857,0
20130402,6.353,6.353,6.292,6.295,3190,0
20130403,6.308,6.597,6.308,6.574,1021,0
20130404,6.413,6.597,6.41,6.41,159,0
20130405,6.418,6.652,6.418,6.652,2425,0
20130408,6.425,6.668,6.425,6.503,695,0
20130409,6.425,6.646,6.425,6.621,6,0
20130410,6.426,6.646,6.425,6.503,2422,0
20130411,6.425,6.646,6.425,6.425,382,0
20130412,6.433,6.66,6.425,6.425,12,0
20130416,6.646,6.66,6.425,6.66,19,0
20130417,6.433,6.646,6.425,6.503,2016,0
20130418,6.425,6.628,6.424,6.424,1250,0
20130422,6.425,6.628,6.425,6.628,6,0
20130423,6.628,6.628,6.425,6.425,6,0
20130424,6.425,6.628,6.425,6.464,153,0
20130425,6.628,6.628,6.425,6.425,6,0
20130429,6.614,6.614,6.417,6.417,2565,0
20130430,6.307,6.614,6.299,6.464,13705,0
20130508,6.316,6.614,6.315,6.315,127,0
20130509,6.323,6.614,6.316,6.316,127,0
20130513,6.316,6.614,6.315,6.315,2476,0
20130514,6.614,6.614,6.315,6.315,1276,0
20130520,6.614,6.614,6.307,6.315,268,0
20130524,6.315,6.34,6.315,6.315,1480,0
20130528,6.158,6.339,6.158,6.339,12,0
20130529,6.174,6.346,6.174,6.346,191,0
20130531,6.315,6.315,6.174,6.182,2187,0
20130606,6.315,6.315,6.182,6.182,747,0
20130607,6.174,6.385,6.174,6.205,242,0
20130610,6.315,6.346,6.182,6.346,382,0
20130611,6.315,6.346,6.182,6.346,899,0
20130619,6.237,6.315,6.237,6.237,560,0
20130620,6.237,6.315,6.237,6.244,63,0
20130624,6.315,6.315,6.229,6.276,6567,0
20130625,6.182,6.315,6.182,6.19,268,0
20130627,6.315,6.456,6.182,6.456,191,0
20130703,6.182,6.386,6.182,6.229,25,0
20130705,6.19,6.386,6.19,6.19,255,0
20130708,6.315,6.315,6.19,6.268,1276,0
20130709,6.19,6.456,6.19,6.456,1276,0
20130711,6.44,6.44,6.19,6.19,1276,0
20130715,6.315,6.44,6.229,6.229,1886,0
20130716,6.229,6.44,6.229,6.229,510,0
20130717,6.229,6.448,6.229,6.448,5296,0
20130718,6.315,6.581,6.275,6.581,633,0
20130719,6.315,6.581,6.127,6.44,7295,0
20130722,6.315,6.315,6.276,6.284,127,0
20130723,6.315,6.425,6.276,6.425,1021,0
20130724,6.276,6.581,6.276,6.581,1148,0
20130725,6.66,6.722,6.335,6.722,9143,0
20130726,6.627,6.73,6.411,6.425,740,0
20130729,6.627,6.73,6.425,6.73,280,0
20130730,6.573,6.627,6.559,6.559,191,0
20130731,6.627,6.627,6.4,6.589,312,0
20130801,6.386,6.627,6.386,6.386,561,0
20130812,6.627,6.627,6.386,6.542,638,0
20130816,6.627,6.856,6.544,6.544,255,0
20130819,6.544,6.857,6.544,6.544,319,0
20130826,6.857,6.857,6.544,6.66,1161,0
20130829,6.544,6.699,6.544,6.699,2807,0
20130902,6.693,6.693,6.53,6.53,127,0
20130909,6.378,6.574,6.111,6.425,3175,0
20130910,6.534,6.581,6.229,6.581,731,0
20130916,6.409,6.534,6.409,6.41,14,0
20130925,6.433,6.613,6.433,6.433,638,0
20130930,6.534,6.621,6.433,6.621,204,0
20131001,6.433,6.534,6.433,6.433,127,0
20131002,6.433,6.534,6.433,6.44,127,0
20131004,6.433,7.655,6.433,7.639,9789,0
20131007,7.319,7.992,7.312,7.616,17591,0
20131008,7.827,7.827,7.451,7.6,1079,0
20131009,7.608,7.827,7.6,7.6,114,0
20131010,7.6,7.827,7.522,7.522,165,0
20131014,7.522,7.593,7.467,7.522,784,0
20131016,7.247,7.593,7.051,7.091,1905,0
20131017,7.091,7.436,7.091,7.091,2986,0
20131018,7.091,7.6,7.091,7.6,1888,0
20131021,7.568,7.568,7.443,7.561,315,0
20131022,7.561,7.827,7.553,7.553,510,0
20131023,7.685,7.827,7.6,7.6,3012,0
20131025,7.685,7.835,7.6,7.612,6638,0
20131028,7.612,7.835,7.612,7.835,510,0
20131029,7.678,7.835,7.678,7.702,280,0
20131101,7.835,8.188,7.835,7.835,242,0
20131104,7.843,8.188,7.835,7.906,1378,0
20131105,7.913,8.383,7.913,8.383,931,0
20131106,8.109,8.195,7.835,7.837,2042,0
20131107,8.007,8.219,7.835,7.859,2182,0
20131108,8.113,8.113,7.835,7.835,3712,0
20131111,7.827,7.827,7.443,7.443,1595,0
20131112,7.31,7.668,7.31,7.31,1276,0
20131113,7.443,7.668,7.302,7.302,1276,0
20131114,7.303,7.66,7.303,7.311,1276,0
20131118,7.443,7.66,7.443,7.443,1276,0
20131119,7.66,7.66,7.374,7.443,1276,0
20131120,7.66,7.66,7.388,7.443,1276,0
20131121,7.396,7.66,7.396,7.396,1276,0
20131122,7.443,7.66,7.396,7.396,765,0
20131126,7.398,7.66,7.396,7.443,1276,0
20131128,7.396,7.515,7.396,7.443,1276,0
20131203,7.436,7.436,7.396,7.396,1276,0
20131204,7.421,7.421,7.083,7.177,319,0
20131206,7.083,7.389,7.083,7.083,638,0
20131210,7.389,7.389,7.083,7.083,638,0
20131213,7.228,7.389,7.051,7.051,1,0
20131216,7.228,7.389,7.059,7.388,127,0
20131218,7.067,7.389,7.067,7.067,638,0
20131220,7.389,7.389,7.067,7.067,255,0
20131227,7.389,7.389,7.051,7.051,3956,0
20131230,7.389,7.389,7.059,7.067,510,0
20140102,7.201,7.201,6.903,7.051,4033,0
20140103,7.201,7.201,6.91,7.051,2552,0
20140107,7.201,7.201,6.91,7.051,2552,0
20140108,7.201,7.201,6.911,7.051,1659,0
20140109,6.911,7.051,6.911,7.051,1977,0
20140113,7.044,7.404,6.919,7.404,638,0
20140114,7.404,7.404,7.075,7.169,1276,0
20140116,7.236,7.396,7.051,7.236,1289,0
20140117,7.396,7.396,7.06,7.067,12,0
20140120,7.24,7.24,7.091,7.169,95,0
20140121,7.24,7.24,7.091,7.193,12,0
20140122,7.091,7.259,7.091,7.091,1595,0
20140124,7.259,7.259,7.091,7.153,2552,0
20140127,7.24,7.24,7.051,7.229,1276,0
20140128,7.052,7.259,7.052,7.229,1276,0
20140129,7.24,7.24,7.052,7.229,1301,0
20140203,7.229,7.24,7.051,7.092,1665,0
20140205,6.92,7.095,6.92,6.989,1276,0
20140206,6.926,7.096,6.926,7.096,1276,0
20140207,6.928,7.099,6.928,7.099,1276,0
20140211,7.044,7.208,6.936,7.051,1691,0
20140212,7.044,7.158,6.936,7.051,1276,0
20140213,7.127,7.127,6.989,7.127,255,0
20140214,7.051,7.158,6.959,7.112,3843,0
20140218,7.051,7.158,7.051,7.051,1135,0
20140219,7.044,7.264,6.973,7.119,2038,0
20140220,7.044,7.122,6.973,7.122,38,0
20140221,7.088,7.088,6.974,7.088,10381,0
20140224,6.974,7.088,6.974,7.088,319,0
20140225,7.088,7.088,6.966,6.966,1,0
20140226,6.974,7.114,6.974,6.974,25,0
20140227,6.974,7.146,6.974,6.974,319,0
20140228,7.013,7.2,6.974,7.158,1277,0
20140303,7.228,7.228,6.94,6.973,1225,0
20140305,6.974,7.13,6.974,6.974,1276,0
20140306,6.974,7.13,6.974,6.974,1276,0
20140318,7.013,7.051,6.966,6.974,663,0
20140321,7.013,7.285,6.974,6.974,1458,0
20140328,6.974,7.051,6.715,6.954,1557,0
20140402,7.044,7.228,6.856,7.051,2705,0
20140404,7.044,7.216,6.824,6.993,7275,0
20140414,7.044,7.044,6.848,6.914,1276,0
20140416,6.914,6.967,6.856,6.856,255,0
20140423,6.914,6.967,6.856,6.856,63,0
20140424,6.856,6.967,6.856,6.856,255,0
20140425,6.856,6.967,6.856,6.856,6,0
20140428,6.856,6.967,6.689,6.689,1276,0
20140505,6.973,6.973,6.755,6.755,1276,0
20140506,6.856,7.24,6.755,7.015,8296,0
20140507,7.052,7.146,6.903,6.973,1486,0
20140509,7.142,8.148,6.973,8.148,13977,0
20140512,8.148,8.148,7.247,7.247,3526,0
20140513,7.561,7.561,7.083,7.287,5615,0
20140514,7.287,7.631,7.287,7.631,62,0
20140515,7.631,7.631,7.287,7.365,3849,0
20140519,7.478,7.992,7.295,7.687,1341,0
20140520,7.687,8.07,7.499,7.644,220,0
20140522,7.839,8.07,6.973,7.193,11988,0
20140523,7.051,7.193,6.903,7.169,20239,0
20140526,7.012,7.384,7.012,7.059,3638,0
20140528,7.236,7.236,7.059,7.236,708,0
20140530,7.308,7.308,7.13,7.247,197,0
20140602,7.308,7.308,7.13,7.13,3190,0
20140604,7.384,7.589,7.208,7.224,2578,0
20140606,7.486,7.819,7.373,7.529,4958,0
20140609,7.536,7.6,7.294,7.467,6165,0
20140610,7.467,7.67,7.467,7.561,510,0
20140611,7.569,7.663,7.569,7.569,255,0
20140613,7.616,7.639,7.569,7.569,128,0
20140616,7.569,7.702,7.365,7.365,963,0
20140620,7.365,7.562,7.365,7.365,57,0
20140623,7.439,7.545,7.326,7.334,638,0
20140624,7.667,7.667,7.475,7.475,957,0
20140625,7.545,7.678,7.475,7.648,3948,0
20140626,7.585,8.031,7.487,8.023,6202,0
20140627,7.984,7.984,7.686,7.878,1844,0
20140630,7.878,7.968,7.6,7.6,510,0
20140701,7.775,8.062,7.584,7.843,1176,0
20140702,7.843,8.07,7.782,7.87,153,0
20140703,8.011,8.011,7.686,7.843,2999,0
20140704,7.859,8.011,7.686,8.011,319,0
20140707,7.882,8.011,7.835,7.913,1272,0
20140708,7.913,7.913,7.682,7.686,1789,0
20140709,7.874,7.882,7.678,7.678,131,0
20140711,7.87,7.949,7.678,7.87,117,0
20140714,7.87,7.882,7.639,7.839,459,0
20140715,7.833,7.937,7.678,7.717,1405,0
20140716,7.81,7.882,7.678,7.843,2287,0
20140717,7.714,7.859,7.247,7.247,3624,0
20140718,7.247,7.554,6.934,6.942,7331,0
20140721,7.044,7.326,6.73,7.153,8978,0
20140722,7.225,7.287,7.109,7.109,1276,0
20140723,7.198,7.198,7.07,7.091,657,0
20140724,7.138,7.264,6.973,7.091,293,0
20140725,7.171,7.272,7.07,7.272,1257,0
20140729,7.22,7.247,7.091,7.091,921,0
20140730,7.145,7.279,7.13,7.247,1021,0
20140731,7.216,7.216,7.13,7.146,638,0
20140801,7.145,7.283,7.13,7.153,5440,0
20140804,7.145,7.247,6.738,6.942,3253,0
20140805,7.093,7.145,6.934,6.934,1386,0
20140812,7.032,7.232,6.973,7.079,552,0
20140813,7.232,7.232,6.973,6.981,173,0
20140815,6.981,7.326,6.981,7.236,510,0
20140818,7.326,7.326,6.973,6.973,1959,0
20140819,7.169,7.169,6.803,6.981,2345,0
20140821,7.149,7.154,6.803,7.012,1758,0
20140825,7.11,7.154,6.793,6.801,3292,0
20140827,6.975,7.125,6.793,6.793,5488,0
20140828,6.793,6.892,6.777,6.816,2507,0
20140829,6.805,7.114,6.793,7.028,4952,0
20140901,7.028,7.13,6.903,6.942,2067,0
20140902,7.024,7.208,6.816,7.033,4294,0
20140903,7.039,7.13,6.816,6.824,18379,0
20140904,6.97,7.079,6.787,6.816,530,0
20140905,6.787,6.943,6.66,6.844,2546,0
20140908,6.844,6.943,6.503,6.582,1199,0
20140909,6.582,6.771,6.582,6.582,751,0
20140910,6.68,6.771,6.582,6.598,165,0
20140911,6.668,6.732,6.598,6.599,689,0
20140912,6.732,6.777,6.597,6.597,4211,0
20140915,6.732,6.746,6.523,6.581,4578,0
20140916,6.642,6.749,6.542,6.542,940,0
20140917,6.666,6.732,6.503,6.542,2,0
20140918,6.706,6.732,5.484,6.17,10063,0
20140919,6.068,6.294,5.994,6.294,4721,0
20140922,6.268,6.268,5.994,6.15,15456,0
20140923,6.15,6.15,5.876,5.876,2790,0
20140924,5.974,6.025,5.344,5.746,9851,0
20140925,5.737,5.887,5.597,5.814,2003,0
20140926,5.943,5.943,5.524,5.524,10776,0
20140929,5.752,5.752,5.343,5.484,3580,0
20140930,5.571,5.571,5.383,5.383,1978,0
20141001,5.431,5.563,5.299,5.352,2501,0
20141002,5.328,5.49,5.159,5.289,3369,0
20141006,5.294,5.398,4.937,4.937,9341,0
20141007,5.061,5.26,4.936,5.26,3037,0
20141008,5.26,5.26,4.505,4.803,8691,0
20141009,4.938,5.054,4.662,4.725,9739,0
20141010,4.623,4.738,4.623,4.623,970,0
20141013,4.709,4.931,4.623,4.701,1298,0
20141014,4.779,4.939,4.701,4.819,2373,0
20141015,5.22,5.484,4.892,5.105,3416,0
20141016,5.154,5.154,4.603,4.603,2885,0
20141017,4.623,4.898,4.623,4.638,1960,0
20141020,4.898,4.9,4.741,4.746,995,0
20141021,4.9,4.907,4.736,4.736,995,0
20141023,4.979,4.979,4.819,4.839,255,0
20141024,5.018,5.477,4.897,5.477,2915,0
20141027,6.35,6.35,5.334,5.725,7058,0
20141028,5.9,5.9,5.365,5.365,5988,0
20141029,5.6,5.695,5,5.012,5380,0
20141030,5.225,5.34,5.11,5.18,3555,0
20141031,5.299,5.45,5.17,5.18,2660,0
20141103,5.284,5.3,5.14,5.18,36304,0
20141104,5.155,5.33,5.137,5.137,10627,0
20141105,5.2,5.245,4.974,4.974,10103,0
20141106,5.2,5.375,5.15,5.212,14435,0
20141107,5.27,5.33,5.119,5.119,6940,0
20141110,5.295,5.36,5.25,5.3,2000,0
20141111,5.43,5.6,5.181,5.181,4543,0
20141112,5.365,5.365,5.076,5.076,1160,0
20141113,5.23,5.365,5.033,5.033,12467,0
20141114,5.25,5.295,5.035,5.035,9404,0
20141117,5.295,5.295,4.957,4.957,14000,0
20141118,5.1,5.2,4.968,4.968,601,0
20141119,5.11,5.225,4.972,4.972,4620,0
20141120,5.115,5.24,4.975,4.975,1560,0
20141121,5.06,5.2,4.935,4.935,930,0
20141125,5.155,5.155,4.915,4.915,2000,0
20141126,5.155,5.22,4.958,4.958,12796,0
20141127,5.13,5.13,4.965,5,13428,0
20141128,5.05,5.15,4.77,5.05,45563,0
20141201,5.028,5.06,4.865,5.02,6922,0
20141202,5.06,5.25,5.02,5.1,18083,0
20141203,5.33,5.33,5.1,5.1,4303,0
20141204,5.19,5.25,5.1,5.1,900,0
20141205,5.22,5.29,5.084,5.084,5498,0
20141208,5.27,5.42,5.25,5.26,8002,0
20141209,5.266,5.331,5.26,5.26,3700,0
20141210,5.264,5.34,5.26,5.26,4586,0
20141212,5.264,5.32,5.26,5.26,2400,0
20141215,5.269,5.287,5.032,5.032,4300,0
20141216,5.19,5.205,4.921,4.921,16050,0
20141217,5.104,5.204,5.104,5.2,5980,0
20141219,5.235,5.3,5.094,5.094,3855,0
20141222,5.284,5.292,5.122,5.122,386,0
20141223,5.214,5.29,5.075,5.075,1460,0
20141229,5.177,5.24,5.063,5.063,1250,0
20141230,5.169,5.2,5.06,5.135,1576,0
20150102,5.2,5.225,5.028,5.028,2000,0
20150105,5.225,5.239,5.21,5.21,682,0
20150106,5.21,5.34,5.21,5.21,500,0
20150107,5.215,5.29,5.21,5.21,610,0
20150108,5.29,5.29,5.054,5.07,3580,0
20150112,5.215,5.272,4.911,4.911,2000,0
20150114,5.13,5.185,5.055,5.055,160,0
20150115,5.185,5.19,5.055,5.055,770,0
20150116,5.135,5.185,4.942,4.942,2520,0
20150121,5.185,5.185,4.964,4.964,1800,0
20150122,5.145,5.225,5.1,5.2,1499,0
20150123,5.225,5.31,5.15,5.15,10000,0
20150127,5.305,5.36,5.25,5.25,665,0
20150128,5.305,5.335,5.25,5.25,600,0
20150129,5.335,5.335,5.25,5.25,1000,0
20150202,5.433,5.433,5.25,5.25,100,0
20150203,5.3,5.75,5.257,5.257,4858,0
20150204,5.419,5.5,5.226,5.226,3758,0
20150205,5.25,5.5,5.25,5.258,3000,0
20150206,5.418,5.455,5.197,5.197,920,0
20150209,5.425,5.425,5.175,5.175,1600,0
20150210,5.31,5.479,5.268,5.269,1683,0
20150211,5.475,5.543,5.239,5.239,1855,0
20150212,5.525,5.609,5.275,5.275,7533,0
20150213,5.45,5.542,5.2,5.201,7842,0
20150216,5.535,5.535,5.25,5.25,2185,0
20150219,5.501,5.6,5.365,5.365,365,0
20150220,5.501,5.551,5.352,5.352,100,0
20150223,5.506,5.551,5.23,5.23,4299,0
20150224,5.4,5.485,5.2,5.2,2650,0
20150225,5.355,5.59,5.35,5.369,6861,0
20150226,5.35,5.48,5.35,5.36,15,0
20150302,5.405,5.468,5.4,5.41,167,0
20150303,5.405,5.55,5.4,5.46,6099,0
20150305,5.485,5.55,5.2,5.278,13383,0
20150306,5.4,5.485,5.218,5.218,4605,0
20150309,5.355,5.45,5.2,5.2,100,0
20150310,5.355,5.473,5.35,5.35,500,0
20150311,5.35,5.413,5.35,5.35,300,0
20150313,5.409,5.409,5.2,5.2,7700,0
20150316,5.362,5.44,5.2,5.2,1400,0
20150317,5.362,5.394,5.2,5.2,2000,0
20150323,5.362,5.399,5.2,5.2,481,0
20150324,5.33,5.456,5.213,5.213,20,0
20150325,5.33,5.456,5.2,5.2,1760,0
20150326,5.456,5.456,5.2,5.2,5760,0
20150327,5.33,5.468,5.2,5.201,294,0
20150401,5.33,5.454,5.2,5.2,300,0
20150407,5.33,5.33,5.293,5.3,5600,0
20150409,5.209,5.461,5.209,5.461,450,0
20150410,5.32,5.373,5.32,5.373,893,0
20150413,5.34,5.549,5.3,5.3,8632,0
20150414,5.25,5.46,5.25,5.46,100,0
20150415,5.3,5.4,5.3,5.4,2,0
20150416,5.3,5.475,5.3,5.47,1000,0
20150417,5.337,5.53,5.314,5.314,2371,0
20150420,5.31,5.5,5.31,5.5,2000,0
20150421,5.31,5.545,5.31,5.545,1041,0
20150427,5.325,5.405,5.325,5.405,503,0
20150428,5.325,5.498,5.325,5.498,364,0
20150429,5.325,5.55,5.325,5.55,6582,0
20150430,5.325,5.54,5.3,5.54,3200,0
20150504,5.286,5.286,5.271,5.271,167,0
20150505,5.264,5.35,5.264,5.35,350,0
20150508,5.279,5.287,5.279,5.279,2409,0
20150511,4.783,5.197,4.72,5.197,1340,0
20150512,5.197,5.449,5.197,5.21,551,0
20150515,5.1,5.15,5.1,5.15,789,0
20150518,5.16,5.207,5.16,5.207,2200,0
20150519,5.207,5.221,5.207,5.221,504,0
20150520,5.207,5.4,5.207,5.4,300,0
20150522,5.207,5.452,5.207,5.307,2416,0
20150527,5.207,5.22,5.207,5.207,673,0
20150528,5.16,5.23,5.16,5.23,1005,0
20150529,5.21,5.54,5.21,5.52,36089,0
20150601,5.5,5.535,5.5,5.535,4577,0
20150602,5.404,5.54,5.404,5.54,328,0
20150603,5.404,5.42,5.401,5.401,2960,0
20150608,5.362,5.52,5.362,5.49,24547,0
20150609,5.362,5.45,5.238,5.28,6274,0
20150612,5.31,5.479,5.137,5.137,8900,0
20150615,5.12,5.19,5.12,5.189,2601,0
20150616,5,5.19,5,5.19,1301,0
20150617,5.1,5.299,5.1,5.299,948,0
20150618,5.11,5.18,5.11,5.18,1000,0
20150619,5.181,5.3,5.181,5.3,2093,0
20150622,5.181,5.29,5.181,5.29,3010,0
20150624,5.18,5.343,5.18,5.343,1006,0
20150629,5.201,5.201,5.187,5.187,1000,0
20150630,5.18,5.38,5.18,5.38,372,0
20150706,5.25,5.35,5.25,5.35,1003,0
20150707,5.25,5.34,5.18,5.18,4500,0
20150709,5.18,5.19,5.18,5.19,150,0
20150710,5.18,5.35,5.18,5.35,3000,0
20150713,5.22,5.229,5.22,5.229,500,0
20150714,5.22,5.22,5.22,5.22,2000,0
20150716,5.19,5.293,5.19,5.19,3260,0
20150717,5.07,5.253,5.07,5.253,200,0
20150720,5.086,5.25,5.086,5.25,131,0
20150721,5.13,5.137,5.13,5.137,1596,0
20150722,5.2,5.21,5.2,5.207,528,0
20150723,5.2,5.35,5.2,5.227,1406,0
20150727,5.13,5.135,5.02,5.135,1740,0
20150728,5.022,5.18,5.022,5.18,2175,0
20150731,5.07,5.08,5.07,5.08,500,0
20150803,5.071,5.25,5.071,5.25,3920,0
20150805,5.07,5.29,5.07,5.2,5043,0
20150806,5.073,5.323,5.073,5.323,501,0
20150807,5.125,5.33,5.125,5.33,1275,0
20150810,5.22,5.227,5.21,5.213,1079,0
20150812,5.12,5.127,5.12,5.12,2011,0
20150819,5.16,5.167,5.16,5.16,809,0
20150820,5.33,5.33,5.33,5.33,1000,0
20150821,5.077,5.107,5.077,5.107,450,0
20150824,5.07,5.07,4.86,4.88,7732,0
20150825,4.9,5.03,4.88,4.88,1640,0
20150828,4.931,5.07,4.931,4.95,1936,0
20150831,4.931,5.193,4.931,5.14,5534,0
20150901,5.015,5.25,5,5.25,4696,0
20150904,5.039,5.046,5.039,5.04,1585,0
20150908,5.05,5.213,5.05,5.1,302,0
20150910,5.05,5.23,5.05,5.075,11100,0
20150911,5.03,5.037,5.03,5.037,1000,0
20150916,5.05,5.06,5.05,5.06,20,0
20150922,5.05,5.057,5.043,5.043,4116,0
20150923,4.954,5.014,4.954,5.014,800,0
20150924,5.01,5.01,4.97,4.97,9872,0
20150928,4.98,5,4.98,5,709,0
20150929,4.98,4.98,4.93,4.98,7640,0
20150930,4.88,4.88,4.88,4.88,1000,0
20151002,4.89,5.02,4.89,5.02,479,0
20151005,5.049,5.049,4.89,4.89,300,0
20151008,4.97,5.033,4.97,4.97,5633,0
20151014,4.95,5.001,4.95,5.001,1528,0
20151015,4.95,4.95,4.91,4.91,3700,0
20151023,4.85,5.03,4.84,4.84,14980,0
20151028,4.76,4.76,4.5,4.727,5112,0
20151029,4.612,4.85,4.612,4.85,1163,0
20151030,4.668,4.9,4.668,4.9,1952,0
20151102,4.78,4.914,4.78,4.914,488,0
20151103,4.9,5.007,4.855,4.869,7911,0
20151105,4.9,5.063,4.9,4.93,200,0
20151109,4.93,5.053,4.93,4.96,3457,0
20151110,4.96,5.06,4.944,4.944,3562,0
20151111,4.93,5.007,4.93,4.96,4725,0
20151112,4.96,4.96,4.93,4.93,1255,0
20151113,4.86,4.95,4.86,4.86,900,0
20151117,4.89,4.93,4.89,4.89,273,0
20151118,4.89,5,4.89,4.89,158,0
20151120,4.89,4.89,4.89,4.89,1594,0
20151123,4.89,4.89,4.89,4.89,409,0
20151125,4.98,4.98,4.93,4.93,660,0
20151126,4.91,4.91,4.91,4.91,450,0
20151130,4.95,4.95,4.91,4.91,2209,0
20151201,4.91,5.1,4.91,5.1,7328,0
20151202,5.095,5.098,4.91,5.09,2379,0
20151203,5.099,5.099,4.98,4.99,1538,0
20151204,4.98,5.1,4.98,5.099,3772,0
20151207,4.98,4.98,4.98,4.98,1250,0
20151208,4.91,5.08,4.86,5.07,2496,0
20151211,4.885,4.885,4.86,4.86,3268,0
20151214,4.741,4.95,4.741,4.95,510,0
20151215,4.829,4.861,4.829,4.86,2919,0
20151216,4.85,4.9,4.81,4.81,9204,0
20151217,4.7,4.87,4.7,4.87,1500,0
20151218,4.8,4.91,4.8,4.82,11337,0
20151221,4.75,5,4.75,4.99,2110,0
20151222,4.77,4.77,4.77,4.77,860,0
20151223,4.77,5.4,4.77,5.245,54217,0
20151228,5.365,5.4,5.2,5.295,41545,0
20151229,5.16,5.289,5.16,5.289,3152,0
20151230,5.16,5.25,5.16,5.2,4622,0
20160104,5.096,5.349,5.096,5.349,2280,0
20160105,5.068,5.31,5.068,5.31,200,0
20160106,5.066,5.09,5.066,5.09,1000,0
20160107,5.18,5.18,5,5,9000,0
20160108,4.92,5.1,4.92,5,10386,0
20160111,4.858,5.12,4.858,5.05,34399,0
20160112,4.92,5.1,4.92,5.01,3805,0
20160114,5.19,5.19,5.02,5.02,3407,0
20160115,5,5,5,5,10304,0
20160118,4.95,5,4.95,5,300,0
20160120,5.01,5.199,5,5.199,4510,0
20160125,4.98,4.99,4.98,4.99,500,0
20160126,5.01,5.02,5.01,5.02,550,0
20160128,5.02,5.021,5.02,5.021,500,0
20160204,5.02,5.18,5.02,5.18,2741,0
20160205,5.01,5.19,5.01,5.19,2500,0
20160208,5.02,5.05,5.02,5.05,1700,0
20160209,5.01,5.1,5.01,5.1,3740,0
20160211,5.004,5.004,4.814,4.814,5568,0
20160212,4.76,5.05,4.76,5.05,3412,0
20160215,5.06,5.085,5.06,5.08,850,0
20160217,5.02,5.04,5.02,5.04,375,0
20160219,5.02,5.02,5.02,5.02,334,0
20160222,5.02,5.02,5.02,5.02,500,0
20160223,5.06,5.06,5.06,5.06,1000,0
20160224,5.05,5.14,5.05,5.05,910,0
20160225,5.07,5.198,5.07,5.198,12394,0
20160226,5.08,5.195,5.08,5.11,4451,0
20160229,5.08,5.09,5.08,5.09,100,0
20160301,5.08,5.2,5.08,5.2,7114,0
20160302,5.081,5.343,5.081,5.3,6902,0
20160303,5.31,5.4,5.31,5.4,3628,0
20160304,5.32,6,5.32,6,14116,0
20160307,5.715,6,5.5,5.5,10017,0
20160308,5.38,5.77,5.38,5.77,1482,0
20160309,5.629,5.98,5.55,5.55,3450,0
20160310,5.55,5.75,5.55,5.75,2000,0
20160311,5.61,5.9,5.61,5.9,3000,0
20160314,5.77,5.77,5.76,5.77,685,0
20160315,5.76,5.9,5.76,5.9,2000,0
20160316,5.72,5.98,5.72,5.98,500,0
20160317,5.8,5.93,5.8,5.93,450,0
20160322,5.8,5.989,5.8,5.989,2500,0
20160323,5.8,6.29,5.8,5.86,13235,0
20160324,6.246,6.246,5.992,6.24,4700,0
20160329,5.991,6.29,5.991,6.2,1300,0
20160330,6.049,6.3,6.049,6.3,1000,0
20160331,6.1,6.11,6.1,6.11,1200,0
20160401,6.1,6.25,6.1,6.25,1852,0
20160404,6.11,6.29,6.11,6.29,1175,0
20160405,6.11,6.499,6.11,6.24,5989,0
20160406,6.24,6.5,6.15,6.5,7030,0
20160407,6.286,6.286,6.286,6.286,200,0
20160408,6.25,6.26,6.25,6.26,200,0
20160412,6.25,6.55,6.25,6.55,1050,0
20160414,6.4,6.41,6.4,6.41,200,0
20160415,6.4,6.7,6.4,6.7,400,0
20160418,6.66,7,6.66,6.75,1866,0
20160419,6.66,6.71,6.45,6.71,6350,0
20160420,6.546,6.6,6.546,6.6,300,0
20160421,6.55,6.56,6.55,6.55,3050,0
20160422,6.5,6.5,6.17,6.44,27706,0
20160425,6.45,6.45,6.15,6.3,3651,0
20160426,6.25,6.25,6.19,6.19,1500,0
20160427,6.1,6.426,6.1,6.28,1500,0
20160428,6.127,6.4,6.127,6.4,250,0
20160429,6.15,6.15,5.78,5.85,19994,0
20160502,5.8,5.86,5.8,5.86,950,0
20160505,5.85,5.98,5.85,5.98,100,0
20160506,5.85,5.89,5.85,5.89,1400,0
20160510,5.8,6,5.8,6,2339,0
20160511,6,6.01,6,6.01,1000,0
20160512,6,6,6,6,8161,0
20160513,5.91,6.198,5.91,6.02,325,0
20160517,5.91,6,5.91,6,30,0
20160518,5.95,6.2,5.95,6.2,5850,0
20160520,6.05,6.19,6.05,6.19,826,0
20160523,6.05,6.15,6.05,6.07,401,0
20160530,5.906,6.2,5.906,6,1834,0
20160531,5.95,6.65,5.95,6.65,7977,0
20160601,6.5,6.745,6.5,6.745,10433,0
20160603,6.55,6.62,6.55,6.62,1200,0
20160606,6.6,6.748,6.6,6.748,2920,0
20160607,6.6,6.748,6.6,6.748,1000,0
20160608,6.6,6.747,6.37,6.37,1850,0
20160609,6.45,6.747,6.45,6.747,400,0
20160610,6.45,6.5,6.45,6.5,400,0
20160613,6.5,6.5,6.4,6.5,3500,0
20160614,6.5,6.5,6.5,6.5,100,0
20160616,6.51,6.51,6.35,6.35,3500,0
20160620,6.38,6.47,6.38,6.47,1140,0
20160621,6.38,6.47,6.38,6.47,550,0
20160622,6.38,6.47,6.38,6.47,590,0
20160623,6.38,6.38,6.35,6.35,1100,0
20160624,6.2,6.2,5.902,5.902,2500,0
20160627,5.95,6.05,5.95,6.01,2200,0
20160629,6.2,6.38,6.2,6.38,1153,0
20160630,6.1,6.38,6.1,6.38,400,0
20160701,6.224,6.5,6.224,6.5,1000,0
20160704,6.191,6.3,6.191,6.25,1225,0
20160706,6.2,6.2,6.1,6.1,1445,0
20160712,6.205,6.5,6.205,6.4,2810,0
20160713,6.4,6.5,6.4,6.5,4000,0
20160714,6.6,7,6.6,6.852,35991,0
20160715,6.851,7.2,6.851,7.19,15230,0
20160718,6.95,7.21,6.95,7.1,4004,0
20160719,6.911,7.15,6.911,7.15,770,0
20160720,7,7.25,7,7.25,2409,0
20160721,7.01,7.15,7.01,7.15,2505,0
20160722,6.858,6.95,6.858,6.95,1999,0
20160725,6.96,7,6.96,7,1360,0
20160726,6.97,6.97,6.9,6.9,3455,0
20160728,6.95,6.97,6.95,6.95,1000,0
20160801,6.95,6.96,6.9,6.9,6788,0
20160802,6.9,6.91,6.88,6.88,3291,0
20160803,6.9,6.9,6.9,6.9,500,0
20160804,6.95,6.95,6.8,6.8,1196,0
20160808,6.77,6.95,6.77,6.78,2510,0
20160809,6.77,7.01,6.77,7.01,3620,0
20160810,6.85,7.1,6.85,7.06,7380,0
20160811,6.85,7.11,6.85,7.02,3175,0
20160816,7.104,7.25,7.104,7.16,2035,0
20160817,7.154,7.34,7.154,7.155,2255,0
20160818,7.154,7.25,7.154,7.25,2500,0
20160822,7.11,7.28,7.11,7.25,2703,0
20160823,7.05,7.25,7.05,7.25,1000,0
20160824,7.05,7.24,7.05,7.24,400,0
20160825,7.05,7.25,7.05,7.25,552,0
20160829,7.05,7.25,7.05,7.25,2500,0
20160830,7.06,7.2,7.06,7.2,760,0
20160831,7.06,7.4,7.06,7.3,2780,0
20160901,7.25,7.25,7.2,7.2,1776,0
20160902,7.051,7.48,7.051,7.48,5000,0
20160905,7.298,7.7,7.298,7.6,2800,0
20160906,7.3,7.95,7.3,7.944,2935,0
20160907,7.611,7.88,7.611,7.88,2560,0
20160909,7.551,7.61,7.551,7.61,1160,0
20160913,7.424,7.424,7.38,7.39,940,0
20160914,7.3,7.37,7.25,7.25,2844,0
20160915,7.11,7.89,7.11,7.6,2875,0
20160916,7.6,7.6,7.4,7.4,300,0
20160919,7.4,7.45,7.4,7.45,500,0
20160920,7.3,7.35,7.3,7.35,886,0
20160921,7.35,7.35,7.33,7.33,1400,0
20160922,7.35,7.6,7.35,7.6,350,0
20160927,7.37,7.6,7.37,7.6,500,0
20160928,7.415,7.5,7.415,7.5,75,0
20160929,7.56,7.8,7.56,7.8,10,0
20160930,7.61,7.65,7.61,7.61,900,0
20161005,7.6,7.6,7.6,7.6,3200,0
20161006,7.56,7.57,7.56,7.56,800,0
20161007,7.376,7.6,7.376,7.6,50,0
20161010,7.511,7.55,7.511,7.52,8200,0
20161012,7.52,7.53,7.52,7.53,100,0
20161013,7.52,7.78,7.52,7.78,1850,0
20161014,7.6,7.8,7.45,7.45,6300,0
20161019,7.46,7.6,7.46,7.6,1700,0
20161020,7.6,7.72,7.6,7.72,1,0
20161021,7.6,7.6,7.5,7.5,740,0
20161024,7.56,7.71,7.56,7.56,4200,0
20161025,7.56,7.7,7.56,7.7,1350,0
20161026,7.56,7.72,7.56,7.72,300,0
20161027,7.56,7.56,7.56,7.56,500,0
20161028,7.48,7.48,7.48,7.48,500,0
20161031,7.72,7.73,7.45,7.73,4697,0
20161103,7.48,7.8,7.48,7.8,1200,0
20161107,7.48,7.6,7.48,7.6,500,0
20161109,7.48,7.48,7.298,7.298,800,0
20161110,7.35,7.4,7.35,7.4,500,0
20161111,7.5,7.5,7.5,7.5,273,0
20161114,7.55,7.55,7.55,7.55,700,0
20161115,7.366,7.45,7.366,7.41,1670,0
20161116,7.4,7.49,7.3,7.4,2308,0
20161118,7.35,7.35,7.35,7.35,580,0
20161121,7.314,7.35,7.314,7.35,2450,0
20161122,7.314,7.65,7.314,7.65,1000,0
20161123,7.324,7.45,7.324,7.45,600,0
20161128,7.4,7.69,7.4,7.69,1000,0
20161129,7.5,7.7,7.5,7.69,3725,0
20161130,7.551,7.7,7.4,7.7,4510,0
20161201,7.512,7.94,7.512,7.75,1300,0
20161202,7.62,7.7,7.56,7.57,2919,0
20161208,7.52,7.75,7.52,7.75,700,0
20161209,7.75,7.99,7.75,7.93,3054,0
20161212,7.75,7.98,7.75,7.78,760,0
20161213,7.75,7.75,7.61,7.61,315,0
20161214,7.6,7.77,7.6,7.77,500,0
20161215,7.6,7.87,7.6,7.87,265,0
20161219,7.6,7.85,7.6,7.85,2940,0
20161220,7.6,7.6,7.6,7.6,1500,0
20161222,7.63,7.849,7.63,7.849,1000,0
20161227,7.634,7.85,7.634,7.85,770,0
20161229,7.634,7.8,7.634,7.8,390,0
20161230,7.65,7.85,7.65,7.72,1405,0
20170103,7.67,7.95,7.67,7.95,11,0
20170104,7.75,8,7.75,8,2915,0
20170105,7.704,7.99,7.68,7.7,7020,0
20170106,7.67,7.7,7.55,7.55,7373,0
20170109,7.42,7.82,7.42,7.82,936,0
20170111,7.515,7.515,7.477,7.477,20,0
20170112,7.45,7.69,7.45,7.45,2810,0
20170116,7.43,7.8,7.43,7.8,2350,0
20170117,7.477,8,7.477,7.7,22796,0
20170119,7.55,7.799,7.55,7.799,888,0
20170120,7.75,7.95,7.75,7.95,1400,0
20170123,7.75,7.95,7.75,7.95,1816,0
20170124,7.75,8.11,7.75,8,10769,0
20170126,7.801,8.19,7.801,8.08,1799,0
20170127,8,8.15,8,8.15,1300,0
20170130,8.19,8.3,8.19,8.3,4905,0
20170131,8.05,8.3,8.05,8.3,1260,0
20170202,8.21,8.29,8.21,8.29,644,0
20170206,8.1,8.29,8.1,8.29,600,0
20170207,8.1,8.29,8.1,8.29,420,0
20170208,8.15,8.16,8.15,8.15,2167,0
20170209,8.1,8.18,8.1,8.18,2,0
20170210,8.1,8.25,8.1,8.25,10,0
20170213,8.1,8.1,8.1,8.1,2000,0
20170214,7.867,8.05,7.867,7.98,250,0
20170215,7.88,7.9,7.88,7.9,1,0
20170220,8.1,8.19,7.97,8.164,715,0
20170222,8.081,8.081,8.01,8.01,1960,0
20170223,8.03,8.03,7.704,7.77,6610,0
20170303,7.81,8.1,7.81,8.1,300,0
20170306,7.95,8.25,7.95,8.1,1500,0
20170308,7.902,7.902,7.83,7.83,50,0
20170313,8,8.19,8,8.15,2700,0
20170314,8.1,8.38,8.1,8.38,1200,0
20170317,8.1,8.39,8.1,8.185,2510,0
20170321,8.1,8.2,8.1,8.2,197,0
20170322,8.1,8.4,8.1,8.4,500,0
20170323,8.1,8.1,8,8.1,6324,0
