Date,Open,High,Low,Close,Volume,OpenInt
20041108,6.13333,6.15,5.95333,6.02667,402300,0
20041109,6.06333,6.13333,6,6.13333,90600,0
20041110,6.22,6.55,6.22,6.55,168900,0
20041111,6.58333,6.6,6.34,6.45667,59100,0
20041112,6.48333,6.49,6.35,6.41667,25200,0
20041115,6.44,6.44,6.33333,6.4,18300,0
20041116,6.41667,6.76667,6.38333,6.73333,83700,0
20041117,6.7,6.83333,6.61667,6.78333,34200,0
20041118,6.79667,6.81333,6.75,6.81333,18300,0
20041119,6.83333,6.83333,6.66667,6.78333,17700,0
20041122,6.79333,6.79333,6.53333,6.72333,16800,0
20041123,6.78333,6.81,6.56667,6.66667,50100,0
20041124,6.66667,6.81667,6.58667,6.71667,18000,0
20041125,6.71667,6.71667,6.6,6.66667,27900,0
20041126,6.66667,6.66667,6.62,6.66667,12600,0
20041129,6.65,6.73333,6.62,6.7,16800,0
20041130,6.73333,6.96333,6.65,6.93333,42900,0
20041201,7.03333,7.15,6.95,7.05,37200,0
20041202,7.08333,7.15,7.02,7.02,14700,0
20041203,7.1,7.16667,7.03333,7.03333,12300,0
20041206,7.09,7.09,6.85333,7.04667,15000,0
20041207,7.05,7.05,6.91667,7.05,4800,0
20041208,6.93333,7.01667,6.9,6.9,7200,0
20041209,6.9,6.96667,6.83333,6.9,5400,0
20041210,6.9,7.05,6.9,7,17100,0
20041213,7,7.06667,6.88333,6.93333,6300,0
20041214,7.01667,7.06667,6.93667,7.03333,1800,0
20041215,7.03333,7.03333,6.83333,6.96,8700,0
20041216,6.96,6.96,6.73333,6.76667,6000,0
20041217,6.8,6.8,6.50333,6.8,18900,0
20041220,6.76333,6.86333,6.52,6.55,12300,0
20041221,6.53333,6.65,6.53333,6.65,8400,0
20041222,6.66667,6.7,6.66667,6.7,900,0
20041223,6.83333,6.83333,6.61667,6.76667,6900,0
20041227,6.66667,6.66667,6.61667,6.66667,3000,0
20041228,6.64667,6.73333,6.56667,6.56667,3600,0
20041229,6.56667,6.75,6.5,6.66667,17100,0
20041230,6.58333,6.66333,6.5,6.63333,9300,0
20050103,6.63333,6.66667,6.53667,6.65,3600,0
20050104,6.65,6.65,6.5,6.63333,14100,0
20050105,6.53333,6.6,6.5,6.6,17100,0
20050106,6.53333,6.6,6.21,6.49333,18600,0
20050107,6.45,6.53333,6.38333,6.49,6600,0
20050110,6.45,6.47,6.33333,6.41667,8400,0
20050111,6.36667,6.39667,6.23333,6.23333,8400,0
20050112,6.23333,6.29667,6,6.29667,24900,0
20050113,6.13667,6.46667,6.03333,6.46667,27600,0
20050114,6.33333,6.6,6.33333,6.56667,27600,0
20050117,6.56667,6.63333,6.5,6.63,20100,0
20050118,6.66,6.76667,6.63333,6.7,12900,0
20050119,6.7,6.73,6.63333,6.7,8700,0
20050120,6.63667,6.7,6.63,6.68,9900,0
20050121,6.66667,6.73333,6.56667,6.7,17700,0
20050124,6.63333,6.83333,6.56667,6.74667,88500,0
20050125,6.58333,7.03333,6.58333,6.99,63900,0
20050126,6.98333,7.06667,6.83333,7.06667,20100,0
20050127,7.06667,7.07,6.86667,7.06667,9900,0
20050128,7.06667,7.06667,6.89,6.96667,12900,0
20050131,6.98333,7,6.90667,6.93333,12600,0
20050201,7.05,7.05,6.85,6.93333,15000,0
20050202,7,7.1,6.95,6.95,5700,0
20050203,6.95,7.1,6.95,7.03333,4200,0
20050204,7,7.2,7,7.2,15900,0
20050207,7.33,7.49,7.33,7.48667,61200,0
20050208,7.7,7.78333,7.66667,7.75,118200,0
20050209,7.8,7.81667,7.67333,7.71667,44100,0
20050210,7.7,7.93333,7.7,7.93333,27300,0
20050211,7.77333,8,7.77333,7.96333,11400,0
20050214,8.00333,8.23333,8.00333,8.13333,33600,0
20050215,8.21667,8.21667,7.98333,8.05,43200,0
20050216,8.00333,8.08333,7.96667,8.06,25500,0
20050217,8,8,7.78333,7.94667,7200,0
20050218,7.93333,7.93333,7.85,7.92667,2700,0
20050221,7.96667,7.96667,7.67667,7.75,21300,0
20050222,7.76667,7.79667,7.67,7.73,5700,0
20050223,7.66667,7.75,7.66667,7.70333,27900,0
20050224,7.76333,7.91667,7.68667,7.91667,3900,0
20050225,7.9,8,7.9,7.93333,7500,0
20050228,8,8,7.83333,7.96667,3900,0
20050301,7.86667,7.86667,7.30333,7.66667,30300,0
20050302,7.74667,7.74667,7.45,7.60667,9900,0
20050303,7.6,7.85,7.6,7.83333,19500,0
20050304,7.83333,8.09667,7.8,8.09667,15300,0
20050307,8.09667,8.09667,7.7,7.93333,15600,0
20050308,7.96667,8.03333,7.86667,8,9300,0
20050309,8,8.43333,7.96667,8.31667,44700,0
20050310,8.38333,8.53333,8.33333,8.53333,14400,0
20050311,8.59667,9.16333,8.56667,8.88,125700,0
20050314,9.05,9.05,8.79,8.99667,39600,0
20050315,9.08333,9.26667,9,9.17667,25200,0
20050316,9.03333,9.15,8.86333,8.86333,10200,0
20050317,8.76667,8.76667,8.33333,8.45,25500,0
20050318,8.50333,8.62667,8.45333,8.56667,7500,0
20050321,8.45,9.11667,8.45,9.06333,32400,0
20050322,9.1,9.14,8.8,9.06667,23100,0
20050323,8.96667,8.96667,8.83333,8.83333,15000,0
20050324,8.83333,8.91667,8.7,8.91667,6900,0
20050329,8.9,8.9,8.75,8.78333,5100,0
20050330,8.70333,8.70333,8.43333,8.58333,12000,0
20050331,8.65,8.65,8.46667,8.5,8700,0
20050401,8.43667,8.5,8.16667,8.46667,39900,0
20050404,8.5,8.5,8.36667,8.36667,8400,0
20050405,8.36667,8.36667,8.28333,8.28333,10500,0
20050406,8.3,8.46667,8.25,8.4,8400,0
20050407,8.46333,8.48,8.4,8.48,900,0
20050408,8.48333,8.5,8.46667,8.49667,6300,0
20050411,8.55,8.55,8.38333,8.49667,17700,0
20050412,8.93333,9,8.53333,8.83333,53100,0
20050413,8.83333,9.16667,8.83333,9.13333,24000,0
20050414,9.11667,9.56667,8.96667,9.33333,39300,0
20050415,9.33333,9.36667,8.75333,8.82333,54900,0
20050418,8.78333,8.78333,8.25333,8.56333,37500,0
20050419,8.6,8.76333,8.57333,8.57333,15300,0
20050420,8.66667,8.74667,8.26667,8.53333,11700,0
20050421,8.63,8.9,8.53333,8.9,22200,0
20050422,8.92667,9.25,8.92667,9.13333,38700,0
20050425,9.13333,9.5,9.13333,9.46667,32400,0
20050426,9.36667,9.55,9.36667,9.55,11100,0
20050427,9.46667,10.1,9.46667,9.8,38100,0
20050428,9.75,9.81667,9.18333,9.26667,30300,0
20050429,9.35,9.98333,9.21667,9.98333,26400,0
20050502,10,10.08333,9.83333,10,10200,0
20050503,10,10,9.56667,9.83,10500,0
20050504,9.83333,9.83333,9.66667,9.83333,1200,0
20050505,9.73333,9.73333,9.66667,9.66667,1800,0
20050506,9.83,10,9.76667,10,8400,0
20050509,10.09667,10.23333,9.95,10.23333,16800,0
20050510,10.33333,11,10.33333,10.66667,39600,0
20050511,10.93333,11.16667,10.68667,11.16333,29400,0
20050512,11.3,11.3,10.55,11.06667,30300,0
20050513,11.03333,11.98,10.93333,11.66667,20100,0
20050516,11.86667,12.12,11.66667,11.83333,4200,0
20050517,12,12.6,12,12.16667,30900,0
20050518,12,12.3,11,11.66,61800,0
20050519,11.66,12.03333,11.66,11.83333,8400,0
20050520,11.66667,11.7,11,11.5,15300,0
20050523,11.46667,11.55,11.01,11.35,15300,0
20050524,11.45,11.45,11.16667,11.16667,1500,0
20050525,11.16667,11.38,11.16667,11.2,1800,0
20050526,11.16667,11.33333,11.16667,11.33333,1200,0
20050527,11.42333,11.6,11.42333,11.53333,6600,0
20050530,11.66667,12.23333,11.66333,12.13333,12300,0
20050531,12.2,13,12.1,12.5,24000,0
20050601,12.5,12.66667,12.33333,12.6,5400,0
20050602,12.68,12.68,12.5,12.66333,9000,0
20050603,12.66333,13.16667,12.6,12.66667,10200,0
20050606,12.7,12.7,12.33333,12.58333,2700,0
20050607,12.5,12.5,12.16667,12.26667,3300,0
20050608,12,12.13333,11.8,12.03333,14100,0
20050609,12.16667,12.2,12,12.16667,3900,0
20050610,12.16667,12.33,12,12,7200,0
20050613,12,12.01667,10.87,11.33333,49200,0
20050614,11.17333,11.58333,11.17333,11.56667,11700,0
20050615,11.5,11.73,11.5,11.56667,10200,0
20050616,11.66667,12,11.6,11.98333,17700,0
20050617,12.06667,12.06667,11.73333,11.73333,7500,0
20050620,11.66667,11.78333,11.63333,11.78333,3300,0
20050621,11.66667,11.66667,11.43333,11.63333,13200,0
20050622,11.5,11.56667,11.5,11.5,8700,0
20050623,11.56667,11.56667,10.51667,10.86667,77700,0
20050624,10.85,11.3,10.85,11.16667,32100,0
20050627,11.16667,11.16667,11.01333,11.03333,4800,0
20050628,11.1,11.23333,11.03333,11.23333,3000,0
20050629,11.3,11.3,11.11667,11.11667,3000,0
20050630,11.13333,11.25,11.05333,11.25,17400,0
20050701,11.16667,11.16667,11.06667,11.11667,8100,0
20050704,11.5,11.62667,11.36667,11.58333,60900,0
20050705,11.65,11.65,11.46667,11.63333,59100,0
20050706,11.80333,12.33333,11.80333,12.32,55800,0
20050707,12.5,13.16667,12,12.57333,27300,0
20050708,12.66667,13.16667,12.66667,13,30000,0
20050711,13.16667,13.46333,12.98333,13.33,27900,0
20050712,13.33333,13.61667,13.20333,13.31667,9000,0
20050713,13.61667,13.63333,13.33333,13.33333,23400,0
20050714,13.35,13.5,13.30333,13.30333,10800,0
20050715,13.43333,13.5,13.16667,13.41,8100,0
20050718,13.21667,13.41667,13.21333,13.33333,7200,0
20050719,13.2,13.26667,12.55,12.8,14400,0
20050720,12.91667,12.96667,12.91667,12.96667,1200,0
20050721,13,13.33333,12.73333,13.13333,14700,0
20050722,13.00333,13.14667,12.71667,13,4500,0
20050725,12.9,13.65,12.9,13.65,29700,0
20050726,13.55333,13.55333,13.17667,13.17667,900,0
20050727,13.13333,13.4,13.13333,13.33333,2100,0
20050728,13.55,13.55,13.43333,13.46667,3900,0
20050729,13.6,13.83333,13.44333,13.71667,18300,0
20050801,13.61667,13.87333,13.34,13.45667,6900,0
20050802,13.66667,13.69,13.35333,13.66667,18300,0
20050803,14.18333,14.66667,14.03333,14.66667,74700,0
20050804,14.4,14.8,14.33333,14.71667,20700,0
20050805,14.53333,14.73333,14.35,14.66667,73200,0
20050808,14.66667,15.49667,14.63333,15.1,19500,0
20050809,15.60667,16.33333,15.38333,16.06667,33600,0
20050810,16.00333,16.26333,15.33333,15.89667,21000,0
20050811,15.6,15.6,15.05667,15.5,10500,0
20050812,15.6,16.33333,15.6,16.17333,16200,0
20050815,16.23333,16.83,16.16667,16.76,20400,0
20050816,16.56667,17.12,16.55333,16.83667,15900,0
20050817,16.81667,17.16333,16.81667,16.99667,10500,0
20050818,16.99667,17.08333,16.55,16.55,34800,0
20050819,16.35,16.96333,16.14,16.56667,24300,0
20050822,16.78333,17.66333,16.78333,17.66333,30600,0
20050823,17.78667,18.22667,17.67333,17.9,36000,0
20050824,18.21667,18.21667,17.48667,17.67,6900,0
20050825,17.66667,17.66667,16.97333,17.41333,38400,0
20050826,17.41333,18.16333,17.20333,17.70333,23100,0
20050829,17.53667,18.14667,17.33333,17.73667,47100,0
20050830,17.65667,18.15,17.65667,17.8,5400,0
20050831,17.36667,17.85,17.16667,17.85,45600,0
20050901,17.5,17.6,17.16667,17.4,21000,0
20050902,17.18333,17.53333,17.18333,17.53333,11400,0
20050905,17.76333,18.25,17.71,18.11333,9300,0
20050906,18.31667,20.49667,18.31667,19.96667,23100,0
20050907,19.96333,20,19.70333,19.75,4800,0
20050908,20,20,18.93333,19.33333,11700,0
20050909,19.6,19.66667,19.25,19.31667,13500,0
20050912,19.33333,20.33333,19.33333,20.33333,71400,0
20050913,20.33333,21.66667,20.33333,21.66667,20400,0
20050914,21.66667,21.95667,21.34,21.91667,45600,0
20050915,21.91667,22.18,21.67333,22.18,16800,0
20050916,22.46667,22.53333,21.90333,22.33,6300,0
20050919,21.66667,21.66667,20.00333,21.47333,24600,0
20050920,21.56333,21.99,19.84,19.86667,20700,0
20050921,19.99667,21.16667,19,20.93,35100,0
20050922,20.99667,21.18333,20.86667,21.18333,8100,0
20050923,21.29667,21.66667,20.93333,20.93333,8400,0
20050926,20.83333,20.83333,20.08333,20.08333,9600,0
20050927,20.08333,20.09667,19.43333,19.81,18300,0
20050928,19.83333,20,19.66667,19.99333,5100,0
20050929,19.84333,20.16333,19.34667,19.51667,11100,0
20050930,19.4,20,19.26667,20,35700,0
20051003,19.58333,19.86333,19.33333,19.33333,3300,0
20051004,19.33667,19.34333,19.26667,19.30333,15300,0
20051005,19.13333,19.16,18.22,19,69900,0
20051006,19.12333,19.3,18.83333,19.18333,13800,0
20051007,19,19.2,19,19.18,3300,0
20051010,19.18667,19.33,18.93667,19.06667,9600,0
20051011,19.00667,19.26333,19.00667,19.16667,3900,0
20051012,19.16333,19.16667,19,19.16667,1200,0
20051013,18.66667,19.56667,18.43333,19,20700,0
20051014,19.13333,19.13333,18.66667,18.98333,4500,0
20051017,18.60333,19.5,18.60333,19.32,13500,0
20051018,19.51333,19.51333,19,19,9000,0
20051019,18.9,19.36333,18.27,19.10667,37800,0
20051020,19.30667,20.96667,19.12,20.96667,11100,0
20051021,20.99667,22.91667,20.26667,20.4,30900,0
20051024,19.86667,20.66667,19.86667,20.23333,5100,0
20051025,20.66,20.99667,20.33333,20.89667,5100,0
20051026,20.66333,20.73333,20.31667,20.31667,600,0
20051027,20.5,20.5,19.54667,20,3900,0
20051028,19.66667,19.99333,19.28333,19.99333,8100,0
20051031,19.58,19.66667,18.98667,19.33,10500,0
20051101,19.33,19.43333,19.16333,19.33333,2100,0
20051102,19.03333,19.17,18.85333,19,11700,0
20051103,18.86667,19.66667,18.83333,19.6,17400,0
20051104,19.66667,19.79667,19.17333,19.79667,35400,0
20051107,19.67,19.96333,19.67,19.96333,2100,0
20051108,19.83333,19.83333,19.66667,19.66667,4500,0
20051109,19.73333,20.53667,19.66333,20.36667,84000,0
20051110,20.8,21.16667,20.66667,21,21900,0
20051111,20.99667,21.33333,20.66667,20.83333,22500,0
20051114,20.73333,20.79667,20.5,20.71667,1800,0
20051115,20.73,20.73,20.16667,20.66,300,0
20051116,20.63333,20.83333,20.48333,20.83333,6900,0
20051117,20.66667,20.73333,20.66667,20.66667,4800,0
20051118,20.8,20.83333,20.66667,20.66667,3000,0
20051121,20.66667,20.75,20.66667,20.75,1500,0
20051122,20.83333,20.83333,20.66667,20.66667,900,0
20051123,20.66667,20.83333,20.66667,20.7,4200,0
20051124,20.66667,20.8,20.66667,20.66667,3000,0
20051125,20.31667,20.32667,20.08333,20.2,3300,0
20051128,20.26667,20.76667,20.26667,20.76667,14700,0
20051129,20.66667,21.83333,20.66667,20.83,19500,0
20051130,20.83333,21.18,20.66667,20.66667,5700,0
20051201,20.96667,20.96667,20.27667,20.6,3600,0
20051202,20.5,20.5,20.2,20.43,1500,0
20051205,20.33333,20.33333,19.5,20,11700,0
20051206,20,20.06333,19.33333,20,11100,0
20051207,19.83333,19.83333,19.48333,19.48333,9900,0
20051208,19.33333,19.46667,18.83333,19.33333,12900,0
20051209,19.3,19.3,18.83333,18.99667,4500,0
20051212,19,19.51667,18.66667,19.51333,11700,0
20051213,19.58,19.91667,19.28,19.35,5400,0
20051214,19.36667,19.83,19.36667,19.83,3000,0
20051215,19.66667,19.72667,19.36667,19.66667,2400,0
20051216,19.6,20,19.6,19.91667,5100,0
20051219,19.96333,20,19.43667,20,7500,0
20051220,19.66667,20.1,19.66667,19.96667,6900,0
20051221,20,20,19.56667,19.73333,5400,0
20051222,19.96667,19.96667,19.66667,19.83333,2100,0
20051223,19.83333,19.83333,19.53667,19.6,6000,0
20051227,19.66667,19.66667,19.07,19.33333,6000,0
20051228,19.33333,19.56667,19.00333,19.3,5400,0
20051229,19.3,19.99,19,19.99,17700,0
20051230,20,20.33333,19.78333,20.08333,32700,0
20060102,20.33333,20.33333,20.23333,20.23333,1200,0
20060103,20.1,20.45,19.86667,20.12333,6900,0
20060104,20,20.08333,19.76667,20.08333,5100,0
20060105,19.83333,20.26667,19.83333,20.26667,23700,0
20060106,20,20.16667,20,20.16667,900,0
20060109,20.16667,20.16667,19.66667,20.16667,15000,0
20060110,20.1,20.33333,20.1,20.16667,4800,0
20060111,19.74,20.1,19.66667,19.66667,2700,0
20060112,19.66667,19.9,19.4,19.4,6000,0
20060113,19.83333,21,19.83333,20.98333,46500,0
20060116,21.13333,21.16,20.5,20.83667,19500,0
20060117,20.83333,20.95667,20.37667,20.63333,5700,0
20060118,20.4,20.4,20,20.16667,9900,0
20060119,20.33333,20.33333,20.16667,20.16667,900,0
20060120,20.16667,20.33,19.50667,19.98333,2100,0
20060123,19.98667,19.98667,19.5,19.5,6000,0
20060124,19.83,19.95,19.48667,19.94,7200,0
20060125,20.16,20.33333,20.13333,20.33333,5100,0
20060126,20.32667,20.66667,20.03333,20.66667,9600,0
20060127,20.66667,21.8,20.33333,21.78,45900,0
20060130,22.33333,23.92,21.85,23.58333,112800,0
20060131,24,25.43,24,25,72300,0
20060201,25,25,23.73333,24.74667,21600,0
20060202,25.05,25.14667,24.4,24.96667,12300,0
20060203,25.03333,27,25,26.66667,59700,0
20060206,27,27.33333,26.83333,27.33333,13500,0
20060207,27.33333,27.33333,25.93333,26.16667,2400,0
20060208,25.85,25.85,24.66667,25.33,18900,0
20060209,24.33333,25.3,23.88333,25.3,26700,0
20060210,25.25667,26.66667,25,26.65,22800,0
20060213,26.65667,26.65667,25.25,25.7,9300,0
20060214,25.34333,25.91667,25.34333,25.66667,10500,0
20060215,25.8,25.83333,25.5,25.66667,2400,0
20060216,25.63333,26,25.34333,25.34333,14100,0
20060217,25.34333,25.96667,25.26667,25.66667,7800,0
20060220,25.93333,25.93333,25.16667,25.33667,8100,0
20060221,25.34,25.78,25.34,25.5,2700,0
20060222,26.33333,26.66667,26.07333,26.31333,22500,0
20060223,26.49667,26.96333,26.33,26.6,18000,0
20060224,26.6,26.6,25.95,26.33333,11700,0
20060227,26.33333,26.48,26.2,26.33333,7800,0
20060228,26.46667,26.46667,25.93333,26.3,5400,0
20060301,25.96667,26.34667,25.96667,26.31667,10500,0
20060302,26.16667,26.4,26.01667,26.23333,9000,0
20060303,26.13333,26.4,25.77333,26.4,20100,0
20060306,26.33333,26.33333,25.66667,26,6600,0
20060307,25.83333,26,24.67333,25.25,57300,0
20060308,25.43333,25.5,25,25.26667,7500,0
20060309,25.16667,25.43333,25.13333,25.22333,13500,0
20060310,25.16667,25.53333,25.16667,25.3,7500,0
20060313,25.55,25.66333,25.33333,25.65,7500,0
20060314,25.66667,26.64667,25.66667,26.5,21900,0
20060315,26.67333,28.06667,26.67333,27.79667,58500,0
20060316,28,28.5,27.03333,27.45667,35400,0
20060317,27.83333,27.92667,27.03333,27.5,27000,0
20060320,27.82333,29.83333,27.82333,29.16667,66600,0
20060321,29.16667,29.16667,28.33333,28.36667,21300,0
20060322,29.08333,30.33333,28.40667,29.13333,23400,0
20060323,29.33333,29.80667,29,29.33,3900,0
20060324,29.33333,29.60333,28.56667,28.87,6300,0
20060327,29,29,28.66667,29,1200,0
20060328,28.76667,28.9,27.5,27.79667,10800,0
20060329,27.66667,28.28,27.66667,28,1200,0
20060330,27.96,28.33333,27.96,28.16667,300,0
20060331,27.87667,28.32667,27.73667,28.28333,3300,0
20060403,27.76667,28.28,27.56667,27.83333,3000,0
20060404,27.56667,27.83333,27.45,27.83333,3900,0
20060405,27.45,27.73333,27,27.22667,18300,0
20060406,27,27.30333,26.7,27,15900,0
20060407,27.23,27.33333,27,27,2100,0
20060410,27,28.03333,27,27.66667,6300,0
20060411,27.71667,27.71667,27.33333,27.38333,2400,0
20060412,27.41667,27.5,26.8,27.4,3600,0
20060413,27.46667,27.46667,27.03667,27.33333,300,0
20060418,27.06667,27.26333,26.83333,27.26333,5400,0
20060419,26.91667,27.33333,26.91667,27.33,2400,0
20060420,27.32667,27.46667,27.1,27.43333,2400,0
20060421,27.46667,27.46667,26.70333,27.24667,3900,0
20060424,27.13333,27.33333,26.83333,27.33333,2100,0
20060425,27.32667,27.33333,27,27.33333,3000,0
20060426,27.3,27.33,27,27.33,5100,0
20060427,27.32667,27.32667,26.96667,26.96667,2400,0
20060428,26.85,26.85,25.37,25.96667,31200,0
20060502,25.48,26.29667,25.35,25.76,23400,0
20060503,25.36667,25.4,24.00667,24.05667,65100,0
20060504,24.03667,24.66667,23.83333,24.66667,27300,0
20060505,24.66667,25.32333,24.66667,25.32333,23400,0
20060508,25.33333,25.9,24.86667,25.8,16800,0
20060509,25.8,25.8,25.20333,25.56667,5700,0
20060510,25.56667,26.26667,25.45,26.26667,14700,0
20060511,26.26667,26.5,26.16667,26.33,9900,0
20060512,26.29333,26.33333,25.5,25.99667,8400,0
20060515,25.83333,25.83333,24.76667,25.06667,9900,0
20060516,24.73333,24.73333,23.77333,24.63333,17700,0
20060517,24.5,24.63,22.6,23,42900,0
20060518,22.5,22.89667,21.83333,22.33333,40200,0
20060519,21.66667,21.66667,20.33333,20.83333,89700,0
20060522,20.32333,20.83333,18.62667,18.68333,92700,0
20060523,17.73333,19.48667,17.07,19.30333,76200,0
20060524,19,19,18,18.61667,14400,0
20060525,18.33333,18.60667,17.50333,18.23,12300,0
20060526,18.66667,20.33333,18.66667,20.33333,34500,0
20060529,20.93333,21.27,19.56667,20.16667,22800,0
20060530,20.63,20.63,18.33333,18.66,24600,0
20060531,18.46,19.39333,18.03667,18.63333,17400,0
20060601,18.66,18.66667,18,18.33333,9000,0
20060602,18.83333,20.66667,18.83333,20.33333,27300,0
20060605,20,20,19.55667,19.94333,3000,0
20060606,19.62667,19.66667,19.16667,19.61667,5700,0
20060607,19.58333,19.66333,18.83333,19.33333,5100,0
20060608,18.8,19,18.01,18.4,10200,0
20060609,18.53333,19.46667,18.53333,19.38333,21300,0
20060612,19,19.33333,18.42,18.86333,11100,0
20060613,18.6,18.93,17.7,18.18,10200,0
20060614,17.87,18.31,16.86,17.77,9600,0
20060619,18.36,18.58,18.25,18.58,2500,0
20060620,18.35,18.35,17.65,18.29,10400,0
20060621,18.41,18.41,17.65,18.3,4700,0
20060622,18.31,18.78,18.29,18.47,1000,0
20060623,18.4,18.5,18,18.5,1500,0
20060626,18.5,18.5,18.17,18.43,2000,0
20060627,18.15,18.15,17.2,17.38,10900,0
20060628,17.2,17.5,17.2,17.23,10700,0
20060629,17.35,17.35,16.43,16.69,17600,0
20060630,16.4,16.49,15.3,16.19,89800,0
20060703,16.32,17.95,15.91,17.85,46900,0
20060704,17.94,18.5,17.83,18.5,20100,0
20060705,18.76,18.76,17,17.33,21700,0
20060706,17.2,17.6,17.2,17.4,3400,0
20060707,17.44,17.45,17,17,9000,0
20060710,16.85,17.2,16.85,17,1900,0
20060711,17,17,16.75,16.75,6600,0
20060712,16.8,17,16.72,17,5400,0
20060713,16.8,16.99,16.5,16.65,6800,0
20060714,16.35,16.6,16.31,16.6,3800,0
20060717,16.3,16.3,15.25,15.7,16100,0
20060718,15.6,15.6,15.01,15.16,13000,0
20060719,14.99,15.03,14.24,14.6,17500,0
20060720,15.2,17.34,15.2,17.34,32100,0
20060721,17.37,18.4,17.37,18.4,56400,0
20060724,18.18,19.67,17.9,19.5,23300,0
20060725,19.45,19.65,19.08,19.65,23900,0
20060726,19.3,19.8,19.01,19.8,16900,0
20060727,19.5,19.71,19.4,19.7,4300,0
20060728,19.5,19.5,18.4,19.3,12300,0
20060731,19,19.3,18.96,19.3,300,0
20060801,18.99,20.9,18.9,20.3,13500,0
20060802,19.93,20.5,19.8,20.3,20000,0
20060803,20.3,20.3,19.47,19.47,4600,0
20060804,19.75,19.75,19.21,19.7,500,0
20060807,19.55,19.55,18.95,19.47,1100,0
20060808,19,19.05,18.7,19,1400,0
20060809,18.6,19.2,18.05,18.8,4500,0
20060810,18.4,18.45,18,18.45,2400,0
20060811,18.24,18.25,17.55,18.25,1100,0
20060814,18,18.5,17.86,18.2,2600,0
20060815,17.7,18,17.6,18,1800,0
20060816,18,18.99,18,18.99,6200,0
20060817,18.93,19.25,18.84,18.92,5300,0
20060818,18.9,19.15,18.9,19.15,1800,0
20060821,19.2,19.2,18.05,18.39,4400,0
20060822,18.4,18.4,18.15,18.4,400,0
20060823,18,18.34,18,18.25,2300,0
20060824,18.39,19.3,18.39,19,4600,0
20060825,19.25,19.5,19.1,19.29,10300,0
20060828,19,19.17,18.6,18.75,4400,0
20060829,18.8,21.34,18.8,21,46700,0
20060830,19.99,20.78,19.1,20,18100,0
20060831,20,20.66,19.8,20.66,4100,0
20060901,20.35,20.48,20.22,20.48,3500,0
20060904,20.5,21.47,20.41,21.35,11300,0
20060905,21.4,21.4,20.85,20.9,3400,0
20060906,20.9,20.9,19.46,19.9,9200,0
20060907,19.8,19.8,19.2,19.5,4500,0
20060908,19.11,19.5,18.93,19.2,3900,0
20060911,19.1,19.2,18.93,19.2,800,0
20060912,19.3,19.3,18.54,18.9,6200,0
20060913,18.9,18.9,18.7,18.9,1100,0
20060914,18.9,18.9,18.48,18.49,3200,0
20060915,18.4,19.43,17.9,18.99,22100,0
20060918,19.1,19.5,18.97,19.5,400,0
20060919,19.45,20.67,19.45,20.67,9900,0
20060920,20.5,21,20,20.7,17300,0
20060921,20.25,21.25,20.25,21.15,35000,0
20060922,21.15,21.9,20.75,21.9,21400,0
20060925,21.9,21.9,20.65,20.99,19700,0
20060926,20.99,21.18,20.8,21.17,4000,0
20060927,21,21.3,20.91,21.15,59200,0
20060928,20.9,21.29,20.69,21.06,37500,0
20060929,21.28,21.28,20.75,21.14,6100,0
20061002,21.05,22.7,20.5,22.65,17500,0
20061003,22.39,22.4,21.99,22.4,2300,0
20061004,22.4,22.95,21.6,22.22,2300,0
20061005,21.75,23.5,21.75,22.9,9100,0
20061006,22.9,23.1,22.8,23.1,5100,0
20061009,23,23.5,22.85,23.5,9400,0
20061010,23.5,24.2,22.7,23.28,18700,0
20061011,22.6,23.5,22.6,22.99,2300,0
20061012,22.99,22.99,22.51,22.97,1500,0
20061013,22.55,22.86,22.5,22.86,9000,0
20061016,22.95,23.5,22.95,23.5,4100,0
20061017,22.75,23,22.5,22.9,4000,0
20061018,22.8,23.7,22.7,23,23700,0
20061019,23,23,22.3,22.77,5700,0
20061020,22.41,22.6,21.8,22.6,5300,0
20061023,22.2,22.2,21.11,21.11,8600,0
20061024,21.7,21.7,21.05,21.49,5200,0
20061025,20.9,21.5,20.9,21.24,3900,0
20061026,21.1,21.1,21,21.1,400,0
20061027,21.1,21.1,19.66,20.1,10200,0
20061030,19.65,20.19,19.5,20.19,3200,0
20061031,19.83,19.83,19.5,19.83,700,0
20061101,19.85,19.85,19.35,19.35,3600,0
20061102,19.6,19.6,18.4,18.55,7500,0
20061103,18.4,18.95,18.4,18.7,11600,0
20061106,18.7,18.7,17.35,17.81,12400,0
20061107,17.9,18.39,17.12,17.8,12000,0
20061108,17.9,18.25,17.1,17.6,7100,0
20061109,17.2,17.2,16.25,16.74,26200,0
20061110,16.5,17,15.15,17,33400,0
20061113,16.81,17.5,16.63,17.25,12700,0
20061114,17.4,17.5,16.75,17.05,8500,0
20061115,16.5,17,16.3,17,6600,0
20061116,16.9,17.1,16.51,16.95,11700,0
20061117,16.85,17,16.5,17,10600,0
20061120,16.9,16.9,16.16,16.62,1600,0
20061121,16.27,17,16.27,16.8,19000,0
20061122,16.52,16.7,16.33,16.69,4600,0
20061123,16.5,16.65,16.19,16.56,4200,0
20061124,16.56,16.56,16.1,16.29,400,0
20061127,16.1,16.2,15.4,15.74,11300,0
20061128,15.5,15.6,15.08,15.6,11300,0
20061129,15.5,16.2,15.5,16.2,12000,0
20061130,16,16.84,16,16.1,18400,0
20061201,16,16.9,15.8,16.55,19600,0
20061204,16.54,16.55,16,16.45,20700,0
20061205,16.4,17.43,16.4,17.43,15800,0
20061206,17.35,19,17.17,18.6,13500,0
20061207,18.61,18.61,17.6,17.9,9700,0
20061208,18,18,17.16,17.5,2700,0
20061211,18,19.49,18,19.05,40400,0
20061212,19.75,19.8,18.65,19,17700,0
20061213,19.23,19.3,18.27,18.75,5300,0
20061214,19.28,19.28,18.75,19.19,3200,0
20061215,19.2,19.2,18.53,19.1,3100,0
20061218,18.96,20.5,18.81,20.27,14800,0
20061219,20.27,20.3,19.26,19.65,8500,0
20061220,19.65,20.15,19.56,20.14,6800,0
20061221,20.1,20.1,19.5,19.74,2300,0
20061222,19.06,19.63,19.06,19.35,3300,0
20061227,19.4,19.4,18.57,19.1,7400,0
20061228,18.88,18.88,18.44,18.79,5100,0
20061229,18.7,20.1,18.66,20,9800,0
20070102,19.52,19.52,18.8,19.5,3300,0
20070103,19.47,19.5,19.22,19.47,1100,0
20070104,19.6,19.6,18.7,18.95,4100,0
20070105,18.78,18.78,18.02,18.7,4600,0
20070108,18.69,19,18.18,19,10700,0
20070109,18.8,18.8,18.23,18.6,2600,0
20070110,18.23,18.69,18.15,18.69,3100,0
20070111,18.72,18.9,18.2,18.9,7700,0
20070112,18.81,19,18.7,18.92,8400,0
20070115,18.9,19,18.4,18.69,8100,0
20070116,18.4,18.7,17.65,18.2,12500,0
20070117,17.85,18.31,17.74,18,3800,0
20070118,17.8,18.24,17.74,18,5800,0
20070119,17.8,17.81,16.66,17.34,7600,0
20070122,17.34,17.34,16.25,16.62,9800,0
20070123,16.5,17.35,16.5,17.19,4600,0
20070124,17.05,17.29,16.9,17.29,3000,0
20070125,16.9,17.95,16.9,17.42,9500,0
20070126,17.41,17.5,16.7,16.7,9000,0
20070129,17.19,17.35,16.7,16.7,7200,0
20070130,16.81,16.89,16.43,16.43,6300,0
20070131,16.68,16.68,15.83,16.1,17900,0
20070201,16.2,16.3,16.05,16.05,9200,0
20070202,16.06,16.48,15.99,16.41,16700,0
20070205,16.53,17.39,16.4,17.31,6600,0
20070206,17.3,17.7,17,17,9400,0
20070207,17,17.16,16.84,17,7100,0
20070208,17,17.27,16.94,17.27,8800,0
20070209,17.01,17.1,16.05,16.5,20400,0
20070212,16.1,16.43,16,16.2,6700,0
20070213,16.44,16.55,16.12,16.55,4800,0
20070214,16.55,16.7,16.45,16.55,12500,0
20070215,16.7,16.72,16.5,16.72,2600,0
20070216,16.72,16.8,16.52,16.6,3000,0
20070219,16.8,16.8,16.78,16.78,1200,0
20070220,16.9,16.9,16.89,16.89,400,0
20070221,16.6,16.7,16.6,16.65,2400,0
20070222,16.89,17.5,16.89,17.25,13000,0
20070223,17.32,17.5,17.25,17.5,4900,0
20070226,17.6,17.6,17.2,17.54,6100,0
20070227,17.2,17.2,16.1,16.1,13200,0
20070228,15.2,15.45,14.2,15.45,31500,0
20070301,15.2,16.4,14.65,15,15700,0
20070302,15.11,15.22,14.59,14.59,4900,0
20070305,14.5,14.6,13.85,14.19,8900,0
20070306,13.7,14.76,13.7,14.76,3800,0
20070307,14.81,14.81,14.64,14.74,3600,0
20070308,14.8,16,14.78,16,8000,0
20070309,15.6,15.65,15.15,15.35,2700,0
20070312,15.4,15.4,14.68,15.08,5900,0
20070313,14.68,15.09,14.64,15.05,7700,0
20070314,14.6,14.6,14.1,14.3,4900,0
20070315,14.5,14.72,14.35,14.35,5300,0
20070316,14.35,14.84,14.35,14.84,3800,0
20070319,14.85,15.1,14.78,15.1,3100,0
20070320,15.22,16.3,15.22,16.29,12000,0
20070321,16.15,16.52,15.76,15.89,14400,0
20070322,16,16.3,15.8,16.3,1400,0
20070323,16,16,15.6,16,800,0
20070326,15.5,15.99,15.3,15.88,3300,0
20070327,15.28,15.85,15.25,15.85,1800,0
20070328,15.75,16.55,15.68,15.99,7200,0
20070329,16,16.25,15.7,15.97,4100,0
20070330,15.9,16,15.73,16,3000,0
20070402,16.01,16.01,15.8,16,1700,0
20070403,15.98,16,15.53,15.95,1300,0
20070404,15.52,15.52,15.45,15.45,1300,0
20070405,15.4,15.4,15.08,15.35,5900,0
20070410,14.85,15.2,14.79,15.2,7800,0
20070411,15.2,15.3,15,15,2700,0
20070412,14.96,15.5,14.96,15.5,19500,0
20070413,15.2,15.2,15.01,15.2,1600,0
20070416,15.25,15.74,15.2,15.47,7000,0
20070417,15.39,15.89,15.39,15.89,3200,0
20070418,15.6,15.89,15.6,15.65,1500,0
20070419,15.41,15.41,15,15.3,4700,0
20070420,15.14,15.15,15.01,15.1,3800,0
20070423,15.1,15.3,14.95,14.95,2400,0
20070424,14.99,15.1,14.7,14.7,5100,0
20070425,14.7,14.95,14.36,14.36,14700,0
20070426,14.29,14.7,13.52,13.7,18600,0
20070427,13.51,14.21,12.92,13.44,41300,0
20070430,13.25,13.4,12.73,12.86,25300,0
20070502,12.9,13.14,12.9,13.1,25700,0
20070503,13,14,13,13.8,79400,0
20070504,13.99,14.1,13.78,14,25600,0
20070507,14,14,13.9,14,1600,0
20070508,14,14.22,14,14,11000,0
20070509,14,14.46,13.99,14,9800,0
20070510,14,14,12.95,13.79,5900,0
20070511,13.05,13.53,13.01,13.53,3700,0
20070514,13.72,13.73,13.5,13.73,2400,0
20070515,13.7,13.7,13.5,13.5,1700,0
20070516,13.35,13.35,13.22,13.22,3600,0
20070517,13,13.15,13,13,2800,0
20070518,12.95,13.01,12.9,13.01,1700,0
20070521,13.05,13.1,13,13.1,3100,0
20070522,13.2,13.85,13.2,13.8,3300,0
20070523,13.88,14.65,13.72,13.82,33600,0
20070524,13.32,13.7,13.15,13.59,17200,0
20070525,13.4,14.1,13.32,13.8,15400,0
20070529,13.89,13.89,13.25,13.5,6200,0
20070530,13.26,13.48,13,13,11400,0
20070531,13.23,13.35,13.05,13.05,2200,0
20070601,13,13.39,12.51,13.35,11100,0
20070604,13.39,14.08,13.39,13.74,6300,0
20070605,13.7,13.7,13.4,13.6,500,0
20070606,13.35,13.35,13,13,2300,0
20070607,13.3,13.35,12.7,12.96,7600,0
20070608,12.65,12.89,12.6,12.89,2200,0
20070611,12.9,12.93,12.29,12.68,5200,0
20070612,12.5,12.67,12.02,12.67,13500,0
20070613,12.39,12.4,12.16,12.3,2800,0
20070614,12.25,12.92,12.25,12.35,10100,0
20070615,12.3,13,12.3,12.66,12400,0
20070618,12.99,13.69,12.7,13.18,48200,0
20070619,13.19,13.24,12.99,13,7500,0
20070620,13.05,13.26,13,13,3300,0
20070621,13,13.1,12.27,12.75,8400,0
20070622,12.76,13.07,12.75,13.07,500,0
20070625,12.55,12.6,12.4,12.44,9400,0
20070626,12.49,12.61,12.41,12.61,3400,0
20070627,12.64,12.64,12.41,12.56,2300,0
20070628,12.5,12.5,12.19,12.2,14100,0
20070629,12.2,13.2,12.2,13.2,9900,0
20070702,13,13,12.69,12.93,6400,0
20070703,12.48,12.74,12.29,12.5,44900,0
20070704,12.74,12.78,12.65,12.78,6000,0
20070705,12.7,12.77,12.5,12.5,5100,0
20070706,12.34,12.45,11.85,12.12,11300,0
20070709,11.91,12.96,11.91,12.66,14400,0
20070710,12.7,13.33,12.67,13.33,4200,0
20070711,13.57,13.6,12.75,13,22500,0
20070712,12.8,12.82,12.55,12.82,13800,0
20070713,12.75,12.84,12.5,12.8,7800,0
20070716,12.6,12.75,12.55,12.75,5700,0
20070717,12.6,12.77,12.5,12.77,16200,0
20070718,12.77,13.3,12.61,13.3,10300,0
20070719,13,13.69,13,13.44,7400,0
20070720,13.51,13.6,13.48,13.6,8000,0
20070723,13.42,13.42,13,13.05,5500,0
20070724,13,13.19,12.81,13,3600,0
20070725,13.01,13.01,12.69,12.69,2500,0
20070726,13,13,12.44,12.62,9500,0
20070727,12.36,12.5,12.01,12.5,19000,0
20070730,12.5,12.69,12.2,12.3,11400,0
20070731,12.2,12.35,11.01,12.2,40700,0
20070801,12.1,12.1,11.75,11.96,9200,0
20070802,11.97,12.05,11.84,12.05,5400,0
20070803,12,12.05,11.73,11.73,4000,0
20070806,11.73,11.8,11.55,11.8,3300,0
20070807,11.98,12.02,11.6,11.6,13100,0
20070808,11.65,12.1,11.47,12.06,14800,0
20070809,12.15,12.15,11.9,12.01,1000,0
20070810,11.86,11.86,11.7,11.73,2600,0
20070813,11.74,11.8,11.52,11.52,5300,0
20070814,11.38,11.58,11.2,11.58,11600,0
20070815,11.4,11.4,10.96,11.09,8100,0
20070816,11.02,11.06,9.68,9.99,22700,0
20070817,9.79,10.3,9.71,10.14,8800,0
20070820,10.28,10.57,10.28,10.57,6000,0
20070821,10.65,10.65,10,10.21,14700,0
20070822,10.5,10.71,10.09,10.28,25400,0
20070823,10.37,10.37,10.2,10.31,6500,0
20070824,10.32,10.32,10,10.24,5000,0
20070827,10.3,10.3,10,10.15,3700,0
20070828,10.01,10.15,10,10.05,3000,0
20070829,10.08,10.08,10,10,8400,0
20070830,10.06,10.08,10,10,6300,0
20070831,10.09,10.22,10.05,10.22,3400,0
20070903,10.3,10.3,10.05,10.1,900,0
20070904,10.05,10.22,10.05,10.1,2100,0
20070905,10.01,10.31,10,10.31,20600,0
20070906,10.34,10.34,10.29,10.34,3600,0
20070907,10.2,10.4,10.13,10.13,7800,0
20070910,10.3,10.3,10.1,10.3,2800,0
20070911,10.18,10.23,10.07,10.1,62000,0
20070912,10.11,10.22,10.1,10.12,11900,0
20070913,10.15,10.2,10.15,10.2,300,0
20070914,10.07,10.12,10.02,10.1,6200,0
20070917,10.05,10.05,10.04,10.04,600,0
20070918,10.05,10.81,10.05,10.81,12100,0
20070919,10.94,10.94,10.5,10.68,17200,0
20070920,10.87,11.47,10.8,11.47,15700,0
20070921,11.45,12.7,11.32,12.48,41900,0
20070924,12.72,12.9,12.16,12.16,25100,0
20070925,12.25,12.39,11.9,12,12500,0
20070926,12.01,12.3,12,12.04,8200,0
20070927,11.89,12.15,11.7,11.9,6500,0
20070928,11.9,11.9,11.6,11.6,2600,0
20071001,11.7,11.79,11.62,11.62,1600,0
20071002,11.65,11.79,11.35,11.35,4000,0
20071003,11.4,11.4,11.2,11.2,2000,0
20071004,11.2,11.2,10.82,10.94,4200,0
20071005,10.81,11.03,10.72,10.9,6200,0
20071008,11,11.5,11,11.45,12200,0
20071009,11.45,12.22,11.45,12.22,22200,0
20071010,12.45,12.89,12.45,12.59,17100,0
20071011,12.66,12.95,12.59,12.95,9400,0
20071012,12.95,13.13,12.49,12.63,6000,0
20071015,12.87,13,12.71,13,6900,0
20071016,13,13,12.63,12.77,4700,0
20071017,12.61,12.61,12.1,12.36,11300,0
20071018,12.35,12.45,12.23,12.35,1800,0
20071019,12.4,12.4,11.56,11.56,15500,0
20071022,11.78,11.78,11.17,11.36,9200,0
20071023,11.46,12.18,11.46,12.18,16700,0
20071024,12.17,12.17,11.9,12,6500,0
20071025,12,12.03,11.75,11.75,9600,0
20071026,11.89,11.89,11.7,11.84,4200,0
20071029,11.95,12.14,11.8,12,4700,0
20071030,12,12.18,12,12.09,4400,0
20071031,11.94,12.1,11.75,11.98,6800,0
20071101,11.86,11.86,11.75,11.76,3200,0
20071102,11.8,11.87,11.62,11.87,400,0
20071105,11.83,11.85,11.8,11.8,1500,0
20071106,11.94,11.99,11.78,11.78,3900,0
20071107,11.7,11.7,11.21,11.22,4800,0
20071108,11.19,11.19,10.9,10.94,5800,0
20071109,10.85,10.87,10.5,10.5,5300,0
20071112,10.56,11.2,10.56,11.2,3100,0
20071113,11.08,11.25,10.96,11.25,3800,0
20071114,11.38,11.61,11.26,11.26,13000,0
20071115,11.26,11.39,10.94,10.94,9700,0
20071116,11.05,11.05,10.5,10.5,6500,0
20071119,10.5,10.5,10.11,10.21,8700,0
20071120,10.01,10.01,9.3,9.45,16400,0
20071121,9.26,9.27,8.5,8.75,30900,0
20071122,8.92,9.33,8.92,9.33,8600,0
20071123,9.24,9.68,9.24,9.68,7900,0
20071126,9.58,9.75,9.15,9.23,9700,0
20071127,9.14,9.15,8.99,9,4800,0
20071128,9,9.02,8.8,9,16800,0
20071129,9,9,8.6,8.6,9200,0
20071130,8.6,8.88,8.56,8.8,10700,0
20071203,8.97,8.97,8.75,8.91,2000,0
20071204,8.92,9.68,8.75,9.59,18400,0
20071205,9.68,9.7,9.37,9.61,16300,0
20071206,9.69,9.7,9.55,9.55,2900,0
20071207,9.39,9.39,9.3,9.35,9700,0
20071210,9.35,9.35,9.2,9.2,4400,0
20071211,9.18,9.26,9.17,9.26,2200,0
20071212,9.2,9.25,9.15,9.2,1800,0
20071213,9.15,9.15,9.1,9.1,500,0
20071217,9.1,9.15,9.01,9.02,2700,0
20071218,9,9.15,8.9,9.15,10800,0
20071219,9.14,9.14,8.99,9.1,600,0
20071220,8.92,8.97,8.85,8.86,3100,0
20071221,8.83,9.1,8.75,9.01,26800,0
20071227,9,9.1,9,9,4800,0
20071228,9.1,9.15,8.89,9.15,5900,0
20080102,9.1,9.2,9,9.04,7500,0
20080103,8.93,8.95,8.93,8.95,600,0
20080104,8.99,8.99,8.54,8.65,31400,0
20080107,8.75,8.75,8.16,8.48,16600,0
20080108,8.35,8.58,8.3,8.58,6200,0
20080109,8.41,8.41,8.23,8.4,2600,0
20080110,8.24,8.35,8,8.17,12300,0
20080111,8.01,8.01,7.61,7.88,9700,0
20080114,7.75,7.83,7.6,7.69,8400,0
20080115,7.7,7.7,7.6,7.62,7500,0
20080116,7.69,7.69,7.18,7.3,6900,0
20080117,7.24,7.45,6.61,6.83,23600,0
20080118,6.7,7.17,6.7,7,12500,0
20080121,6.9,6.9,6.55,6.72,9500,0
20080122,6.5,7.1,6.01,7.09,5200,0
20080123,7,7.12,6.5,6.6,6700,0
20080124,6.8,7.1,6.8,6.8,4600,0
20080125,7,7.26,6.9,7.03,10500,0
20080128,6.9,6.9,6.74,6.85,5800,0
20080129,6.72,7,6.63,7,24000,0
20080130,6.8,7.04,6.8,7.04,9900,0
20080131,6.91,6.91,6.91,6.91,600,0
20080201,6.78,7.07,6.78,7.07,3800,0
20080204,7.1,7.29,6.8,6.94,10600,0
20080205,6.98,6.98,6.58,6.71,9400,0
20080206,6.71,6.78,6.65,6.78,3300,0
20080207,6.7,6.7,6.55,6.69,7000,0
20080208,6.65,6.7,6.5,6.63,4000,0
20080211,6.76,6.76,6.76,6.76,500,0
20080212,6.7,7.05,6.5,7.05,86100,0
20080213,6.92,7.3,6.79,7.3,17800,0
20080214,7.25,7.95,7.25,7.57,21900,0
20080215,7.52,8.74,7.2,8.6,41500,0
20080218,8.75,8.95,8.2,8.4,31600,0
20080219,8.5,8.5,8.23,8.29,17300,0
20080220,8.2,8.2,7.9,8.1,41100,0
20080221,8.1,8.1,7.99,8,6500,0
20080222,8.1,8.11,7.5,7.5,20500,0
20080225,7.61,7.8,7.09,7.25,34700,0
20080226,6.89,6.89,5.62,5.99,176800,0
20080227,5.86,5.86,5.73,5.75,38700,0
20080228,5.8,5.8,5.75,5.8,3800,0
20080229,5.75,5.77,5.6,5.77,7900,0
20080303,5.7,5.77,5.6,5.7,51500,0
20080304,5.75,5.88,5.7,5.88,10400,0
20080305,5.94,6.08,5.94,6,46400,0
20080306,6.05,6.05,5.9,5.97,18000,0
20080307,5.9,6,5.85,6,37600,0
20080310,6.11,6.41,6.11,6.38,12700,0
20080311,6.49,6.86,6.32,6.62,11800,0
20080312,6.7,6.8,6.5,6.5,8400,0
20080313,6.39,6.4,6.06,6.06,4900,0
20080314,6.05,6.14,6.03,6.05,5400,0
20080317,5.75,5.76,5.14,5.2,14000,0
20080318,5.1,5.61,5.1,5.51,10200,0
20080319,5.5,5.61,5.5,5.55,700,0
20080325,5.64,5.64,5.53,5.53,800,0
20080326,5.45,5.52,5.4,5.4,4900,0
20080327,5.3,5.3,5.3,5.3,900,0
20080328,5.37,5.37,5.15,5.15,3800,0
20080331,5.04,5.12,4.94,4.94,15100,0
20080401,4.92,5.04,4.66,4.99,15700,0
20080402,4.99,5.05,4.9,5.05,5200,0
20080403,5.05,5.1,5.05,5.05,3700,0
20080404,5.1,5.1,4.95,5.05,6500,0
20080407,5.1,5.1,5.02,5.1,1900,0
20080408,5.1,5.1,5.1,5.1,4200,0
20080410,5.01,5.01,4.9,5.01,4800,0
20080411,5,5,4.49,4.49,8400,0
20080414,4.37,4.5,4.3,4.5,7000,0
20080415,4.49,4.5,4.48,4.5,3900,0
20080416,4.48,4.5,4.48,4.5,3300,0
20080417,4.49,4.49,4.49,4.49,6100,0
20080418,4.5,4.55,4.5,4.5,21700,0
20080421,4.28,4.5,4.28,4.5,9300,0
20080422,4.5,4.64,4.5,4.61,18200,0
20080423,4.65,4.7,4.62,4.62,1300,0
20080424,4.65,4.65,4.6,4.6,11900,0
20080425,4.6,4.6,4.46,4.46,6000,0
20080428,4.46,4.46,4.4,4.4,3900,0
20080429,4.4,4.5,4.4,4.5,18900,0
20080430,4.5,4.5,4.45,4.5,9300,0
20080502,4.6,4.6,4.4,4.5,2500,0
20080505,4.41,4.41,4.23,4.35,12100,0
20080506,4.35,4.35,4.22,4.26,4000,0
20080507,4.22,4.4,4.22,4.28,7300,0
20080508,4.26,4.35,4.25,4.25,6700,0
20080509,4.25,4.3,4.25,4.3,1900,0
20080512,4.3,4.3,4.3,4.3,1100,0
20080513,4.39,4.4,4.25,4.25,3900,0
20080514,4.25,4.5,4.25,4.28,20500,0
20080515,4.25,4.35,4.25,4.35,1500,0
20080516,4.4,4.41,4.26,4.26,5900,0
20080519,4.35,4.45,4.25,4.4,32000,0
20080520,4.5,4.8,4.48,4.5,39200,0
20080521,4.49,4.49,4.22,4.28,18800,0
20080522,4.4,4.5,4.31,4.49,10800,0
20080523,4.44,4.5,4.25,4.41,11600,0
20080526,4.35,4.5,4.3,4.49,7700,0
20080527,4.49,4.5,4.4,4.45,17200,0
20080528,4.5,4.5,4.44,4.48,6700,0
20080529,4.48,4.48,4.4,4.44,8800,0
20080530,4.49,4.49,4.35,4.37,1100,0
20080602,4.5,4.5,4.31,4.4,8100,0
20080603,4.49,4.65,4.45,4.46,18700,0
20080604,4.46,4.5,4.4,4.4,7300,0
20080605,4.44,4.5,4.3,4.3,3100,0
20080606,4.35,4.36,4.35,4.35,100,0
20080609,4.45,4.45,4.35,4.35,1400,0
20080610,4.35,4.35,4.35,4.35,1100,0
20080611,4.35,4.5,4.31,4.31,3200,0
20080612,4.26,4.44,4.26,4.44,102400,0
20080613,4.3,4.58,4.3,4.55,15700,0
20080616,4.6,4.79,4.53,4.79,3100,0
20080617,4.79,4.8,4.79,4.8,400,0
20080618,4.65,4.8,4.5,4.8,4400,0
20080619,4.78,4.78,4.73,4.73,300,0
20080620,4.7,4.7,4.56,4.56,400,0
20080623,4.66,4.66,4.51,4.51,1700,0
20080624,4.5,4.55,4.49,4.55,6000,0
20080625,4.63,4.68,4.63,4.65,2800,0
20080626,4.77,4.98,4.75,4.75,17100,0
20080627,4.75,4.75,4.37,4.44,14000,0
20080630,4.4,4.4,4.39,4.39,400,0
20080701,4.25,4.25,3.7,3.89,15400,0
20080702,3.93,4.21,3.93,4.09,16100,0
20080703,4.07,4.15,4.07,4.15,49200,0
20080704,4.11,4.2,4.11,4.2,57500,0
20080707,4.25,4.4,4.17,4.27,5900,0
20080708,4.16,4.16,4.11,4.11,3800,0
20080709,4.11,4.11,4.11,4.11,400,0
20080710,4.12,4.2,4.02,4.15,10800,0
20080711,4,4.1,4,4,4300,0
20080714,4,4.1,3.97,3.97,17300,0
20080715,4,4,3.8,3.95,6700,0
20080716,4.05,4.2,4.05,4.15,21500,0
20080717,4.15,4.31,4.15,4.31,2900,0
20080718,4.4,4.4,4.31,4.31,10800,0
20080721,4.31,4.32,4.31,4.32,10000,0
20080722,4.32,4.32,4.29,4.29,6700,0
20080723,4.29,4.3,4.29,4.3,2300,0
20080724,4.25,4.25,4.25,4.25,1200,0
20080725,4.25,4.25,4.1,4.1,10800,0
20080728,4.08,4.08,4.02,4.02,800,0
20080818,4.57,4.57,4.54,4.55,3000,0
20080819,4.5,4.52,4.26,4.52,7200,0
20080820,4.48,4.64,4.48,4.64,3200,0
20080821,4.79,5.55,4.79,5.08,12600,0
20080822,4.91,4.92,4.9,4.9,1300,0
20080825,4.85,4.85,4.8,4.8,2100,0
20080826,4.75,4.9,4.68,4.69,1100,0
20080827,4.85,4.92,4.5,4.5,18600,0
20080828,4.45,4.6,4.42,4.6,128400,0
20080829,4.75,4.8,4.6,4.6,5200,0
20080901,4.75,4.75,4.75,4.75,1000,0
20080902,4.65,4.65,4.63,4.65,5200,0
20080903,4.55,4.55,4.55,4.55,100,0
20080904,4.74,4.75,4.62,4.62,4100,0
20080905,4.69,4.69,4.46,4.46,4900,0
20080908,4.63,4.63,4.55,4.55,3200,0
20080909,4.63,4.63,4.6,4.6,700,0
20080910,4.46,4.64,4.35,4.35,11200,0
20080911,4.25,4.35,4.25,4.35,800,0
20080912,4.35,4.64,4.35,4.64,3100,0
20080915,4.64,4.64,4.4,4.4,600,0
20080916,4.4,4.4,4.4,4.4,2500,0
20080917,4.3,4.5,4.3,4.3,4200,0
20080918,4.2,4.2,4.15,4.15,6900,0
20080919,4.15,4.33,4.15,4.2,4400,0
20080923,4.1,4.1,4.1,4.1,500,0
20080924,4.2,4.29,4.08,4.27,5200,0
20080925,4.22,4.22,3.96,3.96,4400,0
20080926,4.13,4.13,3.87,3.87,600,0
20080929,4.05,4.05,3.87,3.87,2200,0
20080930,3.8,3.8,3.4,3.7,11500,0
20081001,3.8,3.82,3.38,3.38,6400,0
20081002,3.49,3.49,3.27,3.4,6200,0
20081006,3.08,3.08,2.87,3,12500,0
20081007,2.86,2.86,2.35,2.68,14700,0
20081008,2.11,3,2.11,2.96,14400,0
20081009,2.94,2.94,2.78,2.78,16500,0
20081010,2.6,2.8,2.5,2.8,8200,0
20081013,2.74,2.77,2.57,2.77,3900,0
20081014,2.8,2.8,2.58,2.75,4500,0
20081015,2.74,2.75,2.62,2.72,9800,0
20081016,2.5,2.74,2.5,2.74,1100,0
20081017,2.74,2.75,2.74,2.75,1300,0
20081020,2.73,2.73,2.65,2.65,1600,0
20081022,2.65,2.65,2.63,2.63,200,0
20081023,2.6,2.6,2.55,2.58,9500,0
20081024,2.25,2.5,2.25,2.5,52600,0
20081027,2.35,2.35,2,2.2,1900,0
20081028,2.1,2.65,2.1,2.2,51300,0
20081029,2.24,2.5,2.24,2.39,18000,0
20081030,2.31,2.35,2.21,2.21,50700,0
20081031,2.38,2.4,2.36,2.38,3700,0
20081103,2.6,2.79,2.4,2.4,53900,0
20081104,2.47,2.5,2.3,2.4,50300,0
20081105,2.52,2.57,2.42,2.42,9000,0
20081106,2.4,2.4,2.32,2.32,1900,0
20081107,2.38,2.38,2.25,2.25,5900,0
20081110,2.2,2.2,2.15,2.15,2500,0
20081111,2.26,2.26,2.2,2.2,4000,0
20081112,2.15,2.15,2,2.04,13100,0
20081113,2.05,2.05,2.05,2.05,400,0
20081114,2.12,2.12,2.08,2.08,600,0
20081117,1.99,2,1.96,2,8000,0
20081118,2,2,1.9,1.9,4000,0
20081119,1.83,1.83,1.52,1.69,20200,0
20081120,1.63,1.67,1.26,1.46,35800,0
20081121,1.58,1.58,1.35,1.4,26300,0
20081124,1.46,1.85,1.44,1.85,41100,0
20081125,1.9,1.93,1.82,1.84,55100,0
20081126,1.84,1.89,1.66,1.77,59900,0
20081127,1.7,1.9,1.5,1.66,26200,0
20081128,1.67,1.9,1.67,1.9,8700,0
20081201,1.75,2.07,1.75,2.07,14100,0
20081202,2.12,2.23,2.1,2.15,11000,0
20081203,2.23,2.23,2.08,2.14,3300,0
20081204,2.18,2.2,2.11,2.15,16600,0
20081205,2.1,2.1,2.06,2.07,13600,0
20081208,2.07,2.07,2,2,300,0
20081209,1.95,1.98,1.95,1.98,4500,0
20081210,2,2,1.95,1.95,600,0
20081211,1.95,1.95,1.95,1.95,300,0
20081212,1.9,1.98,1.9,1.98,4000,0
20081215,1.98,2,1.9,2,11800,0
20081216,1.9,1.9,1.7,1.7,17300,0
20081217,1.69,1.69,1.52,1.52,5700,0
20081218,1.57,1.57,1.35,1.4,28700,0
20081219,1.35,1.6,1.23,1.5,247900,0
20081222,1.55,1.6,1.5,1.6,13700,0
20081223,1.55,1.6,1.45,1.6,9200,0
20081229,1.5,1.65,1.5,1.65,59600,0
20081230,1.7,1.7,1.62,1.7,10500,0
20090105,1.72,1.72,1.62,1.62,6500,0
20090106,1.68,1.75,1.66,1.66,6700,0
20090107,1.65,1.71,1.65,1.71,8800,0
20090108,1.66,1.66,1.66,1.66,500,0
20090109,1.64,1.7,1.64,1.7,5100,0
20090112,1.76,1.76,1.76,1.76,200,0
20090113,1.73,1.73,1.73,1.73,600,0
20090114,1.7,1.7,1.65,1.65,5200,0
20090115,1.68,1.68,1.68,1.68,100,0
20090116,1.65,1.65,1.65,1.65,500,0
20090119,1.64,1.64,1.59,1.59,7200,0
20090120,1.5,1.5,1.39,1.39,8200,0
20090121,1.41,1.41,1.38,1.38,600,0
20090122,1.39,1.4,1.39,1.4,300,0
20090123,1.39,1.39,1.39,1.39,100,0
20090126,1.38,1.4,1.38,1.4,700,0
20090127,1.39,1.42,1.39,1.42,1600,0
20090128,1.38,1.38,1.38,1.38,300,0
20090129,1.33,1.35,1.32,1.35,4000,0
20090202,1.3,1.35,1.3,1.35,4700,0
20090203,1.4,1.42,1.39,1.4,18800,0
20090204,1.4,1.54,1.4,1.54,9200,0
20090205,1.58,1.58,1.5,1.5,3700,0
20090206,1.5,1.5,1.29,1.34,27300,0
20090209,1.4,1.43,1.39,1.39,6500,0
20090210,1.41,1.42,1.41,1.42,5100,0
20090212,1.51,1.79,1.51,1.7,12800,0
20090213,1.7,1.79,1.7,1.79,4200,0
20090216,1.76,1.79,1.69,1.7,11300,0
20090217,1.75,1.75,1.5,1.58,9700,0
20090218,1.64,1.69,1.64,1.65,4200,0
20090219,1.56,1.56,1.49,1.5,15500,0
20090220,1.5,1.66,1.45,1.55,11300,0
20090223,1.52,1.52,1.5,1.5,4000,0
20090224,1.5,1.5,1.45,1.45,1200,0
20090225,1.45,1.45,1.45,1.45,200,0
20090227,1.5,1.7,1.5,1.58,10100,0
20090302,1.53,1.53,1.53,1.53,300,0
20090303,1.51,1.51,1.5,1.5,400,0
20090305,1.57,1.59,1.57,1.59,2400,0
20090306,1.65,1.7,1.6,1.67,6500,0
20090309,1.72,1.85,1.72,1.84,12400,0
20090310,1.85,1.85,1.8,1.8,1700,0
20090311,1.76,1.76,1.76,1.76,3200,0
20090312,1.75,1.89,1.75,1.89,17100,0
20090313,1.86,2.15,1.86,2,11300,0
20090316,2.07,2.07,1.81,1.84,13500,0
20090317,1.86,1.86,1.79,1.8,1000,0
20090318,1.75,1.79,1.72,1.79,5500,0
20090323,1.74,1.77,1.74,1.77,400,0
20090324,1.8,1.9,1.8,1.9,1000,0
20090325,1.85,1.85,1.8,1.8,1800,0
20090327,1.74,1.9,1.67,1.9,8100,0
20090330,1.95,1.95,1.8,1.8,2400,0
20090331,1.8,1.8,1.8,1.8,100,0
20090401,1.84,1.84,1.74,1.74,6800,0
20090403,2,2,1.78,1.95,11000,0
20090406,1.82,1.9,1.66,1.9,8200,0
20090407,1.85,1.85,1.75,1.75,9000,0
20090408,1.7,1.7,1.7,1.7,500,0
20090409,1.75,1.8,1.74,1.8,7700,0
20090414,1.75,1.8,1.75,1.8,2300,0
20090415,1.8,1.8,1.8,1.8,1000,0
20090417,1.88,2.09,1.84,2.09,8100,0
20090420,1.93,2,1.93,2,1100,0
20090422,2.04,2.1,2.01,2.1,300,0
20090423,2.15,2.4,2.15,2.26,1200,0
20090424,2.4,3.02,2.4,2.87,28300,0
20090427,3.08,3.08,2.78,2.89,8600,0
20090428,2.98,3.1,2.9,2.9,1600,0
20090429,2.9,3,2.9,3,3400,0
20090430,3.1,3.1,3.1,3.1,600,0
20090504,3.09,3.09,3,3,1900,0
20090505,2.95,3.13,2.95,3.13,8400,0
20090506,3.13,3.15,3,3.1,5600,0
20090507,3.08,3.08,2.97,3,1000,0
20090508,2.98,2.98,2.91,2.91,8000,0
20090511,2.84,2.89,2.72,2.84,2700,0
20090512,2.75,2.85,2.75,2.85,2300,0
20090513,2.85,2.97,2.83,2.97,2800,0
20090518,2.8,2.81,2.8,2.81,2600,0
20090519,2.7,2.7,2.7,2.7,600,0
20090520,2.75,2.87,2.7,2.7,2600,0
20090526,2.9,2.9,2.8,2.8,3000,0
20090527,2.85,2.86,2.85,2.86,1200,0
20090529,2.98,3,2.98,3,1100,0
20090603,2.9,2.9,2.9,2.9,2300,0
20090604,3.01,3.1,3.01,3.1,1000,0
20090605,3.08,3.1,2.95,2.95,1100,0
20090610,2.75,2.75,2.75,2.75,500,0
20090611,2.95,2.95,2.95,2.95,900,0
20090612,3.05,3.05,3.05,3.05,100,0
20090615,2.93,3.05,2.93,3.05,300,0
20090622,2.9,2.9,2.9,2.9,300,0
20090623,2.83,2.83,2.83,2.83,800,0
20090624,2.83,2.83,2.83,2.83,100,0
20090625,2.88,2.88,2.88,2.88,500,0
20090626,2.7,2.7,2.7,2.7,200,0
20090701,2.67,2.67,2.67,2.67,800,0
20090702,2.81,2.81,2.81,2.81,500,0
20090706,2.68,2.68,2.68,2.68,300,0
20090707,2.62,2.75,2.62,2.75,200,0
20090708,2.73,2.73,2.62,2.62,2300,0
20090710,2.68,2.68,2.68,2.68,100,0
20090713,2.6,2.6,2.6,2.6,100,0
20090714,2.56,2.56,2.5,2.5,900,0
20090716,2.6,2.6,2.6,2.6,200,0
20090717,2.6,2.62,2.54,2.54,2400,0
20090723,2.5,2.5,2.5,2.5,1600,0
20090724,2.5,2.62,2.5,2.6,3900,0
20090729,2.8,3.05,2.8,3.05,200,0
20090730,3,3.1,3,3.1,900,0
20090731,3.1,3.1,3.1,3.1,100,0
20090803,3.1,3.1,3.1,3.1,2100,0
20090811,3.27,3.27,3.27,3.27,1000,0
20090812,3.15,3.15,3.05,3.05,2300,0
20090813,3.04,3.04,3.04,3.04,600,0
20090814,3.15,3.15,3,3,3300,0
20090819,3.13,3.13,3.1,3.1,2000,0
20090820,3.12,3.15,3.12,3.14,100,0
20090824,3.05,3.1,3,3,1300,0
20090826,2.95,3,2.95,3,400,0
20090827,2.94,3.08,2.84,3.05,4800,0
20090828,2.86,2.88,2.78,2.78,2400,0
20090831,2.92,3.08,2.92,3,2700,0
20090902,3.08,3.35,3,3.06,66000,0
20090903,3.1,3.14,2.88,2.9,28000,0
20090904,3.1,3.15,2.95,3.06,14400,0
20090907,3.07,3.12,3.07,3.1,16900,0
20090908,3.1,3.1,3.03,3.03,2500,0
20090909,3.04,3.1,3.01,3.06,13300,0
20090910,3.01,3.01,2.96,2.96,2500,0
20090911,3.05,3.05,3,3,300,0
20090914,3,3,2.95,2.95,3500,0
20090915,2.99,2.99,2.9,2.9,2200,0
20090916,2.9,3,2.9,2.9,1100,0
20090917,2.95,2.95,2.95,2.95,100,0
20090918,2.84,3,2.84,3,12500,0
20090921,3.05,3.65,3,3.38,48900,0
20090922,3.44,3.48,3.35,3.44,13100,0
20090923,3.45,3.45,3.34,3.39,5400,0
20090924,3.51,4,3.51,3.75,61800,0
20090925,3.89,4.19,3.89,4.03,30900,0
20090928,4,4,3.75,3.82,10800,0
20090929,3.8,3.9,3.78,3.8,14000,0
20090930,3.9,3.9,3.79,3.8,1700,0
20091001,3.88,3.88,3.85,3.85,2000,0
20091002,3.76,3.88,3.71,3.71,3900,0
20091005,3.79,3.79,3.5,3.62,8000,0
20091006,3.67,3.68,3.67,3.68,2000,0
20091007,3.69,3.69,3.56,3.56,1900,0
20091008,3.86,3.87,3.77,3.85,10800,0
20091009,3.9,3.91,3.89,3.91,2500,0
20091012,3.96,4.03,3.92,3.95,18300,0
20091013,4,4.03,3.99,4,31700,0
20091014,4.02,4.02,3.95,3.95,4800,0
20091015,4,4.1,4,4,8300,0
20091016,4.12,4.25,4.12,4.13,3500,0
20091019,4,4,3.99,3.99,600,0
20091020,3.95,3.96,3.95,3.96,1300,0
20091021,3.93,3.93,3.9,3.9,1200,0
20091022,3.86,4.03,3.86,4.03,1400,0
20091023,4,4.06,4,4,9000,0
20091026,4.01,4.01,4.01,4.01,600,0
20091027,4,4.06,3.8,3.81,12500,0
20091028,3.56,3.56,3.56,3.56,1300,0
20091029,3.7,3.89,3.61,3.89,1200,0
20091030,3.89,4,3.89,4,5200,0
20091102,3.7,3.89,3.7,3.89,2300,0
20091103,3.85,3.85,3.85,3.85,100,0
20091104,3.85,3.9,3.85,3.9,5600,0
20091105,3.85,3.85,3.85,3.85,1300,0
20091106,3.78,3.94,3.7,3.7,6100,0
20091109,3.82,3.82,3.7,3.7,2900,0
20091110,3.75,3.82,3.75,3.82,8200,0
20091111,3.75,3.75,3.7,3.75,12400,0
20091112,3.7,3.75,3.65,3.75,4300,0
20091113,3.75,3.75,3.75,3.75,100,0
20091116,3.75,3.85,3.75,3.85,1100,0
20091117,3.9,3.9,3.9,3.9,500,0
20091118,3.75,3.88,3.75,3.77,1200,0
20091119,3.9,3.9,3.75,3.75,300,0
20091120,3.81,3.97,3.81,3.97,500,0
20091123,3.92,4.19,3.92,4.19,8700,0
20091124,4,4.6,4,4.37,38900,0
20091125,4.45,4.45,4.2,4.32,13600,0
20091126,4.24,4.25,4.09,4.2,12000,0
20091127,3.99,4.08,3.99,4.07,4000,0
20091130,4,4.07,3.9,4.07,3100,0
20091201,4.08,4.3,4.04,4.07,6700,0
20091202,4.04,4.05,3.95,4.03,5900,0
20091203,3.99,4.02,3.96,4.02,3000,0
20091204,4,4.07,4,4.07,3800,0
20091207,4,4.07,3.99,4.07,2000,0
20091208,3.97,4,3.97,4,200,0
20091209,3.95,3.95,3.88,3.88,2700,0
20091210,3.79,3.79,3.76,3.77,2300,0
20091211,3.8,3.8,3.55,3.55,5600,0
20091214,3.67,3.74,3.67,3.74,2100,0
20091215,3.74,3.74,3.55,3.56,3300,0
20091216,3.7,3.72,3.7,3.72,4100,0
20091217,3.6,3.73,3.6,3.73,7200,0
20091218,3.72,3.89,3.65,3.85,44400,0
20091221,3.94,4,3.85,3.85,38500,0
20091222,3.8,3.9,3.8,3.81,2600,0
20091223,3.94,3.94,3.85,3.85,2400,0
20091228,3.85,3.95,3.78,3.95,2800,0
20091229,3.85,3.98,3.85,3.9,8500,0
20091230,3.9,3.95,3.83,3.95,1500,0
20100104,3.9,4.18,3.9,4.18,4700,0
20100105,4.18,4.25,4.18,4.2,8700,0
20100106,4.11,4.19,4.1,4.1,5800,0
20100107,4.13,4.13,3.85,4.05,22400,0
20100108,4.1,4.18,4,4.1,15500,0
20100111,4.16,4.24,4.11,4.23,4800,0
20100112,4.08,4.2,4.08,4.15,4900,0
20100113,4.02,4.12,4.02,4.12,4400,0
20100114,4.07,4.12,4.05,4.05,700,0
20100115,4,4,3.92,3.92,4100,0
20100118,3.85,4.04,3.85,4.04,21400,0
20100119,3.91,4.09,3.91,4.09,800,0
20100120,4,4.07,3.99,4.07,3500,0
20100121,3.95,4.07,3.91,3.99,3500,0
20100122,3.84,3.85,3.6,3.85,9400,0
20100125,3.85,3.97,3.85,3.85,7400,0
20100126,3.82,3.82,3.75,3.8,3000,0
20100127,3.86,3.96,3.85,3.9,10100,0
20100128,4,4,3.9,3.9,2600,0
20100129,3.9,4,3.9,4,6600,0
20100201,4.07,4.07,3.9,3.9,100,0
20100202,3.99,3.99,3.9,3.98,300,0
20100203,3.98,4.07,3.91,4.07,15700,0
20100204,3.95,3.96,3.95,3.95,600,0
20100205,3.96,3.98,3.88,3.98,4100,0
20100208,4,4.1,3.97,4,4700,0
20100209,4,4.06,4,4.06,4100,0
20100210,4,4.04,3.92,3.92,2300,0
20100211,3.9,3.9,3.9,3.9,1800,0
20100212,4,4,4,4,800,0
20100215,3.88,3.9,3.88,3.9,200,0
20100216,4,4.05,3.97,4.05,3400,0
20100217,3.92,3.92,3.8,3.86,20200,0
20100218,3.8,3.8,3.8,3.8,200,0
20100219,3.7,3.87,3.6,3.79,59100,0
20100222,3.67,3.89,3.45,3.85,140300,0
20100223,3.55,3.85,3.55,3.75,32500,0
20100224,3.91,3.91,3.9,3.9,2500,0
20100225,3.96,4.15,3.95,4.04,15100,0
20100226,4,4.03,3.94,3.94,6800,0
20100301,4.02,4.02,3.95,3.97,4400,0
20100302,4,4,4,4,100,0
20100303,4,4,3.95,4,7100,0
20100304,3.95,4.05,3.95,4.05,400,0
20100305,4,4,4,4,2600,0
20100308,4,4,4,4,200,0
20100309,4,4.1,4,4.1,1000,0
20100310,4.02,4.1,4.02,4.1,1000,0
20100311,4.09,4.09,4,4,3000,0
20100312,4.1,4.12,4.1,4.12,1600,0
20100315,4.05,4.05,4,4,4100,0
20100316,4.14,4.14,4,4,900,0
20100318,4,4.07,4,4.03,5600,0
20100319,3.95,3.95,3.95,3.95,300,0
20100322,4.11,4.11,3.98,4,5500,0
20100323,4,4,4,4,800,0
20100324,4.12,4.12,4,4,1300,0
20100325,3.91,4,3.91,4,11700,0
20100326,3.95,4.03,3.95,4.03,2200,0
20100329,3.99,4.08,3.99,4,1800,0
20100330,4,4.04,3.85,3.87,9800,0
20100331,3.87,4.05,3.87,4.05,1400,0
20100401,3.96,4.14,3.96,4.14,7400,0
20100406,4.04,4.35,4.04,4.3,9400,0
20100407,4.4,4.59,4.15,4.3,25800,0
20100408,4.21,4.29,4.21,4.24,14100,0
20100409,4.22,4.52,4.22,4.5,9600,0
20100412,4.5,4.71,4.5,4.7,14300,0
20100413,4.65,4.73,4.49,4.73,7600,0
20100414,4.56,4.7,4.56,4.61,7600,0
20100415,4.78,4.8,4.7,4.77,12400,0
20100416,4.75,4.87,4.66,4.84,10300,0
20100419,4.71,4.82,4.71,4.82,2200,0
20100420,4.83,4.92,4.68,4.75,29600,0
20100421,4.82,4.82,4.72,4.78,5000,0
20100422,4.83,4.84,4.68,4.83,12200,0
20100423,4.83,4.87,4.83,4.87,1100,0
20100426,4.87,4.87,4.8,4.8,5500,0
20100427,4.8,4.83,4.8,4.82,1600,0
20100428,4.8,4.94,4.67,4.83,16300,0
20100429,4.9,4.99,4.75,4.75,18400,0
20100430,5.06,5.3,4.95,5.2,5600,0
20100503,5.05,5.2,5.05,5.05,4000,0
20100504,5.2,5.3,5.1,5.25,7200,0
20100505,5.1,5.1,4.75,4.99,20100,0
20100506,4.83,4.99,4.75,4.75,7900,0
20100507,4.7,4.7,4.23,4.45,10900,0
20100510,4.59,4.66,4.4,4.46,5400,0
20100511,4.51,4.6,4.3,4.3,16600,0
20100512,4.45,4.6,4.45,4.6,1000,0
20100513,4.6,4.6,4.6,4.6,500,0
20100514,4.4,4.5,4.4,4.5,700,0
20100517,4.65,4.7,4.35,4.6,2200,0
20100518,4.6,4.6,4.35,4.35,200,0
20100519,4.58,4.58,4.2,4.5,7600,0
20100520,4.39,4.59,4.18,4.23,6600,0
20100521,4.05,4.24,3.84,4.14,7100,0
20100525,4,4.05,3.95,4.05,3100,0
20100526,4.09,4.15,3.95,4.15,9800,0
20100527,4,4,4,4,1200,0
20100528,4.15,4.15,4.1,4.1,5300,0
20100531,4.07,4.14,4.07,4.14,3600,0
20100601,4.16,4.16,4,4.1,1500,0
20100603,4.13,4.13,4.09,4.12,2300,0
20100604,4.17,4.17,4.09,4.09,300,0
20100607,4.07,4.11,4,4,3300,0
20100608,4,4.08,3.91,3.98,6300,0
20100609,4.05,4.08,4.05,4.08,3000,0
20100610,4,4.12,4,4.12,5100,0
20100611,4.16,4.3,4.16,4.22,2800,0
20100614,4.2,4.2,4.03,4.05,2000,0
20100615,4.03,4.21,4.03,4.21,1200,0
20100616,4.09,4.2,4.07,4.2,2000,0
20100617,4.19,4.35,4.14,4.14,2800,0
20100618,4.31,4.31,4.25,4.25,2500,0
20100621,4.25,4.55,4.23,4.55,6400,0
20100622,4.4,4.45,4.4,4.45,5900,0
20100623,4.4,4.4,4.36,4.36,200,0
20100625,4.32,4.5,4.2,4.5,4700,0
20100628,4.15,4.28,4.15,4.28,2400,0
20100629,4.1,4.17,4.09,4.09,2200,0
20100630,4.26,4.26,4.26,4.26,200,0
20100702,4.2,4.25,4.2,4.25,400,0
20100705,4.11,4.2,4.11,4.2,200,0
20100706,4.2,4.2,4.2,4.2,6500,0
20100707,4.19,4.25,4.19,4.2,7200,0
20100708,4.13,4.25,4.13,4.25,3000,0
20100709,4.25,4.25,4,4.16,8800,0
20100712,4.02,4.09,3.9,3.91,11700,0
20100713,3.93,4.09,3.93,4.09,4100,0
20100714,3.99,4.07,3.97,4,12200,0
20100715,4,4,4,4,2800,0
20100720,3.9,4.04,3.9,3.93,1000,0
20100722,4,4.15,3.96,3.96,2600,0
20100723,3.96,4.04,3.96,4.04,500,0
20100726,3.85,3.95,3.78,3.95,4000,0
20100727,3.85,3.85,3.85,3.85,100,0
20100728,3.87,4.05,3.87,3.92,5300,0
20100729,4.03,4.05,4,4,4700,0
20100730,4.05,4.05,4,4,2000,0
20100802,3.99,4.04,3.99,4.04,1100,0
20100803,4.1,4.11,4.1,4.1,100,0
20100804,3.99,3.99,3.89,3.97,2700,0
20100805,3.86,3.98,3.86,3.98,3000,0
20100809,4.02,4.02,3.88,3.88,1000,0
20100810,3.95,3.99,3.88,3.99,1000,0
20100811,4.05,4.05,3.9,3.9,1300,0
20100816,3.9,4.05,3.9,3.99,600,0
20100819,3.9,3.94,3.78,3.94,2000,0
20100825,3.93,3.93,3.85,3.85,1300,0
20100826,3.94,3.94,3.9,3.9,1900,0
20100831,3.91,3.96,3.91,3.96,500,0
20100901,3.87,3.98,3.87,3.98,800,0
20100902,3.85,3.95,3.85,3.95,1100,0
20100903,3.95,4.14,3.9,4.14,3600,0
20100906,4.39,4.68,4.36,4.48,24800,0
20100907,4.48,4.48,4.45,4.46,2700,0
20100908,4.49,4.53,4.3,4.53,8400,0
20100909,4.4,4.4,4.4,4.4,100,0
20100910,4.5,4.57,4.45,4.57,2900,0
20100913,4.6,4.6,4.35,4.35,4000,0
20100914,4.36,4.36,4.36,4.36,700,0
20100915,4.33,4.39,4.16,4.3,16600,0
20100916,4.28,4.4,4.28,4.4,5200,0
20100917,4.39,4.42,4.35,4.42,8000,0
20100920,4.4,4.42,4.4,4.4,1400,0
20100921,4.4,4.4,4.35,4.35,1200,0
20100922,4.35,4.5,4.35,4.5,600,0
20100923,4.5,4.77,4.5,4.74,19400,0
20100924,4.7,4.7,4.58,4.67,2200,0
20100927,4.68,4.68,4.06,4.12,13500,0
20100928,4.19,4.3,4.12,4.3,2300,0
20100929,4.36,4.44,4.36,4.37,1400,0
20100930,4.33,4.33,4.33,4.33,100,0
20101001,4.33,4.33,4.2,4.33,1200,0
20101004,4.14,4.26,4.14,4.22,1200,0
20101005,4.22,4.29,4.22,4.29,200,0
20101006,4.16,4.27,4.16,4.2,2800,0
20101007,4.2,4.28,4.2,4.2,2800,0
20101008,4.2,4.2,4.2,4.2,1100,0
20101011,4.28,4.28,4.12,4.12,1700,0
20101012,4.15,4.15,3.95,4.14,17900,0
20101013,4.06,4.12,4.02,4.12,4400,0
20101015,4.05,4.25,4.05,4.25,1200,0
20101018,4.25,4.25,4.25,4.25,2000,0
20101020,4.18,4.19,4.06,4.19,3900,0
20101021,4.06,4.19,4.06,4.18,4800,0
20101022,4.11,4.27,4.11,4.27,7700,0
20101025,4.25,4.35,4.15,4.29,8700,0
20101026,4.3,4.35,4.3,4.32,2100,0
20101027,4.37,4.45,4.32,4.42,3900,0
20101028,4.34,4.4,4.14,4.4,10500,0
20101029,4.25,4.25,4.25,4.25,2200,0
20101101,4.28,4.32,4.11,4.32,5800,0
20101102,4.3,4.3,4.1,4.24,5800,0
20101103,4.06,4.2,4.06,4.2,4700,0
20101104,4.05,4.1,3.98,4.01,6800,0
20101105,3.9,4.06,3.85,3.98,9600,0
20101108,3.91,3.91,3.91,3.91,400,0
20101109,3.96,4.01,3.95,4.01,1600,0
20101110,4.08,4.08,4.08,4.08,300,0
20101111,3.91,3.98,3.86,3.98,2900,0
20101112,3.86,3.89,3.8,3.89,2600,0
20101115,3.96,3.96,3.96,3.96,5000,0
20101116,3.9,3.91,3.85,3.86,3900,0
20101118,3.8,4,3.8,4,2400,0
20101119,3.99,4.28,3.9,4.2,10900,0
20101122,4.22,4.4,4.1,4.1,3500,0
20101123,4.11,4.29,4.11,4.24,4800,0
20101124,4.2,4.24,4.11,4.24,4800,0
20101125,4.25,4.3,4.15,4.28,2800,0
20101126,4.2,4.25,4.17,4.17,3400,0
20101129,4.2,4.25,4.12,4.15,3800,0
20101130,4.1,4.1,4.1,4.1,200,0
20101201,4.14,4.15,4.08,4.14,4900,0
20101202,4.02,4.14,3.95,4.14,7800,0
20101203,4,4.1,4,4,5300,0
20101206,4.01,4.22,4.01,4.15,9600,0
20101207,4.15,4.15,4.11,4.15,5800,0
20101208,4.29,4.29,4.17,4.29,4800,0
20101209,4.29,4.3,4.17,4.17,4700,0
20101210,4.25,4.25,4.2,4.2,1500,0
20101213,4.2,4.26,4.2,4.25,4400,0
20101214,4.21,4.36,4.21,4.36,5600,0
20101215,4.39,4.39,4.22,4.22,5800,0
20101217,4.21,4.21,4.2,4.2,2900,0
20101220,4.35,4.35,4.2,4.24,800,0
20101221,4.2,4.27,4.15,4.23,2400,0
20101223,4.15,4.23,4.11,4.23,600,0
20101227,4.2,4.26,4.2,4.2,8400,0
20101228,4.22,4.28,4.22,4.28,300,0
20101229,4.24,4.24,4.11,4.11,1200,0
20101230,4.11,4.26,4.1,4.2,4900,0
20110103,4.05,4.35,4.05,4.25,9500,0
20110104,4.24,4.24,4.2,4.2,1000,0
20110105,4.18,4.18,4.18,4.18,100,0
20110107,4.32,4.32,4.32,4.32,500,0
20110110,4.25,4.39,4.25,4.39,900,0
20110111,4.27,4.27,4.27,4.27,500,0
20110112,4.35,4.5,4.32,4.45,7300,0
20110113,4.45,4.5,4.4,4.41,2700,0
20110114,4.5,4.5,4.36,4.36,6100,0
20110117,4.5,4.5,4.41,4.41,1400,0
20110118,4.4,4.4,4.4,4.4,500,0
20110119,4.4,4.4,4.4,4.4,200,0
20110121,4.49,4.49,4.49,4.49,400,0
20110124,4.58,4.58,4.4,4.4,7400,0
20110125,4.4,4.6,4.4,4.6,14800,0
20110126,4.64,4.89,4.64,4.8,9800,0
20110127,5,5,4.77,4.93,10000,0
20110128,4.97,4.97,4.85,4.97,2300,0
20110131,4.78,4.9,4.77,4.8,1400,0
20110201,4.8,5.1,4.8,5.1,16500,0
20110202,5.2,5.2,4.95,5.07,13600,0
20110203,5.05,5.05,4.84,4.84,1700,0
20110204,4.9,4.9,4.9,4.9,1500,0
20110207,4.9,5.1,4.9,5.1,20200,0
20110208,5.1,5.1,5.05,5.1,9100,0
20110209,5.1,5.1,5.09,5.1,2000,0
20110210,5.09,5.12,5,5,13000,0
20110211,4.93,5.02,4.93,4.97,4700,0
20110214,4.98,5.04,4.98,5.04,3000,0
20110215,5.05,5.1,5.05,5.1,10100,0
20110216,5.1,5.1,5.05,5.07,8600,0
20110217,5.05,5.08,5,5.02,29900,0
20110218,5.08,5.08,4.99,5.05,25000,0
20110221,5.03,5.07,4.97,5.06,18300,0
20110222,5.05,5.07,5.03,5.05,17200,0
20110223,5.05,5.08,4.97,5.08,22600,0
20110224,5,5.03,4.91,4.91,3100,0
20110225,4.93,4.94,4.8,4.8,6400,0
20110301,4.83,4.83,4.8,4.8,1500,0
20110302,4.7,4.72,4.6,4.72,4600,0
20110303,4.6,4.72,4.6,4.68,2400,0
20110304,4.65,4.67,4.6,4.6,8800,0
20110307,4.57,4.6,4.45,4.55,5400,0
20110308,4.57,4.64,4.5,4.5,6000,0
20110310,4.5,4.5,4.5,4.5,5000,0
20110311,4.59,4.59,4.43,4.43,1700,0
20110314,4.41,4.47,4.36,4.47,4100,0
20110315,4.3,4.3,4.1,4.1,3600,0
20110316,4.12,4.3,4,4.25,9200,0
20110317,4.1,4.37,4.1,4.35,7000,0
20110318,4.3,4.3,3.7,4.2,11800,0
20110321,4,4.1,4,4.01,4800,0
20110324,4.15,4.37,4.15,4.37,5800,0
20110325,4.25,4.25,4.25,4.25,400,0
20110328,4.29,4.29,4.29,4.29,100,0
20110330,4.19,4.2,4.19,4.2,500,0
20110331,4.2,4.2,4.2,4.2,100,0
20110401,4.25,4.45,4.25,4.45,11400,0
20110404,4.55,4.67,4.45,4.67,5500,0
20110406,4.5,4.65,4.5,4.65,200,0
20110407,4.51,4.51,4.5,4.5,1800,0
20110408,4.51,4.8,4.51,4.8,4000,0
20110411,4.78,4.8,4.6,4.8,3200,0
20110412,4.7,4.7,4.7,4.7,300,0
20110414,4.8,4.85,4.77,4.85,6700,0
20110415,4.9,4.95,4.85,4.85,4200,0
20110418,4.85,5.3,4.85,5.17,21800,0
20110419,5,5.1,5,5.05,5900,0
20110420,5.05,5.09,4.98,5.09,15100,0
20110421,5.11,5.11,5.05,5.07,3200,0
20110426,5.05,5.2,5.05,5.15,1000,0
20110427,5.01,5.05,4.99,5.05,9600,0
20110428,5.05,5.05,5.05,5.05,1000,0
20110429,5.01,5.05,5.01,5.05,2500,0
20110502,5.07,5.07,5.05,5.05,2000,0
20110503,5.05,5.1,5.05,5.1,2000,0
20110504,5.19,5.19,5.05,5.05,3800,0
20110505,5.18,5.19,5.06,5.19,2900,0
20110506,5.18,5.18,5.07,5.1,3400,0
20110509,5.07,5.15,5.05,5.15,1800,0
20110510,5.16,5.2,5.1,5.15,20700,0
20110511,5.1,5.1,5.1,5.1,1100,0
20110512,5.05,5.18,5.05,5.18,600,0
20110513,5.18,5.25,5.18,5.25,7700,0
20110516,5.2,5.5,5.2,5.45,5800,0
20110517,5.5,5.5,5.1,5.15,27500,0
20110518,5,5.1,4.7,5,78500,0
20110519,5,5.05,4.94,5.05,2600,0
20110520,4.9,5,4.8,4.8,13100,0
20110523,4.98,4.98,4.62,4.62,2800,0
20110524,4.85,5,4.85,4.9,9100,0
20110525,4.99,5,4.95,5,7900,0
20110526,5.01,5.1,4.95,5,6700,0
20110527,4.95,4.99,4.95,4.99,200,0
20110530,4.92,4.92,4.85,4.92,1300,0
20110531,4.95,4.95,4.91,4.95,1000,0
20110601,4.95,4.95,4.95,4.95,3200,0
20110602,4.9,4.95,4.9,4.92,1800,0
20110603,4.98,5,4.95,4.99,6800,0
20110606,5,5,5,5,300,0
20110607,5,5.07,4.93,5.07,4000,0
20110609,5.1,5.1,4.95,5.1,600,0
20110610,5,5.1,5,5,19100,0
20110613,4.92,4.92,4.35,4.36,16800,0
20110614,4.38,4.6,4.1,4.6,21900,0
20110615,4.6,4.8,4.6,4.7,16300,0
20110616,4.6,4.75,4.56,4.56,3700,0
20110617,4.6,4.7,4.52,4.52,4900,0
20110620,4.5,4.62,4.5,4.59,4000,0
20110621,4.5,4.61,4.5,4.61,5400,0
20110622,4.51,4.6,4.5,4.5,8300,0
20110623,4.5,4.5,4.45,4.45,5100,0
20110624,4.55,4.55,4.55,4.55,300,0
20110627,4.55,4.55,4.55,4.55,1900,0
20110628,4.5,4.5,4.5,4.5,300,0
20110629,4.55,4.7,4.55,4.7,3700,0
20110630,4.8,4.89,4.74,4.74,1100,0
20110704,4.9,4.95,4.9,4.95,2800,0
20110705,4.9,4.9,4.89,4.9,1100,0
20110706,4.87,4.87,4.87,4.87,1000,0
20110707,4.99,5,4.86,4.86,1500,0
20110708,4.9,5,4.9,5,3300,0
20110711,4.9,4.91,4.9,4.91,100,0
20110713,4.65,4.7,4.5,4.5,4000,0
20110714,4.6,4.7,4.6,4.7,2300,0
20110715,4.58,4.68,4.58,4.68,100,0
20110718,4.58,4.58,4.52,4.52,1200,0
20110719,4.68,4.68,4.59,4.59,100,0
20110721,4.65,4.65,4.6,4.6,1000,0
20110722,4.6,4.68,4.6,4.68,100,0
20110725,4.6,4.6,4.6,4.6,400,0
20110727,4.68,4.68,4.6,4.68,900,0
20110728,4.6,4.7,4.6,4.7,2600,0
20110729,4.62,4.76,4.27,4.76,16400,0
20110801,4.8,4.8,4.8,4.8,100,0
20110802,4.65,4.65,4.4,4.4,1600,0
20110804,4.45,4.55,4.25,4.25,6200,0
20110805,4.3,4.3,3.51,3.95,6900,0
20110808,3.85,3.85,3.52,3.52,11300,0
20110809,3.48,3.5,3.22,3.3,5000,0
20110810,3.7,4.05,3.65,3.83,24300,0
20110811,4.1,4.1,3.95,3.95,2000,0
20110812,3.95,4.09,3.95,4,600,0
20110816,3.9,3.9,3.9,3.9,100,0
20110817,3.9,3.9,3.9,3.9,100,0
20110818,3.9,3.9,3.7,3.8,2900,0
20110819,3.65,3.65,3.65,3.65,1000,0
20110824,4,4.09,4,4.09,10900,0
20110825,4.09,4.1,4.09,4.1,300,0
20110826,4.07,4.1,4.07,4.1,2000,0
20110830,3.8,3.99,3.8,3.95,1700,0
20110831,4,4,4,4,100,0
20110902,3.94,3.94,3.7,3.9,600,0
20110905,3.7,3.86,3.7,3.75,100,0
20110907,3.7,4.28,3.7,4.2,14000,0
20110912,4,4,3.95,3.96,3300,0
20110913,3.85,4,3.85,4,200,0
20110914,4.14,4.14,4.14,4.14,1000,0
20110915,4.15,4.16,4.15,4.16,2100,0
20110920,4.29,4.29,4.11,4.26,700,0
20110921,4.18,4.29,4.12,4.29,2200,0
20110922,4.21,4.3,4.21,4.3,3000,0
20110923,4.18,4.44,4.18,4.44,500,0
20110926,4.5,4.5,4.2,4.2,1500,0
20110927,4.25,4.35,4.25,4.35,400,0
20110928,4.4,4.4,4.3,4.3,200,0
20110929,4.35,4.4,4.35,4.4,4100,0
20110930,4.4,4.4,4.4,4.4,300,0
20111005,4.3,4.48,4.3,4.48,1800,0
20111007,4.4,4.4,4.4,4.4,200,0
20111013,4.4,4.4,4.4,4.4,100,0
20111017,4.23,4.23,4.23,4.23,1000,0
20111018,4.15,4.4,4.15,4.4,700,0
20111020,4.26,4.26,4.25,4.25,1000,0
20111026,4.49,4.49,4.49,4.49,800,0
20111027,4.4,4.45,4.2,4.45,1700,0
20111028,4.26,4.38,4.26,4.3,2400,0
20111101,4.15,4.25,4,4.25,3400,0
20111102,4.15,4.36,4.15,4.25,8500,0
20111103,4.25,4.28,4.2,4.28,1300,0
20111104,4.1,4.14,4.1,4.14,500,0
20111107,3.9,4,3.8,4,1700,0
20111108,3.65,3.75,3.5,3.73,6000,0
20111109,3.72,3.84,3.5,3.74,8900,0
20111117,3.72,3.8,3.72,3.8,2500,0
20111118,3.85,3.85,3.7,3.7,400,0
20111121,4,4.02,3.8,3.86,7600,0
20111122,4,4,3.57,3.81,5000,0
20111123,3.94,3.94,3.85,3.85,1600,0
20111125,3.9,3.9,3.9,3.9,100,0
20111128,3.75,3.75,3.75,3.75,1000,0
20111129,3.8,3.8,3.71,3.71,1100,0
20111130,3.85,3.85,3.84,3.84,1600,0
20111201,3.85,3.85,3.85,3.85,300,0
20111202,3.85,3.85,3.85,3.85,200,0
20111205,3.75,3.75,3.51,3.61,7400,0
20111206,3.6,3.6,3.45,3.45,2200,0
20111207,3.45,3.45,3.33,3.45,3100,0
20111208,3.59,3.59,3.59,3.59,100,0
20111209,3.4,3.59,3.4,3.52,100,0
20111212,3.59,3.59,3.59,3.59,1300,0
20111213,3.58,3.58,3.5,3.5,1500,0
20111214,3.5,3.5,3.5,3.5,1300,0
20111220,3.52,3.52,3.42,3.42,300,0
20111222,3.38,3.43,3.35,3.43,1300,0
20111223,3.42,3.58,3.42,3.58,2400,0
20111227,3.58,3.58,3.5,3.58,2400,0
20111229,3.8,3.8,3.5,3.5,600,0
20111230,3.55,3.55,3.38,3.54,2100,0
20120102,3.55,3.65,3.55,3.65,1300,0
20120104,3.65,3.75,3.65,3.75,4000,0
20120106,3.64,3.66,3.64,3.65,3700,0
20120110,3.74,3.74,3.65,3.65,2300,0
20120111,3.5,3.65,3.5,3.63,9400,0
20120113,3.58,3.58,3.4,3.4,1700,0
20120116,3.48,3.48,3.48,3.48,1100,0
20120118,3.4,3.4,3.4,3.4,600,0
20120119,3.4,3.4,3.4,3.4,500,0
20120120,3.35,3.35,3.35,3.35,1500,0
20120123,3.3,3.3,3.3,3.3,300,0
20120124,3.32,3.33,3.32,3.33,3500,0
20120126,3.38,3.38,3.38,3.38,400,0
20120127,3.4,3.4,3.4,3.4,500,0
20120130,3.4,3.59,3.4,3.42,2100,0
20120131,3.52,3.52,3.25,3.43,3100,0
20120201,3.35,3.43,3.3,3.43,2800,0
20120202,3.4,3.4,3.19,3.4,10400,0
20120203,3.3,3.3,3.01,3.2,4600,0
20120206,3.2,3.34,3.05,3.11,19800,0
20120207,3.12,3.12,2.88,3,11800,0
20120208,2.96,3,2.96,3,11100,0
20120209,3,3,2.9,2.99,3300,0
20120210,2.98,3,2.7,2.7,6300,0
20120213,2.85,2.85,2.85,2.85,500,0
20120214,2.84,2.9,2.8,2.8,1100,0
20120215,2.89,2.89,2.8,2.8,2000,0
20120216,2.75,2.8,2.75,2.76,200,0
20120217,2.8,2.92,2.8,2.86,10500,0
20120220,2.77,2.9,2.77,2.9,7000,0
20120221,2.86,2.9,2.81,2.89,5200,0
20120222,2.9,2.9,2.9,2.9,2800,0
20120223,2.94,2.94,2.94,2.94,100,0
20120224,2.81,2.9,2.8,2.9,3400,0
20120227,2.9,2.9,2.79,2.9,27800,0
20120228,2.84,2.89,2.7,2.72,14700,0
20120229,2.8,2.87,2.8,2.84,8100,0
20120301,2.87,2.9,2.8,2.86,13000,0
20120302,2.9,2.9,2.8,2.8,800,0
20120305,2.88,2.88,2.86,2.88,4900,0
20120306,2.8,2.8,2.8,2.8,3000,0
20120307,2.81,2.81,2.77,2.8,7900,0
20120308,2.75,2.8,2.7,2.75,8200,0
20120309,2.77,2.78,2.7,2.78,2200,0
20120312,2.72,2.72,2.72,2.72,2200,0
20120313,2.7,2.7,2.55,2.65,7700,0
20120314,2.64,2.65,2.6,2.65,6100,0
20120315,2.65,2.67,2.65,2.67,1800,0
20120316,2.68,2.68,2.65,2.65,6000,0
20120319,2.7,2.7,2.65,2.65,7900,0
20120320,2.75,2.75,2.67,2.75,9900,0
20120322,2.7,2.75,2.6,2.7,8400,0
20120323,2.75,2.85,2.75,2.85,23200,0
20120326,2.85,2.9,2.85,2.9,6000,0
20120327,2.95,3.15,2.93,3.05,13800,0
20120328,3.01,3.28,3.01,3.2,16600,0
20120329,3.18,3.25,3.1,3.1,8400,0
20120330,3.18,3.19,3.1,3.19,5500,0
20120402,3.27,3.27,3.2,3.2,500,0
20120403,3.2,3.2,3.12,3.15,7900,0
20120404,3.15,3.15,3.09,3.12,800,0
20120405,3.08,3.08,3.03,3.03,2500,0
20120410,3.03,3.03,2.95,2.97,2100,0
20120411,3.02,3.02,3.02,3.02,300,0
20120412,3.03,3.06,2.88,2.88,11900,0
20120413,2.88,2.9,2.85,2.85,9000,0
20120416,2.88,2.89,2.8,2.89,2100,0
20120417,2.87,2.89,2.77,2.89,5400,0
20120418,2.8,2.85,2.77,2.85,4900,0
20120419,2.81,2.85,2.76,2.85,5300,0
20120420,2.8,2.85,2.8,2.82,200,0
20120423,2.75,2.82,2.74,2.8,6600,0
20120424,2.74,3,2.74,3,97000,0
20120425,3,3.08,2.93,3.08,13000,0
20120426,2.99,3.09,2.98,3.09,3000,0
20120427,3,3.08,2.94,3.08,4500,0
20120430,2.95,2.95,2.95,2.95,100,0
20120502,2.93,3.02,2.93,3.02,4100,0
20120503,2.96,2.99,2.92,2.99,4700,0
20120504,2.88,3.15,2.88,3.02,22800,0
20120507,2.98,3.09,2.98,3.09,4300,0
20120508,3.19,3.34,3.07,3.1,24800,0
20120509,3.01,3.17,3.01,3.17,1800,0
20120511,3.14,3.14,3.14,3.14,100,0
20120514,3.03,3.18,3.03,3.03,4500,0
20120515,3.02,3.11,3.02,3.11,3800,0
20120518,3.03,3.03,3.02,3.02,3100,0
20120521,3.02,3.02,3,3,6600,0
20120522,3.15,3.15,3.05,3.05,300,0
20120523,3,3.05,3,3.05,4000,0
20120524,3.07,3.07,2.99,3.07,2800,0
20120525,2.95,3.07,2.95,3.07,3500,0
20120528,2.94,3.07,2.94,3.07,3100,0
20120529,2.95,3.05,2.95,3.05,2800,0
20120530,2.95,2.95,2.93,2.93,1500,0
20120531,2.95,3.07,2.95,3.07,6100,0
20120601,2.96,3,2.96,3,8700,0
20120604,3,3,2.88,2.95,20600,0
20120605,2.85,2.95,2.85,2.9,5500,0
20120606,3,3,2.85,3,5800,0
20120607,2.91,3,2.91,3,3000,0
20120608,2.9,2.9,2.9,2.9,1000,0
20120611,2.9,2.9,2.9,2.9,300,0
20120612,2.95,2.95,2.9,2.9,500,0
20120613,2.85,2.85,2.83,2.83,500,0
20120614,2.87,2.87,2.87,2.87,1000,0
20120618,2.86,2.96,2.84,2.96,2800,0
20120619,2.85,3,2.85,3,2200,0
20120620,2.93,3,2.85,3,1000,0
20120621,2.86,2.98,2.85,2.98,2300,0
20120622,3,3.06,2.99,3,1300,0
20120625,2.95,2.95,2.95,2.95,1100,0
20120628,3,3,3,3,500,0
20120629,3.07,3.07,3.07,3.07,1100,0
20120702,2.93,2.93,2.93,2.93,1000,0
20120703,2.98,2.98,2.98,2.98,2000,0
20120705,3.03,3.03,2.93,2.93,800,0
20120709,2.93,2.96,2.93,2.93,2600,0
20120711,2.99,2.99,2.88,2.91,3000,0
20120716,2.95,2.95,2.91,2.91,500,0
20120718,2.95,2.95,2.95,2.95,400,0
20120719,2.95,2.99,2.94,2.99,10400,0
20120720,2.98,2.99,2.98,2.99,3600,0
20120723,2.99,2.99,2.98,2.99,2900,0
20120724,2.99,2.99,2.99,2.99,2400,0
20120725,2.9,2.94,2.9,2.94,3000,0
20120726,2.99,2.99,2.97,2.99,8100,0
20120730,2.99,2.99,2.97,2.97,2000,0
20120731,2.95,2.95,2.95,2.95,4600,0
20120803,2.95,2.95,2.63,2.89,16300,0
20120806,2.89,2.89,2.71,2.73,3500,0
20120807,2.68,2.68,2.55,2.61,22100,0
20120808,2.52,2.61,2.42,2.47,25300,0
20120809,2.52,2.53,2.42,2.53,6000,0
20120810,2.47,2.54,2.47,2.52,7200,0
20120813,2.58,2.58,2.45,2.55,13900,0
20120814,2.47,2.55,2.47,2.55,10300,0
20120815,2.54,2.6,2.48,2.6,16200,0
20120816,2.63,2.64,2.53,2.64,7600,0
20120817,2.6,2.6,2.52,2.6,6000,0
20120820,2.64,2.64,2.54,2.61,8100,0
20120821,2.5,2.62,2.5,2.62,8400,0
20120822,2.6,2.61,2.53,2.6,7100,0
20120823,2.61,2.61,2.54,2.6,6600,0
20120824,2.62,2.78,2.58,2.78,12500,0
20120827,2.67,2.81,2.67,2.81,7200,0
20120828,2.7,2.84,2.7,2.84,700,0
20120829,2.77,2.88,2.77,2.8,100,0
20120830,2.85,2.95,2.85,2.85,2100,0
20120831,2.88,2.88,2.78,2.78,800,0
20120906,2.78,2.88,2.78,2.83,2500,0
20120907,2.85,2.85,2.85,2.85,800,0
20120910,2.85,3.25,2.76,3.25,29900,0
20120911,3.15,3.15,3.15,3.15,1600,0
20120912,3.16,3.18,3.16,3.18,3400,0
20120913,3.24,3.33,3.16,3.33,7900,0
20120914,3.38,3.46,3.25,3.36,4900,0
20120917,3.2,3.35,3.18,3.3,7000,0
20120921,3.3,3.3,3.17,3.17,1800,0
20120924,3.16,3.16,3.16,3.16,100,0
20120925,3.26,3.26,3.12,3.12,5300,0
20120927,3.2,3.21,3.2,3.21,200,0
20120928,3.1,3.12,2.98,3.05,3500,0
20121001,3.1,3.14,3.05,3.05,300,0
20121003,2.96,3.09,2.95,3.05,1400,0
20121004,3.04,3.04,2.9,2.97,19000,0
20121005,3.03,3.03,2.93,2.99,8000,0
20121009,3.05,3.08,3.03,3.08,3700,0
20121010,3,3,3,3,1000,0
20121011,3,3,3,3,1000,0
20121012,3,3.07,3,3.07,2000,0
20121016,3.05,3.65,3.05,3.65,57500,0
20121017,3.5,3.5,3.4,3.5,2200,0
20121018,3.58,3.58,3.41,3.41,1300,0
20121019,3.5,3.54,3.5,3.54,400,0
20121022,3.4,3.4,3.32,3.36,8100,0
20121023,3.35,3.35,3.35,3.35,100,0
20121024,3.35,3.35,3.26,3.35,5700,0
20121025,3.2,3.2,3.1,3.1,3100,0
20121029,3.17,3.17,3.17,3.17,400,0
20121031,3.12,3.12,3.12,3.12,1300,0
20121101,3.2,3.2,3.1,3.1,1200,0
20121105,3.2,3.2,3.2,3.2,800,0
20121106,3.15,3.15,3.15,3.15,300,0
20121107,3.15,3.15,3.15,3.15,700,0
20121109,3.05,3.05,3.05,3.05,1000,0
20121112,3.04,3.04,3.04,3.04,1400,0
20121113,3.16,3.16,3.15,3.15,4600,0
20121114,3.15,3.15,3.15,3.15,300,0
20121115,3.15,3.15,3.15,3.15,500,0
20121119,3.15,3.15,3.15,3.15,600,0
20121120,3.15,3.15,3.1,3.1,1000,0
20121122,3.14,3.14,3.14,3.14,500,0
20121126,3.12,3.12,3.12,3.12,1100,0
20121203,3.12,3.14,3.12,3.14,2100,0
20121204,3.13,3.13,3.13,3.13,700,0
20121207,3.19,3.25,3.19,3.25,10000,0
20121210,3.25,3.25,3.17,3.17,2300,0
20121211,3.17,3.17,3.17,3.17,1700,0
20121214,3.17,3.17,3.1,3.16,10200,0
20121221,3.06,3.06,3.06,3.06,1000,0
20121227,3.13,3.13,3.05,3.05,1100,0
20121228,3.1,3.1,3.02,3.02,1700,0
20130102,2.9,2.9,2.9,2.9,100,0
20130103,2.98,2.98,2.98,2.98,100,0
20130107,2.95,2.95,2.9,2.9,6200,0
20130108,2.88,2.88,2.88,2.88,4000,0
20130109,2.88,2.88,2.88,2.88,5500,0
20130110,2.83,2.87,2.83,2.84,5100,0
20130111,2.82,2.82,2.82,2.82,300,0
20130114,2.87,2.87,2.87,2.87,100,0
20130115,3,3,3,3,100,0
20130116,2.9,2.9,2.88,2.88,2000,0
20130117,2.88,2.88,2.82,2.82,4000,0
20130118,2.92,2.92,2.92,2.92,100,0
20130121,2.84,2.84,2.84,2.84,800,0
20130122,2.86,3,2.86,3,5500,0
20130123,3.05,3.05,3.03,3.03,1100,0
20130124,3.05,3.05,3.05,3.05,500,0
20130128,3.04,3.04,3.04,3.04,300,0
20130201,3.06,3.06,3.06,3.06,1200,0
20130204,3.07,3.07,3.07,3.07,1500,0
20130206,3.1,3.1,3.1,3.1,200,0
20130207,3.1,3.1,3,3,1100,0
20130208,3,3,3,3,400,0
20130211,3.1,3.1,3.09,3.09,1300,0
20130212,3.1,3.1,3.05,3.05,1400,0
20130213,3.1,3.1,3.1,3.1,100,0
20130214,2.9,2.9,2.9,2.9,100,0
20130215,2.9,2.9,2.9,2.9,500,0
20130218,3.01,3.01,2.92,2.92,600,0
20130220,2.86,2.89,2.86,2.89,5100,0
20130221,2.94,2.94,2.94,2.94,2000,0
20130226,2.86,2.86,2.86,2.86,1700,0
20130228,2.95,2.95,2.84,2.84,700,0
20130305,2.95,2.95,2.95,2.95,900,0
20130306,2.95,2.96,2.95,2.96,3000,0
20130307,2.96,2.96,2.96,2.96,200,0
20130308,2.96,2.96,2.96,2.96,100,0
20130311,2.96,3.3,2.96,3.25,17500,0
20130312,3.1,3.19,3.1,3.19,2000,0
20130313,3.18,3.18,3.15,3.15,2300,0
20130314,3.2,3.2,3.2,3.2,100,0
20130318,3.2,3.29,3.2,3.29,300,0
20130320,3.12,3.15,3,3.15,3000,0
20130321,3.15,3.3,3.15,3.2,6300,0
20130327,3.12,3.12,3.1,3.1,1000,0
20130328,3.1,3.1,3.1,3.1,1000,0
20130403,3.13,3.15,3.13,3.15,1700,0
20130404,3.05,3.15,3.05,3.15,1100,0
20130410,3.05,3.05,3.05,3.05,200,0
20130411,3.05,3.05,3.05,3.05,200,0
20130415,3.05,3.05,3.05,3.05,600,0
20130416,2.95,2.95,2.95,2.95,2200,0
20130422,3.05,3.05,3.05,3.05,100,0
20130426,2.9,2.92,2.68,2.92,9200,0
20130429,2.86,2.86,2.86,2.86,1000,0
20130503,2.9,2.9,2.9,2.9,200,0
20130506,2.8,2.85,2.8,2.85,5600,0
20130508,2.9,2.95,2.9,2.95,3000,0
20130513,2.8,2.8,2.8,2.8,8000,0
20130515,2.9,2.9,2.81,2.81,400,0
20130516,2.9,3.02,2.9,2.99,5900,0
20130517,2.9,2.9,2.88,2.88,2100,0
20130521,2.85,2.95,2.85,2.86,8900,0
20130522,2.86,2.86,2.86,2.86,200,0
20130524,2.99,2.99,2.99,2.99,2000,0
20130528,2.87,2.97,2.8,2.8,3600,0
20130529,2.95,3.45,2.95,3.16,37200,0
20130530,3.25,3.35,3.25,3.35,4000,0
20130531,3.44,3.47,3.33,3.44,6900,0
20130603,3.45,3.45,3.35,3.36,1900,0
20130604,3.4,3.42,3.3,3.35,6700,0
20130605,3.35,3.35,3.28,3.28,4200,0
20130606,3.28,3.35,3.21,3.21,3700,0
20130607,3.08,3.27,3.08,3.27,700,0
20130610,3.3,3.4,3.3,3.3,5800,0
20130611,3.3,3.43,3.3,3.43,5100,0
20130612,3.32,3.4,3.32,3.4,400,0
20130613,3.35,3.35,3.35,3.35,200,0
20130614,3.4,3.4,3.3,3.3,200,0
20130617,3.35,3.35,3.35,3.35,100,0
20130619,3.21,3.23,3.19,3.19,4500,0
20130620,3.35,3.35,3.35,3.35,2000,0
20130626,3.36,3.36,3.36,3.36,1600,0
20130627,3.36,3.36,3.36,3.36,100,0
20130701,3.22,3.22,3.22,3.22,200,0
20130702,3.25,3.25,3.19,3.19,4100,0
20130703,3.12,3.12,3.12,3.12,800,0
20130704,3.12,3.15,3.11,3.15,1300,0
20130705,3.15,3.22,3.12,3.22,4100,0
20130708,3.3,3.3,3.3,3.3,100,0
20130711,3.21,3.21,3.15,3.15,1000,0
20130712,3.2,3.2,3.2,3.2,100,0
20130715,3.19,3.24,3.19,3.24,1800,0
20130716,3.11,3.25,3.11,3.25,1200,0
20130717,3.25,3.25,3.25,3.25,400,0
20130718,3.22,3.22,3.22,3.22,200,0
20130722,3.18,3.18,3.18,3.18,1000,0
20130724,3.3,3.3,3.3,3.3,100,0
20130725,3.3,3.3,3.3,3.3,400,0
20130726,3.3,3.3,3.3,3.3,400,0
20130730,3.35,3.35,3.35,3.35,100,0
20130731,3.24,3.24,3.17,3.17,6600,0
20130801,3.25,3.25,3.25,3.25,200,0
20130802,3.2,3.25,3.15,3.15,4500,0
20130807,3.25,3.27,3.2,3.2,6000,0
20130808,3.25,3.25,3.25,3.25,200,0
20130809,3.25,3.25,3.25,3.25,300,0
20130813,3.23,3.25,3.23,3.25,5500,0
20130814,3.25,3.25,3.25,3.25,200,0
20130815,3.24,3.24,3.24,3.24,1000,0
20130819,3.34,3.45,3.34,3.36,12000,0
20130820,3.38,3.4,3.34,3.34,4200,0
20130821,3.42,3.49,3.4,3.48,15600,0
20130822,3.49,3.55,3.47,3.52,14400,0
20130823,3.55,3.55,3.51,3.51,500,0
20130826,3.44,3.44,3.44,3.44,500,0
20130828,3.34,3.34,3.34,3.34,200,0
20130829,3.45,3.45,3.33,3.33,2400,0
20130902,3.4,3.4,3.29,3.29,2100,0
20130903,3.3,3.34,3.24,3.34,200,0
20130904,3.33,3.33,3.24,3.24,2000,0
20130905,3.2,3.2,3.16,3.16,1500,0
20130906,3.26,3.26,3.26,3.26,300,0
20130909,3.25,3.25,3.25,3.25,100,0
20130910,3.18,3.18,3.17,3.17,300,0
20130911,3.17,3.17,3.1,3.1,3700,0
20130913,3.19,3.22,3.15,3.22,3500,0
20130916,3.28,3.5,3.28,3.4,5500,0
20130918,3.23,3.45,3.23,3.45,700,0
20130919,3.38,3.38,3.3,3.3,300,0
20130920,3.35,3.35,3.23,3.24,2800,0
20130923,3.2,3.2,3.14,3.16,14800,0
20130924,3.22,3.22,3.22,3.22,600,0
20130927,3.17,3.26,3.17,3.26,1100,0
20130930,3.26,3.26,3.18,3.18,1100,0
20131001,3.2,3.26,3.2,3.26,1400,0
20131002,3.31,3.35,3.31,3.35,2700,0
20131004,3.3,3.38,3.3,3.38,1200,0
20131007,3.3,3.3,3.2,3.2,2000,0
20131008,3.2,3.2,2.96,3,22200,0
20131009,2.95,3.05,2.8,2.85,5600,0
20131010,2.85,3.1,2.85,3.06,6500,0
20131011,3.05,3.1,3.02,3.02,4700,0
20131015,3.1,3.18,3.08,3.13,8800,0
20131016,3.06,3.15,3.06,3.15,6500,0
20131017,3.2,3.2,3.2,3.2,300,0
20131018,3.08,3.2,3.08,3.2,200,0
20131021,3.2,3.2,3.05,3.05,4600,0
20131022,3.15,3.2,3.15,3.15,1000,0
20131023,3.19,3.19,3.11,3.11,1400,0
20131024,3.2,3.2,3.2,3.2,500,0
20131025,3.2,3.2,3.2,3.2,100,0
20131028,3.11,3.14,3.11,3.14,200,0
20131029,3.14,3.14,3.14,3.14,300,0
20131030,3.19,3.25,3.12,3.12,1500,0
20131031,3.18,3.18,3.18,3.18,300,0
20131101,3.12,3.12,3.12,3.12,400,0
20131104,3.12,3.3,3.12,3.3,8100,0
20131105,3.32,3.37,3.27,3.3,10200,0
20131106,3.3,3.38,3.14,3.38,3600,0
20131107,3.35,3.4,3.35,3.4,700,0
20131108,3.4,3.77,3.4,3.55,12200,0
20131111,3.55,3.55,3.28,3.28,6400,0
20131112,3.3,3.36,3.3,3.36,200,0
20131113,3.3,3.43,3.22,3.43,3000,0
20131114,3.45,3.5,3.45,3.5,1000,0
20131115,3.38,3.38,3.38,3.38,400,0
20131118,3.26,3.39,3.24,3.39,12300,0
20131119,3.36,3.48,3.36,3.48,5300,0
20131120,3.5,4.07,3.5,3.85,73900,0
20131121,3.88,4.32,3.84,4.12,20800,0
20131122,4.15,4.25,4,4.15,11300,0
20131125,4.1,4.1,3.86,3.9,6100,0
20131126,3.88,3.88,3.7,3.8,3000,0
20131127,3.8,4,3.65,3.99,19600,0
20131128,4.02,4.42,4,4.15,33300,0
20131129,3.96,4.19,3.96,4.15,11400,0
20131202,4.09,4.2,3.72,3.86,33800,0
20131203,3.8,4,3.8,3.85,18800,0
20131204,4,4,3.81,3.82,8400,0
20131205,3.87,3.99,3.85,3.85,6100,0
20131206,3.99,4.05,3.99,4.05,12700,0
20131209,4.14,4.17,4.07,4.07,400,0
20131210,4.1,4.2,4.05,4.2,3400,0
20131211,4.15,4.15,4.05,4.05,300,0
20131212,4.01,4.01,4.01,4.01,1000,0
20131213,4,4.05,3.92,4.05,1700,0
20131216,4.15,4.15,3.93,4.07,400,0
20131217,4.07,4.07,4.07,4.07,300,0
20131218,4.03,4.05,4.02,4.05,9100,0
20131219,4.02,4.15,4.02,4.15,6400,0
20131220,4.2,4.2,4.07,4.08,7600,0
20131223,4.09,4.2,4.08,4.2,2800,0
20131227,4.2,4.52,4.2,4.51,31100,0
20131230,4.49,4.5,4.32,4.35,20800,0
20140102,4.4,4.51,4.4,4.5,28500,0
20140103,4.49,4.75,4.39,4.7,32400,0
20140106,4.86,5.55,4.86,5.34,33100,0
20140107,5.26,6.05,5.05,6,54600,0
20140108,6.2,6.2,5.27,5.64,47900,0
20140109,5.5,5.53,5.17,5.45,18200,0
20140110,5.39,6,5.39,5.81,42800,0
20140113,5.99,6,5.85,5.99,13000,0
20140114,5.91,5.99,5.85,5.85,12100,0
20140115,5.9,5.9,5.28,5.55,16800,0
20140116,5.5,5.65,4.95,5.19,67500,0
20140117,5.05,5.05,4.89,5,10900,0
20140120,5,5.12,4.77,5,20300,0
20140121,4.85,5.02,4.72,4.98,22700,0
20140122,4.91,5.01,4.85,4.85,3100,0
20140123,4.84,4.9,4.61,4.7,14600,0
20140124,4.74,4.74,4.41,4.55,9300,0
20140127,4.55,4.62,4.3,4.62,13600,0
20140128,4.6,4.68,4.45,4.57,5600,0
20140129,4.55,4.55,4.4,4.49,800,0
20140130,4.4,4.47,4.22,4.36,15700,0
20140131,4.35,4.41,4.26,4.41,1600,0
20140203,4.25,4.39,4.14,4.14,4100,0
20140204,4.11,4.35,3.95,4.31,13100,0
20140205,4.35,4.39,4.35,4.36,2400,0
20140206,4.36,4.69,4.36,4.55,7500,0
20140207,4.57,4.57,4.48,4.5,2100,0
20140210,4.36,4.52,4.36,4.5,2800,0
20140211,4.4,4.7,4.4,4.7,500,0
20140212,4.69,4.69,4.5,4.55,1000,0
20140213,4.41,4.58,4.41,4.52,400,0
20140214,4.33,4.47,4.26,4.33,5700,0
20140217,4.6,4.77,4.5,4.7,32400,0
20140218,4.7,4.7,4.7,4.7,400,0
20140219,4.66,4.7,4.66,4.68,1700,0
20140220,4.74,4.74,4.4,4.52,5100,0
20140221,4.33,4.45,4.33,4.44,700,0
20140224,4.33,4.42,4.06,4.19,4100,0
20140225,4.06,4.31,4.06,4.31,3700,0
20140226,4.1,4.37,4.1,4.2,3100,0
20140227,4.25,4.29,4.25,4.29,1000,0
20140228,4.21,4.21,4.21,4.21,100,0
20140303,4.16,4.16,3.87,4.03,12500,0
20140304,4.03,4.38,4.03,4.38,7400,0
20140305,4.44,5,4.44,4.61,15500,0
20140306,4.61,4.61,4.45,4.5,2400,0
20140307,4.62,4.62,4.36,4.43,4100,0
20140311,4.25,4.43,4.25,4.43,200,0
20140312,4.26,4.39,4.26,4.39,300,0
20140313,4.37,4.37,4,4.2,3800,0
20140314,4.05,4.05,3.95,4.05,4900,0
20140317,4.06,4.06,4.06,4.06,500,0
20140318,4.09,4.2,4.09,4.2,1600,0
20140319,4.22,4.24,4.19,4.22,2000,0
20140320,4.29,4.29,4.29,4.29,300,0
20140321,4.4,4.55,4.4,4.45,1200,0
20140324,4.29,4.52,4.29,4.35,5300,0
20140325,4.42,4.42,4.35,4.39,900,0
20140326,4.4,4.4,4.38,4.38,100,0
20140327,4.2,4.3,4.14,4.3,2200,0
20140328,4.2,4.2,4.09,4.12,3500,0
20140331,4.29,4.29,4.01,4.2,5100,0
20140401,4.15,4.15,4.1,4.12,3100,0
20140402,4.3,4.34,4.26,4.26,1800,0
20140403,4.3,4.31,4.29,4.31,2200,0
20140404,4.23,4.35,4.23,4.35,900,0
20140407,4.24,4.35,4.24,4.35,1500,0
20140408,4.27,4.4,4.27,4.4,800,0
20140409,4.3,4.4,4.3,4.35,1100,0
20140411,4.24,4.35,4.18,4.29,5200,0
20140414,4.18,4.18,4.18,4.18,1100,0
20140415,4.16,4.16,4.08,4.15,3800,0
20140422,4.19,4.19,4.19,4.19,100,0
20140423,4.18,4.18,4.12,4.12,600,0
20140424,4.15,4.27,4.11,4.27,19200,0
20140425,4.23,4.27,4.16,4.27,2500,0
20140428,4.2,4.26,4.2,4.26,1500,0
20140429,4.27,4.35,4.24,4.35,5500,0
20140430,4.37,4.37,4.22,4.36,1900,0
20140502,4.32,4.32,4.32,4.32,800,0
20140505,4.3,4.3,4.3,4.3,100,0
20140506,4.32,4.32,4.32,4.32,100,0
20140507,4.3,4.31,4.3,4.31,900,0
20140508,4.19,4.19,4.08,4.17,4100,0
20140509,4.1,4.17,4.1,4.12,3200,0
20140512,4.15,4.52,4.15,4.52,28100,0
20140514,4.41,4.5,4.41,4.5,3100,0
20140516,4.44,4.45,4.35,4.45,600,0
20140519,4.21,4.41,4.21,4.41,2900,0
20140520,4.41,4.6,4.41,4.5,15500,0
20140521,4.42,4.44,4.39,4.39,3200,0
20140522,4.42,4.42,4.26,4.32,2400,0
20140523,4.4,4.4,4.4,4.4,1000,0
20140527,4.37,4.5,4.37,4.5,1700,0
20140528,4.36,4.65,4.25,4.25,9800,0
20140530,4.28,4.28,4.28,4.28,300,0
20140602,4.15,4.2,4.14,4.17,1800,0
20140603,4.07,4.14,4.07,4.14,900,0
20140604,4.14,4.14,3.9,4.02,9000,0
20140605,3.98,4.07,3.98,4.04,3600,0
20140606,4.07,4.34,4.07,4.08,5600,0
20140609,4.15,4.22,4.15,4.18,5800,0
20140610,4.26,4.35,4.26,4.3,9800,0
20140611,4.35,4.35,4.35,4.35,600,0
20140612,4.34,4.34,4.24,4.24,2200,0
20140613,4.21,4.21,4.21,4.21,100,0
20140616,4.3,4.3,4.3,4.3,1400,0
20140617,4.3,4.3,4.25,4.3,2200,0
20140620,4.18,4.18,4.08,4.17,6800,0
20140623,4.08,4.12,4.08,4.12,300,0
20140624,4.08,4.35,4.08,4.15,13600,0
20140625,4.17,4.17,4.15,4.15,1500,0
20140627,4.09,4.2,4.09,4.2,100,0
20140630,4.17,4.2,4.17,4.2,1600,0
20140701,4.22,4.22,4.22,4.22,500,0
20140702,4.2,4.2,4.18,4.2,1200,0
20140703,4.18,4.18,4.18,4.18,500,0
20140704,4.26,4.27,4.26,4.26,1500,0
20140707,4.12,4.18,4.12,4.18,2300,0
20140708,4.12,4.12,4.12,4.12,500,0
20140709,4.2,4.2,4.2,4.2,100,0
20140710,4.06,4.06,4.06,4.06,400,0
20140711,4.1,4.3,4.05,4.25,38000,0
20140714,4.25,4.3,4.19,4.3,3800,0
20140715,4.22,4.26,4.2,4.21,15500,0
20140716,4.24,4.26,4.2,4.24,11100,0
20140717,4.2,4.2,4.11,4.15,400,0
20140718,4.2,4.2,4.2,4.2,600,0
20140721,4.19,4.19,4.19,4.19,400,0
20140722,4.19,4.19,4.01,4.18,2800,0
20140723,4.15,4.15,4.15,4.15,400,0
20140724,4.15,4.15,4.15,4.15,400,0
20140725,4.23,4.23,4.22,4.23,3000,0
20140728,4.12,4.21,4.12,4.21,2300,0
20140729,4.2,4.25,4.2,4.25,2600,0
20140730,4.25,4.25,4.25,4.25,500,0
20140731,4.28,4.28,4.05,4.05,4100,0
20140801,4.07,4.07,3.86,3.97,2900,0
20140804,3.81,3.95,3.8,3.92,5400,0
20140805,3.84,3.95,3.61,3.9,9500,0
20140806,3.84,3.96,3.7,3.9,10300,0
20140807,3.76,3.94,3.74,3.94,2800,0
20140808,3.75,3.94,3.75,3.94,10400,0
20140811,4,4,3.92,3.92,1600,0
20140812,3.93,3.93,3.92,3.92,2200,0
20140813,3.97,4.05,3.86,3.86,1800,0
20140814,3.98,4.15,3.98,4.15,3600,0
20140815,4.05,4.1,4.05,4.06,1200,0
20140818,4.1,4.1,4.01,4.07,2700,0
20140819,4.1,4.14,4.1,4.14,3100,0
20140820,4.16,4.45,4.14,4.3,7500,0
20140821,4.37,4.58,4.37,4.52,6900,0
20140822,4.4,4.4,4.4,4.4,4800,0
20140825,4.4,4.68,4.3,4.68,14300,0
20140826,4.55,4.64,4.4,4.41,9600,0
20140827,4.48,4.6,4.45,4.45,7600,0
20140828,4.48,4.48,4.45,4.45,700,0
20140829,4.41,4.49,4.35,4.35,6900,0
20140901,4.35,4.39,4.35,4.38,3500,0
20140902,4.48,4.55,4.45,4.45,2500,0
20140903,4.36,4.5,4.16,4.3,11200,0
20140904,4.3,4.45,4.24,4.45,9100,0
20140905,4.32,4.32,4.32,4.32,200,0
20140908,4.2,4.2,4.2,4.2,700,0
20140909,4.14,4.14,4.1,4.1,400,0
20140910,4.05,4.15,4.05,4.15,4600,0
20140912,4.21,4.21,4.21,4.21,500,0
20140915,4.13,4.29,4.13,4.29,1600,0
20140916,4.22,4.22,4.22,4.22,1000,0
20140917,4.26,4.28,4.26,4.28,2600,0
20140919,4.25,4.25,4.25,4.25,200,0
20140922,4.24,4.24,4.24,4.24,500,0
20140924,4.3,4.35,4.3,4.35,2100,0
20140925,4.28,4.28,4.15,4.28,6500,0
20140926,4.22,4.22,4.22,4.22,500,0
20140929,4.33,4.45,4.33,4.4,4100,0
20140930,4.4,4.4,4.31,4.31,700,0
20141001,4.3,4.3,4.3,4.3,100,0
20141006,4.3,4.36,4.3,4.36,2300,0
20141007,4.36,4.36,4.35,4.35,3200,0
20141008,4.35,4.35,4.03,4.1,7900,0
20141009,4.05,4.29,4.05,4.05,100,0
20141010,4.05,4.06,4.05,4.06,3500,0
20141013,4.06,4.2,4.06,4.2,4900,0
20141015,4.2,4.3,4.14,4.16,5900,0
20141016,4.2,4.25,4.2,4.25,500,0
20141017,4.07,4.25,4.07,4.25,900,0
20141021,4.19,4.19,4.14,4.14,1000,0
20141022,4.18,4.18,4.15,4.15,2300,0
20141023,4.18,4.18,4.18,4.18,100,0
20141024,4.18,4.18,4.12,4.12,200,0
20141028,4.2,4.2,4.2,4.2,100,0
20141030,4.1,4.1,4.1,4.1,500,0
20141031,4.2,4.2,4.2,4.2,3200,0
20141103,4.18,4.18,4.18,4.18,2500,0
20141107,4.28,4.28,4.28,4.28,200,0
20141112,4.18,4.18,4.18,4.18,200,0
20141113,4.15,4.25,4.15,4.25,5100,0
20141114,4.25,4.3,4.25,4.25,4700,0
20141117,4.31,4.4,4.31,4.4,5300,0
20141118,4.35,4.59,4.35,4.43,12400,0
20141119,4.4,4.5,4.35,4.5,15400,0
20141120,4.45,4.54,4.22,4.22,2900,0
20141121,4.18,4.2,4.03,4.2,4000,0
20141124,4.06,4.18,4.02,4.05,2800,0
20141125,4.15,4.22,4.1,4.16,4100,0
20141126,4.12,4.2,4.12,4.2,500,0
20141127,4.12,4.15,4.08,4.15,500,0
20141128,4.14,4.18,4.14,4.18,400,0
20141201,4.2,4.28,4.13,4.18,3300,0
20141202,4.13,4.13,3.4,4.1,22900,0
20141203,4.1,4.2,3.8,3.9,40500,0
20141204,3.85,3.99,3.85,3.95,12000,0
20141205,3.96,3.99,3.96,3.99,1700,0
20141208,3.9,3.96,3.9,3.9,10100,0
20141209,3.95,4.04,3.95,4.04,4900,0
20141210,4.04,4.25,4.04,4.25,5500,0
20141211,4.2,4.25,4.2,4.25,1600,0
20141212,4.2,4.2,4.17,4.17,100,0
20141215,4.15,4.2,4.1,4.19,6900,0
20141216,4.1,4.18,4.05,4.1,4800,0
20141217,4.1,4.2,4.01,4.2,11800,0
20141218,4.04,4.15,3.98,4.15,6100,0
20141222,4.2,4.24,4.15,4.24,4300,0
20141223,4.12,4.25,4.12,4.25,200,0
20141229,4.2,4.2,4.1,4.1,700,0
20141230,4.24,4.24,4.1,4.12,6700,0
20150105,4.2,4.2,4.2,4.2,500,0
20150106,4.06,4.14,4.06,4.14,1000,0
20150107,4.1,4.14,4.1,4.14,200,0
20150108,4.05,4.28,4.05,4.28,4200,0
20150109,4.3,4.4,4.3,4.4,4500,0
20150112,4.25,4.44,4.25,4.27,3500,0
20150113,4.18,4.18,4.08,4.08,2000,0
20150115,4.05,4.12,4.05,4.12,4700,0
20150120,4.18,4.25,4.18,4.21,4100,0
20150121,4.18,4.2,4.18,4.2,4100,0
20150122,4.25,4.25,4.22,4.22,4300,0
20150123,4.28,4.28,4.18,4.18,500,0
20150126,4.15,4.26,4.15,4.26,2500,0
20150127,4.24,4.3,3.6,3.95,20700,0
20150128,3.95,4.07,3.95,4.05,3900,0
20150129,4.03,4.18,4.03,4.18,300,0
20150130,4.16,4.2,4.14,4.14,8800,0
20150202,4.2,4.4,4.2,4.3,13000,0
20150203,4.28,4.38,4.26,4.26,10800,0
20150204,4.15,4.34,4.15,4.34,500,0
20150205,4.25,4.32,4.25,4.25,500,0
20150206,4.25,4.25,4.16,4.25,500,0
20150209,4.17,4.24,4.16,4.24,300,0
20150210,4.17,4.2,4.16,4.2,2300,0
20150211,4.18,4.24,4.18,4.24,200,0
20150212,4.1,4.2,4.1,4.2,2000,0
20150213,4.11,4.15,4.11,4.15,800,0
20150216,4.15,4.25,4.15,4.25,8000,0
20150217,4.2,4.2,4.2,4.2,400,0
20150218,4.15,4.25,4.1,4.1,4700,0
20150219,4.05,4.29,4.05,4.27,17500,0
20150223,4.18,4.18,4.06,4.1,1100,0
20150224,4.06,4.21,4.06,4.21,400,0
20150227,4.12,4.12,4.06,4.06,600,0
20150302,4.06,4.06,4.06,4.06,600,0
20150303,4.01,4.01,4.01,4.01,1000,0
20150304,4.1,4.1,4.1,4.1,200,0
20150305,3.95,3.95,3.95,3.95,900,0
20150306,3.95,3.95,3.95,3.95,1200,0
20150309,3.9,4.1,3.9,4.1,600,0
20150310,4.05,4.05,4.05,4.05,400,0
20150311,3.87,3.87,3.87,3.87,600,0
20150312,3.87,3.87,3.87,3.87,100,0
20150313,4.02,4.02,4.02,4.02,100,0
20150316,3.87,3.87,3.87,3.87,400,0
20150317,3.98,3.98,3.98,3.98,800,0
20150318,3.98,4,3.91,3.91,7800,0
20150319,4.1,4.1,4.1,4.1,600,0
20150320,3.91,3.91,3.91,3.91,1500,0
20150323,4,4.05,3.9,3.9,800,0
20150324,3.88,4.09,3.88,4.09,200,0
20150325,3.9,4,3.65,4,12400,0
20150326,4.1,4.1,4.07,4.07,600,0
20150327,4.07,4.19,4.05,4.19,8500,0
20150330,4.05,4.08,4,4.08,13100,0
20150331,4.1,4.15,4.05,4.1,5700,0
20150401,4.15,4.15,4.15,4.15,100,0
20150402,4.22,4.22,4.2,4.2,3100,0
20150408,4.119,4.12,4.119,4.12,1130,0
20150409,4.12,4.23,4.081,4.2,12551,0
20150410,4.13,4.179,4.13,4.179,1055,0
20150413,4,4.041,4,4.041,926,0
20150414,4,4.2,4,4.2,430,0
20150415,4.001,4.001,4,4,200,0
20150416,4.001,4.001,4,4,2912,0
20150417,4.021,4.021,4,4,2704,0
20150420,4.119,4.12,4.01,4.01,3247,0
20150421,4.051,4.051,4.01,4.01,2596,0
20150423,4.149,4.149,4.149,4.149,177,0
20150424,4.159,4.159,4.159,4.159,200,0
20150427,4.22,4.25,4.199,4.21,7726,0
20150428,4.199,4.2,4.08,4.08,1102,0
20150429,4.149,4.149,4.149,4.149,58,0
20150430,4.179,4.31,4.179,4.3,11567,0
20150504,4.1,4.15,4.1,4.15,450,0
20150505,4.2,4.25,4.198,4.25,7680,0
20150506,4.201,4.201,4.201,4.201,48,0
20150507,4.239,4.24,4.239,4.24,2048,0
20150508,4.15,4.15,4.15,4.15,580,0
20150511,4.1,4.1,4.1,4.1,319,0
20150512,4.2,4.3,4.161,4.3,5000,0
20150513,4.25,4.25,4.23,4.23,550,0
20150515,4.15,4.15,4.15,4.15,400,0
20150518,4.299,4.3,4.121,4.121,995,0
20150519,4.2,4.2,4.18,4.18,3090,0
20150521,4.3,4.3,4.2,4.2,2285,0
20150522,4.4,4.449,4.35,4.449,3990,0
20150526,4.3,4.3,4.201,4.201,140,0
20150527,4.25,4.45,4.25,4.351,2584,0
20150528,4.449,4.501,4.449,4.5,3588,0
20150529,4.599,5.4,4.599,4.95,15420,0
20150601,4.951,5.151,4.85,4.85,13210,0
20150602,4.75,4.9,4.65,4.9,2045,0
20150605,4.75,4.875,4.75,4.875,900,0
20150608,4.8,4.94,4.72,4.75,2619,0
20150609,4.75,4.75,4.73,4.73,1254,0
20150610,4.9,4.9,4.7,4.7,560,0
20150612,4.94,5.05,4.805,5.05,5170,0
20150615,5.049,5.049,5.049,5.049,105,0
20150616,4.905,4.95,4.905,4.95,750,0
20150617,4.95,4.95,4.85,4.85,2921,0
20150618,4.95,5.1,4.949,5.1,3530,0
20150619,5.09,5.09,5.09,5.09,259,0
20150622,5.05,5.05,5.05,5.05,150,0
20150623,4.999,5,4.999,5,1230,0
20150624,5.05,5.15,5.05,5.11,9441,0
20150625,5.099,5.1,5,5,2130,0
20150626,4.901,4.901,4.901,4.901,30,0
20150630,4.951,4.951,4.951,4.951,100,0
20150706,4.9,4.95,4.75,4.95,5585,0
20150707,5,5,5,5,70,0
20150708,4.931,4.931,4.931,4.931,85,0
20150709,4.9,5.05,4.9,5.05,3000,0
20150710,5.101,5.101,5.101,5.101,85,0
20150713,5.26,5.35,5.259,5.35,6635,0
20150714,5.4,5.45,5.075,5.191,5380,0
20150715,5.2,5.25,5.15,5.25,2830,0
20150716,5.29,5.5,5.2,5.5,6329,0
20150717,5.4,5.41,5.2,5.41,405,0
20150720,5.301,5.301,5.3,5.3,1239,0
20150721,5.201,5.23,5.201,5.23,173,0
20150723,5.35,5.35,5.35,5.35,600,0
20150724,5.35,5.35,5.35,5.35,50,0
20150728,5.2,5.2,5.2,5.2,300,0
20150803,5.15,5.15,5,5,2134,0
20150804,5.19,5.201,5.19,5.201,10129,0
20150805,5.274,5.275,5.1,5.1,6069,0
20150806,4.901,4.901,4.901,4.901,557,0
20150811,4.999,4.999,4.999,4.999,34,0
20150812,4.85,4.85,4.85,4.85,886,0
20150814,4.72,4.72,4.72,4.72,1188,0
20150819,4.75,4.79,4.75,4.79,235,0
20150820,4.7,4.7,4.7,4.7,150,0
20150821,4.799,4.799,4.799,4.799,55,0
20150824,4.55,4.65,4.4,4.55,2764,0
20150826,4.8,4.8,4.6,4.6,1070,0
20150827,4.6,4.75,4.6,4.75,2500,0
20150828,4.75,4.75,4.75,4.75,350,0
20150901,4.55,4.55,4.55,4.55,100,0
20150903,4.75,4.75,4.75,4.75,53,0
20150904,4.75,4.75,4.75,4.75,50,0
20150907,4.5,4.5,4.45,4.45,900,0
20150910,4.55,4.55,4.55,4.55,2000,0
20150911,4.7,4.7,4.7,4.7,2000,0
20150915,4.68,4.68,4.68,4.68,250,0
20150918,4.62,4.7,4.62,4.7,2390,0
20150922,4.7,4.85,4.7,4.75,3346,0
20150923,4.95,5.1,4.95,5.1,2160,0
20150930,4.85,4.85,4.85,4.85,2000,0
20151002,4.9,5.1,4.9,5.1,5700,0
20151005,5.11,5.11,5.1,5.1,150,0
20151006,5.2,5.2,5.2,5.2,154,0
20151007,5.2,5.39,5.2,5.39,829,0
20151008,5.12,5.12,5.12,5.12,3500,0
20151013,5.2,5.2,5.12,5.12,1380,0
20151014,5.101,5.101,5.1,5.1,701,0
20151015,5.1,5.1,4.9,4.9,3000,0
20151021,4.9,4.9,4.9,4.9,100,0
20151022,5,5,5,5,2000,0
20151023,5.05,5.05,5.05,5.05,100,0
20151026,5,5,4.95,4.95,1000,0
20151027,4.9,5.12,4.9,5.12,3700,0
20151028,4.931,4.931,4.931,4.931,100,0
20151029,4.901,5.05,4.9,5.05,7600,0
20151030,5.119,5.119,5.119,5.119,104,0
20151102,4.9,4.98,4.899,4.95,6600,0
20151103,5,5,4.9,4.9,233,0
20151104,5,5,5,5,75,0
20151105,5,5,5,5,67,0
20151106,4.951,4.951,4.951,4.951,67,0
20151110,4.95,4.95,4.95,4.95,100,0
20151113,4.949,4.949,4.949,4.949,67,0
20151116,4.9,4.9,4.9,4.9,100,0
20151118,4.901,4.901,4.9,4.9,100,0
20151119,4.9,4.901,4.9,4.9,9036,0
20151123,4.825,4.9,4.825,4.9,884,0
20151124,4.75,4.75,4.75,4.75,1240,0
20151125,4.9,4.9,4.68,4.68,2487,0
20151126,4.749,4.749,4.539,4.539,1410,0
20151127,4.601,4.601,4.5,4.55,3492,0
20151130,4.55,4.55,4.55,4.55,259,0
20151201,4.42,4.42,4.419,4.419,310,0
20151204,4.418,4.42,4.3,4.3,4400,0
20151207,4.1,4.1,4.05,4.1,1978,0
20151209,4.25,4.25,4.1,4.199,1037,0
20151210,4.199,4.3,4.199,4.3,1266,0
20151211,4.3,4.3,4.2,4.2,900,0
20151217,4.001,4.6,4.001,4.3,7645,0
20151218,4.311,4.311,4.31,4.31,68,0
20151221,4.59,4.59,4.59,4.59,2000,0
20151223,4.544,4.55,4.5,4.5,854,0
20151228,4.499,4.499,4.499,4.499,90,0
20151229,4.5,4.5,4.432,4.432,70,0
20151230,4.5,4.5,4.15,4.251,3239,0
20160104,4.249,4.249,4.249,4.249,81,0
20160105,4.299,4.299,4.299,4.299,100,0
20160107,4.319,4.44,4.319,4.44,4309,0
20160108,4.3,4.7,4.3,4.7,3336,0
20160111,4.85,4.85,4.85,4.85,500,0
20160114,4.45,4.7,4.45,4.7,6820,0
20160118,4.9,4.9,4.75,4.75,2034,0
20160120,4.6,4.75,4.6,4.75,524,0
20160121,4.55,4.55,4.55,4.55,644,0
20160122,4.69,4.69,4.69,4.69,402,0
20160125,4.7,4.75,4.7,4.75,3500,0
20160126,4.7,4.85,4.7,4.85,4000,0
20160127,5.02,5.02,5.02,5.02,373,0
20160128,4.75,4.95,4.75,4.95,1300,0
20160201,4.701,4.9,4.701,4.9,160,0
20160202,5.05,5.1,5.05,5.1,3404,0
20160204,4.901,4.999,4.8,4.999,2350,0
20160205,5.05,5.05,5.05,5.05,251,0
20160209,4.899,4.899,4.899,4.899,447,0
20160210,4.65,4.65,4.65,4.65,975,0
20160211,4.701,4.701,4.7,4.7,2540,0
20160212,4.749,4.749,4.749,4.749,67,0
20160215,4.5,4.501,4.5,4.5,3600,0
20160217,4.579,4.601,4.579,4.6,2778,0
20160219,4.601,4.839,4.601,4.839,158,0
20160222,4.835,4.835,4.835,4.835,67,0
20160223,4.839,5.06,4.839,5.06,4502,0
20160224,5.05,5.05,5.05,5.05,200,0
20160225,5,5,5,5,500,0
20160226,5.1,5.1,5.1,5.1,153,0
20160229,4.901,4.901,4.9,4.9,1200,0
20160301,4.999,4.999,4.999,4.999,48,0
20160302,5.039,5.04,5.039,5.04,1150,0
20160304,4.98,4.98,4.98,4.98,300,0
20160307,4.9,4.9,4.8,4.8,1581,0
20160308,4.81,4.81,4.81,4.81,81,0
20160309,4.82,4.82,4.82,4.82,200,0
20160310,4.83,4.83,4.83,4.83,50,0
20160311,4.85,4.85,4.85,4.85,800,0
20160315,4.8,4.8,4.8,4.8,2000,0
20160322,4.7,4.751,4.7,4.75,2377,0
20160323,4.7,4.7,4.7,4.7,500,0
20160324,4.8,4.8,4.8,4.8,200,0
20160329,4.799,4.799,4.799,4.799,263,0
20160330,4.799,4.799,4.799,4.799,54,0
20160331,4.849,4.849,4.849,4.849,71,0
20160401,4.849,4.849,4.849,4.849,29,0
20160404,4.849,4.849,4.849,4.849,33,0
20160405,4.849,4.849,4.849,4.849,17,0
20160406,4.9,4.9,4.9,4.9,200,0
20160407,4.711,4.711,4.711,4.711,150,0
20160408,4.899,4.899,4.899,4.899,100,0
20160411,4.899,4.999,4.999,4.999,200,0
20160412,4.699,4.699,4.699,4.699,1171,0
20160413,4.7,4.7,4.699,4.7,340,0
20160415,4.65,4.7,4.649,4.7,4564,0
20160418,4.8,4.8,4.8,4.8,3000,0
20160419,4.88,4.88,4.88,4.88,1000,0
20160420,4.93,4.93,4.93,4.93,300,0
20160421,4.8,4.9,4.8,4.9,1620,0
20160503,4.7,4.8,4.7,4.8,5042,0
20160506,4.7,4.75,4.55,4.75,2396,0
20160511,4.55,4.65,4.55,4.65,1092,0
20160512,4.351,4.599,4.351,4.599,273,0
20160513,4.549,4.549,4.549,4.549,350,0
20160517,4.65,4.65,4.65,4.65,1000,0
20160518,4.451,4.5,4.451,4.5,400,0
20160520,4.651,4.75,4.651,4.75,1175,0
20160523,4.7,4.7,4.55,4.55,1940,0
20160524,4.501,4.501,4.501,4.501,100,0
20160525,4.501,4.501,4.4,4.4,1706,0
20160526,4.6,4.65,4.6,4.65,2000,0
20160527,4.63,4.63,4.63,4.63,960,0
20160531,4.599,4.599,4.55,4.55,363,0
20160601,4.52,4.52,4.52,4.52,518,0
20160603,4.65,4.65,4.649,4.65,1000,0
20160607,4.601,4.601,4.6,4.6,400,0
20160608,4.555,4.555,4.555,4.555,110,0
20160609,4.65,4.65,4.649,4.649,1000,0
20160610,4.649,4.649,4.45,4.45,3530,0
20160613,4.6,4.6,4.45,4.45,2517,0
20160620,4.411,4.411,4.41,4.41,1316,0
20160621,4.398,4.4,4.398,4.4,1080,0
20160622,4.3,4.45,4.3,4.45,3407,0
20160624,4.35,4.35,4.35,4.35,608,0
20160627,4.35,4.35,4.11,4.35,3754,0
20160630,4.253,4.399,4.253,4.399,219,0
20160701,4.398,4.398,4.398,4.398,50,0
20160704,4.351,4.351,4.35,4.35,2017,0
20160705,4.41,4.41,4.41,4.41,600,0
20160706,4.374,4.374,4.374,4.374,356,0
20160708,4.45,4.45,4.45,4.45,1000,0
20160711,4.46,4.46,4.46,4.46,226,0
20160713,4.46,4.46,4.46,4.46,250,0
20160714,4.35,4.35,4.35,4.35,1,0
20160715,4.46,4.46,4.46,4.46,249,0
20160718,4.46,4.47,4.46,4.47,962,0
20160720,4.47,4.47,4.35,4.35,2720,0
20160721,4.47,4.47,4.47,4.47,500,0
20160726,4.398,4.399,4.398,4.399,800,0
20160727,4.301,4.301,4.3,4.3,2658,0
20160729,4.348,4.348,4.348,4.348,66,0
20160802,4.347,4.347,4.347,4.347,75,0
20160803,4.315,4.315,4.315,4.315,149,0
20160804,4.398,4.398,4.398,4.398,55,0
20160805,4.363,4.363,4.363,4.363,145,0
20160812,4.2,4.2,4.2,4.2,903,0
20160815,4.3,4.3,4.3,4.3,1000,0
20160817,4.299,4.33,4.299,4.33,3220,0
20160818,4.45,4.45,4.45,4.45,247,0
20160819,4.45,4.48,4.45,4.48,2000,0
20160823,4.4,4.6,4.4,4.6,3150,0
20160826,4.699,4.699,4.699,4.699,432,0
20160829,4.75,4.8,4.75,4.78,1003,0
20160831,4.75,4.75,4.75,4.75,743,0
20160906,4.77,4.77,4.77,4.77,200,0
20160909,4.8,4.8,4.8,4.8,100,0
20160912,4.601,4.699,4.46,4.46,4659,0
20160913,4.51,4.51,4.51,4.51,1573,0
20160916,4.6,4.6,4.6,4.6,200,0
20160920,4.401,4.401,4.4,4.4,1395,0
20160922,4.449,4.449,4.449,4.449,113,0
20160923,4.449,4.449,4.449,4.449,106,0
20160926,4.351,4.55,4.351,4.55,3046,0
20160928,4.55,4.6,4.55,4.6,3000,0
20160929,4.739,4.75,4.7,4.7,7885,0
20160930,4.601,4.699,4.579,4.58,3765,0
20161004,4.4,4.6,4.4,4.6,3204,0
20161005,4.6,4.7,4.6,4.7,1681,0
20161006,4.745,4.75,4.745,4.75,4370,0
20161007,4.8,4.8,4.8,4.8,332,0
20161010,4.6,4.65,4.36,4.451,9000,0
20161012,4.649,4.649,4.648,4.648,190,0
20161013,4.648,4.648,4.648,4.648,707,0
20161018,4.398,4.398,4.398,4.398,558,0
20161019,4.45,4.5,4.45,4.5,249,0
20161020,4.5,4.5,4.5,4.5,92,0
20161021,4.5,4.5,4.5,4.5,209,0
20161025,4.599,4.599,4.599,4.599,191,0
20161026,4.6,4.851,4.45,4.58,18753,0
20161027,4.65,4.65,4.65,4.65,16,0
20161028,4.65,4.65,4.65,4.65,135,0
20161031,4.799,4.8,4.79,4.8,2071,0
20161101,4.85,4.85,4.85,4.85,700,0
20161108,4.75,4.75,4.75,4.75,1800,0
20161115,4.8,4.8,4.8,4.8,400,0
20161122,4.6,4.75,4.6,4.75,250,0
20161123,4.85,4.85,4.85,4.85,226,0
20161124,4.85,4.85,4.85,4.85,350,0
20161128,4.7,4.7,4.7,4.7,300,0
20161130,4.8,5,4.5,4.63,20508,0
20161201,4.79,4.79,4.604,4.604,825,0
20161202,4.55,4.85,4.55,4.85,7106,0
20161205,4.853,4.853,4.853,4.853,1000,0
20161206,5,5,4.903,4.903,2185,0
20161207,4.852,4.852,4.852,4.852,2000,0
20161209,4.85,4.97,4.85,4.85,2268,0
20161212,5,5,4.75,4.85,3546,0
20161213,4.778,4.778,4.778,4.778,840,0
20161215,4.75,4.8,4.75,4.8,371,0
20161228,4.85,4.85,4.85,4.85,1051,0
20161229,4.85,4.95,4.85,4.95,2295,0
20161230,4.75,4.9,4.63,4.75,7777,0
20170102,4.7,4.95,4.7,4.78,2998,0
20170103,4.9,4.92,4.9,4.9,2501,0
20170104,4.802,4.802,4.802,4.802,1669,0
20170106,4.85,4.85,4.85,4.85,594,0
20170111,4.7,4.7,4.7,4.7,103,0
20170112,4.7,4.7,4.7,4.7,100,0
20170113,4.7,4.7,4.69,4.69,2331,0
20170116,4.699,4.699,4.629,4.629,300,0
20170117,4.6,4.7,4.6,4.7,7919,0
20170118,4.699,4.699,4.699,4.699,217,0
20170119,4.699,4.7,4.649,4.649,1560,0
20170124,4.78,4.78,4.78,4.78,2000,0
20170130,4.75,4.799,4.65,4.799,1035,0
20170131,4.749,4.749,4.749,4.749,115,0
20170201,4.651,4.651,4.65,4.65,1000,0
20170202,4.78,4.78,4.78,4.78,30,0
20170203,4.749,4.75,4.749,4.75,1000,0
20170207,4.651,4.651,4.65,4.65,1000,0
20170208,4.697,4.697,4.601,4.601,210,0
20170209,4.697,4.7,4.697,4.7,2846,0
20170210,4.6,4.6,4.6,4.6,170,0
20170215,4.75,4.75,4.7,4.7,904,0
20170216,4.65,4.65,4.64,4.64,3600,0
20170220,4.61,4.61,4.61,4.61,500,0
20170221,4.6,4.6,4.6,4.6,750,0
20170222,4.65,4.65,4.65,4.65,200,0
20170227,4.6,4.6,4.6,4.6,80,0
20170301,4.511,4.511,4.511,4.511,600,0
20170302,4.51,4.51,4.5,4.5,3300,0
20170303,4.5,4.5,4.5,4.5,200,0
20170306,4.459,4.459,4.459,4.459,97,0
20170310,4.55,4.55,4.4,4.401,4477,0
20170313,4.306,4.306,4.306,4.306,200,0
20170316,4.35,4.35,4.35,4.35,255,0
20170317,4.35,4.35,4.35,4.35,90,0
20170320,4.35,4.35,4.35,4.35,255,0
20170321,4.499,4.5,4.498,4.5,4443,0
20170322,4.52,4.52,4.5,4.5,2346,0
20170323,4.649,4.7,4.649,4.7,7079,0
