Date,Open,High,Low,Close,Volume,OpenInt
20090407,20,20,19,19,100,0
20090408,18.5,18.5,17,18,900,0
20090414,18.5,18.5,17.5,17.5,801,0
20090415,18.5,18.5,17.2,17.2,100,0
20090416,18.5,18.5,17,17.4,100,0
20090417,18.5,18.5,17,17,560,0
20090420,18.5,18.5,17,17.2,60,0
20090421,18.5,18.5,16,16,200,0
20090422,16,18.5,16,16,1000,0
20090424,18.5,18.5,15.99,15.99,64,0
20090428,18.5,18.5,15,15,895,0
20090429,18.5,18.5,14.7,14.7,600,0
20090430,18.5,18.5,14.3,14.3,750,0
20090504,18.5,18.5,14.32,16.5,200,0
20090505,18.5,18.5,14.32,16.5,70,0
20090506,18.5,18.5,14.32,14.7,591,0
20090507,18.5,18.5,14.65,15,156,0
20090508,18.5,18.5,14.9,17,150,0
20090511,18.5,18.5,16,17,70,0
20090512,18.5,18.5,15.5,15.5,165,0
20090514,18.5,18.5,15,15,70,0
20090520,15,18.5,15,15,350,0
20090525,18.5,20.02,15,20,2004,0
20090602,18.5,19.5,14.75,18,162,0
20090611,18.5,19,15,18,65,0
20090612,18.5,18.5,18,18,200,0
20090615,18.5,18.5,15,15,300,0
20090629,18.5,18.5,16,16,500,0
20090701,18.5,18.5,16,16.1,55,0
20090706,18.5,18.5,16,16.5,400,0
20090709,18.5,18.5,16.2,16.7,70,0
20090715,18.5,18.5,16.5,16.5,150,0
20090716,18.5,18.5,17,17,30,0
20090717,18.5,18.5,16.9,17.2,166,0
20090721,18.5,18.5,16.85,17.2,300,0
20090804,18.5,19,17.8,18,501,0
20090805,18.5,19,17,18,1072,0
20090807,18.5,19.2,17.8,19.1,100,0
20090811,18.5,18.7,18.5,18.51,9,0
20090812,18.7,19.8,18.06,19.8,710,0
20090814,18.06,19.7,18.06,19.7,250,0
20090818,18.06,19.5,18,18.9,600,0
20090819,18.06,19.8,17.8,17.8,350,0
20090820,18.06,19.8,17.85,17.85,110,0
20090824,18.06,19,17.85,19,555,0
20090825,18.06,20.5,18.06,20.5,90,0
20090827,18.06,22.5,18.06,20,129,0
20090828,18.06,21,18.06,20,828,0
20090902,18.06,19,18.06,19,100,0
20090904,18.06,19.5,18.06,19.49,80,0
20090908,18.06,19.5,18.06,18.5,225,0
20090909,18.06,19,18.06,19,717,0
20090910,18.06,19,18.06,18.8,100,0
20090911,18.06,18.98,18.06,18.81,204,0
20090917,18.06,19.3,18.06,19.3,2500,0
20090918,18.06,19,18.06,18.5,150,0
20090921,19,19.1,18.75,19.01,240,0
20091001,18.87,19,17.74,18.2,790,0
20091006,19.29,20,18.3,19.99,458,0
20091008,20.3,20.3,19.3,20,200,0
20091013,19.7,19.9,19.4,19.9,10,0
20091014,19.9,20,19.4,20,185,0
20091015,20.3,20.3,19.5,19.5,30,0
20091027,19.5,19.5,18.9,18.9,100,0
20091029,18.3,18.9,18.3,18.89,10,0
20091102,19.18,19.18,18.09,18.1,300,0
20091103,18.37,18.47,18.1,18.47,720,0
20091104,18.19,18.41,18.1,18.1,1025,0
20091105,18.37,18.47,17.8,18.47,1000,0
20091106,18.62,18.62,18.4,18.45,200,0
20091113,18.17,18.8,18.17,18.8,226,0
20091119,18.5,19,18.5,18.95,113,0
20091123,18.67,18.67,18.1,18.1,113,0
20091127,18,18.75,18,18.75,120,0
20091201,18.22,19,18.22,19,200,0
20091208,18,18,18,18,1,0
20091209,18,18,18,18,121,0
20091210,17.73,18,17.73,18,1,0
20091216,18,18.5,18,18.5,200,0
20091217,17.58,18.32,17.58,18.32,100,0
20091222,17.58,18.51,17.58,18.51,1,0
20100104,17.58,19,17.58,19,20,0
20100105,18.05,19.7,18.05,19.2,200,0
20100107,18.24,19.505,18.24,19.505,30,0
20100112,18.53,19.5,18.53,19.5,550,0
20100128,18.05,19,18.05,19,20,0
20100202,17.77,18.7,17.6,17.6,219,0
20100204,16.63,18.05,16.63,18.05,100,0
20100212,17.5,19,17.5,19,200,0
20100218,18,18,17.8,17.8,225,0
20100222,17.5,19,17.5,19,200,0
20100223,18.05,18.5,17.8,18.5,11,0
20100304,16.91,19.5,16.91,19.5,103,0
20100305,18.05,22,18.05,21.9,2000,0
20100308,21.5,22,21.5,22,320,0
20100309,20.9,21,20.9,21,60,0
20100319,19,20.45,19,20.45,100,0
20100322,19.43,20.15,19.43,19.5,500,0
20100323,18.53,19.5,18.53,19.5,80,0
20100329,20,20.6,20,20,300,0
20100407,19,21,19,19.95,40,0
20100408,19.95,20,19.95,20,50,0
20100413,18.62,20.2,18.62,20.2,260,0
20100420,19.2,21.5,19.2,20.8,202,0
20100421,19.76,21,19.76,21,100,0
20100422,19.95,21,19.95,21,1000,0
20100427,19.48,22,19.48,22,590,0
20100428,20.9,21.5,19.95,21,606,0
20100429,19.95,21.01,19.95,21,120,0
20100430,19.96,24,19.96,23,5351,0
20100503,22.33,23.3,21.99,23.3,267,0
20100504,22.14,24.7,22.14,24.615,1445,0
20100505,24.61,25,24.3,24.3,1250,0
20100506,23.75,24.57,23.75,24.57,120,0
20100512,22.42,24.685,22.42,24.2,20,0
20100514,22.99,24.5,22.99,24.5,1000,0
20100524,22.99,24.2,22.99,24.2,1,0
20100526,22.99,24.4,22.99,24.4,500,0
20100601,22.99,24.67,22.99,23.45,1404,0
20100602,22.28,23.45,22.28,23.3,250,0
20100607,21.66,23.8,21.66,23.8,500,0
20100610,22.23,24.01,22.23,24.01,500,0
20100615,22.33,24.01,22.33,24.01,250,0
20100616,22.81,24.3,22.81,24.3,400,0
20100617,23.09,24,23.09,24,482,0
20100618,22.8,23.75,22.8,23.5,560,0
20100621,22.33,23.99,22.33,23.99,270,0
20100622,22.71,24.985,22.71,24.29,540,0
20100623,23.08,23.95,23.08,23.87,400,0
20100624,22.68,24.3,22.68,24,1212,0
20100628,22.71,24.31,22.71,24,390,0
20100701,22.71,24.1,22.71,24.1,400,0
20100702,22.9,24.1,22.9,24.1,8,0
20100706,22.52,24.1,22.52,24.1,9,0
20100709,22.42,24.1,22.42,24.1,710,0
20100712,22.9,24.1,22.9,24.1,480,0
20100713,22.9,24.2,22.9,24.1,840,0
20100715,22.9,24.3,22.9,24.3,92,0
20100719,22.9,24.1,22.9,23.8,345,0
20100720,22.61,24,22.61,24,44,0
20100721,24.4,24.9,24,24.9,424,0
20100722,23.66,25,23.66,25,1324,0
20100723,23.75,25.1,23.75,25.1,250,0
20100726,23.85,24.6,23.85,24.495,382,0
20100727,23.27,24.395,23.27,24.395,132,0
20100728,23.18,24.4,23.18,24,1174,0
20100729,22.8,24,22.8,24,852,0
20100730,22.8,24,22.8,24,1380,0
20100802,22.8,24.41,22.8,24.395,666,0
20100803,23.18,25,23.18,25,2397,0
20100804,23.75,27.5,23.75,27.5,10888,0
20100805,26.13,28.85,26.13,28.85,7286,0
20100806,27.41,28.3,27.41,28,1367,0
20100809,26.6,28.98,26.6,28.5,1250,0
20100810,27.08,28.9,27.08,28.9,270,0
20100811,26.98,28.95,26.98,28.495,270,0
20100812,27.07,28.5,27.07,28.5,300,0
20100813,27.08,28.49,27.08,28.49,55,0
20100816,28.4,28.93,28.3,28.9,685,0
20100817,28.9,28.9,28.65,28.85,550,0
20100818,27.41,28.95,27.41,28.95,1979,0
20100819,27.5,28.99,27.5,28.8,590,0
20100820,27.36,28.895,27.36,28.4,85,0
20100823,27.45,30.2,27.45,28.9,3449,0
20100824,27.46,28.9,27.46,28.74,430,0
20100825,27.27,28.8,27.27,28.5,1320,0
20100826,27.08,28.98,27.08,28.98,210,0
20100827,29.1,29.1,27.53,28.8,232,0
20100830,27.36,27.36,26.2,26.25,596,0
20100831,24.94,26.2,24.94,26.15,500,0
20100901,24.89,26.81,24.89,26.81,1600,0
20100902,25.47,27.2,25.47,27.2,1229,0
20100903,25.84,27.4,25.84,27.3,860,0
20100906,26.03,27.3,26.03,26.8,250,0
20100907,25.46,27.5,25.46,27.5,100,0
20100908,26.13,27.75,26.13,27.75,200,0
20100909,26.36,27.6,26.36,27.6,110,0
20100910,26.22,27,26.22,26.7,180,0
20100913,25.37,26.81,25.37,26.81,35,0
20100914,27.7,27.7,26.6,26.7,1250,0
20100915,25.37,27.5,25.37,27.5,1000,0
20100916,26.13,27.75,26.13,27.75,300,0
20100917,26.36,27.3,26.36,27.2,265,0
20100921,25.84,27.21,25.84,27.21,100,0
20100922,25.85,27.2,25.85,27.2,1470,0
20100923,25.84,27,25.84,27,200,0
20100927,25.41,26.755,25.41,26.755,25,0
20100929,25.41,26.755,25.41,26.75,480,0
20100930,25.41,26.5,25.41,26.5,150,0
20101005,24.89,26.15,24.89,26.15,600,0
20101007,24.23,26,24.23,26,50,0
20101008,24.7,26.4,24.7,26,510,0
20101012,24.89,26.2,24.89,26.2,40,0
20101014,24.7,26,24.7,26,492,0
20101015,24.7,25.7,24.7,25,250,0
20101018,23.75,26.4,23.75,26.4,1200,0
20101027,24.7,26,24.7,25,520,0
20101028,23.75,25.1,23.75,24.71,400,0
20101029,23.85,25,23.85,25,120,0
20101101,23.75,25.23,23.75,24.9,600,0
20101104,23.66,25.5,23.66,24.71,250,0
20101108,26,26,23.47,25,1010,0
20101111,24.13,26.2,24.13,26,300,0
20101112,24.89,25.8,24.5,25,553,0
20101118,23.75,26.34,23.75,26.34,300,0
20101125,24.7,26.5,24.7,26.5,450,0
20101130,24.7,26,24.7,26,160,0
20101202,24.32,25.6,24.32,25.5,200,0
20101206,23.75,25.6,23.75,25.5,237,0
20101208,23.75,26.11,23.75,25.75,300,0
20101210,24.23,25.5,24.23,25.5,670,0
20101220,24.23,26,24.23,25.5,4,0
20101223,26.78,26.78,25.5,25.5,120,0
20110110,24.23,25.5,24.23,25.5,30,0
20110111,24.23,25.5,24.23,25.5,100,0
20110112,24.23,25.9,24.23,25.9,200,0
20110114,24.32,27.7,24.32,27.3,340,0
20110117,25.94,28,25.94,27.2,2240,0
20110118,25.84,27.27,25,25,1500,0
20110119,23.75,26.4,23.75,26.1,300,0
20110120,25.55,26.41,25.55,26.4,550,0
20110121,25.55,26,25.55,26,125,0
20110124,25.55,26,25.45,26,100,0
20110201,24.42,26.35,24.42,26,300,0
20110202,24.7,26.1,24.7,26,200,0
20110203,24.7,26,24.7,25.75,140,0
20110204,24.7,26.2,24.7,26.2,10,0
20110207,24.89,26.5,24.89,26.1,540,0
20110208,24.8,27,24.8,27,2000,0
20110209,25.65,26,25.65,25.755,101,0
20110210,24.47,25.75,24.47,25.5,400,0
20110214,24.23,25.9,24.23,25.9,1610,0
20110215,24.61,26.3,24.61,26,1200,0
20110216,24.7,26.6,24.7,26,6431,0
20110217,24.7,26.6,24.7,26,5000,0
20110218,24.7,26.5,24.7,26.44,2057,0
20110221,25.12,26.44,25.12,26,1618,0
20110222,24.7,26.45,24.7,26.43,1840,0
20110223,25.11,26.5,25.11,26,1900,0
20110224,24.7,26.25,24.7,26,400,0
20110225,24.7,26.2,24.7,25.95,2960,0
20110301,24.65,26.34,24.65,26.07,850,0
20110303,24.62,26.3,24.62,26.1,900,0
20110304,24.8,26.3,24.8,26,1580,0
20110307,24.7,26.3,24.7,25.92,175,0
20110310,24.62,26.3,24.62,26.3,262,0
20110311,24.99,26.3,24.99,25.9,377,0
20110314,24.62,26,24.4,24.8,859,0
20110315,23.56,25,23.56,25,1440,0
20110318,23.37,26.3,23.37,26.15,1800,0
20110321,24.84,26.05,24.84,25.85,100,0
20110323,24.56,26.2,24.56,26,500,0
20110324,24.7,26.2,24.7,26.2,270,0
20110325,24.89,26.01,24.89,26,525,0
20110328,24.7,26,24.7,26,125,0
20110329,24.7,26.2,24.7,26.2,100,0
20110401,24.51,26.05,24.51,26,1800,0
20110405,24.51,26.3,24.51,26.05,1000,0
20110406,24.75,26.8,24.75,26.8,6630,0
20110407,25.46,26,25.46,26,1000,0
20110408,24.7,26.4,24.7,26,40,0
20110412,24.7,26.4,24.7,26,152,0
20110413,25.08,26.4,25.08,26.4,100,0
20110414,25.08,26.8,25.08,26.8,200,0
20110415,25.46,26.795,25.46,26.5,370,0
20110418,25.18,27,25.18,27,2300,0
20110419,25.65,26.5,25.65,26.06,1285,0
20110421,24.76,26.5,24.76,26.5,400,0
20110426,25.18,30,25.18,30,5292,0
20110427,28.5,30.95,28.5,29.8,4298,0
20110428,28.31,31,28.31,30.5,3885,0
20110429,28.98,30.61,28.98,30.61,200,0
20110502,29.08,31.235,29.08,31.23,430,0
20110504,29.07,31.9,29.07,31,400,0
20110505,29.45,35,29.45,32.7,750,0
20110509,29.93,34.9,29.93,33,1110,0
20110510,31.35,32.05,31.35,32,163,0
20110511,30.41,32.05,30.41,32.05,37,0
20110513,30.41,35,30.41,34.85,112,0
20110516,33.11,38,32.01,38,100,0
20110517,30.41,36,30.41,36,630,0
20110518,34.2,35,34.2,34.7,100,0
20110519,33.25,34,33,34,200,0
20110520,32.3,34,32.3,33.59,640,0
20110523,31.91,35.265,31.91,32.58,180,0
20110524,30.95,35.1,30.95,33.9,60,0
20110525,32.01,34.755,32.01,34.755,84,0
20110526,33.02,34.75,32.01,34.75,40,0
20110530,32.9,36,32.9,36,105,0
20110531,34.2,36.5,34.2,35.3,217,0
20110601,33.54,36,33.54,35.99,320,0
20110602,36,36,34.2,35.11,653,0
20110603,36,37,33.35,36.75,2425,0
20110606,36.74,37.875,34.9,37.7,2902,0
20110607,35.82,38.53,35.82,38.53,2165,0
20110608,36.6,39.465,36.6,39.465,1520,0
20110609,37.49,39.075,37.49,38.9,225,0
20110610,37.95,39.01,37.95,38.95,110,0
20110613,38,38.51,37.075,38.51,2,0
20110614,38.51,39,36.655,38.51,582,0
20110615,38.89,38.9,38.51,38.79,964,0
20110616,37.85,38.8,37.845,38.8,825,0
20110617,37.86,38.8,37.86,38.75,380,0
20110620,38.5,38.8,38.5,38.8,449,0
20110621,38.55,38.8,38.55,38.8,200,0
20110622,38.65,38.8,38.65,38.8,400,0
20110623,38.65,39,38.65,38.65,60,0
20110624,38.65,38.8,38.65,38.8,530,0
20110627,38.79,38.8,38.65,38.65,420,0
20110629,38.65,38.65,38.65,38.65,100,0
20110630,38.5,38.8,38.5,38.5,300,0
20110701,38.65,38.8,38.65,38.65,700,0
20110704,38.65,38.8,36.3,36.3,415,0
20110705,37.9,38.8,37.9,37.9,350,0
20110706,37.9,38.8,37.9,37.9,750,0
20110708,38.3,38.8,38.3,38.3,524,0
20110711,38.5,38.8,38.04,38.3,677,0
20110712,37.9,38.8,36.955,36.955,832,0
20110713,37.8,38.74,37.8,37.85,50,0
20110714,38.5,38.74,37.85,37.85,1810,0
20110715,37.85,38.5,37.85,37.85,100,0
20110718,37.85,38.8,37.85,38,443,0
20110720,38.8,38.8,37.96,37.96,400,0
20110721,37.96,38.8,37.96,37.96,374,0
20110722,37.96,38.8,37.96,37.96,56,0
20110725,39.6,39.6,37.96,39.6,1260,0
20110726,38,38.01,37.96,38,1510,0
20110727,38,38,38,38,55,0
20110729,37.96,38.5,37.96,37.96,817,0
20110801,37.95,37.95,37.55,37.95,1014,0
20110802,37.75,37.75,32.2,37,4930,0
20110803,34.97,37,34.965,37,750,0
20110804,37,37,35.5,35.5,1275,0
20110805,35.8,37,35.8,35.8,2477,0
20110808,35.5,36,33.815,35.5,1168,0
20110809,34,34,32.4,34,450,0
20110810,33.17,35.6,33.17,33.17,2909,0
20110811,35,35.5,35,35,305,0
20110812,35,35.6,34,35,2103,0
20110815,34.86,35.01,34.86,34.86,943,0
20110816,35,35,34.22,34.22,810,0
20110817,34.79,34.8,33.5,33.5,300,0
20110818,33.5,35,33.5,33.5,1278,0
20110819,33.5,34.95,32,33.5,1349,0
20110822,33.34,35,33.34,33.34,470,0
20110823,33.34,35,33.335,33.34,320,0
20110824,33.5,35,33.5,33.5,750,0
20110825,33.5,35,33.5,33.5,830,0
20110826,33.5,34,32.68,34,535,0
20110829,33.17,33.17,32.15,32.15,210,0
20110830,30.96,32.45,30.205,32.45,342,0
20110831,31.25,32.01,31.25,32.01,68,0
20110901,30.77,32.29,30.715,30.715,114,0
20110902,30,30.01,30,30.01,400,0
20110905,31,31,30.5,30.5,103,0
20110906,30,30.73,30,30.73,73,0
20110907,29.98,31,29.98,31,900,0
20110908,30.245,30.25,28.375,29.92,569,0
20110909,29.19,29.19,27.7,27.7,227,0
20110912,28,28,25.365,26.245,302,0
20110914,25.605,27,25.605,26,200,0
20110915,25.365,27.45,25.365,27.2,280,0
20110916,26.5,27.19,26.5,26.5,100,0
20110919,27.2,28,26.5,27.8,1849,0
20110921,26.51,26.51,26.51,26.51,100,0
20110922,26.7,27.45,21.47,27.45,1343,0
20110927,26.195,27.5,26.195,27.5,100,0
20110928,26.18,26.5,25.86,25.86,60,0
20110929,25.855,27.13,25.855,27.13,85,0
20110930,26.18,27.47,26.15,26.15,50,0
20111004,26.15,27,26.15,27,50,0
20111005,26.15,27.45,26.15,26.15,130,0
20111010,26.7,27.1,26.145,26.17,150,0
20111011,26.165,27.45,25.855,27.4,508,0
20111012,26.5,26.7,25.86,25.86,150,0
20111013,26,26.7,26,26,1993,0
20111014,25.45,26.49,25.45,25.45,70,0
20111019,25.45,26.1,25.45,26.1,40,0
20111020,25.45,26.5,25.45,25.45,172,0
20111021,25.45,26.5,25.45,25.45,300,0
20111024,25.45,26.3,25.45,25.45,360,0
20111025,25.5,26.49,25.5,26.49,4,0
20111027,25.55,26.81,25.55,26.8,1015,0
20111101,25.62,26.9,25.55,26.825,190,0
20111102,26.5,26.5,25.625,26.3,235,0
20111103,25.55,26.5,25.55,26.5,250,0
20111104,25.55,26.5,25.55,26,450,0
20111107,25.8,25.81,25.8,25.8,20,0
20111109,26,26.45,25.9,25.9,250,0
20111114,25.9,26.7,25.9,26.5,648,0
20111116,25.9,26.5,25.9,25.9,100,0
20111117,26.88,26.88,26,26,200,0
20111118,26,26.05,26,26,190,0
20111121,25.9,26.1,25.9,26.1,100,0
20111122,26.71,26.71,25.9,25.9,5,0
20111123,25.9,26.71,25.89,26.71,10,0
20111124,25.9,26.05,25.8,26.05,230,0
20111125,25.8,26.05,25.8,25.8,31,0
20111129,25.9,26.7,25.9,26.7,20,0
20111130,25.9,26.05,25,25.2,2263,0
20111202,25,26.5,25,26.5,500,0
20111205,25.24,26.5,25.239,25.43,133,0
20111206,25,26.25,25,26.25,50,0
20111208,25.43,26.7,25.43,26.7,167,0
20111209,25.43,26,25,25,20,0
20111216,25.5,26.7,25.5,26.7,233,0
20111220,25.62,26,25.62,26,900,0
20111221,25.5,26.7,25.5,26.7,100,0
20111222,25.5,26.5,25.5,26.5,30,0
20111223,25.5,26.7,25.5,26.7,510,0
20111227,25.62,26.9,25.62,25.62,200,0
20111228,25.62,26.7,25.62,26.7,60,0
20111229,25.5,26.63,25.5,26,240,0
20120102,25.43,26.65,25.38,26.64,500,0
20120103,26,26.65,26,26.65,186,0
20120104,25.5,26.5,25.5,26.48,1736,0
20120105,26,26.25,25.5,25.51,967,0
20120109,25.51,26.49,25.51,26.49,753,0
20120110,25.6,26.5,25.6,25.6,125,0
20120111,25.6,26.65,25.6,25.8,180,0
20120112,26,26.6,26,26,377,0
20120113,26.25,26.65,26.25,26.65,993,0
20120116,26.5,26.65,26,26.01,1483,0
20120117,26,26.65,26,26.65,957,0
20120119,26,26.65,25.75,26.5,1890,0
20120120,26,26,25.2,25.2,1700,0
20120123,25.2,26.5,25.2,26,960,0
20120124,25.7,26.4,25.7,26.4,100,0
20120125,26.4,26.4,25.8,25.8,300,0
20120126,25.8,26,25.5,25.5,848,0
20120127,25.5,25.99,25.1,25.6,511,0
20120130,25.5,25.5,25.05,25.05,950,0
20120201,25.1,25.11,25.1,25.11,100,0
20120202,25.1,25.99,25.1,25.99,500,0
20120207,25.5,26,25.5,26,2535,0
20120208,25.5,26,25.5,26,500,0
20120209,25.8,25.8,25.65,25.7,1150,0
20120213,25.5,25.745,25.5,25.745,370,0
20120214,25.5,25.75,25.5,25.75,180,0
20120216,25.5,25.8,25.5,25.79,886,0
20120220,25.5,25.75,25.5,25.69,520,0
20120221,25.5,26,25.5,26,950,0
20120223,25.5,26.01,25,26.01,10,0
20120224,26,26.2,25.5,25.8,790,0
20120228,25.8,26.4,25.8,26.4,300,0
20120229,26.49,26.49,25.8,25.95,555,0
20120301,26,26.5,26,26.5,100,0
20120305,25.95,26,25.95,26,200,0
20120306,25.95,25.95,25.95,25.95,75,0
20120307,25.5,25.5,25.1,25.1,650,0
20120308,25.16,25.16,25.14,25.15,25,0
20120309,25.5,26.2,25.5,26,602,0
20120312,25.9,26.5,25.9,26.5,605,0
20120313,26,26.9,26,26.9,3830,0
20120314,26,26.5,26,26.5,1020,0
20120315,26,26.52,26,26.5,1200,0
20120321,26.1,26.1,25.6,25.6,500,0
20120326,25.7,26.5,25.7,26.5,1080,0
20120328,26,26.01,26,26,52,0
20120330,26,26,25.7,25.7,100,0
20120403,25.56,25.561,25.55,25.55,100,0
20120404,25.56,25.562,25.56,25.562,200,0
20120410,25.6,25.99,25.59,25.59,101,0
20120411,25.6,25.61,25.6,25.6,101,0
20120412,25.6,25.99,25.6,25.99,200,0
20120413,25.6,25.6,25.6,25.6,100,0
20120416,25.6,25.6,25.5,25.5,1157,0
20120420,25.55,26,25.55,25.98,75,0
20120423,25.55,26,25.55,25.55,50,0
20120424,25.55,25.55,25.51,25.51,365,0
20120425,25.5,25.98,25.5,25.98,502,0
20120427,25.5,25.51,25.5,25.51,271,0
20120502,26,26,25.5,26,20,0
20120503,25.5,26.74,25.5,26.74,185,0
20120504,25.5,25.5,25.49,25.49,1,0
20120508,25.5,25.51,25.5,25.51,1,0
20120511,25.5,25.51,25.49,25.51,120,0
20120516,25.8,25.8,25.51,25.52,120,0
20120518,25.51,25.52,25.51,25.52,110,0
20120521,25.51,25.52,25.51,25.51,200,0
20120523,25.51,25.51,25.51,25.51,438,0
20120525,25.55,25.6,25.55,25.6,10,0
20120528,25.55,25.55,25.55,25.55,100,0
20120529,25.51,25.51,25.5,25.5,20,0
20120530,25.5,26.7,25.5,26.7,140,0
20120601,25.48,26,25.475,25.48,10,0
20120604,25.47,26.1,25.47,26.1,150,0
20120605,25.47,25.5,25.47,25.5,40,0
20120607,25.47,26,25.47,26,260,0
20120611,25.47,26,25.47,25.477,370,0
20120612,25.47,25.5,25.47,25.5,400,0
20120613,25.5,26.6,25.5,26.6,548,0
20120614,25.5,26.4,25.5,26.4,40,0
20120615,25.5,26.59,25.5,25.5,50,0
20120620,25.5,26.65,25.5,26.65,100,0
20120621,25.5,26.7,25.5,25.5,50,0
20120625,25.52,26.05,25.51,25.51,605,0
20120626,25.5,25.5,25.5,25.5,220,0
20120702,25.5,25.5,25.47,25.47,115,0
20120710,25.6,26.74,25.6,26.74,30,0
20120711,25.6,25.63,25.6,25.63,25,0
20120712,25.6,26.7,25.5,25.6,198,0
20120716,25.7,26.75,25.6,26.75,251,0
20120717,25.7,26.745,25.6,26.745,10,0
20120718,25.61,26.74,25.5,25.6,373,0
20120719,25.5,26.75,25.5,26.73,100,0
20120723,25.51,26.49,25.51,26.49,1100,0
20120727,25.5,26.46,25.5,26.46,20,0
20120730,26.46,26.46,25.5,26.46,152,0
20120731,25.5,26.46,25.5,26.46,122,0
20120801,25.51,26.78,25.505,25.715,560,0
20120802,25.51,26.75,25.51,26.75,675,0
20120803,25.51,27.402,25.51,27.402,375,0
20120806,26.03,26.192,25,25,1930,0
20120807,24.79,27.49,24.55,27.49,1384,0
20120808,27.5,27.5,26.31,26.86,200,0
20120809,26.86,26.95,26.32,26.95,353,0
20120810,26.85,26.85,26.31,26.85,285,0
20120813,26.85,27.44,26.31,27.44,400,0
20120814,26.85,26.85,26.8,26.8,447,0
20120817,25.7,26.81,25.03,25.03,563,0
20120820,25.1,26.355,24.85,26.355,100,0
20120821,25.9,26.79,25.52,26.79,25,0
20120822,26.52,26.81,25.52,26.81,7,0
20120827,25.9,26,25.5,25.5,367,0
20120828,25.25,25.25,25.1,25.2,188,0
20120829,25.1,25.39,24.85,25.39,120,0
20120830,25.14,25.14,23.39,23.39,182,0
20120903,23.51,23.6,23.27,23.6,160,0
20120905,23.6,24.4,23.6,24.4,1,0
20120906,23.6,25,23.6,24.5,200,0
20120907,24.26,24.56,23.6,23.6,170,0
20120911,23.5,23.61,23.5,23.6,315,0
20120912,23.6,23.61,23.5,23.61,45,0
20120913,23.59,23.99,23.59,23.99,700,0
20120914,23.75,23.81,23.75,23.81,8,0
20120917,23.57,23.82,23.57,23.82,56,0
20120919,23.8,23.8,23.56,23.8,300,0
20120920,23.56,23.8,23.5,23.5,820,0
20120921,22.382,23.8,22.382,22.9,337,0
20120925,22.383,23.5,22.38,22.5,50,0
20120928,22.49,23.5,22.49,23.5,90,0
20121001,22.5,22.51,22.28,22.51,55,0
20121003,21.961,21.961,21.74,21.961,46,0
20121024,22.15,22.15,21.93,21.97,500,0
20121026,21.97,21.98,21.75,21.98,15,0
20121029,21.97,21.97,21.5,21.5,200,0
20121102,21.9,23.3,21.68,22.19,260,0
20121105,23.02,23.02,22.38,22.382,98,0
20121107,22.5,22.51,22.28,22.51,100,0
20121109,22.5,26,22.5,22.86,341,0
20121115,22.858,22.858,22.63,22.85,50,0
20121116,22.5,22.5,20.875,21.4,847,0
20121127,21.1,21.1,21.1,21.1,180,0
20121130,20.9,21,20.9,21,100,0
20121203,20.56,20.6,20.555,20.6,99,0
20121204,20.2,20.8,20.2,20.8,140,0
20121206,20.29,20.293,20.29,20.293,80,0
20121207,20.2,20.3,20.2,20.22,400,0
20121210,20.2,21,20.195,20.25,271,0
20121211,20.2,21,20.195,21,264,0
20121212,21,27,21,25.143,1130,0
20121214,23.791,23.791,20.2,21,2661,0
20121217,20.51,20.51,20,20,647,0
20121218,20.01,21.01,20.01,21.01,100,0
20121220,20.498,20.5,20.01,20.01,502,0
20121227,20.05,20.06,20.05,20.06,50,0
20121228,20.05,20.85,20.05,20.05,200,0
20130102,20.05,21.052,20.05,21.052,100,0
20130104,20.54,20.54,20.53,20.531,329,0
20130107,20.001,20.5,20,20.5,240,0
20130109,20.75,20.99,19.99,20,1070,0
20130110,20.01,20.01,19.82,19.82,1830,0
20130111,19.55,20.01,19.55,20.01,60,0
20130114,20,20.01,20,20.01,250,0
20130115,20,20.001,20,20,825,0
20130116,20,21,20,21,200,0
20130117,20.488,20.49,20,20,300,0
20130118,20,20,20,20,200,0
20130121,20,20.995,20,20.995,128,0
20130123,20,20.01,20,20.01,38,0
20130125,20,21.46,20,21.46,600,0
20130128,20.44,21.4,20.435,21.4,40,0
20130129,20.44,20.44,20.435,20.439,100,0
20130130,20.25,20.25,20.25,20.25,500,0
20130201,20.2,21.21,20.2,21.21,95,0
20130204,20.44,20.55,20.2,20.2,698,0
20130206,20.16,20.5,20.16,20.2,200,0
20130208,20.16,21.168,20.16,21.168,200,0
20130211,20.16,20.98,20.16,20.16,30,0
20130212,21.16,21.16,20.16,20.25,317,0
20130213,20.16,21.18,20.16,21.18,127,0
20130218,21.16,21.16,21.16,21.16,105,0
20130225,20.64,20.644,20.64,20.644,100,0
20130226,20.16,20.17,20.16,20.16,250,0
20130227,20.15,20.16,20.06,20.06,600,0
20130228,20.05,20.16,20.05,20.15,20,0
20130304,20.05,20.15,20.05,20.06,530,0
20130305,20.05,20.49,20.05,20.07,496,0
20130307,20.6,20.6,20.6,20.6,200,0
20130308,20.1,20.15,20.1,20.1,18,0
20130311,20.1,20.1,20.06,20.1,145,0
20130313,20.105,20.15,20.105,20.15,30,0
20130314,20.11,20.49,20.105,20.49,49,0
20130318,20.11,21.109,20.105,21.109,750,0
20130319,20.55,20.55,20.55,20.55,102,0
20130322,20.1,20.1,20.09,20.09,92,0
20130326,20.1,20.5,20.1,20.5,92,0
20130404,20.5,20.5,20.1,20.1,510,0
20130408,20.1,20.5,20.1,20.5,400,0
20130411,20.5,20.5,20.5,20.5,300,0
20130417,20.5,20.5,20.5,20.5,145,0
20130418,20.5,20.5,20.5,20.5,105,0
20130422,20.1,20.5,20.1,20.5,150,0
20130425,20.1,20.4,20.1,20.15,36,0
20130430,20.15,20.5,20.15,20.5,550,0
20130506,20.16,20.51,20.16,20.25,240,0
20130507,20.15,20.98,20.15,20.98,40,0
20130510,21.1,21.1,20.15,20.201,630,0
20130513,20.1,21.734,20.1,21.734,593,0
20130514,21.8,21.84,21.8,21.8,379,0
20130517,21.163,21.19,20.65,20.65,95,0
20130521,20.65,21.08,20.647,20.8,150,0
20130523,20.8,20.8,20.1,20.25,1497,0
20130524,20.1,20.3,20.1,20.1,350,0
20130527,20.2,21.3,20.2,21.209,585,0
20130528,20.69,21.209,20.69,21.2,290,0
20130529,20.692,21.512,20.5,21.512,395,0
20130530,20.98,21.005,20.47,20.47,200,0
20130605,20.25,21,20.25,21,100,0
20130606,20.51,21.8,20.5,21.8,845,0
20130611,20.72,20.72,20.7,20.7,250,0
20130613,20.25,21.262,20.25,21.262,100,0
20130617,20.69,20.765,19,20.68,1397,0
20130618,20.115,21.05,20,20.74,377,0
20130619,19.75,20.74,19.75,20.74,106,0
20130620,19.89,20.9,19.887,20.5,200,0
20130624,20,20.59,19.7,19.7,696,0
20130625,19.7,20.4,19.7,19.865,100,0
20130701,20.2,20.2,20.2,20.2,100,0
20130702,20,20.58,20,20.58,40,0
20130709,19.97,20.09,19.97,20.09,250,0
20130712,19.7,20.59,19.7,19.7,100,0
20130715,19.7,20.59,19.7,20.59,632,0
20130716,20.59,21.2,20.59,20.59,100,0
20130718,20.9,22.05,20.9,21,696,0
20130719,21,21.7,21,21.7,2,0
20130722,21.3,21.3,21,21,300,0
20130725,21.55,21.6,21,21,584,0
20130726,21.2,22.22,21.2,22.22,1380,0
20130729,22.49,24.45,21.95,24.45,1999,0
20130730,24.1,24.45,23.287,24.1,99,0
20130731,24.1,24.45,22.858,24.1,1451,0
20130801,23.23,24.39,23.23,24,486,0
20130802,23.23,24.39,23.23,23.35,427,0
20130805,24,24,23.23,23.23,800,0
20130806,23.4,24.4,22.75,23.23,750,0
20130807,23.23,24.4,23.229,24.1,750,0
20130808,23.33,24.5,23.325,24.5,1200,0
20130809,23.334,23.98,22.5,23.33,405,0
20130813,22.52,24.85,22.52,24.84,1450,0
20130814,24.8,24.8,23.67,23.67,75,0
20130815,23.67,24.9,23.62,24.9,495,0
20130816,23.65,24.5,23.4,23.4,100,0
20130819,24.8,24.8,23.696,24.35,400,0
20130820,24.1,24.1,23.75,23.75,200,0
20130821,23.4,24.75,23.4,24.75,400,0
20130822,24,24.8,24,24,114,0
20130823,24,24,23.4,23.4,200,0
20130826,23.4,24.8,23.4,24.8,280,0
20130827,23.8,24,23.8,24,174,0
20130828,23.8,24.35,23.8,23.8,83,0
20130829,23.5,23.515,23.5,23.5,100,0
20130830,23.5,24.49,23.5,23.8,39,0
20130902,23.22,23.38,21.05,21.05,726,0
20130903,21.42,21.55,21.415,21.55,95,0
20130904,21.42,21.49,21.05,21.05,74,0
20130905,21.05,21.075,20.54,20.54,250,0
20130906,20.8,21.84,20.8,21.8,92,0
20130910,21.45,21.45,21.429,21.429,80,0
20130911,20.906,21.951,20.906,21.95,180,0
20130912,21.45,21.45,21.416,21.45,40,0
20130916,21.42,21.51,20.894,21.51,43,0
20130919,21.1,21.95,21,21.1,700,0
20130924,20.8,20.82,20.8,20.8,75,0
20130927,20.51,20.51,20.5,20.5,400,0
20130930,20.5,20.51,18.549,19.5,2396,0
20131001,19.024,20.723,19.02,20.723,400,0
20131002,20.22,21.23,20.22,21.23,50,0
20131004,20.22,21.2,20.22,21.2,200,0
20131008,20.22,21.26,20.22,20.35,25,0
20131011,20.355,21.2,19.8,19.8,325,0
20131015,20.175,20.175,18.5,19.99,1505,0
20131016,19.502,19.51,19.45,19.51,95,0
20131017,19.55,19.91,19.55,19.91,10,0
20131021,19.9,21.2,19.9,20.2,360,0
20131023,20.181,20.181,19.91,19.91,200,0
20131024,19.91,20.21,19.91,20.2,53,0
20131025,20.25,20.26,20.25,20.26,30,0
20131028,20.25,20.25,20.2,20.2,200,0
20131029,20.2,21.18,20.2,20.2,1000,0
20131101,20.2,21.18,20.2,20.2,100,0
20131104,20.663,20.71,20.66,20.71,300,0
20131105,20.21,20.715,20.2,20.2,349,0
20131107,20.5,20.9,20.22,20.35,841,0
20131108,20.25,20.89,20.25,20.89,192,0
20131111,20.26,21,20.26,21,500,0
20131112,21.49,22,20.95,22,796,0
20131113,21.429,22.7,21.38,22.45,1590,0
20131114,21.67,22.94,21.667,22,719,0
20131115,22,23.12,21.95,21.95,275,0
20131118,21.95,22.95,21.95,22.95,175,0
20131119,23,23.99,22.515,23.99,465,0
20131202,22,22.7,22,22,550,0
20131203,21.95,22,21.95,21.95,149,0
20131204,20.95,21.95,20.95,21.77,440,0
20131206,20.941,20.941,19.75,20.505,196,0
20131209,20.52,21.931,20.02,20.95,286,0
20131213,21.5,21.5,21,21.5,82,0
20131216,21.75,21.75,20.2,20.2,1170,0
20131217,20.5,21.5,20,21.5,130,0
20131218,20.954,22,20.51,21.205,165,0
20131227,20.683,21.5,20.683,21.5,190,0
20140106,20.99,21.65,20.99,20.99,140,0
20140108,21,21.345,20.99,20.99,150,0
20140109,20.99,21.6,20.99,21.6,25,0
20140113,20.99,21.715,20.75,21.715,286,0
20140115,21,22,21,21.95,100,0
20140116,21.5,23.5,21,23.42,988,0
20140117,22.848,24.03,22.75,23.98,528,0
20140120,22.839,23.41,21.9,22.45,498,0
20140121,21.9,22.505,21.9,22.505,242,0
20140122,21.951,22.45,21,21.515,765,0
20140128,21,21.53,21,21.525,50,0
20140129,21.525,22.55,21,22.005,300,0
20140203,22.005,22.8,21.46,22.54,189,0
20140204,22.54,23,21.985,22.845,11,0
20140210,22.845,22.845,20,21.6,5272,0
20140211,21.073,21.93,20,21.93,1425,0
20140212,21.395,22.54,21.395,22.54,200,0
20140213,22.54,22.54,21.5,22.025,593,0
20140214,21.483,22.025,21.463,22.005,20,0
20140218,21.43,22.45,21.425,22.45,110,0
20140220,21.43,21.965,21.425,21.429,47,0
20140224,21.95,21.95,21.415,21.95,150,0
20140225,21.95,21.95,21.415,21.415,1,0
20140227,20.893,21.42,20.05,20.1,200,0
20140303,20.66,21.2,20.151,21.2,190,0
20140311,20.642,21.674,20.629,21.2,315,0
20140312,21.155,21.158,20.151,20.75,10,0
20140314,20.642,21.16,20.085,20.595,907,0
20140317,20.595,21.02,20.085,20.505,2,0
20140320,21.025,21.33,20.505,21.33,25,0
20140324,20.382,20.895,20,20,150,0
20140325,20,20.5,19.8,19.95,100,0
20140328,19.95,20.5,19.95,20.5,50,0
20140402,21.015,21.015,20.34,20.34,214,0
20140404,20.855,21.7,20.15,20.66,374,0
20140409,20.66,20.805,20,20,1,0
20140415,20.465,21.6,20.15,21.07,500,0
20140417,20.468,20.98,19.97,20.475,50,0
20140424,20.1,21.1,20.1,20.465,18,0
20140428,20.6,21.49,20.1,20.1,325,0
20140429,20.605,20.605,18.78,20.167,1550,0
20140430,20.25,20.986,18.7,19.95,1402,0
20140502,19.954,21.015,19.95,21.015,500,0
20140505,20.5,21.28,20.5,20.9,15,0
20140506,20.9,21.6,20.9,20.9,440,0
20140507,20.9,23.06,20.9,23.06,740,0
20140508,22.945,23,21.905,22.38,400,0
20140509,22.945,22.945,21.76,22.7,790,0
20140515,22.43,22.5,22.01,22.01,155,0
20140520,22.2,22.525,22.2,22.2,20,0
20140521,22.8,22.84,22.01,22.2,435,0
20140522,22.525,22.85,22.2,22.2,210,0
20140526,22.3,22.575,22.2,22.2,450,0
20140527,22.25,22.525,22.2,22.2,730,0
20140528,22.525,22.525,20.9,22.425,747,0
20140530,22.425,22.85,22,22,340,0
20140603,22.945,23.01,22,22.5,774,0
20140604,22.755,22.755,22.1,22.1,500,0
20140605,22.555,22.56,22.05,22.1,200,0
20140606,22.555,22.555,22.1,22.51,389,0
20140609,22.1,23.5,22.1,23.5,509,0
20140610,22.667,23.235,22.1,22.435,1100,0
20140611,22.439,23.8,22.435,23.22,1114,0
20140616,23.5,23.5,22.927,22.93,388,0
20140619,22.927,23.45,22.927,22.95,30,0
20140623,23.225,23.5,22.95,22.95,330,0
20140624,23.465,25.76,22.95,25.76,3658,0
20140625,25.25,28.17,23.05,24,12596,0
20140626,23.71,28.68,23.71,26.34,10936,0
20140627,27.005,27.5,25.685,25.685,8050,0
20140630,26.005,26.005,25,25,3300,0
20140701,25.505,27,25.505,26,4750,0
20140702,26.45,26.55,25.5,25.5,3000,0
20140703,26.005,26.005,25,25,1000,0
20140704,25.505,25.565,24.878,25.31,180,0
20140707,25.06,25.41,24.5,25,1325,0
20140708,25.2,25.8,24.585,25,1000,0
20140709,24.5,25.365,24.5,24.5,525,0
20140710,25.055,25.18,24.5,24.75,500,0
20140711,25.055,25.365,24.5,24.775,300,0
20140714,25.305,25.5,25,25.245,100,0
20140715,25.245,25.5,25,25.5,200,0
20140716,25.56,26.4,25,25.355,2300,0
20140718,25.995,25.995,25,25,680,0
20140722,25.755,25.755,25,25,1500,0
20140723,25.38,25.38,25,25,858,0
20140724,25.41,25.41,24.5,25,815,0
20140725,25.305,27.05,25,25,4648,0
20140728,25.055,25.65,24.5,25.609,1464,0
20140729,25.62,26.25,24.5,24.5,2879,0
20140730,24.5,25.055,24.5,24.8,1402,0
20140731,25.03,25.4,24.8,24.8,1700,0
20140801,24.95,25,24.4,24.5,1293,0
20140804,24.3,24.45,24,24,265,0
20140805,24,25.3,24,24.34,160,0
20140807,24.35,25.17,24.35,24.555,195,0
20140808,24.865,25.17,24.35,24.6,180,0
20140811,24.885,25.195,24.6,24.6,1158,0
20140812,24.775,25.035,24.35,24.5,450,0
20140813,24.725,25,24.35,24.5,18,0
20140814,24.99,24.99,24.35,24.35,400,0
20140815,24.35,25,24.35,24.96,100,0
20140818,24.96,25.265,24.35,24.6,300,0
20140819,25.085,25.2,24.29,24.41,360,0
20140820,24,25.25,24,24.7,380,0
20140821,24,24.6,24,24,1965,0
20140822,24,24.09,23.8,24.09,660,0
20140825,24.09,24.99,23.8,24,1020,0
20140826,24,24.395,23.8,24,100,0
20140827,24.195,24.395,22.439,22.7,3577,0
20140828,22.634,25.805,22.425,23,4026,0
20140829,23,26,22.435,23.5,16055,0
20140901,21.1,21.63,19.8,19.9,7826,0
20140902,20.295,20.5,19.81,20,1160,0
20140903,20.205,20.955,20,20.4,674,0
20140904,20.465,22.95,20.02,22.01,3035,0
20140905,21.366,22.536,20.94,21.2,1767,0
20140908,20.927,21.973,20.927,21.6,101,0
20140909,20.93,21.8,20.93,21.02,440,0
20140910,21.465,21.9,21.02,21.2,6,0
20140911,21.55,22.249,21.2,21.2,841,0
20140915,21.2,22.2,21.2,21.655,250,0
20140916,21.955,22.249,21.46,21.46,500,0
20140918,21.92,22,21.6,21.915,950,0
20140919,21.6,22.5,21.6,21.9,626,0
20140922,21.8,22.499,21.6,22.325,1615,0
20140923,22.4,22.4,21.6,21.6,91,0
20140924,22.05,22.225,21.6,22,340,0
20140925,22.14,22.14,20.7,20.75,800,0
20140926,21.27,21.82,21,21.07,500,0
20141007,21.6,21.85,21.2,21.6,400,0
20141008,21.6,21.968,21.2,21.2,800,0
20141009,21.585,21.585,21,21,1080,0
20141010,21,21.35,21,21,1000,0
20141013,21,21.19,20.5,20.5,1400,0
20141015,20.85,21.09,20.25,20.399,250,0
20141016,20.505,21,19.8,20.2,1194,0
20141017,20.191,21,20.001,20.351,75,0
20141024,20.85,21.2,20.461,20.461,40,0
20141027,20.5,21.2,20.303,20.303,430,0
20141028,20.85,21,20.35,20.35,250,0
20141029,20.75,20.99,20.276,20.276,20,0
20141030,20.75,20.99,20.34,20.34,150,0
20141031,20.75,20.97,20,20.225,1270,0
20141104,20.105,20.555,19.817,19.817,325,0
20141107,20.15,20.895,20.15,20.288,450,0
20141110,20.7,20.85,20.252,20.316,690,0
20141112,20.255,23.9,20.255,23.9,2644,0
20141113,22.363,22.925,21.41,21.715,4200,0
20141114,21.965,22.53,21.43,22.02,941,0
20141117,22.06,23,21.905,22.236,650,0
20141118,23.56,24.15,21.5,22.183,2792,0
20141119,21.906,22.9,21.5,22.145,1041,0
20141121,21.905,23,21.905,22.6,62,0
20141124,22.8,23,22.6,22.6,1850,0
20141126,22.675,22.75,22.6,22.6,250,0
20141127,22.85,23.1,22.6,22.9,420,0
20141202,23.075,24.2,22.6,23.266,91,0
20141204,23.59,23.77,22.696,22.759,109,0
20141208,23.045,23.05,22.6,22.6,100,0
20141212,22.6,23.05,22.6,22.6,1,0
20141216,22.6,22.6,22,22.6,490,0
20141217,22.049,23.449,22.049,22.684,250,0
20141222,22.305,22.865,21,22.6,436,0
20141229,24.265,24.265,22.858,23,1100,0
20141230,23.43,24,22.3,22.86,220,0
20150102,23.42,23.71,22.727,22.727,100,0
20150106,23.991,24,22.858,22.86,160,0
20150107,22.86,24,21.905,22.86,309,0
20150108,23.43,24,22.858,22.86,628,0
20150109,22.86,24,22.858,23.201,459,0
20150112,22.86,24,21,23.214,1512,0
20150113,22.849,24,22.849,23.187,1300,0
20150114,23.43,24,22.86,23.177,1420,0
20150115,22.9,24,22.369,23.364,3184,0
20150116,23.745,24.8,22.858,23.27,3417,0
20150119,23,24.06,23,23.235,700,0
20150120,23.5,24.585,23,23.24,1664,0
20150121,23.5,24,23,23.318,1390,0
20150122,23.5,24,23,23.257,144,0
20150123,23.55,24.9,23.1,23.471,2100,0
20150126,24,24.15,23.397,23.397,1000,0
20150203,23.1,24.16,23.1,23.613,100,0
20150204,24.14,24.835,23.55,24.045,100,0
20150205,24,24.53,23.81,23.941,200,0
20150210,24,24.3,23.55,23.727,652,0
20150211,24.3,24.305,23.552,23.563,400,0
20150213,23.55,25,23.55,24.201,892,0
20150216,24.405,25.06,23.81,24.217,1208,0
20150217,23.906,25.09,23.906,24.005,170,0
20150218,23.905,24.95,23.902,24.126,200,0
20150219,23.906,26,23.906,24.697,1860,0
20150220,24.9,25.9,24.9,25.142,585,0
20150223,24.668,26.005,24.344,25.493,1690,0
20150224,25.5,26.225,25.5,25.505,385,0
20150226,25.5,26.45,25.5,26.021,700,0
20150227,26,27,26,26.416,524,0
20150302,27.1,27.5,26,26.653,1164,0
20150303,26.195,27.5,26.057,26.694,518,0
20150304,26.195,27.5,26.191,26.387,609,0
20150305,26.075,28.55,26.073,27.563,1456,0
20150306,27.525,33.882,27.5,32.282,7119,0
20150309,33.9,42,31.05,38.6,13522,0
20150310,38.19,38.98,36.714,36.831,6521,0
20150311,36.85,38.2,33.71,35.593,4944,0
20150312,35.1,37,34.557,35.786,4069,0
20150313,37,37.2,35.239,36.487,1344,0
20150316,36.5,36.9,35,35.5,3582,0
20150317,35.75,36.998,34.814,34.814,1937,0
20150318,35.4,35.6,32.96,34.304,4595,0
20150319,34.9,36.75,34.9,35.852,982,0
20150320,35.9,36.78,34.028,36.162,3580,0
20150323,35.039,36.1,34.067,35.115,733,0
20150324,34.385,36.8,34.382,35.33,1584,0
20150325,35.2,36.1,35.2,35.544,350,0
20150326,35.25,35.875,34.267,34.267,975,0
20150327,35.25,35.55,34.01,34.5,1139,0
20150330,34.25,36,34.25,35.132,1660,0
20150331,34.286,35.175,34.286,34.5,414,0
20150401,36,36.7,34.35,34.98,2301,0
20150402,35,36,34.5,35.5,2092,0
20150407,34.4,36.2,34.4,35.06,4086,0
20150408,35.06,35.95,35.06,35.36,3134,0
20150409,34.65,35.8,34.65,35.2,718,0
20150410,35.24,35.8,34.93,35.7,1200,0
20150413,34.99,36.2,34.99,36,1094,0
20150414,34.99,35.1,34.99,35.02,800,0
20150415,34.99,35.9,34.99,35,975,0
20150416,35,35.19,35,35.15,560,0
20150417,35,35.883,34.91,35.05,2160,0
20150420,35.01,35.1,35.01,35.01,522,0
20150421,35,35,35,35,820,0
20150422,35,35.2,35,35,2300,0
20150423,34.91,36.21,34.91,35.1,2289,0
20150424,35,36,35,36,2117,0
20150427,35.07,35.25,34.9,35,1975,0
20150428,35,35,34.81,35,1693,0
20150429,34.85,35.25,34.85,35.2,3272,0
20150430,34.85,36.77,34.81,36.77,2067,0
20150504,35.2,36.79,35.2,36.7,1276,0
20150505,35.21,37.2,35.21,37.2,1750,0
20150506,35.8,36.79,35.8,36,1688,0
20150507,35.2,36.79,35.2,36.5,1800,0
20150508,36.45,36.5,35.4,36,1050,0
20150511,35.5,35.51,35.25,35.5,1706,0
20150512,35.3,35.5,35.3,35.3,898,0
20150513,35.2,35.48,35.2,35.48,30,0
20150515,35.2,36.35,34.8,36.35,2060,0
20150518,35,36.4,35,35.2,2139,0
20150519,35.2,35.49,35,35.2,1460,0
20150520,35.2,35.49,35.2,35.49,160,0
20150521,35.5,35.5,34.6,35.15,1512,0
20150522,34.95,35.2,34.95,35.2,274,0
20150526,35.28,35.6,34.96,35.6,4419,0
20150527,34.96,35.57,34.96,35.15,3800,0
20150528,34.96,35.99,34.96,35.1,1281,0
20150529,35.1,35.9,35.1,35.2,1050,0
20150601,35.25,35.5,34.99,35.49,1942,0
20150602,35.498,35.498,34.4,35.489,528,0
20150603,34.92,35.485,34.92,35.45,1380,0
20150604,34.92,35.44,34.92,35.44,110,0
20150605,34.92,35.4,34.92,35.4,548,0
20150608,34.55,35.4,34.55,34.97,3690,0
20150609,34.7,35.14,34.7,35,326,0
20150610,34.7,35.3,34.7,35.2,1434,0
20150611,34.7,35.2,34.7,35.2,1266,0
20150612,34.71,35.2,34.71,35.05,365,0
20150615,34.7,34.99,34.7,34.99,200,0
20150616,34.7,34.99,34.7,34.94,592,0
20150617,34.7,34.99,34.7,34.99,737,0
20150618,34.7,34.99,34.7,34.99,200,0
20150619,34.51,34.99,34.5,34.91,2790,0
20150622,34.98,34.98,34.46,34.55,362,0
20150623,34.5,34.959,34.5,34.5,445,0
20150624,34.4,35.15,34.4,35.15,1388,0
20150625,34.5,34.98,33.5,34.5,2524,0
20150626,33.9,34.98,33.9,34.98,3243,0
20150629,33.9,34.6,33.33,33.7,436,0
20150630,33.4,34.25,33.33,34,1304,0
20150701,33.5,34,33.5,33.98,565,0
20150702,33.5,34,33.5,33.85,2150,0
20150703,33.8,34.9,33.657,34.9,1564,0
20150706,34,34,33.7,34,1212,0
20150707,34.5,34.5,33.85,34,1318,0
20150708,33.4,34.4,33.4,34.4,663,0
20150709,33.55,34.1,33.45,33.91,2790,0
20150710,33.55,34.29,33.55,34.29,1024,0
20150713,33.55,34.9,33.4,34.9,3310,0
20150714,33.33,33.776,33.33,33.633,260,0
20150715,33.35,33.7,33.35,33.69,1400,0
20150716,33.35,33.7,33.35,33.7,2416,0
20150717,33.65,33.99,33.65,33.69,2028,0
20150720,33.81,34.09,33.65,33.899,1355,0
20150721,33.9,34.5,33.71,33.72,4415,0
20150722,33.71,34,33.6,34,2069,0
20150723,34,34.48,33.5,34,4393,0
20150724,33.5,34,33.5,34,1585,0
20150727,33.99,34.68,33.5,33.98,5724,0
20150728,33.99,34,33.5,34,3843,0
20150729,33.5,33.99,33.5,33.95,1642,0
20150730,33.45,33.98,33.45,33.918,2395,0
20150731,33.99,33.99,33.45,33.9,1918,0
20150803,32.382,34.7,32,33.99,5847,0
20150804,34,34.72,33.33,34.48,11574,0
20150805,34.01,34.69,33.9,34.01,8344,0
20150806,34.21,34.49,34,34.01,3707,0
20150807,33.9,35.48,33.9,34.01,5076,0
20150810,34.48,34.7,34,34.7,2928,0
20150811,34.69,35.6,34.22,34.99,2576,0
20150812,34.5,34.5,34.2,34.39,4690,0
20150813,34.2,34.7,34.1,34.7,5358,0
20150814,34.15,34.69,34.15,34.45,2004,0
20150817,34.36,34.65,34.35,34.59,5010,0
20150818,34.41,34.41,33.4,34.3,3314,0
20150819,34.29,34.3,33.4,34.3,1616,0
20150820,33.4,34.27,33.4,34,1609,0
20150821,33.4,34.6,33.4,33.49,5274,0
20150824,33.75,34,32.95,32.95,4746,0
20150825,32.146,34,32.146,32.408,4549,0
20150826,32.5,33.943,32.5,33.3,3192,0
20150827,33.3,34,32,33.99,3577,0
20150828,33.33,35.75,33.33,34.3,12830,0
20150831,29.1,29.1,24.2,25.79,6894,0
20150901,25.001,25.95,24.99,25.75,7662,0
20150902,25.75,25.78,24.81,25.5,17314,0
20150903,25.54,25.65,25,25.63,2723,0
20150904,25.63,25.63,25,25.19,4867,0
20150907,25.03,25.04,24.8,24.995,2600,0
20150908,24.8,25.65,24.8,25.18,10684,0
20150909,25.2,25.59,24.8,24.8,8166,0
20150910,24.8,25.15,24.6,25,1700,0
20150911,24.6,25.2,24.6,25.2,800,0
20150914,24.65,25.2,24.65,25.2,1450,0
20150915,24.85,24.85,24.6,24.6,500,0
20150916,24.99,24.99,24.6,24.61,1004,0
20150917,24.6,25,24.6,25,1600,0
20150918,24.61,25.15,24.61,24.65,1450,0
20150921,25,25.18,24.66,25.18,3977,0
20150922,24.66,24.68,24.4,24.4,1904,0
20150923,24,24.75,23.5,24.16,2568,0
20150924,23.525,24.3,23.525,24.3,533,0
20150925,23.5,24.9,23.37,23.9,1709,0
20150928,23.5,24.1,23.5,23.56,980,0
20150929,23.5,23.8,23.312,23.8,1372,0
20150930,23.35,24.24,23.35,24.24,70,0
20151001,23,24.25,23,23.8,700,0
20151002,23.2,23.99,23.2,23.55,70,0
20151005,23.9,24,23.2,24,1132,0
20151006,23.4,24,23.4,23.5,922,0
20151007,23.4,23.41,21.836,22.27,3623,0
20151008,21.98,22.24,21.9,21.981,710,0
20151009,21.5,21.657,21.5,21.6,1046,0
20151012,22.9,22.9,21.81,22.5,1126,0
20151013,21.9,21.9,20.957,21.1,702,0
20151014,21,21.057,20.2,20.2,2007,0
20151015,19.4,20.7,19.4,20,3050,0
20151016,19.8,21.057,19.8,20.01,3123,0
20151019,19.81,20.54,19.75,20.54,1279,0
20151020,19.9,20.48,19.9,20.42,520,0
20151022,20.45,20.45,19.907,19.907,1777,0
20151023,19.99,20.01,19.91,19.91,908,0
20151026,19.85,20.58,19.8,20.58,1140,0
20151027,19.62,20.45,19.62,20.43,650,0
20151029,20,20.685,19.7,19.75,519,0
20151030,19.7,20.669,19.5,20.057,1951,0
20151102,20.01,20.64,20,20.06,155,0
20151103,20,20.44,20,20.1,100,0
20151104,20.1,20.64,20.1,20.15,819,0
20151105,20.2,20.699,20.2,20.642,1442,0
20151106,20.642,22,20.642,22,955,0
20151109,21.01,21.693,21.01,21.407,879,0
20151110,21.51,24.92,21.51,24.9,3004,0
20151111,25.4,25.49,23.557,25.1,2311,0
20151112,24.5,25.4,24.5,24.53,1180,0
20151113,24.5,24.8,23.5,23.5,675,0
20151116,23.5,25,23.5,25,170,0
20151118,23.95,24.028,23.95,23.95,280,0
20151119,24,25,23.65,23.65,195,0
20151123,23.65,25.41,23.65,24.144,692,0
20151125,24.144,25.44,24.144,25.44,200,0
20151127,24.23,24.23,22.667,22.667,1370,0
20151130,23,23,22.439,22.439,28,0
20151201,22.439,23.01,22.439,23.01,100,0
20151202,22.449,25.47,22.449,25.2,1250,0
20151203,23.81,23.81,22.81,22.81,702,0
20151204,22.4,24.687,22.4,23.206,1003,0
20151207,22.64,22.64,22.64,22.64,100,0
20151208,22.2,22.7,22.2,22.7,10,0
20151209,22.2,23.32,22.2,23.32,30,0
20151210,23.35,24.23,22,24.2,584,0
20151214,22.906,23.89,22.906,23.89,85,0
20151215,23.287,24.2,23,24.2,717,0
20151216,23.049,24.18,23.049,24.18,100,0
20151217,22.953,23.897,22.765,23.897,147,0
20151218,22.811,23.699,22,23.699,3974,0
20151221,22.858,23.7,22,23.699,3664,0
20151222,22.381,23.49,22.381,22.85,224,0
20151223,21.763,22.85,21.763,22.85,722,0
20151228,21.763,22.8,21.763,22.8,25,0
20151229,22.244,23.56,22.244,23.56,237,0
20160104,22.858,23.99,22.848,22.848,108,0
20160106,23.5,23.5,22,22.837,2931,0
20160108,22.28,23.048,22,22.65,827,0
20160111,23.202,23.202,22.096,22.096,110,0
20160112,22.096,23.2,22.096,23.2,200,0
20160113,22.144,23.25,22,22.55,870,0
20160114,22.53,23.22,22.53,22.53,150,0
20160115,22.53,22.53,22.53,22.53,89,0
20160119,21.953,22.74,20,22,1517,0
20160120,21.905,21.905,21.905,21.905,9,0
20160121,21.371,23,21.371,23,600,0
20160122,21.954,23.04,21.906,21.906,50,0
20160125,21.906,22.105,21.906,22.105,335,0
20160126,21.566,22.096,21.566,22.096,250,0
20160127,21.557,22.728,21.557,22.728,635,0
20160128,22.144,23.2,22.144,23.2,100,0
20160201,23.1,23.1,22.5,22.5,140,0
20160202,22.5,22.5,21,21,1230,0
20160203,20.488,22.024,20,22.01,1757,0
20160205,21.42,21.5,19.878,20.362,1827,0
20160208,20.3,20.487,20,20.48,649,0
20160209,19.98,21.481,19.98,21.481,310,0
20160210,19.992,20.986,19,20.986,1494,0
20160212,20.449,21.47,20.02,20.02,1160,0
20160215,19.532,20.98,19.06,20,1953,0
20160216,19.496,20.5,19.496,19.996,2170,0
20160217,19.506,20.18,19.506,20.18,400,0
20160218,19.506,19.985,19.506,19.985,251,0
20160219,20,20,19.75,19.75,350,0
20160222,19.7,20,19.7,20,778,0
20160223,19.7,20.48,19.51,20.48,919,0
20160224,19.98,20.5,19.81,20.5,754,0
20160226,19.796,20.75,19.796,20.33,804,0
20160229,19.363,19.995,19.29,19.995,2461,0
20160301,19.363,20,19.01,19.94,1403,0
20160302,19.001,20.3,19.001,19.873,2250,0
20160303,19.039,19.99,19.039,19.99,2340,0
20160304,19.99,20.33,19.99,20.32,1425,0
20160307,19.37,20.32,19.37,20.32,1161,0
20160308,19.51,20.32,19.51,19.57,1465,0
20160309,19.55,20.99,19.55,20.99,5032,0
20160310,19.992,20.55,19.6,20.5,380,0
20160311,19.515,20.99,19,19.98,10448,0
20160314,19.99,20.487,19.029,20.46,24016,0
20160315,19.458,20.477,19.31,19.52,10426,0
20160316,19.1,20.44,19.1,19.51,8394,0
20160317,19.4,20.34,19.05,19.51,23481,0
20160318,19.52,20,19.41,19.41,9991,0
20160321,19.32,19.89,19.32,19.42,552,0
20160322,19.41,19.88,19.11,19.11,3881,0
20160323,19.05,19.889,19.05,19.32,8964,0
20160324,19.3,19.98,19.3,19.4,21744,0
20160329,19.3,21.409,19.3,21.409,8688,0
20160330,20.382,21.921,20.01,20.2,8233,0
20160331,20.25,21.962,20.02,20.035,12050,0
20160401,19.71,20.15,19.71,20.15,200,0
20160405,19.9,20.11,19.9,20.11,100,0
20160406,19.9,19.95,19.31,19.41,3133,0
20160407,19.3,19.95,19.3,19.95,15,0
20160408,19.3,20.25,19.3,20.25,413,0
20160411,19.31,19.5,19.31,19.5,1010,0
20160412,19.45,20.24,19.45,19.5,559,0
20160413,19.33,19.97,19,19.44,6651,0
20160414,19.11,19.2,18.9,19.15,2726,0
20160415,18.622,19.668,18.622,19.668,2961,0
20160418,19.2,19.88,19.1,19.3,3040,0
20160419,19.01,19.51,19.01,19.51,550,0
20160420,19.5,19.85,19.5,19.85,526,0
20160421,19.1,19.65,19.1,19.1,2600,0
20160422,19.011,19.2,19.011,19.2,2297,0
20160425,19.01,19.55,19,19,2700,0
20160426,18.9,19.45,18.9,18.9,1882,0
20160427,18.8,19.45,18.8,19.1,1633,0
20160428,19.41,19.41,19.01,19.1,1005,0
20160429,18.95,19.25,18.8,18.999,7300,0
20160502,19.25,19.54,19,19,2086,0
20160503,19,19.19,19,19.16,565,0
20160504,18.7,18.9,18.7,18.9,106,0
20160505,18.8,18.85,18.8,18.85,375,0
20160506,18.8,19.19,18.8,19.19,630,0
20160509,18.8,18.9,18.2,18.5,2104,0
20160510,18.5,19.1,18.5,18.9,253,0
20160511,18.5,18.8,18.01,18.8,1891,0
20160512,18.13,18.5,18.13,18.49,266,0
20160513,18.2,18.45,18.02,18.45,1645,0
20160517,18.35,18.65,18.33,18.33,598,0
20160518,18.1,18.68,18.1,18.68,219,0
20160519,18.1,19.3,18.1,19.01,2598,0
20160520,18.65,19.09,18.65,19.09,540,0
20160523,19.1,19.25,18.85,19.25,1445,0
20160524,18.75,19.25,18.75,19.25,150,0
20160525,18.75,19.14,18.65,18.65,705,0
20160526,18.645,19.1,18.645,19.1,150,0
20160527,18.645,19.14,18.645,19.14,481,0
20160530,19.14,19.15,18.97,19.02,1055,0
20160531,18.97,19.25,18.97,19.25,735,0
20160601,18.97,19,18.79,19,2365,0
20160602,18.15,19,18.15,18.18,1620,0
20160603,18.18,18.9,18.18,18.5,5615,0
20160606,18.5,18.92,18.3,18.3,5022,0
20160607,18.3,18.98,18.3,18.52,3337,0
20160608,18.5,18.94,18.5,18.61,129,0
20160609,18.6,18.75,18.2,18.2,3064,0
20160610,18.18,18.6,18.11,18.6,1881,0
20160613,18.1,18.59,18,18,300,0
20160614,18.58,18.58,18,18.49,290,0
20160615,18,18.25,18,18.25,410,0
20160616,18.2,18.5,18,18.45,1015,0
20160617,18,18.5,18,18.45,400,0
20160620,18.15,18.58,18.15,18.16,620,0
20160622,18.4,18.9,18.4,18.85,584,0
20160623,18.5,18.85,18.41,18.85,1520,0
20160624,18,18,17.8,18,1686,0
20160627,17.8,18.93,17.8,18,2749,0
20160628,17.8,18.58,17.8,18.58,188,0
20160629,17.8,18.55,17.8,18.55,150,0
20160630,17.8,18.44,17.8,18.3,1075,0
20160701,18,18.49,18,18.37,1301,0
20160704,17.66,18.36,17.66,18.36,211,0
20160705,18.01,18.99,18,18.99,2072,0
20160706,18.05,18.3,18,18.3,1248,0
20160707,18,18.3,18,18.01,1371,0
20160708,18,18.19,18,18,834,0
20160711,17.9,18.3,17.9,18.15,1626,0
20160712,18,18.3,18,18.29,618,0
20160713,18,18.45,18,18.45,200,0
20160714,18.45,18.47,18.01,18.47,845,0
20160715,18.025,18.49,18.025,18.49,1691,0
20160718,18.15,18.49,18.15,18.4,1630,0
20160719,18.16,18.5,18.16,18.2,167,0
20160720,18.2,18.99,18.2,18.99,800,0
20160721,18.25,18.98,18.25,18.98,235,0
20160722,18.25,18.95,18.25,18.95,33,0
20160725,18.28,18.98,18.28,18.98,641,0
20160726,18.29,18.97,18.29,18.35,600,0
20160727,18.5,18.76,18.5,18.76,4,0
20160728,18.8,18.9,18.8,18.81,2257,0
20160729,18.8,19,18.25,18.25,3378,0
20160801,18.65,18.99,18.15,18.97,1960,0
20160802,18.5,18.78,18.5,18.78,115,0
20160803,18.95,19.5,18.5,19.2,3396,0
20160804,18.53,19.5,18.53,18.54,1240,0
20160805,18.55,19.39,18.55,19.2,793,0
20160808,19.2,19.5,18.65,19.47,3191,0
20160809,19.05,19.48,19.05,19.46,3056,0
20160810,19.05,19.46,19.05,19.43,1260,0
20160811,19.05,19.46,19.05,19.46,1200,0
20160812,19.5,19.75,19.1,19.75,792,0
20160815,19.95,20,19.55,20,2405,0
20160816,19.5,20.18,19.5,20.16,1829,0
20160817,20.17,20.18,19.7,20,1195,0
20160818,20,20.18,20,20,1353,0
20160819,19.7,19.99,19.7,19.85,1335,0
20160822,19.7,19.85,19.7,19.8,810,0
20160823,19.85,20.5,19.75,20.5,4082,0
20160824,20.4,20.95,19.85,20.5,3994,0
20160825,19.858,21,19.858,20.5,2675,0
20160826,20.2,20.5,20.2,20.5,609,0
20160829,19.75,19.75,18.81,19.1,1075,0
20160830,19,19.25,19,19.05,624,0
20160831,19.02,19.45,19.02,19.45,375,0
20160901,19.02,19.05,19.02,19.02,560,0
20160902,19,19.45,19,19.45,1415,0
20160905,19,19.8,19,19.05,730,0
20160906,19,19.65,19,19.5,160,0
20160907,19,19.7,19,19.1,550,0
20160912,19.05,19.7,19.05,19.7,400,0
20160913,19.25,19.5,19.05,19.05,276,0
20160914,19.051,19.5,19.051,19.49,200,0
20160915,19.35,19.85,19.35,19.85,221,0
20160916,19.35,19.36,19.35,19.36,6,0
20160919,19.35,19.35,19.35,19.35,180,0
20160920,19.06,19.5,19.06,19.5,320,0
20160921,19.2,19.3,19.06,19.3,400,0
20160926,19.06,19.1,19.06,19.1,50,0
20160927,19.061,19.4,19.061,19.4,155,0
20160928,19.1,19.11,19.08,19.11,400,0
20160929,19.1,19.1,19.1,19.1,100,0
20160930,19.1,19.15,19.1,19.15,29,0
20161004,19.07,19.11,19.01,19.11,950,0
20161005,19.11,19.11,19,19,600,0
20161010,19.05,19.259,19.05,19.16,110,0
20161011,19.15,19.16,19.05,19.05,710,0
20161013,19.05,19.7,19.05,19.05,520,0
20161017,19.01,19.65,19.01,19.65,170,0
20161018,19.01,19.6,19.01,19.6,30,0
20161019,19.01,19.5,19.01,19.25,550,0
20161024,19.2,19.6,19.2,19.5,903,0
20161025,19.2,19.49,19.2,19.48,1125,0
20161026,19.3,19.49,19.21,19.49,1050,0
20161028,19.2,19.25,19.2,19.25,35,0
20161031,19.2,19.2,19.2,19.2,1670,0
20161102,19.05,19.06,19.05,19.05,112,0
20161103,19,19.5,19,19.01,907,0
20161107,19.25,19.3,19.2,19.3,359,0
20161108,19,19.2,18.8,19.15,1775,0
20161109,18.35,19.18,18.35,19.15,250,0
20161110,18.35,19.668,18.35,19.668,689,0
20161111,18.725,19.5,18.725,18.9,170,0
20161114,18.81,18.85,18.81,18.85,47,0
20161115,19.3,19.5,18.81,19.5,657,0
20161116,19.5,19.66,19.5,19.66,783,0
20161117,19.01,23,19.01,23,5747,0
20161118,22.2,23.35,21.1,22.94,22961,0
20161121,21.3,22.75,21.16,22,6552,0
20161122,22.1,22.22,21.5,21.5,1350,0
20161123,21.8,21.8,21.5,21.5,607,0
20161124,21.7,22.75,21.7,22.22,1960,0
20161125,21.5,22,21.5,21.5,4615,0
20161128,21.75,21.75,21.251,21.251,517,0
20161129,21.55,21.56,21.55,21.55,2895,0
20161130,21.55,21.6,21.55,21.6,2500,0
20161201,22,22,21.601,21.601,1507,0
20161202,21.7,21.7,21.7,21.7,500,0
20161205,21.7,22.5,21.654,22.5,961,0
20161206,21.8,21.8,21.7,21.7,600,0
20161207,21.7,21.84,21.7,21.84,65,0
20161208,21.75,21.76,21.75,21.76,505,0
20161209,21.75,22.5,21.75,22.1,920,0
20161212,21.754,22,21.754,22,1706,0
20161213,22,22.4,22,22,1219,0
20161214,22,22.5,22,22.5,1070,0
20161216,22.054,22.74,22.054,22.74,50,0
20161219,22.054,22.4,22.054,22.4,1200,0
20161220,22.3,22.3,22.3,22.3,330,0
20161221,22.054,22.2,22.054,22.06,215,0
20161222,22.054,22.4,22.054,22.054,665,0
20161223,22.05,22.7,22,22.05,2200,0
20161227,22,22,21.72,21.75,2750,0
20161228,21.75,21.8,21.75,21.8,1069,0
20161229,21.61,21.75,21.11,21.4,27895,0
20161230,21.11,21.22,21.1,21.1,2076,0
20170102,19.172,21.2,19.172,21.01,5706,0
20170103,21.004,21.12,20.4,20.95,3265,0
20170104,20.55,21.45,20.55,21,1127,0
20170105,20.7,21.01,20.7,20.7,801,0
20170106,20.601,21.1,20.601,20.9,3284,0
20170109,20.9,21.4,20.9,21.4,2650,0
20170110,21.15,21.79,21.15,21.46,8155,0
20170111,21.5,21.9,21.46,21.9,5844,0
20170112,21.47,22.21,21.47,21.65,9503,0
20170113,21.6,22.05,21.6,22.05,3130,0
20170116,22,22.05,21.75,21.8,1392,0
20170117,21.75,21.85,21.75,21.755,1743,0
20170118,21.75,21.75,21.65,21.65,600,0
20170119,21.601,21.75,21.601,21.63,780,0
20170120,21.601,21.95,21.601,21.95,300,0
20170123,21.601,21.99,21.601,21.99,692,0
20170124,21.601,21.7,21.601,21.7,150,0
20170125,21.651,22,21.651,22,2512,0
20170126,21.651,22.4,21.651,22.4,200,0
20170127,21.65,21.66,21.65,21.66,10,0
20170130,21.7,21.75,21.7,21.75,255,0
20170131,21.7,22.15,21.7,21.75,1023,0
20170201,21.701,22.19,21.701,21.8,1419,0
20170202,21.7,21.701,21.3,21.3,1550,0
20170203,21.25,21.7,21.25,21.7,1234,0
20170206,21.9,21.95,21.352,21.95,965,0
20170207,21.75,22,21.75,22,1652,0
20170208,21.75,21.76,21.75,21.76,100,0
20170209,21.8,22,21.8,22,905,0
20170210,21.8,22.45,21.8,22.4,2385,0
20170213,21.901,23.3,21.901,22.75,6537,0
20170214,22.7,24.89,22.7,23.999,3017,0
20170215,23.36,24.37,23.36,23.8,1370,0
20170216,23.211,24,23.2,23.5,2823,0
20170217,23.71,26.9,23.7,25.62,18036,0
20170220,24.67,32,24.67,28,13601,0
20170221,27.239,31.3,27.239,29,11056,0
20170222,29.718,30.485,27.3,29.995,4581,0
20170223,28.382,30.5,27.804,29.995,11232,0
20170224,29.01,30.15,29.01,29.75,4524,0
20170227,30,30.26,28.668,30.01,3768,0
20170228,30,30.125,29,30.125,2848,0
20170301,29.39,29.75,29.25,29.75,1771,0
20170302,29.2,29.8,29.2,29.2,707,0
20170303,28.488,29.695,28.1,29.695,2552,0
20170306,28.971,30.06,28.971,29.75,3040,0
20170307,29.024,30.2,29.024,30.2,777,0
20170308,29.8,29.81,29.8,29.8,700,0
20170309,29.8,30.3,29.8,30.3,1152,0
20170310,29.204,31.995,29.204,31.995,3558,0
20170313,31.6,33.9,31.51,33.9,8799,0
20170314,32.192,33.9,32.192,33.1,1894,0
20170315,32.51,33.3,32.51,33.1,2443,0
20170316,33.1,33.495,32.05,33.45,2393,0
20170317,33.01,34.895,33.01,34.5,2840,0
20170320,33.23,34.15,33.1,34.15,3200,0
20170321,33.25,34,33,33.81,3160,0
20170322,32.985,33,32.61,32.61,350,0
20170323,32.6,33.01,32.6,33,1590,0
