Date,Open,High,Low,Close,Volume,OpenInt
20070618,31.786,33.214,31.786,32.764,18098,0
20070619,33.24,33.24,32.37,32.605,7567,0
20070620,32.57,32.57,31.787,31.787,2659,0
20070621,32.031,32.764,31.786,32.764,2556,0
20070622,33.054,33.494,33.054,33.103,1943,0
20070625,32.712,33.103,32.663,33.103,1125,0
20070626,33.239,33.239,32.271,33.053,2659,0
20070627,33.233,33.233,33.233,33.233,1432,0
20070628,33.251,33.251,32.665,32.665,3579,0
20070629,33.057,33.448,33.057,33.253,19938,0
20070702,33.25,33.827,33.25,33.641,102,0
20070705,32.761,33.113,32.761,33.113,3068,0
20070706,32.761,32.761,32.086,32.086,2454,0
20070710,32.911,32.911,32.276,32.276,614,0
20070711,32.276,32.276,32.276,32.276,205,0
20070713,32.276,32.276,32.276,32.276,102,0
20070718,32.276,32.276,32.276,32.276,205,0
20070723,32.276,32.276,32.276,32.276,1329,0
20070726,32.079,32.079,31.688,31.688,1125,0
20070731,31.787,31.787,31.787,31.787,307,0
20070802,32.27,32.27,31.947,31.947,716,0
20070806,31.933,32.276,31.787,32.276,5215,0
20070807,32.276,32.276,32.276,32.276,21880,0
20070809,32.02,32.02,31.688,31.688,614,0
20070810,32.082,32.082,30.81,30.81,4498,0
20070815,28.847,28.847,28.358,28.358,102,0
20070816,27.874,27.874,27.571,27.571,307,0
20070817,27.711,27.74,27.711,27.74,1023,0
20070820,27.187,27.304,26.405,26.405,1023,0
20070827,28.19,28.249,28.19,28.249,409,0
20070830,27.388,27.388,27.192,27.192,2045,0
20070903,27.382,27.382,26.893,26.893,205,0
20070905,26.544,26.544,26.544,26.544,102,0
20070906,25.438,25.438,25.438,25.438,409,0
20070907,24.159,24.296,23.474,23.474,3988,0
20070911,23.325,23.325,23.325,23.325,511,0
20070912,23.175,23.175,23.175,23.175,8181,0
20070913,23.181,24.551,22.986,24.551,17074,0
20070919,23.764,23.823,23.764,23.823,614,0
20070920,23.177,23.763,23.177,23.763,307,0
20070921,23.485,24.062,23.153,24.062,2147,0
20070926,23.494,23.494,22.428,22.428,3374,0
20070927,22.79,23.474,22.79,23.474,1023,0
20070928,23.125,23.125,22.489,22.587,3989,0
20071001,23.005,23.474,23.005,23.474,1636,0
20071002,22.965,23.454,22.926,23.454,511,0
20071008,23.823,23.823,23.823,23.823,102,0
20071010,22.937,22.937,22.497,22.497,511,0
20071011,22.497,22.497,22.497,22.497,511,0
20071015,22.916,24.256,22.916,23.963,8997,0
20071016,24.444,24.64,24.102,24.102,2352,0
20071017,24.45,25.428,24.45,24.939,6442,0
20071019,25.426,28.36,25.426,26.355,9408,0
20071022,26.701,27.571,25.742,27.571,1841,0
20071023,27.378,27.779,27.33,27.73,1534,0
20071024,27.733,28.3,27.626,27.87,1738,0
20071025,28.119,28.608,27.581,27.581,1841,0
20071026,27.991,27.991,27.531,27.531,409,0
20071029,27.383,27.383,26.405,26.405,1432,0
20071030,26.403,28.407,26.403,28.358,3886,0
20071031,27.87,29.435,27.372,27.372,1943,0
20071101,27.823,28.468,27.803,28.468,920,0
20071102,27.969,27.969,26.405,26.405,1943,0
20071105,25.817,26.345,25.817,25.817,614,0
20071107,25.66,25.866,25.66,25.817,1023,0
20071109,25.428,25.428,24.939,24.939,307,0
20071112,24.937,24.937,24.301,24.301,1227,0
20071113,23.605,23.644,23.605,23.644,2147,0
20071115,24.062,24.062,24.013,24.062,1841,0
20071120,23.265,23.265,23.265,23.265,1943,0
20071121,23.262,23.448,22.627,22.627,102,0
20071126,22.677,22.677,22.677,22.677,102,0
20071203,23.102,23.474,23.102,23.464,614,0
20071205,23.288,23.474,23.288,23.474,409,0
20071206,23.474,23.474,23.044,23.474,1636,0
20071207,23.464,23.474,23.425,23.474,3374,0
20071212,22.738,23.335,22.327,23.335,409,0
20071213,23.458,23.458,22.627,22.627,818,0
20071214,22.218,22.248,21.681,21.71,1943,0
20071217,21.234,21.234,20.539,20.833,818,0
20071218,20.454,22.009,20.454,22.009,920,0
20071219,21.909,21.909,21.909,21.909,409,0
20071221,21.418,21.78,21.418,21.78,205,0
20071228,20.826,22.488,20.826,21.511,2353,0
20080102,22.16,22.541,21.524,21.71,1943,0
20080103,21.76,21.76,21.76,21.76,307,0
20080104,21.954,21.954,20.633,20.633,2352,0
20080108,21.515,21.515,21.026,21.221,205,0
20080109,20.656,21.311,20.539,21.311,1534,0
20080111,20.416,20.534,20.416,20.534,511,0
20080116,19.465,20.052,19.368,19.906,205,0
20080118,19.367,19.367,19.367,19.367,511,0
20080121,18.71,18.778,17.605,18.729,1227,0
20080122,17.593,17.593,16.214,17.593,614,0
20080124,18.094,18.094,17.624,17.693,1432,0
20080125,17.775,18.577,17.775,17.892,716,0
20080128,17.8,17.8,17.643,17.643,102,0
20080129,17.114,18.386,17.114,17.603,4704,0
20080130,17.605,17.703,17.605,17.703,1534,0
20080131,17.114,17.603,17.065,17.603,511,0
20080201,17.007,17.652,17.007,17.603,2352,0
20080204,17.604,17.643,17.604,17.643,716,0
20080205,17.604,17.604,17.115,17.115,205,0
20080206,17.603,17.603,17.554,17.573,614,0
20080207,16.965,16.965,16.935,16.935,1227,0
20080211,16.36,16.624,15.89,15.978,2045,0
20080212,16.26,16.964,16.26,16.915,4296,0
20080213,16.956,17.015,16.771,17.015,7261,0
20080214,17.116,17.194,17.116,17.194,1534,0
20080218,17.412,17.832,17.265,17.832,2250,0
20080219,18.158,18.207,16.975,16.975,4296,0
20080220,16.974,17.444,16.906,17.444,614,0
20080221,17.631,17.631,17.513,17.513,1227,0
20080222,17.832,17.832,17.803,17.803,1329,0
20080225,17.941,18.058,17.843,17.892,920,0
20080226,17.9,17.9,17.607,17.803,2556,0
20080227,17.803,17.803,17.314,17.314,1738,0
20080228,17.31,17.603,17.31,17.603,1125,0
20080229,17.553,17.553,17.113,17.553,102,0
20080303,17.408,17.603,17.408,17.603,11248,0
20080304,17.606,17.783,17.606,17.783,1534,0
20080305,17.803,17.803,17.803,17.803,102,0
20080306,17.799,17.799,17.603,17.603,511,0
20080307,17.212,17.691,17.212,17.603,1943,0
20080310,17.277,17.599,17.238,17.404,1432,0
20080312,17.838,17.838,17.408,17.603,716,0
20080313,17.603,17.603,17.036,17.603,1738,0
20080317,16.629,16.746,16.384,16.746,818,0
20080318,17.091,17.111,16.69,16.915,307,0
20080320,17.41,17.41,16.784,17.214,307,0
20080325,17.505,17.505,17.085,17.085,818,0
20080327,17.014,17.112,16.623,16.975,307,0
20080328,17.112,17.112,16.623,16.945,205,0
20080331,16.636,17.194,16.636,17.145,1125,0
20080403,16.896,16.915,16.896,16.915,1841,0
20080404,17.229,17.259,16.868,16.975,1534,0
20080407,16.731,16.995,16.721,16.995,716,0
20080408,16.783,17.164,16.783,17.155,818,0
20080409,17.199,17.454,17.121,17.454,1329,0
20080410,17.412,17.598,17.314,17.314,2351,0
20080411,17.361,17.361,16.696,16.696,1943,0
20080414,16.626,16.822,16.529,16.626,2352,0
20080415,16.624,17.035,16.624,17.025,511,0
20080416,17.214,17.214,16.823,17.214,1738,0
20080417,17.403,17.403,16.876,16.876,1227,0
20080418,16.822,16.871,16.626,16.626,1125,0
20080421,16.851,16.851,16.626,16.626,1636,0
20080422,16.621,16.866,16.621,16.866,307,0
20080423,16.914,16.963,16.65,16.846,1534,0
20080424,16.869,17.202,16.869,17.065,920,0
20080425,17.013,17.091,16.915,16.915,614,0
20080428,17.165,17.204,16.921,17.204,511,0
20080429,17.204,17.214,17.184,17.184,307,0
20080430,17.211,17.211,17.015,17.015,409,0
20080502,17.217,17.334,17.217,17.334,716,0
20080505,17.591,21.023,17.591,20.534,5011,0
20080506,20.944,21.022,20.357,21.012,3580,0
20080507,21.432,21.872,21.374,21.511,1023,0
20080508,21.996,22.377,21.82,21.82,2863,0
20080509,22.202,24.246,22.202,23.963,6952,0
20080512,23.962,24.471,23.962,24.471,307,0
20080513,25.035,26.913,24.301,24.301,4704,0
20080514,24.004,24.004,22.497,22.497,3067,0
20080515,22.027,22.027,21.273,21.909,1125,0
20080516,22.213,22.213,21.029,21.411,1227,0
20080519,20.877,21.122,20.868,21.122,307,0
20080520,21.126,21.321,21.028,21.321,511,0
20080521,21.322,21.869,21.322,21.869,2250,0
20080522,22.158,22.158,22.158,22.158,102,0
20080523,22.496,22.496,21.704,21.899,1636,0
20080526,21.714,22.986,21.714,22.986,3578,0
20080528,23.194,23.194,22.587,23.125,409,0
20080529,22.836,22.836,22.602,22.836,205,0
20080530,22.689,23.335,22.592,22.826,1943,0
20080602,22.59,22.883,22.59,22.737,818,0
20080603,22.986,22.986,22.047,22.497,6134,0
20080604,22.302,22.497,22.253,22.497,6134,0
20080605,22.496,22.496,22.252,22.448,1432,0
20080606,22.302,22.497,22.302,22.497,1738,0
20080609,22.088,22.088,20.777,21.511,2045,0
20080610,21.05,21.442,20.962,20.962,205,0
20080612,20.641,20.641,20.534,20.534,614,0
20080613,20.119,20.344,20.051,20.334,409,0
20080617,20.103,20.524,20.103,20.524,102,0
20080618,20.531,21.461,20.492,21.461,4805,0
20080619,20.534,20.807,20.25,20.524,920,0
20080620,20.967,21.094,20.497,20.683,2761,0
20080623,20.537,20.762,20.537,20.733,2761,0
20080624,20.534,20.729,20.534,20.534,1023,0
20080625,20.517,20.683,20.517,20.683,409,0
20080626,20.534,20.534,19.067,19.507,4705,0
20080627,19.354,19.354,18.66,18.66,818,0
20080630,18.479,18.479,17.902,18.43,1227,0
20080701,18.032,18.032,17.758,18.032,716,0
20080702,18.438,18.438,15.455,16.238,3578,0
20080703,15.95,16.381,15.256,15.53,1534,0
20080704,15.248,16.138,15.228,16.138,1534,0
20080707,16.11,16.238,16.11,16.238,102,0
20080711,16.816,16.875,16.327,16.327,920,0
20080714,16.614,16.614,15.958,15.958,1432,0
20080715,15.914,15.914,15.679,15.679,716,0
20080717,15.649,15.816,15.278,15.649,1125,0
20080718,14.966,15.651,14.673,14.673,1636,0
20080721,14.668,14.668,13.886,14.453,2454,0
20080722,14.652,14.652,14.339,14.633,614,0
20080723,14.575,14.693,14.194,14.693,920,0
20080724,14.95,14.95,14.149,14.364,2250,0
20080728,14.147,14.147,13.688,13.786,1636,0
20080818,11.554,11.691,11.554,11.642,818,0
20080819,11.302,11.302,11.175,11.244,716,0
20080820,11.45,11.792,11.45,11.792,1023,0
20080821,11.563,11.563,11.563,11.563,102,0
20080822,11.101,11.443,11.101,11.443,307,0
20080827,11.058,11.058,10.755,10.755,7773,0
20080828,10.762,10.762,10.048,10.048,2760,0
20080829,10.169,10.257,9.983,10.257,4296,0
20080901,10.25,10.25,9.3014,9.898,3988,0
20080902,9.878,10.142,9.848,9.848,5726,0
20080903,9.634,9.918,9.634,9.918,6032,0
20080904,9.877,9.877,9.681,9.798,1841,0
20080905,9.829,10.064,9.771,9.878,6442,0
20080908,10.075,10.261,9.782,9.958,2658,0
20080909,10.036,10.036,9.929,9.978,2760,0
20080910,9.882,10.097,9.814,10.097,2453,0
20080911,9.893,10.186,9.747,10.157,7876,0
20080912,9.938,9.948,9.938,9.938,1738,0
20080916,9.893,10.167,9.63,10.167,2762,0
20080917,10.171,10.171,9.662,9.828,3988,0
20080922,9.83,10.143,9.83,9.918,1023,0
20080925,9.927,9.927,9.575,9.898,102,0
20080926,9.619,9.824,9.4725,9.629,7467,0
20080929,9.629,9.629,9.2867,9.629,102,0
20080930,9.778,9.778,8.8006,9.778,14113,0
20081001,9.691,9.691,9.28,9.28,1227,0
20081002,9.1559,9.4395,8.9895,9.4395,9712,0
20081006,9.784,9.784,8.8053,9.001,409,0
20081007,9.2906,9.2906,8.3126,8.8016,2147,0
20081008,8.315,8.4128,7.8258,8.4128,920,0
20081009,8.5094,8.8714,8.4116,8.8714,5725,0
20081010,8.8011,9.29,8.8011,9.29,2965,0
20081013,9.095,9.095,8.8016,8.8016,818,0
20081014,8.8016,8.8016,8.8016,8.8016,205,0
20081015,8.6135,8.682,8.4376,8.682,3580,0
20081020,8.5966,8.5966,8.3032,8.3032,1636,0
20081021,8.0311,8.4028,8.0311,8.4028,1534,0
20081022,8.6163,8.6163,8.3132,8.3132,2454,0
20081023,8.1627,8.1627,7.8694,8.1138,1842,0
20081024,8.118,8.118,7.3355,7.8148,2250,0
20081027,6.8479,6.8479,6.8479,6.8479,205,0
20081030,7.5313,7.8248,7.5313,7.8248,205,0
20081031,7.8262,7.9045,7.8262,7.9045,1432,0
20081104,8.0939,8.0939,8.0939,8.0939,205,0
20081105,8.2433,8.2531,8.2433,8.2433,2659,0
20081106,8.0978,8.3032,8.088,8.3032,13293,0
20081107,8.304,8.4409,7.8248,7.8248,6441,0
20081111,7.826,7.8945,7.689,7.8945,511,0
20081112,7.8332,7.8821,7.7549,7.7549,5522,0
20081113,7.5277,7.6254,7.469,7.6254,1739,0
20081114,7.8252,7.8252,7.3263,7.3263,614,0
20081117,7.0863,7.0863,7.0473,7.0473,2353,0
20081118,6.8519,6.8519,6.5488,6.5488,716,0
20081119,6.3219,6.3219,5.9109,5.9109,2044,0
20081120,5.8684,5.8684,5.6826,5.7315,818,0
20081121,5.4807,5.4807,5.1871,5.3925,1533,0
20081124,5.1291,5.1291,4.7572,4.8942,2962,0
20081125,4.8946,5.012,4.8946,4.9141,30851,0
20081126,4.6949,4.6949,4.6949,4.6949,4192,0
20081127,4.8416,4.8416,4.6949,4.6949,614,0
20081128,4.6913,4.6913,4.5154,4.5154,21793,0
20081201,4.5052,4.5052,4.4955,4.4955,205,0
20081203,4.4058,4.5037,4.4058,4.4058,10929,0
20081204,4.4058,4.4939,4.4058,4.4058,3064,0
20081205,4.4056,4.4546,4.2098,4.3958,3779,0
20081208,4.4935,4.4935,3.9074,3.9074,6347,0
20081209,3.9074,3.9074,3.9074,3.9074,512,0
20081211,3.9074,3.9172,3.8097,3.9074,6245,0
20081212,3.9074,3.9074,3.9074,3.9074,307,0
20081215,3.7206,3.8675,3.7206,3.8675,1021,0
20081217,3.7175,3.8446,3.6881,3.6881,7974,0
20081218,3.7305,3.8675,3.7206,3.8675,4289,0
20081219,3.8675,3.8675,3.8675,3.8675,715,0
20081222,3.9871,3.9871,3.9871,3.9871,1535,0
20081223,3.8589,3.9273,3.7612,3.9273,2662,0
20081229,4.0071,4.0071,4.0071,4.0071,205,0
20081230,4.1044,4.1044,3.9871,3.9871,205,0
20090106,3.7723,3.9971,3.6649,3.9971,2763,0
20090107,4.1267,4.1267,4.1267,4.1267,511,0
20090108,3.9273,3.9273,3.9273,3.9273,717,0
20090109,4.0462,4.0462,4.0071,4.0071,409,0
20090112,3.9969,3.9969,3.909,3.9871,102,0
20090114,4.1765,4.1765,4.1765,4.1765,102,0
20090123,4.017,4.017,4.017,4.017,511,0
20090127,4.1668,4.1765,4.1668,4.1765,102,0
20090205,4.1967,4.2065,4.1967,4.2065,205,0
20090210,4.0071,4.0071,4.0071,4.0071,307,0
20090211,4.017,4.017,4.017,4.017,102,0
20090213,4.0071,4.0071,4.0071,4.0071,102,0
20090216,4.0071,4.0071,4.0071,4.0071,102,0
20090217,4.0051,4.0051,3.9074,3.9074,102,0
20090310,3.9771,3.9771,3.9771,3.9771,1024,0
20090313,4.0868,4.0868,4.0868,4.0868,920,0
20090320,3.708,3.708,3.708,3.708,2044,0
20090323,3.6412,3.6412,3.2595,3.2595,3269,0
20090324,3.419,3.419,3.419,3.419,205,0
20090325,3.2794,3.2794,3.2794,3.2794,1021,0
20090326,3.1199,3.1199,3.1199,3.1199,205,0
20090401,3.1499,3.1499,3.1499,3.1499,716,0
20090402,3.23,3.2495,3.23,3.2495,102,0
20090403,3.3093,3.3093,3.3093,3.3093,2043,0
20090414,3.7837,4.5952,3.7837,4.5952,3580,0
20090415,5.034,6.0506,5.034,5.5521,5831,0
20090416,5.6437,5.7708,5.6437,5.7415,1943,0
20090417,5.3815,5.3815,4.9901,5.3228,2555,0
20090421,5.4301,5.4301,5.1953,5.3029,511,0
20090422,5.0238,5.0238,5.0238,5.0238,205,0
20090423,4.8869,5.0238,4.8869,5.0238,1739,0
20090424,4.8536,4.8536,4.7557,4.8145,1431,0
20090429,5.0523,5.0523,4.9839,4.9839,102,0
20090430,4.8039,4.8039,4.7746,4.7746,1023,0
20090505,4.7974,4.7974,4.3177,4.4058,1736,0
20090506,4.5553,4.5553,4.5553,4.5553,102,0
20090507,4.5952,4.5952,4.5952,4.5952,205,0
20090511,4.6983,4.9332,4.6004,4.8842,2145,0
20090512,4.8989,4.8989,4.625,4.625,102,0
20090513,4.892,4.892,4.4517,4.7746,2862,0
20090514,4.9165,5.0337,4.9165,5.0337,1024,0
20090515,5.0337,5.0337,5.0337,5.0337,1739,0
20090518,5.1823,5.2801,4.889,5.1334,2556,0
20090519,5.1851,5.1851,4.7546,4.7546,4089,0
20090520,4.8871,5.0337,4.8871,5.0337,307,0
20090522,4.8162,4.9141,4.8162,4.9141,205,0
20090526,4.6949,4.6949,4.6949,4.6949,3886,0
20090527,4.5971,4.6949,4.5971,4.6949,29241,0
20090528,4.954,4.954,4.954,4.954,205,0
20090529,4.9388,5.1833,4.9388,5.1833,4908,0
20090602,5.2946,5.3826,5.2946,5.3826,2452,0
20090603,5.3826,5.3826,5.3826,5.3826,1431,0
20090605,5.381,5.7234,5.2929,5.2929,6133,0
20090608,5.2106,5.2106,4.9858,5.0836,9923,0
20090609,4.8471,5.0327,4.8471,4.9839,2252,0
20090610,5.2132,5.2132,5.2132,5.2132,307,0
20090611,5.2132,5.2132,5.2132,5.2132,102,0
20090612,5.2162,5.3826,5.0988,5.3826,20232,0
20090615,5.3998,6.0161,5.3802,5.7813,8485,0
20090616,5.5,5.5,5.3826,5.3826,1533,0
20090618,5.3826,5.3826,5.3826,5.3826,205,0
20090619,5.3748,5.5605,5.3748,5.4823,2047,0
20090622,5.6679,5.6679,5.4823,5.4823,2149,0
20090625,5.3627,5.3627,5.3627,5.3627,409,0
20090626,5.3328,5.3328,5.3328,5.3328,511,0
20090630,5.4041,5.8145,5.4041,5.4823,6242,0
20090701,5.1911,5.1911,4.9076,5.0836,8797,0
20090702,4.9883,4.9883,4.5971,4.6949,28219,0
20090703,4.5648,5.0437,4.5648,5.0437,8287,0
20090706,4.8842,4.8842,4.8842,4.8842,715,0
20090709,5.0264,5.1633,5.0264,5.1633,1534,0
20090713,5.179,5.4624,5.179,5.4624,3275,0
20090714,5.7481,6.0219,5.582,5.582,7467,0
20090715,5.6517,5.6517,5.6517,5.6517,409,0
20090724,5.3898,5.3898,5.2431,5.2431,1125,0
20090729,5.5023,5.5023,5.2189,5.5023,1944,0
20090730,5.7803,6.2498,5.7803,6.2498,4499,0
20090731,6.2466,7.8205,6.2466,7.6054,8081,0
20090803,7.815,7.8248,7.815,7.8248,3988,0
20090804,7.6957,7.725,7.6957,7.725,409,0
20090805,7.7314,7.7314,6.9974,6.9974,3678,0
20090806,7.1669,7.1669,7.1669,7.1669,409,0
20090807,7.117,7.117,7.117,7.117,307,0
20090810,6.9475,6.9475,6.9475,6.9475,102,0
20090811,6.9475,6.9475,6.9475,6.9475,205,0
20090812,6.8479,6.8479,6.8479,6.8479,205,0
20090813,6.8479,6.8479,6.8479,6.8479,511,0
20090817,6.8706,7.0074,6.8706,7.0074,511,0
20090819,7.011,7.1967,7.011,7.1967,920,0
20090820,6.9775,6.9775,6.9775,6.9775,409,0
20090825,7.0947,7.0947,6.9675,6.9675,2861,0
20090902,6.8495,6.9375,6.7027,6.9375,818,0
20090903,6.7083,6.7083,6.7083,6.7083,614,0
20090908,6.6386,6.6386,6.6386,6.6386,102,0
20090909,6.9425,7.1967,6.8447,7.1967,3375,0
20090910,7.2183,7.8248,7.2183,7.8248,9815,0
20090911,7.7262,8.8411,7.7262,8.8215,43354,0
20090914,8.9297,8.9981,8.8025,8.8514,10224,0
20090915,8.7979,8.7979,8.6122,8.6122,1125,0
20090916,8.8485,8.8485,8.6921,8.7019,1125,0
20090917,8.8896,8.8896,8.8016,8.8016,307,0
20090918,8.9786,8.9786,8.8025,8.8514,2250,0
20090921,8.8514,8.8514,8.8514,8.8514,511,0
20090922,8.8016,8.8016,8.606,8.8016,716,0
20090923,8.6451,8.8016,8.6451,8.8016,614,0
20090924,8.6043,8.7119,8.5847,8.7119,1125,0
20090929,8.4715,8.4715,8.4128,8.4128,409,0
20091001,8.3132,8.3132,8.3132,8.3132,1023,0
20091002,8.3132,8.3132,8.3132,8.3132,1636,0
20091005,8.3132,8.3132,8.3132,8.3132,307,0
20091006,8.3159,8.7757,8.1104,8.4627,5315,0
20091007,8.1537,8.1537,8.1537,8.1537,307,0
20091008,7.8745,7.8745,7.8745,7.8745,511,0
20091009,8.065,8.1138,7.9183,8.1138,1023,0
20091012,8.1138,8.1138,8.1138,8.1138,102,0
20091013,7.9742,7.9742,7.9742,7.9742,102,0
20091014,7.8801,7.8801,7.6553,7.6553,1329,0
20091015,7.5756,7.5756,7.5756,7.5756,205,0
20091016,7.5748,7.5748,7.0373,7.0373,2046,0
20091019,7.0373,7.0373,7.0373,7.0373,3172,0
20091020,7.3277,7.9244,7.3277,7.9244,2453,0
20091021,7.7276,7.7276,7.3363,7.3363,5009,0
20091022,7.0493,7.1862,7.0493,7.1569,5523,0
20091023,7.3344,7.3344,7.2366,7.2366,1329,0
20091026,7.4994,7.6852,7.4994,7.6852,1023,0
20091027,7.6877,7.9224,7.6877,7.8148,6236,0
20091028,7.5257,7.5257,7.5257,7.5257,205,0
20091029,7.3943,7.3943,7.2965,7.2965,409,0
20091030,7.4334,7.4334,7.2965,7.2965,1738,0
20091102,7.1609,7.1609,6.8479,6.8479,5417,0
20091103,6.8993,6.9874,6.8993,6.9874,511,0
20091109,7.0454,7.0454,6.9475,6.9475,3372,0
20091110,6.8578,6.8578,6.8578,6.8578,205,0
20091111,7.008,7.0861,7.008,7.0373,614,0
20091112,7.2765,7.2765,7.2765,7.2765,102,0
20091113,7.4155,7.5231,7.3861,7.3861,4600,0
20091116,7.2847,7.2847,7.1967,7.1967,409,0
20091120,7.3363,7.3363,7.3363,7.3363,307,0
20091123,7.2012,7.436,7.2012,7.436,511,0
20091124,7.3363,7.3363,7.3363,7.3363,1432,0
20091126,7.0473,7.0473,7.0473,7.0473,1433,0
20091127,7.0771,7.0771,7.0771,7.0771,1433,0
20091130,7.3271,7.3662,7.1314,7.3662,2249,0
20091201,7.4858,7.4858,7.4858,7.4858,511,0
20091202,7.3389,7.4758,7.3389,7.4758,102,0
20091204,7.3363,7.3363,7.3363,7.3363,1227,0
20091208,7.3363,7.3363,7.3363,7.3363,102,0
20091215,7.334,7.334,7.2167,7.2167,409,0
20091218,7.1833,7.1833,7.0074,7.0074,205,0
20091222,6.854,6.854,6.6585,6.6585,2045,0
20091223,6.8431,6.8431,6.5987,6.5987,4399,0
20091228,6.6039,6.8778,6.6039,6.8778,409,0
20091229,6.3547,6.3547,6.0712,6.1103,5319,0
20100104,5.8659,6.1103,5.8659,6.1103,4706,0
20100105,6.1164,6.4491,6.1164,6.4491,307,0
20100107,6.2686,6.6011,6.2099,6.2099,4601,0
20100108,6.2144,6.6059,6.2144,6.4591,3066,0
20100111,6.2794,6.2794,5.9859,6.2598,2556,0
20100112,5.9693,6.0182,5.891,5.891,3475,0
20100113,5.864,6.0106,5.864,6.0106,2046,0
20100114,6.0641,6.3381,6.0641,6.2598,2761,0
20100118,6.1093,6.1093,6.0604,6.0604,2660,0
20100119,5.8732,5.9711,4.9041,4.9041,6334,0
20100120,5.3779,5.3779,5.0845,5.1334,1227,0
20100122,5.2014,5.2014,4.5952,4.5952,1432,0
20100125,4.4467,4.5443,4.2512,4.4955,2967,0
20100126,4.6481,4.8145,4.6481,4.8145,511,0
20100127,4.9565,5.0836,4.9271,5.0836,409,0
20100128,5.089,5.3826,4.8444,4.8444,6336,0
20100201,4.7945,4.7945,4.7945,4.7945,1021,0
20100202,4.9341,4.9341,4.9341,4.9341,1228,0
20100203,4.8061,4.8942,4.7767,4.8942,1226,0
20100205,4.8842,4.8842,4.8842,4.8842,102,0
20100211,4.5952,4.6929,4.5952,4.5952,4193,0
20100212,4.6248,4.6248,4.5955,4.6151,4193,0
20100215,4.7582,4.9829,4.7582,4.9341,34492,0
20100216,4.9921,5.0411,4.8942,4.8942,8071,0
20100217,4.8933,5.0499,4.8444,4.8444,5313,0
20100218,5.0238,5.0238,5.0238,5.0238,409,0
20100222,5.3757,5.3757,4.9938,4.9938,2144,0
20100224,4.8103,4.8885,4.5952,4.5952,5318,0
20100225,4.904,4.904,4.8942,4.8942,2657,0
20100301,4.8013,4.8013,4.6252,4.635,3374,0
20100302,4.4953,5.0816,4.4953,4.9839,12177,0
20100303,5.0018,5.0018,4.8942,4.8942,2452,0
20100304,5.0353,5.1135,5.0353,5.1135,2046,0
20100308,5.1146,5.1733,4.9484,5.1733,4295,0
20100309,5.1764,5.881,5.1764,5.881,8584,0
20100310,5.8729,5.8729,5.2269,5.4324,7458,0
20100311,5.2829,5.2829,5.2829,5.2829,102,0
20100315,5.4324,5.4324,5.4324,5.4324,102,0
20100316,5.2625,5.3798,5.2136,5.2331,2659,0
20100317,5.1303,5.1303,4.974,4.974,1739,0
20100318,4.974,4.974,4.974,4.974,307,0
20100319,4.9775,5.1633,4.9775,5.1633,7261,0
20100324,5.0205,5.5588,5.0205,5.3826,5415,0
20100325,5.235,6.8495,5.235,5.8711,16249,0
20100326,5.4817,6.3431,5.4524,5.4524,17162,0
20100329,5.4254,5.6502,5.3569,5.572,3990,0
20100330,5.6025,5.6709,5.4754,5.6319,1841,0
20100401,5.4057,6.2561,5.4057,5.562,3171,0
20100406,5.6763,5.9208,5.5784,5.9208,2657,0
20100407,6.0668,6.0668,5.7732,5.8711,716,0
20100408,5.7116,5.7116,5.7116,5.7116,205,0
20100409,5.8629,5.9607,5.8629,5.9607,715,0
20100412,6.0995,6.4612,5.9334,6.0604,27212,0
20100413,6.2081,6.3547,6.1103,6.1103,7160,0
20100414,6.2569,6.2569,5.8659,6.1103,6239,0
20100415,6.145,6.145,5.8711,5.8711,614,0
20100416,5.963,5.963,5.572,5.572,4501,0
20100419,5.4761,5.6717,5.4761,5.6717,1023,0
20100420,5.477,5.477,5.2032,5.2032,2965,0
20100421,5.234,5.2829,5.234,5.2829,1432,0
20100422,5.2791,5.2791,5.0836,5.0836,3273,0
20100423,5.0834,5.0834,5.0736,5.0736,614,0
20100426,5.2032,5.2423,5.0859,5.2032,5113,0
20100427,5.1133,5.2697,5.1036,5.1036,2251,0
20100428,5.0826,5.0826,5.0337,5.0337,2353,0
20100429,4.8368,4.9638,4.6218,4.954,2354,0
20100430,4.669,4.8942,4.669,4.8942,511,0
20100503,4.8939,5.0211,4.8742,4.8742,2043,0
20100507,4.3968,4.4457,4.3968,4.4457,1945,0
20100510,4.3537,4.3537,4.2167,4.2363,7973,0
20100511,4.4955,4.4955,4.4955,4.4955,2046,0
20100512,4.642,4.642,4.4955,4.4955,205,0
20100514,4.4058,4.4058,4.4058,4.4058,409,0
20100517,4.4991,4.6947,4.4991,4.6849,716,0
20100518,4.8336,4.863,4.7945,4.7945,4088,0
20100520,4.642,4.642,4.4955,4.4955,921,0
20100521,4.4457,4.4457,4.4457,4.4457,1024,0
20100526,4.4058,4.4156,4.4058,4.4058,3167,0
20100527,4.5497,4.7943,4.5497,4.7845,5723,0
20100528,4.7945,4.7945,4.7945,4.7945,511,0
20100531,4.6184,4.7945,4.5988,4.7945,2555,0
20100602,4.6084,4.7845,4.6084,4.7845,205,0
20100603,4.8416,4.8416,4.6949,4.6949,716,0
20100604,4.5508,4.8933,4.5508,4.8444,7868,0
20100608,4.8444,4.8444,4.8444,4.8444,614,0
20100609,4.8444,4.8444,4.8444,4.8444,511,0
20100611,4.6909,4.6909,4.4955,4.4955,1535,0
20100615,4.7248,4.7248,4.7248,4.7248,205,0
20100616,4.4955,4.4955,4.4955,4.4955,102,0
20100618,4.7965,4.9727,4.7965,4.9041,1328,0
20100621,4.8862,4.9839,4.8862,4.9839,205,0
20100622,4.9853,5.562,4.9853,5.562,7775,0
20100623,5.4343,5.4343,4.9839,4.9839,2655,0
20100625,5.1234,5.1234,5.1234,5.1234,511,0
20100628,4.9839,4.9839,4.9839,4.9839,102,0
20100629,4.8344,4.8344,4.8344,4.8344,1226,0
20100630,4.6849,4.6849,4.6849,4.6849,1023,0
20100702,4.8344,4.8344,4.8344,4.8344,205,0
20100706,4.9812,4.9812,4.8344,4.8344,817,0
20100707,4.9812,4.9812,4.8344,4.8344,307,0
20100714,5.1307,5.1307,4.9839,4.9839,1532,0
20100715,5.1254,5.2232,5.1254,5.2232,4294,0
20100716,5.0696,6.1539,5.0696,5.8511,6757,0
20100719,5.8059,6.0405,5.8059,6.0405,716,0
20100720,5.8985,5.8985,5.7615,5.7713,4089,0
20100721,5.8711,5.8711,5.8711,5.8711,1737,0
20100722,6.028,6.9675,6.028,6.9675,6642,0
20100723,6.8213,6.9485,6.4591,6.4591,3780,0
20100726,6.3603,6.4093,6.3603,6.4093,1021,0
20100727,6.605,6.6539,6.4093,6.4093,614,0
20100730,6.2626,6.4093,6.2626,6.4093,1431,0
20100802,6.2626,6.4093,6.2626,6.4093,716,0
20100803,6.4084,6.4084,6.3595,6.3595,2351,0
20100804,6.3524,6.499,6.3524,6.499,511,0
20100805,6.6002,6.6784,6.6002,6.6784,1636,0
20100806,6.5987,6.5987,6.5987,6.5987,1023,0
20100809,6.509,6.509,6.509,6.509,307,0
20100810,6.6556,6.6556,6.509,6.509,2046,0
20100811,6.4621,6.6087,6.4621,6.6087,614,0
20100812,6.7083,6.7083,6.7083,6.7083,511,0
20100816,6.5624,6.9438,6.5624,6.7482,4704,0
20100817,6.8791,7.2118,6.8791,6.9475,4803,0
20100818,7.0935,7.436,7.0446,7.436,3577,0
20100819,7.5784,7.725,7.5784,7.725,409,0
20100820,7.5756,7.7222,7.4289,7.5756,1739,0
20100823,7.5791,7.7649,7.5791,7.7649,1227,0
20100824,7.6752,7.6752,7.6752,7.6752,409,0
20100825,7.5257,7.5257,7.5257,7.5257,614,0
20100830,7.4332,7.4332,7.2865,7.2865,511,0
20100831,7.1398,7.3843,7.1398,7.2865,2659,0
20100901,7.4295,8.1138,7.4295,8.1138,4910,0
20100903,8.2148,8.8016,8.2148,8.8016,1841,0
20100906,8.9171,9.729,8.9171,9.729,3989,0
20100907,9.727,9.824,9.629,9.629,12991,0
20100908,9.729,9.729,9.2402,9.2402,3784,0
20100909,9.2275,9.3448,9.0613,9.0907,2557,0
20100910,9.2606,9.29,9.1237,9.29,409,0
20100913,9.1206,9.1206,9.1206,9.1206,1023,0
20100914,8.8986,9.0942,8.7617,8.7617,1432,0
20100915,8.9311,8.9311,8.9311,8.9311,102,0
20100916,8.7608,8.9172,8.7119,8.7119,511,0
20100917,8.7148,8.8714,8.7148,8.8714,307,0
20100921,8.7105,8.7105,8.6421,8.6421,1227,0
20100922,8.8006,9.778,8.8006,9.778,17283,0
20100923,9.683,9.957,9.683,9.928,6748,0
20100924,9.779,9.975,9.779,9.818,5726,0
20100927,9.974,9.974,9.798,9.798,2556,0
20100928,9.939,9.978,9.939,9.978,2862,0
20100929,10.074,10.074,9.888,9.888,511,0
20100930,9.88,9.978,9.88,9.978,1534,0
20101001,9.978,9.978,9.978,9.978,205,0
20101004,10.126,16.632,10.126,12.689,14003,0
20101005,12.713,12.957,12.283,12.4,3170,0
20101006,12.695,14.573,12.275,14.573,7259,0
20101007,14.573,14.573,13.986,14.573,2659,0
20101008,13.985,14.572,13.76,13.985,3170,0
20101011,14.242,14.418,13.988,14.134,3373,0
20101012,14.185,14.234,13.921,14.234,3067,0
20101013,14.327,14.473,14.278,14.473,3477,0
20101014,14.475,14.573,14.279,14.573,5624,0
20101015,14.425,14.621,13.966,14.523,1841,0
20101018,14.257,14.266,13.689,13.875,5216,0
20101019,14.127,14.372,13.688,14.284,6342,0
20101020,14.373,14.402,13.825,13.825,2353,0
20101021,14.079,14.548,13.834,14.284,2557,0
20101022,14.521,14.521,13.445,13.905,6341,0
20101025,13.91,14.673,13.91,14.673,2964,0
20101026,14.673,14.693,14.301,14.693,1125,0
20101027,14.411,14.665,13.736,14.274,1944,0
20101028,14.01,14.274,13.981,14.274,409,0
20101029,14.182,14.524,12.842,13.008,5113,0
20101101,13.198,13.198,12.719,12.719,1432,0
20101102,12.728,13.207,12.64,13.207,3578,0
20101103,13.212,13.476,13.212,13.476,511,0
20101104,13.481,13.481,12.66,12.709,2966,0
20101105,12.808,13.434,12.808,13.297,1329,0
20101108,13.55,13.696,13.197,13.197,2862,0
20101109,13.441,14.214,13.197,14.214,2044,0
20101110,14.173,14.231,13.576,13.576,1227,0
20101111,13.826,14.081,13.826,13.885,409,0
20101112,14.137,14.274,13.873,14.274,2660,0
20101115,14.476,15.161,14.476,15.161,2761,0
20101116,15.164,16.152,14.782,14.782,7666,0
20101117,15.054,15.073,14.643,14.643,2863,0
20101118,14.86,14.86,14.391,14.762,1432,0
20101119,14.87,15.535,14.557,15.291,6031,0
20101122,15.288,16.628,15.288,15.649,5316,0
20101123,15.652,15.652,15.212,15.261,3169,0
20101124,14.986,15.221,14.702,15.221,3067,0
20101125,14.934,15.159,14.778,15.061,511,0
20101126,15.044,15.044,14.497,14.673,3476,0
20101129,14.932,15.646,14.932,14.932,5727,0
20101130,15.209,15.649,15.209,15.649,1329,0
20101201,15.916,16.326,14.86,15.779,4193,0
20101202,15.651,16.082,15.651,15.739,1534,0
20101203,16.036,16.114,15.4,15.4,409,0
20101206,15.56,16.137,15.56,16.078,1841,0
20101207,16.256,16.628,15.649,15.649,7054,0
20101208,15.816,15.816,15.649,15.649,5316,0
20101209,15.648,15.648,15.061,15.061,3374,0
20101210,14.868,15.21,14.819,15.161,4703,0
20101213,15.112,15.161,14.33,15.161,3680,0
20101214,14.772,14.772,13.726,13.726,2964,0
20101215,13.694,14.673,13.675,14.673,2658,0
20101216,14.379,14.653,14.124,14.124,511,0
20101217,14.263,14.674,14.194,14.194,1227,0
20101220,14.321,14.321,13.657,13.696,2148,0
20101221,13.688,13.815,13.688,13.815,2660,0
20101222,13.689,13.845,13.493,13.845,5318,0
20101223,13.938,14.084,13.938,14.084,818,0
20101227,14.087,14.087,13.696,13.696,1636,0
20101228,13.696,13.823,13.696,13.696,307,0
20101229,13.821,14.564,13.821,14.104,511,0
20101230,14.19,14.503,14.19,14.503,511,0
20110103,14.594,14.653,14.271,14.653,920,0
20110104,14.923,14.972,14.532,14.972,1227,0
20110105,14.966,15.494,14.673,14.673,2352,0
20110106,14.673,14.673,14.526,14.673,102,0
20110107,14.518,14.518,14.264,14.264,1432,0
20110110,14.341,14.712,14.331,14.712,1329,0
20110111,15.058,15.341,14.784,14.882,920,0
20110112,15.272,15.634,14.754,15.35,2148,0
20110113,15.253,15.35,15.145,15.35,307,0
20110114,15.649,15.649,15.649,15.649,102,0
20110117,15.011,15.157,14.942,14.962,409,0
20110118,14.809,15.161,14.809,15.161,409,0
20110119,15.492,16.049,15.492,15.61,2148,0
20110120,15.649,15.992,15.473,15.649,1534,0
20110121,15.649,15.649,15.649,15.649,102,0
20110124,15.473,15.649,15.473,15.649,307,0
20110125,15.889,15.889,15.722,15.889,614,0
20110127,16.123,16.123,15.889,15.889,307,0
20110128,15.889,15.889,15.889,15.889,205,0
20110131,15.72,16.121,15.064,15.749,2453,0
20110201,15.889,16.123,15.84,15.889,1636,0
20110202,15.717,16.725,15.708,16.138,4806,0
20110203,16.294,16.548,15.951,16.098,2353,0
20110204,15.961,16.616,15.961,16.616,2045,0
20110207,16.187,16.187,16.138,16.148,511,0
20110208,16.527,16.527,16.527,16.527,409,0
20110209,16.342,17.35,16.157,17.125,2863,0
20110210,17.117,17.802,17.117,17.773,6952,0
20110211,17.9,18.32,17.773,18.291,1534,0
20110214,18.774,20.29,18.774,20.055,9510,0
20110215,20.047,21.798,19.91,21.7,6340,0
20110216,22.215,23.868,21.707,22.587,12681,0
20110217,22.789,22.838,20.246,20.823,11962,0
20110218,21.219,21.904,21.023,21.61,5523,0
20110221,22.123,22.886,21.859,22.338,3988,0
20110222,22.873,22.873,21.612,21.68,1125,0
20110223,22,22.48,20.534,20.534,2556,0
20110224,20.538,21.839,19.805,21.81,5113,0
20110225,21.811,23.464,21.811,23.464,4090,0
20110228,23.181,23.465,22.232,22.438,2761,0
20110301,22.833,23.234,19.557,19.557,7874,0
20110302,19.869,22.069,19.869,22.069,4193,0
20110303,21.998,23.573,21.998,22.497,11450,0
20110304,22.909,22.909,22.029,22.029,2964,0
20110307,22.417,22.417,21.997,22.398,1023,0
20110308,21.998,22.477,21.333,22.477,1636,0
20110309,22.059,22.059,19.879,20.534,2761,0
20110310,20.155,20.233,19.656,19.656,1636,0
20110311,19.658,19.962,19.228,19.756,7873,0
20110314,19.392,19.392,18.092,18.092,5624,0
20110315,17.115,18.093,15.648,16.606,10736,0
20110316,15.99,18.092,15.99,17.603,6237,0
20110317,17.285,18.097,17.021,17.842,1534,0
20110318,18.092,19.412,17.603,17.603,7362,0
20110321,17.798,18.58,17.7,18.58,3988,0
20110322,18.58,19.069,18.091,18.58,4806,0
20110323,18.908,18.908,18.341,18.341,818,0
20110324,18.58,18.58,18.169,18.58,920,0
20110325,18.599,18.599,18.022,18.022,1738,0
20110328,17.702,18.25,17.663,17.663,818,0
20110329,17.653,18.191,17.331,18.191,614,0
20110330,18.187,18.676,17.952,18.48,2147,0
20110331,18.175,18.371,17.862,17.862,1023,0
20110401,18.097,18.185,17.852,17.852,102,0
20110404,17.896,19.558,17.436,19.128,7260,0
20110405,19.048,19.048,18.491,18.53,1738,0
20110406,18.535,18.878,18.291,18.291,2454,0
20110407,18.098,18.919,18.088,18.919,3478,0
20110408,18.837,19.248,18.827,19.248,1329,0
20110411,18.897,18.897,18.779,18.779,102,0
20110412,18.658,18.658,18.59,18.59,102,0
20110413,18.58,18.893,18.58,18.58,3579,0
20110414,18.383,18.754,18.383,18.48,1227,0
20110415,18.819,18.819,18.819,18.819,102,0
20110418,18.506,18.585,18.311,18.311,2045,0
20110419,18.311,18.311,18.311,18.311,205,0
20110420,18.128,18.451,17.952,17.962,716,0
20110421,17.915,18.092,17.915,18.092,205,0
20110426,18.092,18.092,17.603,17.603,2352,0
20110427,17.922,17.922,17.922,17.922,205,0
20110428,17.603,17.603,17.603,17.603,307,0
20110429,17.607,17.793,17.607,17.793,205,0
20110502,17.464,17.464,16.251,16.437,8181,0
20110503,16.489,16.626,16.343,16.626,1023,0
20110504,16.347,16.904,16.317,16.846,4600,0
20110505,16.534,17.248,16.368,16.915,2762,0
20110506,17.121,17.464,17.121,17.464,409,0
20110509,17.149,17.149,16.836,16.836,205,0
20110510,17.13,17.404,16.817,17.404,102,0
20110511,17.306,17.932,17.111,17.932,6136,0
20110512,18.261,18.261,18.261,18.261,307,0
20110516,17.758,18.57,17.357,18.57,5215,0
20110517,18.267,18.58,17.847,18.58,1943,0
20110518,18.678,19.558,18.6,18.6,70660,0
20110520,18.674,18.674,18.341,18.371,102,0
20110523,18.273,18.879,17.94,18.879,2862,0
20110526,18.58,18.58,18.58,18.58,102,0
20110531,18.165,18.165,17.842,17.842,102,0
20110601,17.894,20.046,17.894,19.557,5318,0
20110602,20.052,20.052,19.563,19.896,307,0
20110603,20.029,20.029,18.68,18.68,3477,0
20110606,18.335,18.55,18.335,18.55,818,0
20110607,18.519,18.519,18.47,18.47,102,0
20110608,18.128,18.46,18.128,18.46,511,0
20110610,17.762,19.552,17.703,18.779,6339,0
20110613,18.43,18.43,18.43,18.43,102,0
20110614,18.384,19.068,17.934,19.068,2659,0
20110615,19.415,19.513,18.094,18.759,2352,0
20110616,18.484,18.758,18.327,18.67,205,0
20110617,18.332,18.567,17.892,17.892,1227,0
20110620,17.894,18.227,17.894,17.992,511,0
20110621,17.892,17.892,17.892,17.892,205,0
20110622,17.753,17.753,17.753,17.753,614,0
20110623,17.753,17.753,17.753,17.753,307,0
20110627,17.753,17.753,17.753,17.753,1125,0
20110629,17.852,17.852,17.852,17.852,511,0
20110630,17.753,17.753,17.753,17.753,511,0
20110701,17.75,17.75,17.603,17.603,818,0
20110704,17.405,17.454,17.346,17.454,1023,0
20110705,17.213,17.213,17.135,17.135,818,0
20110706,17.214,17.214,17.214,17.214,1329,0
20110707,17.201,17.201,17.015,17.015,511,0
20110708,16.716,16.716,16.677,16.696,409,0
20110711,16.686,16.686,16.686,16.686,102,0
20110712,16.686,16.686,16.686,16.686,205,0
20110713,16.538,16.724,16.538,16.626,3068,0
20110714,16.537,16.537,16.537,16.537,205,0
20110715,16.533,16.533,15.331,15.331,2966,0
20110718,15.052,15.061,15.052,15.061,511,0
20110720,14.673,14.673,14.673,14.673,1227,0
20110721,14.409,14.409,14.184,14.184,205,0
20110722,14.184,14.184,14.184,14.184,102,0
20110726,14.174,14.174,14.174,14.174,511,0
20110727,14.143,14.143,14.084,14.084,102,0
20110729,14.084,14.084,14.084,14.084,307,0
20110801,14.144,14.144,14.144,14.144,205,0
20110802,14.082,14.513,14.082,14.483,511,0
20110803,14.221,14.671,14.045,14.045,1227,0
20110804,14.147,14.294,13.795,14.284,614,0
20110805,13.792,14.672,13.499,14.663,1738,0
20110808,14.184,14.184,14.184,14.184,614,0
20110809,13.496,13.506,13.496,13.496,614,0
20110810,13.496,13.496,13.496,13.496,102,0
20110816,13.297,13.297,13.297,13.297,1534,0
20110817,13.541,13.786,13.541,13.786,1636,0
20110818,13.541,13.786,13.541,13.786,614,0
20110819,13.766,13.766,13.766,13.766,716,0
20110823,13.676,13.676,13.676,13.676,102,0
20110824,13.689,13.835,13.689,13.835,307,0
20110902,13.235,13.391,13.128,13.128,614,0
20110906,12.709,12.709,12.709,12.709,205,0
20110908,12.718,13.197,12.718,13.197,1635,0
20110909,13.437,13.437,13.437,13.437,409,0
20110912,13.008,13.008,13.008,13.008,409,0
20110915,12.71,13.267,12.71,13.267,1125,0
20110916,13.509,14.184,13.509,14.184,818,0
20110923,13.692,13.692,13.496,13.496,409,0
20110926,13.243,13.243,13.008,13.008,307,0
20111004,11.652,11.652,11.652,11.652,102,0
20111005,11.546,11.752,11.546,11.732,1227,0
20111018,11.361,11.361,11.234,11.234,511,0
20111019,11.024,11.024,11.024,11.024,1023,0
20111020,11.224,11.224,11.224,11.224,102,0
20111024,10.885,10.885,10.885,10.885,205,0
20111026,10.536,10.536,10.536,10.536,307,0
20111027,10.548,10.656,10.548,10.656,102,0
20111031,10.855,10.855,10.855,10.855,102,0
20111107,10.227,10.227,10.227,10.227,409,0
20111108,10.415,10.415,10.367,10.367,511,0
20111109,10.373,10.373,10.177,10.177,614,0
20111111,9.925,9.925,9.2402,9.2402,5523,0
20111114,8.9571,9.778,8.9571,9.778,6136,0
20111115,9.952,10.177,9.933,10.177,5830,0
20111117,9.971,10.147,9.971,10.147,1535,0
20111123,10.018,10.018,10.018,10.018,1023,0
20111128,12.126,12.126,11.882,11.882,1432,0
20111129,11.736,11.736,11.403,11.403,1534,0
20111201,11.612,11.612,11.612,11.612,307,0
20111205,11.622,11.622,11.622,11.622,1023,0
20111206,11.642,11.642,11.642,11.642,409,0
20111207,11.642,11.642,11.642,11.642,1023,0
20111208,11.692,11.692,11.692,11.692,409,0
20111209,11.911,11.911,11.862,11.862,1227,0
20111212,11.882,11.882,11.882,11.882,1534,0
20111213,11.892,11.892,11.882,11.892,2352,0
20111214,11.902,11.902,11.902,11.902,1534,0
20111215,11.902,11.902,11.833,11.902,4192,0
20111216,11.833,11.882,11.833,11.882,4090,0
20111219,11.882,11.912,11.882,11.912,1023,0
20111220,11.882,11.882,11.882,11.882,2045,0
20111221,11.882,11.882,11.882,11.882,5113,0
20111222,11.882,11.882,11.882,11.882,3068,0
20111227,11.83,11.83,11.732,11.732,409,0
20111228,11.951,11.951,11.951,11.951,102,0
20111229,11.736,11.951,11.727,11.951,1637,0
20111230,12.52,12.52,12.52,12.52,2147,0
20120102,12.281,12.32,12.281,12.32,1943,0
20120103,12.383,12.568,12.383,12.52,1329,0
20120104,12.709,12.709,12.709,12.709,716,0
20120105,12.727,13.099,12.619,12.619,4396,0
20120106,12.46,12.46,12.46,12.46,818,0
20120109,12.481,12.481,12.051,12.051,920,0
20120110,12.131,12.131,12.131,12.131,3067,0
20120112,11.935,12.13,11.935,12.101,3373,0
20120113,12.181,12.181,12.181,12.181,1737,0
20120116,11.931,11.931,11.931,11.931,1738,0
20120117,11.941,11.941,11.941,11.941,1329,0
20120118,11.883,11.941,11.883,11.941,4192,0
20120120,11.886,12.131,11.886,12.131,1329,0
20120123,11.977,12.27,11.977,12.27,6035,0
20120125,12.221,12.27,12.221,12.27,2251,0
20120126,12.261,12.27,12.261,12.27,2557,0
20120127,12.27,12.27,12.27,12.27,1023,0
20120130,12.27,12.27,12.27,12.27,2148,0
20120131,12.27,12.27,12.27,12.27,818,0
20120201,12.27,12.27,12.27,12.27,818,0
20120202,12.277,12.277,12.081,12.081,818,0
20120203,12.124,12.27,12.124,12.27,1125,0
20120206,12.221,12.27,12.221,12.27,511,0
20120207,12.27,12.27,12.27,12.27,818,0
20120208,12.27,12.27,12.26,12.26,920,0
20120209,12.261,12.27,12.173,12.27,3682,0
20120210,12.271,12.28,12.271,12.28,1841,0
20120213,12.291,12.33,12.193,12.33,3577,0
20120214,12.335,12.335,12.003,12.071,2045,0
20120215,12.271,12.28,12.271,12.28,1841,0
20120216,12.281,12.29,12.281,12.29,1738,0
20120217,12.296,12.296,12.081,12.081,1125,0
20120220,12.025,12.201,12.025,12.201,307,0
20120221,12.181,12.181,12.181,12.181,102,0
20120223,11.84,12.28,11.84,12.28,511,0
20120224,12.28,12.28,12.28,12.28,2148,0
20120228,12.28,12.28,12.28,12.28,2455,0
20120229,12.28,12.28,12.28,12.28,2660,0
20120301,12.28,12.28,12.28,12.28,1023,0
20120302,11.84,12.27,11.84,12.27,1636,0
20120305,12.28,12.28,12.28,12.28,818,0
20120306,12.269,12.279,12.201,12.201,1227,0
20120307,12.026,12.28,12.026,12.28,1329,0
20120308,12.28,12.28,12.28,12.28,1636,0
20120309,12.201,12.201,12.201,12.201,409,0
20120312,12.261,12.27,12.124,12.27,1227,0
20120314,12.278,12.278,12.181,12.181,614,0
20120316,12.125,12.125,11.842,11.842,818,0
20120319,11.802,11.802,11.802,11.802,1023,0
20120322,12.131,12.131,12.131,12.131,205,0
20120326,12.131,12.131,12.131,12.131,102,0
20120328,12.121,12.121,12.121,12.121,409,0
20120329,12.131,12.131,12.131,12.131,102,0
20120330,12.131,12.131,12.131,12.131,1227,0
20120403,12.031,12.031,12.031,12.031,307,0
20120404,12.032,12.061,12.032,12.061,2147,0
20120405,12.061,12.081,12.061,12.081,1534,0
20120411,12.031,12.031,12.031,12.031,920,0
20120412,12.031,12.031,12.031,12.031,1227,0
20120413,11.738,12.031,11.738,12.031,1534,0
20120418,12.175,12.175,11.862,11.902,818,0
20120424,11.732,11.732,11.732,11.732,102,0
20120425,11.822,11.822,11.822,11.822,920,0
20120426,11.852,11.882,11.852,11.882,511,0
20120427,11.873,11.931,11.873,11.931,2556,0
20120503,11.822,11.822,11.822,11.822,920,0
20120508,11.682,11.682,11.682,11.682,102,0
20120509,11.682,11.682,11.682,11.682,102,0
20120511,11.772,11.772,11.772,11.772,1329,0
20120514,11.802,11.802,11.802,11.802,511,0
20120515,11.822,11.822,11.822,11.822,920,0
20120521,11.879,11.879,11.762,11.762,307,0
20120522,11.732,11.732,11.732,11.732,920,0
20120523,11.782,11.782,11.782,11.782,1432,0
20120524,11.533,11.533,11.533,11.533,1943,0
20120525,11.785,11.921,11.785,11.921,205,0
20120530,11.971,11.971,11.931,11.931,1738,0
20120531,11.971,11.971,11.931,11.931,920,0
20120601,11.971,11.971,11.971,11.971,409,0
20120604,11.932,11.971,11.883,11.941,1636,0
20120605,11.931,11.931,11.931,11.931,409,0
20120608,12.051,12.051,12.051,12.051,409,0
20120611,12.081,12.081,12.052,12.081,1943,0
20120612,12.614,13.397,12.047,13.397,4807,0
20120613,13.308,13.425,12.046,13.347,3069,0
20120614,13.286,13.296,13.247,13.247,920,0
20120615,13.2,13.2,12.809,12.809,614,0
20120620,12.809,12.809,12.809,12.809,205,0
20120621,12.896,13.267,12.896,13.267,409,0
20120626,12.797,12.797,12.739,12.739,511,0
20120702,12.908,12.908,12.908,12.908,511,0
20120711,12.963,13.207,12.963,13.207,409,0
20120713,13.061,13.207,13.061,13.207,409,0
20120716,13.152,13.397,13.152,13.397,716,0
20120717,13.397,13.397,13.397,13.397,102,0
20120719,13.397,13.397,13.397,13.397,307,0
20120723,13.207,13.207,13.207,13.207,307,0
20120725,13.192,13.192,12.928,12.928,409,0
20120727,13.387,13.387,13.387,13.387,102,0
20120801,13.028,13.028,13.028,13.028,205,0
20120813,13.207,13.207,13.207,13.207,716,0
20120817,12.811,12.958,12.811,12.958,102,0
20120821,12.743,12.958,12.743,12.958,102,0
20120823,12.958,12.958,12.958,12.958,205,0
20120824,12.809,12.809,12.809,12.809,614,0
20120829,12.908,12.908,12.908,12.908,614,0
20120905,12.759,12.759,12.759,12.759,1023,0
20120911,12.716,13.108,12.716,13.108,2760,0
20120912,13.207,13.207,12.747,13.207,818,0
20120913,12.943,13.187,12.943,13.187,409,0
20120917,12.715,13.038,12.715,13.038,307,0
20120921,13.025,13.034,12.584,12.849,205,0
20120925,12.607,13.018,12.607,13.018,511,0
20120927,12.948,12.948,12.948,12.948,205,0
20121001,12.5,12.5,12.5,12.5,511,0
20121010,13.208,13.217,12.787,13.217,3169,0
20121015,13.217,13.217,13.217,13.217,716,0
20121017,13.218,13.257,13.218,13.257,920,0
20121018,13.271,13.496,13.271,13.496,1023,0
20121019,13.696,13.696,13.696,13.696,102,0
20121023,13.696,13.696,13.696,13.696,205,0
20121024,13.701,14.473,13.701,14.473,1636,0
20121025,14.902,14.912,14.902,14.912,818,0
20121026,14.904,16.068,14.904,16.068,4192,0
20121030,16.068,16.068,16.068,16.068,307,0
20121101,15.601,15.601,15.131,15.131,2250,0
20121102,14.613,15.161,14.613,15.161,409,0
20121105,15.647,16.018,15.647,16.018,2045,0
20121106,16.018,16.018,15.647,16.018,2454,0
20121107,16.141,17.119,16.141,16.826,4396,0
20121108,17.114,17.407,16.957,17.065,1738,0
20121109,17.314,17.314,16.776,16.776,2045,0
20121112,16.512,17.314,16.424,17.314,1943,0
20121113,17.1,17.364,17.1,17.354,1125,0
20121114,17.404,17.404,17.404,17.404,102,0
20121115,16.972,17.314,16.796,17.314,1125,0
20121116,16.791,17.065,16.723,17.065,307,0
20121119,16.915,17.062,16.915,16.915,307,0
20121120,17.036,17.036,16.557,16.557,511,0
20121121,16.025,16.377,16.025,16.357,818,0
20121122,16.336,16.336,15.857,16.287,614,0
20121127,16.04,16.04,14.573,15.091,2556,0
20121128,14.48,14.812,14.48,14.812,614,0
20121130,15.093,15.211,15.093,15.211,205,0
20121203,15.231,15.231,15.231,15.231,102,0
20121206,15.045,15.241,14.82,15.241,614,0
20121210,15.231,15.231,15.231,15.231,409,0
20121211,15.34,15.34,15.34,15.34,205,0
20121214,14.852,14.852,14.852,14.852,716,0
20121219,14.942,14.942,14.942,14.942,102,0
20121221,15.42,15.42,15.42,15.42,307,0
20121228,15.43,15.43,15.43,15.43,307,0
20130102,15.434,15.649,15.434,15.649,409,0
20130103,15.651,15.729,15.651,15.729,511,0
20130104,15.749,15.749,15.749,15.749,307,0
20130107,15.948,15.948,15.948,15.948,205,0
20130108,16.091,16.228,16.091,16.228,511,0
20130111,15.678,16.128,15.678,16.128,205,0
20130114,16.128,16.138,15.678,16.138,1023,0
20130118,15.888,15.888,15.594,15.839,205,0
20130124,15.639,15.639,15.6,15.6,205,0
20130129,15.644,15.879,15.644,15.879,1432,0
20130130,16.138,16.158,16.138,16.158,1023,0
20130131,16.132,16.327,16.132,16.327,2557,0
20130201,16.038,16.038,16.038,16.038,102,0
20130205,15.45,15.548,15.43,15.43,1227,0
20130211,15.307,15.649,15.082,15.649,818,0
20130213,15.639,19.561,15.639,17.165,8077,0
20130214,17.174,17.174,16.626,16.626,102,0
20130215,17.143,18.092,17.143,18.092,818,0
20130218,18.092,19.07,17.603,18.092,5113,0
20130219,18.09,18.09,17.894,17.992,1329,0
20130220,17.994,18.092,17.749,18.092,1023,0
20130221,18.089,18.089,17.942,17.942,511,0
20130222,18.161,18.161,18.161,18.161,307,0
20130225,18.142,18.142,17.633,17.633,1023,0
20130227,17.324,17.324,17.324,17.324,102,0
20130228,17.503,17.503,17.503,17.503,102,0
20130301,17.524,17.563,17.113,17.563,1534,0
20130304,17.611,18.208,17.611,18.042,25347,0
20130305,18.02,18.04,17.795,17.942,3887,0
20130306,17.897,17.985,17.447,17.603,4192,0
20130307,17.499,17.812,17.499,17.793,920,0
20130308,17.936,17.936,17.613,17.613,716,0
20130311,17.801,17.801,17.615,17.703,2147,0
20130312,17.616,17.753,17.43,17.753,1125,0
20130313,17.706,17.706,17.305,17.364,307,0
20130314,17.2,17.591,16.945,16.945,1432,0
20130315,16.773,17.311,16.499,16.626,1432,0
20130318,16.426,16.426,15.81,16.367,614,0
20130319,15.922,15.922,15.58,15.58,1738,0
20130320,15.262,15.995,15.262,15.311,2044,0
20130321,15.35,15.35,15.302,15.35,307,0
20130322,15.454,16.168,15.454,16.168,1738,0
20130325,16.609,16.766,16.238,16.766,2455,0
20130326,16.707,17.401,16.707,17.254,1023,0
20130327,17.113,17.113,16.487,16.487,1534,0
20130328,16.511,17.02,16.032,16.238,1329,0
20130404,15.836,16.618,15.836,16.178,511,0
20130405,16.383,16.383,15.434,15.649,409,0
20130408,15.346,15.649,13.889,15.649,6748,0
20130410,15.253,15.35,15.155,15.35,409,0
20130411,15.35,15.35,15.35,15.35,102,0
20130412,15.351,15.4,14.843,15.4,716,0
20130415,14.843,15.4,14.843,15.4,818,0
20130416,15.407,15.407,15.211,15.221,1534,0
20130417,15.231,15.231,15.231,15.231,102,0
20130418,15.399,15.399,14.284,14.822,1432,0
20130419,14.866,14.964,14.573,14.573,1125,0
20130423,14.943,14.943,14.473,14.473,205,0
20130424,14.78,14.78,14.673,14.673,511,0
20130425,15.407,15.475,14.81,15.231,1329,0
20130426,15.161,15.161,15.161,15.161,205,0
20130429,14.912,14.912,14.912,14.912,205,0
20130430,15.161,15.161,15.161,15.161,102,0
20130503,14.771,14.771,14.722,14.722,818,0
20130506,15.25,15.25,14.722,14.722,205,0
20130507,14.743,14.772,14.743,14.772,205,0
20130508,14.862,14.862,14.862,14.862,102,0
20130513,14.427,14.867,14.427,14.623,920,0
20130514,14.889,15.251,14.889,15.251,1432,0
20130515,15.447,15.447,15.203,15.301,2353,0
20130516,15.304,15.46,15.304,15.46,205,0
20130517,15.65,15.65,15.131,15.131,2454,0
20130520,15.4,15.41,15.4,15.41,307,0
20130521,15.5,15.637,15.49,15.5,818,0
20130522,15.504,15.7,15.191,15.191,4396,0
20130523,15.649,15.649,14.895,15.6,3374,0
20130524,15.356,15.453,15.101,15.101,716,0
20130527,15.254,15.45,15.108,15.44,1943,0
20130528,15.451,16.136,15.451,16.028,15441,0
20130529,16.137,16.626,15.824,16.626,15235,0
20130530,16.812,17.399,16.812,17.155,9617,0
20130531,17.165,17.224,16.549,17.214,3068,0
20130603,17.213,17.213,16.646,17.155,2761,0
20130604,17.147,17.147,16.776,16.776,307,0
20130605,16.636,16.646,16.626,16.626,1023,0
20130606,16.646,16.822,16.626,16.626,716,0
20130607,16.723,17.095,16.723,17.095,1023,0
20130610,16.689,16.689,16.19,16.327,1842,0
20130611,16.333,16.626,16.333,16.626,1636,0
20130612,16.796,16.826,16.796,16.826,1534,0
20130613,16.824,16.824,16.726,16.726,3782,0
20130614,16.722,16.722,16.497,16.527,3579,0
20130617,16.537,16.537,16.537,16.537,307,0
20130619,16.559,16.676,16.559,16.676,511,0
20130620,16.624,16.624,16.527,16.527,1432,0
20130621,16.784,17.214,15.933,17.214,4498,0
20130624,17.209,17.277,16.153,16.407,2352,0
20130625,16.576,16.576,16.576,16.576,1534,0
20130626,16.597,16.626,16.597,16.626,1534,0
20130627,16.407,16.407,16.407,16.407,102,0
20130628,16.726,16.726,16.726,16.726,205,0
20130701,16.727,16.776,16.727,16.776,409,0
20130702,16.78,17.503,16.78,17.503,818,0
20130703,17.508,17.508,16.726,16.726,2045,0
20130704,16.875,16.875,16.317,16.317,2351,0
20130705,16.527,16.527,16.527,16.527,102,0
20130708,16.529,16.626,16.529,16.626,409,0
20130709,16.427,16.427,16.31,16.427,1636,0
20130710,16.477,17.113,16.477,17.015,4295,0
20130711,17.023,17.179,16.827,16.905,1635,0
20130712,16.908,17.113,16.819,17.015,1943,0
20130715,17.124,18.043,17.124,17.603,6135,0
20130716,17.707,17.883,17.384,17.384,3067,0
20130717,17.88,18.672,17.41,18.261,8077,0
20130718,18.236,18.676,18.09,18.5,7056,0
20130719,18.505,18.779,18.241,18.241,3374,0
20130722,18.381,18.43,18.381,18.411,2966,0
20130723,18.58,18.58,18.482,18.58,4090,0
20130724,18.578,18.578,18.285,18.48,1432,0
20130725,18.488,18.585,18.292,18.341,1534,0
20130726,18.334,18.529,18.334,18.48,1329,0
20130729,18.385,18.581,18.102,18.102,1534,0
20130730,18.48,18.48,18.48,18.48,614,0
20130731,18.48,18.48,18.48,18.48,818,0
20130801,18.482,18.58,18.482,18.58,818,0
20130802,18.191,18.191,18.191,18.191,409,0
20130805,18.191,18.191,18.191,18.191,614,0
20130806,18.226,18.48,18.187,18.47,716,0
20130807,18.092,18.092,17.114,17.603,5215,0
20130808,17.621,17.621,17.503,17.503,1329,0
20130809,17.122,17.484,17.112,17.484,1125,0
20130812,17.408,17.76,17.115,17.115,4601,0
20130813,17.115,17.125,17.115,17.125,307,0
20130815,17.533,17.553,17.533,17.533,716,0
20130816,17.245,17.284,17.245,17.284,307,0
20130819,17.265,17.314,17.216,17.314,716,0
20130820,17.256,17.588,17.217,17.334,716,0
20130821,17.602,18.58,17.602,18.58,2147,0
20130822,18.577,18.577,18.235,18.43,614,0
20130823,18.435,18.435,18.093,18.141,614,0
20130826,18.39,18.39,18.096,18.341,614,0
20130827,18.092,18.092,18.092,18.092,102,0
20130828,17.922,17.922,17.912,17.912,307,0
20130829,18.029,18.029,17.892,17.892,409,0
20130830,17.892,17.892,17.892,17.892,205,0
20130902,17.946,18.141,17.907,18.141,409,0
20130903,18.093,18.141,18.093,18.141,205,0
20130904,18.141,18.141,18.141,18.141,307,0
20130905,18.148,18.148,17.189,17.444,2453,0
20130909,17.361,17.361,17.184,17.184,307,0
20130910,17.345,17.404,17.11,17.404,1227,0
20130911,17.574,17.613,17.574,17.613,409,0
20130912,17.603,17.603,17.593,17.593,205,0
20130913,17.553,17.553,17.553,17.553,102,0
20130916,17.882,18.097,17.882,17.882,920,0
20130917,17.85,17.85,17.713,17.713,614,0
20130918,17.548,17.803,17.548,17.803,307,0
20130919,17.692,17.692,17.633,17.633,409,0
20130920,17.689,17.689,17.464,17.464,102,0
20130923,17.604,18.181,17.604,18.181,2045,0
20130924,18.018,18.018,17.813,17.813,1329,0
20130925,17.973,18.57,17.973,18.57,1943,0
20130926,18.581,19.168,18.581,19.168,1534,0
20130927,19.17,19.904,18.975,19.806,10122,0
20130930,19.509,19.871,19.362,19.597,6954,0
20131001,19.635,19.782,19.361,19.547,5829,0
20131002,19.564,21.168,19.564,20.444,8894,0
20131003,20.777,21.657,20.777,21.511,2762,0
20131004,22.103,23.473,21.458,22.348,8589,0
20131007,22.343,22.343,22.011,22.099,2659,0
20131008,21.902,21.902,20.24,20.524,7159,0
20131009,20.529,20.783,20.529,20.783,716,0
20131010,20.773,21.271,20.773,21.271,1329,0
20131011,21.463,22.147,21.463,22.089,2556,0
20131014,22.497,22.986,22.301,22.986,3680,0
20131015,22.741,23.318,22.741,22.976,2863,0
20131016,23.036,23.33,23.036,23.066,1636,0
20131017,23.066,23.183,23.066,23.066,1125,0
20131018,22.842,25.228,22.842,25.219,1738,0
20131021,27.188,28.361,25.916,27.481,10634,0
20131022,27.731,27.868,26.401,27.77,7465,0
20131023,27.781,28.847,27.703,28.847,6136,0
20131024,29.335,29.335,28.866,29.325,5625,0
20131025,29.343,29.343,27.192,27.681,6748,0
20131028,28.267,29.246,27.661,29.246,2761,0
20131029,29.337,29.337,28.927,28.927,4192,0
20131030,28.95,29.634,28.95,29.634,2761,0
20131031,29.628,29.824,29.139,29.824,2659,0
20131101,29.746,29.814,29.091,29.335,205,0
20131104,29.731,29.926,29.046,29.046,3068,0
20131105,29.04,29.167,28.189,28.727,2864,0
20131106,28.21,28.728,25.238,25.707,13090,0
20131107,25.721,26.493,25.721,26.445,1943,0
20131108,26.414,26.893,26.414,26.893,2045,0
20131111,26.89,27.966,26.89,27.77,2965,0
20131112,28.071,28.149,27.768,28.149,614,0
20131113,28.15,28.199,28.15,28.199,1125,0
20131114,28.208,28.218,27.142,27.142,818,0
20131115,27.64,27.64,24.941,26.574,5214,0
20131118,26.069,27.38,25.991,26.255,3783,0
20131119,26.307,26.943,25.916,26.943,1329,0
20131120,26.834,26.893,26.834,26.893,205,0
20131121,26.85,27.133,26.527,26.654,409,0
20131122,27.165,28.338,27.165,27.82,2761,0
20131125,28.333,29.066,28.127,29.066,4397,0
20131126,29.34,29.594,29.046,29.046,2761,0
20131127,28.854,28.913,28.365,28.727,1943,0
20131128,28.701,28.701,27.39,27.85,3272,0
20131129,27.972,28.069,27.385,28.069,2556,0
20131202,28.268,28.787,28.014,28.767,920,0
20131203,28.512,28.756,26.418,26.614,3374,0
20131204,26.696,27.067,26.696,26.793,818,0
20131205,26.796,27.187,26.405,26.405,1023,0
20131206,26.891,28.378,26.891,27.82,3783,0
20131209,28.043,28.043,26.459,26.694,1329,0
20131210,26.473,26.952,26.473,26.893,920,0
20131211,26.896,27.043,26.896,27.043,614,0
20131212,27.043,27.043,27.043,27.043,307,0
20131213,27.106,27.292,27.106,27.292,307,0
20131216,27.385,27.541,27.287,27.541,614,0
20131218,27.512,27.512,23.472,24.939,12269,0
20131219,25.171,25.611,25.044,25.278,2556,0
20131220,25.419,25.517,24.959,24.959,2761,0
20131223,24.74,25.238,24.74,25.238,1432,0
20131227,25.43,25.469,24.775,25.039,1023,0
20131230,24.645,24.645,24.371,24.371,2045,0
20140102,24.591,24.591,24.591,24.591,511,0
20140103,24.698,24.805,24.453,24.571,1125,0
20140106,24.565,24.79,24.565,24.79,205,0
20140107,24.84,25.906,24.821,25.906,716,0
20140108,26.142,26.494,26.142,26.494,818,0
20140109,26.987,27.691,26.987,27.691,716,0
20140110,27.692,27.868,27.692,27.77,307,0
20140113,27.974,27.974,27.681,27.681,2147,0
20140114,27.489,27.89,27.489,27.89,1023,0
20140115,27.877,28.395,27.877,28.229,1227,0
20140116,28.89,29.34,28.558,28.558,2965,0
20140117,29.046,29.066,29.036,29.036,1534,0
20140120,29.008,29.008,27.864,28.069,3170,0
20140121,28.065,28.328,28.065,28.328,716,0
20140122,28.586,29.095,28.586,29.036,920,0
20140123,28.801,30.199,28.468,28.468,2454,0
20140124,28.732,29.045,28.488,28.488,1023,0
20140127,28.752,28.752,28.468,28.468,511,0
20140128,28.47,28.734,28.47,28.558,307,0
20140129,28.751,28.995,28.604,28.947,2352,0
20140131,28.947,28.947,28.937,28.947,307,0
20140203,28.949,28.949,28.02,28.02,2352,0
20140204,28.026,28.026,27.83,27.83,205,0
20140205,27.864,28.079,27.864,28.079,716,0
20140206,28.259,28.259,28.259,28.259,205,0
20140207,28.524,28.935,28.524,28.837,1329,0
20140210,28.827,32.249,28.827,31.897,3989,0
20140211,31.617,33.348,31.294,33.133,2147,0
20140212,33.074,33.348,32.086,32.086,2659,0
20140213,32.075,33.043,32.065,33.043,1738,0
20140214,33.052,38.626,33.052,37.648,12374,0
20140217,37.649,38.04,37.355,37.658,3681,0
20140218,38.527,39.593,37.647,38.625,12886,0
20140219,38.625,39.114,37.657,38.625,7056,0
20140220,38.487,38.536,38.105,38.536,1227,0
20140221,38.351,39.124,38.351,39.124,2250,0
20140224,38.754,39.116,38.099,38.725,2863,0
20140225,38.637,39.312,38.628,39.263,4908,0
20140226,39.241,39.241,38.097,38.097,3987,0
20140227,38.134,38.496,37.792,38.496,2556,0
20140228,38.616,38.616,37.922,38.137,716,0
20140303,38.339,38.339,33.596,36.432,11451,0
20140304,36.196,38.748,36.196,38.416,5624,0
20140305,38.54,38.588,38.021,38.227,4907,0
20140306,38.83,38.83,38.087,38.087,920,0
20140307,38.282,38.282,38.047,38.047,511,0
20140310,38.274,38.323,37.658,37.658,2045,0
20140311,38,38.137,38,38.137,307,0
20140312,37.993,38.14,37.798,37.798,818,0
20140313,38.135,38.144,37.499,37.499,409,0
20140314,36.432,36.696,36.432,36.432,2250,0
20140317,36.432,38.427,36.432,37.957,3068,0
20140318,38.139,38.354,37.748,37.748,1841,0
20140319,38.091,38.825,38.081,38.825,1227,0
20140320,38.781,38.781,36.864,38.067,2863,0
20140321,38.662,39.562,38.633,39.562,4908,0
20140324,39.932,44.01,39.932,42.044,4192,0
20140325,42.832,44.397,42.832,44.397,2147,0
20140326,44.409,45.964,44.027,45.054,1432,0
20140327,45.965,48.067,45.965,46.649,3272,0
20140328,48.796,48.796,46.468,47.925,5727,0
20140331,48.8,53.787,48.213,52.8,8078,0
20140401,51.74,52.65,48.62,50.018,5113,0
20140402,50.27,50.27,47.238,49.879,3068,0
20140403,49.537,52.403,48.872,48.872,4192,0
20140404,49.075,49.671,47.892,48.214,4499,0
20140407,47.832,48.224,47.148,47.676,1943,0
20140408,46.949,46.949,45.297,45.962,6033,0
20140409,45.968,49.089,45.968,48.414,2761,0
20140410,49.176,52.54,49.176,51.484,6953,0
20140411,52.706,52.706,48.168,51.464,14621,0
20140414,52.716,52.716,48.901,51.982,6237,0
20140415,52.706,54.672,51.836,53.567,8384,0
20140416,52.833,54.183,52.833,53.547,1329,0
20140417,53.541,55.741,53.531,55.301,1738,0
20140422,55.953,59.66,55.953,57.704,10326,0
20140423,58.682,58.682,57.449,57.704,2863,0
20140424,57.799,57.799,56.919,57.574,4295,0
20140425,57.698,57.698,53.591,53.786,3783,0
20140428,54.744,54.763,53.971,54.763,818,0
20140429,55.516,55.545,54.665,55.252,716,0
20140430,55.741,55.741,54.743,54.743,1534,0
20140502,55.725,55.725,50.268,54.963,7158,0
20140505,54.962,54.962,53.114,53.398,1841,0
20140506,54.278,54.278,53.408,53.408,205,0
20140507,54.031,54.383,52.623,53.786,1125,0
20140508,54.535,54.535,53.518,54.055,614,0
20140509,54.55,56.232,54.55,55.401,2147,0
20140512,54.771,58.536,54.771,56.727,2352,0
20140513,57.734,57.734,56.727,56.737,409,0
20140514,57.697,57.697,56.729,56.817,614,0
20140515,56.713,56.722,55.559,55.979,716,0
20140516,55.929,55.929,54.482,54.883,1534,0
20140519,54.952,55.451,54.913,55.431,2454,0
20140520,54.766,55.441,54.766,55.441,102,0
20140521,55.438,55.438,54.764,55.311,205,0
20140522,54.606,55.252,54.489,55.252,307,0
20140523,55.256,55.256,54.474,54.474,205,0
20140526,55.288,57.704,55.053,57.704,3272,0
20140527,57.704,57.704,57.068,57.704,818,0
20140528,56.913,57.695,56.59,56.727,1432,0
20140529,57.438,57.438,56.587,56.587,102,0
20140530,56.604,56.604,54.629,55.421,2863,0
20140602,55.456,55.72,51.065,52.082,3170,0
20140603,52.559,54.594,52.139,54.594,3068,0
20140604,54.587,55.731,54.098,54.763,2556,0
20140605,55.457,55.741,54.763,54.763,2250,0
20140606,54.674,54.674,53.178,53.178,1023,0
20140609,52.809,52.809,52.056,52.271,614,0
20140610,52.456,54.177,52.055,53.786,3783,0
20140611,53.786,54.275,53.786,53.786,818,0
20140612,54.271,54.281,53.547,53.547,1227,0
20140613,53.053,53.786,51.83,53.786,4192,0
20140616,53.786,53.786,53.209,53.786,1227,0
20140618,53.399,54.768,53.399,54.524,1125,0
20140619,54.533,56.059,54.533,56.059,2454,0
20140620,56.238,59.857,56.238,59.857,3374,0
20140623,60.638,62.594,60.638,62.398,2965,0
20140624,63.077,66.06,60.084,62.588,3783,0
20140625,62.589,62.589,60.594,61.601,1636,0
20140626,61.79,62.534,61.79,61.79,307,0
20140627,62.277,62.688,61.632,62.199,3988,0
20140630,62.593,62.593,58.681,58.69,3988,0
20140701,58.679,59.657,57.701,59.617,2045,0
20140702,59.66,60.345,59.66,60.345,102,0
20140703,60.635,61.222,59.686,60.146,716,0
20140704,59.619,60.225,59.619,60.225,205,0
20140707,60.622,60.622,58.431,58.431,1023,0
20140708,57.858,59.071,55.755,56.039,5931,0
20140709,55.754,56.712,54.766,56.478,2045,0
20140710,56.533,56.875,54.274,54.763,3783,0
20140711,55.624,58.303,54.763,54.763,5828,0
20140714,55.749,55.749,54.537,54.673,307,0
20140715,56.42,57.407,54.777,54.963,2863,0
20140716,56.226,56.226,55.6,55.6,307,0
20140717,56.136,56.136,54.962,55.979,307,0
20140718,54.964,56.109,54.964,56.109,511,0
20140721,55.26,56.14,55.162,55.172,205,0
20140722,55.159,55.159,54.963,54.992,716,0
20140723,54.992,55.442,54.992,54.992,307,0
20140724,54.967,55.456,54.673,54.673,1738,0
20140725,55.449,55.449,53.395,53.786,1227,0
20140728,53.401,53.783,52.032,52.042,4601,0
20140729,52.959,53.497,52.099,53.497,1432,0
20140730,53.287,53.736,52.318,53.736,1227,0
20140731,53.296,55.692,52.719,54.255,1227,0
20140801,52.516,52.516,42.247,47.626,10839,0
20140804,47.532,48.843,47.532,47.826,2352,0
20140805,46.941,48.653,45.113,48.653,1943,0
20140806,48.849,48.898,46.111,46.111,2250,0
20140807,46.442,49.141,45.591,49.141,1125,0
20140808,47.935,47.935,44.013,47.427,4601,0
20140811,46.225,47.585,45.991,47.507,2659,0
20140812,48.186,48.196,47.237,47.237,307,0
20140813,48.356,48.463,48.356,48.463,614,0
20140814,48.423,48.657,47.924,48.364,2147,0
20140815,48.376,48.406,44.396,46.45,2045,0
20140818,44.989,48.402,44.989,47.786,511,0
20140819,47.921,48.409,47.676,47.676,307,0
20140820,46.95,48.085,46.755,48.085,205,0
20140821,48.414,48.414,46.849,46.849,614,0
20140822,47.335,48.841,47.335,48.802,818,0
20140825,48.877,49.141,48.867,49.141,818,0
20140826,48.44,49.291,47.961,49.291,511,0
20140827,49.281,49.291,49.271,49.291,307,0
20140828,49.392,49.392,47.925,48.414,614,0
20140829,48.889,49.251,48.41,49.251,1227,0
20140901,49.683,49.879,49.683,49.879,307,0
20140902,49.37,49.37,48.901,49.341,2045,0
20140904,49.879,49.879,49.879,49.879,205,0
20140905,49.618,49.618,48.943,49.53,511,0
20140908,49.876,49.876,48.703,48.703,205,0
20140909,48.894,49.52,48.748,49.52,1943,0
20140910,48.712,48.908,48.703,48.703,1841,0
20140911,48.902,49.626,48.892,48.902,1023,0
20140915,47.522,47.522,45.126,47.277,1738,0
20140916,47.614,47.623,46.45,46.45,307,0
20140917,47.563,48.62,47.563,47.925,1023,0
20140918,47.916,48.014,47.329,47.427,716,0
20140919,47.622,47.925,47.045,47.925,409,0
20140922,47.433,47.922,47.237,47.237,920,0
20140923,47.433,47.433,47.237,47.237,102,0
20140924,47.134,47.134,46.645,46.938,511,0
20140926,46.647,48.055,46.451,48.055,2147,0
20140929,46.327,49.779,46.327,49.779,7055,0
20140930,49.046,49.779,47.501,49.779,2659,0
20141001,47.581,47.923,47.297,47.297,511,0
20141002,47.331,47.331,45.962,45.962,511,0
20141006,45.038,48.402,45.038,47.806,9509,0
20141007,47.51,47.969,47.089,47.148,1841,0
20141008,47.535,47.535,45.344,45.354,1738,0
20141009,45.71,45.719,44.008,44.008,1432,0
20141010,44.499,44.499,36.773,42.054,12475,0
20141013,41.061,42.02,40.875,41.775,511,0
20141014,40.835,40.835,38.438,39.612,2556,0
20141015,39.612,40.981,38.927,39.612,1738,0
20141016,40,40.489,37.849,40.489,3068,0
20141017,41.064,44.008,40.096,44.008,1329,0
20141020,46.211,46.211,42.054,42.054,6749,0
20141021,42.512,44.487,42.052,44.008,2863,0
20141022,44.008,44.497,42.541,43.998,10021,0
20141023,44.008,44.712,43.666,44.008,4192,0
20141024,44.595,44.947,43.373,43.519,3068,0
20141027,44.805,44.991,43.769,43.769,3170,0
20141028,44.006,45.757,44.006,45.473,4704,0
20141029,45.032,45.081,42.255,42.832,3783,0
20141030,42.782,42.782,40.68,41.267,5727,0
20141031,41.569,41.569,40.102,40.151,6543,0
20141103,41.464,42.53,41.464,42.413,2352,0
20141104,42.415,42.738,42.054,42.543,6749,0
20141105,42.789,42.789,40.363,41.077,3783,0
20141106,41.078,42.154,41.078,42.154,1329,0
20141107,41.81,42.25,41.81,42.054,716,0
20141110,42.071,45.376,42.071,44.995,8487,0
20141111,45.08,45.373,44.787,45.373,1534,0
20141112,45.382,45.382,44.795,44.795,716,0
20141113,44.887,44.985,42.736,42.931,1432,0
20141114,43.522,43.522,42.094,42.094,307,0
20141117,43.027,44.347,41.55,44.347,3681,0
20141118,44.102,44.542,42.987,43.809,614,0
20141119,43.18,44.403,43.131,43.161,1125,0
20141120,43.129,43.129,43.021,43.031,716,0
20141121,42.631,42.924,41.653,42.054,920,0
20141124,42.243,42.722,41.568,42.194,1636,0
20141125,42.051,42.051,41.562,41.905,1227,0
20141126,41.563,43.519,41.524,43.519,12782,0
20141127,43.992,44.207,43.62,44.197,1534,0
20141128,44.501,45.772,44.07,45.772,4806,0
20141201,45.772,47.064,45.528,46.31,2556,0
20141202,46.627,46.627,44.798,45.473,1841,0
20141203,45.485,46.659,45.485,46.649,1227,0
20141204,46.552,46.552,45.467,46.161,614,0
20141205,46.639,47.441,46.609,46.609,3579,0
20141208,46.941,48.115,46.657,48.115,1841,0
20141209,47.428,48.123,46.45,46.45,1943,0
20141210,46.449,46.928,46.439,46.928,307,0
20141211,46.444,47.227,46.444,47.188,614,0
20141212,46.935,46.935,46.251,46.261,1125,0
20141215,45.597,45.685,45.284,45.284,920,0
20141216,44.005,46.665,43.966,45.912,4806,0
20141217,45.887,46.649,45.887,46.649,409,0
20141218,46.645,47.467,46.645,47.467,102,0
20141219,47.149,47.482,46.015,46.699,2250,0
20141222,47.236,47.509,46.463,47.138,2659,0
20141223,47.429,48.065,47.429,48.065,1432,0
20141229,47.45,48.076,46.951,47.626,920,0
20141230,46.313,46.313,43.614,45.433,3374,0
20150102,46.207,47.576,45.963,47.576,1227,0
20150105,48.059,48.401,47.248,47.257,1738,0
20150106,47.258,47.277,46.358,47.267,205,0
20150107,46.21,47.902,46.161,46.699,1432,0
20150108,47.666,47.666,47.666,47.666,102,0
20150109,47.095,47.144,46.958,46.958,818,0
20150112,46.48,47.526,46.46,46.988,614,0
20150113,46.938,46.938,46.938,46.938,205,0
20150114,47.284,48.164,46.453,48.164,1738,0
20150115,48.214,48.41,46.943,47.188,1636,0
20150116,47.563,47.934,47.338,47.895,102,0
20150119,47.133,47.427,46.938,47.427,716,0
20150120,47.916,47.916,47.427,47.427,205,0
20150121,47.432,48.214,47.432,48.214,2761,0
20150122,48.404,48.707,48.267,48.414,1738,0
20150123,48.894,49.872,48.894,48.992,2250,0
20150126,49.479,49.479,48.325,48.902,205,0
20150127,48.421,48.714,48.264,48.264,511,0
20150128,48.89,49.633,48.89,49.291,2761,0
20150129,49.637,49.637,48.317,48.463,716,0
20150130,47.921,47.921,47.676,47.676,205,0
20150202,48.967,48.967,47.969,48.703,409,0
20150203,47.491,47.912,46.699,46.699,1023,0
20150204,46.55,46.55,43.636,44.496,3068,0
20150205,44.402,48.041,43.62,47.816,3579,0
20150206,46.458,47.534,46.36,46.36,102,0
20150209,45.689,45.689,44.496,44.496,2659,0
20150210,44.503,47.427,44.004,47.427,4192,0
20150211,46.844,47.138,46.209,47.138,920,0
20150212,45.967,46.935,45.772,46.261,205,0
20150213,45.532,46.764,45.532,45.972,409,0
20150216,46.759,53.791,46.211,50.906,9509,0
20150217,52.224,52.616,51.344,51.344,3068,0
20150218,52.616,52.616,50.807,50.856,2659,0
20150219,51.101,51.805,50.338,50.367,2761,0
20150220,50.856,51.345,50.856,50.856,1943,0
20150223,51.339,53.588,50.85,53.148,3272,0
20150224,51.839,53.785,51.633,51.633,3681,0
20150225,52.802,52.812,49.78,50.856,4704,0
20150226,50.369,50.848,48.853,49.4,920,0
20150227,49.527,49.782,49.361,49.391,1023,0
20150302,53.496,53.594,51.384,51.384,6646,0
20150303,52.562,52.797,51.34,51.633,5931,0
20150304,52.029,52.323,51.247,51.345,4908,0
20150305,53.59,54.177,52.612,53.248,11658,0
20150306,55.258,56.705,53.986,55.062,26687,0
20150309,58.777,59.657,56.527,56.527,12373,0
20150310,57.554,57.886,56.517,57.544,7362,0
20150311,57.556,57.654,56.412,57.654,4295,0
20150312,57.722,57.722,57.214,57.654,3170,0
20150313,57.696,57.696,55.3,55.72,2761,0
20150316,57.113,58.081,56.731,57.993,6340,0
20150317,57.698,57.698,54.773,56.837,5317,0
20150318,57.559,57.559,55.994,56.238,716,0
20150319,56.723,57.066,56.234,56.557,2045,0
20150320,57.213,57.693,56.059,56.099,1738,0
20150323,57.116,57.116,55.551,55.561,2250,0
20150324,55.544,56.708,54.763,55.74,8488,0
20150325,56.911,56.911,55.992,56.139,818,0
20150326,55.123,55.123,51.445,52.57,9099,0
20150327,52.417,54.324,52.417,54.324,614,0
20150330,54.568,55.243,54.558,54.764,1432,0
20150331,54.573,54.573,53.546,54.035,1227,0
20150401,54.559,54.559,53.298,53.298,409,0
20150402,52.814,52.814,51.014,52.013,1432,0
20150407,51.06,52.84,51.05,51.833,1534,0
20150408,53.241,53.789,51.833,53.251,2459,0
20150409,54.121,54.121,52.341,52.38,626,0
20150410,53.779,53.779,52.703,52.811,1646,0
20150413,52.811,52.811,51.441,51.441,1482,0
20150414,51.93,51.93,48.507,50.111,5896,0
20150415,50.366,50.454,48.899,49.397,3175,0
20150416,49.505,50.248,46.869,48.899,7214,0
20150417,48.527,48.703,44.987,46.679,3645,0
20150420,45.72,48.214,45.72,48.214,1758,0
20150421,49.192,50.561,48.263,48.864,2765,0
20150422,49.133,50.366,47.921,47.926,2996,0
20150423,48.625,49.192,45.481,46.943,2918,0
20150424,47.187,47.432,46.742,46.948,1607,0
20150427,46.454,48.899,43.539,44.596,5650,0
20150428,44.889,44.889,43.041,44.004,7213,0
20150429,43.52,44.195,43.129,43.28,3730,0
20150430,43.515,43.715,43.226,43.715,758,0
20150504,44.791,45.525,43.52,43.999,1805,0
20150505,43.882,44.899,43.226,43.334,2649,0
20150506,43.51,44.165,43.236,43.236,298,0
20150507,43.226,43.319,42.336,43.319,6015,0
20150508,43.226,43.52,43.226,43.52,459,0
20150511,43.564,43.911,43.324,43.911,3272,0
20150512,43.764,44.395,43.407,43.569,7629,0
20150513,43.794,44.498,43.794,44.493,4108,0
20150514,45.295,45.295,44.786,44.791,157,0
20150515,44.997,44.997,44.302,44.312,358,0
20150518,44.547,44.547,43.711,44.4,514,0
20150519,44.805,44.805,44.255,44.255,255,0
20150520,44.255,44.255,41.96,41.96,1696,0
20150521,40.65,42.98,39.025,41.295,3506,0
20150522,41.595,42.055,41.595,42,1662,0
20150526,41.9,42.75,41.9,42.5,856,0
20150527,42.005,42.005,41.93,41.93,717,0
20150528,42.495,42.495,41.55,41.55,800,0
20150529,42.9,42.9,42.25,42.25,1503,0
20150601,42.95,42.95,41.85,42.8,977,0
20150602,42.9,42.95,42.76,42.795,257,0
20150603,42.95,43.9,42.1,43.305,2445,0
20150604,42.19,44.225,42.19,43.99,1668,0
20150605,42.74,43.585,41.5,42.81,1741,0
20150608,42.5,43,42,42,1024,0
20150609,42.745,42.9,42.685,42.9,350,0
20150610,42,43,42,43,783,0
20150611,43,43.3,43,43.3,2126,0
20150612,43.495,43.5,43.01,43.475,804,0
20150615,43.25,43.25,42.29,42.5,710,0
20150616,42.5,42.5,41.905,41.905,389,0
20150617,41.7,43.005,41.5,42,834,0
20150618,41.51,42.295,41.2,42.295,1214,0
20150619,42.395,42.395,42,42,154,0
20150622,41,42,41,41.95,1364,0
20150623,42.49,42.5,41.375,42,726,0
20150624,42.25,42.25,41,41,1045,0
20150625,41,41.01,41,41,625,0
20150626,41,42.74,41,41.74,1886,0
20150629,38.5,41.2,36.5,41.2,2627,0
20150630,40.995,42.5,40.995,42.5,1053,0
20150701,43.25,45.005,42.265,43.61,2240,0
20150702,44,44,43.25,43.98,115,0
20150703,43.59,43.6,43.59,43.6,921,0
20150707,43.495,43.495,43.24,43.24,58,0
20150708,43.24,43.24,41.475,41.475,290,0
20150709,41.975,41.975,40.51,40.51,198,0
20150710,41.49,43.24,41.49,43,1328,0
20150713,42.975,43.59,42.975,43.5,671,0
20150714,43,45.005,43,44.6,1628,0
20150715,45.2,46.49,44.615,46.2,274,0
20150716,46.745,46.84,46.015,46.84,546,0
20150717,47.3,47.3,46.805,47.1,653,0
20150720,47.1,47.36,46.1,46.75,1736,0
20150721,46.845,46.845,46,46,5789,0
20150722,46,46,45.7,45.7,185,0
20150724,46.22,46.71,46.005,46.71,334,0
20150727,46.505,46.885,46.2,46.2,479,0
20150728,46.5,46.8,46.25,46.25,416,0
20150729,46.805,47,46.505,47,238,0
20150730,46.505,47,46.505,47,120,0
20150731,46.99,47,46.99,47,200,0
20150803,46.205,46.68,45.11,46.68,1031,0
20150804,46.605,46.605,45.415,45.415,2538,0
20150805,45.495,45.495,45.005,45.495,46,0
20150806,45.005,45.005,40.5,41,12061,0
20150807,41,41,39.9,39.9,5080,0
20150810,41,41,40,40,2711,0
20150811,39.9,39.9,38,38.035,7225,0
20150812,37.9,38,36.75,36.75,7627,0
20150813,37.955,41.36,37.955,39.655,4789,0
20150814,40.3,41,38.97,38.97,1753,0
20150817,39.47,41.9,39.47,40.155,2674,0
20150818,40.25,40.68,39.75,40.1,19809,0
20150819,40.995,40.995,39.88,39.88,932,0
20150820,40,42,40,42,3941,0
20150821,41.05,43,41.05,43,5793,0
20150824,41.15,41.41,39.85,41.41,5604,0
20150825,41.41,43.39,40.87,43.39,1286,0
20150826,43,43,42.15,42.6,1065,0
20150827,42.5,42.5,42.5,42.5,50,0
20150828,42.205,43,41.65,43,2258,0
20150831,42.395,42.98,42,42.98,1540,0
20150901,40.5,41.99,40.5,41.99,430,0
20150902,41.385,41.995,41.25,41.995,417,0
20150903,42.895,42.9,42.89,42.9,878,0
20150904,42.025,42.025,42,42,273,0
20150907,41.4,41.505,40.355,41.5,2284,0
20150908,40.89,40.89,39.755,40.005,845,0
20150909,40,42,40,41.45,2895,0
20150910,42,42,41.005,41.5,34,0
20150911,41.75,41.75,40.5,41,2194,0
20150914,41.795,41.85,41.79,41.85,786,0
20150915,42,42.005,41.6,42,1474,0
20150916,42,42.885,42,42.885,185,0
20150917,42.885,42.9,42.885,42.9,670,0
20150918,42.005,42.9,42.005,42.9,470,0
20150921,42,43,42,42.29,2889,0
20150922,42,42.61,41.9,41.9,3450,0
20150923,42.005,43.01,42,43.01,1853,0
20150924,42,43.05,41.98,43.05,3072,0
20150925,42.955,43.3,42.275,43.105,2232,0
20150928,43,45,43,45,3685,0
20150929,44.225,44.8,44,44.8,1510,0
20150930,45.95,46,43.955,46,1812,0
20151001,46.835,46.835,46.785,46.785,115,0
20151002,46,46,45.195,46,1408,0
20151006,45.705,45.705,45.705,45.705,100,0
20151007,44.595,45.195,44.59,45.195,425,0
20151008,44.355,44.355,44.355,44.355,37,0
20151009,44.885,44.895,44.885,44.895,503,0
20151012,46,46,46,46,177,0
20151013,45.995,46,45.58,45.655,679,0
20151014,45.19,45.19,45,45,170,0
20151015,44.35,44.5,44.35,44.5,683,0
20151016,44.295,45,44.295,45,816,0
20151019,45.645,45.645,45.635,45.635,200,0
20151020,45.01,45.02,42.79,43.2,8833,0
20151021,43,43,42.7,42.7,410,0
20151022,42.25,42.75,42.25,42.25,375,0
20151023,42.655,44,41.99,43.9,3764,0
20151026,43.6,43.98,43.6,43.605,620,0
20151027,43.975,44,43.975,44,400,0
20151028,44.005,44.005,44,44,194,0
20151029,44,44.635,44,44.635,241,0
20151030,44.65,44.65,44.65,44.65,150,0
20151102,44.64,46.96,44.64,46.505,1006,0
20151103,46.145,47.5,45.25,46.79,3696,0
20151104,46.055,46.495,45.8,46,1502,0
20151105,46.005,47.5,46,46.67,2848,0
20151106,46.135,46.89,46,46,850,0
20151109,46,46.005,46,46,530,0
20151110,46.005,46.005,46,46,756,0
20151111,46.005,46.005,46,46,265,0
20151112,46.745,46.745,46.02,46.02,179,0
20151113,46,46.395,46,46,277,0
20151116,45.755,45.755,45.7,45.7,748,0
20151117,45.805,46.405,45.2,46.225,4450,0
20151118,45.5,45.5,44.48,45,988,0
20151119,45,45.695,45,45.65,493,0
20151120,45.75,46.005,45.75,46.005,235,0
20151123,45.215,45.215,40.11,41.875,7227,0
20151124,42.395,42.725,41.35,42.725,2602,0
20151125,42.725,42.725,42.01,42.01,290,0
20151126,42,42.495,41.665,42,1193,0
20151127,42,42.595,42,42.595,235,0
20151130,42,43.1,42,43.1,1438,0
20151201,43.495,43.5,43,43,629,0
20151202,43.495,43.74,43.495,43.74,195,0
20151203,42.915,43.845,42.72,43.79,1110,0
20151204,43.5,43.5,43.5,43.5,85,0
20151207,43.995,44.005,43.995,44.005,186,0
20151208,43.235,44.415,43.235,44.415,95,0
20151209,43.235,45,43.235,45,909,0
20151210,44.47,44.51,44.47,44.51,60,0
20151211,45.4,45.4,44.285,45.32,482,0
20151214,44.215,45.345,44.215,45.22,648,0
20151215,45.35,46,45.35,46,557,0
20151216,45.995,46,45.895,45.9,345,0
20151217,45.995,46.25,45.995,46.25,527,0
20151218,46.285,48.5,46.285,48.5,4382,0
20151221,48.5,49,48.5,49,667,0
20151222,49.9,50.97,49,49.9,10056,0
20151223,50.03,50.86,50,50.86,1998,0
20151228,50.01,50.12,50.01,50.02,97,0
20151229,50.01,52,50,52,2328,0
20151230,52.02,53.6,51.04,53.6,2259,0
20160104,53.9,53.9,49.3,49.3,1484,0
20160105,48.15,48.15,48.15,48.15,25,0
20160106,48.155,48.155,48.155,48.155,100,0
20160107,47.315,48.005,46.805,48,1788,0
20160108,47.995,48,47.995,48,96,0
20160111,48.4,49,48.4,48.4,3006,0
20160112,48.325,48.325,48.325,48.325,50,0
20160113,47.605,47.605,46.65,47,2000,0
20160114,47.495,48.175,46.55,46.55,909,0
20160115,47.89,47.89,43.5,43.8,1767,0
20160118,42.16,43.885,42.16,42.7,937,0
20160119,43.99,45.245,43.99,44.99,1266,0
20160120,44.965,44.965,44.965,44.965,114,0
20160121,44.005,45.135,44,44,349,0
20160122,44.98,44.98,44.98,44.98,110,0
20160125,43.835,44.125,43.83,44.125,470,0
20160126,43.31,45,43.31,45,1680,0
20160127,45.155,45.16,44,44,282,0
20160128,44.5,44.5,44.005,44.005,275,0
20160129,44.995,44.995,44.995,44.995,50,0
20160201,45.295,45.295,45.295,45.295,50,0
20160202,44.44,44.44,44.015,44.015,284,0
20160203,43.995,43.995,43.995,43.995,100,0
20160204,43.235,45.3,41.845,45.3,5931,0
20160205,43.75,46.1,43.75,46.1,3422,0
20160208,45.485,45.485,44,44,1603,0
20160209,44,44.005,43.165,43.165,4677,0
20160210,43.895,43.9,43.895,43.9,167,0
20160211,43.155,43.155,43,43,169,0
20160212,42.5,42.5,41.995,41.995,235,0
20160215,42.5,42.5,42.5,42.5,89,0
20160216,43.145,43.145,42.275,42.275,150,0
20160217,43.145,43.145,43.145,43.145,50,0
20160218,42.505,43.145,42.505,43.145,105,0
20160219,43.145,43.15,43.145,43.15,56,0
20160222,42.315,42.315,42.315,42.315,100,0
20160224,42.295,42.295,42.295,42.295,50,0
20160225,41.9,41.9,41.9,41.9,330,0
20160226,41.9,41.985,41.505,41.985,269,0
20160229,41.645,42.15,41.645,42.15,300,0
20160301,40.01,42.5,40,42.5,1683,0
20160302,41.955,43.005,41.955,43,353,0
20160303,42.995,43,42.995,43,290,0
20160304,42,44.535,42,43.99,1921,0
20160307,43.995,43.995,43.98,43.98,200,0
20160308,43.995,43.995,42.975,43.975,197,0
20160309,43.975,44.005,43.975,44.005,176,0
20160310,44.24,44.24,44,44,94,0
20160311,43.225,43.595,42.815,43.595,156,0
20160314,43.595,43.595,43.595,43.595,100,0
20160315,43.595,43.595,42.78,42.78,185,0
20160316,43.395,43.395,42,42,585,0
20160317,42.86,42.86,42.86,42.86,59,0
20160318,42.105,42.105,42.08,42.08,250,0
20160321,42.845,42.845,42.84,42.84,129,0
20160322,42.135,42.135,40.845,41.98,2707,0
20160323,41.95,41.95,41.95,41.95,50,0
20160324,41.975,41.975,41.96,41.96,150,0
20160329,41.975,41.975,41.7,41.7,100,0
20160330,41.975,41.98,41.145,41.145,295,0
20160331,40.8,43.86,40.8,43.86,2023,0
20160401,44.5,44.5,44.5,44.5,168,0
20160404,44.1,44.1,44.1,44.1,1,0
20160405,44.635,44.635,44.635,44.635,141,0
20160406,44.005,44.23,43.99,44.23,654,0
20160407,44.295,44.295,44.295,44.295,172,0
20160408,44.295,44.305,44.295,44.305,95,0
20160411,43.995,44,42.845,42.845,162,0
20160412,43.72,43.725,43.72,43.725,190,0
20160413,44.08,45.005,44.08,44.8,2683,0
20160414,44.995,45,44.2,44.2,1350,0
20160415,44.205,45,44,45,1486,0
20160418,45,45.2,44.995,45.2,1449,0
20160419,45.2,45.2,45.2,45.2,219,0
20160420,45,45,45,45,190,0
20160421,45,45,44.49,44.5,1103,0
20160422,45.15,45.15,44.4,45,1047,0
20160425,44.005,44.005,44.005,44.005,144,0
20160426,44.795,46.1,44.795,46,1876,0
20160427,45.895,46.455,45.895,46,2420,0
20160428,46.195,46.8,45.8,46.635,2168,0
20160429,46.5,46.6,46.5,46.6,758,0
20160502,46.005,46.01,45.5,46.01,1601,0
20160503,46.105,46.5,45.99,46,1476,0
20160504,46.005,46.005,46,46,1053,0
20160505,46.095,46.1,46.095,46.1,200,0
20160506,46.315,46.315,46.3,46.3,300,0
20160509,46,46,46,46,163,0
20160510,46,46,46,46,587,0
20160511,46.28,46.28,46.1,46.1,360,0
20160512,46,46.275,45.995,46,801,0
20160513,46.005,46.005,45.965,46,4706,0
20160517,46,46,46,46,128,0
20160519,44.975,45,44.97,45,671,0
20160520,45.005,45.005,45,45,496,0
20160523,45.005,45.005,45.005,45.005,50,0
20160524,45.005,45.005,45,45,421,0
20160525,45.005,45.005,45,45,527,0
20160526,45.405,45.405,45.4,45.4,483,0
20160527,45,45,45,45,250,0
20160530,45,45,44.995,45,964,0
20160531,45,45.005,44.805,45,4192,0
20160601,45.145,45.15,45.145,45.15,417,0
20160602,46.18,46.18,44.96,44.96,556,0
20160603,44.995,44.995,44.995,44.995,50,0
20160607,43.1,43.1,42,42.745,790,0
20160608,42.845,42.9,42.845,42.9,757,0
20160609,43.005,43.25,42.995,43,1629,0
20160613,43,43.995,41.99,43,2712,0
20160614,42.555,42.555,41.65,41.65,208,0
20160615,41.3,41.3,41.3,41.3,25,0
20160616,40.6,40.6,40.35,40.35,230,0
20160621,40,40,40,40,465,0
20160623,40,40.8,40,40.8,310,0
20160624,36.6,41,36.55,40.505,445,0
20160628,39.33,39.33,38.5,38.5,841,0
20160629,38.51,42.345,38.51,39.41,852,0
20160630,39.415,39.415,39.415,39.415,50,0
20160701,39.4,39.4,39.23,39.23,488,0
20160704,39.695,40.695,39.695,40.695,1308,0
20160705,39.7,39.7,39,39,630,0
20160707,39.635,39.64,39.635,39.64,640,0
20160708,39.34,39.34,38.1,38.48,2673,0
20160711,38.9,38.9,38.9,38.9,73,0
20160712,38.505,39.495,38.455,38.455,402,0
20160713,39.015,40.6,39.015,40.1,1320,0
20160714,40.295,40.5,40.295,40.5,200,0
20160715,40.595,40.6,40.595,40.6,100,0
20160718,40.11,40.9,40.11,40.9,313,0
20160719,41.195,41.2,41.195,41.2,204,0
20160720,41.425,41.43,41.425,41.43,50,0
20160726,41.265,41.27,41.265,41.27,198,0
20160728,41.675,43.81,41.5,43.81,5345,0
20160729,43,43,41.2,41.5,1471,0
20160801,42.41,42.42,41.5,41.845,542,0
20160802,42.105,42.105,40.895,40.895,145,0
20160803,41.475,41.585,41.475,41.585,309,0
20160804,42.005,42.005,42.005,42.005,100,0
20160805,41.29,41.29,41.29,41.29,400,0
20160808,40.695,41.59,40,41.59,6600,0
20160809,41.395,43.3,41.29,43.3,1473,0
20160810,42.755,43.085,41.85,41.85,642,0
20160811,41.73,41.73,41.73,41.73,129,0
20160812,42.345,42.345,41.205,41.205,100,0
20160822,42.195,42.295,42.195,42.295,124,0
20160824,42.195,42.2,42.195,42.2,60,0
20160825,41.345,41.345,41.34,41.34,80,0
20160826,41.34,43.305,41.34,43.305,570,0
20160829,43.1,43.1,43.1,43.1,6,0
20160901,41.665,41.665,41.665,41.665,111,0
20160902,41.255,42,41.255,42,234,0
20160905,42.755,43.2,42.755,43.07,305,0
20160907,42.675,42.675,42.675,42.675,100,0
20160908,41.905,41.905,41.9,41.9,150,0
20160914,41.985,41.985,41.985,41.985,86,0
20160916,41.235,42,41.235,42,274,0
20160919,42.495,43.595,42,42.825,810,0
20160920,41.95,41.95,41.95,41.95,100,0
20160923,42.735,42.74,42.735,42.74,506,0
20160926,43.35,43.505,43.35,43.5,335,0
20160927,42.875,43.495,42.875,43.495,100,0
20160928,43.5,43.895,40.3,41.4,14581,0
20160929,41.53,43.9,41.53,43.9,2248,0
20160930,43.895,44.8,43.895,44.8,270,0
20161004,44.455,44.455,43.25,43.25,502,0
20161005,42.435,42.435,42.435,42.435,100,0
20161006,42.505,42.51,42.5,42.51,604,0
20161007,43,43,43,43,100,0
20161010,42.95,42.95,42.95,42.95,50,0
20161011,42.14,42.14,42.14,42.14,300,0
20161013,41.1,41.1,41.1,41.1,20,0
20161014,41.5,41.5,41.5,41.5,10,0
20161018,41.1,41.1,39.995,40.995,1172,0
20161019,40.36,40.4,40.36,40.4,69,0
20161021,39.69,39.69,39.585,39.585,135,0
20161024,39.5,39.5,38.6,38.6,506,0
20161025,38.5,38.8,38.5,38.71,265,0
20161027,38.2,38.2,38.2,38.2,25,0
20161028,38.7,38.8,38.4,38.8,677,0
20161101,38.75,38.75,38.75,38.75,195,0
20161102,37.5,37.5,37.5,37.5,300,0
20161103,35.55,37.75,35.22,37.75,2020,0
20161104,37.7,37.71,36.895,36.9,1832,0
20161107,37.995,37.995,37,37,147,0
20161109,37.395,37.995,37.395,37.995,455,0
20161110,37.945,38.005,36,36,1171,0
20161111,34.1,35,34.1,35,200,0
20161115,35,35,33.635,33.635,5620,0
20161116,34.25,34.25,33.555,33.555,175,0
20161117,33.295,34,33.29,34,1020,0
20161118,33.505,34,33.505,34,120,0
20161121,34.005,34.005,32.52,33.71,1326,0
20161122,33.2,33.4,32.5,32.98,4177,0
20161123,32.33,33,30.5,32.7,1920,0
20161124,31.745,31.745,31.5,31.5,1625,0
20161125,31.5,31.5,31.5,31.5,425,0
20161128,31.6,32.8,31.5,32.8,4144,0
20161129,32.975,33.665,32.975,33.665,1424,0
20161130,33.7,34,33.7,34,548,0
20161201,34.5,34.5,34,34,131,0
20161202,34,34.3,33.99,34.3,330,0
20161205,33.67,33.8,33.01,33.01,3716,0
20161206,33.01,33.01,31.12,31.6,1824,0
20161207,31.41,32.4,30.845,30.845,2264,0
20161208,31.945,33,31.945,33,470,0
20161209,33.6,34.5,33.095,34.5,3065,0
20161212,34.725,35.57,34.725,34.895,780,0
20161213,34.265,34.265,34.265,34.265,700,0
20161214,35.3,35.515,35.3,35.515,554,0
20161215,34.25,35.3,34.25,34.585,631,0
20161216,34.005,34.995,34,34.995,500,0
20161219,34.96,34.96,34.96,34.96,153,0
20161220,34.225,34.225,34.135,34.135,376,0
20161221,34.685,34.95,34.685,34.95,150,0
20161222,34.865,34.9,34.855,34.9,950,0
20161223,34.2,35.32,34.125,35.32,1455,0
20161227,34.92,36.8,34.49,36.8,4584,0
20161228,37,38.4,37,37.65,1360,0
20161229,37.105,38.18,36.755,38.18,2232,0
20161230,37.7,37.8,36.4,36.4,1186,0
20170102,36.405,37.26,36.405,37.2,747,0
20170103,37.5,37.5,37.5,37.5,35,0
20170104,37.795,38.17,37.795,38.17,279,0
20170105,38.145,38.145,38.145,38.145,50,0
20170110,37.31,37.31,37.3,37.3,700,0
20170112,36.75,37.1,36.28,36.28,212,0
20170113,36.995,37.92,36.995,37.92,659,0
20170116,37.7,37.7,37.7,37.7,30,0
20170118,37.46,37.47,35.94,35.94,1634,0
20170119,36.3,36.505,36.3,36.3,739,0
20170120,36.2,36.2,35.9,35.9,500,0
20170124,35.535,35.535,35.535,35.535,90,0
20170125,35.595,35.595,35.59,35.59,220,0
20170126,34.08,35.4,34.08,35.2,1420,0
20170127,34.51,34.51,34.11,34.45,350,0
20170130,34.445,34.45,34.005,34.45,577,0
20170131,34.19,34.19,33.5,33.745,2139,0
20170201,33.55,33.55,33.145,33.25,2436,0
20170202,33.885,33.89,33.505,33.505,864,0
20170203,34,34,34,34,150,0
20170206,35.59,35.59,35.59,35.59,250,0
20170207,34.6,34.6,32,32.105,1239,0
20170208,32.75,33.775,32.75,33.27,995,0
20170210,33.89,33.89,32.73,32.73,659,0
20170213,32.4,33.85,32.4,33.835,1146,0
20170214,34.285,34.5,34.2,34.2,345,0
20170215,34.4,34.4,34.3,34.3,130,0
20170216,34,34,34,34,50,0
20170217,34,34.2,34,34.2,500,0
20170220,34.2,34.2,33.17,33.17,245,0
20170221,33.7,34.12,33.005,33.7,1010,0
20170222,33.335,33.335,33.335,33.335,40,0
20170223,32.9,33.295,32.9,33.295,232,0
20170224,32.9,32.99,32.9,32.99,245,0
20170227,32.8,32.8,32.7,32.7,300,0
20170228,32,32,32,32,1015,0
20170301,31.4,31.5,31.35,31.5,560,0
20170302,31.5,32,31.5,32,1041,0
20170303,32,32,31.955,32,741,0
20170306,32.41,32.41,32.41,32.41,999,0
20170307,32.015,32.015,32.015,32.015,150,0
20170308,32.3,32.3,32.3,32.3,1,0
20170310,31.805,31.805,31.805,31.805,400,0
20170313,32.07,32.07,32.07,32.07,100,0
20170314,31.925,31.925,31.92,31.92,200,0
20170315,32.1,32.54,32.1,32.54,248,0
20170317,32.02,32.02,31.5,31.5,410,0
20170321,31.5,31.5,31,31.25,1010,0
20170322,31.945,31.945,31.945,31.945,150,0
