Date,Open,High,Low,Close,Volume,OpenInt
20090406,0.302,0.34,0.251,0.3,43682,0
20090407,0.302,0.34,0.205,0.309,2000,0
20090408,0.248,0.32,0.205,0.293,3000,0
20090409,0.254,0.32,0.21,0.296,350,0
20090414,0.25,0.34,0.21,0.31,62430,0
20090415,0.25,0.31,0.21,0.25,23600,0
20090416,0.26,0.34,0.255,0.298,17237,0
20090417,0.26,0.298,0.256,0.284,9965,0
20090420,0.26,0.294,0.25,0.294,5035,0
20090421,0.26,0.294,0.212,0.271,30579,0
20090422,0.23,0.31,0.22,0.3,8871,0
20090423,0.3,0.31,0.231,0.265,15250,0
20090424,0.23,0.299,0.212,0.28,10020,0
20090428,0.228,0.299,0.228,0.23,450,0
20090429,0.231,0.298,0.22,0.25,4400,0
20090430,0.26,0.3,0.22,0.25,31830,0
20090504,0.244,0.29,0.22,0.29,25988,0
20090505,0.24,0.35,0.23,0.309,6861,0
20090506,0.249,0.35,0.249,0.3,13102,0
20090507,0.26,0.35,0.251,0.281,50844,0
20090508,0.252,0.35,0.251,0.26,15600,0
20090514,0.251,0.287,0.25,0.255,10600,0
20090515,0.23,0.295,0.221,0.246,33900,0
20090518,0.22,0.25,0.17,0.2,25783,0
20090519,0.223,0.3,0.18,0.265,46451,0
20090520,0.229,0.38,0.229,0.38,55169,0
20090521,0.33,0.38,0.23,0.28,721,0
20090522,0.312,0.38,0.23,0.38,6200,0
20090525,0.35,0.435,0.3,0.434,20810,0
20090526,0.43,0.475,0.28,0.416,17363,0
20090527,0.361,0.416,0.28,0.35,6000,0
20090528,0.32,0.42,0.28,0.42,3477,0
20090529,0.42,0.42,0.3,0.401,4515,0
20090601,0.38,0.42,0.35,0.392,5193,0
20090602,0.351,0.42,0.25,0.391,10981,0
20090603,0.362,0.45,0.27,0.35,17755,0
20090604,0.303,0.391,0.25,0.261,27007,0
20090605,0.262,0.391,0.25,0.3,8380,0
20090608,0.3,0.34,0.245,0.29,3710,0
20090609,0.272,0.34,0.25,0.27,3343,0
20090610,0.272,0.34,0.25,0.27,20406,0
20090611,0.273,0.34,0.15,0.18,42720,0
20090612,0.18,0.25,0.14,0.14,19626,0
20090615,0.144,0.188,0.124,0.188,26399,0
20090616,0.13,0.2,0.13,0.141,24100,0
20090617,0.142,0.198,0.1,0.15,11985,0
20090618,0.145,0.16,0.1,0.14,12150,0
20090619,0.14,0.14,0.1,0.14,1130,0
20090622,0.136,0.16,0.1,0.133,33472,0
20090623,0.125,0.198,0.1,0.158,26824,0
20090624,0.129,0.188,0.128,0.164,26206,0
20090625,0.14,0.19,0.12,0.18,12700,0
20090626,0.142,0.18,0.12,0.14,35670,0
20090629,0.139,0.198,0.125,0.132,2415,0
20090702,0.124,0.188,0.1,0.137,2080,0
20090706,0.123,0.188,0.123,0.135,3445,0
20090707,0.125,0.188,0.125,0.125,1040,0
20090708,0.124,0.125,0.115,0.125,500,0
20090709,0.126,0.13,0.125,0.13,1600,0
20090710,0.129,0.188,0.129,0.135,8400,0
20090714,0.13,0.188,0.12,0.13,6000,0
20090715,0.131,0.188,0.12,0.12,7855,0
20090717,0.16,0.16,0.1,0.1,4162,0
20090720,0.101,0.101,0.07,0.07,4167,0
20090721,0.08,0.11,0.076,0.11,6076,0
20090722,0.075,0.075,0.065,0.075,500,0
20090723,0.075,0.15,0.075,0.15,400,0
20090724,0.084,0.168,0.084,0.168,58253,0
20090727,0.17,0.25,0.13,0.18,148884,0
20090728,0.171,0.225,0.13,0.209,26600,0
20090729,0.17,0.26,0.17,0.201,14549,0
20090730,0.202,0.259,0.18,0.219,9605,0
20090731,0.2,0.32,0.2,0.305,64652,0
20090803,0.252,0.388,0.2,0.37,146802,0
20090804,0.33,0.5,0.3,0.481,35546,0
20090805,0.33,0.65,0.33,0.6,34880,0
20090806,0.48,0.58,0.4,0.45,45866,0
20090807,0.412,0.58,0.412,0.5,250,0
20090810,0.412,0.58,0.41,0.43,280,0
20090811,0.403,0.6,0.25,0.348,45649,0
20090812,0.272,0.33,0.262,0.33,16680,0
20090813,0.265,0.35,0.26,0.3,4525,0
20090814,0.265,0.4,0.22,0.35,36028,0
20090817,0.27,0.418,0.263,0.39,12000,0
20090818,0.283,0.4,0.27,0.335,2889,0
20090819,0.272,0.418,0.272,0.418,6674,0
20090821,0.35,0.42,0.3,0.35,203,0
20090824,0.353,0.48,0.3,0.382,9300,0
20090825,0.36,0.41,0.3,0.41,5930,0
20090826,0.36,0.42,0.3,0.34,8974,0
20090827,0.26,0.4,0.26,0.3,250,0
20090901,0.3,0.365,0.26,0.32,1050,0
20090902,0.32,0.42,0.26,0.42,385,0
20090903,0.331,0.365,0.26,0.35,3198,0
20090904,0.331,0.365,0.26,0.35,12466,0
20090907,0.26,0.365,0.26,0.3,200,0
20090908,0.331,0.365,0.25,0.331,7000,0
20090909,0.281,0.4,0.28,0.3,2800,0
20090910,0.283,0.35,0.25,0.25,473,0
20090911,0.29,0.35,0.29,0.29,50,0
20090914,0.29,0.35,0.26,0.26,250,0
20090915,0.293,0.35,0.29,0.293,1750,0
20090916,0.292,0.38,0.29,0.38,13697,0
20090917,0.292,0.32,0.292,0.32,10525,0
20090918,0.321,0.35,0.29,0.295,1468,0
20090921,0.29,0.35,0.29,0.315,410,0
20090922,0.292,0.315,0.29,0.315,100,0
20090923,0.29,0.34,0.29,0.315,7500,0
20090924,0.29,0.315,0.29,0.301,550,0
20090925,0.302,0.34,0.292,0.292,12223,0
20090930,0.292,0.346,0.25,0.346,400,0
20091001,0.29,0.346,0.29,0.292,1500,0
20091002,0.34,0.34,0.292,0.321,1977,0
20091005,0.302,0.339,0.293,0.32,3700,0
20091006,0.3,0.339,0.29,0.339,1000,0
20091007,0.301,0.34,0.291,0.34,680,0
20091008,0.304,0.38,0.2,0.38,4832,0
20091012,0.253,0.38,0.2,0.292,400,0
20091013,0.252,0.38,0.2,0.291,7000,0
20091014,0.34,0.38,0.3,0.355,7310,0
20091015,0.3,0.409,0.28,0.28,14701,0
20091016,0.301,0.355,0.3,0.35,3000,0
20091019,0.3,0.36,0.26,0.335,2350,0
20091026,0.302,0.379,0.3,0.34,5200,0
20091028,0.3,0.34,0.26,0.32,1700,0
20091029,0.26,0.32,0.2,0.3,5572,0
20091103,0.261,0.32,0.261,0.3,550,0
20091105,0.3,0.3,0.26,0.26,2639,0
20091106,0.26,0.3,0.26,0.28,100,0
20091109,0.262,0.3,0.262,0.283,100,0
20091110,0.265,0.3,0.26,0.3,4181,0
20091111,0.262,0.3,0.26,0.3,7892,0
20091113,0.26,0.3,0.26,0.28,100,0
20091124,0.26,0.3,0.26,0.27,1000,0
20091125,0.272,0.38,0.27,0.272,900,0
20091202,0.26,0.28,0.26,0.261,388,0
20091203,0.262,0.28,0.26,0.261,2927,0
20091204,0.26,0.285,0.26,0.285,221,0
20091207,0.261,0.285,0.23,0.23,1876,0
20091209,0.26,0.285,0.22,0.28,6000,0
20091211,0.241,0.28,0.22,0.24,2600,0
20091214,0.223,0.28,0.21,0.255,10025,0
20091215,0.221,0.28,0.18,0.231,155,0
20091216,0.23,0.26,0.17,0.26,125,0
20091217,0.229,0.26,0.2,0.2,4499,0
20091218,0.201,0.25,0.17,0.17,50,0
20091221,0.201,0.25,0.2,0.2,750,0
20091222,0.18,0.25,0.16,0.25,12730,0
20091228,0.202,0.24,0.2,0.24,150,0
20091229,0.241,0.29,0.2,0.261,14108,0
20091230,0.26,0.26,0.2,0.2,5944,0
20100104,0.2,0.25,0.2,0.2,10,0
20100107,0.22,0.23,0.2,0.22,2500,0
20100108,0.201,0.22,0.2,0.22,300,0
20100111,0.201,0.22,0.18,0.21,10000,0
20100113,0.18,0.22,0.18,0.18,700,0
20100114,0.181,0.22,0.18,0.182,1100,0
20100115,0.18,0.22,0.17,0.22,18154,0
20100120,0.179,0.22,0.16,0.19,10,0
20100121,0.161,0.22,0.16,0.19,800,0
20100122,0.16,0.22,0.16,0.22,24690,0
20100125,0.17,0.22,0.17,0.19,1100,0
20100126,0.2,0.28,0.18,0.28,12000,0
20100127,0.178,0.24,0.178,0.21,38856,0
20100201,0.19,0.22,0.19,0.22,300,0
20100204,0.195,0.22,0.191,0.196,30,0
20100205,0.191,0.22,0.191,0.216,4850,0
20100209,0.191,0.219,0.155,0.156,22275,0
20100210,0.149,0.2,0.149,0.162,103,0
20100211,0.151,0.218,0.151,0.16,1460,0
20100216,0.161,0.2,0.1,0.1,93,0
20100218,0.16,0.185,0.16,0.185,22300,0
20100219,0.15,0.2,0.15,0.185,3020,0
20100223,0.151,0.2,0.151,0.17,15100,0
20100225,0.15,0.2,0.15,0.173,570,0
20100226,0.152,0.2,0.152,0.173,700,0
20100302,0.16,0.2,0.16,0.19,500,0
20100304,0.159,0.201,0.159,0.16,17700,0
20100308,0.161,0.21,0.15,0.195,1000,0
20100315,0.2,0.2,0.1,0.18,1335,0
20100316,0.181,0.23,0.18,0.23,5000,0
20100317,0.181,0.299,0.16,0.299,1558,0
20100318,0.16,0.27,0.16,0.24,11600,0
20100319,0.241,0.241,0.2,0.241,350,0
20100322,0.239,0.241,0.2,0.241,120,0
20100323,0.24,0.3,0.2,0.289,2000,0
20100324,0.24,0.29,0.2,0.25,8925,0
20100325,0.24,0.27,0.2,0.25,501,0
20100326,0.24,0.271,0.16,0.271,20,0
20100329,0.242,0.271,0.2,0.231,1000,0
20100330,0.231,0.271,0.2,0.231,11,0
20100331,0.23,0.271,0.2,0.231,1137,0
20100401,0.231,0.271,0.2,0.23,2000,0
20100406,0.211,0.25,0.2,0.225,784,0
20100407,0.2,0.22,0.163,0.163,2500,0
20100408,0.162,0.22,0.155,0.2,24500,0
20100409,0.15,0.23,0.15,0.228,7350,0
20100412,0.192,0.22,0.19,0.19,30,0
20100413,0.169,0.22,0.169,0.17,15,0
20100414,0.17,0.19,0.17,0.18,265,0
20100416,0.169,0.195,0.15,0.15,27907,0
20100419,0.149,0.181,0.149,0.18,5562,0
20100420,0.157,0.198,0.156,0.198,2000,0
20100421,0.181,0.181,0.18,0.18,15,0
20100422,0.179,0.21,0.16,0.19,4600,0
20100426,0.24,0.24,0.156,0.178,2850,0
20100427,0.156,0.2,0.156,0.199,8435,0
20100428,0.162,0.18,0.16,0.165,1500,0
20100503,0.165,0.183,0.12,0.166,480,0
20100505,0.166,0.183,0.15,0.18,1057,0
20100507,0.15,0.183,0.14,0.14,370,0
20100510,0.152,0.198,0.101,0.12,20773,0
20100511,0.1,0.102,0.1,0.102,150,0
20100512,0.101,0.12,0.101,0.12,100,0
20100514,0.159,0.182,0.14,0.182,1000,0
20100517,0.168,0.19,0.14,0.161,200,0
20100519,0.159,0.24,0.102,0.111,6790,0
20100521,0.149,0.15,0.149,0.15,1000,0
20100525,0.117,0.182,0.11,0.122,500,0
20100527,0.111,0.182,0.111,0.15,1900,0
20100528,0.115,0.182,0.111,0.12,360,0
20100531,0.112,0.193,0.112,0.193,2001,0
20100601,0.121,0.182,0.121,0.13,100,0
20100604,0.122,0.178,0.122,0.124,1000,0
20100610,0.123,0.21,0.123,0.21,11716,0
20100611,0.124,0.181,0.123,0.181,4450,0
20100615,0.155,0.178,0.15,0.155,420,0
20100621,0.159,0.178,0.15,0.156,7028,0
20100624,0.123,0.19,0.123,0.19,75,0
20100629,0.121,0.157,0.121,0.14,75,0
20100630,0.123,0.157,0.123,0.126,125,0
20100702,0.125,0.189,0.125,0.14,4000,0
20100705,0.125,0.157,0.125,0.125,4650,0
20100709,0.125,0.152,0.124,0.125,2200,0
20100712,0.124,0.152,0.124,0.135,640,0
20100715,0.124,0.155,0.115,0.125,2930,0
20100716,0.124,0.155,0.124,0.13,2530,0
20100722,0.123,0.152,0.1,0.135,2200,0
20100726,0.124,0.152,0.124,0.125,159,0
20100728,0.125,0.152,0.125,0.125,10,0
20100729,0.124,0.152,0.124,0.125,435,0
20100730,0.124,0.152,0.124,0.125,700,0
20100803,0.124,0.162,0.12,0.12,5000,0
20100804,0.12,0.121,0.12,0.121,9750,0
20100805,0.12,0.162,0.12,0.135,220,0
20100806,0.12,0.19,0.12,0.19,2000,0
20100809,0.125,0.162,0.125,0.15,9000,0
20100811,0.129,0.15,0.129,0.13,1500,0
20100812,0.13,0.18,0.051,0.051,1000,0
20100813,0.121,0.13,0.121,0.13,640,0
20100816,0.12,0.15,0.12,0.135,440,0
20100818,0.12,0.15,0.11,0.11,200,0
20100819,0.12,0.15,0.12,0.121,1750,0
20100823,0.12,0.15,0.12,0.12,7950,0
20100824,0.099,0.15,0.099,0.121,568,0
20100825,0.12,0.179,0.1,0.179,7040,0
20100831,0.122,0.142,0.1,0.123,2000,0
20100910,0.122,0.136,0.1,0.123,1100,0
20100920,0.12,0.122,0.1,0.121,1,0
20100921,0.12,0.122,0.1,0.121,25,0
20100922,0.12,0.122,0.1,0.121,137,0
20100924,0.12,0.122,0.1,0.12,1070,0
20100927,0.121,0.122,0.1,0.121,100,0
20100929,0.12,0.122,0.1,0.121,100,0
20101005,0.1,0.15,0.065,0.102,2514,0
20101008,0.1,0.159,0.065,0.159,2000,0
20101011,0.12,0.122,0.11,0.11,192,0
20101014,0.122,0.124,0.065,0.124,225,0
20101020,0.122,0.2,0.065,0.2,23964,0
20101021,0.131,0.2,0.11,0.11,6100,0
20101022,0.121,0.188,0.065,0.188,7190,0
20101026,0.11,0.187,0.11,0.175,1152,0
20101027,0.11,0.16,0.11,0.15,220,0
20101028,0.131,0.175,0.131,0.175,2150,0
20101029,0.13,0.22,0.13,0.22,700,0
20101102,0.12,0.17,0.12,0.12,88,0
20101103,0.11,0.13,0.11,0.13,4875,0
20101108,0.11,0.13,0.11,0.129,215,0
20101109,0.11,0.13,0.11,0.11,100,0
20101110,0.11,0.129,0.11,0.129,100,0
20101112,0.112,0.17,0.112,0.14,5237,0
20101116,0.12,0.19,0.12,0.133,13088,0
20101117,0.12,0.13,0.12,0.121,155,0
20101118,0.12,0.121,0.12,0.121,9,0
20101119,0.12,0.178,0.12,0.178,1400,0
20101123,0.13,0.174,0.12,0.145,300,0
20101125,0.13,0.14,0.12,0.131,613,0
20101130,0.135,0.18,0.12,0.18,9275,0
20101201,0.135,0.18,0.125,0.125,300,0
20101202,0.135,0.18,0.07,0.136,4020,0
20101203,0.14,0.18,0.07,0.18,15487,0
20101206,0.14,0.16,0.14,0.14,575,0
20101207,0.14,0.144,0.08,0.144,143,0
20101209,0.143,0.145,0.1,0.145,250,0
20101210,0.143,0.145,0.1,0.145,100,0
20101213,0.143,0.145,0.143,0.145,187,0
20101215,0.14,0.15,0.09,0.15,637,0
20101221,0.14,0.143,0.09,0.13,185,0
20101222,0.14,0.143,0.09,0.09,1000,0
20101223,0.14,0.142,0.09,0.142,171,0
20101227,0.14,0.144,0.09,0.144,3000,0
20101228,0.143,0.144,0.09,0.144,275,0
20101230,0.143,0.144,0.09,0.143,860,0
20110105,0.15,0.151,0.09,0.151,435,0
20110106,0.15,0.151,0.09,0.151,415,0
20110107,0.15,0.151,0.09,0.151,605,0
20110110,0.15,0.151,0.09,0.151,100,0
20110112,0.15,0.151,0.09,0.151,855,0
20110113,0.15,0.151,0.09,0.14,300,0
20110114,0.15,0.151,0.09,0.151,1100,0
20110117,0.15,0.187,0.09,0.187,1000,0
20110118,0.15,0.187,0.15,0.151,3874,0
20110119,0.15,0.15,0.1,0.15,87,0
20110120,0.15,0.151,0.1,0.151,500,0
20110121,0.15,0.187,0.1,0.187,2600,0
20110126,0.15,0.18,0.1,0.153,1000,0
20110127,0.15,0.152,0.1,0.14,18,0
20110128,0.15,0.179,0.1,0.153,1500,0
20110201,0.15,0.2,0.1,0.15,9000,0
20110202,0.15,0.22,0.1,0.162,12110,0
20110203,0.16,0.161,0.1,0.15,14700,0
20110207,0.16,0.177,0.1,0.101,200,0
20110209,0.16,0.16,0.101,0.102,110,0
20110211,0.16,0.173,0.101,0.173,400,0
20110215,0.14,0.178,0.101,0.11,660,0
20110217,0.14,0.16,0.101,0.16,100,0
20110218,0.13,0.178,0.101,0.11,142,0
20110223,0.168,0.168,0.1,0.166,100,0
20110228,0.1,0.17,0.1,0.111,150,0
20110301,0.1,0.165,0.1,0.1,500,0
20110304,0.1,0.11,0.1,0.11,125,0
20110307,0.1,0.164,0.1,0.11,100,0
20110309,0.1,0.164,0.1,0.1,2086,0
20110310,0.08,0.111,0.051,0.111,2990,0
20110314,0.09,0.156,0.09,0.112,275,0
20110315,0.09,0.155,0.09,0.112,1151,0
20110316,0.09,0.155,0.09,0.112,100,0
20110317,0.09,0.155,0.09,0.113,495,0
20110330,0.14,0.149,0.08,0.147,8684,0
20110331,0.1,0.199,0.08,0.121,89950,0
20110404,0.06,0.14,0.06,0.11,73085,0
20110405,0.07,0.11,0.07,0.1,5390,0
20110406,0.07,0.11,0.07,0.1,14000,0
20110407,0.11,0.12,0.09,0.12,8110,0
20110411,0.07,0.11,0.07,0.096,2470,0
20110412,0.07,0.11,0.07,0.1,20014,0
20110413,0.07,0.1,0.07,0.091,8000,0
20110414,0.07,0.119,0.07,0.119,18700,0
20110415,0.07,0.118,0.07,0.093,19000,0
20110419,0.07,0.115,0.06,0.115,10000,0
20110420,0.07,0.11,0.07,0.1,500,0
20110427,0.1,0.1,0.051,0.093,2100,0
20110428,0.1,0.1,0.051,0.093,750,0
20110429,0.1,0.1,0.051,0.093,220,0
20110504,0.1,0.1,0.051,0.091,550,0
20110505,0.071,0.1,0.051,0.08,131957,0
20110506,0.1,0.105,0.051,0.09,22235,0
20110509,0.1,0.1,0.06,0.072,125,0
20110511,0.071,0.104,0.06,0.093,2600,0
20110516,0.093,0.1,0.06,0.075,713,0
20110517,0.093,0.1,0.06,0.06,275,0
20110518,0.093,0.093,0.05,0.063,1830,0
20110520,0.071,0.1,0.06,0.1,36349,0
20110523,0.093,0.12,0.06,0.12,11800,0
20110524,0.093,0.095,0.06,0.095,255,0
20110525,0.07,0.125,0.06,0.095,10000,0
20110526,0.071,0.125,0.06,0.09,3640,0
20110531,0.071,0.12,0.06,0.088,865,0
20110601,0.088,0.088,0.055,0.088,1330,0
20110603,0.08,0.09,0.06,0.09,1300,0
20110606,0.076,0.1,0.06,0.085,5000,0
20110607,0.08,0.09,0.06,0.085,2200,0
20110610,0.076,0.085,0.07,0.085,247,0
20110613,0.1,0.1,0.062,0.08,2000,0
20110614,0.062,0.09,0.062,0.076,505,0
20110616,0.09,0.09,0.065,0.075,50,0
20110620,0.07,0.09,0.07,0.073,100,0
20110621,0.09,0.09,0.071,0.071,5000,0
20110622,0.032,0.09,0.032,0.05,15600,0
20110627,0.061,0.061,0.031,0.031,61,0
20110629,0.061,0.061,0.04,0.04,1250,0
20110630,0.061,0.061,0.04,0.04,539,0
20110707,0.04,0.04,0.031,0.04,400,0
20110708,0.04,0.04,0.031,0.04,400,0
20110712,0.075,0.075,0.04,0.04,380,0
20110715,0.04,0.04,0.04,0.04,13500,0
20110719,0.06,0.06,0.03,0.03,200,0
20110720,0.035,0.035,0.035,0.035,3600,0
20110721,0.055,0.055,0.03,0.03,713,0
20110725,0.06,0.06,0.035,0.035,100,0
20110727,0.058,0.058,0.035,0.035,14500,0
20110728,0.057,0.057,0.035,0.035,28000,0
20110729,0.06,0.06,0.035,0.035,2000,0
20110801,0.06,0.06,0.02,0.025,36200,0
20110804,0.063,0.063,0.02,0.04,5000,0
20110808,0.063,0.063,0.02,0.04,2000,0
20110809,0.038,0.038,0.02,0.038,1950,0
20110810,0.063,0.063,0.02,0.042,3000,0
20110811,0.063,0.063,0.04,0.04,50,0
20110815,0.06,0.06,0.04,0.04,111708,0
20110816,0.021,0.021,0.021,0.021,4000,0
20110819,0.01,0.01,0.01,0.01,325,0
20110825,0.01,0.01,0.01,0.01,5000,0
20110912,0.011,0.04,0.011,0.04,8500,0
20110915,0.09,0.09,0.04,0.04,2000,0
20110928,0.06,0.06,0.021,0.055,1412,0
20110930,0.025,0.06,0.025,0.04,74,0
20111005,0.02,0.053,0.02,0.053,20150,0
20111007,0.03,0.078,0.03,0.04,2200,0
20111010,0.03,0.053,0.03,0.05,20,0
20111011,0.039,0.053,0.02,0.02,5000,0
20111012,0.03,0.039,0.01,0.039,110,0
20111014,0.021,0.05,0.021,0.037,220,0
20111019,0.04,0.04,0.038,0.038,100,0
20111026,0.03,0.041,0.02,0.04,100,0
20111027,0.089,0.089,0.03,0.05,79854,0
20111028,0.03,0.052,0.03,0.052,125,0
20111031,0.05,0.065,0.05,0.065,3000,0
20111108,0.02,0.069,0.02,0.051,77,0
20111111,0.015,0.051,0.015,0.051,220,0
20111117,0.04,0.051,0.04,0.046,1000,0
20111121,0.04,0.051,0.032,0.032,300,0
20111125,0.04,0.046,0.02,0.046,250,0
20111129,0.045,0.05,0.045,0.05,15000,0
20111130,0.045,0.05,0.037,0.037,980,0
20111202,0.043,0.05,0.02,0.02,800,0
20111206,0.033,0.051,0.021,0.051,213,0
20111208,0.035,0.052,0.035,0.049,274,0
20111214,0.034,0.046,0.034,0.044,400,0
20111216,0.032,0.044,0.032,0.043,1951,0
20111228,0.034,0.047,0.034,0.045,533,0
20120106,0.035,0.049,0.035,0.045,30000,0
20120111,0.037,0.049,0.037,0.047,880,0
20120116,0.037,0.063,0.037,0.063,10500,0
20120117,0.04,0.063,0.04,0.051,130,0
20120118,0.042,0.063,0.042,0.049,16685,0
20120120,0.03,0.063,0.03,0.046,200,0
20120124,0.03,0.063,0.03,0.046,30,0
20120125,0.03,0.065,0.03,0.047,37532,0
20120126,0.034,0.05,0.034,0.039,5127,0
20120127,0.031,0.047,0.021,0.031,900,0
20120131,0.031,0.036,0.031,0.036,21000,0
20120201,0.03,0.047,0.03,0.045,11250,0
20120206,0.031,0.045,0.031,0.045,900,0
20120207,0.03,0.047,0.03,0.047,1760,0
20120208,0.031,0.05,0.031,0.05,383,0
20120210,0.03,0.048,0.03,0.048,450,0
20120213,0.026,0.048,0.026,0.045,420,0
20120214,0.03,0.045,0.024,0.043,2,0
20120215,0.022,0.05,0.022,0.042,1888,0
20120220,0.025,0.046,0.025,0.046,475,0
20120221,0.03,0.046,0.025,0.043,250,0
20120228,0.024,0.042,0.024,0.042,50,0
20120229,0.024,0.042,0.024,0.042,740,0
20120306,0.021,0.042,0.021,0.039,100,0
20120307,0.018,0.039,0.018,0.037,325,0
20120308,0.016,0.055,0.016,0.031,2035,0
20120313,0.024,0.038,0.024,0.038,63,0
20120314,0.024,0.039,0.024,0.039,620,0
20120315,0.039,0.04,0.024,0.04,880,0
20120316,0.025,0.04,0.025,0.04,375,0
20120319,0.025,0.04,0.025,0.04,44,0
20120320,0.025,0.04,0.025,0.039,910,0
20120327,0.025,0.043,0.025,0.043,1300,0
20120328,0.025,0.043,0.025,0.042,110,0
20120330,0.021,0.059,0.021,0.04,1900,0
20120403,0.022,0.041,0.022,0.041,12000,0
20120404,0.022,0.039,0.022,0.039,1330,0
20120410,0.024,0.034,0.024,0.034,6470,0
20120427,0.024,0.042,0.02,0.042,500,0
20120502,0.025,0.04,0.025,0.04,10,0
20120503,0.023,0.041,0.023,0.041,1000,0
20120510,0.023,0.043,0.023,0.043,200,0
20120515,0.03,0.048,0.028,0.048,76,0
20120523,0.028,0.052,0.028,0.047,18000,0
20120524,0.029,0.048,0.028,0.048,250,0
20120531,0.023,0.043,0.023,0.025,220,0
20120601,0.033,0.033,0.026,0.027,108120,0
20120605,0.02,0.033,0.02,0.02,25,0
20120611,0.021,0.03,0.021,0.03,36300,0
20120619,0.032,0.032,0.023,0.023,212,0
20120620,0.023,0.032,0.023,0.032,250,0
20120621,0.032,0.032,0.023,0.023,2710,0
20120625,0.023,0.032,0.023,0.032,144,0
20120626,0.032,0.032,0.023,0.032,100,0
20120704,0.025,0.033,0.025,0.033,3000,0
20120709,0.025,0.032,0.02,0.02,440,0
20120710,0.032,0.032,0.015,0.015,5,0
20120711,0.033,0.033,0.015,0.025,180,0
20120724,0.025,0.032,0.025,0.025,10800,0
20120726,0.031,0.032,0.025,0.032,800,0
20120730,0.026,0.033,0.016,0.033,6180,0
20120801,0.027,0.033,0.026,0.026,200,0
20120803,0.027,0.033,0.016,0.033,200,0
20120809,0.033,0.034,0.022,0.034,3000,0
20120813,0.032,0.035,0.022,0.022,1812,0
20120814,0.036,0.036,0.022,0.036,2012,0
20120815,0.036,0.036,0.022,0.036,84,0
20120816,0.032,0.036,0.022,0.032,40000,0
20120821,0.032,0.038,0.02,0.03,7900,0
20120827,0.02,0.033,0.02,0.028,10000,0
20120906,0.026,0.028,0.02,0.028,400,0
20120911,0.02,0.027,0.02,0.027,30,0
20120912,0.027,0.027,0.027,0.027,800,0
20120913,0.027,0.027,0.027,0.027,550,0
20120914,0.027,0.027,0.027,0.027,687,0
20120917,0.022,0.027,0.022,0.027,50,0
20120918,0.027,0.027,0.027,0.027,50,0
20120921,0.023,0.027,0.023,0.027,300,0
20120926,0.026,0.043,0.026,0.043,73578,0
20120928,0.042,0.042,0.032,0.042,30,0
20121001,0.042,0.042,0.032,0.042,660,0
20121004,0.042,0.042,0.034,0.034,125,0
20121009,0.034,0.046,0.034,0.046,500,0
20121010,0.034,0.046,0.034,0.046,149,0
20121015,0.034,0.046,0.034,0.046,1100,0
20121017,0.034,0.046,0.034,0.034,4218,0
20121030,0.034,0.046,0.029,0.029,200,0
20121105,0.031,0.032,0.031,0.032,220,0
20121106,0.031,0.05,0.031,0.05,775,0
20121107,0.031,0.046,0.031,0.031,500,0
20121108,0.031,0.046,0.031,0.032,3300,0
20121116,0.031,0.046,0.031,0.032,125,0
20121119,0.032,0.046,0.031,0.031,1150,0
20121120,0.031,0.046,0.031,0.032,150,0
20121127,0.031,0.046,0.026,0.026,1400,0
20121128,0.031,0.032,0.031,0.032,1400,0
20121129,0.031,0.046,0.025,0.032,1187,0
20121204,0.031,0.045,0.021,0.031,146,0
20121205,0.045,0.045,0.021,0.031,100,0
20121206,0.032,0.045,0.021,0.031,1096,0
20121210,0.045,0.045,0.025,0.032,650,0
20121212,0.031,0.045,0.025,0.032,300,0
20121213,0.032,0.045,0.025,0.031,200,0
20121217,0.031,0.045,0.021,0.021,165,0
20121218,0.021,0.032,0.021,0.032,2250,0
20121219,0.031,0.045,0.021,0.032,165,0
20121220,0.031,0.045,0.021,0.032,225,0
20121227,0.031,0.045,0.021,0.032,747,0
20121228,0.031,0.045,0.031,0.032,16500,0
20130103,0.031,0.044,0.031,0.031,110,0
20130104,0.031,0.044,0.031,0.031,30,0
20130107,0.043,0.043,0.02,0.028,11,0
20130109,0.029,0.031,0.02,0.031,750,0
20130110,0.03,0.043,0.02,0.02,1018,0
20130111,0.03,0.031,0.03,0.031,100,0
20130114,0.03,0.043,0.03,0.031,1018,0
20130116,0.043,0.043,0.03,0.03,700,0
20130117,0.03,0.043,0.03,0.032,30000,0
20130118,0.032,0.04,0.032,0.035,795,0
20130121,0.035,0.04,0.032,0.035,250,0
20130124,0.032,0.04,0.032,0.035,2200,0
20130128,0.04,0.04,0.025,0.025,350,0
20130129,0.034,0.035,0.025,0.035,441,0
20130130,0.034,0.04,0.025,0.034,51960,0
20130131,0.04,0.04,0.025,0.025,100,0
20130201,0.04,0.04,0.02,0.03,2671,0
20130205,0.03,0.04,0.03,0.04,3000,0
20130207,0.03,0.04,0.02,0.04,400,0
20130211,0.03,0.04,0.02,0.035,8110,0
20130215,0.04,0.043,0.02,0.042,30023,0
20130218,0.04,0.06,0.032,0.06,10000,0
20130219,0.1,0.1,0.051,0.1,84600,0
20130220,0.11,0.11,0.055,0.055,78201,0
20130221,0.07,0.082,0.046,0.082,730,0
20130222,0.065,0.087,0.065,0.087,10600,0
20130225,0.067,0.087,0.067,0.069,5250,0
20130226,0.067,0.067,0.067,0.067,100,0
20130227,0.067,0.067,0.057,0.067,4700,0
20130228,0.046,0.067,0.046,0.057,5250,0
20130307,0.054,0.067,0.034,0.034,22,0
20130311,0.06,0.06,0.034,0.034,80,0
20130312,0.067,0.067,0.034,0.034,4916,0
20130315,0.067,0.067,0.034,0.047,350,0
20130318,0.047,0.067,0.034,0.044,210,0
20130320,0.044,0.044,0.034,0.034,1,0
20130321,0.044,0.044,0.024,0.024,100,0
20130403,0.043,0.063,0.032,0.063,2000,0
20130409,0.043,0.067,0.032,0.032,38842,0
20130410,0.035,0.037,0.032,0.037,150,0
20130411,0.035,0.035,0.03,0.03,12700,0
20130412,0.035,0.036,0.035,0.036,150,0
20130415,0.035,0.037,0.035,0.037,10300,0
20130416,0.032,0.055,0.031,0.034,100,0
20130417,0.033,0.049,0.033,0.036,300,0
20130418,0.033,0.049,0.033,0.036,100,0
20130419,0.033,0.049,0.033,0.034,3428,0
20130422,0.033,0.049,0.033,0.043,2670,0
20130423,0.035,0.049,0.035,0.035,1290,0
20130424,0.035,0.049,0.035,0.035,100,0
20130425,0.035,0.049,0.035,0.036,1037,0
20130430,0.035,0.049,0.025,0.025,200,0
20130503,0.035,0.041,0.035,0.041,327,0
20130506,0.04,0.049,0.04,0.041,200,0
20130508,0.04,0.049,0.04,0.044,1872,0
20130514,0.04,0.049,0.03,0.03,150,0
20130515,0.049,0.049,0.03,0.041,550,0
20130516,0.049,0.049,0.03,0.041,350,0
20130517,0.03,0.049,0.03,0.041,45,0
20130520,0.04,0.049,0.03,0.041,975,0
20130521,0.049,0.049,0.03,0.04,685,0
20130522,0.049,0.049,0.03,0.041,1135,0
20130527,0.049,0.049,0.03,0.041,1087,0
20130528,0.049,0.049,0.03,0.044,8739,0
20130529,0.036,0.049,0.036,0.037,8904,0
20130530,0.04,0.049,0.04,0.049,25000,0
20130531,0.049,0.056,0.039,0.056,627,0
20130603,0.055,0.067,0.045,0.055,41360,0
20130606,0.041,0.055,0.041,0.05,525,0
20130611,0.044,0.055,0.043,0.051,1512,0
20130614,0.047,0.067,0.047,0.067,3200,0
20130617,0.06,0.06,0.044,0.044,200,0
20130618,0.046,0.06,0.046,0.06,100,0
20130624,0.047,0.055,0.034,0.034,375,0
20130627,0.059,0.059,0.034,0.049,500,0
20130628,0.059,0.059,0.034,0.059,15,0
20130705,0.052,0.055,0.034,0.047,440,0
20130710,0.047,0.055,0.034,0.044,4207,0
20130712,0.044,0.048,0.04,0.04,1262,0
20130718,0.044,0.046,0.044,0.044,300,0
20130722,0.044,0.044,0.044,0.044,687,0
20130723,0.041,0.044,0.037,0.037,4000,0
20130726,0.037,0.051,0.037,0.051,2332,0
20130731,0.04,0.06,0.029,0.037,2000,0
20130801,0.037,0.044,0.035,0.038,10,0
20130802,0.035,0.044,0.035,0.037,10000,0
20130805,0.03,0.044,0.03,0.031,647,0
20130808,0.037,0.048,0.031,0.048,10000,0
20130809,0.035,0.044,0.03,0.03,2320,0
20130813,0.037,0.044,0.037,0.038,3852,0
20130814,0.044,0.044,0.037,0.038,2956,0
20130816,0.035,0.044,0.035,0.035,497,0
20130819,0.034,0.043,0.034,0.034,550,0
20130823,0.035,0.043,0.025,0.025,455,0
20130827,0.035,0.035,0.03,0.03,100,0
20130828,0.043,0.054,0.03,0.054,56239,0
20130829,0.042,0.043,0.032,0.042,400,0
20130830,0.042,0.043,0.032,0.032,10,0
20130903,0.042,0.043,0.032,0.04,10,0
20130906,0.038,0.056,0.038,0.056,3000,0
20130909,0.038,0.058,0.038,0.039,2060,0
20130910,0.039,0.044,0.039,0.044,50,0
20130912,0.042,0.044,0.042,0.043,15042,0
20130916,0.043,0.043,0.042,0.042,142,0
20130918,0.042,0.043,0.042,0.042,588,0
20130920,0.042,0.051,0.042,0.042,13888,0
20130923,0.037,0.043,0.032,0.043,1000,0
20130925,0.037,0.043,0.027,0.037,10100,0
20131002,0.037,0.056,0.027,0.056,4000,0
20131004,0.035,0.056,0.03,0.038,100,0
20131008,0.037,0.038,0.027,0.038,300,0
20131009,0.037,0.037,0.027,0.037,500,0
20131010,0.035,0.042,0.025,0.042,35000,0
20131016,0.035,0.062,0.025,0.062,78620,0
20131017,0.035,0.062,0.035,0.052,45000,0
20131018,0.052,0.072,0.038,0.046,452,0
20131021,0.045,0.05,0.045,0.05,200,0
20131022,0.05,0.062,0.05,0.051,33520,0
20131023,0.051,0.051,0.051,0.051,485,0
20131024,0.049,0.051,0.039,0.039,97,0
20131028,0.049,0.065,0.039,0.065,10000,0
20131029,0.049,0.065,0.039,0.06,15234,0
20131030,0.049,0.053,0.044,0.044,4669,0
20131104,0.042,0.051,0.042,0.042,40,0
20131107,0.038,0.047,0.038,0.038,137,0
20131112,0.038,0.047,0.038,0.047,1000,0
20131113,0.038,0.047,0.038,0.038,154,0
20131115,0.038,0.047,0.038,0.038,200,0
20131118,0.038,0.047,0.038,0.038,110,0
20131119,0.038,0.047,0.035,0.035,25770,0
20131120,0.032,0.045,0.032,0.045,112000,0
20131121,0.04,0.04,0.03,0.035,56300,0
20131126,0.036,0.04,0.03,0.03,300,0
20131127,0.035,0.04,0.035,0.036,225,0
20131203,0.035,0.04,0.035,0.036,3220,0
20131204,0.035,0.04,0.035,0.037,300,0
20131205,0.037,0.04,0.036,0.036,150,0
20131209,0.035,0.04,0.026,0.026,375,0
20131210,0.035,0.035,0.026,0.027,1100,0
20131212,0.035,0.04,0.026,0.037,220,0
20131213,0.035,0.04,0.026,0.037,1760,0
20131217,0.032,0.04,0.032,0.033,70720,0
20131219,0.032,0.037,0.027,0.027,415,0
20131220,0.032,0.037,0.027,0.037,1000,0
20131223,0.026,0.037,0.026,0.03,690,0
20131227,0.029,0.037,0.026,0.037,617,0
20131230,0.03,0.037,0.03,0.032,7879,0
20140102,0.029,0.032,0.029,0.029,6000,0
20140103,0.028,0.032,0.028,0.03,100,0
20140109,0.029,0.032,0.02,0.03,825,0
20140113,0.029,0.032,0.029,0.03,336,0
20140114,0.029,0.032,0.022,0.03,250,0
20140115,0.029,0.043,0.029,0.043,3000,0
20140116,0.029,0.043,0.029,0.043,1187,0
20140117,0.043,0.044,0.029,0.044,42304,0
20140120,0.029,0.049,0.029,0.049,49954,0
20140121,0.044,0.044,0.031,0.034,109546,0
20140122,0.034,0.041,0.034,0.035,23220,0
20140129,0.033,0.035,0.03,0.035,12000,0
20140131,0.03,0.035,0.03,0.034,1000,0
20140203,0.034,0.035,0.03,0.03,104260,0
20140204,0.025,0.035,0.025,0.034,17000,0
20140205,0.031,0.035,0.029,0.029,10,0
20140206,0.029,0.035,0.029,0.032,10,0
20140211,0.029,0.035,0.029,0.031,600,0
20140213,0.031,0.031,0.03,0.03,550,0
20140214,0.031,0.031,0.031,0.031,300,0
20140225,0.031,0.031,0.031,0.031,6001,0
20140226,0.03,0.031,0.03,0.031,100,0
20140227,0.03,0.031,0.03,0.031,1600,0
20140303,0.029,0.034,0.029,0.032,20350,0
20140305,0.032,0.033,0.032,0.032,3200,0
20140307,0.032,0.034,0.032,0.032,5000,0
20140310,0.032,0.033,0.032,0.032,330,0
20140311,0.032,0.032,0.031,0.031,300,0
20140312,0.031,0.033,0.027,0.032,30,0
20140317,0.032,0.033,0.032,0.032,500,0
20140318,0.032,0.032,0.031,0.031,11600,0
20140328,0.023,0.032,0.023,0.031,85,0
20140331,0.023,0.032,0.023,0.029,26800,0
20140401,0.03,0.031,0.022,0.022,100,0
20140402,0.025,0.03,0.016,0.025,200,0
20140403,0.025,0.03,0.015,0.023,300,0
20140407,0.029,0.03,0.019,0.029,1296,0
20140408,0.029,0.03,0.019,0.029,11200,0
20140409,0.029,0.03,0.029,0.029,475,0
20140410,0.023,0.03,0.021,0.021,200,0
20140414,0.023,0.023,0.021,0.021,4200,0
20140415,0.023,0.029,0.021,0.021,25,0
20140422,0.029,0.029,0.021,0.021,10,0
20140429,0.021,0.029,0.021,0.021,150000,0
20140430,0.02,0.022,0.02,0.022,137900,0
20140502,0.022,0.022,0.02,0.02,10000,0
20140505,0.02,0.022,0.015,0.015,700,0
20140507,0.02,0.021,0.015,0.015,25070,0
20140512,0.017,0.02,0.016,0.016,11000,0
20140513,0.016,0.02,0.016,0.016,50113,0
20140514,0.016,0.02,0.016,0.016,183,0
20140526,0.016,0.02,0.016,0.016,50000,0
20140603,0.015,0.02,0.01,0.015,200,0
20140605,0.015,0.02,0.01,0.015,237,0
20140606,0.016,0.02,0.01,0.015,4000,0
20140609,0.016,0.02,0.01,0.015,600,0
20140610,0.02,0.02,0.01,0.015,300,0
20140626,0.02,0.02,0.015,0.015,280,0
20140703,0.015,0.02,0.01,0.015,160000,0
20140707,0.015,0.02,0.015,0.015,200,0
20140714,0.015,0.02,0.011,0.011,220,0
20140715,0.015,0.015,0.011,0.011,100,0
20140716,0.02,0.02,0.011,0.013,300,0
20140718,0.015,0.015,0.011,0.011,90,0
20140723,0.015,0.015,0.011,0.011,5000,0
20140728,0.015,0.015,0.011,0.011,15337,0
20140729,0.013,0.013,0.011,0.011,400,0
20140730,0.015,0.015,0.011,0.011,50400,0
20140801,0.02,0.02,0.011,0.011,1000,0
20140811,0.012,0.012,0.011,0.011,550,0
20140815,0.011,0.011,0.011,0.011,4500,0
20140821,0.012,0.012,0.012,0.012,6000,0
20140822,0.012,0.013,0.012,0.013,9000,0
20140827,0.012,0.028,0.012,0.028,35,0
20140902,0.013,0.028,0.012,0.012,840,0
20140905,0.013,0.018,0.012,0.012,1225,0
20140909,0.021,0.021,0.011,0.013,8300,0
20140911,0.015,0.028,0.015,0.028,14300,0
20140912,0.038,0.038,0.026,0.026,5400,0
20140916,0.025,0.025,0.025,0.025,20000,0
20140917,0.016,0.03,0.016,0.03,100,0
20140918,0.025,0.03,0.016,0.03,21358,0
20140919,0.025,0.035,0.016,0.035,500,0
20140922,0.025,0.033,0.017,0.017,2510,0
20140923,0.034,0.034,0.017,0.017,8000,0
20140926,0.016,0.017,0.014,0.017,27,0
20140929,0.018,0.027,0.013,0.027,104395,0
20141008,0.027,0.034,0.016,0.018,22050,0
20141013,0.013,0.018,0.013,0.018,750,0
20141016,0.025,0.025,0.013,0.018,143,0
20141017,0.027,0.027,0.015,0.018,770,0
20141020,0.015,0.018,0.015,0.018,50,0
20141022,0.015,0.018,0.015,0.018,50,0
20141031,0.027,0.027,0.012,0.025,24129,0
20141103,0.018,0.027,0.014,0.019,1000,0
20141104,0.025,0.025,0.012,0.014,1700,0
20141105,0.02,0.02,0.014,0.014,6000,0
20141106,0.027,0.027,0.014,0.014,50,0
20141111,0.027,0.027,0.015,0.015,50,0
20141114,0.027,0.027,0.012,0.014,84,0
20141201,0.011,0.012,0.011,0.012,3842,0
20141202,0.011,0.028,0.011,0.028,5044,0
20141203,0.011,0.027,0.011,0.012,200,0
20141205,0.027,0.027,0.011,0.012,2000,0
20141208,0.013,0.013,0.011,0.012,62,0
20141209,0.013,0.013,0.011,0.012,15650,0
20141210,0.011,0.012,0.011,0.012,62,0
20141211,0.027,0.027,0.011,0.012,36,0
20141216,0.011,0.014,0.011,0.012,440,0
20141217,0.011,0.014,0.011,0.012,800,0
20141218,0.013,0.013,0.011,0.012,1090,0
20141222,0.011,0.015,0.011,0.012,186,0
20141223,0.011,0.018,0.011,0.012,1300,0
20141229,0.014,0.014,0.011,0.012,30200,0
20141230,0.015,0.015,0.011,0.011,5150,0
20150102,0.015,0.015,0.015,0.015,10000,0
20150106,0.017,0.03,0.015,0.03,29350,0
20150107,0.03,0.03,0.022,0.03,245119,0
20150108,0.03,0.03,0.022,0.023,1000,0
20150109,0.022,0.033,0.022,0.032,14600,0
20150112,0.022,0.033,0.015,0.015,120,0
20150113,0.022,0.022,0.015,0.02,13100,0
20150114,0.022,0.023,0.02,0.023,39400,0
20150115,0.021,0.022,0.016,0.022,110310,0
20150119,0.017,0.023,0.015,0.019,41144,0
20150120,0.023,0.023,0.015,0.02,50056,0
20150121,0.023,0.023,0.015,0.016,24281,0
20150122,0.017,0.023,0.016,0.016,3000,0
20150123,0.023,0.023,0.017,0.017,330,0
20150126,0.017,0.023,0.015,0.015,36,0
20150127,0.006,0.015,0.006,0.015,1789,0
20150128,0.006,0.015,0.006,0.015,88980,0
20150130,0.013,0.015,0.012,0.015,1172,0
20150202,0.013,0.015,0.013,0.014,31150,0
20150203,0.013,0.015,0.013,0.015,4285,0
20150204,0.013,0.014,0.013,0.014,21778,0
20150205,0.025,0.025,0.014,0.014,1000,0
20150210,0.006,0.014,0.006,0.014,275,0
20150211,0.006,0.02,0.006,0.02,1325,0
20150212,0.006,0.024,0.006,0.014,330,0
20150213,0.006,0.016,0.006,0.014,1915,0
20150216,0.015,0.016,0.014,0.014,800,0
20150217,0.015,0.016,0.014,0.014,1450,0
20150227,0.014,0.015,0.008,0.014,350,0
20150302,0.009,0.015,0.009,0.013,350,0
20150303,0.014,0.025,0.012,0.025,1500,0
20150304,0.01,0.024,0.01,0.014,12244,0
20150306,0.015,0.016,0.009,0.014,1480,0
20150311,0.014,0.015,0.008,0.014,5000,0
20150312,0.008,0.015,0.008,0.014,675,0
20150313,0.008,0.015,0.008,0.014,1700,0
20150316,0.008,0.016,0.008,0.011,16430,0
20150317,0.015,0.016,0.008,0.011,4951,0
20150324,0.008,0.015,0.008,0.015,3000,0
20150325,0.008,0.016,0.008,0.015,200,0
20150327,0.011,0.015,0.008,0.015,200,0
20150330,0.011,0.017,0.008,0.015,10000,0
20150401,0.008,0.016,0.008,0.011,1720,0
20150402,0.008,0.016,0.008,0.011,1500,0
20150409,0.015,0.016,0.015,0.016,2783,0
20150413,0.015,0.017,0.015,0.017,1845,0
20150415,0.015,0.016,0.015,0.016,100,0
20150420,0.016,0.016,0.016,0.016,752,0
20150421,0.015,0.016,0.015,0.016,110,0
20150430,0.015,0.016,0.015,0.016,50,0
20150506,0.015,0.017,0.015,0.017,1605,0
20150511,0.015,0.016,0.015,0.016,1315,0
20150513,0.015,0.017,0.015,0.017,4591,0
20150519,0.015,0.016,0.015,0.016,300,0
20150521,0.015,0.015,0.015,0.015,16300,0
20150526,0.011,0.012,0.011,0.012,50,0
20150527,0.015,0.015,0.015,0.015,600,0
20150529,0.011,0.017,0.011,0.017,3050,0
20150605,0.011,0.011,0.011,0.011,400,0
20150612,0.012,0.014,0.012,0.014,115,0
20150615,0.012,0.012,0.012,0.012,25,0
20150616,0.012,0.013,0.012,0.013,163,0
20150623,0.013,0.013,0.013,0.013,280,0
20150624,0.013,0.013,0.013,0.013,6,0
20150702,0.012,0.013,0.012,0.013,60,0
20150706,0.013,0.023,0.013,0.023,5000,0
20150708,0.013,0.014,0.013,0.013,5300,0
20150716,0.013,0.014,0.013,0.014,1000,0
20150722,0.013,0.014,0.013,0.014,3500,0
20150805,0.012,0.013,0.012,0.013,100,0
20150807,0.012,0.015,0.012,0.014,24000,0
20150812,0.011,0.02,0.011,0.02,1000,0
20150817,0.011,0.028,0.011,0.028,20000,0
20150820,0.016,0.017,0.016,0.017,1904,0
20150826,0.016,0.026,0.016,0.026,2000,0
20150827,0.016,0.016,0.016,0.016,75,0
20150903,0.016,0.027,0.016,0.027,6620,0
20150904,0.026,0.026,0.017,0.026,13060,0
20150908,0.017,0.017,0.017,0.017,746,0
20150909,0.017,0.018,0.017,0.018,100,0
20150916,0.017,0.018,0.017,0.018,142,0
20150917,0.017,0.017,0.017,0.017,3080,0
20150924,0.016,0.017,0.016,0.017,6800,0
20150925,0.016,0.017,0.016,0.017,100,0
20151005,0.015,0.015,0.015,0.015,200,0
20151009,0.014,0.015,0.014,0.015,5277,0
20151015,0.014,0.015,0.014,0.015,742,0
20151016,0.015,0.015,0.015,0.015,6600,0
20151019,0.014,0.015,0.014,0.015,6500,0
20151020,0.014,0.028,0.014,0.015,5178,0
20151022,0.014,0.015,0.014,0.015,1100,0
20151023,0.015,0.015,0.015,0.015,800,0
20151027,0.014,0.028,0.014,0.028,10000,0
20151106,0.011,0.012,0.011,0.012,725,0
20151112,0.011,0.012,0.011,0.012,440,0
20151118,0.012,0.013,0.012,0.013,170,0
20151207,0.011,0.012,0.011,0.012,125,0
20151217,0.012,0.012,0.012,0.012,110,0
20151221,0.009,0.01,0.009,0.01,2080,0
20151229,0.007,0.008,0.007,0.008,45,0
20160104,0.007,0.008,0.007,0.008,50,0
20160106,0.005,0.026,0.005,0.024,1800,0
20160114,0.007,0.008,0.007,0.008,3,0
20160115,0.02,0.02,0.02,0.02,2427,0
20160119,0.006,0.011,0.006,0.011,301,0
20160126,0.01,0.011,0.01,0.011,330,0
20160216,0.005,0.006,0.005,0.006,1000,0
20160219,0.005,0.011,0.005,0.011,55000,0
20160224,0.01,0.011,0.01,0.01,111853,0
20160225,0.006,0.007,0.006,0.007,713,0
20160301,0.006,0.009,0.006,0.009,40000,0
20160302,0.006,0.01,0.006,0.01,85500,0
20160307,0.007,0.017,0.007,0.017,868,0
20160309,0.007,0.008,0.007,0.008,62,0
20160316,0.008,0.017,0.008,0.017,2125,0
20160317,0.008,0.009,0.008,0.009,30000,0
20160318,0.008,0.009,0.008,0.009,245,0
20160322,0.01,0.01,0.009,0.009,1000,0
20160324,0.008,0.009,0.008,0.009,100,0
20160329,0.008,0.015,0.008,0.015,75000,0
20160330,0.018,0.026,0.012,0.026,96927,0
20160331,0.02,0.025,0.019,0.025,128419,0
20160405,0.015,0.021,0.015,0.021,38260,0
20160406,0.02,0.021,0.02,0.021,20000,0
20160407,0.02,0.033,0.02,0.033,113000,0
20160408,0.03,0.034,0.03,0.034,67853,0
20160411,0.031,0.034,0.031,0.034,8000,0
20160412,0.03,0.031,0.03,0.031,47353,0
20160413,0.03,0.034,0.03,0.034,3000,0
20160415,0.03,0.035,0.03,0.034,155000,0
20160421,0.031,0.031,0.031,0.031,20000,0
20160425,0.031,0.034,0.031,0.034,12710,0
20160429,0.03,0.034,0.03,0.034,6000,0
20160506,0.025,0.035,0.025,0.035,2500,0
20160511,0.025,0.035,0.025,0.035,3502,0
20160517,0.025,0.035,0.025,0.035,3500,0
20160520,0.025,0.025,0.025,0.025,6000,0
20160601,0.019,0.035,0.019,0.035,10000,0
20160602,0.019,0.02,0.019,0.02,50,0
20160613,0.02,0.02,0.02,0.02,20000,0
20160615,0.02,0.021,0.02,0.021,100,0
20160621,0.019,0.02,0.019,0.02,10,0
20160624,0.019,0.02,0.019,0.02,16,0
20160705,0.019,0.02,0.019,0.02,100,0
20160708,0.019,0.02,0.019,0.02,25,0
20160715,0.019,0.02,0.019,0.02,307,0
20160727,0.02,0.021,0.02,0.021,1555,0
20160729,0.02,0.021,0.02,0.021,6100,0
20160804,0.021,0.021,0.021,0.021,220,0
20160812,0.02,0.02,0.019,0.019,50000,0
20160825,0.01,0.011,0.01,0.011,100,0
20160831,0.02,0.02,0.012,0.012,209,0
20160909,0.012,0.04,0.012,0.04,10000,0
20160912,0.012,0.013,0.012,0.013,1500,0
20160919,0.015,0.016,0.015,0.016,5000,0
20160921,0.015,0.016,0.015,0.016,200,0
20160926,0.017,0.018,0.017,0.018,151,0
20161108,0.015,0.016,0.015,0.016,121,0
20161110,0.015,0.016,0.015,0.016,25,0
20161111,0.015,0.016,0.015,0.016,1000,0
20161122,0.015,0.016,0.015,0.016,137,0
20161128,0.017,0.017,0.017,0.017,1000,0
20161208,0.016,0.017,0.016,0.017,1210,0
20161212,0.016,0.017,0.016,0.017,550,0
20161213,0.017,0.017,0.017,0.017,1431,0
20161227,0.016,0.017,0.016,0.017,220,0
20161230,0.017,0.017,0.017,0.017,220,0
20170116,0.012,0.012,0.012,0.012,7805,0
20170117,0.011,0.012,0.011,0.012,200,0
20170119,0.011,0.012,0.011,0.012,700,0
20170120,0.013,0.014,0.013,0.014,1000,0
20170124,0.015,0.016,0.015,0.016,467,0
20170125,0.015,0.016,0.015,0.016,150,0
20170207,0.013,0.04,0.013,0.04,300,0
20170216,0.013,0.014,0.013,0.014,111,0
20170220,0.013,0.014,0.013,0.014,100,0
20170221,0.013,0.04,0.013,0.04,10901,0
20170222,0.013,0.014,0.013,0.014,200,0
20170224,0.015,0.016,0.015,0.016,300,0
20170227,0.026,0.026,0.016,0.016,956,0
20170228,0.015,0.05,0.015,0.05,60000,0
20170301,0.025,0.05,0.015,0.02,313000,0
20170302,0.022,0.035,0.022,0.031,90600,0
20170306,0.03,0.035,0.03,0.035,50000,0
20170309,0.026,0.036,0.026,0.036,2000,0
20170310,0.025,0.037,0.025,0.037,3300,0
20170320,0.021,0.022,0.021,0.022,2300,0
20170321,0.022,0.037,0.022,0.037,12400,0
20170322,0.021,0.022,0.021,0.022,400,0
20170323,0.021,0.022,0.021,0.022,2550,0
