Date,Open,High,Low,Close,Volume,OpenInt
20081202,262.93,263.75,262.93,263.75,242,0
20081203,272,272,267.88,267.88,121,0
20081208,272,274.46,272,274.46,121,0
20081209,272.01,277.61,272.01,272.01,121,0
20081210,272.01,276.54,272.01,272.01,364,0
20081212,272,276.12,272,274.38,485,0
20081216,272.01,273.92,272.01,272.01,971,0
20081218,274.46,274.46,267.87,274.46,242,0
20081223,280.24,283.75,277.77,281.07,364,0
20081229,286.83,307.44,286.02,307.44,242,0
20081230,304.96,304.96,291.77,296.72,850,0
20090105,307.45,325.56,307.45,311.58,121,0
20090108,306.21,306.21,294.25,306.2,121,0
20090109,307.44,309.25,307.44,309.25,485,0
20090112,309.18,312.39,307.44,311.56,121,0
20090113,307.44,307.44,286.01,288.48,242,0
20090116,267.87,267.87,257.16,263.75,121,0
20090119,257.16,267.88,257.16,267.88,121,0
20090121,259.64,260.46,259.64,260.46,121,0
20090128,237.38,250.57,237.38,247.28,728,0
20090130,250.98,263.75,250.98,255.51,242,0
20090202,255.51,255.51,255.51,255.51,242,0
20090205,255.51,261.28,255.51,261.28,242,0
20090206,263.76,272.01,259.82,272.01,364,0
20090211,277.6,279.26,269.53,269.53,121,0
20090213,267.88,272.01,265.4,272.01,121,0
20090224,259.64,259.64,247.28,247.28,121,0
20090227,239.03,239.03,234.89,234.89,121,0
20090302,234.91,234.91,226.83,226.83,121,0
20090303,226.83,234.92,225.02,225.02,121,0
20090304,220.51,220.51,214.3,216.77,121,0
20090306,205.14,206.88,201.94,201.94,121,0
20090310,189.74,200.29,189.74,200.29,121,0
20090311,197.81,206.06,192.23,206.06,607,0
20090312,204.41,211.81,201.93,211.81,364,0
20090319,204.42,215.12,204.42,210.2,242,0
20090320,204.41,209.35,204.41,204.42,121,0
20090327,214.31,215.95,211.01,213.48,121,0
20090330,214.3,217.6,210.18,212.66,607,0
20090331,217.51,217.59,215.12,215.12,121,0
20090401,215.54,218.01,214.3,218.01,121,0
20090403,226.66,240.67,226.66,240.67,121,0
20090406,232.45,249.74,232.45,249.74,121,0
20090407,255.51,257.16,248.1,255.51,121,0
20090408,255.52,272.01,255.52,272.01,485,0
20090409,273.65,301.67,273.65,292.61,485,0
20090414,292.6,300.84,290.96,290.96,121,0
20090415,296.73,296.73,290.59,290.59,121,0
20090416,286.43,286.43,263.75,263.75,242,0
20090420,269.36,269.36,261.29,262.1,121,0
20090421,262.11,262.11,248.92,256.33,364,0
20090424,253.03,253.03,248.09,251.39,607,0
20090427,247.27,252.21,245.62,251.39,242,0
20090428,251.39,263.75,247.28,247.63,728,0
20090429,247.46,258.81,247.28,248.14,121,0
20090430,251.39,254.69,249.04,254.64,1213,0
20090504,255.52,261.28,255.52,261.28,121,0
20090506,261.25,261.7,255.11,257.16,971,0
20090507,255.52,257.16,250.57,253.67,2548,0
20090508,252.63,255.51,250.17,253.04,242,0
20090511,253.86,253.86,251.82,252.22,121,0
20090512,253.86,253.86,249.74,249.74,850,0
20090513,253.04,255.52,251.39,252.96,364,0
20090514,255.51,255.51,249.87,251.39,364,0
20090515,250.15,250.15,249.51,249.51,242,0
20090518,247.28,247.28,239.03,247.27,242,0
20090519,247.28,251.39,243.15,247.28,485,0
20090520,251.31,251.38,244.8,244.8,1092,0
20090521,250.28,250.57,241.91,241.91,242,0
20090522,247.27,250.97,237.81,237.81,1820,0
20090525,244.8,244.8,236.56,236.63,2426,0
20090526,241.49,241.5,234.08,234.26,2548,0
20090527,235.73,241.4,231.61,231.95,2548,0
20090528,232.43,236.1,225.44,229.14,5824,0
20090529,231.5,239.11,227.9,227.99,8736,0
20090601,233.22,233.26,222.55,222.55,6915,0
20090602,226.52,245.33,225.12,245.33,3883,0
20090603,244.05,258.14,244.05,247.69,2912,0
20090604,252.21,259.46,251.44,254.63,971,0
20090605,259.55,262.93,258.82,262.93,1092,0
20090608,261.95,262.94,254.26,260.45,2063,0
20090609,261.29,262.83,258,262.19,242,0
20090610,262.51,279.34,259.65,272.46,1213,0
20090611,273.67,276.95,272.01,276.15,728,0
20090612,276.94,276.94,264.59,274.46,728,0
20090615,275.29,275.29,257.33,263.74,1213,0
20090616,265.4,265.4,257.62,259.64,242,0
20090617,259.64,261.1,245.8,257.51,1334,0
20090618,261,261.44,258.07,258.47,349,0
20090619,264.45,264.45,261.87,262.3,116,0
20090622,266.11,266.11,253.28,260.99,233,0
20090623,256.72,260.77,251.58,257.57,233,0
20090624,260.15,263.58,255.1,262.72,233,0
20090625,263.59,266.16,249,261.01,931,0
20090626,261.01,269.59,261.01,263.6,349,0
20090629,267.02,279.04,267.02,279.04,1048,0
20090630,279,287.63,274.84,285.9,1048,0
20090701,286.76,296.21,283.33,296.21,1280,0
20090702,304.8,304.8,291.06,297.33,1280,0
20090703,299.65,299.65,290.21,297.47,233,0
20090706,296.2,299.99,287.94,299.62,466,0
20090707,296.65,300.08,295.83,295.83,116,0
20090708,298.78,298.78,284.19,290.04,699,0
20090709,285.91,291.92,285.91,291.92,116,0
20090710,283.33,287.59,283.33,287.59,116,0
20090714,285.04,290.2,285.04,290.2,233,0
20090715,281.63,295.46,281.62,292.77,583,0
20090716,292.81,295.61,291.92,295.61,116,0
20090717,295.6,299.93,291.54,292.8,116,0
20090720,293.63,299.56,291.92,291.92,349,0
20090721,290.21,294.93,289.35,291.07,233,0
20090722,290.76,300.51,290.2,291.96,233,0
20090723,293.25,297.03,292.17,295.34,116,0
20090724,288.49,290.96,281.62,290.34,116,0
20090727,287.63,303.08,287.63,294.59,466,0
20090728,294.5,299.65,288.48,288.49,116,0
20090730,291.91,294.77,288.57,291.49,116,0
20090731,291.06,291.64,287.63,287.63,116,0
20090803,287.63,296.97,286.01,294.92,699,0
20090805,291.91,297.92,288.05,296.21,349,0
20090806,296.98,311.66,296.98,306.51,1048,0
20090807,311.23,313.38,303.07,306.51,815,0
20090810,309.09,316.22,306.65,311.67,699,0
20090811,312.95,316.8,300.51,303.12,583,0
20090812,308.13,308.13,295.83,303.56,233,0
20090813,306.41,308.23,302.67,308.23,233,0
20090814,302.26,315.87,302.26,315.87,116,0
20090817,308.15,316.73,307.81,316.73,931,0
20090818,314.79,317.67,308.23,317.67,349,0
20090819,316.82,316.82,309.52,316.04,583,0
20090820,315.95,326.24,315.95,324.89,349,0
20090821,325.4,349.73,325.4,343.44,815,0
20090824,349.44,351.98,331.41,343.42,815,0
20090826,333.19,339.57,330.56,334.84,116,0
20090827,338.71,339.58,322.16,333.13,3378,0
20090828,332.91,339.56,331.41,339.56,466,0
20090831,341.71,341.71,331.41,338.2,583,0
20090901,334.85,338.28,323.69,331.42,349,0
20090902,331.4,331.4,306.52,321.96,699,0
20090903,318.61,321.11,317.66,321.11,233,0
20090907,321.67,333.98,321.67,330.56,349,0
20090908,333.14,333.14,323.69,328.84,233,0
20090909,328.83,334.76,326.26,330.56,466,0
20090911,334.76,334.76,329.85,329.85,116,0
20090914,333.98,333.98,327.98,330.36,116,0
20090915,333.55,339.13,331.41,334.77,349,0
20090916,328.85,342.56,328.85,342.56,233,0
20090917,334.85,348.58,334.85,347.24,349,0
20090918,348.58,356.25,345.91,356.25,349,0
20090921,352.88,356.3,347.73,355.44,233,0
20090924,343.44,352.87,339.14,352.87,466,0
20090925,353.73,355.45,352.02,355.45,116,0
20090928,352.88,365.76,349.45,365.76,349,0
20090929,364.04,365.74,353.74,356.31,349,0
20090930,360.6,360.6,342.57,349.06,349,0
20091001,350.3,356.31,348.59,356.31,116,0
20091002,357.16,361.89,356.41,360.58,1164,0
20091005,353.99,364.86,353.99,363.6,466,0
20091006,359.32,364.91,359.32,361.26,233,0
20091007,359.31,361.47,355.45,358.03,116,0
20091008,360.52,363.18,349.45,363.18,815,0
20091009,352.87,355.44,346.88,354.51,116,0
20091012,364.86,364.86,352.87,363.18,815,0
20091013,363.19,373.32,363.19,372.81,233,0
20091016,368.33,369.19,358.89,364.9,466,0
20091021,360.59,360.6,356.31,358.02,116,0
20091022,360.59,360.59,340.85,349.46,466,0
20091023,356.31,356.31,348.67,353.72,349,0
20091026,355.44,362.32,347.73,347.73,815,0
20091027,351.11,352.02,341.72,346.01,233,0
20091028,346.01,346.01,328.85,333.98,466,0
20091029,328.86,335.68,328.86,335.68,116,0
20091102,329.7,334.75,323.05,332.71,233,0
20091103,333.99,333.99,326.26,327.13,233,0
20091104,328.83,335.7,328.83,335.69,116,0
20091105,332.28,335.7,330.56,333.99,583,0
20091109,334.85,346,334.85,345.83,349,0
20091110,343.43,355.44,343.43,353.7,116,0
20091111,352.02,356.32,352,354.22,233,0
20091116,346.96,346.96,339.58,344.29,233,0
20091117,346.85,354.17,346.85,351.06,233,0
20091119,351.05,351.06,343.47,348.16,466,0
20091120,347.73,349.06,341.72,345.08,116,0
20091124,335.29,345.58,335.29,345.58,233,0
20091127,339.13,339.13,334.85,337.42,116,0
20091201,337.15,341.12,337.15,339.14,233,0
20091208,337.85,337.86,324.54,326.26,583,0
20091211,332.26,339.13,330.78,336.55,583,0
20091216,336.57,348.33,330.58,336.59,116,0
20091218,333.18,333.18,330.56,330.56,233,0
20091222,330.77,337.42,330.56,334.84,233,0
20091228,340,340,334.84,334.84,116,0
20091229,330.64,334.85,330.64,333.98,233,0
20091230,334.84,351.94,334.84,351.17,1048,0
20100104,347.73,350.99,343.44,343.44,233,0
20100105,349.45,382.07,349.45,381.13,1514,0
20100106,370.91,370.91,361.47,365.76,116,0
20100107,356.31,381.64,355.45,369.19,1514,0
20100108,369.19,378.3,356.49,364.04,1398,0
20100111,360.6,364.9,357.17,360.6,116,0
20100112,363.61,364.03,357.16,363.18,233,0
20100113,363.01,364.9,360.13,364.9,583,0
20100119,363.18,368.03,356.31,368.03,233,0
20100120,369.2,386.11,365.8,367.48,1280,0
20100122,358.88,372.49,356.31,365.24,1280,0
20100125,364.9,372.49,358.88,364.9,466,0
20100126,364.9,364.9,363.18,364.9,349,0
20100129,369.15,379.42,369.15,373.49,583,0
20100201,375.2,386.36,371.8,382.93,233,0
20100202,379.62,382.93,377.82,378.16,233,0
20100203,382.07,389.33,373.49,373.49,699,0
20100204,381.98,381.98,365.29,369.37,466,0
20100205,364.9,375.84,364.9,364.9,233,0
20100210,369.19,386.24,369.19,384.64,583,0
20100211,379.5,385.37,376.53,381.17,116,0
20100212,380.06,390.58,375.51,385.51,1398,0
20100216,386.35,394.94,386.35,394.05,233,0
20100217,387.26,397.87,386.36,394.95,815,0
20100218,398.34,406.11,398.34,401.82,349,0
20100219,406.11,415.56,406.11,414.7,349,0
20100222,407.83,417.32,403.54,416.37,1164,0
20100223,418.14,418.14,397.53,403.54,233,0
20100224,403.58,416.32,403.58,416.32,233,0
20100225,416.32,421.99,412.64,418.98,583,0
20100226,412.97,413.84,406.15,408.26,699,0
20100301,408.77,411.56,394.95,394.95,116,0
20100308,405.26,407.83,399.29,403.54,233,0
20100309,399.25,406.11,397.53,406.11,116,0
20100310,397.65,405.25,397.65,405.25,116,0
20100311,405.26,411.69,405.26,407.83,233,0
20100315,397.57,402.67,383.78,386.4,233,0
20100316,396.67,397.53,389.79,392.38,116,0
20100317,389.97,401.82,387.22,401.77,233,0
20100318,400.95,412.12,400.95,406.97,466,0
20100319,400.96,408.69,399.33,403.54,349,0
20100323,410.45,424.1,406.15,412.13,116,0
20100324,420.58,420.66,409.16,417.26,466,0
20100325,418.99,422.42,412.13,421.82,116,0
20100326,421.52,427.01,412.98,426.5,116,0
20100329,427.58,427.58,412.21,414.88,233,0
20100330,412.98,415.56,395.16,395.16,466,0
20100331,397.53,402.2,391.51,393.23,699,0
20100401,389.93,417.19,389.93,407.83,466,0
20100406,399.24,399.24,392.37,394.95,1980,0
20100407,398.09,398.13,386.36,386.36,116,0
20100412,382.11,399.24,382.11,399.24,2679,0
20100413,389.79,395.81,388.07,391.94,349,0
20100414,382.11,408.69,382.11,408.69,2097,0
20100415,409.55,414.65,399.81,406.11,349,0
20100416,406.98,406.98,404.01,404.01,116,0
20100419,407.74,407.74,400.28,403.54,116,0
20100421,403.54,412.12,399.72,412.04,466,0
20100422,410.41,415.64,407.82,411.69,233,0
20100423,412.13,415.56,405.3,415.56,116,0
20100426,416.41,417.26,414.69,417.26,233,0
20100427,412.21,417.27,409.55,409.55,116,0
20100428,406.97,406.97,399.25,403.45,349,0
20100504,398.38,399.25,385.33,386.36,583,0
20100505,386.36,393.23,386.36,393.19,349,0
20100506,386.58,399.2,374,375.03,466,0
20100507,369.19,396.66,354.17,393.23,815,0
20100510,394.95,406.97,394.95,402.63,466,0
20100511,402.67,403.53,394.94,399.24,583,0
20100512,399.25,407.83,399.25,407.74,583,0
20100513,403.49,410.4,403.49,407.91,233,0
20100514,403.54,412.12,396.66,402.67,349,0
20100517,399.25,412.13,399.25,407.4,116,0
20100519,402.51,407.83,399.25,406.89,233,0
20100520,402.45,402.45,388.8,393.7,343,0
20100521,386.75,393.7,385,391.95,228,0
20100524,393.26,399.82,383.2,399.82,228,0
20100525,382.34,402.46,382.34,389.42,228,0
20100526,402.45,432.2,402.45,432.2,1372,0
20100527,418.2,433.07,418.2,430.45,686,0
20100528,428.7,432.2,411.24,412.56,343,0
20100531,420.78,428.7,420.78,426.95,114,0
20100601,426.94,433.07,424.32,428.92,457,0
20100602,426.9,427.92,417.32,417.32,114,0
20100603,425.2,430.41,419.96,430.41,114,0
20100604,428.65,431.33,426.51,429.58,228,0
20100607,424.32,424.32,410.81,419.95,343,0
20100608,426.04,426.08,423.01,424.33,114,0
20100610,424.33,431.76,424.33,429.58,114,0
20100615,433.07,433.07,424.33,428.7,228,0
20100616,433.07,437.45,428.74,437.45,457,0
20100621,436.58,450.57,434,450.14,686,0
20100622,449.7,449.7,444.45,444.45,114,0
20100624,437.49,437.53,427.39,427.39,228,0
20100625,423.98,433.69,422.67,426.95,114,0
20100628,433.95,437.45,433.95,433.95,228,0
20100629,437.45,437.45,428.7,431.33,114,0
20100630,431.32,435.7,431.32,433.95,228,0
20100701,436.53,436.53,428.74,428.79,343,0
20100702,424.42,436.23,424.33,433.03,114,0
20100706,431.72,432.2,428.56,432.2,114,0
20100708,432.2,446.19,432.2,432.2,114,0
20100715,426.47,431.33,420.83,427.83,114,0
20100720,432.63,441.82,432.2,441.82,228,0
20100726,440.08,450.57,437.46,446.2,228,0
20100727,446.2,459.32,445.33,454.99,114,0
20100729,468.07,468.07,446.2,468.07,1372,0
20100730,468.03,468.07,453.9,453.9,114,0
20100802,456.69,472.44,448.82,472.41,343,0
20100803,472.4,510.76,463.69,505.64,571,0
20100804,498.74,523.62,489.94,489.94,228,0
20100809,477.69,491.65,468.07,491.65,343,0
20100811,478.13,480.31,475.99,475.99,114,0
20100813,475.98,475.98,437.57,437.57,1372,0
20100816,433.07,447.91,433.07,446.2,457,0
20100817,445.32,453.2,437.49,446.15,915,0
20100820,433.11,433.9,427.17,433.07,915,0
20100824,431.89,437.4,427.56,433.07,114,0
20100825,433.07,443.57,433.07,433.07,114,0
20100901,454.55,481.19,445.62,472.44,571,0
20100902,474.98,474.98,458.44,458.44,114,0
20100903,470.7,470.7,461.24,461.24,114,0
20100909,455.82,455.82,442.74,443.57,114,0
20100913,446.2,446.2,429.58,433.3,114,0
20100917,433.95,456.69,431.81,447.95,457,0
20100921,449.7,456.69,444.19,452.19,228,0
20100922,450.57,454.91,442.92,444.45,228,0
20100923,454.95,454.95,447.15,447.51,228,0
20100928,456.69,459.32,449.87,452.32,114,0
20100929,459.28,463.7,445.41,445.41,1143,0
20100930,448.82,454.95,441.83,450.53,114,0
20101001,448.82,460.19,441.25,460.19,114,0
20101005,453.24,462.21,453.2,462.21,114,0
20101007,454.95,467.19,451.05,466.27,114,0
20101011,463.61,472.32,463.61,472.28,228,0
20101012,468.91,471.53,461.95,471.53,114,0
20101013,470.91,480.31,470.91,480.31,457,0
20101014,476.78,480.31,474.19,480.31,228,0
20101015,472.45,482.95,472.45,474.2,457,0
20101019,476.82,481.19,476.82,481.19,343,0
20101020,481.19,481.19,476.82,481.1,343,0
20101021,478.53,481.15,470.7,472.44,114,0
20101022,471.48,472.44,461.94,472.44,114,0
20101025,463.87,479.01,463.87,472.44,114,0
20101027,485.09,490.82,485.09,485.57,1029,0
20101028,487.32,488.19,485.57,485.57,114,0
20101101,494.32,494.32,486.45,486.45,457,0
20101102,486.44,490.73,482.94,482.94,114,0
20101103,482.95,500.13,482.95,500.13,114,0
20101104,489.07,516.19,489.07,502.15,343,0
20101105,509.19,509.19,498.47,505.61,114,0
20101108,498.43,502.76,490.07,500.04,114,0
20101110,503.02,503.02,485.13,485.13,114,0
20101115,497.73,499.13,492.58,499.13,114,0
20101116,499.12,506.52,493.44,493.44,343,0
20101117,505.56,505.68,488.18,502.58,571,0
20101124,483.42,501.31,483.42,501.31,114,0
20101125,501.32,507.87,501.27,507.84,114,0
20101126,507.88,510.03,491.74,510.03,343,0
20101130,508.32,508.32,498.69,498.69,114,0
20101202,503.07,505.69,498.69,498.69,114,0
20101207,510.24,510.24,498.74,507.44,228,0
20101214,514.4,514.4,506.92,508.89,343,0
20101215,510.94,510.94,500.57,505.69,114,0
20101216,499.56,505.6,495.46,495.46,228,0
20101217,495.23,503.06,492.04,503.06,114,0
20101220,502.19,506.52,500.44,500.44,114,0
20101222,498.82,503.06,498.69,498.73,114,0
20101223,503.07,517.07,503.07,515.89,571,0
20101229,509.19,516.2,509.19,515.32,114,0
20101230,516.19,540.68,513.56,540.68,1143,0
20110103,522.32,551.1,522.32,546.64,343,0
20110104,547.69,552.06,547.64,552.06,114,0
20110106,534.69,553.81,534.69,549.44,228,0
20110112,551.19,556.44,542.44,546.81,343,0
20110114,536.45,546.72,525.82,538.15,571,0
20110117,538.2,538.2,528.92,528.92,571,0
20110118,533.69,547.73,533.69,547.73,114,0
20110119,541.56,553.76,535.78,542.43,801,0
20110120,539.81,550.97,535.22,547.42,114,0
20110121,547.43,547.43,527.7,539.29,114,0
20110128,529.31,535.44,495.85,529.31,1486,0
20110131,524.94,524.94,511.81,522.14,343,0
20110201,519.68,524.02,516.24,520.56,114,0
20110203,521.43,548.56,520.56,541.56,457,0
20110204,536.32,541.69,530.37,541.69,457,0
20110207,542.57,548.56,542.57,545.46,571,0
20110208,546.77,546.81,542.44,546.81,343,0
20110210,552.06,552.06,538.27,540.68,114,0
20110211,551.88,551.88,544.23,547.69,114,0
20110214,547.69,551.19,545.06,549.04,343,0
20110216,550.75,550.75,545.06,546.81,343,0
20110217,543.31,547.69,524.94,545.19,1143,0
20110218,541.43,545.84,539.98,542.43,1029,0
20110221,535.44,546.38,535.44,536.32,228,0
20110222,536.31,546.37,532.81,546.07,114,0
20110223,551.01,551.19,532.9,532.9,686,0
20110224,535.87,544.14,531.94,531.94,114,0
20110301,543.27,551.19,540.69,551.15,571,0
20110303,547.64,555.56,539.94,550.7,228,0
20110307,548.38,548.38,538.06,538.93,686,0
20110308,535.44,535.44,534.74,534.74,114,0
20110311,538.94,538.94,525.25,526.69,228,0
20110314,526.68,526.68,498.78,499.69,801,0
20110315,498.69,498.73,448.56,463.69,1828,0
20110316,472.44,478.57,469.82,471.57,343,0
20110317,471.57,492.26,464.56,489.85,457,0
20110318,492.35,494.32,479.26,479.26,228,0
20110321,490.3,507.48,490.3,507.44,228,0
20110323,507.48,516.19,500.93,507.44,915,0
20110324,506.57,516.49,496.63,500.44,343,0
20110325,503.67,503.67,495.19,502.1,114,0
20110328,497.77,497.77,479.45,490.96,228,0
20110330,501.97,548.38,498.65,548.38,1257,0
20110331,524.94,537.84,517.06,535.27,457,0
20110401,525.37,542.18,525.37,533.65,571,0
20110404,532.82,546.38,526.69,546.12,571,0
20110405,545.94,549.44,538.93,549.44,686,0
20110408,542.34,549.92,542.34,549.26,114,0
20110412,541.52,546.6,527.17,538.06,114,0
20110418,545.81,546.37,534.47,542,114,0
20110502,526.38,537.93,524.23,532.81,571,0
20110506,511.16,520.47,502.32,520.38,114,0
20110510,516.19,519.68,512.38,519.68,114,0
20110511,514.13,520.57,512.74,517.06,114,0
20110512,517.06,519.81,512.69,512.69,114,0
20110516,517.76,517.76,496.94,498.82,1257,0
20110517,505.48,509.06,496.15,502.8,343,0
20110518,502.97,507,500.53,506.91,114,0
20110525,519.92,519.92,486.91,498.47,448,0
20110526,498.47,518.12,498.47,518.12,1903,0
20110530,517.73,546.76,517.73,546.76,1119,0
20110531,544.93,560.96,523.4,524.42,448,0
20110606,511.07,529.92,511.07,514.61,112,0
20110615,493.43,509.2,491.38,491.38,112,0
20110616,485.88,498.7,478.91,481.54,560,0
20110617,478.96,485.96,478.86,480.65,112,0
20110620,480.61,480.61,468.46,475.43,112,0
20110621,475.33,482.21,467.38,482.21,224,0
20110622,488.12,491.38,476.36,483.73,224,0
20110623,485.11,485.6,479.75,480.78,112,0
20110628,485.56,485.56,464.56,472.39,224,0
20110629,477.75,485.56,467.74,477.97,224,0
20110630,485.03,491.38,477.98,489.59,224,0
20110704,483.33,494.67,477.97,484.76,560,0
20110706,490.89,500.75,483.29,500.75,112,0
20110707,508.35,512.77,502.98,512.77,112,0
20110712,501.19,505.75,501.19,505.04,112,0
20110718,515.27,519.87,504.78,519.87,112,0
20110722,501.2,519.96,501.2,519.96,560,0
20110725,509.24,509.38,500.31,509.24,336,0
20110726,517.24,522.64,512.86,518.53,336,0
20110729,507.58,510.53,504.82,504.86,112,0
20110802,502.1,502.1,483.33,483.33,112,0
20110803,482.3,483.46,463.45,469.03,224,0
20110804,469.88,469.88,446.79,446.79,224,0
20110805,444.03,457.43,402.04,416.46,1230,0
20110808,415.43,455.63,410.97,437.76,1119,0
20110809,415.43,445.8,415.43,429.72,560,0
20110810,454.25,471.72,446.7,451.17,1007,0
20110811,464.53,469.03,437.81,461.26,895,0
20110812,454.74,477.79,454.74,463.23,112,0
20110815,462.78,473.5,451.21,460.09,336,0
20110816,456.58,456.58,445.81,446.79,336,0
20110818,446.7,473.73,437.77,468.77,895,0
20110819,437.76,446.16,419.9,432.23,336,0
20110822,426.02,430.93,410.97,410.97,224,0
20110823,421.6,434.6,421.6,424.46,224,0
20110826,430.63,430.63,420.21,420.21,112,0
20110830,421.46,424.28,419.9,419.9,336,0
20110901,427.86,427.86,426.16,427.05,112,0
20110902,430.35,439.55,426.15,427.18,224,0
20110906,419.76,419.95,408.42,410.07,336,0
20110908,411.5,427.94,411.5,418.55,672,0
20110909,413.91,415.48,407.57,410.97,784,0
20110912,407.57,417.26,407.57,410.97,560,0
20110915,402.07,402.07,393.54,400.24,112,0
20110916,397.57,416.77,397.57,408.28,112,0
20110919,394.03,402.03,393.99,402.03,112,0
20110920,402.04,416.28,393.1,393.1,224,0
20110922,384.16,385.06,359.29,360.04,112,0
20110923,360.09,360.53,360.04,360.53,112,0
20110926,372.1,379.65,366.29,377.01,112,0
20110928,395.78,415.43,393.01,415.43,672,0
20110929,419,446.21,419,442.23,672,0
20110930,437.77,444.28,429.14,442.23,224,0
20111003,429.95,437.72,428.92,433.3,112,0
20111005,437.76,437.76,410.97,437.76,112,0
20111007,437.77,437.77,403.32,410.97,112,0
20111010,410.97,421.06,403.23,414.54,112,0
20111011,414.45,419.76,397.57,412.13,224,0
20111012,407.92,415.43,388.67,404.71,560,0
20111013,408.28,409.94,393.14,403.37,448,0
20111014,410.07,418.07,403.42,415.43,112,0
20111017,419.9,419.9,412.08,418.24,1119,0
20111025,415.79,420.21,414.04,417.39,112,0
20111028,416.1,425.44,405.34,406.5,336,0
20111101,409.27,427.94,409.27,414.54,560,0
20111103,403.81,403.81,393.99,402.03,112,0
20111108,415.43,416.59,414.67,416.59,112,0
20111110,404.09,412.26,395.11,395.55,224,0
20111111,398.46,409.18,398.46,406.5,112,0
20111114,406.5,415.43,403.23,403.23,224,0
20111116,399.35,408.78,394.03,395.02,224,0
20111122,392.21,392.21,380.32,380.32,112,0
20111123,388.63,388.63,365,365,224,0
20111124,364.55,376.84,343.96,352.32,224,0
20111125,361.97,361.97,337.8,337.89,1791,0
20111128,344.4,370.22,344.4,365.4,336,0
20111129,364.46,369.19,364.46,368.57,224,0
20111130,374.69,397.56,362.31,397.56,1455,0
20111201,397.57,397.57,383.27,383.27,448,0
20111202,389.16,389.38,375.89,375.89,112,0
20111205,373.08,373.08,361.82,369.87,448,0
20111207,358.25,368.35,343.6,355.48,448,0
20111208,355.48,355.71,340.66,351.11,112,0
20111209,349.72,372.55,343.96,369.87,560,0
20111212,358.03,372.73,350.48,368.08,672,0
20111213,368.97,374.11,368.08,368.08,112,0
20111214,368.13,377.87,366.57,374.74,336,0
20111215,370.8,375.22,370.76,370.76,336,0
20111216,375.22,375.22,366.38,375.22,112,0
20111219,372.55,377.9,372.55,373.44,112,0
20111221,383.27,387.96,381.34,381.34,112,0
20111229,375.27,405.6,375.27,405.6,560,0
20111230,396.67,405.78,393.01,404.71,224,0
20120105,384.16,390.81,378.08,379.78,336,0
20120111,379.64,391.94,379.64,391.94,224,0
20120112,391.94,391.94,379.79,389.53,224,0
20120113,379.69,385.59,376.87,376.87,224,0
20120117,377.41,383.71,375.27,379.96,112,0
20120118,380.64,386.85,379.69,386.85,448,0
20120119,380.06,381.53,379.69,379.69,224,0
20120120,382.2,382.2,379.74,379.74,112,0
20120126,386.67,396.67,384.21,392.21,448,0
20120131,388.63,399.35,388.63,389.53,224,0
20120201,386.35,403.73,386.35,403.73,224,0
20120213,439.15,448.79,426.69,426.69,112,0
20120221,427.04,428.79,420.65,420.65,224,0
20120222,420.4,420.4,397.16,397.16,224,0
20120223,409.18,409.18,398.5,398.5,1679,0
20120224,407.44,409.18,395.33,399.13,895,0
20120227,400.24,403.81,395.32,397.56,1567,0
20120228,400.29,406.5,395.32,402.03,1791,0
20120229,402.07,419.9,381.48,381.48,7276,0
20120301,393.09,400.15,381.39,384.2,10634,0
20120302,388.62,399.26,388.62,397.56,560,0
20120305,393.09,393.09,391.36,391.36,1007,0
20120306,393.19,393.19,383.27,393.1,2351,0
20120307,388.63,393.14,388.63,389.62,2574,0
20120308,393.14,397.25,390.42,390.42,224,0
20120309,391.39,397.43,388.85,390.86,448,0
20120312,394.88,394.88,389.53,394,112,0
20120313,396.67,400.46,394.53,394.53,112,0
20120315,405.56,410.07,405.46,410.07,112,0
20120319,412.75,420.79,409.44,409.44,336,0
20120320,409.67,409.67,398.45,403.9,112,0
20120321,402.97,404.66,397.6,398.45,224,0
20120322,400.34,417.93,400.34,417.93,448,0
20120326,414.45,426.96,404.4,424.28,336,0
20120327,424.55,433.48,416.55,423.11,336,0
20120329,414.31,424.94,403.81,403.9,224,0
20120330,418.11,426.16,407.84,421.69,560,0
20120402,424.36,428.83,407.74,415.39,2015,0
20120403,415.44,415.44,409.32,411.02,112,0
20120404,408.28,415.43,408.28,415.39,112,0
20120405,414.99,415.44,409.45,414.77,560,0
20120410,415.44,415.44,406.37,415.26,1230,0
20120411,415.2,415.2,406.58,406.58,336,0
20120413,416.32,419.14,408.37,408.37,112,0
20120417,406.5,409.67,406.5,406.58,112,0
20120418,414.54,414.54,408.06,414.54,336,0
20120420,409.36,415.29,406.58,406.58,112,0
20120423,414.53,418.11,407.48,407.48,224,0
20120425,410.74,412.75,406.58,406.58,112,0
20120426,413.87,422.93,410.83,420.39,224,0
20120430,428.84,428.84,416.86,427.05,112,0
20120503,417.22,419,415.88,419,112,0
20120509,418.16,418.16,403.32,406.5,336,0
20120511,419.9,424.37,410.97,419.9,336,0
20120514,423.69,424.18,411.01,416.76,112,0
20120516,404.27,414.41,404.27,414.41,336,0
20120517,408.12,411.57,404.45,409.04,218,0
20120521,389.77,406.6,385.23,405.37,218,0
20120524,409.04,410,406.24,406.24,109,0
20120525,412.67,412.8,408.68,408.68,327,0
20120531,412.16,412.16,406.74,406.74,218,0
20120601,412.66,412.71,406.79,411.79,218,0
20120606,405.46,412.72,403.54,403.54,654,0
20120618,373.45,387.9,372.63,387.9,109,0
20120621,388.82,388.82,387.03,388.82,109,0
20120622,387.03,388.86,373.28,373.28,546,0
20120711,372.39,376.02,371.67,371.67,109,0
20120713,380.52,386.57,378.36,378.36,218,0
20120723,387.81,387.81,373.5,373.5,109,0
20120724,371.49,391.62,371.49,391.62,109,0
20120731,380.7,389.41,380.7,388.82,109,0
20120809,383.08,394.19,383.08,385.19,109,0
20120813,389.78,394.37,388.86,394.37,109,0
20120814,396.2,396.2,389.78,389.78,109,0
20120816,389.77,398.95,389.77,397.48,109,0
20120820,400.33,400.6,391.62,394.37,109,0
20120821,394.41,398.04,394.37,394.37,109,0
20120827,394.23,394.37,389.78,394.37,327,0
20120830,392.07,393.04,385.83,391.38,109,0
20120831,388.86,392.94,388.86,392.35,109,0
20120912,387.95,393.45,387.95,393.41,109,0
20120914,392.94,392.99,385.01,388.86,109,0
20120920,387.02,393.45,380.88,389.73,437,0
20120926,393.4,393.4,376.02,376.02,327,0
20120927,375.79,378.77,369.6,369.6,437,0
20120928,374.78,374.78,370.98,371.94,109,0
20121002,381.16,385.19,370.53,370.53,437,0
20121010,371.44,380.61,370.52,380.61,218,0
20121016,372.35,373.22,367.76,372.35,327,0
20121017,375.1,375.1,368.28,368.28,109,0
20121019,373.27,377.67,370.2,371.85,218,0
20121026,380.15,380.61,372.4,379.23,109,0
20121029,381.48,381.53,379.69,381.07,109,0
20121030,373.54,376.02,372.22,376.02,109,0
20121109,377.86,377.86,376.02,376.02,109,0
20121113,376.12,376.12,370.52,372.54,327,0
20121121,370.29,373.28,370.15,373.28,109,0
20121203,374.19,380.61,371.44,380.61,109,0
20121204,380.62,385.11,380.62,384.69,109,0
20121205,385.19,458.56,385.19,417.28,1744,0
20121219,412.71,417.29,404.32,417.2,109,0
20121220,414.49,424.17,413.03,424.17,109,0
20121221,413.03,415.14,412.72,412.72,109,0
20121228,426.47,427.39,423.72,426.01,109,0
20130102,419.68,426.42,413.77,413.77,218,0
20130103,418.53,431.92,418.53,431.92,109,0
20130104,431.05,431.96,419.67,429.67,109,0
20130109,423.76,423.76,414.58,416.37,218,0
20130111,422.43,426.46,415.92,415.96,218,0
20130114,423.71,430.13,422.33,428.25,109,0
20130115,428.3,428.3,423.72,423.81,109,0
20130117,426.46,428.3,418.94,428.25,327,0
20130118,418.9,434.3,418.9,434.26,109,0
20130121,429.95,444.81,429.95,442.56,109,0
20130122,435.68,444.81,435.63,436.04,109,0
20130123,440.32,443.2,435.64,442.05,109,0
20130124,442.05,450.45,436.45,436.45,109,0
20130125,440.18,442.98,421.33,421.97,872,0
20130128,426.46,460.4,426.46,451.23,654,0
20130129,458.57,459.9,441.97,443.75,109,0
20130130,454.16,461.77,449.48,453.71,218,0
20130131,443.48,449.39,443.43,449.39,109,0
20130201,451.17,451.22,441.13,450.72,218,0
20130204,454.44,459.48,447.56,449.31,109,0
20130212,441.19,443.43,431.05,442.05,218,0
20130213,442.98,444.22,435.64,441.5,654,0
20130215,444.34,444.34,435.59,439.12,109,0
20130218,437.19,440.35,434.26,440.35,109,0
20130219,442.05,444.34,432.79,438.38,218,0
20130220,440.23,440.23,435.64,435.73,437,0
20130225,432.15,435.05,429.72,435.05,218,0
20130227,439.3,444.72,436.55,437.1,109,0
20130305,449.39,453.02,443.44,446.97,109,0
20130306,453.01,456.95,450.31,451.27,109,0
20130307,452.79,457.65,446.33,454.03,109,0
20130315,444.22,452.56,443.75,451.23,109,0
20130319,444.12,453.97,441.87,448.66,546,0
20130320,445.92,457.65,445.92,447.38,218,0
20130321,443.2,457.65,443.2,457.27,109,0
20130325,445.99,447.09,432.89,443.84,218,0
20130403,444.34,449.43,444.34,449.39,218,0
20130404,453.01,458.56,444.81,444.81,437,0
20130405,442.61,442.61,428.3,435.19,218,0
20130416,432.01,435.64,430.4,435.64,109,0
20130418,435.64,439.3,433.9,434.31,437,0
20130419,432.89,432.89,426.47,427.39,109,0
20130514,429.21,434.71,423.8,428.8,109,0
20130515,432.84,435,432.84,435,763,0
20130516,443.18,443.18,423.89,429.11,319,0
20130517,432.83,432.83,419.56,431.89,425,0
20130520,436.21,447.88,428.17,442.04,319,0
20130521,430.2,442.24,428.74,437.53,319,0
20130523,438.47,443.65,432.83,435.74,106,0
20130524,444.08,444.12,432.74,432.74,106,0
20130530,440.08,440.08,420.04,422.67,319,0
20130531,428.12,438.48,415.01,415.01,2232,0
20130605,420.51,423.43,418.72,421.54,106,0
20130606,427.08,427.08,417.77,417.77,106,0
20130610,415.89,418.72,414.01,416.08,213,0
20130613,417.78,418.71,411.18,416.03,213,0
20130617,431.14,435.65,428.36,435.65,106,0
20130619,438.43,442.57,435.65,438.52,106,0
20130621,436.26,436.26,424.07,424.07,213,0
20130715,423.42,428.36,421.2,425.3,213,0
20130716,423.65,423.65,417.35,419.65,106,0
20130717,423.38,425.3,419.65,419.7,213,0
20130814,420.08,420.08,415.6,415.6,106,0
20130905,432.83,432.83,422.89,428.12,213,0
20130909,428.17,428.17,423.42,423.42,319,0
20130910,422.57,424.59,419.65,419.65,106,0
20130911,421.07,432.46,419.75,432.46,106,0
20130917,432.88,437.53,432.88,437.53,106,0
20130925,442.24,447,442.24,446.95,106,0
20130926,442.05,451.65,442.05,442.24,106,0
20131004,446.05,451.32,445.06,445.11,106,0
20131008,449.26,449.87,446.95,448.97,106,0
20131009,451.17,475.17,451.17,464.82,425,0
20131010,460.16,460.16,444.35,454.47,213,0
20131015,456.36,460.87,456.12,456.4,106,0
20131021,455.42,460.16,451.89,451.89,213,0
20131022,455.41,462.98,453.16,453.16,319,0
20131024,455.89,457.29,452.6,452.6,106,0
20131025,452.59,461.06,445.77,455.47,106,0
20131029,461.06,470.47,461.06,467.79,213,0
20131030,469.53,470.42,454.29,454.29,106,0
20131112,451.64,451.64,431.93,443.65,425,0
20131113,446.94,451.51,431.98,451.51,213,0
20131114,445.06,445.11,437.53,442.19,319,0
20131120,444.96,445.06,444.96,445.06,106,0
20131121,444.12,450.43,444.12,450.43,106,0
20131127,446.9,448.64,444.08,446.95,425,0
20131129,447.89,451.65,447.89,451.18,744,0
20131203,451.51,455.89,448.74,448.74,319,0
20131205,442.24,452.54,442.24,452.5,106,0
20131209,448.4,458.7,448.4,448.59,744,0
20131211,448.87,448.87,437.06,444.12,425,0
20131212,445.63,453.34,444.13,444.27,213,0
20131213,452.59,454.46,447.93,447.93,106,0
20131216,452.4,453.53,448.87,453.53,213,0
20131219,447.09,458.71,445.96,455.42,1063,0
20131223,446.7,454.46,446.7,453.53,106,0
20131230,451.65,453.53,451.65,452.6,106,0
20140107,458.7,458.7,451.69,458.7,319,0
20140109,449.06,452.59,447.04,451.65,213,0
20140116,458.23,458.23,445.99,452.82,851,0
20140117,459.17,465.76,454.46,463.88,319,0
20140121,458.24,461.72,453.77,459.17,106,0
20140122,463.88,464.82,463.88,464.82,106,0
20140131,441.87,449.58,441.87,446.95,106,0
20140203,442.19,449.72,431.89,449.72,213,0
20140207,432.83,438.47,432.83,432.83,106,0
20140219,438.48,438.48,432.83,433.4,106,0
20140304,432.83,436.59,423.51,436.59,106,0
20140324,430.94,439.46,430.94,434.71,106,0
20140401,437.53,446.95,437.53,446.95,106,0
20140404,449.77,457.29,447.74,457.29,425,0
20140407,450.09,466.42,449.82,459.64,106,0
20140423,442.76,451.65,442.76,451.65,106,0
20140424,454.14,456.36,451.51,451.65,213,0
20140428,458.94,459.18,457.29,457.29,106,0
20140506,457.77,459.17,453.53,459.17,319,0
20140507,454.47,455.42,454.47,455.42,106,0
20140508,459.13,462,459.13,461.9,106,0
20140509,465.71,468.58,463.88,463.88,106,0
20140512,461.85,465.71,461.06,465.71,213,0
20140527,469.79,473.46,467.82,473.46,208,0
20140528,472.49,496.6,472.49,494.29,518,0
20140529,491.77,495.73,491.77,495.73,104,0
20140530,503.36,506.24,500.79,501.42,415,0
20140602,507.2,510.58,500.45,503.2,104,0
20140605,491.92,491.92,487.44,487.92,104,0
20140611,490.76,496.88,489.85,496.88,104,0
20140612,501.37,502.86,501.37,502.86,104,0
20140616,497.61,503.3,495.63,495.63,415,0
20140618,494.28,496.6,492.73,496.21,104,0
20140625,493.84,498.47,491.77,498.47,104,0
20140627,502.33,502.33,494.04,496.45,104,0
20140630,500.46,509.13,495.63,509.13,208,0
20140702,510.96,510.96,500.55,500.55,208,0
20140708,506.23,513.91,506.23,513.91,311,0
20140710,505.27,505.27,499.97,499.97,104,0
20140721,496.6,498.52,488.88,488.88,104,0
20140728,498.47,498.52,493.71,493.71,104,0
20140730,493.66,493.71,487.92,493.71,104,0
20140801,487.01,487.01,472.49,478.04,104,0
20140804,473.99,480.97,436.47,448.43,415,0
20140805,450.31,462.84,450.31,462.84,104,0
20140807,453.25,463.86,451.17,463.81,104,0
20140808,453.21,458.07,400.17,430.93,1141,0
20140811,431.61,435.84,431.61,435.84,104,0
20140815,457.88,457.88,433.92,453.21,104,0
20140903,452.96,453.21,450.31,453.21,208,0
20140904,455.56,456.05,448.43,449.11,208,0
20140908,453.15,453.15,433.92,433.92,104,0
20140909,422.34,431.99,422.34,431.99,208,0
20140912,447.9,448.38,442.59,444.52,104,0
20140916,446.46,446.46,443.51,443.56,311,0
20140918,450.22,450.27,440.67,441.15,311,0
20140922,446.94,448.33,443.56,443.61,208,0
20140923,440.76,444.52,440.76,443.56,208,0
20141001,443.61,443.61,438.74,440.09,104,0
20141007,442.55,442.55,427.17,427.17,104,0
20141010,429.05,429.24,407.98,426.21,1141,0
20141013,433.88,433.88,416.57,424.28,415,0
20141015,428.27,428.27,418.48,418.48,311,0
20141021,418.35,418.35,408.81,408.81,104,0
20141104,409.42,409.42,404.99,404.99,104,0
20141105,409.38,413.91,406.92,413.91,104,0
20141107,419.6,420.13,413.53,419.46,104,0
20141112,422.97,422.97,414.68,421.43,104,0
20141118,419.85,419.85,417,419.46,104,0
20141121,423.26,426.92,421.38,424.95,104,0
20141126,426.74,426.74,425.24,425.24,104,0
20141128,422.34,425.05,416.61,425.05,104,0
20141204,422.34,422.34,417.52,417.52,104,0
20141205,414.63,417.52,414.63,417.52,104,0
20141208,415.59,417.05,412.71,413.43,104,0
20141210,414.53,417.52,414.48,417.52,208,0
20141215,413.63,414.59,402.97,402.97,104,0
20141217,401.61,405.91,400.51,400.65,208,0
20141218,400.07,402.09,398.28,402.09,208,0
20141223,400.27,400.27,399.59,400.17,104,0
20150119,410.78,412.71,409.82,409.82,104,0
20150123,414.54,429.1,414.54,414.74,518,0
20150126,424.27,424.27,417.52,421.23,208,0
20150130,419.94,434.89,419.94,434.89,415,0
20150202,443.09,443.09,433.92,440.62,104,0
20150204,435.17,443.56,433.87,443.56,104,0
20150212,451.23,455.48,451.23,455.48,104,0
20150213,455.47,482.13,455.47,474.42,104,0
20150216,481.17,481.17,465.74,465.74,415,0
20150217,481.26,481.26,470.66,472.83,104,0
20150218,472.49,478.28,466.71,466.71,104,0
20150219,472.48,475.38,467.23,472.83,104,0
20150220,473.41,477.31,471.52,472.35,104,0
20150223,478.28,478.28,471.53,471.53,104,0
20150226,467.19,472.49,467.19,472.49,104,0
20150302,472,472,458.55,462.84,104,0
20150303,460.92,461.88,453.21,461.88,208,0
20150311,460.88,462.85,454.75,459.96,104,0
20150316,454.7,454.7,433.92,454.17,104,0
20150317,450.6,453.06,439.22,453.01,208,0
20150325,445.2,451.66,445.2,446.99,104,0
20150408,453.21,453.21,445.49,448.38,88,0
20150409,451.23,451.28,443.85,443.95,34,0
20150410,447.42,452.24,443.56,452.24,393,0
20150413,452.24,452.58,443.8,451.28,661,0
20150414,453.21,453.21,446.46,446.46,238,0
20150415,450.31,455.13,447.04,447.04,159,0
20150416,453.21,453.21,447.42,453.16,177,0
20150417,453.16,453.16,453.06,453.06,30,0
20150420,453.21,453.21,448.38,448.38,20,0
20150421,448.38,448.38,448.38,448.38,3,0
20150422,448.38,451.81,441.68,443.66,184,0
20150423,445.83,445.97,441.63,441.63,69,0
20150424,441.63,441.68,441.63,441.68,37,0
20150427,444.53,451.28,444.53,446.46,101,0
20150428,446.46,446.51,445.97,445.97,51,0
20150429,448.33,448.33,445.97,445.97,35,0
20150430,445.97,445.97,438.74,439.37,138,0
20150504,445.25,450.26,445.25,450.26,35,0
20150505,444.09,444.09,439.94,441.88,141,0
20150506,442.64,442.64,440.67,440.67,52,0
20150507,447.6,456.88,447.06,456.88,33,0
20150508,451.97,451.97,449.02,449.02,60,0
20150511,448.97,448.97,442.39,442.39,21,0
20150512,442.39,442.39,437.23,437.23,39,0
20150513,437.28,437.28,434.28,437.18,74,0
20150514,422.69,432.27,422.69,426.18,507,0
20150515,424.46,431.33,424.46,431.29,121,0
20150518,431.29,434.97,429.37,429.37,88,0
20150519,435.22,435.22,429.37,432.56,109,0
20150520,437.13,443.13,433.64,440.23,174,0
20150522,447.06,447.06,432.32,436.25,104,0
20150526,436.25,451.97,436.2,447.06,429,0
20150528,456.88,456.88,447.06,454.92,88,0
20150529,442.14,444.65,442.14,444.65,30,0
20150601,444.6,444.6,435.95,435.95,14,0
20150602,436.25,438.9,406.77,409.82,1444,0
20150603,408.98,424.26,408.98,422.34,332,0
20150604,422.49,424.46,420.77,423.47,113,0
20150605,418.07,423.43,418.07,423.43,32,0
20150608,425.34,427.4,423.47,427.4,262,0
20150609,428.93,428.93,428.39,428.39,10,0
20150610,418.95,427.4,418.95,421.51,92,0
20150611,428.34,430.84,425.44,425.44,149,0
20150612,429.52,429.52,422.59,424.36,34,0
20150615,420.53,420.53,408.34,408.34,80,0
20150616,409.62,409.67,401.71,403.38,63,0
20150617,404.02,408.44,398.86,401.02,216,0
20150618,401.32,417.38,401.32,417.38,93,0
20150619,417.14,417.58,417.14,417.58,63,0
20150622,417.58,422.59,413.26,417.58,33,0
20150623,424.31,424.31,413.65,413.75,127,0
20150624,413.6,417.53,408.74,417.53,108,0
20150625,418.07,418.07,408.93,408.93,93,0
20150626,412.18,412.72,409.28,409.28,289,0
20150629,405.79,409.72,402.84,409.72,43,0
20150630,416.35,416.4,408.88,412.76,64,0
20150701,421.85,427.4,421.85,427.4,90,0
20150702,435.07,435.27,435.07,435.27,53,0
20150703,435.27,436.2,432.32,432.32,71,0
20150706,429.91,442.14,429.91,430.84,294,0
20150707,422.64,422.64,422.49,422.49,68,0
20150710,412.67,425.24,412.67,425.24,24,0
20150713,424.46,437.28,424.46,437.13,357,0
20150714,429.42,440.57,429.42,429.47,11,0
20150715,432.37,432.37,432.32,432.32,23,0
20150716,432.32,432.32,427.36,428.63,71,0
20150720,419.69,422.74,419.69,422.74,17,0
20150721,419.2,419.2,418.02,418.02,5,0
20150722,420.53,420.53,417.04,417.04,14,0
20150723,413.94,413.94,413.94,413.94,5,0
20150724,412.72,412.72,412.67,412.67,30,0
20150727,412.67,412.67,402.84,402.84,45,0
20150728,409.72,409.72,409.72,409.72,10,0
20150729,407.8,414.83,407.8,414.83,22,0
20150730,407.75,417.53,407.75,417.43,34,0
20150803,412.22,421.51,412.22,421.07,129,0
20150804,422.25,422.25,421.51,421.51,56,0
20150806,415.61,415.61,410.7,410.7,26,0
20150807,414.53,414.68,414.53,414.68,54,0
20150811,414.14,414.14,414.14,414.14,3,0
20150812,414.58,414.73,408.93,408.93,32,0
20150813,417.53,426.82,417.53,426.82,385,0
20150814,416.11,416.11,412.76,412.76,170,0
20150817,415.57,422.05,412.86,415.91,73,0
20150818,420.38,420.38,412.72,420.38,58,0
20150820,408.74,408.74,402.84,402.89,178,0
20150821,402.84,402.84,393.02,393.02,724,0
20150824,399.89,399.89,390.17,391.44,553,0
20150825,393.07,408.15,391.49,407.75,527,0
20150826,407.8,414.63,402.84,402.84,197,0
20150827,402.89,402.89,397.93,402.84,198,0
20150828,399.89,399.89,397.93,397.93,22,0
20150831,402.84,410.26,391.05,404.12,616,0
20150901,401.86,401.86,400.43,400.43,50,0
20150902,402.79,407.75,402.79,407.75,237,0
20150903,412.67,430.35,412.67,428.39,141,0
20150904,431.33,437.23,427.4,427.4,121,0
20150908,432.22,432.27,417.58,427.36,66,0
20150909,426.42,426.42,425.44,425.44,3,0
20150911,432.27,432.27,417.58,417.58,83,0
20150914,403.23,405.3,403.19,403.19,115,0
20150915,402.79,402.79,393.07,394,81,0
20150916,400.78,400.78,399.26,400.78,44,0
20150917,400.88,400.88,395.03,395.03,30,0
20150918,395.08,395.08,380.83,381.13,429,0
20150921,392.03,392.03,392.03,392.03,48,0
20150922,388.15,390.07,383.19,383.19,275,0
20150923,383.19,393.02,383.19,388.1,17,0
20150924,388.15,392.92,388.1,392.92,123,0
20150925,391.98,397.98,391.98,397.98,212,0
20150928,399.84,399.84,399.55,399.55,10,0
20150929,397.44,397.44,397.44,397.44,26,0
20151001,393.07,400.88,389.09,389.09,244,0
20151002,389.09,393.02,388.1,393.02,477,0
20151005,400.88,402.84,397.93,397.93,26,0
20151006,397.93,397.93,397.93,397.93,10,0
20151007,397.93,397.93,397.93,397.93,41,0
20151008,397.93,397.93,393.02,393.07,105,0
20151009,397.39,397.93,397.39,397.93,92,0
20151012,398.17,398.17,397.98,397.98,33,0
20151013,400.88,400.88,397.93,397.98,168,0
20151014,399.94,399.94,399.89,399.89,88,0
20151015,409.03,409.03,408.1,408.1,13,0
20151016,398.91,398.91,397.93,397.98,150,0
20151019,402.84,407.75,398.17,398.22,117,0
20151020,409.57,409.57,409.57,409.57,16,0
20151022,398.32,410.6,397.93,410.6,66,0
20151023,402.84,403.97,402.84,402.94,174,0
20151026,404.81,406.28,404.81,406.28,61,0
20151027,399.35,402.84,397.93,402.84,141,0
20151028,401.86,401.86,401.86,401.86,1,0
20151029,401.91,401.91,392.03,392.03,453,0
20151030,383.19,393.7,383.19,393.7,19,0
20151102,388.1,394.93,388.1,388.89,77,0
20151103,391.05,392.97,391.05,392.97,83,0
20151104,393.02,393.95,387.66,388.1,187,0
20151105,387.12,388.15,387.07,388.15,26,0
20151106,392.87,392.87,392.87,392.87,10,0
20151109,388.1,394.83,388.1,394.83,88,0
20151110,388.15,400.83,388.15,400.83,44,0
20151112,395.47,399.84,395.47,399.8,57,0
20151113,394.98,394.98,388.15,392.82,95,0
20151116,384.22,384.32,384.22,384.32,57,0
20151117,393.02,397.73,389.09,389.13,43,0
20151118,393.02,393.02,386.58,386.58,52,0
20151119,393.02,393.02,386.14,392.97,98,0
20151120,392.08,392.08,386.97,386.97,32,0
20151123,392.03,392.03,391,391,12,0
20151124,386.14,389.04,384.17,389.04,35,0
20151125,384.17,384.17,359.61,373.27,175,0
20151126,360.59,378.23,360.59,378.23,46,0
20151127,373.37,381.23,373.37,375.33,79,0
20151130,385.55,385.55,385.55,385.55,23,0
20151201,385.65,385.65,376.31,379.26,132,0
20151202,381.23,393.02,381.23,393.02,13,0
20151203,383.24,388.1,381.23,388.1,79,0
20151204,380.24,380.24,380.24,380.24,53,0
20151207,370.47,370.47,368.45,370.42,278,0
20151208,366.49,370.42,363,363,173,0
20151209,358.63,358.63,358.63,358.63,51,0
20151210,358.63,362.56,358.63,362.56,62,0
20151211,362.56,367.37,362.56,363.05,54,0
20151214,363.05,363.05,360.59,360.59,50,0
20151215,360.59,361.57,360.59,361.57,32,0
20151216,363.39,363.44,361.53,361.53,48,0
20151217,362.56,375.38,362.51,375.38,211,0
20151218,375.43,375.43,375.43,375.43,22,0
20151221,382.7,384.17,379.26,379.26,109,0
20151222,373.95,373.95,368.99,371.5,65,0
20151223,376.95,376.95,369.43,373.32,105,0
20151228,368.99,369.43,368.94,369.43,33,0
20151229,371.89,383.04,370.42,382.99,160,0
20151230,373.37,378.18,373.37,375.43,84,0
20160104,375.58,375.58,368.45,368.45,34,0
20160105,373.37,377.3,365.5,369.43,255,0
20160106,376.31,376.66,376.31,376.31,109,0
20160107,368.6,368.6,354.75,354.75,140,0
20160108,363.49,365.5,356.66,361.57,169,0
20160111,373.37,375.33,373.32,375.33,105,0
20160112,373.27,378.28,367.57,367.67,124,0
20160113,371.4,373.32,371.4,371.4,47,0
20160114,367.76,367.76,363.54,364.52,34,0
20160118,356.47,359.31,356.47,356.47,105,0
20160119,362.31,362.31,362.31,362.31,16,0
20160120,356.71,361.53,353.71,353.71,261,0
20160121,353.71,353.71,349.78,351.75,128,0
20160122,346.89,358.53,343.89,346.84,62,0
20160125,346.84,348.75,343.89,348.75,20,0
20160126,347.82,347.82,347.82,347.82,10,0
20160127,351.7,351.75,351.21,351.75,115,0
20160128,354.65,358.14,344.87,344.87,248,0
20160129,350.72,350.96,350.72,350.96,78,0
20160201,351.7,353.71,351.7,353.71,18,0
20160203,344.09,344.09,340.94,340.94,61,0
20160204,340.99,340.99,340.99,340.99,4,0
20160205,335.05,335.05,324.73,324.78,167,0
20160208,328.12,328.12,326.2,326.2,32,0
20160209,326.15,326.15,323.26,323.26,15,0
20160210,316.43,319.33,314.41,314.41,97,0
20160211,305.57,309.5,299.87,299.87,160,0
20160212,311.27,311.27,311.27,311.27,10,0
20160215,318.1,319.33,318.1,319.33,6,0
20160216,318.39,318.39,314.41,314.41,107,0
20160217,314.41,317.36,312.5,312.74,96,0
20160218,306.6,316.38,306.6,311.12,13,0
20160219,310.73,329.15,310.73,318.34,158,0
20160222,317.36,326.2,317.36,319.33,77,0
20160223,314.41,320.31,314.41,320.31,64,0
20160224,320.31,320.31,317.36,317.36,37,0
20160225,317.46,320.31,317.41,320.31,18,0
20160226,324.19,324.19,319.28,319.33,34,0
20160229,316.38,316.43,313.43,313.43,141,0
20160301,320.31,332.1,309.5,324.24,130,0
20160303,327.23,327.23,327.23,327.23,26,0
20160304,332.05,334.06,332.05,332.1,167,0
20160307,332.1,332.1,332.1,332.1,10,0
20160308,332.1,332.1,332.1,332.1,51,0
20160309,332.1,341.14,328.66,328.66,183,0
20160310,325.71,333.87,324.24,333.87,123,0
20160311,333.62,333.62,333.62,333.62,15,0
20160314,324.24,333.62,324.24,333.62,41,0
20160315,333.82,333.82,325.27,325.27,106,0
20160316,324.24,326.2,324.24,326.2,133,0
20160317,324.34,329.1,324.34,324.39,41,0
20160318,325.71,325.71,323.26,323.26,53,0
20160321,321.78,329,321.78,329,88,0
20160322,326.15,328.17,326.15,328.17,161,0
20160323,331.56,331.61,308.03,318.29,1201,0
20160324,314.41,317.8,314.41,314.41,83,0
20160329,314.36,314.36,314.36,314.36,6,0
20160330,314.41,338.98,314.41,331.61,419,0
20160331,331.61,335.05,329.15,334.46,191,0
20160401,329.15,330.72,329.15,330.72,22,0
20160404,335.59,335.73,335.59,335.73,62,0
20160405,331.21,331.21,329.15,329.15,58,0
20160407,318.34,321.29,318.34,321.29,22,0
20160408,322.22,322.27,318.34,320.31,95,0
20160411,321.19,321.29,314.41,314.41,70,0
20160413,312.45,318.34,312.45,316.38,76,0
20160414,325.12,325.61,325.12,325.61,15,0
20160415,327.14,327.14,317.36,317.36,102,0
20160418,316.38,322.22,314.41,314.56,105,0
20160419,314.41,319.13,314.41,317.61,30,0
20160421,319.33,319.33,317.11,319.33,71,0
20160422,314.41,314.41,314.41,314.41,6,0
20160425,313.43,313.48,312.45,313.48,54,0
20160426,313.43,313.43,313.43,313.43,1,0
20160427,315.35,315.35,309.5,309.5,48,0
20160428,314.41,314.41,314.41,314.41,2,0
20160429,306.55,314.41,303.65,305.62,332,0
20160502,307.53,307.53,305.57,306.6,112,0
20160503,312.45,314.41,307.58,309.55,153,0
20160504,313.87,318.34,313.87,314.61,64,0
20160506,313.48,313.48,313.43,313.43,78,0
20160510,309.6,309.99,309.6,309.99,119,0
20160511,311.47,311.47,304.93,309.5,110,0
20160512,314.55,319.95,310.55,310.55,491,0
20160513,319.95,319.95,319.95,319.95,1,0
20160517,312.15,315.65,312.05,312.1,39,0
20160518,315.5,316.7,313.55,313.55,53,0
20160519,312.55,316.05,312.5,315,138,0
20160520,314.75,314.9,314.7,314.7,62,0
20160523,321.5,321.5,313.1,313.1,33,0
20160524,317.55,327.95,317.4,320.05,157,0
20160525,320,320,314.65,314.65,294,0
20160527,314.15,314.9,314.15,314.2,139,0
20160530,319.85,319.85,319.85,319.85,20,0
20160531,319.95,320,319.95,320,21,0
20160601,321.95,321.95,321.95,321.95,5,0
20160602,321.7,321.7,312,317.5,233,0
20160603,319,322,319,322,57,0
20160606,325,325,325,325,10,0
20160607,325,325.1,324.95,325.1,18,0
20160608,325.65,326,325,325.05,107,0
20160609,327.45,327.5,320.35,320.35,101,0
20160610,322.05,322.05,315.05,315.05,41,0
20160613,318.95,327.45,318.95,324.9,207,0
20160614,320,325.3,320,325.3,34,0
20160615,319.95,320,319.95,320,10,0
20160616,312.1,312.1,312.05,312.05,49,0
20160617,315.05,315.95,315,315.95,114,0
20160621,310.05,317,310.05,315,115,0
20160622,316.95,319.95,316,319.95,27,0
20160623,319.65,319.65,311.65,313.1,59,0
20160624,326,326,310.05,315,312,0
20160628,320,320,320,320,1,0
20160629,322.15,322.15,315.05,315.15,117,0
20160630,315.1,315.1,315,315,80,0
20160701,316.45,321.9,316.45,321.9,74,0
20160704,324.95,325,324.95,325,36,0
20160705,324.95,325,324.95,325,19,0
20160707,324.85,324.85,324.85,324.85,16,0
20160708,325,336.05,325,336,317,0
20160711,343,343,336.6,336.6,62,0
20160712,330,336.15,328,328,313,0
20160713,330.95,342,330.95,342,153,0
20160714,340,340,340,340,7,0
20160718,333.45,342,333.45,340.35,104,0
20160719,337.05,337.05,327,327,283,0
20160720,342,343,335.65,335.65,97,0
20160721,337.5,337.5,337.5,337.5,1,0
20160722,341.95,342,340.05,342,166,0
20160725,342,350.05,342,350.05,253,0
20160726,348.05,379.75,348,374,472,0
20160727,378.9,391,373,380.75,262,0
20160728,380.05,385.85,375.95,380,360,0
20160729,380,380.05,375,375,233,0
20160801,384.25,384.35,375,375.05,76,0
20160802,375.25,382.9,375.25,382.9,24,0
20160803,382,388.1,382,388.1,174,0
20160804,389.9,396,389.9,396,116,0
20160805,386.25,394.75,383,383,168,0
20160808,389.5,400,380,381.1,749,0
20160809,384.45,386,384.45,385.1,223,0
20160810,384.6,392,380,392,327,0
20160811,392,392,388.65,388.65,47,0
20160812,385.55,385.55,383,385.45,166,0
20160815,383.2,385,383.2,385,81,0
20160816,385,385,380.25,380.25,132,0
20160817,390,390,380.7,387.9,73,0
20160818,388.75,391.45,388.75,389.5,63,0
20160819,382.35,389,382.35,385.5,217,0
20160822,384.6,384.6,384.6,384.6,8,0
20160823,381.15,381.15,376.15,376.15,273,0
20160824,377,377,366,367.5,304,0
20160825,369,369,369,369,14,0
20160826,371.5,371.5,369.95,371.5,214,0
20160829,372.05,377,372.05,377,20,0
20160830,372,376.5,372,372,31,0
20160831,368.05,371,368.05,371,7,0
20160901,376.45,376.45,370.45,370.45,67,0
20160902,368.8,374,367.55,371,101,0
20160905,371,376,371,376,70,0
20160906,379.95,380,375,377,252,0
20160907,375.05,380,375,380,86,0
20160908,384.95,386.05,382,382,225,0
20160909,385.65,385.65,376,376,21,0
20160912,385,385,380,380,49,0
20160913,379.05,379.05,379,379,20,0
20160914,380,380,374.7,374.7,30,0
20160915,374.7,379,373.1,373.1,70,0
20160916,379.8,381.95,379.8,381.95,23,0
20160919,385.75,385.9,382,385,265,0
20160920,379,383,379,383,52,0
20160921,377.05,377.05,377.05,377.05,90,0
20160922,383,386,383,386,58,0
20160923,385.45,385.5,385,385,54,0
20160926,383.9,385.45,377.25,377.25,96,0
20160927,379,380.9,377,379,89,0
20160928,379.95,379.95,377,377,17,0
20160930,377,379.75,368,377,318,0
20161004,380,380,379.95,380,74,0
20161005,380,380,380,380,71,0
20161006,380,380,377.15,380,45,0
20161007,380,380,376,379.9,127,0
20161010,380,384,380,384,233,0
20161011,381.35,384.95,381.35,382,115,0
20161012,377.95,383.75,377.95,383.75,115,0
20161013,380.9,381,375.4,375.4,75,0
20161014,375.4,379.95,375.4,376.6,179,0
20161017,374.25,374.5,374.25,374.5,45,0
20161018,377.95,380,372.15,372.15,50,0
20161019,372.15,378.9,372.15,376,30,0
20161020,378.9,378.9,378.9,378.9,12,0
20161021,375,375,373,373,35,0
20161024,379.95,379.95,379.95,379.95,30,0
20161025,379.95,380.95,370.15,370.15,66,0
20161026,380,380,375.2,375.2,5,0
20161027,377.05,382.95,377,380.15,192,0
20161031,376,376,376,376,11,0
20161101,379.85,379.9,379.85,379.9,11,0
20161102,377.95,377.95,377.95,377.95,20,0
20161103,372,372,355.5,355.5,368,0
20161104,364,369,362,365,66,0
20161107,364,368,361.8,361.8,116,0
20161108,368.6,368.6,368.6,368.6,10,0
20161109,369,370,363,370,128,0
20161110,368,368,355.35,355.35,564,0
20161111,359.95,361,353.05,361,29,0
20161114,361.9,365.8,360,365.8,59,0
20161115,355,364.95,355,364.35,130,0
20161116,365.65,368,365.65,368,230,0
20161117,373.85,373.85,373.85,373.85,54,0
20161118,373,373,372,372.2,207,0
20161121,374.95,378.7,374.9,378.7,166,0
20161122,375.1,380,363.6,368.2,173,0
20161123,368.35,368.35,363.8,363.8,65,0
20161124,373,376.3,366,370,302,0
20161125,375,377.45,364,369,348,0
20161128,372,375.45,365,369.2,36,0
20161129,362.05,373,362.05,373,32,0
20161130,370,373,360,360,183,0
20161201,365,365,365,365,5,0
20161202,365,365,363,365,21,0
20161206,365,365,361,361,12,0
20161207,365,365,362.8,362.8,15,0
20161208,363,363,355,362.55,117,0
20161209,363.8,365,353.45,353.45,191,0
20161212,352.2,368.3,352.2,368.3,225,0
20161214,369.3,369.3,369.3,369.3,9,0
20161215,367,367,367,367,11,0
20161216,364.05,364.05,352,352,204,0
20161219,351,356,351,351.6,78,0
20161220,350.05,355.95,350,355.85,60,0
20161221,353,359.9,350.1,355,230,0
20161222,355,355,350,350,85,0
20161223,351.5,351.5,351.5,351.5,49,0
20161227,353,355,345,352,205,0
20161228,352,355,350,354.5,87,0
20161229,354,360,354,360,69,0
20161230,354.45,374.95,353.5,373,132,0
20170102,375,380.95,370.5,370.5,165,0
20170103,370.5,371,370.5,370.9,88,0
20170104,370,370,359,359,203,0
20170105,359.95,359.95,359.95,359.95,11,0
20170106,356.1,357.9,355,357.9,33,0
20170109,362,362,358.5,361.45,35,0
20170111,359.5,359.5,359.5,359.5,15,0
20170112,362.5,362.5,355.05,362.4,28,0
20170113,365,365,355,355,40,0
20170117,355.85,362.15,355.8,357.5,70,0
20170118,362.75,362.75,355.05,355.05,3,0
20170119,358.95,359.5,358.95,359.5,37,0
20170120,355.05,355.35,355,355.35,134,0
20170123,358,370,358,358.15,247,0
20170124,365,365,359.15,359.15,47,0
20170125,358.9,363.95,358.9,363.95,147,0
20170126,360,360,360,360,3,0
20170127,358,358,358,358,31,0
20170130,360.85,363,359.8,359.8,235,0
20170131,359.8,363,359.8,360.5,94,0
20170201,359,360,359,359.05,62,0
20170202,360,361,350.1,350.1,216,0
20170203,354.95,361,354.95,361,66,0
20170206,359,359,352.25,357.95,35,0
20170207,356.05,356.05,356,356.05,50,0
20170208,353.8,356,353.6,356,100,0
20170209,353.55,355,353.55,355,172,0
20170210,354.1,354.1,354,354,104,0
20170213,353.5,354,353.5,354,36,0
20170214,359.35,359.35,359.35,359.35,14,0
20170215,355.95,359,355.95,359,75,0
20170216,353,355,353,355,69,0
20170217,357,357,357,357,1,0
20170220,358.95,361.95,353.6,360,197,0
20170221,354.6,360.65,354.55,360.65,15,0
20170222,358,358,358,358,5,0
20170223,354.5,354.5,354.5,354.5,4,0
20170224,359,359,351.2,351.2,153,0
20170227,352,352.05,352,352,22,0
20170228,354,360,354,360,316,0
20170301,360,365.95,360,365.95,156,0
20170302,367.9,367.9,367.9,367.9,23,0
20170303,363.05,363.05,362,362,17,0
20170306,362,362,362,362,50,0
20170314,353.25,355,353,355,78,0
20170315,354,354,353.95,353.95,12,0
20170316,354,354,354,354,10,0
20170317,354.45,354.5,354.45,354.5,66,0
20170320,353.95,356,353.95,356,190,0
20170321,354,355.95,354,355.95,2,0
20170322,356,357,356,357,67,0
20170323,365,365,362,362,70,0
