Date,Open,High,Low,Close,Volume,OpenInt
20080901,0.44603,0.44603,0.44603,0.44603,130,0
20080902,0.44603,0.44603,0.44603,0.44603,1300,0
20080903,0.44603,0.44603,0.44603,0.44603,650,0
20080904,0.44797,0.45573,0.44797,0.45573,7120,0
20080908,0.42295,0.44603,0.42295,0.44603,260,0
20080909,0.4149,0.4149,0.40724,0.40724,5857,0
20080910,0.43032,0.43032,0.40724,0.40724,2863,0
20080911,0.43798,0.43798,0.40724,0.40724,2733,0
20080912,0.40724,0.40724,0.40724,0.40724,3905,0
20080915,0.38378,0.38378,0.36846,0.36846,15894,0
20080916,0.38378,0.38378,0.33006,0.36846,23970,0
20080917,0.38785,0.38785,0.34907,0.34907,20111,0
20080918,0.34684,0.34684,0.23126,0.30059,61370,0
20080919,0.3162,0.34713,0.3162,0.33937,11021,0
20080922,0.33937,0.33937,0.33937,0.33937,2853,0
20080926,0.33937,0.33937,0.33937,0.33937,2204,0
20080929,0.34907,0.34907,0.34907,0.34907,132,0
20080930,0.35682,0.35682,0.31028,0.31028,258,0
20081001,0.32967,0.32967,0.32967,0.32967,3000,0
20081002,0.31804,0.31804,0.31028,0.31028,4254,0
20081006,0.28119,0.28119,0.28119,0.28119,2500,0
20081007,0.31028,0.31028,0.31028,0.31028,2707,0
20081008,0.28662,0.28662,0.26393,0.2715,62984,0
20081009,0.27363,0.28119,0.27363,0.28119,11711,0
20081010,0.28759,0.31028,0.28759,0.31028,26032,0
20081014,0.31028,0.31028,0.31028,0.31028,3567,0
20081016,0.30921,0.30921,0.2715,0.2715,9547,0
20081017,0.31319,0.31319,0.2521,0.2521,19634,0
20081020,0.27722,0.27722,0.2618,0.2618,27143,0
20081021,0.26946,0.26946,0.2618,0.2618,11818,0
20081022,0.25976,0.25976,0.2521,0.2521,5891,0
20081023,0.28032,0.28032,0.24241,0.24241,2772,0
20081024,0.24047,0.24047,0.22495,0.23271,17146,0
20081027,0.22728,0.24241,0.22728,0.24241,2244,0
20081028,0.24318,0.28119,0.24318,0.28119,3948,0
20081031,0.2715,0.2715,0.2715,0.2715,6446,0
20081103,0.31028,0.31028,0.31028,0.31028,12892,0
20081104,0.31028,0.31028,0.31028,0.31028,10313,0
20081105,0.28759,0.31028,0.28759,0.31028,7400,0
20081107,0.31028,0.31028,0.2715,0.2715,6833,0
20081111,0.2715,0.2715,0.2715,0.2715,3481,0
20081113,0.2715,0.2715,0.2715,0.2715,1289,0
20081117,0.2715,0.2715,0.2715,0.2715,9540,0
20081120,0.2715,0.2715,0.2715,0.2715,2707,0
20081121,0.2715,0.2715,0.2715,0.2715,2578,0
20081125,0.2715,0.2715,0.2715,0.2715,645,0
20081202,0.31998,0.31998,0.31998,0.31998,131,0
20081204,0.2715,0.2715,0.2715,0.2715,1289,0
20081205,0.26946,0.26946,0.2618,0.2618,1298,0
20081209,0.2618,0.2618,0.2618,0.2618,1039,0
20081210,0.2715,0.2715,0.2715,0.2715,1160,0
20081212,0.2715,0.2715,0.2715,0.2715,6575,0
20081215,0.2715,0.2715,0.2715,0.2715,25783,0
20081216,0.26946,0.26946,0.2618,0.2618,780,0
20081217,0.26374,0.31028,0.25598,0.31028,18306,0
20081218,0.31028,0.31028,0.23271,0.23271,11216,0
20081222,0.23271,0.23271,0.23271,0.23271,1599,0
20081229,0.26975,0.30059,0.24667,0.30059,63187,0
20081230,0.31028,0.31028,0.25598,0.2715,11345,0
20090106,0.30398,0.30398,0.28119,0.28119,5263,0
20090108,0.30059,0.30059,0.30059,0.30059,18165,0
20090109,0.31232,0.31998,0.31232,0.31998,9451,0
20090112,0.28953,0.31998,0.28953,0.31998,8926,0
20090113,0.3258,0.34131,0.31028,0.31028,10313,0
20090114,0.31998,0.31998,0.31998,0.31998,788,0
20090119,0.2715,0.2715,0.2715,0.2715,129,0
20090120,0.31028,0.31028,0.31028,0.31028,1321,0
20090126,0.2715,0.2715,0.2715,0.2715,2578,0
20090127,0.2715,0.2715,0.2715,0.2715,24236,0
20090128,0.2521,0.2521,0.2521,0.2521,786,0
20090130,0.26374,0.2715,0.26374,0.2715,902,0
20090203,0.2618,0.2618,0.2618,0.2618,1948,0
20090206,0.31028,0.31028,0.31028,0.31028,258,0
20090209,0.30165,0.30165,0.2715,0.2715,4111,0
20090212,0.27722,0.27722,0.2618,0.2618,3896,0
20090216,0.26374,0.2715,0.24047,0.2715,10184,0
20090218,0.26209,0.30059,0.26209,0.30059,130,0
20090220,0.2715,0.2715,0.2715,0.2715,7735,0
20090227,0.2521,0.2521,0.2521,0.2521,2617,0
20090304,0.2521,0.2521,0.2521,0.2521,14399,0
20090305,0.28119,0.28119,0.28119,0.28119,132,0
20090310,0.28701,0.28701,0.2715,0.2715,2320,0
20090311,0.24997,0.24997,0.24241,0.24241,4752,0
20090318,0.24241,0.24241,0.24241,0.24241,66005,0
20090320,0.25521,0.25521,0.23271,0.23271,13322,0
20090325,0.24609,0.24609,0.22301,0.22301,54355,0
20090326,0.22301,0.22301,0.22301,0.22301,390,0
20090327,0.23271,0.23271,0.23271,0.23271,64458,0
20090330,0.22524,0.23271,0.21768,0.23271,88186,0
20090331,0.23271,0.23271,0.23271,0.23271,53285,0
20090401,0.23271,0.23271,0.23271,0.23271,53285,0
20090402,0.23271,0.23271,0.21022,0.23271,49289,0
20090403,0.23271,0.23271,0.23271,0.23271,66606,0
20090406,0.23271,0.23271,0.23271,0.23271,66606,0
20090407,0.23271,0.23271,0.23271,0.23271,60479,0
20090409,0.22524,0.23271,0.22524,0.23271,18383,0
20090414,0.24241,0.24241,0.24241,0.24241,21121,0
20090416,0.23271,0.24774,0.23271,0.23271,46891,0
20090417,0.23271,0.23271,0.23271,0.23271,932,0
20090420,0.2715,0.2715,0.2715,0.2715,663,0
20090422,0.2521,0.2521,0.2521,0.2521,393,0
20090423,0.2521,0.2521,0.2521,0.2521,4058,0
20090424,0.2521,0.2521,0.2521,0.2521,8377,0
20090427,0.25976,0.25976,0.2521,0.2521,29452,0
20090430,0.22922,0.2521,0.22922,0.2521,1047,0
20090505,0.23271,0.23271,0.23271,0.23271,516,0
20090506,0.23097,0.2618,0.23097,0.2618,7403,0
20090507,0.22524,0.25521,0.22524,0.23271,27842,0
20090511,0.23271,0.23271,0.23271,0.23271,4125,0
20090512,0.23271,0.23271,0.23271,0.23271,902,0
20090513,0.23271,0.23271,0.23271,0.23271,8122,0
20090514,0.20944,0.23271,0.20944,0.23271,258,0
20090521,0.23271,0.23271,0.23271,0.23271,8766,0
20090522,0.2521,0.2521,0.2521,0.2521,4189,0
20090525,0.24823,0.24823,0.20944,0.23271,4641,0
20090528,0.23271,0.23271,0.23271,0.23271,17146,0
20090529,0.23271,0.23271,0.23271,0.23271,25843,0
20090601,0.25802,0.34907,0.25802,0.34907,25697,0
20090602,0.2618,0.27722,0.25414,0.2618,27922,0
20090603,0.24997,0.24997,0.24241,0.24241,7921,0
20090604,0.24241,0.24241,0.24241,0.24241,528,0
20090610,0.23484,0.24241,0.23484,0.24241,8053,0
20090611,0.23271,0.23271,0.23271,0.23271,24494,0
20090615,0.22922,0.29797,0.22922,0.2521,102363,0
20090616,0.24997,0.24997,0.24241,0.24241,9637,0
20090617,0.24241,0.24241,0.24241,0.24241,2640,0
20090618,0.25521,0.25521,0.23271,0.23271,3863,0
20090619,0.24241,0.24241,0.24241,0.24241,1980,0
20090622,0.24047,0.24047,0.23271,0.23271,13536,0
20090623,0.22922,0.2521,0.22922,0.2521,262,0
20090624,0.22922,0.2521,0.22922,0.2521,6545,0
20090626,0.24638,0.2618,0.24638,0.2618,7533,0
20090629,0.25414,0.2618,0.25414,0.2618,6363,0
20090630,0.2715,0.2715,0.2715,0.2715,19982,0
20090701,0.26393,0.2715,0.26393,0.2715,8354,0
20090702,0.2715,0.2715,0.2715,0.2715,12892,0
20090703,0.25976,0.25976,0.2521,0.2521,3534,0
20090707,0.2521,0.2521,0.2521,0.2521,4450,0
20090708,0.2521,0.2521,0.2521,0.2521,6152,0
20090709,0.24241,0.24241,0.24241,0.24241,396,0
20090710,0.2521,0.2521,0.2521,0.2521,1309,0
20090713,0.25976,0.25976,0.2521,0.2521,9163,0
20090714,0.24997,0.2651,0.24241,0.24241,5544,0
20090716,0.24997,0.2651,0.24241,0.24241,9373,0
20090717,0.25075,0.30398,0.25075,0.28119,60922,0
20090720,0.2715,0.30165,0.2715,0.2715,45746,0
20090721,0.29089,0.29089,0.29089,0.29089,12149,0
20090722,0.29089,0.29089,0.27557,0.29089,15676,0
20090723,0.29089,0.29089,0.29089,0.29089,10450,0
20090724,0.31804,0.34907,0.31804,0.34907,55949,0
20090727,0.34742,0.41694,0.34742,0.41694,57376,0
20090728,0.41985,0.41985,0.32822,0.35876,232666,0
20090729,0.34354,0.35876,0.32822,0.35876,198736,0
20090730,0.3511,0.35876,0.33588,0.35876,37337,0
20090731,0.35934,0.39755,0.35934,0.39755,72857,0
20090803,0.42809,0.43575,0.39755,0.39755,91169,0
20090804,0.41694,0.46998,0.37903,0.41694,92603,0
20090805,0.48481,0.48481,0.4309,0.48481,97590,0
20090806,0.42916,0.47512,0.41384,0.47512,55198,0
20090807,0.42101,0.45165,0.42101,0.43633,25866,0
20090810,0.43488,0.46542,0.412,0.46542,50459,0
20090811,0.4565,0.525,0.4565,0.49451,128157,0
20090812,0.5223,0.5915,0.5223,0.5915,87093,0
20090813,0.588,0.6109,0.5727,0.6109,128997,0
20090814,0.588,0.6109,0.5727,0.6109,39550,0
20090817,0.5319,0.5624,0.45602,0.5624,120662,0
20090818,0.539,0.539,0.5236,0.5236,11169,0
20090819,0.47997,0.5333,0.47997,0.5333,45547,0
20090820,0.5411,0.5411,0.5024,0.5333,17725,0
20090821,0.5005,0.5467,0.49277,0.5236,61689,0
20090824,0.5325,0.5325,0.46406,0.49451,48502,0
20090825,0.5089,0.5089,0.45573,0.45573,21724,0
20090826,0.5082,0.5236,0.46969,0.5236,16883,0
20090827,0.48511,0.5236,0.48511,0.5236,1818,0
20090828,0.5236,0.5236,0.5236,0.5236,260,0
20090831,0.5021,0.5021,0.46406,0.49451,20111,0
20090901,0.47909,0.5023,0.46358,0.49451,40767,0
20090902,0.49519,0.49519,0.40375,0.42664,7613,0
20090903,0.4598,0.47512,0.42916,0.47512,8091,0
20090904,0.47095,0.47095,0.42538,0.45573,17247,0
20090907,0.45708,0.45708,0.42664,0.42664,17982,0
20090908,0.43236,0.43236,0.39377,0.41694,16837,0
20090909,0.41141,0.42664,0.41141,0.42664,8269,0
20090910,0.40521,0.41287,0.38989,0.39755,21190,0
20090911,0.42586,0.44108,0.36507,0.38785,25510,0
20090914,0.41694,0.41694,0.38601,0.41694,23961,0
20090915,0.37457,0.39755,0.37457,0.39755,24853,0
20090916,0.38029,0.39541,0.38029,0.38785,5655,0
20090917,0.38659,0.41694,0.37903,0.41694,12005,0
20090918,0.38659,0.41694,0.38659,0.41694,5540,0
20090922,0.39755,0.39755,0.38989,0.39755,18835,0
20090923,0.41694,0.41694,0.41694,0.41694,264,0
20090925,0.43633,0.43633,0.43633,0.43633,261,0
20090928,0.4343,0.44186,0.42664,0.42664,15226,0
20090929,0.44816,0.45573,0.44816,0.45573,11586,0
20090930,0.46746,0.47512,0.45214,0.47512,23750,0
20091001,0.48889,0.5119,0.48132,0.5042,17017,0
20091002,0.5173,0.5173,0.48695,0.49451,13670,0
20091005,0.49655,0.5195,0.48889,0.5042,18718,0
20091006,0.49218,0.49984,0.44603,0.44603,33940,0
20091007,0.45834,0.5042,0.45834,0.5042,19634,0
20091008,0.5021,0.5173,0.49451,0.49451,6704,0
20091009,0.5236,0.5236,0.5236,0.5236,1298,0
20091012,0.5188,0.5188,0.41966,0.46542,34863,0
20091013,0.48065,0.48065,0.45776,0.46542,10223,0
20091014,0.5042,0.5042,0.5042,0.5042,3927,0
20091015,0.48452,0.48452,0.43837,0.44603,12093,0
20091016,0.5139,0.5139,0.5139,0.5139,913,0
20091019,0.45592,0.49451,0.45592,0.49451,2071,0
20091020,0.42538,0.45573,0.42538,0.45573,2897,0
20091021,0.43837,0.44603,0.43837,0.44603,4551,0
20091022,0.44797,0.48666,0.44797,0.45573,5049,0
20091023,0.47715,0.531,0.45408,0.48481,40283,0
20091026,0.46406,0.5173,0.46406,0.49451,6047,0
20091027,0.49655,0.5195,0.48889,0.5042,9686,0
20091028,0.48831,0.48831,0.46542,0.46542,3800,0
20091029,0.44128,0.49451,0.44128,0.49451,7230,0
20091030,0.48481,0.48481,0.48481,0.48481,5458,0
20091102,0.44632,0.48481,0.44632,0.48481,5458,0
20091103,0.44603,0.5075,0.44603,0.44603,7022,0
20091104,0.44399,0.44399,0.43633,0.43633,9145,0
20091105,0.4343,0.4343,0.42664,0.42664,6563,0
20091109,0.42586,0.42586,0.34218,0.38785,59567,0
20091110,0.39192,0.4149,0.39192,0.40724,13795,0
20091111,0.39357,0.39357,0.37816,0.37816,6479,0
20091112,0.37816,0.37816,0.37816,0.37816,9329,0
20091113,0.38785,0.38785,0.38785,0.38785,6446,0
20091116,0.38417,0.40724,0.38417,0.40724,3124,0
20091117,0.38785,0.41888,0.38785,0.38785,12505,0
20091118,0.38601,0.41694,0.38601,0.41694,11008,0
20091119,0.41529,0.44603,0.41529,0.44603,13004,0
20091120,0.38989,0.43575,0.38989,0.39755,18050,0
20091123,0.38785,0.38785,0.38785,0.38785,921,0
20091124,0.39958,0.40724,0.39958,0.40724,13535,0
20091125,0.38785,0.38785,0.38785,0.38785,11703,0
20091127,0.39561,0.39561,0.38785,0.38785,3867,0
20091130,0.38223,0.39755,0.38223,0.39755,4447,0
20091201,0.38785,0.38785,0.38785,0.38785,3867,0
20091202,0.39755,0.39755,0.38223,0.39755,3008,0
20091203,0.39755,0.39755,0.39755,0.39755,131,0
20091204,0.40181,0.41694,0.39415,0.41694,21106,0
20091207,0.38853,0.42664,0.38097,0.42664,13389,0
20091208,0.44952,0.44952,0.41141,0.42664,40559,0
20091209,0.40724,0.40724,0.40724,0.40724,4945,0
20091210,0.40181,0.41694,0.40181,0.41694,74795,0
20091211,0.40938,0.41694,0.40181,0.41694,9102,0
20091214,0.43236,0.43236,0.41694,0.41694,14894,0
20091215,0.41694,0.41694,0.41694,0.41694,264,0
20091216,0.42256,0.4533,0.40724,0.40724,9760,0
20091218,0.39755,0.39755,0.39755,0.39755,1047,0
20091221,0.44399,0.44399,0.43633,0.43633,7838,0
20091222,0.39755,0.39755,0.39755,0.39755,7717,0
20091223,0.39541,0.39541,0.38785,0.38785,12097,0
20091228,0.41694,0.41694,0.41694,0.41694,660,0
20091229,0.41694,0.41694,0.41694,0.41694,5804,0
20091230,0.40181,0.41694,0.40181,0.41694,6859,0
20100104,0.44603,0.44603,0.42295,0.44603,8972,0
20100106,0.44603,0.44603,0.44603,0.44603,1041,0
20100107,0.40724,0.44564,0.39958,0.40724,13535,0
20100108,0.4149,0.4149,0.40724,0.40724,14446,0
20100111,0.43207,0.43207,0.41694,0.41694,4881,0
20100112,0.42101,0.43633,0.42101,0.43633,4311,0
20100113,0.44186,0.47231,0.42664,0.42664,30190,0
20100114,0.42664,0.42664,0.42664,0.42664,263,0
20100115,0.44186,0.44186,0.42664,0.42664,18245,0
20100118,0.46348,0.46348,0.45573,0.45573,14888,0
20100119,0.46542,0.46542,0.46542,0.46542,1966,0
20100120,0.45573,0.45573,0.45573,0.45573,9192,0
20100121,0.45573,0.45573,0.45573,0.45573,3236,0
20100126,0.42664,0.44186,0.42664,0.42664,3151,0
20100127,0.45485,0.45485,0.41694,0.41694,37595,0
20100128,0.45573,0.45573,0.45573,0.45573,132,0
20100129,0.46406,0.5325,0.46406,0.49451,45873,0
20100201,0.5173,0.5934,0.46406,0.49451,36936,0
20100202,0.49519,0.5333,0.49519,0.5333,30584,0
20100203,0.5889,0.5889,0.543,0.543,29421,0
20100204,0.5866,0.5866,0.5333,0.5333,14176,0
20100208,0.5139,0.5139,0.5139,0.5139,391,0
20100209,0.5197,0.5197,0.5042,0.5042,1418,0
20100210,0.5159,0.5236,0.5159,0.5236,12987,0
20100211,0.5139,0.5139,0.5062,0.5139,8604,0
20100212,0.5021,0.5021,0.49451,0.49451,10647,0
20100215,0.49451,0.49451,0.49451,0.49451,3944,0
20100216,0.49451,0.49451,0.49451,0.49451,7756,0
20100217,0.5236,0.5236,0.5236,0.5236,3766,0
20100223,0.539,0.539,0.5236,0.5236,8311,0
20100224,0.5236,0.5236,0.5236,0.5236,12987,0
20100225,0.5236,0.5236,0.5236,0.5236,42598,0
20100226,0.5062,0.5139,0.49858,0.5139,20078,0
20100301,0.5023,0.5023,0.49451,0.49451,10353,0
20100302,0.5156,0.5156,0.48481,0.48481,3379,0
20100303,0.49451,0.49451,0.48675,0.49451,6988,0
20100304,0.49277,0.5621,0.49277,0.5236,106883,0
20100308,0.5236,0.5236,0.5236,0.5236,10000,0
20100312,0.5642,0.5642,0.5255,0.5333,15268,0
20100315,0.5393,0.5624,0.5393,0.5624,5063,0
20100316,0.543,0.543,0.543,0.543,11768,0
20100317,0.5255,0.5333,0.5179,0.5333,4399,0
20100318,0.5415,0.5721,0.5415,0.5721,30153,0
20100319,0.5721,0.6331,0.5569,0.5721,9308,0
20100322,0.5603,0.5603,0.5374,0.5527,25794,0
20100323,0.579,0.579,0.5333,0.5333,12470,0
20100325,0.543,0.5735,0.543,0.543,85907,0
20100326,0.543,0.543,0.543,0.543,3269,0
20100330,0.543,0.543,0.543,0.543,101468,0
20100331,0.541,0.541,0.5333,0.5333,28877,0
20100401,0.543,0.543,0.543,0.543,13076,0
20100406,0.543,0.543,0.543,0.543,41319,0
20100407,0.5507,0.5507,0.543,0.543,10592,0
20100408,0.5487,0.5487,0.5333,0.5333,3752,0
20100409,0.543,0.543,0.5277,0.543,18960,0
20100412,0.5277,0.543,0.5277,0.543,8368,0
20100413,0.5277,0.543,0.5277,0.543,55703,0
20100414,0.5411,0.5411,0.5333,0.5333,46966,0
20100415,0.5333,0.5333,0.5333,0.5333,1682,0
20100416,0.5256,0.5333,0.5181,0.5333,18114,0
20100420,0.5333,0.5333,0.5333,0.5333,131,0
20100421,0.5333,0.5333,0.5333,0.5333,394,0
20100422,0.539,0.539,0.5236,0.5236,1688,0
20100423,0.5411,0.5411,0.5333,0.5333,7245,0
20100426,0.5333,0.5333,0.5333,0.5333,131,0
20100427,0.5333,0.5333,0.5333,0.5333,131,0
20100428,0.5139,0.5139,0.5139,0.5139,2346,0
20100429,0.5179,0.5333,0.5179,0.5333,10350,0
20100430,0.512,0.5275,0.46542,0.46542,23591,0
20100503,0.5139,0.5139,0.47551,0.5139,29856,0
20100504,0.52,0.543,0.52,0.543,2615,0
20100505,0.5042,0.5042,0.5042,0.5042,1702,0
20100506,0.543,0.543,0.48869,0.543,1289,0
20100507,0.49451,0.49451,0.49451,0.49451,394,0
20100511,0.5173,0.5173,0.47929,0.49451,13801,0
20100512,0.49121,0.5139,0.49121,0.5139,2646,0
20100518,0.5236,0.5236,0.5236,0.5236,3896,0
20100519,0.5236,0.5236,0.5236,0.5236,7793,0
20100520,0.516,0.5539,0.516,0.5236,278320,0
20100521,0.5159,0.5313,0.5005,0.5236,26104,0
20100524,0.49451,0.49451,0.49451,0.49451,7765,0
20100525,0.49451,0.49451,0.49451,0.49451,1164,0
20100526,0.49092,0.5139,0.47551,0.5139,261,0
20100527,0.5179,0.5333,0.5024,0.5333,14361,0
20100531,0.49451,0.49451,0.49451,0.49451,10515,0
20100602,0.5236,0.5236,0.49325,0.5236,55875,0
20100603,0.5236,0.5236,0.5236,0.5236,1581,0
20100604,0.48695,0.5333,0.48695,0.5333,3364,0
20100607,0.48481,0.48481,0.48481,0.48481,7537,0
20100608,0.48481,0.5002,0.48481,0.48481,12865,0
20100610,0.49218,0.49218,0.44603,0.44603,23407,0
20100611,0.47512,0.47512,0.47512,0.47512,9134,0
20100614,0.45573,0.45573,0.45573,0.45573,6583,0
20100615,0.44797,0.45573,0.44797,0.45573,17089,0
20100618,0.45573,0.49432,0.45573,0.45573,10875,0
20100621,0.46358,0.49451,0.46358,0.49451,647,0
20100624,0.49432,0.49432,0.45573,0.45573,2590,0
20100625,0.46213,0.48481,0.46213,0.48481,13201,0
20100628,0.48608,0.48608,0.45573,0.45573,4871,0
20100629,0.48481,0.48481,0.45456,0.48481,132,0
20100630,0.47851,0.47851,0.45573,0.45573,6583,0
20100702,0.46348,0.46348,0.45573,0.45573,6474,0
20100705,0.47512,0.47512,0.47512,0.47512,2610,0
20100706,0.45214,0.47512,0.45214,0.47512,53503,0
20100708,0.46969,0.48481,0.46969,0.48481,15445,0
20100712,0.48481,0.48481,0.48481,0.48481,910,0
20100713,0.49092,0.5292,0.49092,0.5139,49021,0
20100714,0.5092,0.5624,0.5016,0.5624,47370,0
20100715,0.5569,0.5721,0.5492,0.5721,68303,0
20100716,0.5741,0.5894,0.5665,0.5818,28870,0
20100719,0.5838,0.5915,0.5454,0.5915,35930,0
20100720,0.5991,0.5991,0.5684,0.5915,8201,0
20100721,0.5919,0.6303,0.5841,0.6303,185140,0
20100722,0.6171,0.6787,0.6171,0.6787,99183,0
20100723,0.6711,0.6864,0.633,0.6787,73823,0
20100726,0.6736,0.7272,0.6507,0.7272,50816,0
20100727,0.7081,0.7851,0.7081,0.7466,97050,0
20100728,0.7466,0.7847,0.7466,0.7466,50272,0
20100729,0.7522,0.7522,0.6909,0.7369,39733,0
20100730,0.7293,0.7906,0.6909,0.7369,92233,0
20100802,0.7549,0.7854,0.7549,0.7854,9049,0
20100803,0.7252,0.7252,0.6718,0.7175,44018,0
20100804,0.7196,0.7272,0.7196,0.7272,2874,0
20100805,0.6879,0.6879,0.6497,0.6497,32448,0
20100806,0.6808,0.6884,0.6502,0.6884,12812,0
20100809,0.6926,0.7231,0.6774,0.7078,5781,0
20100810,0.7272,0.7272,0.6736,0.7272,7577,0
20100812,0.7563,0.7563,0.7487,0.7563,7200,0
20100813,0.7116,0.7503,0.6884,0.6884,2844,0
20100816,0.669,0.669,0.669,0.669,1300,0
20100817,0.6856,0.6856,0.64,0.64,40559,0
20100818,0.644,0.6593,0.644,0.6593,4435,0
20100819,0.6593,0.6593,0.6593,0.6593,3913,0
20100820,0.6593,0.69,0.6593,0.6593,913,0
20100823,0.6864,0.6864,0.633,0.6787,13768,0
20100824,0.6343,0.6725,0.6343,0.6497,5495,0
20100825,0.671,0.6787,0.671,0.6787,12706,0
20100827,0.6747,0.6747,0.6593,0.6593,1305,0
20100830,0.6884,0.6884,0.6884,0.6884,1308,0
20100831,0.6349,0.6884,0.6119,0.6884,24577,0
20100901,0.6502,0.6884,0.6502,0.6884,3922,0
20100902,0.6961,0.6961,0.6273,0.6884,12681,0
20100903,0.665,0.665,0.6497,0.6497,3794,0
20100906,0.6476,0.6476,0.64,0.64,5906,0
20100907,0.6435,0.6435,0.5823,0.6206,40855,0
20100908,0.6166,0.6166,0.5858,0.6012,21408,0
20100909,0.6012,0.6012,0.5703,0.6012,10380,0
20100910,0.6052,0.6206,0.6052,0.6206,9528,0
20100913,0.6482,0.6787,0.6482,0.6787,58351,0
20100914,0.6546,0.7078,0.6546,0.7078,4073,0
20100915,0.669,0.7305,0.669,0.669,41352,0
20100916,0.6823,0.6823,0.6593,0.6593,7826,0
20100917,0.6879,0.6879,0.6497,0.6497,23420,0
20100920,0.6538,0.669,0.631,0.669,39459,0
20100921,0.6905,0.6981,0.6905,0.6981,1565,0
20100922,0.6884,0.6884,0.6884,0.6884,5360,0
20100923,0.6864,0.6864,0.6559,0.6787,5245,0
20100924,0.6905,0.6981,0.6905,0.6981,6126,0
20100927,0.6573,0.6573,0.6497,0.6497,8897,0
20100928,0.6802,0.6802,0.642,0.6497,20149,0
20100929,0.6442,0.6593,0.6214,0.6593,17945,0
20100930,0.661,0.661,0.6303,0.6303,8847,0
20101001,0.6191,0.6497,0.6114,0.6497,14000,0
20101004,0.665,0.665,0.6268,0.6497,6411,0
20101005,0.6536,0.669,0.6536,0.669,2341,0
20101006,0.669,0.669,0.669,0.669,7412,0
20101007,0.6536,0.669,0.6536,0.669,1300,0
20101008,0.6497,0.665,0.6497,0.6497,131,0
20101011,0.6497,0.6497,0.6497,0.6497,517,0
20101012,0.6303,0.6303,0.6303,0.6303,2732,0
20101013,0.6262,0.6262,0.5956,0.6109,42825,0
20101014,0.6066,0.6066,0.5915,0.5915,10286,0
20101015,0.6148,0.6303,0.5534,0.6303,28493,0
20101018,0.64,0.6552,0.64,0.64,13258,0
20101019,0.6323,0.6552,0.6323,0.64,8532,0
20101020,0.669,0.669,0.6383,0.669,14173,0
20101021,0.6383,0.669,0.6306,0.669,9362,0
20101022,0.667,0.6747,0.6517,0.6593,12782,0
20101025,0.6589,0.6589,0.6206,0.6206,7962,0
20101026,0.621,0.6823,0.6134,0.6593,10826,0
20101027,0.6303,0.6303,0.6303,0.6303,4293,0
20101028,0.6168,0.64,0.6168,0.64,11932,0
20101029,0.6164,0.624,0.5707,0.6012,59660,0
20101101,0.599,0.599,0.5687,0.5915,18199,0
20101102,0.595,0.595,0.5721,0.5721,10226,0
20101103,0.5915,0.5915,0.5915,0.5915,17575,0
20101104,0.6052,0.6435,0.6052,0.6206,29369,0
20101105,0.621,0.6593,0.621,0.6593,77737,0
20101108,0.6924,0.7232,0.6771,0.7078,230966,0
20101109,0.7155,0.7155,0.6924,0.7078,42112,0
20101110,0.7062,0.7369,0.7062,0.7369,106042,0
20101111,0.7314,0.7466,0.7162,0.7466,53291,0
20101112,0.7522,0.76,0.7293,0.7369,23188,0
20101115,0.7327,0.7327,0.6718,0.7175,44149,0
20101116,0.7309,0.7386,0.7078,0.7078,25994,0
20101117,0.6659,0.7272,0.6659,0.7272,8753,0
20101118,0.7369,0.7369,0.7293,0.7369,28400,0
20101119,0.7312,0.7466,0.7235,0.7466,9874,0
20101122,0.7078,0.7383,0.7078,0.7078,16818,0
20101123,0.7442,0.7442,0.6981,0.6981,15120,0
20101124,0.7314,0.7466,0.7314,0.7466,75343,0
20101125,0.7557,0.7557,0.7175,0.7175,13101,0
20101126,0.7181,0.7563,0.7181,0.7563,27489,0
20101129,0.7579,0.7579,0.7272,0.7272,6793,0
20101130,0.7543,0.7543,0.7314,0.7466,70880,0
20101201,0.7383,0.7535,0.7078,0.7078,19052,0
20101202,0.687,0.7175,0.687,0.7175,10611,0
20101203,0.6985,0.7369,0.6985,0.7369,21365,0
20101206,0.7293,0.7369,0.7216,0.7369,10812,0
20101207,0.7175,0.7253,0.7175,0.7175,5184,0
20101208,0.7058,0.7288,0.6905,0.6981,19031,0
20101209,0.6981,0.7135,0.6981,0.6981,23202,0
20101213,0.704,0.704,0.6884,0.6884,16676,0
20101214,0.7288,0.7288,0.6752,0.6981,20335,0
20101215,0.6884,0.6884,0.6884,0.6884,9151,0
20101216,0.6698,0.7078,0.6698,0.7078,10117,0
20101217,0.7085,0.7466,0.7085,0.7466,39247,0
20101220,0.7595,0.7825,0.6981,0.6981,78208,0
20101222,0.7466,0.7466,0.7158,0.7466,13122,0
20101223,0.7139,0.7369,0.6985,0.7369,19411,0
20101227,0.7425,0.7425,0.7272,0.7272,13586,0
20101228,0.7272,0.7272,0.7042,0.7272,9798,0
20101229,0.685,0.7231,0.685,0.7078,3942,0
20101230,0.7139,0.7369,0.7139,0.7369,1823,0
20110103,0.7446,0.7446,0.7139,0.7369,10422,0
20110104,0.7369,0.7369,0.7369,0.7369,1303,0
20110105,0.7369,0.7369,0.7062,0.7369,3778,0
20110106,0.7232,0.7386,0.7078,0.7078,12608,0
20110107,0.7386,0.7386,0.7078,0.7078,4159,0
20110110,0.7369,0.7369,0.6985,0.7369,12767,0
20110111,0.7386,0.7386,0.7002,0.7078,21836,0
20110112,0.7078,0.7078,0.7078,0.7078,5719,0
20110113,0.7293,0.7369,0.6985,0.7369,10292,0
20110114,0.7062,0.7369,0.7062,0.7369,4950,0
20110117,0.7293,0.7369,0.7139,0.7369,4689,0
20110118,0.7078,0.7078,0.7078,0.7078,4159,0
20110119,0.7042,0.7349,0.6889,0.7272,10581,0
20110120,0.7272,0.7272,0.7272,0.7272,392,0
20110121,0.687,0.7175,0.687,0.7175,917,0
20110124,0.6926,0.7231,0.6774,0.7078,21547,0
20110125,0.6865,0.7096,0.6633,0.6787,26060,0
20110126,0.6946,0.7175,0.687,0.7175,4978,0
20110127,0.7099,0.7175,0.6641,0.7175,32883,0
20110128,0.7272,0.7272,0.7272,0.7272,3619,0
20110131,0.7252,0.7327,0.7175,0.7175,19520,0
20110201,0.8088,0.8859,0.7857,0.8242,116843,0
20110202,0.8318,0.87,0.8242,0.8242,47174,0
20110203,0.8456,0.8533,0.8304,0.8533,6563,0
20110204,0.8382,0.8921,0.8382,0.8921,36020,0
20110207,0.8885,0.9115,0.8732,0.9115,45174,0
20110208,0.8864,0.9094,0.8864,0.9018,7197,0
20110209,0.8844,0.8997,0.8844,0.8921,25314,0
20110210,0.8824,0.8824,0.844,0.8824,16161,0
20110211,0.8824,0.8824,0.8824,0.8824,4822,0
20110214,0.854,0.8921,0.8234,0.8921,21510,0
20110215,0.8456,0.8917,0.8456,0.8533,10147,0
20110216,0.844,0.8824,0.844,0.8824,3519,0
20110217,0.844,0.8824,0.844,0.8824,1304,0
20110218,0.8732,0.9115,0.8578,0.9115,30943,0
20110221,0.908,0.9308,0.8698,0.9308,28834,0
20110222,0.8698,0.9308,0.8698,0.9308,655,0
20110223,0.9273,0.9579,0.9196,0.9502,29753,0
20110224,0.8844,0.8921,0.7777,0.8921,63218,0
20110225,0.8615,0.8921,0.8234,0.8921,34495,0
20110228,0.8921,0.8997,0.869,0.8921,23537,0
20110301,0.9308,0.9614,0.8851,0.9308,42596,0
20110302,0.9579,0.9579,0.889,0.9502,59897,0
20110303,0.9656,0.9656,0.9502,0.9502,15268,0
20110304,0.9447,0.9599,0.9447,0.9599,8269,0
20110307,0.968,0.9987,0.9603,0.9987,35926,0
20110308,0.968,0.9987,0.968,0.9987,13798,0
20110309,0.9927,0.9927,0.9696,0.9696,18582,0
20110310,0.9696,0.9773,0.9235,0.9696,25599,0
20110311,0.9523,0.9907,0.9292,0.9599,11850,0
20110314,0.9211,0.9365,0.9135,0.9211,46376,0
20110315,0.8836,0.8836,0.7761,0.8145,84853,0
20110316,0.8803,0.9186,0.842,0.8727,57871,0
20110317,0.9012,0.9012,0.8401,0.863,19249,0
20110318,0.8706,0.9012,0.863,0.863,14927,0
20110321,0.9335,0.9793,0.8798,0.9793,50582,0
20110322,0.9599,0.9599,0.9599,0.9599,1953,0
20110324,0.9288,0.9288,0.9058,0.9211,38560,0
20110325,0.8976,0.8976,0.8824,0.8824,10254,0
20110328,0.9171,0.9171,0.9018,0.9018,18974,0
20110329,0.9018,0.9018,0.9018,0.9018,40304,0
20110330,0.9181,0.9946,0.9181,0.9793,53718,0
20110331,1.0237,1.0237,0.9779,1.0084,78277,0
20110401,1.0198,1.0359,0.9874,1.0278,44977,0
20110404,1.0101,1.0181,0.9777,1.0181,3465,0
20110405,0.9649,0.989,0.9167,0.989,20769,0
20110406,0.9858,0.9858,0.9454,0.9696,124,0
20110407,0.9454,0.9696,0.9454,0.9696,2970,0
20110408,0.9599,0.9599,0.9599,0.9599,1240,0
20110411,0.9292,0.9696,0.9292,0.9696,10891,0
20110412,0.9373,0.9454,0.9211,0.9211,5817,0
20110413,0.918,0.9502,0.918,0.9502,13784,0
20110414,0.9712,1.0682,0.9226,1.0278,44113,0
20110415,0.9906,0.9987,0.9825,0.9987,2956,0
20110418,0.9581,0.9987,0.9581,0.9987,4311,0
20110419,0.9599,0.9599,0.9599,0.9599,744,0
20110420,0.9583,0.9583,0.9502,0.9502,10928,0
20110421,0.9583,0.9583,0.9502,0.9502,3850,0
20110426,0.9566,1.0134,0.9566,0.989,26644,0
20110427,0.9858,1.0019,0.9696,0.9696,9653,0
20110428,0.9599,0.9599,0.9599,0.9599,2459,0
20110429,0.9568,0.989,0.9568,0.989,4850,0
20110502,0.9987,0.9987,0.9665,0.9987,3973,0
20110503,1.0069,1.0069,0.9987,0.9987,1971,0
20110504,1.0019,1.2605,0.9777,1.1151,332911,0
20110505,1.136,1.1685,1.1036,1.1442,34999,0
20110506,1.1442,1.1442,1.1036,1.1442,2711,0
20110509,1.1442,1.1523,1.0955,1.1442,15157,0
20110510,1.1345,1.1345,1.1345,1.1345,617,0
20110511,1.1118,1.1118,1.0635,1.0957,15143,0
20110512,1.0925,1.0925,1.0115,1.0763,16683,0
20110513,1.1151,1.1151,1.0424,1.1151,7426,0
20110516,1.0876,1.0957,1.0876,1.0957,1489,0
20110517,1.0698,1.086,1.0698,1.086,7404,0
20110518,1.0957,1.0957,1.0957,1.0957,496,0
20110519,1.073,1.073,0.9843,1.0569,22063,0
20110520,1.0989,1.0989,0.9939,1.0181,24628,0
20110523,1.0666,1.0666,1.0666,1.0666,124,0
20110524,1.0407,1.0407,1.0084,1.0084,6073,0
20110525,1.0116,1.044,0.9954,1.0278,8156,0
20110526,1.0456,1.0456,1.0132,1.0375,1727,0
20110527,1.0424,1.0666,1.0424,1.0666,19925,0
20110530,1.0666,1.0666,1.0504,1.0666,7921,0
20110531,1.0666,1.0666,1.0666,1.0666,1485,0
20110601,1.0181,1.0666,1.0181,1.0666,2723,0
20110603,1.0666,1.0666,1.0181,1.0666,15470,0
20110606,1.0311,1.0472,1.0311,1.0472,1986,0
20110607,1.0359,1.044,0.9874,1.0278,28296,0
20110608,1.0472,1.0472,1.0472,1.0472,5050,0
20110609,1.0472,1.0472,1.0147,1.0472,6529,0
20110610,1.0166,1.0166,1.0084,1.0084,2090,0
20110613,1.0472,1.0472,1.0472,1.0472,1971,0
20110614,1.0407,1.0407,1.0084,1.0084,6570,0
20110615,1.0472,1.0472,1.0147,1.0472,2957,0
20110616,1.0004,1.0084,0.9842,1.0084,9916,0
20110617,1.0068,1.0632,0.9987,0.9987,9809,0
20110620,1.0003,1.0735,1.0003,1.0084,1968,0
20110622,1.0649,1.0811,1.0488,1.0569,32474,0
20110623,1.0875,1.0957,1.0875,1.0957,14909,0
20110624,1.086,1.0941,1.0374,1.086,7034,0
20110627,1.0602,1.0926,1.0278,1.0278,5190,0
20110628,1.0278,1.0278,1.0116,1.0278,9267,0
20110629,1.0229,1.0229,0.9987,0.9987,17630,0
20110630,1.0004,1.0084,1.0004,1.0084,2975,0
20110701,1.0134,1.0134,0.989,0.989,10732,0
20110704,0.9907,1.0148,0.9907,0.9987,35261,0
20110705,1.0132,1.0456,1.0132,1.0375,18260,0
20110706,1.0066,1.0472,1.0066,1.0472,5666,0
20110707,1.0472,1.0472,1.0147,1.0472,8130,0
20110708,1.0407,1.0407,1.0084,1.0084,3470,0
20110711,1.0277,1.0843,1.0277,1.0763,70436,0
20110712,1.047,1.047,0.9746,0.9987,43580,0
20110713,0.9777,1.0181,0.9777,1.0181,7178,0
20110714,1.0407,1.0407,1.0084,1.0084,11032,0
20110715,1.0553,1.0715,1.0472,1.0472,16384,0
20110718,1.0666,1.0828,1.0424,1.0666,14232,0
20110719,1.0698,1.086,1.0698,1.086,32081,0
20110720,1.0862,1.0862,1.0375,1.0375,1727,0
20110721,1.0763,1.0763,1.0763,1.0763,1853,0
20110722,1.0698,1.0941,1.0616,1.086,8391,0
20110725,1.0794,1.0794,1.0392,1.0472,4469,0
20110727,1.0536,1.086,1.0455,1.086,8514,0
20110728,1.086,1.086,1.086,1.086,16411,0
20110729,1.039,1.0793,0.9826,0.9987,26694,0
20110801,1.0392,1.0552,1.0392,1.0472,14524,0
20110802,1.0116,1.0278,1.0116,1.0278,1977,0
20110803,1.0551,1.0551,0.9987,0.9987,4967,0
20110804,1.0101,1.0101,0.8889,0.9696,31435,0
20110805,0.9731,0.9731,0.7704,0.8921,72506,0
20110808,0.8499,0.9308,0.7689,0.9308,42005,0
20110809,0.8455,0.9663,0.8455,0.9502,55012,0
20110810,1.0424,1.0424,0.9696,0.9696,17945,0
20110811,0.9661,0.9661,0.9018,0.9018,11675,0
20110812,0.9696,0.9696,0.9696,0.9696,3713,0
20110816,0.952,1.0084,0.952,1.0084,1487,0
20110817,0.9276,0.9599,0.9276,0.9599,9050,0
20110818,0.9729,0.9729,0.9405,0.9405,6290,0
20110819,0.9373,0.9777,0.9373,0.9696,7673,0
20110822,0.9018,0.9018,0.8936,0.9018,22526,0
20110823,0.9115,0.9115,0.9115,0.9115,124,0
20110824,0.9502,0.9502,0.9502,0.9502,372,0
20110825,0.947,0.947,0.9308,0.9308,2224,0
20110829,0.9308,0.9308,0.9308,0.9308,742,0
20110830,0.9083,0.9083,0.8921,0.8921,987,0
20110831,0.9502,0.9502,0.9502,0.9502,3725,0
20110901,0.9082,0.9405,0.9082,0.9405,7894,0
20110902,0.9115,0.9115,0.9115,0.9115,3844,0
20110905,0.9373,0.9373,0.8727,0.8727,11881,0
20110906,0.8727,0.8727,0.8727,0.8727,2846,0
20110908,0.9018,0.9018,0.9018,0.9018,8863,0
20110909,0.9308,0.9308,0.9308,0.9308,1236,0
20110912,0.8921,0.8921,0.8839,0.8921,9248,0
20110913,0.8921,0.8921,0.8921,0.8921,4933,0
20110914,0.8921,0.8921,0.8921,0.8921,493,0
20110915,0.9147,0.9308,0.8823,0.9308,6672,0
20110920,0.9308,0.9308,0.9308,0.9308,4695,0
20110921,0.8807,0.8807,0.8727,0.8727,2723,0
20110922,0.8727,0.9211,0.8727,0.9211,6312,0
20110923,0.8727,0.8727,0.8727,0.8727,2475,0
20110926,0.9018,0.9018,0.9018,0.9018,3105,0
20110927,0.8904,0.8904,0.8257,0.8824,8894,0
20110928,0.8921,0.8921,0.8434,0.8921,1233,0
20110929,0.8921,0.8921,0.8921,0.8921,2590,0
20110930,0.8353,0.8921,0.8353,0.8921,2466,0
20111003,0.837,0.8858,0.837,0.8533,16982,0
20111004,0.8503,0.8824,0.8422,0.8824,5859,0
20111005,0.8501,0.8501,0.8339,0.8339,11117,0
20111006,0.8145,0.8225,0.8145,0.8145,3720,0
20111010,0.8921,0.8921,0.8839,0.8921,19360,0
20111012,0.8436,0.8436,0.8436,0.8436,6164,0
20111013,0.8339,0.8339,0.8339,0.8339,1236,0
20111014,0.8242,0.8242,0.8242,0.8242,7054,0
20111017,0.8096,0.8339,0.8096,0.8339,2718,0
20111018,0.8242,0.8242,0.8242,0.8242,858,0
20111020,0.8211,0.8533,0.8211,0.8533,3602,0
20111021,0.827,0.9973,0.827,0.9405,33793,0
20111024,0.9035,1.0084,0.9035,1.0084,28014,0
20111025,0.9696,1.0181,0.9696,1.0181,12128,0
20111026,1.0066,1.0472,1.0066,1.0472,32644,0
20111027,1.0472,1.0878,1.0147,1.0472,31905,0
20111028,1.0763,1.0763,1.0763,1.0763,125,0
20111031,1.0472,1.0472,1.0066,1.0472,14906,0
20111101,1.0101,1.0828,0.9696,0.9696,16831,0
20111104,0.8969,0.9696,0.8969,0.9696,1609,0
20111109,0.9342,0.9342,0.9018,0.9018,3447,0
20111110,0.9405,0.9405,0.9405,0.9405,124,0
20111115,0.9599,0.9599,0.9599,0.9599,245,0
20111116,0.8921,0.9326,0.8839,0.8921,24908,0
20111118,0.8921,0.8921,0.8921,0.8921,1726,0
20111123,0.8889,0.8889,0.8727,0.8727,8416,0
20111124,0.863,0.863,0.863,0.863,496,0
20111125,0.863,0.863,0.863,0.863,1612,0
20111129,0.8727,0.8727,0.8727,0.8727,619,0
20111130,0.8727,0.8727,0.8727,0.8727,371,0
20111201,0.8064,0.8709,0.8064,0.8145,46378,0
20111202,0.8533,0.8533,0.8126,0.8533,1477,0
20111205,0.7911,0.8808,0.7911,0.8727,21458,0
20111206,0.8192,0.8436,0.8192,0.8436,3205,0
20111207,0.8565,0.8727,0.8484,0.8727,12747,0
20111208,0.871,0.871,0.863,0.863,7315,0
20111209,0.8727,0.8727,0.8646,0.8727,11262,0
20111212,0.8727,0.8727,0.8727,0.8727,2475,0
20111213,0.8646,0.8727,0.8646,0.8727,3465,0
20111216,0.8646,0.8727,0.8242,0.8727,7549,0
20111220,0.8727,0.8727,0.8727,0.8727,8539,0
20111221,0.8727,0.8727,0.8727,0.8727,2228,0
20111222,0.8727,0.8727,0.8727,0.8727,1609,0
20111223,0.8742,0.9308,0.8742,0.9308,1236,0
20111227,0.9405,0.9405,0.9324,0.9405,6290,0
20111228,0.8904,0.9389,0.8904,0.9308,19767,0
20111229,0.8919,0.9405,0.8919,0.9405,8510,0
20111230,0.9405,0.9405,0.9405,0.9405,740,0
20120102,0.9389,0.947,0.9308,0.9308,9760,0
20120103,0.9599,0.9599,0.9599,0.9599,3073,0
20120105,0.9599,0.9599,0.9355,0.9599,1352,0
20120110,0.9504,1.0229,0.9504,0.9987,43704,0
20120111,0.9825,1.0149,0.9744,0.9987,34484,0
20120112,0.9567,0.9973,0.9405,0.9405,9250,0
20120113,0.9519,0.976,0.9519,0.9599,2479,0
20120116,0.9502,0.9502,0.9502,0.9502,2094,0
20120117,0.9987,0.9987,0.9987,0.9987,862,0
20120118,0.9502,0.9584,0.9502,0.9502,12929,0
20120120,0.9534,0.9696,0.9534,0.9696,2475,0
20120123,0.9744,1.0231,0.95,0.9987,49386,0
20120125,0.9746,1.0152,0.9502,0.9502,24871,0
20120126,0.9665,0.9987,0.9504,0.9987,497,0
20120127,0.9373,1.0181,0.9373,1.0181,10148,0
20120130,1.0116,1.0278,1.0116,1.0278,9638,0
20120131,0.9923,1.0084,0.9842,1.0084,5950,0
20120201,1.0439,1.0843,1.0277,1.0763,62652,0
20120202,1.0699,1.0699,1.0132,1.0375,10364,0
20120203,1.0309,1.0309,0.9987,0.9987,34268,0
20120206,0.9822,1.0472,0.9822,1.0472,11949,0
20120207,1.0407,1.0407,1.0084,1.0084,4959,0
20120208,0.9923,1.0407,0.9116,1.0084,45368,0
20120209,1.0068,1.0068,0.9987,0.9987,4594,0
20120210,1.0327,1.0327,0.9761,1.0084,16487,0
20120213,1.0389,1.0957,1.0389,1.0957,67889,0
20120214,1.0957,1.12,1.0713,1.0957,13923,0
20120215,1.0874,1.1117,1.0472,1.0472,14277,0
20120216,1.1021,1.1101,1.0457,1.086,29835,0
20120217,1.1038,1.1363,1.0957,1.0957,61482,0
20120220,1.1263,1.1588,1.1263,1.1345,54669,0
20120221,1.162,1.162,1.1457,1.1539,8861,0
20120222,1.1474,1.1474,1.0908,1.1151,13242,0
20120223,1.12,1.1525,1.0957,1.0957,32281,0
20120224,1.0939,1.1426,1.0939,1.1345,4813,0
20120227,1.128,1.1442,1.128,1.1442,13186,0
20120228,1.1442,1.1442,1.1036,1.1442,9858,0
20120229,1.1054,1.1054,1.1054,1.1054,1240,0
20120301,1.1248,1.1248,1.1248,1.1248,2472,0
20120302,1.12,1.1442,1.0877,1.1442,13404,0
20120305,1.1474,1.1474,1.107,1.1151,5198,0
20120306,1.1214,1.1539,1.1214,1.1539,7138,0
20120307,1.1539,1.1539,1.1457,1.1539,15260,0
20120308,1.1539,1.1539,1.1539,1.1539,12183,0
20120309,1.1539,1.1539,1.1539,1.1539,7507,0
20120312,1.1376,1.1539,1.1376,1.1539,7753,0
20120313,1.1507,1.183,1.1345,1.1345,79967,0
20120314,1.1829,1.1829,1.1506,1.1829,19007,0
20120315,1.1813,1.1813,1.1733,1.1733,7415,0
20120316,1.1829,1.1829,1.1829,1.1829,7158,0
20120319,1.1781,1.1781,1.1539,1.1539,14376,0
20120320,1.1701,1.1701,1.1539,1.1539,20921,0
20120321,1.1539,1.1539,1.1296,1.1539,34701,0
20120322,1.162,1.162,1.1295,1.1539,15630,0
20120323,1.1248,1.149,1.1248,1.1248,19278,0
20120326,1.1365,1.1886,1.1365,1.1539,31929,0
20120327,1.1377,1.1636,1.1377,1.1636,2205,0
20120328,1.1377,1.1636,1.1377,1.1636,3133,0
20120330,1.1366,1.1539,1.1022,1.1539,6387,0
20120402,1.1315,1.1315,1.0967,1.1054,8042,0
20120403,1.0946,1.1636,1.0946,1.1636,4409,0
20120404,1.1442,1.1442,1.1442,1.1442,1962,0
20120405,1.0978,1.1151,1.0892,1.1151,3124,0
20120410,1.0774,1.086,1.0774,1.086,7774,0
20120411,1.0825,1.1345,1.0825,1.1345,4273,0
20120416,1.1248,1.1248,1.1248,1.1248,5663,0
20120417,1.1248,1.1248,1.1248,1.1248,3121,0
20120418,1.1248,1.1248,1.1248,1.1248,2890,0
20120420,1.1022,1.1539,1.1022,1.1539,1625,0
20120423,1.1171,1.1345,1.0825,1.1345,12355,0
20120425,1.1452,1.1539,1.1452,1.1539,2788,0
20120426,1.1442,1.1442,1.1442,1.1442,3808,0
20120427,1.1729,1.1902,1.086,1.086,36373,0
20120430,1.0796,1.1228,1.0192,1.0278,28250,0
20120502,1.0709,1.1054,1.0709,1.1054,17254,0
20120503,1.0839,1.1013,1.0666,1.0666,45436,0
20120504,1.0795,1.1313,1.0709,1.1054,9263,0
20120507,1.1054,1.1054,1.0709,1.1054,18759,0
20120508,1.0709,1.1054,1.0622,1.1054,25476,0
20120509,1.1237,1.1237,1.1064,1.1151,17122,0
20120510,1.1087,1.1345,1.0829,1.1345,9890,0
20120511,1.1528,1.1789,1.1442,1.1442,32534,0
20120514,1.1539,1.1798,1.1279,1.1539,66854,0
20120515,1.1452,1.1539,1.1191,1.1539,32505,0
20120516,1.1279,1.1539,1.1279,1.1539,22131,0
20120517,1.1474,1.1819,1.1474,1.1733,19474,0
20120518,1.1723,1.1723,1.1636,1.1636,13013,0
20120521,1.1548,1.1636,1.1548,1.1636,15317,0
20120522,1.1539,1.1625,1.1365,1.1539,5187,0
20120523,1.1463,1.1808,1.1463,1.1636,17752,0
20120524,1.1323,1.141,1.1151,1.1151,13998,0
20120525,1.1211,1.1733,1.1211,1.1733,12657,0
20120528,1.1636,1.1636,1.1636,1.1636,3365,0
20120529,1.1861,1.212,1.1861,1.212,8086,0
20120530,1.2088,1.2088,1.1398,1.1829,16676,0
20120531,1.1733,1.1733,1.1733,1.1733,580,0
20120601,1.1428,1.212,1.1341,1.212,3350,0
20120604,1.2118,1.2118,1.1345,1.1345,8377,0
20120605,1.1281,1.1539,1.1281,1.1539,6504,0
20120608,1.1216,1.1216,1.0957,1.0957,4288,0
20120611,1.086,1.086,1.086,1.086,2302,0
20120612,1.0763,1.0763,1.0763,1.0763,3341,0
20120614,1.0386,1.0472,1.0298,1.0472,8897,0
20120615,1.0805,1.1151,1.0805,1.1151,2313,0
20120619,1.1075,1.1248,1.1075,1.1248,7860,0
20120620,1.2304,1.2304,1.161,1.2217,4732,0
20120621,1.2411,1.2499,1.2411,1.2411,3110,0
20120622,1.1625,1.1625,1.1539,1.1539,3458,0
20120625,1.1321,1.1926,1.1321,1.1926,3124,0
20120628,1.1085,1.1345,1.1085,1.1345,231,0
20120702,1.2023,1.2023,1.1239,1.2023,1721,0
20120703,1.1733,1.1733,1.1733,1.1733,7767,0
20120705,1.1733,1.1733,1.1733,1.1733,3941,0
20120706,1.1499,1.1499,1.1151,1.1151,3674,0
20120710,1.116,1.1248,1.116,1.1248,11469,0
20120711,1.142,1.142,1.0988,1.1248,1272,0
20120712,1.1248,1.1248,1.1248,1.1248,6011,0
20120717,1.1248,1.1248,1.1248,1.1248,5778,0
20120718,1.1205,1.1636,1.1205,1.1636,3017,0
20120719,1.1387,1.1733,1.1387,1.1733,3478,0
20120720,1.1733,1.1733,1.156,1.1733,3478,0
20120723,1.1733,1.1733,1.1733,1.1733,695,0
20120724,1.1508,1.1508,1.1248,1.1248,8553,0
20120725,1.1722,1.1722,1.1636,1.1636,1624,0
20120726,1.1636,1.1636,1.1636,1.1636,3945,0
20120727,1.1658,1.1658,1.1054,1.1054,12158,0
20120730,1.1636,1.1636,1.1636,1.1636,1973,0
20120801,1.1238,1.1238,1.1151,1.1151,2296,0
20120803,1.1054,1.1054,1.1054,1.1054,1158,0
20120806,1.1151,1.1151,1.0978,1.1151,2892,0
20120807,1.1248,1.1248,1.1248,1.1248,116,0
20120808,1.1226,1.1226,1.1054,1.1054,5327,0
20120809,1.114,1.1226,1.1054,1.1054,7296,0
20120813,1.1173,1.1345,1.1173,1.1345,7912,0
20120814,1.1365,1.1539,1.1365,1.1539,3458,0
20120815,1.1539,1.1539,1.1539,1.1539,5648,0
20120816,1.1636,1.1636,1.1636,1.1636,1843,0
20120817,1.1615,1.1615,1.1442,1.1442,12459,0
20120820,1.1386,1.2508,1.1386,1.2508,36632,0
20120821,1.1894,1.1894,1.1032,1.1636,52907,0
20120822,1.1657,1.1829,1.1657,1.1829,7643,0
20120824,1.1321,1.1926,1.1321,1.1926,1736,0
20120827,1.1752,1.1926,1.1752,1.1926,6088,0
20120828,1.1312,1.1829,1.1312,1.1829,116,0
20120903,1.1331,1.2023,1.1245,1.2023,24971,0
20120904,1.2023,1.2023,1.2023,1.2023,116,0
20120905,1.2023,1.2023,1.2023,1.2023,116,0
20120906,1.2023,1.2023,1.2023,1.2023,2543,0
20120907,1.1723,1.1723,1.1636,1.1636,11517,0
20120910,1.1591,1.2023,1.1505,1.2023,12139,0
20120911,1.2023,1.2023,1.2023,1.2023,116,0
20120912,1.1937,1.2023,1.1764,1.2023,8439,0
20120913,1.1762,1.2023,1.1762,1.2023,1377,0
20120914,1.2023,1.2023,1.1762,1.2023,5395,0
20120917,1.1539,1.1539,1.1539,1.1539,5302,0
20120918,1.1408,1.1926,1.1408,1.1926,4975,0
20120919,1.1408,1.1926,1.1408,1.1926,3587,0
20120920,1.1408,1.1926,1.1408,1.1926,12149,0
20120924,1.1754,1.1926,1.158,1.1926,579,0
20120925,1.1829,1.1829,1.1829,1.1829,116,0
20120926,1.1571,1.1829,1.1484,1.1829,3475,0
20120927,1.1636,1.1636,1.1636,1.1636,1741,0
20120928,1.1657,1.1829,1.1657,1.1829,6138,0
20121001,1.1991,1.1991,1.1733,1.1733,2898,0
20121002,1.1926,1.1926,1.1926,1.1926,231,0
20121005,1.1398,1.1829,1.1398,1.1829,811,0
20121008,1.1808,1.1808,1.1636,1.1636,1277,0
20121011,1.1808,1.1808,1.1636,1.1636,2437,0
20121012,1.1463,1.1636,1.1377,1.1636,3481,0
20121015,1.1442,1.1701,1.1442,1.1442,1846,0
20121016,1.1377,1.1636,1.1377,1.1636,1973,0
20121018,1.1636,1.1636,1.1636,1.1636,11023,0
20121019,1.1636,1.1723,1.1636,1.1636,6219,0
20121022,1.1377,1.1636,1.0946,1.1636,19956,0
20121023,1.1128,1.1733,1.1128,1.1733,2086,0
20121024,1.1171,1.1691,1.1085,1.1345,2309,0
20121025,1.1399,1.1399,1.1054,1.1054,5905,0
20121026,1.1237,1.1237,1.1151,1.1151,1967,0
20121029,1.1115,1.1636,1.1028,1.1636,18657,0
20121030,1.1054,1.1054,1.1054,1.1054,2316,0
20121031,1.1268,1.1442,1.1268,1.1442,692,0
20121102,1.1288,1.1636,1.1288,1.1636,8407,0
20121105,1.0967,1.1745,1.0967,1.1054,4632,0
20121106,1.1539,1.1539,1.1539,1.1539,581,0
20121107,1.1248,1.1248,1.1248,1.1248,1156,0
20121108,1.1636,1.1636,1.1636,1.1636,928,0
20121113,1.1712,1.1886,1.1539,1.1539,13601,0
20121115,1.1248,1.1248,1.1248,1.1248,4160,0
20121116,1.1636,1.1636,1.1636,1.1636,117,0
20121119,1.2059,1.2059,1.1539,1.1539,14870,0
20121121,1.1205,1.1636,1.1205,1.1636,7658,0
20121122,1.1191,1.1539,1.1191,1.1539,3574,0
20121127,1.1636,1.1636,1.1636,1.1636,5182,0
20121128,1.1442,1.1442,1.1442,1.1442,231,0
20121203,1.129,1.1636,1.1205,1.1636,22045,0
20121204,1.1947,1.212,1.1514,1.212,21716,0
20121205,1.1829,1.1829,1.1571,1.1829,8801,0
20121206,1.1896,1.1896,1.1636,1.1636,8522,0
20121207,1.1762,1.2023,1.1762,1.2023,1492,0
20121210,1.1539,1.1539,1.1452,1.1539,7897,0
20121212,1.1645,1.1733,1.1645,1.1733,230,0
20121213,1.1861,1.212,1.1601,1.212,16749,0
20121214,1.2217,1.2217,1.2131,1.2217,5770,0
20121218,1.2217,1.2217,1.2217,1.2217,231,0
20121219,1.1871,1.2563,1.1871,1.2217,12118,0
20121220,1.1977,1.2411,1.1977,1.2411,2189,0
20121221,1.2054,1.2314,1.2054,1.2314,1038,0
20121227,1.253,1.2702,1.253,1.2702,3471,0
20121228,1.2982,1.2982,1.2376,1.2896,9589,0
20130102,1.3025,1.3284,1.3025,1.3284,4057,0
20130103,1.3339,1.3339,1.2993,1.2993,9351,0
20130104,1.3023,1.3284,1.3023,1.3284,1613,0
20130107,1.3284,1.3284,1.1808,1.3284,37663,0
20130109,1.3187,1.3187,1.3013,1.3187,4265,0
20130110,1.3013,1.3187,1.3013,1.3187,1499,0
20130111,1.309,1.309,1.309,1.309,2307,0
20130114,1.3079,1.3079,1.2993,1.2993,6696,0
20130115,1.3004,1.309,1.283,1.309,8075,0
20130117,1.3167,1.3167,1.2993,1.2993,2425,0
20130118,1.3023,1.3371,1.3023,1.3284,45495,0
20130121,1.2993,1.2993,1.2907,1.2993,16508,0
20130122,1.2993,1.2993,1.2993,1.2993,4156,0
20130123,1.3227,1.5128,1.3054,1.4351,48584,0
20130124,1.4361,1.4447,1.3929,1.4447,7398,0
20130125,1.4319,1.4405,1.3801,1.406,13101,0
20130128,1.4404,1.5526,1.4404,1.4835,25275,0
20130129,1.4069,1.4932,1.3897,1.4932,14019,0
20130130,1.4749,1.4835,1.4488,1.4835,11065,0
20130131,1.5428,1.5514,1.4907,1.5514,20653,0
20130201,1.5437,1.5611,1.509,1.5611,10262,0
20130204,1.5556,1.5902,1.5469,1.5902,18282,0
20130205,1.5535,1.5881,1.5104,1.5708,3940,0
20130206,1.5697,1.5697,1.5611,1.5611,16027,0
20130207,1.5611,1.5611,1.5611,1.5611,6918,0
20130208,1.6117,1.629,1.5945,1.629,19841,0
20130211,1.6387,1.6907,1.6387,1.6387,22029,0
20130212,1.682,1.6907,1.6387,1.6387,7381,0
20130213,1.5877,1.6484,1.5616,1.6484,3804,0
20130214,1.6473,1.6473,1.6387,1.6387,2307,0
20130215,1.6419,1.6678,1.6419,1.6678,6481,0
20130218,1.6612,1.6872,1.6525,1.6872,11211,0
20130219,1.6469,1.7162,1.6469,1.7162,8191,0
20130220,1.6473,1.6473,1.63,1.6387,10957,0
20130221,1.6045,1.7259,1.5265,1.7259,48657,0
20130222,1.7834,1.7834,1.6449,1.6969,34883,0
20130225,1.7983,1.7983,1.755,1.755,17697,0
20130226,1.7453,1.7453,1.7453,1.7453,1736,0
20130227,1.7453,1.7453,1.7453,1.7453,15046,0
20130228,1.7453,1.7453,1.7453,1.7453,1736,0
20130301,1.6914,1.7259,1.6742,1.7259,12051,0
20130304,1.7258,1.8121,1.7258,1.8035,32216,0
20130305,1.8094,1.9479,1.8007,1.9393,63760,0
20130306,1.9622,1.997,1.832,1.9102,11863,0
20130307,1.8989,1.9076,1.7775,1.8035,14531,0
20130308,1.7751,1.8617,1.7751,1.8617,34531,0
20130311,1.861,1.8956,1.7744,1.7744,27612,0
20130312,1.8011,1.8617,1.7837,1.8617,34877,0
20130313,1.7709,1.9005,1.7709,1.9005,8219,0
20130314,1.8372,1.8631,1.7938,1.7938,2655,0
20130315,1.7873,1.8132,1.7787,1.8132,9033,0
20130318,1.7744,1.835,1.7744,1.7744,16405,0
20130319,1.7731,1.8769,1.7731,1.8423,32951,0
20130320,1.8443,1.879,1.8443,1.8617,10278,0
20130321,1.9017,1.9017,1.7375,1.8326,21401,0
20130322,1.9112,1.9199,1.9026,1.9199,21739,0
20130325,1.8726,1.909,1.8089,1.8908,23872,0
20130326,1.8507,1.8507,1.8235,1.8326,6172,0
20130327,1.8406,1.8588,1.8132,1.8132,7134,0
20130328,1.852,1.852,1.8155,1.852,3727,0
20130402,1.8441,1.9259,1.8441,1.8714,2862,0
20130403,1.8745,1.8745,1.7653,1.7744,22748,0
20130404,1.8332,1.8423,1.8332,1.8423,6359,0
20130405,1.8608,1.8608,1.5885,1.7065,68301,0
20130408,1.709,1.8089,1.6817,1.7453,27722,0
20130409,1.7453,1.7453,1.7453,1.7453,1430,0
20130410,1.7145,1.7145,1.6872,1.6872,12610,0
20130411,1.75,1.8229,1.75,1.8229,109,0
20130412,1.7738,1.7738,1.7647,1.7647,7255,0
20130415,1.7738,1.7738,1.7647,1.7647,1099,0
20130416,1.795,1.8132,1.795,1.8132,109,0
20130417,1.792,1.792,1.7647,1.7647,1979,0
20130418,1.8193,1.8739,1.7647,1.7647,18359,0
20130422,1.8647,2.0011,1.8647,1.9102,12863,0
20130423,1.9764,2.0489,1.7407,1.8132,34193,0
20130424,1.8035,1.8035,1.8035,1.8035,329,0
20130426,1.8132,1.8132,1.8132,1.8132,1097,0
20130429,1.8647,1.9102,1.8647,1.9102,7036,0
20130430,1.8919,1.9102,1.8738,1.9102,13632,0
20130503,1.8611,1.9159,1.852,1.852,7235,0
20130506,1.8617,1.8617,1.8617,1.8617,5506,0
20130507,1.8696,1.8696,1.8423,1.8423,6030,0
20130508,1.9096,1.9096,1.8186,1.9005,9678,0
20130509,1.8229,1.8229,1.8229,1.8229,3182,0
20130510,1.8702,1.8702,1.8064,1.852,6686,0
20130513,1.7981,1.8617,1.7708,1.8617,6717,0
20130514,1.9074,1.9074,1.7796,1.8617,4821,0
20130515,1.7756,1.812,1.7574,1.7938,6480,0
20130516,1.8041,1.8679,1.7312,1.8132,19755,0
20130517,1.7295,1.7841,1.7204,1.7841,1538,0
20130521,1.852,1.852,1.852,1.852,551,0
20130522,1.8229,1.8229,1.8229,1.8229,13824,0
20130523,1.7665,1.7938,1.7301,1.7938,17901,0
20130524,1.7647,1.7647,1.7647,1.7647,1649,0
20130527,1.8206,1.8206,1.7841,1.7841,4394,0
20130528,1.8229,1.8229,1.8229,1.8229,14812,0
20130529,1.7773,1.8685,1.7318,1.8229,13824,0
20130530,1.8574,2.2581,1.8574,2.2398,151344,0
20130531,2.2249,2.2249,2.0973,2.1429,48252,0
20130603,2.1635,2.1817,2.0545,2.1817,42133,0
20130604,2.0908,2.1817,2.0908,2.1817,110,0
20130605,2.1526,2.1526,2.1526,2.1526,551,0
20130606,2.1914,2.1914,2.1641,2.1914,12317,0
20130607,2.2028,2.2301,2.1573,2.2301,40978,0
20130610,2.2616,2.298,2.1886,2.298,31801,0
20130611,2.3544,2.5453,2.3544,2.4726,23981,0
20130612,2.5279,2.5553,2.4275,2.4823,11505,0
20130613,2.4864,2.5592,2.4773,2.5501,17019,0
20130614,2.5477,2.5659,2.5113,2.5113,2417,0
20130617,2.4682,2.5501,2.4682,2.5501,3294,0
20130618,2.541,2.5501,2.541,2.5501,5600,0
20130619,2.5331,2.5695,2.4784,2.5695,15913,0
20130620,2.4853,2.5672,2.4761,2.5307,8679,0
20130621,2.4804,2.4804,2.3078,2.4532,17940,0
20130624,2.5084,2.5084,2.4629,2.4629,3289,0
20130625,2.4629,2.5632,2.4446,2.4629,4823,0
20130626,2.553,2.5986,2.5166,2.5986,4168,0
20130627,2.5939,2.6211,2.521,2.521,3187,0
20130628,2.518,2.618,2.518,2.618,9021,0
20130701,2.6229,2.6229,2.5501,2.5501,1647,0
20130702,2.5089,2.618,2.5089,2.618,1540,0
20130703,2.64,2.64,2.5307,2.5307,439,0
20130704,2.5957,2.5957,2.5228,2.5501,2745,0
20130705,2.5095,2.5095,2.4823,2.4823,3959,0
20130708,2.6277,2.6277,2.6277,2.6277,110,0
20130709,2.5501,2.5684,2.5319,2.5501,7467,0
20130710,2.4726,2.4726,2.4726,2.4726,3300,0
20130711,2.4435,2.4435,2.4435,2.4435,3963,0
20130712,2.5986,2.5986,2.4527,2.5986,8555,0
20130715,2.5877,2.9157,2.5877,2.8701,48510,0
20130716,2.8671,3.1857,2.8216,2.8216,55373,0
20130717,2.8089,2.9089,2.7271,2.9089,17381,0
20130718,2.9293,3.175,2.9112,3.0931,33087,0
20130719,3.0617,3.4524,3.0617,3.3161,47549,0
20130722,3.4404,3.4495,3.322,3.4131,28786,0
20130723,3.4119,3.4119,3.3664,3.3937,10332,0
20130724,3.3943,3.4125,3.367,3.4034,4176,0
20130725,3.3702,3.3884,3.3064,3.3064,8124,0
20130726,3.3908,3.3999,3.3179,3.3452,10752,0
20130729,3.2985,3.3258,3.2803,3.3258,12073,0
20130730,3.3767,3.4131,3.3767,3.4131,20436,0
20130731,3.4326,3.7331,3.4326,3.7331,34486,0
20130801,3.7348,3.8623,3.6347,3.7622,30628,0
20130802,3.7786,3.7786,3.6329,3.7331,10873,0
20130805,3.6531,3.972,3.644,3.9173,44347,0
20130806,3.9276,4.1281,3.5813,3.9367,71439,0
20130807,3.7498,4.0046,3.7315,4.0046,14834,0
20130808,3.83,4.0124,3.83,3.83,20616,0
20130809,3.9623,3.9623,3.8257,3.9076,7685,0
20130812,3.9367,4.0916,3.9276,3.9367,25240,0
20130813,4.0507,4.2145,4.0052,4.0143,52292,0
20130814,4.0531,4.0531,3.9529,4.0531,5709,0
20130815,3.972,4.0539,3.9173,3.9173,14928,0
20130816,3.9089,4.0452,3.3816,3.7816,81405,0
20130819,3.7719,3.8172,3.5901,3.6264,12433,0
20130820,3.5491,3.9495,3.44,3.8494,51097,0
20130821,4.0011,4.0558,3.8735,3.9464,8120,0
20130822,3.9197,4.047,3.9197,3.9561,10446,0
20130823,3.9705,4.0434,3.9341,4.0434,10432,0
20130826,3.9197,4.0016,3.9197,3.9561,3519,0
20130827,3.9599,3.9599,3.8688,3.8688,14171,0
20130828,3.8241,3.8241,3.5874,3.7331,26359,0
20130829,3.7428,3.7428,3.7337,3.7428,6479,0
20130830,3.7373,3.8009,3.6282,3.8009,5169,0
20130902,3.8085,3.927,3.8085,3.927,3293,0
20130903,4.0046,4.0046,3.8863,4.0046,11757,0
20130904,3.9497,3.9497,3.6129,3.704,13076,0
20130905,3.8106,3.8106,3.8106,3.8106,1319,0
20130906,3.8171,3.9173,3.7807,3.9173,768,0
20130909,3.8882,3.8882,3.8882,3.8882,549,0
20130910,3.8228,3.9502,3.7226,3.8591,10658,0
20130912,3.7816,3.7816,3.7816,3.7816,329,0
20130913,3.8262,3.9173,3.8262,3.9173,8013,0
20130916,4.0084,4.0084,3.8991,3.9173,5928,0
20130917,3.907,3.907,3.8706,3.8979,4721,0
20130918,3.8763,3.9949,3.8763,3.9949,2193,0
20130919,3.8226,4.0046,3.8226,4.0046,37687,0
20130920,3.8973,3.8973,3.8882,3.8882,1427,0
20130923,3.9002,3.9367,3.8456,3.9367,7133,0
20130924,3.8591,3.8591,3.8591,3.8591,1209,0
20130925,3.8508,3.8508,3.5595,3.7234,29000,0
20130926,3.6664,3.6937,3.6482,3.6846,3627,0
20130927,3.6755,3.7301,3.6391,3.6846,2199,0
20130930,3.6458,3.737,3.6185,3.6458,5925,0
20131001,3.6028,3.721,3.5754,3.6846,18685,0
20131002,3.5487,3.7306,3.5487,3.6943,7803,0
20131003,3.5919,3.5919,3.5101,3.5101,16275,0
20131004,3.5093,3.5093,3.3361,3.3452,32913,0
20131007,3.1436,3.3441,2.8429,3.3258,132245,0
20131008,3.2812,3.6458,3.2812,3.6458,35657,0
20131009,3.7313,3.7313,3.6129,3.704,7802,0
20131010,3.7313,3.7313,3.6221,3.704,3736,0
20131011,3.724,3.7513,3.5601,3.7331,18451,0
20131014,3.6823,3.6823,3.6002,3.6458,12727,0
20131015,3.6367,3.6367,3.5004,3.5004,16389,0
20131016,3.6079,3.6079,3.4713,3.4713,10317,0
20131017,3.4616,3.5526,3.4616,3.4616,4061,0
20131018,3.4627,3.6359,3.4627,3.481,11632,0
20131021,3.5541,3.6361,3.5541,3.6361,4060,0
20131022,3.6391,3.6846,3.63,3.6846,1099,0
20131023,3.6822,3.6822,3.6458,3.6458,770,0
20131024,3.6549,3.7278,3.6185,3.6458,3730,0
20131025,3.648,3.6936,3.5203,3.5295,8443,0
20131028,3.55,3.6684,3.55,3.5682,11645,0
20131029,3.5245,3.5973,3.5063,3.5973,4282,0
20131030,3.5694,3.5876,3.5512,3.5876,329,0
20131101,3.53,3.5483,3.53,3.5391,4836,0
20131104,3.5441,3.781,3.5441,3.7719,16135,0
20131105,3.8265,3.8265,3.6807,3.7719,7354,0
20131106,3.7834,3.8106,3.7743,3.8106,3409,0
20131107,3.826,3.826,3.7622,3.7622,4172,0
20131108,3.7719,3.7719,3.7719,3.7719,4401,0
20131111,3.7331,3.7786,3.7057,3.7331,4174,0
20131112,3.7422,3.7422,3.7331,3.7331,1867,0
20131113,3.7804,3.7804,3.7622,3.7622,988,0
20131114,3.8217,3.8217,3.6669,3.6943,9342,0
20131115,3.6464,3.7284,3.6464,3.6555,15468,0
20131118,3.7472,3.7472,3.647,3.6652,11406,0
20131119,3.6846,3.6846,3.6846,3.6846,330,0
20131120,3.6634,3.7907,3.6634,3.7816,4620,0
20131121,3.6852,3.6943,3.6852,3.6943,220,0
20131122,3.7895,3.8077,3.7166,3.7622,10758,0
20131125,3.8168,3.9076,3.7531,3.9076,12654,0
20131126,3.87,3.9338,3.8426,3.8882,18669,0
20131127,3.8852,3.9217,3.8397,3.8397,13738,0
20131128,3.8723,3.927,3.8723,3.927,6365,0
20131129,3.7301,3.821,3.6846,3.6846,67599,0
20131202,3.737,3.7825,3.6093,3.6458,36974,0
20131203,3.6446,3.7722,3.6264,3.6264,27548,0
20131204,3.6264,3.6538,3.5991,3.6264,16133,0
20131205,3.6446,3.6446,3.6264,3.6264,2963,0
20131206,3.6264,3.6538,3.6264,3.6264,8341,0
20131209,3.756,3.8106,3.683,3.8106,4717,0
20131210,3.8118,3.83,3.8118,3.83,4946,0
20131211,3.7798,3.7798,3.6887,3.7525,2196,0
20131212,3.6646,3.701,3.6555,3.6555,2859,0
20131213,3.6834,3.7837,3.6652,3.6652,14149,0
20131216,3.7331,3.7786,3.7331,3.7331,1867,0
20131217,3.7784,3.8785,3.7329,3.8785,26910,0
20131218,3.8555,3.8555,3.8009,3.8009,330,0
20131219,3.8561,3.8561,3.7924,3.8106,5718,0
20131220,3.8585,3.8768,3.7311,3.8494,14505,0
20131223,3.8118,3.8483,3.7482,3.83,6706,0
20131227,3.8262,3.9173,3.7898,3.9173,24039,0
20131230,3.9045,4.0774,3.9045,4.0046,17141,0
20140102,4.085,4.4125,4.085,4.2761,77709,0
20140103,4.3907,4.418,4.1903,4.3633,25139,0
20140106,4.3404,4.3586,4.2766,4.2858,6704,0
20140107,4.3611,4.6251,4.3429,4.6251,12082,0
20140108,4.6669,4.8671,4.5395,4.7124,41551,0
20140109,4.8652,4.8652,4.6742,4.6833,17484,0
20140110,4.6548,4.8461,4.6548,4.6639,9771,0
20140113,4.6445,4.7265,4.6445,4.6445,7467,0
20140114,4.6833,4.6833,4.6833,4.6833,2089,0
20140115,4.6863,4.7318,4.6863,4.7318,7143,0
20140116,4.7191,4.7282,4.6554,4.6736,17266,0
20140117,4.7382,4.8749,4.6835,4.8385,43679,0
20140120,4.7213,5.0851,4.7213,5.0033,45950,0
20140121,5.0021,5.0021,4.9112,4.9839,18033,0
20140122,4.9501,5.041,4.8681,4.8772,7253,0
20140123,4.8693,4.933,4.8693,4.8966,13295,0
20140124,4.6937,4.7483,4.2934,4.5573,45183,0
20140127,4.6015,4.7197,4.5924,4.6833,17375,0
20140128,4.6892,4.7894,4.6437,4.7803,9006,0
20140129,4.8579,4.9034,4.7124,4.7124,20666,0
20140130,5.1367,5.1731,4.9181,5.1003,50287,0
20140131,5.1428,5.1701,4.8879,5.0518,21643,0
20140203,4.9141,5.0324,4.9141,5.0324,5495,0
20140204,4.9949,5.0495,4.8493,4.8675,6485,0
20140205,5.038,5.038,4.6378,4.6833,13306,0
20140206,4.8669,5.0033,4.7303,5.0033,4287,0
20140207,5.0033,5.0033,5.0033,5.0033,110,0
20140210,5.0045,5.0955,5.0045,5.0227,8462,0
20140211,5.145,5.236,5.0994,5.236,13947,0
20140212,5.1885,5.3524,5.1885,5.3524,17687,0
20140213,5.3438,5.3621,5.2346,5.3621,2636,0
20140214,5.3213,5.4396,5.3213,5.4396,25615,0
20140217,5.4877,5.9161,5.4695,5.6335,66917,0
20140218,5.6418,5.9147,5.6418,5.9147,68684,0
20140219,5.9541,5.9632,5.7538,5.9632,13840,0
20140220,5.801,5.8738,5.6917,5.6917,27452,0
20140221,5.8651,6.1475,5.856,6.1475,19545,0
20140224,6.1469,6.1469,6.0102,6.1378,14605,0
20140225,6.1475,6.1475,6.0655,6.1475,11420,0
20140226,6.1215,6.1215,5.9396,6.0214,10114,0
20140227,5.9421,6.033,5.9147,5.9147,15385,0
20140228,5.9169,6.099,5.9169,6.099,22411,0
20140303,6.0044,6.0408,5.7406,6.0408,24841,0
20140304,5.9122,6.0486,5.9122,6.0214,10225,0
20140305,6.1475,6.1475,6.0199,6.1475,9114,0
20140306,6.1444,6.1444,5.9897,6.099,25157,0
20140307,6.1378,6.1378,5.9923,6.1378,8798,0
20140310,5.9615,6.1344,5.9341,5.9341,7251,0
20140311,6.0644,6.1281,5.946,6.1281,7687,0
20140312,6.0226,6.0408,6.0226,6.0408,2963,0
20140313,6.0868,6.1142,5.9231,6.0505,5605,0
20140314,5.8335,5.8335,5.5783,5.6239,45420,0
20140317,5.5921,6.002,5.583,6.002,26241,0
20140318,5.9316,6.0408,5.9134,6.0408,14069,0
20140319,5.9911,6.0549,5.9638,5.9729,5711,0
20140320,5.8935,6.0481,5.8935,6.0117,11765,0
20140321,6.1475,6.1475,6.0564,6.1475,25584,0
20140324,6.0077,6.2535,6.0077,6.2444,11316,0
20140325,6.2499,6.2499,6.1499,6.1862,7035,0
20140326,6.2844,6.3026,6.2388,6.3026,23497,0
20140327,6.4796,6.4796,6.2976,6.3705,8461,0
20140328,6.4566,6.4566,6.1928,6.2929,14295,0
20140331,6.3039,6.6896,6.2097,6.6614,14986,0
20140401,6.7709,7.3163,6.7521,6.865,35198,0
20140402,7.0443,7.0443,6.6116,6.8844,12441,0
20140403,6.9904,7.0093,6.8965,6.9716,7982,0
20140404,6.9552,7.0492,6.8612,7.0492,11703,0
20140407,7.054,7.054,6.8941,6.8941,10419,0
20140408,6.7971,6.8346,6.3552,6.4868,27337,0
20140409,6.5756,6.6695,6.4817,6.6226,9155,0
20140410,6.5729,6.6858,6.5353,6.5353,2127,0
20140411,6.5353,6.6294,6.3566,6.5353,7444,0
20140414,6.3449,6.3918,5.8749,6.1475,31064,0
20140415,5.9324,5.9981,5.8101,5.876,25315,0
20140416,6.0256,6.1571,5.8752,6.1571,4149,0
20140417,6.2002,6.2002,6.0214,6.0214,3720,0
20140422,6.1145,6.3496,6.1145,6.3026,15202,0
20140423,6.5244,6.5715,6.4868,6.4868,18508,0
20140424,6.491,6.5851,6.3123,6.3123,9035,0
20140425,6.2284,6.3037,5.8144,6.0214,16899,0
20140428,5.8899,6.2381,5.8899,6.0311,7440,0
20140429,6.1087,6.1087,6.1087,6.1087,426,0
20140430,6.2065,6.2347,6.2065,6.2347,2130,0
20140502,6.2953,6.3799,6.2483,6.3705,4257,0
20140505,6.4877,6.4877,6.2056,6.2056,11593,0
20140506,6.489,6.489,6.1598,6.2444,11271,0
20140507,5.9823,6.1422,5.8601,5.9729,11907,0
20140508,6.1554,6.1554,6.0048,6.099,2443,0
20140509,6.022,6.1443,6.022,6.0408,2975,0
20140512,6.1615,6.3026,6.1615,6.3026,5315,0
20140513,6.3006,6.3006,6.1689,6.2347,2553,0
20140514,6.2971,6.4286,6.2971,6.4286,7873,0
20140515,6.4395,6.4771,6.3361,6.4771,6169,0
20140516,6.5053,6.5336,6.4771,6.4771,6489,0
20140519,6.3652,6.7318,6.3652,6.5062,15422,0
20140520,6.6323,6.6323,6.6323,6.6323,3189,0
20140521,6.6455,6.6455,6.4198,6.448,7553,0
20140522,6.5705,6.5705,6.4577,6.4577,2766,0
20140523,6.5747,6.6311,6.5465,6.5935,6379,0
20140526,6.7239,6.865,6.6863,6.865,3190,0
20140527,6.8556,7.0531,6.8179,6.865,17758,0
20140528,7.01,7.01,6.6713,6.6807,12009,0
20140529,6.6302,6.6302,6.4891,6.5644,14780,0
20140530,6.6278,6.7689,6.4868,6.4868,11382,0
20140602,6.6269,6.6269,6.4483,6.4577,7872,0
20140603,6.3955,6.3955,5.8688,6.2638,22434,0
20140604,6.2881,6.2881,6.1378,6.1378,10639,0
20140605,6.2023,6.3057,6.099,6.099,9364,0
20140606,6.2356,6.2638,6.1886,6.2638,3296,0
20140609,6.3317,6.3317,6.3317,6.3317,531,0
20140610,6.2991,6.2991,6.1862,6.1862,4042,0
20140611,6.2074,6.2638,6.1603,6.2638,5423,0
20140612,6.168,6.2715,6.168,6.2056,2020,0
20140613,6.2056,6.2056,6.2056,6.2056,532,0
20140616,6.1557,6.1557,6.1087,6.1087,1489,0
20140617,6.1022,6.2056,6.1022,6.2056,1489,0
20140618,6.1463,6.1463,5.9301,6.1087,9151,0
20140619,5.9447,6.1513,5.9447,5.9729,8411,0
20140620,6.1557,6.1557,6.1087,6.1087,2447,0
20140623,6.1825,6.6711,6.1542,6.6711,23308,0
20140624,6.8122,6.8122,6.4546,6.6711,14666,0
20140625,6.5793,6.5793,6.4383,6.4383,2341,0
20140626,6.5333,6.5333,6.4204,6.4674,8404,0
20140627,6.5353,6.5353,6.4695,6.5353,3510,0
20140630,6.4213,6.5341,6.1205,6.4965,17762,0
20140701,6.5165,6.5353,6.5165,6.5353,7125,0
20140702,6.5353,6.5353,6.5353,6.5353,2446,0
20140703,6.5353,6.5353,6.3754,6.5353,4467,0
20140704,6.3942,6.5353,6.319,6.5353,6062,0
20140707,6.5541,6.5823,6.3942,6.5353,13825,0
20140708,6.5338,6.5338,6.3928,6.4868,5319,0
20140709,6.2871,6.4093,6.2871,6.4093,2341,0
20140710,6.4178,6.4272,6.3802,6.3802,1171,0
20140711,6.2185,6.322,6.2091,6.322,2976,0
20140714,6.2984,6.2984,6.1668,6.1668,2660,0
20140715,6.2156,6.225,6.2156,6.225,1276,0
20140716,6.304,6.5393,6.304,6.3511,3401,0
20140717,6.2621,6.2621,6.2056,6.2056,10848,0
20140718,6.1704,6.1704,5.7566,5.9729,46034,0
20140721,6.0038,6.1353,6.0038,6.0602,3513,0
20140722,6.0616,6.1181,6.0522,6.1087,8619,0
20140723,6.111,6.205,6.111,6.1862,11274,0
20140724,6.1155,6.1908,6.0214,6.0214,10416,0
20140725,6.0616,6.1087,6.0616,6.1087,2660,0
20140728,6.1065,6.1065,6.0408,6.0408,6599,0
20140729,6.0749,6.2066,5.8962,5.9244,15632,0
20140730,5.9214,5.9685,5.8275,5.8275,3937,0
20140731,5.8369,5.9873,5.8275,5.8275,11065,0
20140801,5.8355,5.8355,5.1955,5.459,33680,0
20140804,5.6433,5.6433,5.2953,5.333,28493,0
20140805,5.4531,5.7164,5.4531,5.5754,8828,0
20140806,5.6551,5.6551,5.2982,5.4202,8517,0
20140807,5.3432,5.4561,5.3432,5.3621,5422,0
20140808,5.2575,5.2575,4.8813,5.013,87929,0
20140811,4.936,5.3591,4.936,5.2651,13082,0
20140812,5.3979,5.445,5.3039,5.3039,9145,0
20140813,5.3042,5.3136,5.3042,5.3136,1702,0
20140814,5.4493,5.4493,5.4493,5.4493,532,0
20140815,5.4641,5.5957,5.3136,5.3136,12441,0
20140818,5.6019,5.8275,5.6019,5.8275,15002,0
20140819,5.8275,5.8275,5.8275,5.8275,17661,0
20140820,5.8249,5.9281,5.2611,5.4396,35658,0
20140821,5.495,5.8055,5.4574,5.7208,15516,0
20140822,5.7117,5.8151,5.7117,5.7305,11390,0
20140825,5.7396,5.7584,5.655,5.7208,2657,0
20140826,5.7117,5.7305,5.7117,5.7305,2981,0
20140827,5.7358,5.7358,5.5948,5.5948,9359,0
20140828,5.5942,5.5942,5.171,5.2651,44884,0
20140829,5.3615,5.3803,5.2674,5.3427,4997,0
20140901,5.3997,5.3997,5.3526,5.3621,15627,0
20140902,5.3615,5.4461,5.3427,5.3427,4891,0
20140903,5.4493,5.4493,5.3836,5.4493,4471,0
20140904,5.5172,5.5172,5.4796,5.5172,3937,0
20140905,5.5151,5.5151,5.4493,5.4493,3193,0
20140908,5.5195,5.5665,5.2845,5.2845,21589,0
20140909,5.3563,5.3563,5.1684,5.1778,12450,0
20140910,5.199,5.2648,5.1707,5.2554,2766,0
20140911,5.2751,5.3597,5.2751,5.2845,7125,0
20140912,5.1881,5.2069,5.1881,5.2069,957,0
20140915,5.2714,5.2714,5.1584,5.1584,4461,0
20140916,5.1346,5.3039,5.1346,5.3039,4147,0
20140917,5.2394,5.3427,5.2394,5.3427,532,0
20140918,5.3739,5.4396,5.3551,5.4396,5215,0
20140919,5.5423,5.5423,5.3635,5.4105,9883,0
20140922,5.2605,5.2699,5.1196,5.1196,13839,0
20140923,5.1456,5.1644,5.0236,5.0518,24494,0
20140924,5.1264,5.2393,5.0324,5.0324,9887,0
20140925,5.0215,5.1344,4.9369,4.9839,7869,0
20140926,4.9375,5.0033,4.9375,5.0033,3190,0
20140929,5.1652,5.1652,5.0429,5.0712,7652,0
20140930,5.0421,5.0421,5.0421,5.0421,1276,0
20141001,4.9809,4.9809,4.699,4.8869,18196,0
20141002,4.8602,4.8602,4.6157,4.6251,19360,0
20141006,4.7461,4.8495,4.5112,4.5863,26175,0
20141007,4.6622,4.6997,4.5587,4.6057,14576,0
20141008,4.6112,4.6112,4.3288,4.47,87561,0
20141009,4.4997,4.5936,4.4621,4.5185,15436,0
20141010,4.5185,4.5185,4.3306,4.5185,28955,0
20141013,4.4377,4.5128,4.3248,4.3342,35206,0
20141014,4.3563,4.4409,4.328,4.4409,4039,0
20141015,4.4343,4.4343,4.2276,4.2276,14263,0
20141016,4.4403,4.4403,4.3463,4.4215,8398,0
20141017,4.5099,4.5664,4.4536,4.5476,16391,0
20141020,4.5159,4.5535,4.4312,4.4312,6165,0
20141021,4.4254,4.5476,4.4254,4.5476,6918,0
20141022,4.6488,4.9123,4.6488,4.79,16153,0
20141023,4.8425,5.0212,4.8425,4.9742,7870,0
20141024,4.9736,4.9736,4.9548,4.9548,1383,0
20141027,4.821,4.8398,4.539,4.5767,53205,0
20141028,4.4636,4.7079,4.4636,4.567,31818,0
20141029,4.6057,4.6057,4.6057,4.6057,638,0
20141030,4.6124,4.6124,4.5091,4.5185,4684,0
20141031,4.5317,4.6445,4.5223,4.6445,2020,0
20141103,4.6528,4.6528,4.6057,4.6057,4681,0
20141104,4.7027,4.7403,4.7027,4.7027,8080,0
20141105,4.6639,4.6827,4.6639,4.6639,532,0
20141106,4.6494,4.7997,4.6494,4.7997,2662,0
20141107,4.9175,5.0209,4.8893,4.9645,11912,0
20141110,4.9333,4.9991,4.8581,4.8675,5640,0
20141111,4.8479,4.8479,4.8385,4.8385,2555,0
20141112,4.8667,4.8667,4.7915,4.8385,4471,0
20141113,4.8576,4.9515,4.7918,4.8481,5960,0
20141114,4.8385,4.8385,4.8385,4.8385,3513,0
20141117,4.7903,4.8466,4.7057,4.7997,5750,0
20141118,4.7853,4.9451,4.7853,4.9451,2872,0
20141119,4.9324,4.9981,4.8385,4.8385,4683,0
20141120,4.8625,5.013,4.8625,5.013,3615,0
20141121,5.0104,5.2924,4.9352,5.236,15850,0
20141124,5.3121,5.3497,5.2369,5.2651,17762,0
20141125,5.3124,5.3124,5.1243,5.2748,22228,0
20141126,5.2748,5.2748,5.2748,5.2748,638,0
20141127,5.2706,5.2706,4.8385,4.8385,9580,0
20141128,4.9785,5.1099,4.9785,5.1099,4790,0
20141201,5.125,5.172,4.9839,4.9839,3616,0
20141203,4.9802,5.1681,4.9802,5.1681,3831,0
20141204,5.1696,5.2166,5.0756,5.2166,7553,0
20141205,5.2621,5.2621,5.1681,5.1681,5108,0
20141208,5.1681,5.1681,5.1305,5.1681,4257,0
20141209,5.1681,5.1681,5.1681,5.1681,2235,0
20141210,5.2621,5.2621,5.1681,5.1681,4150,0
20141211,5.1696,5.2636,5.1696,5.2166,3511,0
20141212,5.2636,5.2636,5.2166,5.2166,10745,0
20141215,5.2172,5.236,5.2172,5.236,2021,0
20141216,5.171,5.2651,5.171,5.2651,35950,0
20141217,5.2166,5.2166,5.1696,5.2166,11490,0
20141218,5.3526,5.4091,5.3526,5.3621,14245,0
20141219,5.3606,5.4076,5.2759,5.3136,7656,0
20141222,5.4085,5.4085,5.3144,5.3427,6166,0
20141223,5.445,5.445,5.3039,5.3039,5636,0
20141229,5.2748,5.2842,5.2748,5.2748,2020,0
20141230,5.4343,5.5001,5.2651,5.2651,4680,0
20150102,5.3027,5.3591,5.2181,5.2651,10211,0
20150105,5.2845,5.2845,5.2845,5.2845,425,0
20150106,5.2862,5.3427,5.2674,5.3427,4252,0
20150107,5.4288,5.4288,5.3911,5.3911,531,0
20150108,5.3836,5.4587,5.3554,5.4493,8196,0
20150109,5.4567,5.4567,5.3156,5.3814,8609,0
20150112,5.3997,5.3997,5.315,5.3621,7016,0
20150113,5.4082,5.4082,5.3142,5.333,1170,0
20150114,5.4105,5.4105,5.4105,5.4105,531,0
20150115,5.4047,5.5269,5.4047,5.5269,4894,0
20150116,5.4978,5.4978,5.3568,5.4978,6171,0
20150119,5.3539,5.4478,5.3539,5.4008,3300,0
20150120,5.4615,5.5557,5.4615,5.5463,3292,0
20150121,5.5316,5.5316,5.3717,5.3717,4146,0
20150122,5.4046,5.4046,5.2166,5.2166,8724,0
20150123,5.2127,5.4851,5.2127,5.3911,14799,0
20150126,5.3897,5.3897,5.2486,5.3427,7654,0
20150127,5.379,5.6142,5.3602,5.6142,26904,0
20150128,5.6395,5.8557,5.6395,5.8275,17980,0
20150129,5.8401,6.1128,5.8401,5.9341,15950,0
20150130,5.8737,6.1087,5.8737,6.1087,20111,0
20150202,6.3757,6.5732,6.3193,6.545,36156,0
20150203,6.5626,6.5626,6.478,6.5062,10210,0
20150204,6.5308,6.5308,6.1831,6.3899,16814,0
20150205,6.3226,6.3414,6.2099,6.3414,7877,0
20150206,6.3353,6.5326,6.3353,6.448,15639,0
20150209,6.5553,6.5741,6.4424,6.5741,19245,0
20150210,6.5844,6.6972,6.5373,6.6032,29236,0
20150211,6.7007,6.8793,6.588,6.7195,10640,0
20150212,6.6799,6.7739,6.5576,6.6517,19345,0
20150213,6.9055,7.009,6.7173,6.9619,10098,0
20150216,6.9616,6.9898,5.6915,6.002,246823,0
20150217,6.0176,6.3091,5.9706,6.2056,35523,0
20150218,6.2981,6.3734,6.1101,6.1571,30744,0
20150219,6.3761,6.5078,6.2068,6.2444,28285,0
20150220,6.3719,6.4847,6.3719,6.4189,15641,0
20150223,6.3913,6.4948,6.3444,6.4383,15002,0
20150224,6.4962,6.4962,6.3176,6.4868,9574,0
20150225,6.5341,6.5435,6.3461,6.4965,7977,0
20150226,6.5308,6.5308,6.3241,6.3899,12345,0
20150227,6.3241,6.3899,6.3241,6.3899,6598,0
20150302,6.2974,6.4383,6.2974,6.4383,17235,0
20150303,6.3505,6.4257,6.3317,6.3317,6803,0
20150304,6.3323,6.3981,6.2382,6.3511,8608,0
20150305,6.5838,6.5838,6.4051,6.5838,53586,0
20150306,6.4151,6.6032,6.4151,6.6032,5209,0
20150309,6.5079,6.9022,6.5079,6.8553,47706,0
20150310,6.8605,6.9451,6.7195,6.7195,16067,0
20150311,6.8174,6.8644,6.6951,6.8456,6913,0
20150312,6.7174,6.7174,6.5483,6.6517,11495,0
20150313,6.6552,6.768,6.6552,6.768,6809,0
20150316,6.8658,6.9223,6.706,6.8941,21690,0
20150317,6.8942,6.8942,6.5179,6.5838,19988,0
20150318,6.7263,6.7263,6.5852,6.6323,7441,0
20150319,6.6226,6.7542,6.6226,6.6226,7441,0
20150320,6.557,6.7357,6.557,6.6323,7229,0
20150323,6.6602,6.6602,6.6226,6.6226,3295,0
20150324,6.6302,6.6773,6.5644,6.5644,11059,0
20150325,6.6308,6.6308,6.5179,6.5838,22327,0
20150326,6.5881,6.5881,5.9763,6.4093,36445,0
20150327,6.4178,6.4178,6.0983,6.3802,7131,0
20150330,6.448,6.448,6.2832,6.3414,14129,0
20150331,6.3026,6.3123,6.2347,6.3026,7941,0
20150401,6.2056,6.2541,6.0214,6.0699,15264,0
20150402,6.0602,6.0602,5.8663,5.9632,20833,0
20150407,5.9826,6.0893,5.9438,6.0893,8320,0
20150408,6.1087,6.2347,6.0117,6.2347,8219,0
20150409,6.2977,6.4005,6.2066,6.4005,18541,0
20150410,6.3996,6.448,6.2182,6.4383,11516,0
20150413,6.2056,6.3511,6.1378,6.3511,15357,0
20150414,6.3608,6.3802,6.2541,6.2541,8463,0
20150415,6.3007,6.3007,5.8372,5.8566,12615,0
20150416,5.8682,6.0117,5.8566,6.002,15546,0
20150417,5.9341,6.0117,5.7208,5.7218,21962,0
20150420,5.8663,6.0107,5.7693,6.0107,10507,0
20150421,5.9623,5.9923,5.8459,5.9535,7868,0
20150422,5.9632,6.0107,5.7693,5.8663,19424,0
20150423,5.8672,5.9923,5.8672,5.8672,6183,0
20150424,6.0214,6.4577,6.0214,6.1862,25591,0
20150427,6.2056,6.2056,6.0602,6.1106,13020,0
20150428,6.129,6.2056,6.129,6.2056,3314,0
20150429,6.2056,6.2832,6.1184,6.1184,8892,0
20150430,6.2047,6.2153,6.0127,6.0592,7277,0
20150504,6.1775,6.4461,6.0796,6.2929,18659,0
20150505,6.291,6.3026,6.1581,6.1581,4562,0
20150506,6.1571,6.2977,6.1571,6.2803,2114,0
20150507,6.2056,6.2056,5.8275,5.9652,10675,0
20150508,6.0699,6.2415,6.0699,6.2415,167,0
20150511,6.2173,6.2444,6.0437,6.1281,3878,0
20150513,6.1659,6.2056,6.0321,6.1213,6242,0
20150514,6.0515,6.0912,6.0515,6.0515,645,0
20150515,6.0612,6.2813,6.0612,6.2541,6190,0
20150518,6.2929,6.2929,6.2056,6.2085,5737,0
20150519,6.2105,6.2929,6.1087,6.2929,9179,0
20150520,6.1775,6.3026,6.1775,6.2822,2029,0
20150521,6.2551,6.3016,6.1378,6.1581,5673,0
20150522,6.1862,6.2832,6.1862,6.2076,4237,0
20150526,6.3026,6.3026,6.2056,6.3016,1822,0
20150527,6.2735,6.3123,6.2056,6.2386,10285,0
20150528,6.3026,6.3026,6.1581,6.1717,3095,0
20150529,6.2066,6.4364,6.1571,6.3123,14649,0
20150601,5.7208,5.7596,5.4018,5.5172,49698,0
20150602,5.5172,5.5172,5.1875,5.2942,15374,0
20150603,5.331,5.331,5.1982,5.2467,13700,0
20150604,5.3427,5.5647,5.3427,5.5637,5787,0
20150605,5.5744,5.5744,5.5269,5.5657,2817,0
20150608,5.5414,5.5754,5.4542,5.4542,6175,0
20150609,5.4299,5.4309,5.2253,5.2263,6127,0
20150610,5.1972,5.6045,5.1972,5.6045,8980,0
20150611,5.6045,5.7577,5.5259,5.6869,14727,0
20150612,5.7693,6.0001,5.7693,5.8663,16091,0
20150615,5.9632,6.001,5.6384,5.8149,8321,0
20150616,5.6239,5.7208,5.6239,5.7014,3228,0
20150617,5.7964,5.9613,5.7819,5.939,2696,0
20150618,5.8178,5.8178,5.7208,5.7208,3722,0
20150619,5.6529,5.8178,5.6335,5.8158,1943,0
20150622,5.6335,6.0117,5.6335,5.8983,7550,0
20150623,6.0893,6.0951,5.9157,5.9516,8000,0
20150624,6.1077,6.1077,5.9632,6.098,2733,0
20150625,6.098,6.098,6.0805,6.0805,1784,0
20150626,6.0786,6.1504,6.0214,6.1087,8873,0
20150629,5.876,6.2056,5.6723,6.0117,40707,0
20150630,5.9147,6.001,5.9147,5.9923,2775,0
20150701,5.9913,6.002,5.9913,6.002,3031,0
20150702,6.002,6.0602,6.002,6.0602,1178,0
20150703,6.1368,6.1368,6.0127,6.1087,6160,0
20150706,6.0127,6.0127,6.0117,6.0117,516,0
20150707,5.9206,6.0204,5.8692,5.9147,5551,0
20150708,6.0166,6.0166,5.8663,5.9913,4135,0
20150709,5.8663,6.0214,5.8663,6.002,5986,0
20150710,6.0117,6.1571,5.9642,6.1571,5712,0
20150713,6.1475,6.3307,6.1087,6.3026,11238,0
20150714,6.3317,6.3608,6.2056,6.3608,10195,0
20150715,6.3511,6.3947,6.2842,6.3947,4402,0
20150717,6.3026,6.4131,6.3026,6.3996,2872,0
20150720,6.3026,6.3627,6.3026,6.3627,442,0
20150721,6.3511,6.3996,6.3511,6.3996,1256,0
20150722,6.3889,6.4286,6.3889,6.4286,4707,0
20150723,6.3608,6.4286,6.3036,6.4267,6858,0
20150724,6.3598,6.448,6.3511,6.448,8420,0
20150727,6.3026,6.3036,6.0117,6.0311,12910,0
20150728,6.1765,6.1765,6.0224,6.0602,567,0
20150729,6.0602,6.2056,6.0602,6.2056,458,0
20150731,6.3016,6.3036,6.3016,6.3036,2423,0
20150803,6.3016,6.3016,6.3016,6.3016,716,0
20150806,6.3511,6.3511,6.2066,6.2066,2743,0
20150807,6.1096,6.2056,6.1096,6.2056,3779,0
20150810,6.3317,6.3317,6.3317,6.3317,155,0
20150811,6.3307,6.3511,6.3307,6.3511,1917,0
20150812,6.1591,6.1591,6.1445,6.1581,3411,0
20150813,6.1571,6.2047,6.1087,6.1087,4113,0
20150814,6.2056,6.2056,6.0534,6.0534,1753,0
20150817,6.0214,6.4286,6.0214,6.3133,9956,0
20150818,6.4093,6.4577,6.3996,6.448,7435,0
20150819,6.352,6.3802,6.3511,6.3511,1733,0
20150820,6.4771,6.4771,5.9875,6.0495,12159,0
20150821,6.0214,6.0214,5.9147,5.9942,3983,0
20150824,5.8663,5.9147,5.2845,5.6432,23813,0
20150825,5.5841,6.2531,5.5841,6.0127,7038,0
20150826,6.0156,6.2027,6.0146,6.2027,1238,0
20150827,6.0893,6.1862,5.876,5.9904,6901,0
20150828,5.9904,6.0679,5.9157,6.0679,3718,0
20150901,5.9186,5.9642,5.9147,5.9642,5848,0
20150902,6.0117,6.0117,6.0117,6.0117,516,0
20150903,5.9157,6.1048,5.9157,6.1048,516,0
20150908,6.1271,6.1281,6.1087,6.1087,2939,0
20150909,6.1087,6.1087,6.1077,6.1087,8719,0
20150910,6.099,6.099,6.099,6.099,184,0
20150914,6.1077,6.1077,6.0796,6.0796,717,0
20150915,6.0495,6.0495,6.0175,6.0175,2491,0
20150916,6.1067,6.1067,5.9729,5.9729,3146,0
20150917,6.0495,6.0505,6.0495,6.0505,2248,0
20150918,6.0699,6.1087,6.0505,6.0505,3559,0
20150921,6.0602,6.0602,6.0602,6.0602,1031,0
20150922,5.9836,5.9933,5.9836,5.9836,2208,0
20150923,5.9826,6.1077,5.9826,6.1077,413,0
20150924,6.1087,6.1087,6.1087,6.1087,516,0
20150925,6.0592,6.0602,5.9652,5.9652,3873,0
20150928,5.9642,6.0602,5.8178,5.9322,20604,0
20150929,5.8071,5.8081,5.8052,5.8081,2109,0
20150930,5.8081,5.8178,5.4891,5.49,30905,0
20151001,5.8459,5.9138,5.7693,5.8081,9003,0
20151002,5.7101,6.0311,5.5046,5.876,11361,0
20151005,6.002,6.002,5.7994,5.9147,1909,0
20151006,5.9147,5.9147,5.9138,5.9138,1330,0
20151007,5.8178,5.9623,5.8178,5.9623,1423,0
20151008,5.8187,5.9419,5.8187,5.9419,2186,0
20151009,5.8663,6.0146,5.8566,6.0146,4125,0
20151012,6.0592,6.0592,5.9632,5.9632,783,0
20151014,5.8672,6.0001,5.8663,6.0001,1650,0
20151015,5.9623,5.9623,5.8953,5.8953,894,0
20151016,5.9147,5.9613,5.8566,5.9147,3827,0
20151019,5.9632,5.9632,5.9632,5.9632,448,0
20151020,5.9632,5.8585,5.8585,5.8585,464,0
20151021,5.9632,6.1087,5.9632,6.1077,6130,0
20151022,6.1067,6.2793,5.9244,6.2793,25942,0
20151023,6.2822,6.2822,6.2347,6.2347,5902,0
20151026,6.3026,6.4277,6.2173,6.4277,6999,0
20151027,6.448,6.4771,6.4189,6.448,8183,0
20151028,6.482,6.5935,6.3996,6.4383,14475,0
20151029,6.4868,6.4868,6.3608,6.3724,6011,0
20151030,6.3705,6.5353,6.3705,6.5353,6073,0
20151102,6.5644,6.5828,6.5644,6.5828,9307,0
20151103,6.642,6.642,6.5838,6.5935,5401,0
20151104,6.5741,6.5741,6.4189,6.4771,2690,0
20151105,6.5741,6.5741,6.4965,6.4965,8545,0
20151106,6.5343,6.5353,6.3026,6.3026,12682,0
20151109,6.4577,6.4762,6.322,6.4762,6358,0
20151110,6.4965,6.4965,6.3055,6.3055,5253,0
20151111,6.3074,6.5343,6.3074,6.5343,2796,0
20151112,6.5343,6.5343,6.4965,6.4965,1055,0
20151113,6.3511,6.4955,6.3511,6.4955,2094,0
20151116,6.3026,6.4946,6.3026,6.4199,5930,0
20151117,6.4383,6.4383,6.4383,6.4383,413,0
20151119,6.5062,6.5159,6.3045,6.3996,4987,0
20151120,6.4965,6.5353,6.3996,6.4965,4451,0
20151123,6.5528,6.5537,6.4286,6.5256,6760,0
20151124,6.5343,6.5353,6.5343,6.5353,2236,0
20151126,6.4286,6.5062,6.4286,6.4771,9182,0
20151127,6.5925,6.5935,6.544,6.545,413,0
20151130,6.545,6.545,6.545,6.545,3128,0
20151201,6.5644,6.5935,6.5353,6.5935,3880,0
20151202,6.5838,6.5935,6.545,6.545,4464,0
20151203,6.5741,6.5741,6.5741,6.5741,2109,0
20151204,6.6807,6.6807,6.4985,6.4985,4771,0
20151207,6.6904,6.7001,6.5169,6.6856,5524,0
20151208,6.5673,6.5673,6.5673,6.5673,1238,0
20151209,6.6507,6.6507,6.6507,6.6507,10,0
20151210,6.5227,6.6507,6.5227,6.5935,2926,0
20151211,6.513,6.5178,6.5082,6.5178,1138,0
20151214,6.4965,6.6594,6.4306,6.4306,5505,0
20151215,6.4335,6.4965,6.4335,6.4965,2544,0
20151217,6.5867,6.5877,6.5867,6.5877,1039,0
20151221,6.545,6.6904,6.545,6.545,6691,0
20151222,6.546,6.546,6.545,6.545,145,0
20151223,6.546,6.6119,6.546,6.546,1324,0
20151228,6.4965,6.6119,6.4286,6.448,15843,0
20151229,6.4965,6.4965,6.4917,6.4965,2149,0
20151230,6.6129,6.6904,6.546,6.546,8551,0
20160104,6.7573,6.7573,6.5954,6.6332,6698,0
20160105,6.6216,6.7855,6.5935,6.7486,12500,0
20160106,6.6904,6.7283,6.6526,6.6526,5074,0
20160107,6.6526,6.6526,6.194,6.545,19257,0
20160108,6.5945,6.7389,6.4975,6.6904,6895,0
20160111,6.7767,6.7874,6.7186,6.7205,7575,0
20160112,6.6924,6.7767,6.6904,6.6934,2056,0
20160113,6.7089,6.7777,6.6914,6.6914,2574,0
20160114,6.6904,6.6904,6.4005,6.4005,9922,0
20160115,6.4093,6.5372,6.0127,6.2396,15938,0
20160118,6.1862,6.195,6.0573,6.195,2490,0
20160119,6.3026,6.3996,6.2056,6.3996,8770,0
20160120,6.2541,6.384,6.1639,6.2531,3305,0
20160121,6.4383,6.737,6.4219,6.7283,10267,0
20160122,6.7302,6.9658,6.7302,6.9329,28062,0
20160125,6.9329,7.3498,6.8068,7.2431,74482,0
20160126,7.1559,7.407,7.1559,7.407,11742,0
20160127,7.408,7.5146,7.342,7.4225,14929,0
20160128,7.3983,7.5166,7.0783,7.1006,22313,0
20160129,7.2625,7.2625,7.1074,7.2276,4742,0
20160201,7.2819,7.63,7.2819,7.5427,39863,0
20160202,7.3798,7.4371,7.2819,7.3789,15415,0
20160203,7.4196,7.4196,6.8582,7.0298,23655,0
20160204,7.1753,7.2344,6.8844,7.1258,23434,0
20160205,7.1268,7.2674,7.0783,7.2237,7472,0
20160208,7.2519,7.2528,6.7389,6.7389,26009,0
20160209,6.7874,7.0298,6.5935,6.8359,30659,0
20160210,6.7884,7.1268,6.7108,7.0133,9521,0
20160211,6.992,6.992,6.8475,6.8475,6167,0
20160212,6.9833,7.153,6.896,7.0259,5853,0
20160215,7.1656,7.4167,7.1656,7.3692,10548,0
20160216,7.4661,7.6795,7.2732,7.5331,26750,0
20160217,7.5146,7.9025,7.5137,7.8831,48863,0
20160218,7.95,7.9994,7.757,7.8453,18018,0
20160219,7.6698,7.7958,7.4574,7.7415,14530,0
20160222,7.7086,7.9994,7.7086,7.854,8846,0
20160223,7.7764,8.0043,7.7764,8.0043,4197,0
20160224,8.0479,8.0479,7.3517,7.4186,44600,0
20160225,7.6213,7.8821,7.5631,7.8637,32253,0
20160226,7.9025,7.9219,7.7871,7.8521,11721,0
20160229,7.854,7.854,7.7435,7.854,9545,0
20160301,7.981,8.4106,7.9354,8.3388,25905,0
20160302,8.3466,8.3466,8.2244,8.3378,15259,0
20160303,8.2903,8.3398,8.1934,8.2225,8279,0
20160304,8.2806,8.3485,8.1943,8.27,7954,0
20160307,8.2806,8.5066,8.2806,8.5066,7859,0
20160308,8.5192,8.588,8.4077,8.4358,7540,0
20160309,8.3194,8.4135,8.3097,8.3388,9808,0
20160310,8.2564,8.5803,8.2564,8.3679,13021,0
20160311,8.5133,8.5327,8.3388,8.3417,16288,0
20160314,8.3582,8.6976,8.3126,8.6646,16685,0
20160315,8.6588,9.2124,8.6588,9.1068,39404,0
20160316,9.0951,9.4054,9.0951,9.2813,25449,0
20160317,9.4733,9.4733,8.9419,9.036,20728,0
20160318,9.0079,9.1048,8.8236,8.8275,14168,0
20160321,8.9691,9.4044,8.9594,9.2503,18223,0
20160322,9.3424,9.3472,9.2115,9.3375,8143,0
20160323,9.3375,9.449,9.2755,9.3278,7899,0
20160324,9.3084,9.3084,9.2115,9.26,7212,0
20160329,9.3084,9.536,9.2958,9.536,9462,0
20160330,9.536,9.813,9.536,9.557,17478,0
20160331,9.689,9.793,9.689,9.793,5720,0
20160401,9.842,9.842,9.2309,9.503,27698,0
20160404,9.634,9.89,9.599,9.706,21199,0
20160405,9.696,9.696,9.502,9.502,6608,0
20160406,9.523,9.595,9.4597,9.585,3747,0
20160407,9.677,9.677,9.599,9.609,3227,0
20160408,9.648,9.648,9.541,9.541,6097,0
20160411,9.599,9.745,9.599,9.74,10906,0
20160412,9.837,9.837,9.609,9.609,5959,0
20160413,9.599,9.599,9.556,9.556,4278,0
20160414,9.57,9.599,9.4238,9.4238,12837,0
20160415,9.483,9.881,9.2987,9.578,47389,0
20160418,9.65,9.85,9.325,9.487,21077,0
20160419,9.59,9.59,8.79,9.05,40088,0
20160420,8.88,8.908,8.37,8.643,47025,0
20160421,8.692,8.96,8.65,8.735,18394,0
20160422,8.829,8.855,8.503,8.686,9682,0
20160425,8.805,8.805,8.42,8.45,10022,0
20160426,8.5,8.5,8.45,8.497,1233,0
20160427,8.5,8.999,8.5,8.999,12930,0
20160428,9.01,9.29,9.01,9.29,5719,0
20160429,9.29,9.44,9.265,9.266,4725,0
20160502,9.3,9.4,9.3,9.4,2931,0
20160503,9.3,9.3,9.05,9.218,8503,0
20160504,9.124,9.299,9.101,9.299,1809,0
20160505,9.172,9.273,9.172,9.173,575,0
20160506,9.28,9.28,9.153,9.153,1003,0
20160509,9.163,9.295,9.163,9.285,3028,0
20160510,9.317,9.334,9.2,9.22,6823,0
20160511,9.19,9.24,9.093,9.24,2206,0
20160512,9.12,9.299,9,9,4313,0
20160513,8.99,9.054,8.99,9.054,1871,0
20160517,9.2,9.35,9.2,9.255,5999,0
20160518,9.15,9.312,9.15,9.24,5426,0
20160519,9.25,9.284,9.1,9.132,4847,0
20160520,9.258,9.323,9.145,9.18,1743,0
20160523,9.146,9.303,9.13,9.259,2933,0
20160524,9.201,9.201,9.093,9.093,3888,0
20160525,9.218,9.242,9.15,9.15,2400,0
20160526,9.2,9.2,9.2,9.2,216,0
20160527,9.073,9.091,9.021,9.038,3331,0
20160530,9.033,9.078,9.031,9.033,4346,0
20160531,9.156,9.407,9.147,9.3,20117,0
20160601,9.35,9.469,9.324,9.467,4783,0
20160602,9.337,9.45,9.251,9.33,2567,0
20160603,9.315,9.315,9.071,9.31,4104,0
20160606,9.299,9.3,9.299,9.3,282,0
20160607,9.299,9.72,9.299,9.568,19158,0
20160608,9.699,9.9,9.674,9.674,12761,0
20160609,9.806,9.806,9.7,9.759,2792,0
20160610,9.77,9.809,9.311,9.5,9055,0
20160613,9.4,9.4,8.732,8.94,20463,0
20160614,8.999,8.999,8.52,8.849,11539,0
20160615,8.727,9.032,8.727,8.998,4372,0
20160616,9.05,9.05,8.664,8.8,5311,0
20160617,8.849,8.884,8.752,8.884,2661,0
20160620,9.48,9.48,9.063,9.09,6932,0
20160621,9.013,9.144,9.013,9.05,2024,0
20160622,9.05,9.174,9.031,9.031,428,0
20160623,9.031,9.249,8.978,9.235,5297,0
20160624,8.4,9.301,8.35,8.98,28145,0
20160627,9,9.262,8.802,8.802,6138,0
20160628,8.995,9.12,8.83,9.022,5352,0
20160629,9.219,9.597,9.219,9.57,12194,0
20160630,8.9,9.001,8.75,9.001,13220,0
20160701,8.98,9.117,8.877,9.002,5392,0
20160704,9,9.041,8.66,8.66,12545,0
20160705,8.8,8.898,8.799,8.89,3315,0
20160706,8.818,8.819,8.664,8.664,1404,0
20160707,8.66,8.892,8.655,8.758,2024,0
20160708,8.707,8.707,8.643,8.643,1629,0
20160711,8.695,8.766,8.695,8.766,2708,0
20160712,8.839,8.84,8.711,8.743,2743,0
20160713,8.863,9.28,8.863,9.079,10097,0
20160714,9.189,9.189,8.772,8.799,9598,0
20160715,8.9,8.919,8.65,8.805,2648,0
20160718,9,9.187,8.98,9.094,2368,0
20160719,9,9.002,8.921,9.002,1266,0
20160720,9.1,9.124,9.006,9.103,3846,0
20160721,9.017,9.017,8.985,9,2253,0
20160722,9.001,9.077,8.98,8.98,1175,0
20160725,8.98,8.98,8.979,8.979,257,0
20160726,9.064,9.064,8.836,8.836,2298,0
20160727,8.9,8.9,8.8,8.8,1212,0
20160728,8.92,9.04,8.822,8.85,5932,0
20160729,8.972,9.05,8.822,9.05,3373,0
20160801,9.05,9.074,8.902,8.902,2879,0
20160802,8.9,9.023,8.85,8.85,1577,0
20160803,8.8,8.871,8.73,8.798,4159,0
20160804,8.774,8.874,8.752,8.752,2829,0
20160805,8.82,8.926,8.82,8.926,4886,0
20160808,9.049,9.3,8.999,9.23,10550,0
20160809,9.24,9.24,9.103,9.105,8290,0
20160810,9.228,9.4,9.125,9.381,13013,0
20160811,9.35,9.479,9.35,9.479,2776,0
20160812,9.489,9.7,9.489,9.7,9278,0
20160815,9.949,10,9.815,10,6569,0
20160816,9.99,10.075,9.85,9.95,22577,0
20160817,9.975,9.975,9.7,9.854,15183,0
20160818,9.98,10.08,9.9,10,15201,0
20160819,10.01,10.05,9.95,10.02,12841,0
20160822,10,10.2,9.95,10.2,13091,0
20160823,10.25,10.575,9.9,10.01,59182,0
20160824,10.1,10.1,9.62,9.672,22187,0
20160825,9.87,10.2,9.87,10.2,20634,0
20160826,10,10.25,10,10.2,8369,0
20160829,10.2,10.2,9.72,9.89,30131,0
20160830,9.944,10.2,9.8,10.165,17812,0
20160831,10.19,10.2,10.175,10.195,7859,0
20160901,10.2,10.2,10.115,10.2,12608,0
20160902,10.2,10.2,10.195,10.2,5236,0
20160905,10.2,10.25,10.105,10.2,15061,0
20160906,10.24,10.27,10.1,10.1,6658,0
20160907,10.235,10.235,9.981,10.1,12661,0
20160908,10.15,10.21,10.1,10.21,14833,0
20160909,10.22,10.22,10.08,10.22,5038,0
20160912,10.185,10.185,9.916,10.13,6199,0
20160913,10.17,10.185,10.085,10.185,3780,0
20160914,10.2,10.2,10.1,10.175,4092,0
20160915,10.195,10.195,9.85,9.9,28712,0
20160916,10.035,10.06,9.801,10.06,7543,0
20160919,10.195,10.6,10.095,10.6,34927,0
20160920,10.6,11.195,10.505,10.89,36797,0
20160921,10.92,11.25,10.92,11.125,14415,0
20160922,11.275,11.665,11.24,11.665,38300,0
20160923,11.75,12.25,11.58,12,34412,0
20160926,12.165,12.165,11.95,12.04,16449,0
20160927,12.205,12.6,12.11,12.6,16229,0
20160928,13,13.41,12.765,13.3,50777,0
20160929,13.7,13.8,12.4,13,62786,0
20160930,13,13.7,12.99,13.53,34959,0
20161004,13.5,13.5,13.125,13.335,18772,0
20161005,13.05,13.09,12.515,12.67,41774,0
20161006,12.865,12.865,11.6,11.75,55677,0
20161007,11.675,12.425,11.56,12.08,27237,0
20161010,12.035,12.685,12.035,12.64,10670,0
20161011,12.7,12.7,12.5,12.58,12684,0
20161012,12.55,12.68,12.55,12.55,4283,0
20161013,12.5,13.19,12.3,13.08,24579,0
20161014,13.08,13.25,12.8,12.985,14798,0
20161017,12.98,13.415,12.955,13.415,23123,0
20161018,13.35,13.415,13.165,13.415,5215,0
20161019,13.415,13.5,13.265,13.5,13993,0
20161020,13.495,13.495,13.2,13.495,11162,0
20161021,13.22,13.8,13.22,13.785,40637,0
20161024,13.785,13.8,13.555,13.755,5782,0
20161025,13.695,13.7,13.56,13.65,7003,0
20161026,13.3,13.305,12.775,13.21,15836,0
20161027,13.1,13.7,12.91,13.7,14066,0
20161028,13.7,13.7,13.505,13.635,1602,0
20161031,13.56,13.7,13.485,13.7,10399,0
20161101,13.7,13.7,13.4,13.7,6771,0
20161102,13.79,13.79,12.97,13.25,17074,0
20161103,13.1,13.27,12.805,12.82,17081,0
20161104,12.81,12.81,12.12,12.185,18688,0
20161107,12.3,12.44,12.02,12.32,32237,0
20161108,12.4,12.95,12.4,12.94,12483,0
20161109,11.95,12.785,11.95,12.48,31033,0
20161110,12.795,12.92,12.545,12.695,14848,0
20161111,12.935,13.46,12.63,13.4,18398,0
20161114,13.5,13.5,13,13,13051,0
20161115,13.11,13.11,12.55,12.555,11360,0
20161116,12.795,13.25,12.75,13.085,18381,0
20161117,13.25,13.25,12.855,12.94,3491,0
20161118,12.995,13.135,12.695,13.135,11420,0
20161121,12.97,13.285,12.965,13.28,9584,0
20161122,13.3,13.8,13.245,13.45,29310,0
20161123,13.705,13.705,13.1,13.2,8079,0
20161124,13.4,13.45,12.99,12.99,3136,0
20161125,12.99,12.99,12.67,12.8,16320,0
20161128,12.77,12.825,12.565,12.6,5943,0
20161129,12.65,12.65,12.545,12.565,5986,0
20161130,12.65,12.65,12.59,12.59,5700,0
20161201,12.59,12.82,12.58,12.58,5497,0
20161202,12.545,12.745,12.115,12.37,38766,0
20161205,12.14,12.84,12.14,12.765,8382,0
20161206,12.6,12.985,12.6,12.955,3266,0
20161207,12.64,12.97,12.64,12.895,5369,0
20161208,12.895,13.15,12.855,13.15,7199,0
20161209,12.97,14.1,12.97,14.1,36106,0
20161212,14.39,14.78,13.285,13.54,41734,0
20161213,13.7,13.825,13.185,13.27,21894,0
20161214,13.515,14.25,13.5,14.25,18507,0
20161215,13.96,14.45,13.72,14.2,22738,0
20161216,13.955,14.375,13.955,14.375,12323,0
20161219,14.4,14.475,14.11,14.395,13966,0
20161220,14.135,14.48,13.785,14.245,6861,0
20161221,14.275,14.275,13.6,13.925,6923,0
20161222,13.8,13.8,13.4,13.43,15051,0
20161223,13.65,14.395,13.435,14.395,29818,0
20161227,14.43,14.845,14.12,14.845,21940,0
20161228,14.565,15,14.565,14.97,15779,0
20161229,14.71,15,14.705,15,12596,0
20161230,14.815,15,14.815,14.885,5368,0
20170102,15,15,14.85,14.95,7007,0
20170103,14.92,15.88,14.905,15.74,20528,0
20170104,15.84,16.3,15.73,16.04,23427,0
20170105,16.04,16.8,16.04,16.5,34310,0
20170106,16.785,16.785,16.2,16.26,18888,0
20170109,16.5,17.25,16.42,17.165,42856,0
20170110,17.36,18.395,17.03,18.3,67558,0
20170111,18.635,18.685,17.205,17.835,73319,0
20170112,17.71,17.96,16.805,17.05,44952,0
20170113,16.82,17.89,16.82,17.89,26159,0
20170116,17.89,17.9,17.385,17.825,40209,0
20170117,17.89,17.89,17.06,17.1,38771,0
20170118,17.06,17.39,16.11,16.195,48024,0
20170119,15.945,16.75,15.9,16.49,22218,0
20170120,16.65,17.2,16.35,17.2,22812,0
20170123,17.3,17.48,16.8,17,17467,0
20170124,16.8,16.96,16.35,16.66,21268,0
20170125,16.97,17.44,16.71,17.175,22992,0
20170126,17.205,17.735,17.18,17.735,16091,0
20170127,17.67,17.9,17.48,17.705,39928,0
20170130,17.75,17.75,16.81,16.96,29564,0
20170131,17.28,17.28,16.38,16.38,22835,0
20170201,16.3,16.945,16.07,16.635,15004,0
20170202,16.8,16.8,16.5,16.685,10945,0
20170203,16.5,16.765,16.5,16.68,10879,0
20170206,16.68,16.68,16.11,16.4,29462,0
20170207,16.21,16.595,16.21,16.42,12149,0
20170208,16.3,16.3,14.9,15.225,85086,0
20170209,14.94,15.38,14.6,14.7,50895,0
20170210,14.51,15.77,14.505,15.61,30270,0
20170213,15.81,15.81,14.85,15.06,31236,0
20170214,14.88,15.28,14.56,15.05,26522,0
20170215,15.2,15.485,15.1,15.18,23809,0
20170216,15.215,15.47,15.11,15.265,8055,0
20170217,15.4,15.4,15.2,15.3,8846,0
20170220,15.5,15.5,15,15.295,12425,0
20170221,15.16,15.295,15.03,15.1,8163,0
20170222,15.1,15.2,14.965,14.965,12449,0
20170223,14.95,15.02,14.295,14.41,34000,0
20170224,14.25,14.5,14.01,14.28,18265,0
20170227,14.02,14.89,13.95,14.89,35427,0
20170228,14.885,15.365,14.78,15.365,15171,0
20170301,15.5,15.87,15.365,15.755,22621,0
20170302,15.71,15.995,15.535,15.535,17474,0
20170303,15.395,15.78,15.365,15.45,6765,0
20170306,15.4,15.73,15.34,15.555,8327,0
20170307,15.525,15.92,15.49,15.915,11820,0
20170308,15.615,16.475,15.615,16.21,17586,0
20170309,16.5,16.8,16.325,16.51,28237,0
20170310,16.48,16.72,16,16,6960,0
20170313,16,16.255,15.92,16.05,7255,0
20170314,16.03,16.345,16.03,16.285,13562,0
20170315,16.345,16.725,16.22,16.72,7308,0
20170316,16.87,16.87,16.55,16.72,8801,0
20170317,16.565,16.65,16.26,16.41,14867,0
20170320,16.4,16.75,16.32,16.75,8476,0
20170321,16.595,16.6,16.255,16.385,18432,0
20170322,16.03,16.09,15.585,16.055,12207,0
20170323,16.235,17.09,16.175,17,31226,0
