Date,Open,High,Low,Close,Volume,OpenInt
20090407,4.226,4.226,4.226,4.226,4547,0
20090709,4.266,4.398,4.266,4.398,1171,0
20090715,4.266,4.31,4.266,4.31,318,0
20090731,4.266,4.398,4.266,4.398,1193,0
20090806,4.266,4.398,4.266,4.398,341,0
20090811,4.266,4.442,4.266,4.442,4547,0
20090819,4.266,4.266,4.2,4.2,1227,0
20090911,4.244,4.244,4.244,4.244,795,0
20090914,4.244,4.31,4.244,4.31,2728,0
20091005,4.508,4.508,4.442,4.464,56,0
20091006,4.53,4.53,4.442,4.442,568,0
20091201,4.182,4.244,4.182,4.244,1819,0
20091221,4.121,4.182,4.121,4.182,1421,0
20100107,4.124,4.187,4.124,4.134,1403,0
20100108,4.145,4.288,4.145,4.288,682,0
20100211,4.31,4.354,4.31,4.354,568,0
20100212,4.31,5.057,4.31,5.057,3676,0
20100219,5.009,5.497,4.727,5.497,909,0
20100222,5.444,5.497,5.444,5.497,1898,0
20100225,4.934,5.708,4.727,5.708,2112,0
20100301,5.651,5.708,5.651,5.708,125,0
20100304,5.708,5.708,4.402,4.402,2273,0
20100305,5.629,5.761,4.402,5.761,2119,0
20100308,5.761,5.761,5.717,5.717,109,0
20100309,5.704,5.761,5.704,5.761,1937,0
20100315,5.704,5.761,5.704,5.717,1769,0
20100319,5.66,5.717,5.66,5.717,682,0
20100323,5.66,5.717,5.66,5.717,3774,0
20100324,5.66,5.66,4.398,4.398,1364,0
20100325,4.398,4.398,4.398,4.398,523,0
20100326,4.354,4.398,4.266,4.266,1614,0
20100331,4.134,5.717,3.078,5.585,31903,0
20100401,4.749,6.157,4.749,5.884,40343,0
20100406,5.884,6.651,5.884,6.552,22558,0
20100407,6.588,7.828,6.447,7.036,32181,0
20100408,6.43,6.816,6.324,6.324,4646,0
20100409,6.368,7.036,6.368,7.036,16173,0
20100412,6.306,6.905,6.306,6.532,9891,0
20100413,6.799,6.799,5.849,6.357,40670,0
20100414,6.297,6.297,5.937,5.937,26257,0
20100415,5.99,6.06,5.233,5.506,79354,0
20100416,5.664,5.937,5.497,5.937,32742,0
20100419,5.567,5.717,5.497,5.638,48187,0
20100420,5.444,5.647,5.295,5.409,69466,0
20100421,5.488,5.585,5.427,5.427,5045,0
20100422,5.4,5.453,5.383,5.383,62371,0
20100423,5.356,5.559,5.356,5.559,34447,0
20100426,5.479,5.761,5.479,5.761,7664,0
20100427,5.488,6.157,5.488,5.699,26247,0
20100428,5.576,5.805,5.418,5.805,27203,0
20100429,5.365,6.016,5.365,5.849,12374,0
20100430,5.734,5.761,5.629,5.761,27760,0
20100503,5.576,5.673,5.374,5.611,47927,0
20100504,5.585,5.638,5.321,5.321,76160,0
20100505,5.435,5.435,5.277,5.277,99928,0
20100506,5.268,5.277,5.075,5.233,31702,0
20100507,5.075,5.189,4.837,4.837,43495,0
20100510,5.092,5.365,4.925,4.978,48964,0
20100511,4.925,5.079,4.661,5.013,32699,0
20100512,4.961,5.057,4.817,4.925,27792,0
20100513,4.873,5.101,4.846,5.101,31049,0
20100514,5.048,5.063,4.925,5.013,23344,0
20100517,4.873,4.908,4.635,4.749,32649,0
20100518,4.855,4.855,4.398,4.398,34401,0
20100519,4.53,4.617,4.041,4.169,166995,0
20100520,4.125,4.274,4.046,4.107,44776,0
20100521,4.072,4.222,3.914,4.037,49371,0
20100524,4.09,4.125,3.615,3.958,28823,0
20100525,3.826,4.15,3.764,3.764,21417,0
20100526,4.107,4.107,3.632,3.905,19184,0
20100527,3.632,4.036,3.632,4.036,45382,0
20100528,3.747,3.958,3.685,3.747,50223,0
20100531,3.65,4.046,3.632,4.046,1655,0
20100601,3.615,4.151,3.615,4.002,4866,0
20100602,4.107,4.178,3.87,3.87,10971,0
20100603,4.134,4.134,3.782,3.8,9851,0
20100604,3.931,3.993,3.782,3.87,7069,0
20100607,3.764,3.826,3.738,3.791,9555,0
20100608,3.729,3.826,3.617,3.826,17921,0
20100609,3.712,3.826,3.712,3.808,5847,0
20100610,3.676,3.826,3.588,3.588,29896,0
20100611,3.659,3.694,3.544,3.65,7765,0
20100614,3.659,3.756,3.562,3.712,18870,0
20100615,3.712,3.738,3.597,3.65,18193,0
20100616,3.571,3.65,3.562,3.606,13707,0
20100617,3.571,3.668,3.518,3.641,15719,0
20100618,3.527,3.65,3.527,3.606,16749,0
20100621,3.501,3.72,3.501,3.72,18578,0
20100622,3.483,3.773,3.483,3.747,33853,0
20100623,3.668,3.861,3.606,3.791,30615,0
20100624,3.597,3.825,3.597,3.791,14349,0
20100625,3.791,3.817,3.685,3.808,7418,0
20100628,3.65,3.851,3.65,3.694,30647,0
20100629,3.668,3.87,3.668,3.782,27534,0
20100630,3.668,3.852,3.668,3.835,10875,0
20100701,3.676,3.773,3.653,3.773,11650,0
20100702,3.668,3.817,3.651,3.668,16994,0
20100705,3.659,3.782,3.559,3.782,12020,0
20100706,3.527,3.772,3.527,3.548,17426,0
20100707,3.509,3.772,3.509,3.738,35230,0
20100708,3.553,3.826,3.553,3.782,26153,0
20100709,3.588,3.914,3.588,3.861,11745,0
20100712,3.826,4.134,3.8,4.134,6240,0
20100713,3.764,4.143,3.764,4.002,17466,0
20100714,3.975,4.107,3.887,4.002,12751,0
20100715,3.852,4.046,3.852,4.002,30106,0
20100716,3.852,4.011,3.852,3.958,41067,0
20100719,3.844,4.222,3.826,4.222,11848,0
20100720,4.178,4.178,3.87,3.967,2106,0
20100721,3.835,3.967,3.835,3.958,4694,0
20100722,3.835,3.984,3.826,3.958,8591,0
20100723,3.808,4.046,3.808,4.046,12961,0
20100726,3.808,4.134,3.808,4.019,4347,0
20100727,3.896,4.134,3.896,4.099,16705,0
20100728,3.993,4.222,3.984,4.134,19250,0
20100729,4.09,4.486,4.015,4.165,20253,0
20100730,4.046,4.318,4.046,4.134,12545,0
20100802,4.248,4.257,3.975,3.975,11873,0
20100803,4.16,4.222,3.87,4.09,47624,0
20100804,3.835,4.222,3.835,4.121,11266,0
20100805,3.931,4.099,3.931,4.046,29788,0
20100806,4.002,4.125,3.931,4.063,6629,0
20100809,3.896,4.178,3.896,4.055,7058,0
20100810,3.914,4.178,3.879,4.063,15772,0
20100811,3.905,4.134,3.905,4.09,11735,0
20100812,4.09,4.134,3.914,4.134,12738,0
20100813,4.002,4.389,3.914,4.072,22921,0
20100816,4.028,4.046,3.914,3.94,31676,0
20100817,3.879,4.028,3.808,4.002,39390,0
20100818,3.923,4.134,3.884,4.063,64180,0
20100819,4.019,4.09,4.002,4.081,36954,0
20100820,4.028,4.134,3.967,4.055,40820,0
20100823,4.09,4.134,3.94,4.046,71086,0
20100824,3.905,4.204,3.87,4.046,56604,0
20100825,4.037,4.107,3.931,4.047,47559,0
20100826,3.896,4.486,3.896,4.288,75569,0
20100827,4.002,4.538,4.002,4.442,150455,0
20100830,4.125,4.486,4.125,4.433,85486,0
20100831,4.354,4.398,4.055,4.398,53003,0
20100901,4.178,4.398,4.137,4.266,41628,0
20100902,4.257,4.266,4.143,4.266,43124,0
20100903,4.195,4.266,4.047,4.266,28442,0
20100906,4.099,4.266,4.099,4.266,7964,0
20100907,4.099,4.266,4.099,4.243,30357,0
20100908,4.195,4.45,4.134,4.433,37269,0
20100909,4.406,5.057,4.31,4.661,66415,0
20100910,4.574,4.881,4.574,4.749,91929,0
20100913,4.574,4.661,4.274,4.485,120067,0
20100914,4.574,5.585,4.389,5.585,84315,0
20100915,5.532,5.541,4.837,5.216,113115,0
20100916,5.4,5.629,5.198,5.498,88279,0
20100917,5.488,6.051,5.453,5.584,209271,0
20100920,5.532,5.629,5.198,5.329,34167,0
20100921,5.145,5.277,5.013,5.268,29198,0
20100922,5.216,5.216,4.758,5.013,34188,0
20100923,4.89,5.013,4.837,4.943,18132,0
20100924,4.855,5.233,4.837,4.969,69613,0
20100927,5.013,5.057,4.846,4.943,23917,0
20100928,4.899,5.145,4.749,5.101,176752,0
20100929,5.004,5.189,5.004,5.163,48575,0
20100930,5.048,5.347,5.048,5.231,67770,0
20101001,5.18,5.418,5.163,5.365,50861,0
20101004,5.312,5.321,5.163,5.268,19925,0
20101005,5.198,5.347,5.154,5.339,70400,0
20101006,5.242,5.717,5.242,5.471,70782,0
20101007,5.418,5.779,5.321,5.453,36041,0
20101008,5.4,5.717,5.321,5.611,59806,0
20101011,5.488,5.893,5.488,5.893,48184,0
20101012,5.831,6.124,5.629,5.761,104496,0
20101013,5.831,6.128,5.638,5.717,66762,0
20101014,5.664,5.849,5.453,5.849,119542,0
20101015,5.778,5.795,5.541,5.795,58504,0
20101018,5.726,5.743,5.55,5.743,91592,0
20101019,5.673,5.717,5.541,5.541,121924,0
20101020,5.541,5.673,5.498,5.585,77913,0
20101021,5.488,5.981,5.488,5.875,51156,0
20101022,5.805,5.805,5.585,5.585,125660,0
20101025,5.523,5.77,5.523,5.732,252129,0
20101026,5.673,6.157,5.673,5.807,165058,0
20101027,5.743,5.892,5.585,5.629,150220,0
20101028,5.55,5.849,5.55,5.785,125378,0
20101029,5.734,5.946,5.629,5.796,108109,0
20101101,5.567,5.699,5.541,5.585,290444,0
20101102,5.532,5.683,5.497,5.589,104969,0
20101103,5.471,5.585,5.471,5.585,58045,0
20101104,5.479,5.717,5.479,5.629,106213,0
20101105,5.611,5.699,5.506,5.673,73879,0
20101108,5.532,5.647,5.489,5.541,69428,0
20101109,5.515,5.579,5.365,5.494,90642,0
20101110,5.435,5.479,5.189,5.365,73331,0
20101111,5.304,5.418,5.172,5.26,38615,0
20101112,5.136,5.365,5.136,5.355,31286,0
20101115,5.224,5.655,5.092,5.409,157400,0
20101116,5.347,5.462,5.321,5.383,95547,0
20101117,5.304,5.488,5.295,5.356,62704,0
20101118,5.347,5.435,5.277,5.435,33283,0
20101119,5.304,5.409,5.286,5.383,61067,0
20101122,5.347,5.497,5.19,5.356,51480,0
20101123,5.312,5.365,5.233,5.274,41814,0
20101124,5.172,5.277,5.172,5.255,36625,0
20101125,5.119,5.282,5.119,5.282,16230,0
20101126,5.172,5.532,5.154,5.304,113769,0
20101129,5.356,5.532,5.356,5.497,152816,0
20101130,5.435,5.541,5.33,5.483,90436,0
20101201,5.347,5.937,5.347,5.919,160975,0
20101202,5.849,6.157,5.691,6.157,143865,0
20101203,5.998,6.319,5.998,6.289,174454,0
20101206,6.086,6.377,6.086,6.377,87743,0
20101207,6.306,6.333,6.003,6.003,121522,0
20101208,5.937,6.243,5.937,6.157,99749,0
20101209,6.086,6.262,6.051,6.157,46067,0
20101210,6.086,6.338,6.086,6.158,75179,0
20101213,6.157,6.333,6.078,6.306,197990,0
20101214,6.333,6.333,6.209,6.324,93863,0
20101215,6.253,6.289,6.157,6.157,115520,0
20101216,6.086,6.28,6.086,6.161,45216,0
20101217,6.086,6.221,6.086,6.157,45147,0
20101220,6.297,6.306,6.158,6.273,73074,0
20101221,6.333,6.333,6.183,6.183,43184,0
20101222,6.144,6.333,5.242,5.814,498625,0
20101223,5.91,6.174,5.849,6.091,280348,0
20101227,6.157,6.157,5.959,5.981,153760,0
20101228,6.157,6.157,5.981,6.056,149542,0
20101229,5.998,6.069,5.937,6.025,75252,0
20101230,5.954,6.139,5.954,6.11,50719,0
20110103,6.042,6.245,5.91,5.981,195844,0
20110104,5.91,6.421,5.91,6.421,277610,0
20110105,7.12,7.12,6.67,6.88,207604,0
20110106,6.8,7.107,6.8,7.07,210880,0
20110107,7.03,7.264,6.94,7.1,216905,0
20110110,7.02,7.1,6.85,6.85,89609,0
20110111,6.77,7.062,6.77,7.03,118336,0
20110112,6.95,6.989,6.77,6.989,104446,0
20110113,6.91,7,6.77,6.89,152224,0
20110114,6.81,6.96,6.77,6.89,236075,0
20110117,6.81,6.91,6.8,6.828,174623,0
20110118,6.8,6.972,6.8,6.885,112572,0
20110119,6.81,7,6.81,6.905,74870,0
20110120,6.84,7.05,6.72,6.72,97117,0
20110121,6.91,6.91,6.73,6.8,123856,0
20110124,7.15,7.15,6.75,6.83,53275,0
20110125,6.7,7,6.7,7,94811,0
20110126,6.91,7.04,6.851,6.95,150853,0
20110127,6.82,7.5,6.82,7.2,176291,0
20110128,7.1,7.4,7.09,7.386,101244,0
20110131,7.3,7.395,7.199,7.395,93892,0
20110201,7.31,7.35,7.185,7.35,96706,0
20110202,7.17,7.4,7.17,7.4,134475,0
20110203,7.79,7.79,7.293,7.4,102058,0
20110204,7.36,7.46,7.28,7.46,106265,0
20110207,7.38,7.679,7.38,7.57,105955,0
20110208,7.55,7.55,7.3,7.45,97596,0
20110209,7.33,7.63,7.33,7.477,113649,0
20110210,7.39,7.99,7.39,7.9,282071,0
20110211,7.81,8.249,7.81,8.249,156550,0
20110214,8.16,8.16,7.9,7.95,138070,0
20110215,7.96,8.049,7.91,8.049,97085,0
20110216,7.93,8.05,7.93,8.05,88800,0
20110217,7.91,8.14,7.91,8.05,123778,0
20110218,7.98,8.09,7.92,7.96,111091,0
20110221,7.87,8.05,7.73,7.93,164318,0
20110222,7.84,7.95,7.611,7.66,137885,0
20110223,7.57,7.977,7.57,7.723,162622,0
20110224,7.645,7.876,7.645,7.764,133587,0
20110225,7.68,7.943,7.644,7.936,89936,0
20110228,7.85,7.97,7.734,7.941,192250,0
20110301,7.78,7.955,7.78,7.832,73479,0
20110302,7.79,7.85,7.71,7.794,66684,0
20110303,7.72,7.85,7.714,7.76,277309,0
20110304,7.69,7.8,7.65,7.65,163477,0
20110307,7.67,7.848,7.65,7.66,113216,0
20110308,7.6,7.7,7.5,7.589,145148,0
20110309,7.5,7.879,7.4,7.879,98580,0
20110310,7.79,7.79,7.55,7.65,101996,0
20110311,7.56,7.659,7.42,7.42,121352,0
20110314,7.45,7.48,7.13,7.35,128558,0
20110315,7.12,7.182,6.8,6.93,166751,0
20110316,7.2,7.27,7.059,7.131,51127,0
20110317,7.11,7.18,6.985,7.101,39193,0
20110318,7.02,7.1,7,7.019,39299,0
20110321,6.94,7.326,6.94,7.27,101852,0
20110322,7.12,7.365,7.09,7.154,92907,0
20110323,7.07,7.174,7.05,7.07,32328,0
20110324,6.99,7.11,6.99,7.05,32782,0
20110325,6.99,7.09,6.97,7.036,131105,0
20110328,6.93,7.04,6.91,7.04,117988,0
20110329,6.9,7.45,6.9,7.203,102449,0
20110330,7.12,7.355,7.105,7.18,172231,0
20110331,7.1,7.33,7,7.294,251492,0
20110401,7.17,7.45,7.17,7.32,118245,0
20110404,7.18,7.65,7.18,7.553,231411,0
20110405,7.5,7.599,7.45,7.472,88047,0
20110406,7.41,7.948,7.41,7.59,148757,0
20110407,7.45,7.64,7.45,7.5,93045,0
20110408,7.42,7.64,7.42,7.43,98562,0
20110411,7.4,7.493,7.121,7.29,74564,0
20110412,7.22,7.469,7.185,7.281,101665,0
20110413,7.2,7.369,7.2,7.3,42446,0
20110414,7.18,7.399,7.1,7.1,86671,0
20110415,7.02,7.1,7.02,7.09,39382,0
20110418,6.97,7.32,6.97,7.04,143821,0
20110419,6.97,7.2,6.97,7.2,43271,0
20110420,7.12,7.42,7.12,7.219,128006,0
20110421,7.11,7.32,7.11,7.233,83509,0
20110426,7.09,7.3,7.001,7.05,74702,0
20110427,6.93,7.22,6.93,7.14,131006,0
20110428,7.06,7.25,6.975,7.09,244694,0
20110429,7.01,7.25,7.01,7.18,174466,0
20110502,7.07,7.45,7.07,7.17,131540,0
20110503,7.09,7.2,7.05,7.1,52753,0
20110504,7,7.15,7,7.124,46839,0
20110505,7.04,7.15,6.893,7,236523,0
20110506,6.92,7.15,6.92,7.05,179366,0
20110509,6.97,7.275,6.97,7,117850,0
20110510,6.97,7.212,6.97,7.212,94370,0
20110511,7.13,7.13,7.02,7.09,100872,0
20110512,7.02,7.1,6.886,6.886,211205,0
20110513,6.81,7,6.81,6.94,75357,0
20110516,6.85,6.978,6.85,6.957,107216,0
20110517,6.85,7.1,6.748,6.748,125892,0
20110518,6.88,6.88,6.75,6.829,122863,0
20110519,6.73,6.949,6.7,6.725,55337,0
20110520,6.73,6.89,6.473,6.473,84079,0
20110523,6.73,6.73,6.405,6.45,97980,0
20110524,6.43,6.5,6.35,6.41,82788,0
20110525,6.34,6.609,6.34,6.609,73964,0
20110526,6.53,6.709,6.35,6.5,82866,0
20110527,6.4,6.7,6.4,6.629,84119,0
20110530,6.56,6.675,6.522,6.6,12723,0
20110531,6.57,6.672,6.48,6.48,71747,0
20110601,6.41,6.6,6.261,6.35,61927,0
20110602,6.23,6.503,6.2,6.503,56556,0
20110603,6.453,6.55,6.38,6.53,58962,0
20110606,6.47,6.5,6.36,6.409,49310,0
20110607,6.42,6.42,6.259,6.39,84765,0
20110608,6.24,6.34,6.21,6.27,63306,0
20110609,6.18,6.35,6.18,6.32,30156,0
20110610,6.26,6.315,6.2,6.3,75448,0
20110613,6.156,6.268,6.15,6.22,29099,0
20110614,6.17,6.35,6.16,6.35,65848,0
20110615,6.24,6.304,6.22,6.27,82279,0
20110616,6.21,6.27,6.114,6.25,135035,0
20110617,6.15,6.15,5.731,5.864,128773,0
20110620,5.85,6,5.749,5.93,88326,0
20110621,5.84,6.146,5.84,6.096,48709,0
20110622,6.1,6.139,5.85,5.916,148906,0
20110623,5.86,5.98,5.81,5.83,101901,0
20110624,5.8,6.019,5.7,5.78,102215,0
20110627,5.701,5.75,5.495,5.62,177148,0
20110628,5.551,5.75,5.54,5.54,40533,0
20110629,5.583,5.944,5.555,5.57,73448,0
20110630,5.83,6.1,5.824,5.94,117991,0
20110701,6.14,6.15,5.93,6.14,61047,0
20110704,5.92,5.999,5.883,5.94,22984,0
20110705,5.91,6.04,5.91,5.91,30702,0
20110706,5.953,6.052,5.94,5.94,44993,0
20110707,5.93,6.083,5.92,5.92,27158,0
20110708,5.99,6.125,5.99,5.99,49161,0
20110711,6,6.1,5.982,5.99,80273,0
20110712,5.94,5.989,5.864,5.953,32843,0
20110713,5.9,6.22,5.89,5.99,76019,0
20110714,6.15,6.2,6.09,6.09,58040,0
20110715,6.1,6.497,6.08,6.26,187875,0
20110718,6.447,6.498,6.24,6.28,144539,0
20110719,6.25,6.312,6.207,6.24,55644,0
20110720,6.25,6.302,6.22,6.26,67529,0
20110721,6.25,6.37,6.234,6.28,159838,0
20110722,6.249,6.359,6.24,6.25,44057,0
20110725,6.45,6.5,6.2,6.45,26627,0
20110726,6.3,6.41,6.211,6.3,110208,0
20110727,6.23,6.35,6.05,6.22,101402,0
20110728,6.04,6.162,6,6.06,44267,0
20110729,6.02,6.15,5.934,6.02,76818,0
20110801,6.06,6.18,6,6.06,41644,0
20110802,6,6.073,5.901,5.99,103167,0
20110803,5.89,5.9,5.637,5.89,131968,0
20110804,5.79,5.93,5.772,5.79,114299,0
20110805,5.82,5.82,5.532,5.82,139255,0
20110808,5.45,5.5,5.249,5.34,164229,0
20110809,5,5.408,4.95,4.99,330657,0
20110810,5.29,5.58,5.06,5.29,141045,0
20110811,5.05,5.3,5.014,5.05,89724,0
20110812,5.15,5.578,5.042,5.12,131470,0
20110815,5.449,5.519,5.39,5.39,70784,0
20110816,5.39,5.451,5.37,5.39,124385,0
20110817,5.35,5.439,5.35,5.35,55693,0
20110818,5.36,5.42,5.345,5.39,113500,0
20110819,5.31,5.35,5.19,5.3,92517,0
20110822,5.196,5.197,5.11,5.19,70941,0
20110823,5.09,5.146,5.05,5.09,38277,0
20110824,5.061,5.1,5.02,5.04,41116,0
20110825,5.01,5.197,5.01,5.01,92097,0
20110826,5,5.1,4.748,4.98,129762,0
20110829,4.94,5.6,4.94,5.17,181934,0
20110830,5.11,5.22,4.85,4.905,134628,0
20110831,4.94,5.35,4.94,5.35,40609,0
20110901,5.4,5.4,5.1,5.299,53041,0
20110902,5.24,5.28,5.1,5.211,54931,0
20110905,5.15,5.2,5.14,5.2,36110,0
20110906,5.09,5.198,5.05,5.15,94097,0
20110907,5.02,5.099,4.997,5,104864,0
20110908,4.95,5.023,4.65,4.67,378287,0
20110909,4.62,4.99,4.59,4.676,142737,0
20110912,4.65,4.7,4.56,4.632,130131,0
20110913,4.582,4.7,4.53,4.55,110135,0
20110914,4.55,4.7,4.5,4.581,79582,0
20110915,4.6,4.799,4.6,4.733,43232,0
20110916,4.683,4.765,4.58,4.58,42219,0
20110919,4.55,4.755,4.541,4.755,70435,0
20110920,4.7,4.705,4.507,4.59,157253,0
20110921,4.72,4.72,4.41,4.466,142523,0
20110922,4.41,4.523,4.34,4.523,43458,0
20110923,4.41,4.487,4.301,4.349,84467,0
20110926,4.429,4.429,4.249,4.31,55657,0
20110927,4.26,4.55,4.25,4.55,61223,0
20110928,4.44,4.648,4.431,4.48,126238,0
20110929,4.42,4.55,4.326,4.5,126527,0
20110930,4.44,4.633,4.426,4.6,80704,0
20111003,4.5,4.51,4.308,4.359,23748,0
20111004,4.309,4.494,4.17,4.437,145137,0
20111005,4.387,4.58,4.3,4.5,121169,0
20111006,4.45,4.552,4.4,4.493,98339,0
20111007,4.443,4.499,4.356,4.475,36031,0
20111010,4.373,4.45,4.36,4.45,97679,0
20111011,4.39,4.599,4.38,4.56,402970,0
20111012,4.5,4.817,4.5,4.631,143775,0
20111013,4.59,4.7,4.495,4.621,91148,0
20111014,4.54,4.64,4.54,4.606,61507,0
20111017,4.556,4.686,4.383,4.383,171374,0
20111018,4.44,4.45,4.26,4.26,19055,0
20111019,4.27,4.45,4.26,4.4,54952,0
20111020,4.34,4.5,4.34,4.494,45610,0
20111021,4.43,4.562,4.416,4.527,32998,0
20111024,4.477,4.58,4.458,4.502,54064,0
20111025,4.53,4.68,4.45,4.45,164950,0
20111026,4.4,4.63,4.39,4.58,77455,0
20111027,4.52,4.989,4.52,4.989,114127,0
20111028,4.84,4.85,4.501,4.564,183540,0
20111031,4.54,4.614,4.5,4.6,98106,0
20111101,4.54,4.55,4.34,4.36,69013,0
20111102,4.41,4.443,4.3,4.3,60082,0
20111103,4.21,4.559,4.21,4.457,176457,0
20111104,4.4,4.618,4.393,4.61,56563,0
20111107,4.56,4.902,4.52,4.604,172767,0
20111108,4.54,4.7,4.525,4.55,81890,0
20111109,4.5,4.633,4.49,4.597,82219,0
20111110,4.547,4.627,4.54,4.571,98254,0
20111111,4.521,4.822,4.51,4.77,124191,0
20111114,4.701,4.853,4.665,4.803,124172,0
20111115,4.803,4.856,4.724,4.76,78914,0
20111116,4.71,4.886,4.7,4.876,36472,0
20111117,4.76,4.959,4.76,4.949,127422,0
20111118,4.946,4.969,4.83,4.9,110458,0
20111121,5.05,5.05,4.78,4.81,74296,0
20111122,4.76,4.962,4.76,4.923,74114,0
20111123,4.89,5,4.65,4.663,131793,0
20111124,4.72,4.75,4.64,4.7,106292,0
20111125,4.65,5,4.65,4.95,112614,0
20111128,4.982,5.045,4.65,4.75,67460,0
20111129,4.7,4.87,4.635,4.87,157485,0
20111130,4.804,5.194,4.75,5.058,605051,0
20111201,5.01,5.294,5.01,5.08,131144,0
20111202,5.04,5.292,5.04,5.27,97027,0
20111205,5.2,5.366,5.2,5.339,72793,0
20111206,5.267,5.326,5.133,5.288,64289,0
20111207,5.23,5.41,5.23,5.371,139411,0
20111208,5.33,5.393,5.124,5.22,67901,0
20111209,5.13,5.339,5.13,5.29,84162,0
20111212,5.23,5.35,5.202,5.25,48902,0
20111213,5.19,5.396,5.19,5.392,42892,0
20111214,5.31,5.392,5.271,5.386,111486,0
20111215,5.329,5.39,5.292,5.32,139774,0
20111216,5.27,5.327,5.211,5.273,166595,0
20111219,5.287,5.3,5.2,5.2,23079,0
20111220,5.144,5.32,5.144,5.259,58787,0
20111221,5.236,5.48,5.23,5.287,93336,0
20111222,5.26,5.427,5.217,5.427,41864,0
20111223,5.37,5.677,5.35,5.428,35148,0
20111227,5.38,5.4,5.021,5.1,59873,0
20111228,5.03,5.17,5.03,5.15,45841,0
20111229,5.104,5.18,5.09,5.137,20124,0
20111230,5.09,5.164,4.83,5,92189,0
20120102,5,5.09,5,5.074,7702,0
20120103,5.02,5.231,5.02,5.231,45092,0
20120104,5.17,5.38,5.154,5.38,57100,0
20120105,5.32,5.449,5.088,5.404,69197,0
20120106,5.35,5.356,5.18,5.21,84667,0
20120109,5.213,5.29,5.097,5.181,42398,0
20120110,5.14,5.3,5.14,5.246,41940,0
20120111,5.191,5.296,5.136,5.15,32020,0
20120112,5.12,5.25,5.07,5.25,40313,0
20120113,5.21,5.299,5.121,5.25,25404,0
20120116,5.18,5.234,5.13,5.18,9625,0
20120117,5.13,5.26,5.13,5.203,34119,0
20120118,5.152,5.27,5.1,5.27,38392,0
20120119,5.287,5.3,5.21,5.29,25603,0
20120120,5.19,5.266,5.176,5.2,37306,0
20120123,5.09,5.213,5.08,5.175,7963,0
20120124,5.11,5.166,5.005,5.005,36727,0
20120125,5.011,5.339,5,5.307,132703,0
20120126,5.23,5.497,5.23,5.43,141862,0
20120127,5.34,5.644,5.301,5.4,150749,0
20120130,5.33,5.41,5.3,5.392,26954,0
20120131,5.356,5.5,5.327,5.42,25140,0
20120201,5.317,5.667,5.31,5.497,53701,0
20120202,5.53,5.7,5.486,5.625,71825,0
20120203,5.581,5.65,5.43,5.52,116670,0
20120206,5.427,5.65,5.21,5.45,62435,0
20120207,5.39,5.518,5.39,5.48,35075,0
20120208,5.439,5.579,5.343,5.472,217426,0
20120209,5.47,5.84,5.47,5.757,166000,0
20120210,5.69,5.8,5.69,5.73,87005,0
20120213,5.756,6.09,5.75,5.9,90079,0
20120214,5.84,6.118,5.84,5.99,104725,0
20120215,5.958,5.98,5.88,5.916,146242,0
20120216,5.83,5.983,5.83,5.94,63768,0
20120217,5.909,5.98,5.9,5.96,104376,0
20120220,5.92,6.08,5.92,5.999,86367,0
20120221,5.94,6.09,5.94,6.036,58797,0
20120222,5.987,6.09,5.98,6.083,35007,0
20120223,6.018,6.14,6.001,6.1,82375,0
20120224,6.05,6.12,5.99,5.99,99005,0
20120227,6,6.18,5.98,5.985,88516,0
20120228,5.944,6.05,5.944,5.959,49356,0
20120229,6.143,6.2,5.953,6.05,115722,0
20120301,6.047,6.194,6.019,6.062,72246,0
20120302,6.067,6.16,6.06,6.12,77302,0
20120305,6.066,6.191,6.05,6.147,75265,0
20120306,6.09,6.191,5.99,6.115,136706,0
20120307,6.12,6.125,5.95,5.993,80060,0
20120308,5.93,6.082,5.93,6.071,73558,0
20120309,6.02,6.234,6.02,6.199,60476,0
20120312,6.147,6.358,6.14,6.198,29913,0
20120313,6.172,6.42,6.16,6.31,26485,0
20120314,6.28,6.409,6.28,6.382,77431,0
20120315,6.242,6.527,6.23,6.401,55942,0
20120316,6.33,6.569,6.33,6.569,66434,0
20120319,6.42,6.628,5.95,6.35,74002,0
20120320,6.169,6.33,5.9,6.123,64167,0
20120321,6.086,6.322,6.08,6.208,31920,0
20120322,6.154,6.234,6.084,6.201,34538,0
20120323,6.13,6.4,6.13,6.393,91358,0
20120326,6.353,6.47,6.269,6.47,67143,0
20120327,6.442,6.47,6.324,6.354,23966,0
20120328,6.297,6.341,6.28,6.331,22358,0
20120329,6.267,6.401,6.267,6.319,24141,0
20120330,6.29,6.29,5.53,6.1,499864,0
20120402,6.061,6.1,5.8,5.905,128216,0
20120403,5.806,5.94,5.79,5.871,48943,0
20120404,5.79,5.84,5.59,5.718,69160,0
20120405,5.68,5.769,5.583,5.583,41224,0
20120410,5.43,5.741,5.43,5.614,73165,0
20120411,5.5,5.683,5.5,5.654,57387,0
20120412,5.61,5.68,5.61,5.65,26625,0
20120413,5.59,5.65,5.55,5.561,120754,0
20120416,5.54,5.63,5.514,5.6,85750,0
20120417,5.556,5.65,5.54,5.62,104209,0
20120418,5.57,5.643,5.56,5.6,36850,0
20120419,5.55,5.668,5.55,5.6,34683,0
20120420,5.52,5.58,5.484,5.55,16060,0
20120423,5.47,5.52,5.34,5.421,47135,0
20120424,5.39,5.68,5.348,5.488,124891,0
20120425,5.44,5.674,5.43,5.616,39719,0
20120426,5.56,5.75,5.55,5.638,42665,0
20120427,5.56,5.786,5.56,5.757,32456,0
20120430,5.7,5.866,5.58,5.58,146661,0
20120502,5.591,5.7,5.59,5.697,47889,0
20120503,5.67,5.761,5.66,5.7,32718,0
20120504,5.63,5.765,5.62,5.736,11662,0
20120507,5.55,5.75,5.55,5.71,16327,0
20120508,5.62,5.746,5.61,5.725,9586,0
20120509,5.694,5.715,5.581,5.615,62141,0
20120510,5.57,5.634,5.497,5.497,12961,0
20120511,5.42,5.47,5.16,5.299,72491,0
20120514,5.19,5.33,5.18,5.3,21170,0
20120515,5.26,5.31,4.79,5.236,129306,0
20120516,5.04,5.26,5.03,5.109,70642,0
20120517,5.06,5.1,4.971,4.982,21603,0
20120518,4.89,4.99,4.89,4.95,39702,0
20120521,4.859,5.1,4.74,4.989,22647,0
20120522,4.91,5.027,4.91,5.01,31081,0
20120523,4.9,5,4.89,4.959,152774,0
20120524,4.947,5.008,4.9,4.9,22138,0
20120525,4.88,4.999,4.88,4.965,20549,0
20120528,4.97,4.984,4.965,4.965,4327,0
20120529,4.97,5.01,4.96,4.972,5513,0
20120530,4.95,5.049,4.94,5,56240,0
20120531,4.96,5.328,4.95,5.13,69883,0
20120601,5.07,5.151,4.96,4.96,58419,0
20120604,4.95,5.009,4.9,4.92,51821,0
20120605,4.886,4.98,4.88,4.88,7671,0
20120606,4.89,4.943,4.836,4.896,8146,0
20120607,4.87,4.95,4.85,4.85,17377,0
20120608,4.83,4.938,4.82,4.89,5973,0
20120611,4.89,4.99,4.865,4.95,16474,0
20120612,4.9,4.953,4.87,4.9,9312,0
20120613,4.85,4.877,4.675,4.68,23410,0
20120614,4.69,4.72,4.62,4.672,6180,0
20120615,4.68,4.89,4.63,4.65,61208,0
20120618,4.858,4.92,4.656,4.656,70174,0
20120619,4.67,4.77,4.66,4.77,32061,0
20120620,4.671,4.915,4.66,4.849,36398,0
20120621,4.78,4.88,4.78,4.88,25211,0
20120622,4.75,4.881,4.7,4.7,29060,0
20120625,4.73,4.85,4.7,4.78,30325,0
20120626,4.73,4.815,4.73,4.754,7021,0
20120627,4.72,4.785,4.7,4.711,25225,0
20120628,4.72,4.779,4.7,4.7,8893,0
20120629,4.77,4.92,4.71,4.86,47333,0
20120702,4.79,4.99,4.736,4.94,47676,0
20120703,4.95,5.146,4.95,5.049,24941,0
20120704,4.993,5.046,4.902,5.046,16433,0
20120705,4.98,5.3,4.972,5.09,27749,0
20120706,4.98,5.08,4.93,4.98,21726,0
20120709,4.932,4.96,4.9,4.943,9120,0
20120710,4.876,4.931,4.827,4.834,11848,0
20120711,4.794,5,4.78,4.93,87826,0
20120712,4.87,5.02,4.87,4.95,5341,0
20120713,4.97,5.118,4.97,5.09,19888,0
20120716,5.07,5.182,5.03,5.172,24708,0
20120717,5.07,5.146,5,5.125,19503,0
20120718,5.08,5.184,5.016,5.161,14577,0
20120719,5.08,5.2,5.02,5.075,16549,0
20120720,5.01,5.088,4.951,5.02,73784,0
20120723,4.94,5.093,4.939,5.035,35421,0
20120724,5.03,5.075,4.915,4.955,13042,0
20120725,4.89,5.07,4.86,4.93,11337,0
20120726,4.893,5.046,4.75,4.785,36525,0
20120727,4.795,4.968,4.78,4.94,46317,0
20120730,4.94,5.095,4.89,4.94,81656,0
20120731,4.89,5.319,4.831,4.85,76783,0
20120801,4.82,4.979,4.82,4.905,54313,0
20120802,4.89,4.91,4.8,4.89,37738,0
20120803,4.73,4.948,4.723,4.85,14575,0
20120806,4.73,4.81,4.7,4.79,24323,0
20120807,4.693,4.8,4.68,4.75,16899,0
20120808,4.739,4.81,4.641,4.75,108897,0
20120809,4.707,4.85,4.7,4.83,45014,0
20120810,4.75,4.91,4.75,4.85,10992,0
20120813,4.8,5,4.8,4.842,29594,0
20120814,4.84,5.04,4.81,4.904,49437,0
20120815,4.87,5.2,4.83,5.135,45411,0
20120816,5.1,5.169,4.98,5.02,35889,0
20120817,5.05,5.176,5.02,5.175,45647,0
20120820,5.14,5.24,5.112,5.17,33206,0
20120821,5.13,5.247,4.898,5.1,63106,0
20120822,5.023,5.088,4.911,4.977,11203,0
20120823,4.909,5.055,4.86,4.94,66921,0
20120824,4.864,4.996,4.84,4.91,5740,0
20120827,4.888,5.025,4.85,4.91,15847,0
20120828,4.9,4.952,4.89,4.926,7646,0
20120829,4.92,4.93,4.821,4.91,43613,0
20120830,4.848,4.94,4.762,4.78,68043,0
20120831,4.754,4.89,4.707,4.71,33033,0
20120903,4.7,4.89,4.7,4.869,5024,0
20120904,4.764,4.897,4.734,4.734,11999,0
20120905,4.71,4.853,4.6,4.787,17999,0
20120906,4.74,4.949,4.72,4.949,13665,0
20120907,4.875,4.945,4.83,4.869,11817,0
20120910,4.817,4.934,4.8,4.856,10066,0
20120911,4.817,4.93,4.77,4.93,24713,0
20120912,4.93,4.999,4.78,4.898,28470,0
20120913,4.843,4.971,4.82,4.852,30100,0
20120914,4.889,5.059,4.85,4.954,79486,0
20120917,4.87,5.06,4.87,5.05,56151,0
20120918,4.98,5.144,4.98,5.099,15888,0
20120919,5.014,5.06,4.92,4.954,41340,0
20120920,4.941,4.99,4.9,4.937,7765,0
20120921,4.912,5.025,4.912,5.025,23439,0
20120924,4.95,5.003,4.89,4.904,34172,0
20120925,4.862,4.95,4.84,4.936,10643,0
20120926,4.855,4.925,4.84,4.925,10257,0
20120927,4.877,4.994,4.86,4.89,14568,0
20120928,4.911,4.978,4.86,4.978,13547,0
20121001,4.92,4.956,4.5,4.802,38405,0
20121002,4.759,4.9,4.759,4.891,8903,0
20121003,4.813,4.92,4.767,4.876,28986,0
20121004,4.851,4.919,4.81,4.915,19314,0
20121005,4.905,5.024,4.86,5.024,30874,0
20121008,4.867,4.92,4.775,4.82,38725,0
20121009,4.814,4.82,4.71,4.733,21298,0
20121010,4.707,4.8,4.691,4.722,13501,0
20121011,4.658,4.8,4.625,4.633,14046,0
20121012,4.58,4.8,4.58,4.67,21961,0
20121015,4.65,4.713,4.6,4.682,12377,0
20121016,4.66,4.8,4.658,4.79,10817,0
20121017,4.736,4.814,4.66,4.72,10431,0
20121018,4.72,4.817,4.66,4.783,13910,0
20121019,4.755,4.898,4.7,4.783,26787,0
20121022,4.819,4.893,4.77,4.8,14389,0
20121023,4.795,4.843,4.71,4.73,13515,0
20121024,4.723,4.8,4.69,4.757,9135,0
20121025,4.73,4.859,4.64,4.859,23566,0
20121026,4.733,4.8,4.68,4.701,49127,0
20121029,4.65,4.777,4.63,4.777,4553,0
20121030,4.755,4.78,4.7,4.71,12644,0
20121031,4.69,4.731,4.596,4.635,9066,0
20121101,4.63,4.75,4.59,4.75,1719,0
20121102,4.647,4.8,4.57,4.68,2399,0
20121105,4.66,4.831,4.66,4.831,3909,0
20121106,4.811,4.888,4.68,4.849,15321,0
20121107,4.83,4.9,4.65,4.739,11860,0
20121108,4.652,4.708,4.61,4.659,10392,0
20121109,4.647,4.7,4.59,4.62,4975,0
20121112,4.55,4.67,4.487,4.576,14508,0
20121113,4.47,4.551,4.35,4.444,113260,0
20121114,4.334,4.55,4.28,4.4,18538,0
20121115,4.362,4.492,4.31,4.4,22630,0
20121116,4.329,4.415,4.29,4.32,32870,0
20121119,4.29,4.329,4.094,4.104,22071,0
20121120,4.05,4.38,4,4.242,121906,0
20121121,4.219,4.37,4.16,4.349,15103,0
20121122,4.334,4.36,4.21,4.36,720,0
20121123,4.22,4.338,4.19,4.19,7313,0
20121126,4.21,4.35,4.16,4.35,42391,0
20121127,4.331,4.35,4.24,4.309,16251,0
20121128,4.282,4.35,4.23,4.33,21049,0
20121129,4.28,4.368,4.264,4.35,55614,0
20121130,4.28,4.48,4.28,4.48,86196,0
20121203,4.42,4.5,4.17,4.17,42270,0
20121204,4.241,4.349,4.12,4.318,13144,0
20121205,4.28,4.35,4.28,4.303,39394,0
20121206,4.296,4.398,4.25,4.359,6061,0
20121207,4.3,4.38,4.3,4.349,4447,0
20121210,4.31,4.39,4.229,4.249,14349,0
20121211,4.15,4.358,4.15,4.278,16986,0
20121212,4.21,4.34,4.21,4.306,50136,0
20121213,4.256,4.37,4.24,4.329,30385,0
20121214,4.335,4.55,4.32,4.418,63203,0
20121217,4.509,4.509,4.35,4.35,87499,0
20121218,4.34,4.583,4.34,4.549,78032,0
20121219,4.528,4.901,4.5,4.732,91080,0
20121220,4.682,4.78,4.54,4.78,73798,0
20121221,4.764,4.764,4.571,4.655,11985,0
20121227,4.636,4.7,4.415,4.529,42978,0
20121228,4.488,4.693,4.47,4.691,22243,0
20130102,4.51,4.65,4.416,4.51,54965,0
20130103,4.44,4.64,4.44,4.574,30759,0
20130104,4.55,4.78,4.55,4.62,21734,0
20130107,4.56,4.709,4.56,4.632,13689,0
20130108,4.58,4.716,4.58,4.621,17516,0
20130109,4.61,4.65,4.55,4.57,21999,0
20130110,4.51,4.68,4.51,4.66,10285,0
20130111,4.631,4.7,4.521,4.53,16204,0
20130114,4.58,4.83,4.547,4.6,44415,0
20130115,4.53,4.66,4.53,4.612,17039,0
20130116,4.55,4.65,4.55,4.64,20578,0
20130117,4.614,4.656,4.45,4.55,12405,0
20130118,4.49,4.61,4.49,4.552,46289,0
20130121,4.51,4.612,4.51,4.6,10574,0
20130122,4.54,4.577,4.515,4.555,32360,0
20130123,4.5,4.565,4.5,4.556,16245,0
20130124,4.533,4.57,4.5,4.536,52265,0
20130125,4.56,4.59,4.515,4.55,28640,0
20130128,4.5,4.572,4.5,4.515,27849,0
20130129,4.46,4.545,4.46,4.498,13328,0
20130130,4.419,4.598,4.419,4.57,76500,0
20130131,4.5,4.59,4.5,4.534,34056,0
20130201,4.49,4.63,4.49,4.501,130348,0
20130204,4.48,4.523,4.47,4.487,46937,0
20130205,4.41,4.512,4.41,4.499,86435,0
20130206,4.464,4.586,4.464,4.5,154838,0
20130207,4.481,4.5,4.44,4.45,91016,0
20130208,4.4,4.453,4.39,4.39,170808,0
20130211,4.34,4.4,4.288,4.33,67159,0
20130212,4.284,4.351,4.24,4.27,141333,0
20130213,4.245,4.361,4.22,4.275,60895,0
20130214,4.249,4.503,4.22,4.41,193555,0
20130215,4.38,4.417,4.336,4.417,33652,0
20130218,4.36,4.489,4.33,4.489,83511,0
20130219,4.43,4.679,4.43,4.661,26943,0
20130220,4.6,4.8,4.579,4.579,47214,0
20130221,4.51,4.658,4.51,4.562,16961,0
20130222,4.544,4.642,4.442,4.45,55880,0
20130225,4.46,4.635,4.45,4.58,36241,0
20130226,4.43,4.59,4.43,4.54,49342,0
20130227,4.527,4.587,4.481,4.485,67493,0
20130228,4.45,4.67,4.365,4.63,157380,0
20130301,4.62,4.624,4.431,4.56,26209,0
20130304,4.48,4.58,4.48,4.53,16516,0
20130305,4.46,4.594,4.46,4.48,62679,0
20130306,4.46,4.569,4.433,4.48,126208,0
20130307,4.418,4.561,4.418,4.48,45092,0
20130308,4.46,4.542,4.43,4.43,26419,0
20130311,4.38,4.53,4.38,4.51,34628,0
20130312,4.45,4.517,4.42,4.42,26923,0
20130313,4.456,4.557,4.42,4.519,29157,0
20130314,4.47,4.56,4.47,4.56,11798,0
20130315,4.531,4.718,4.5,4.718,41315,0
20130318,4.619,4.68,4.58,4.64,17181,0
20130319,4.615,4.615,4.452,4.452,18462,0
20130320,4.444,4.535,4.4,4.524,25109,0
20130321,4.46,4.52,4.44,4.454,18400,0
20130322,4.41,4.52,4.41,4.45,27603,0
20130325,4.42,4.5,4.39,4.39,25294,0
20130326,4.4,4.45,4.378,4.378,17802,0
20130327,4.355,4.45,4.33,4.45,45596,0
20130328,4.485,4.6,4.376,4.511,89368,0
20130402,4.454,4.57,4.34,4.5,55459,0
20130403,4.477,4.657,4.43,4.647,120698,0
20130404,4.613,4.655,4.59,4.648,53727,0
20130405,4.616,4.665,4.53,4.628,20670,0
20130408,4.605,4.649,4.509,4.55,40864,0
20130409,4.529,4.64,4.51,4.64,13318,0
20130410,4.6,4.65,4.6,4.645,27028,0
20130411,4.62,4.655,4.59,4.64,40780,0
20130412,4.617,4.731,4.55,4.68,41609,0
20130415,4.63,4.73,4.63,4.675,8629,0
20130416,4.653,4.677,4.6,4.65,20005,0
20130417,4.631,4.647,4.59,4.6,42802,0
20130418,4.576,4.69,4.55,4.6,64695,0
20130419,4.578,4.62,4.551,4.59,31513,0
20130422,4.55,4.649,4.55,4.629,11957,0
20130423,4.602,4.634,4.58,4.62,35348,0
20130424,4.597,4.659,4.56,4.65,18859,0
20130425,4.627,4.66,4.6,4.62,11178,0
20130426,4.598,4.642,4.54,4.54,41383,0
20130429,4.55,4.631,4.55,4.614,6268,0
20130430,4.606,4.74,4.59,4.689,50561,0
20130502,4.639,4.713,4.61,4.628,28986,0
20130503,4.606,4.7,4.58,4.59,12389,0
20130506,4.59,4.75,4.59,4.71,24783,0
20130507,4.69,4.75,4.61,4.709,19172,0
20130508,4.67,4.75,4.63,4.667,25193,0
20130509,4.633,4.78,4.61,4.709,26080,0
20130510,4.69,4.89,4.62,4.85,33645,0
20130513,4.78,4.948,4.717,4.747,47212,0
20130514,4.68,4.809,4.68,4.72,16423,0
20130515,4.7,4.7,4.422,4.52,46971,0
20130516,4.46,4.66,4.46,4.521,47219,0
20130517,4.496,4.548,4.45,4.545,21859,0
20130520,4.5,4.622,4.5,4.54,4624,0
20130521,4.555,4.601,4.53,4.58,32324,0
20130522,4.52,4.622,4.478,4.603,8608,0
20130523,4.49,4.6,4.3,4.41,33149,0
20130524,4.426,4.502,4.35,4.45,8318,0
20130527,4.388,4.43,4.331,4.391,10669,0
20130528,4.3,4.575,4.3,4.46,8996,0
20130529,4.423,4.499,4.38,4.432,10282,0
20130530,4.37,4.479,4.37,4.47,4893,0
20130531,4.432,4.567,4.355,4.39,52651,0
20130603,4.38,4.472,4.29,4.416,37491,0
20130604,4.38,4.496,4.38,4.48,12739,0
20130605,4.39,4.494,4.371,4.402,66955,0
20130606,4.389,4.454,4.34,4.4,80576,0
20130607,4.391,4.428,4.35,4.407,5351,0
20130610,4.34,4.516,4.34,4.493,10622,0
20130611,4.461,4.51,4.42,4.43,9106,0
20130612,4.384,4.509,4.34,4.411,71877,0
20130613,4.31,4.471,4.31,4.4,10913,0
20130614,4.397,4.455,4.31,4.445,13003,0
20130617,4.4,4.46,4.4,4.46,7608,0
20130618,4.435,4.489,4.4,4.489,9427,0
20130619,4.465,4.499,4.438,4.499,14261,0
20130620,4.41,4.474,4.4,4.401,10701,0
20130621,4.397,4.489,4.392,4.4,41182,0
20130624,4.395,4.488,4.37,4.474,12791,0
20130625,4.449,4.51,4.388,4.51,239873,0
20130626,4.45,4.622,4.4,4.5,59332,0
20130627,4.47,4.6,4.449,4.596,13174,0
20130628,4.558,4.63,4.528,4.63,25369,0
20130701,4.56,4.69,4.527,4.666,25184,0
20130702,4.632,4.679,4.6,4.605,13849,0
20130703,4.55,4.58,4.501,4.529,10933,0
20130704,4.505,4.674,4.48,4.66,53536,0
20130705,4.628,4.69,4.539,4.562,24171,0
20130708,4.52,4.649,4.52,4.553,8909,0
20130709,4.535,4.644,4.51,4.593,7730,0
20130710,4.555,4.62,4.473,4.6,34268,0
20130711,4.598,4.62,4.438,4.495,24454,0
20130712,4.461,4.54,4.4,4.48,11875,0
20130715,4.508,4.55,4.46,4.46,1993,0
20130716,4.481,4.55,4.46,4.55,22983,0
20130717,4.513,4.561,4.49,4.51,12567,0
20130718,4.466,4.575,4.44,4.46,7742,0
20130719,4.467,4.612,4.45,4.612,25323,0
20130722,4.578,4.617,4.495,4.6,115325,0
20130723,4.562,4.63,4.54,4.6,111229,0
20130724,4.579,4.695,4.491,4.67,30899,0
20130725,4.621,4.654,4.6,4.642,6003,0
20130726,4.619,4.65,4.57,4.57,4971,0
20130729,4.598,4.647,4.58,4.629,7339,0
20130730,4.599,4.65,4.58,4.65,22763,0
20130731,4.62,4.62,4.57,4.597,10421,0
20130801,4.57,4.6,4.55,4.58,2574,0
20130802,4.553,4.58,4.49,4.49,2689,0
20130805,4.529,4.55,4.5,4.519,4880,0
20130806,4.484,4.55,4.45,4.505,18388,0
20130807,4.481,4.528,4.43,4.5,6935,0
20130808,4.466,4.555,4.45,4.519,5555,0
20130809,4.495,4.582,4.47,4.49,9451,0
20130812,4.523,4.553,4.5,4.528,6080,0
20130813,4.478,4.56,4.46,4.5,49232,0
20130814,4.473,4.589,4.45,4.578,23906,0
20130815,4.534,4.596,4.501,4.596,1991,0
20130816,4.53,4.599,4.49,4.49,36771,0
20130819,4.58,4.608,4.48,4.608,10921,0
20130820,4.566,4.59,4.53,4.564,8106,0
20130821,4.55,4.649,4.54,4.628,39234,0
20130822,4.582,4.635,4.57,4.617,2702,0
20130823,4.586,4.919,4.57,4.65,68766,0
20130826,4.71,4.869,4.65,4.842,26077,0
20130827,4.747,4.85,4.73,4.75,18502,0
20130828,4.68,4.789,4.521,4.67,25873,0
20130829,4.73,4.74,4.61,4.7,8373,0
20130830,4.71,4.77,4.621,4.71,38521,0
20130902,4.78,4.801,4.73,4.79,18320,0
20130903,4.675,4.84,4.64,4.806,26778,0
20130904,4.8,4.83,4.72,4.72,15216,0
20130905,4.745,4.817,4.73,4.75,4339,0
20130906,4.819,4.9,4.77,4.9,25182,0
20130909,4.891,4.891,4.793,4.824,18169,0
20130910,4.85,4.9,4.781,4.9,18664,0
20130911,4.869,4.929,4.781,4.902,25724,0
20130912,4.91,5.099,4.84,5.03,58144,0
20130913,4.996,5.116,4.996,5.07,19976,0
20130916,5.04,5.084,5.04,5.08,18893,0
20130917,5.053,5.146,5.01,5.096,29535,0
20130918,5.069,5.19,5.05,5.128,11834,0
20130919,5.06,5.14,5.02,5.092,28576,0
20130920,5.158,5.189,5.03,5.03,31355,0
20130923,5.053,5.192,5.03,5.144,18253,0
20130924,5.122,5.14,5.05,5.1,39576,0
20130925,5.062,5.13,5.04,5.12,7221,0
20130926,5.082,5.12,5.05,5.12,15162,0
20130927,5.12,5.12,5.06,5.12,8262,0
20130930,5.101,5.12,5.08,5.101,20996,0
20131001,5.09,5.116,5.07,5.095,54272,0
20131002,5.08,5.105,5.03,5.09,41402,0
20131003,5.09,5.105,5.03,5.07,72934,0
20131004,5.056,5.08,4.972,5.029,57305,0
20131007,5.011,5.07,4.96,5,156370,0
20131008,5.017,5.084,5,5.05,79894,0
20131009,5.06,5.065,4.98,5.02,156564,0
20131010,5.051,5.097,5.02,5.096,47218,0
20131011,5.085,6.42,5.05,6.33,1918803,0
20131014,6.33,6.379,6.28,6.321,498382,0
20131015,6.351,6.37,6.3,6.352,218621,0
20131016,6.341,6.36,6.29,6.345,192049,0
20131017,6.301,6.36,6.28,6.36,168207,0
20131018,6.358,6.361,6.3,6.3,138091,0
20131021,6.352,6.356,6.3,6.356,128729,0
20131022,6.35,6.362,6.26,6.355,94444,0
20131023,6.35,6.355,6.3,6.351,146340,0
20131024,6.344,6.481,6.32,6.481,155446,0
20131025,6.458,6.458,6.3,6.3,957857,0
20131028,6.345,6.368,6.31,6.351,97220,0
20131029,6.348,6.365,6.3,6.365,34386,0
20131030,6.356,6.395,6.31,6.375,87345,0
20131031,6.36,6.375,6.29,6.375,39402,0
20131101,6.344,6.398,6.32,6.34,31899,0
20131104,6.376,6.383,6.345,6.36,39571,0
20131105,6.36,6.39,6.31,6.37,70009,0
20131106,6.362,6.385,6.33,6.362,46083,0
20131107,6.35,6.399,6.3,6.384,326283,0
20131108,6.31,6.36,6.151,6.297,79586,0
20131111,6.305,6.386,6.29,6.363,43897,0
20131112,6.36,6.372,6.31,6.349,72603,0
20131113,6.324,6.36,6.27,6.35,35266,0
20131114,6.35,6.364,6.29,6.33,71489,0
20131115,6.311,6.341,6.27,6.29,156828,0
20131118,6.32,6.349,6.24,6.339,105700,0
20131119,6.32,6.34,6.27,6.33,158058,0
20131120,6.32,6.34,6.25,6.33,110422,0
20131121,6.32,6.429,6.25,6.429,243502,0
20131122,6.429,6.429,6.36,6.36,323553,0
20131125,6.416,6.429,6.37,6.42,484341,0
20131126,6.417,6.421,6.37,6.41,319394,0
20131127,6.4,6.42,6.37,6.41,54770,0
20131128,6.4,6.42,6.35,6.401,333120,0
20131129,6.39,6.415,6.34,6.401,99160,0
20131202,6.4,6.406,6.34,6.402,40898,0
20131203,6.401,6.41,6.34,6.402,33561,0
20131204,6.4,6.406,6.35,6.4,72911,0
20131205,6.4,6.42,6.32,6.4,428308,0
20131206,6.39,6.399,6.35,6.39,131609,0
20131209,6.385,6.39,6.35,6.385,159854,0
20131210,6.386,6.39,6.336,6.382,241028,0
20131211,6.38,6.4,6.337,6.397,105523,0
20131212,6.39,6.395,6.328,6.39,161123,0
20131213,6.39,6.399,6.354,6.395,76252,0
20131216,6.38,6.398,6.356,6.392,55524,0
20131217,6.38,6.4,6.346,6.38,73440,0
20131218,6.38,6.394,6.345,6.37,62173,0
20131219,6.38,6.4,6.342,6.342,35105,0
20131220,6.381,6.4,6.28,6.28,20242,0
20131223,6.39,6.395,6.319,6.38,30377,0
20131227,6.363,6.455,6.363,6.44,215619,0
20131230,6.441,6.513,6.415,6.46,9567,0
20140102,6.45,6.455,6.437,6.44,63980,0
20140103,6.438,6.45,6.401,6.449,212655,0
20140106,6.437,6.445,6.407,6.438,121796,0
20140107,6.438,6.45,6.43,6.44,17757,0
20140108,6.401,6.45,6.401,6.45,117964,0
20140109,6.371,6.439,6.371,6.43,49533,0
20140110,6.36,6.463,6.36,6.45,58583,0
20140113,6.4,6.464,5.98,6.05,209371,0
20140114,5.86,6.295,5.86,6.2,159953,0
20140115,6.15,6.25,6.15,6.15,34910,0
20140116,6.168,6.31,6.12,6.249,27900,0
20140117,6.212,6.342,6.196,6.326,32314,0
20140120,6.279,6.315,6.261,6.3,7341,0
20140121,6.28,6.388,6.277,6.388,13940,0
20140122,6.339,7.87,6.25,7.45,156137,0
20140123,7.119,7.3,6.253,6.649,48080,0
20140124,6.708,6.733,6.371,6.438,4124,0
20140127,6.436,6.5,6.211,6.211,15707,0
20140128,6.22,6.5,6.178,6.382,43240,0
20140129,6.376,6.42,6.27,6.37,8030,0
20140130,6.313,6.354,6.27,6.289,1835,0
20140131,6.247,6.297,6.201,6.201,2867,0
20140203,6.151,6.3,6.151,6.3,2556,0
20140204,6.202,6.4,6.201,6.361,5957,0
20140205,6.303,6.385,6.303,6.35,4286,0
20140206,6.325,6.416,6.324,6.35,2800,0
20140207,6.335,6.389,6.323,6.375,29,0
20140210,6.411,6.411,6.28,6.28,1084,0
20140211,6.26,6.307,6.25,6.255,1796,0
20140212,6.26,6.325,6.25,6.25,10974,0
20140213,6.268,6.284,6.2,6.2,6987,0
20140214,6.184,6.241,6.184,6.228,1396,0
20140217,6.23,6.23,6.174,6.21,3425,0
20140219,6.158,6.241,6.158,6.217,2006,0
20140220,6.167,6.22,6.116,6.21,3112,0
20140221,6.254,6.28,6.18,6.243,247,0
20140224,6.193,6.227,6.154,6.21,1790,0
20140225,6.209,6.234,6.02,6.1,19841,0
20140226,5.978,6.196,5.978,6.125,19260,0
20140227,6.163,6.211,6.126,6.136,4100,0
20140228,6.2,6.25,6.09,6.134,2257,0
20140303,6.036,6.213,6.003,6.108,2956,0
20140304,6.181,6.245,6.14,6.163,6869,0
20140305,6.14,6.25,6.137,6.145,103,0
20140307,6.216,6.216,6.111,6.111,5543,0
20140310,6.154,6.192,6.1,6.1,2381,0
20140312,6.1,6.151,6.002,6.005,6399,0
20140313,6.037,6.143,5.989,6.028,2055,0
20140314,5.95,6.076,5.95,6.05,497,0
20140317,6.049,6.136,6.006,6.006,9100,0
20140318,6.015,6.13,6.015,6.052,9316,0
20140319,6.06,6.11,6.044,6.044,1024,0
20140320,6.043,6.145,5.995,6.052,8860,0
20140321,6.013,6.09,5.992,5.992,9552,0
20140324,5.982,6.15,5.976,5.983,4385,0
20140325,6.002,6.15,6.002,6.126,10616,0
20140326,6.147,6.178,5.957,5.957,3800,0
20140327,5.948,6.035,5.948,5.953,1129,0
20140328,6.013,6.189,5.929,6.041,8857,0
20140331,6.059,6.219,6.017,6.176,2526,0
20140401,6.223,6.31,6.061,6.133,205,0
20140402,6.101,6.263,6.006,6.007,3271,0
20140403,6.01,6.116,5.96,5.96,2337,0
20140404,5.971,6.049,5.93,6.01,7518,0
20140407,5.965,6.01,5.514,5.617,6653,0
20140408,5.618,5.81,5.45,5.5,7286,0
20140409,5.361,5.82,5.263,5.715,8169,0
20140410,5.686,6.034,5.61,5.864,8875,0
20140411,5.928,5.95,5.6,5.8,2556,0
20140414,5.772,5.94,5.651,5.899,972,0
20140415,5.858,5.897,5.609,5.609,541,0
20140416,5.763,5.84,5.601,5.618,540,0
20140417,5.617,5.84,5.528,5.668,1300,0
20140422,5.562,5.789,5.562,5.571,1399,0
20140423,5.704,5.748,5.59,5.59,147,0
20140424,5.607,5.747,5.56,5.655,3096,0
20140425,5.683,6,5.634,5.65,12203,0
20140428,5.762,5.762,5.581,5.65,314,0
20140429,5.706,5.76,5.571,5.662,6829,0
20140430,5.656,5.91,5.58,5.674,8607,0
20140502,5.712,5.712,5.547,5.591,300,0
20140505,5.545,5.86,5.545,5.7,3681,0
20140506,5.72,5.829,5.561,5.729,4013,0
20140507,5.706,5.77,5.661,5.731,2472,0
20140508,5.782,5.782,5.571,5.656,422,0
20140509,5.681,5.699,5.601,5.665,5940,0
20140512,5.67,5.7,5.5,5.659,9189,0
20140513,5.677,5.7,5.591,5.661,1516,0
20140514,5.674,5.7,5.611,5.661,432,0
20140515,5.659,5.71,5.611,5.638,14238,0
20140516,5.679,5.679,5.567,5.584,1100,0
20140519,5.661,5.661,5.469,5.469,200,0
20140520,5.47,5.699,5.449,5.449,2560,0
20140521,5.44,5.533,5.33,5.41,2213,0
20140522,5.465,5.55,5.33,5.498,7228,0
20140523,5.501,5.69,5.461,5.69,2429,0
20140526,5.664,5.87,5.51,5.537,12516,0
20140527,5.645,5.78,5.491,5.636,9265,0
20140528,5.667,5.774,5.432,5.569,5710,0
20140529,5.569,5.81,5.467,5.637,3300,0
20140530,5.598,5.76,5.35,5.526,5893,0
20140602,5.663,5.861,5.55,5.714,8079,0
20140603,5.846,5.949,5.72,5.787,14769,0
20140604,5.821,5.89,5.76,5.821,2058,0
20140605,5.823,5.864,5.755,5.755,1483,0
20140606,5.783,5.783,5.672,5.673,2325,0
20140609,5.741,5.741,5.671,5.673,2440,0
20140610,5.709,5.72,5.61,5.667,446,0
20140611,5.707,5.849,5.609,5.729,157,0
20140612,5.734,5.77,5.68,5.716,4683,0
20140613,5.747,5.747,5.604,5.604,1351,0
20140616,5.635,5.66,5.593,5.597,1249,0
20140617,5.607,5.651,5.51,5.513,10333,0
20140619,5.569,5.652,5.46,5.46,2514,0
20140620,5.496,5.62,5.41,5.41,9842,0
20140623,5.438,5.645,5.416,5.51,3949,0
20140624,5.513,5.69,5.491,5.506,4462,0
20140626,5.61,5.679,5.46,5.46,3786,0
20140627,5.513,5.629,5.472,5.602,410,0
20140630,5.61,5.719,5.52,5.59,4190,0
20140701,5.639,5.854,5.569,5.768,1542,0
20140702,5.644,5.711,5.541,5.61,547,0
20140703,5.654,5.66,5.53,5.602,9620,0
20140704,5.643,5.831,5.53,5.693,22514,0
20140707,5.697,5.746,5.54,5.64,16568,0
20140708,5.65,5.741,5.4,5.43,46791,0
20140709,5.446,5.655,5.171,5.561,11068,0
20140710,5.606,5.671,5.261,5.467,8010,0
20140711,5.521,5.556,5.166,5.461,36968,0
20140714,5.481,5.64,5.334,5.47,12133,0
20140715,5.46,5.541,5.325,5.331,2568,0
20140716,5.47,5.521,5.342,5.342,3848,0
20140717,5.466,5.579,5.353,5.359,3505,0
20140718,5.445,5.559,5.356,5.379,5266,0
20140721,5.497,5.531,5.368,5.369,2857,0
20140722,5.471,5.569,5.369,5.369,50,0
20140723,5.447,5.447,5.362,5.377,1338,0
20140724,5.419,5.549,5.363,5.363,1152,0
20140725,5.467,5.546,5.366,5.384,2060,0
20140728,5.479,5.479,5.175,5.175,6089,0
20140729,5.324,5.436,5.226,5.328,5089,0
20140731,5.381,5.381,5.179,5.184,71,0
20140801,5.212,5.32,5.08,5.188,1231,0
20140804,5.286,5.286,4.799,4.8,12096,0
20140805,4.597,5.071,4.585,4.85,5072,0
20140806,4.824,4.934,4.536,4.882,10795,0
20140807,4.881,5,4.5,4.932,9389,0
20140808,4.905,4.937,4.651,4.772,6544,0
20140811,4.795,5.134,4.75,4.908,7753,0
20140812,4.939,4.999,4.81,4.817,4000,0
20140813,4.863,5,4.76,4.853,12,0
20140814,4.98,5.11,4.879,4.974,644,0
20140815,4.802,5.149,4.802,5.015,750,0
20140818,5.06,5.06,4.81,4.816,2618,0
20140819,4.946,4.96,4.731,4.731,2106,0
20140820,4.731,4.836,4.711,4.712,2469,0
20140821,4.761,4.98,4.717,4.845,11,0
20140822,4.87,4.99,4.808,4.907,150,0
20140825,4.93,4.984,4.761,4.807,1102,0
20140826,4.913,5.01,4.781,4.79,371,0
20140827,4.911,5.12,4.82,5.059,11050,0
20140828,5.057,5.14,4.761,5.016,40219,0
20140829,5.112,5.139,4.9,5.053,892,0
20140901,5.058,5.14,4.878,4.882,844,0
20140902,4.929,5.14,4.89,4.941,4800,0
20140903,4.976,5.14,4.941,4.958,16612,0
20140904,4.994,5.138,4.862,4.862,55,0
20140905,4.939,4.965,4.85,4.965,2587,0
20140908,4.977,4.998,4.751,4.755,555,0
20140909,4.78,4.91,4.739,4.866,1016,0
20140910,4.9,5.058,4.811,4.953,4558,0
20140911,4.999,4.999,4.807,4.81,8325,0
20140912,4.853,5,4.8,4.82,178,0
20140915,4.831,4.921,4.561,4.562,7842,0
20140916,4.625,4.625,4.427,4.427,1051,0
20140917,4.531,4.64,4.02,4.332,18067,0
20140918,4.388,4.65,4.333,4.531,5420,0
20140919,4.547,4.547,4.255,4.296,11904,0
20140922,4.286,4.6,4.15,4.471,3633,0
20140923,4.467,4.467,4.25,4.311,3,0
20140924,4.416,4.49,4.26,4.307,14090,0
20140925,4.355,4.5,4.2,4.455,5103,0
20140926,4.445,4.63,4.381,4.593,8287,0
20140929,4.599,4.634,4.23,4.237,3470,0
20140930,4.347,4.4,4.21,4.356,1407,0
20141001,4.378,4.471,4.27,4.282,595,0
20141002,4.295,4.373,4,4.061,11711,0
20141006,4.102,4.226,4.048,4.048,1275,0
20141007,4.042,4.15,3.91,4.099,3623,0
20141008,4.08,4.2,4.009,4.097,2142,0
20141009,4.238,4.238,3.972,3.972,9098,0
20141010,3.988,4.096,3.948,3.98,5092,0
20141013,3.956,4.179,3.956,4.003,22,0
20141014,4.009,4.141,3.972,3.972,823,0
20141015,4.008,4.056,3.935,3.952,203,0
20141016,3.998,4.05,3.898,3.924,2002,0
20141017,3.956,4.089,3.865,3.883,494,0
20141020,3.912,4.101,3.869,4.069,924,0
20141021,4.1,4.1,3.871,4.017,578,0
20141022,3.995,4.099,3.937,4.01,10,0
20141023,4.02,4.053,3.944,3.965,269,0
20141027,4.074,4.099,3.953,3.96,240,0
20141029,4.062,4.062,3.853,3.9,5848,0
20141030,3.906,4.029,3.862,3.899,662,0
20141031,3.964,4.024,3.86,3.877,1115,0
20141103,3.898,3.9,3.76,3.818,1876,0
20141104,3.82,4.01,3.819,3.875,6942,0
20141105,3.896,4.07,3.89,3.963,2484,0
20141106,3.947,4.028,3.947,3.978,1580,0
20141107,4.056,4.1,3.966,4.048,10263,0
20141110,4.061,4.1,3.986,4.059,600,0
20141111,4.1,4.1,3.954,3.994,1762,0
20141112,3.98,4.119,3.957,4.045,2018,0
20141113,4.056,4.119,3.954,4.048,281,0
20141114,4.06,4.119,3.942,4.01,990,0
20141117,3.99,4.18,3.951,3.988,34636,0
20141118,4.023,4.15,3.972,3.991,14302,0
20141119,3.979,4.099,3.821,3.839,72555,0
20141120,3.865,4.07,3.826,4.024,6771,0
20141121,4.015,4.09,3.911,4.058,10085,0
20141124,4.079,4.11,3.951,3.96,1804,0
20141125,4.009,4.078,3.961,3.981,160,0
20141127,4.102,4.102,3.99,3.993,651,0
20141128,4.031,4.094,3.989,4.012,1633,0
20141201,4.019,4.03,3.91,3.91,7906,0
20141202,4.005,4.025,3.949,4.004,784,0
20141203,3.989,4.028,3.95,3.99,147,0
20141204,4.032,4.1,3.95,4.099,757,0
20141205,4.123,4.123,3.961,3.993,7215,0
20141208,4.023,4.051,3.965,3.995,164,0
20141210,4.06,4.06,3.953,3.968,929,0
20141211,3.985,4.06,3.949,4.01,4037,0
20141212,3.991,4.049,3.991,4.019,154,0
20141215,4.008,4.055,3.961,3.98,13438,0
20141216,3.971,4.05,3.933,3.991,4195,0
20141217,3.927,4.05,3.927,3.981,455,0
20141218,4.035,4.035,3.924,3.954,1138,0
20141219,3.98,3.98,3.813,3.877,3264,0
20141223,3.845,3.95,3.806,3.82,1462,0
20141229,3.846,3.96,3.75,3.869,5411,0
20141230,3.897,4.2,3.71,4.2,17533,0
20150102,4.092,4.092,3.851,3.921,7545,0
20150105,3.939,4.201,3.831,3.92,20155,0
20150106,3.921,4.1,3.82,3.966,151,0
20150107,3.975,4.066,3.91,3.973,5783,0
20150108,4.083,4.083,3.946,3.964,1784,0
20150112,3.985,4.08,3.95,3.993,1454,0
20150113,3.977,4.09,3.924,3.974,18287,0
20150114,3.959,4.071,3.905,4.013,2875,0
20150115,4.027,4.3,3.9,4.108,18844,0
20150116,4.089,4.312,4.014,4.226,1850,0
20150119,4.255,4.315,4.16,4.203,6622,0
20150120,4.321,4.42,4.033,4.144,12800,0
20150121,4.141,4.21,4,4.083,972,0
20150122,4.057,4.146,3.955,4.008,2000,0
20150123,4.017,4.048,3.955,3.985,116,0
20150126,4,4.051,3.944,4.015,10627,0
20150127,4.046,4.105,3.962,4.041,500,0
20150128,4.066,4.249,3.986,4.111,10,0
20150129,4.105,4.125,3.973,4.052,424,0
20150130,4.071,4.088,3.978,3.999,1847,0
20150202,4.022,4.084,3.974,3.99,3523,0
20150203,3.977,4.097,3.975,3.995,2402,0
20150204,4.028,4.063,4,4.017,28,0
20150205,4.02,4.25,3.992,4.109,17436,0
20150206,4.11,4.229,4.073,4.164,1764,0
20150209,4.147,4.208,4.071,4.152,250,0
20150210,4.107,4.221,4.107,4.183,5580,0
20150212,4.148,4.226,4.098,4.137,100,0
20150213,4.115,4.3,4.115,4.26,152,0
20150216,4.301,4.357,4.124,4.151,3705,0
20150217,4.123,4.289,4.123,4.238,800,0
20150218,4.233,4.276,4.061,4.102,3383,0
20150219,4.061,4.149,4.008,4.027,6958,0
20150220,4.009,4.143,3.992,4.016,2805,0
20150224,4.034,4.113,4.007,4.04,3120,0
20150225,4.027,4.131,4.013,4.086,3141,0
20150226,4.045,4.142,4.041,4.042,434,0
20150302,4.087,4.225,4.085,4.168,1181,0
20150303,4.146,4.224,4.112,4.13,3159,0
20150304,4.122,4.22,4.122,4.144,1388,0
20150305,4.148,4.198,4.042,4.085,6076,0
20150306,4.044,4.144,4.008,4.068,2893,0
20150309,4.086,4.124,4.011,4.015,2447,0
20150310,4.021,4.098,4.01,4.072,1709,0
20150311,4.101,4.101,4.045,4.06,200,0
20150312,4.058,4.12,4.005,4.066,700,0
20150313,4.023,4.119,4.016,4.055,538,0
20150316,4.013,4.099,3.997,4.001,100,0
20150317,3.996,4.098,3.996,4.03,100,0
20150318,4.071,4.071,3.997,4.025,413,0
20150319,4.004,4.055,3.89,3.963,2794,0
20150320,3.904,4.026,3.903,3.979,6534,0
20150323,3.962,4,3.89,3.957,500,0
20150324,3.907,3.967,3.89,3.919,2000,0
20150325,3.906,4.035,3.891,4.002,976,0
20150326,4.02,4.02,3.77,3.891,1957,0
20150327,3.924,3.924,3.763,3.778,508,0
20150330,3.762,3.865,3.64,3.752,1376,0
20150331,3.719,4.07,3.67,4.001,10644,0
20150401,3.995,4.035,3.7,3.769,3063,0
20150402,3.753,3.952,3.7,3.913,2686,0
20150407,3.8,3.8,3.8,3.8,26,0
20150408,3.701,3.85,3.64,3.85,9055,0
20150409,3.77,3.8,3.74,3.8,3258,0
20150410,3.929,3.99,3.929,3.96,1996,0
20150413,3.821,3.821,3.75,3.8,556,0
20150414,3.895,3.9,3.895,3.9,200,0
20150415,3.761,3.951,3.761,3.821,7829,0
20150416,3.799,3.97,3.799,3.85,5645,0
20150417,3.805,3.805,3.805,3.805,300,0
20150421,3.83,3.83,3.8,3.8,1500,0
20150422,3.75,3.75,3.75,3.75,3,0
20150423,3.81,3.81,3.77,3.77,414,0
20150424,3.878,3.951,3.869,3.891,5669,0
20150427,3.71,3.89,3.7,3.75,11405,0
20150428,3.8,3.829,3.8,3.829,2333,0
20150429,3.701,3.701,3.64,3.68,3196,0
20150430,3.55,3.7,3.55,3.7,5444,0
20150504,3.57,3.7,3.57,3.7,187,0
20150506,3.64,3.64,3.64,3.64,700,0
20150507,3.6,3.6,3.511,3.54,3971,0
20150508,3.499,3.501,3.499,3.5,1826,0
20150511,3.483,3.5,3.483,3.5,1871,0
20150513,3.35,3.591,3.35,3.55,8819,0
20150514,3.421,3.421,3.4,3.4,3539,0
20150515,3.301,3.301,3.3,3.3,2585,0
20150518,3.267,3.387,3.267,3.387,89,0
20150519,3.478,3.478,3.478,3.478,248,0
20150520,3.579,3.58,3.517,3.517,938,0
20150521,3.381,3.381,3.38,3.38,2000,0
20150522,3.261,3.45,3.249,3.45,8474,0
20150526,3.34,3.34,3.34,3.34,52,0
20150527,3.221,3.221,3.221,3.221,231,0
20150528,3.12,3.122,2.96,2.96,1500,0
20150529,2.98,3.13,2.98,3.13,30061,0
20150601,3.091,3.091,3.091,3.091,924,0
20150602,3,3.03,2.999,3,6118,0
20150603,2.999,3.08,2.999,3.08,5375,0
20150604,3.001,3.001,2.99,2.99,2950,0
20150605,3.001,3.001,3.001,3.001,623,0
20150609,3.03,3.09,3.03,3.03,9263,0
20150611,3.03,3.03,3.03,3.03,1357,0
20150612,3.001,3.051,3,3.05,11849,0
20150615,3,3,2.98,2.98,7236,0
20150616,3.027,3.027,2.999,3.011,5277,0
20150617,3,3.03,2.999,3.03,6927,0
20150618,3,3.031,3,3.031,2382,0
20150619,2.98,3.001,2.701,2.792,31074,0
20150622,2.7,2.7,2.65,2.65,8900,0
20150623,2.63,2.7,2.61,2.61,4850,0
20150624,2.6,2.6,2.52,2.52,59199,0
20150625,2.5,2.55,2.45,2.49,44373,0
20150626,2.569,2.569,2.564,2.564,1023,0
20150629,2.599,2.6,2.599,2.599,3890,0
20150701,2.5,2.5,2.5,2.5,1875,0
20150702,2.58,2.62,2.58,2.62,3000,0
20150703,2.72,2.87,2.72,2.79,5244,0
20150706,2.693,2.693,2.69,2.69,2973,0
20150707,2.694,2.929,2.605,2.816,12363,0
20150708,2.8,2.8,2.61,2.789,13747,0
20150709,2.69,2.69,2.65,2.65,22631,0
20150713,2.656,2.719,2.65,2.719,899,0
20150714,2.658,2.712,2.6,2.6,8526,0
20150715,2.649,2.65,2.649,2.65,1500,0
20150716,2.65,2.65,2.602,2.65,3383,0
20150717,2.602,2.69,2.601,2.609,5362,0
20150720,2.608,2.608,2.58,2.58,4697,0
20150721,2.58,2.58,2.58,2.58,6170,0
20150722,2.609,2.649,2.6,2.64,4141,0
20150723,2.62,2.75,2.62,2.65,12732,0
20150724,2.729,2.801,2.729,2.8,30556,0
20150727,2.744,2.746,2.707,2.707,7885,0
20150728,2.798,2.798,2.798,2.798,380,0
20150729,2.749,2.8,2.702,2.8,15163,0
20150730,2.704,2.798,2.702,2.798,7858,0
20150731,2.708,2.799,2.7,2.789,9802,0
20150803,2.75,2.75,2.75,2.75,5000,0
20150804,2.74,2.74,2.695,2.695,3523,0
20150805,2.749,2.859,2.735,2.735,35363,0
20150806,2.751,2.85,2.75,2.779,55242,0
20150807,2.762,2.825,2.761,2.8,49229,0
20150810,2.76,2.821,2.76,2.81,846,0
20150811,2.765,3.17,2.76,2.89,21216,0
20150812,2.76,2.761,2.7,2.7,10600,0
20150813,2.65,2.78,2.65,2.78,22512,0
20150814,2.61,2.63,2.5,2.55,27209,0
20150817,2.599,2.6,2.556,2.6,2676,0
20150818,2.556,2.556,2.555,2.555,558,0
20150819,2.556,2.69,2.556,2.69,2270,0
20150820,2.591,2.591,2.5,2.583,11129,0
20150821,2.511,2.512,2.48,2.511,38230,0
20150824,2.445,2.445,2.3,2.3,14100,0
20150825,2.4,2.4,2.394,2.394,1300,0
20150826,2.31,2.44,2.31,2.44,5100,0
20150827,2.34,2.35,2.34,2.35,2132,0
20150828,2.429,2.43,2.35,2.43,500,0
20150831,2.49,2.49,2.49,2.49,1400,0
20150901,2.441,2.52,2.44,2.52,3088,0
20150902,2.402,2.53,2.399,2.53,34250,0
20150903,2.511,2.529,2.455,2.529,2714,0
20150907,2.442,2.549,2.442,2.549,2050,0
20150908,2.444,2.549,2.444,2.549,2025,0
20150909,2.637,2.637,2.46,2.46,7724,0
20150910,2.4,2.509,2.4,2.5,10030,0
20150911,2.45,2.676,2.45,2.56,23643,0
20150914,2.41,2.52,2.41,2.46,35862,0
20150915,2.53,2.53,2.4,2.51,3311,0
20150916,2.496,2.496,2.481,2.481,1822,0
20150917,2.43,2.469,2.43,2.43,3209,0
20150918,2.402,2.43,2.35,2.351,8727,0
20150921,2.4,2.4,2.4,2.4,1340,0
20150923,2.36,2.398,2.36,2.398,3501,0
20150924,2.541,2.6,2.5,2.55,31245,0
20150925,2.55,2.601,2.55,2.6,10682,0
20150928,2.68,2.689,2.679,2.689,4100,0
20150929,2.69,2.75,2.69,2.75,7916,0
20150930,2.82,2.89,2.82,2.89,4732,0
20151002,2.73,2.77,2.65,2.7,12866,0
20151005,2.611,2.69,2.61,2.64,4143,0
20151006,2.601,2.7,2.601,2.7,2071,0
20151008,2.72,2.75,2.63,2.7,15443,0
20151009,2.75,2.75,2.75,2.75,4117,0
20151012,2.75,2.75,2.75,2.75,4200,0
20151013,2.75,2.75,2.71,2.71,13313,0
20151014,2.711,2.749,2.71,2.739,383,0
20151015,2.601,2.661,2.601,2.65,3005,0
20151016,2.729,2.73,2.729,2.73,2232,0
20151019,2.749,2.75,2.63,2.63,10047,0
20151020,2.72,2.749,2.72,2.72,2680,0
20151021,2.735,2.735,2.65,2.72,4640,0
20151022,2.65,2.85,2.65,2.85,6762,0
20151023,2.85,2.95,2.85,2.94,14297,0
20151026,2.95,3.02,2.921,2.921,3382,0
20151027,3,3,3,3,147,0
20151028,2.911,3.049,2.911,3.049,160,0
20151029,2.941,3.079,2.9,3.079,5050,0
20151030,2.9,3,2.83,2.899,12473,0
20151102,2.85,2.85,2.85,2.85,500,0
20151103,2.849,2.9,2.849,2.9,2648,0
20151104,2.89,2.89,2.89,2.89,450,0
20151105,2.811,2.889,2.811,2.889,532,0
20151106,2.821,2.839,2.79,2.839,5949,0
20151109,2.75,2.75,2.75,2.75,12,0
20151110,2.839,2.859,2.771,2.859,2125,0
20151111,2.761,2.761,2.75,2.75,3086,0
20151112,2.72,2.721,2.678,2.678,2489,0
20151113,2.61,2.61,2.41,2.434,20185,0
20151116,2.51,2.52,2.42,2.421,11300,0
20151117,2.411,2.411,2.33,2.33,15691,0
20151119,2.389,2.4,2.389,2.4,6732,0
20151120,2.4,2.42,2.38,2.4,18516,0
20151123,2.49,2.52,2.48,2.515,9097,0
20151124,2.451,2.51,2.45,2.45,13352,0
20151125,2.6,2.65,2.55,2.65,5545,0
20151126,2.69,2.69,2.57,2.69,6464,0
20151127,2.61,2.729,2.61,2.729,422,0
20151130,2.73,2.745,2.728,2.745,1077,0
20151201,2.7,2.7,2.62,2.621,3410,0
20151202,2.689,2.7,2.59,2.7,6238,0
20151203,2.6,2.65,2.57,2.65,3106,0
20151204,2.58,2.7,2.58,2.7,147,0
20151207,2.7,2.7,2.7,2.7,16,0
20151208,2.7,2.7,2.7,2.7,197,0
20151209,2.6,2.65,2.59,2.631,11600,0
20151210,2.6,2.65,2.6,2.621,13160,0
20151211,2.63,2.63,2.54,2.63,3937,0
20151214,2.54,2.55,2.5,2.5,17213,0
20151215,2.431,2.47,2.41,2.47,20133,0
20151217,2.47,2.495,2.47,2.495,3387,0
20151218,2.455,2.58,2.45,2.45,2491,0
20151221,2.529,2.53,2.41,2.411,4922,0
20151222,2.58,2.58,2.501,2.534,7446,0
20151223,2.6,2.6,2.5,2.599,42947,0
20151228,2.62,2.65,2.511,2.6,22687,0
20151229,2.6,2.65,2.55,2.6,18316,0
20151230,2.619,2.62,2.599,2.6,16540,0
20160104,2.7,2.7,2.6,2.699,14580,0
20160105,2.67,2.701,2.58,2.697,32398,0
20160106,2.698,2.761,2.65,2.65,5905,0
20160107,2.661,2.689,2.53,2.6,43287,0
20160108,2.65,2.65,2.599,2.599,2531,0
20160111,2.6,2.6,2.599,2.599,1627,0
20160112,2.579,2.579,2.579,2.579,2473,0
20160113,2.579,2.579,2.579,2.579,472,0
20160114,2.53,2.578,2.49,2.53,13225,0
20160115,2.491,2.578,2.491,2.578,934,0
20160118,2.52,2.579,2.51,2.579,3759,0
20160119,2.54,2.579,2.54,2.579,174,0
20160120,2.58,2.58,2.5,2.58,9244,0
20160122,2.5,2.5,2.5,2.5,500,0
20160125,2.58,2.58,2.58,2.58,364,0
20160126,2.5,2.54,2.5,2.5,13858,0
20160127,2.5,2.57,2.5,2.569,21452,0
20160128,2.52,2.56,2.52,2.56,802,0
20160129,2.58,2.58,2.5,2.5,6571,0
20160201,2.499,2.5,2.499,2.5,5744,0
20160202,2.5,2.538,2.5,2.5,13644,0
20160203,2.5,2.501,2.5,2.5,2531,0
20160204,2.5,2.5,2.5,2.5,276,0
20160205,2.5,2.5,2.48,2.48,265,0
20160208,2.48,2.48,2.47,2.47,990,0
20160209,2.45,2.451,2.301,2.379,12521,0
20160210,2.35,2.5,2.34,2.4,15373,0
20160211,2.311,2.311,2.311,2.311,190,0
20160212,2.303,2.389,2.25,2.25,16461,0
20160215,2.256,2.35,2.255,2.288,14013,0
20160216,2.21,2.258,2.2,2.21,42510,0
20160217,2.185,2.235,2.05,2.1,35603,0
20160218,2.03,2.15,2,2.06,18723,0
20160219,2.13,2.13,2.04,2.04,762,0
20160222,2.099,2.099,2.011,2.012,7827,0
20160223,2.02,2.28,2.02,2.1,22574,0
20160224,2.169,2.17,2.169,2.17,738,0
20160225,2.111,2.198,2.11,2.198,2820,0
20160226,2.2,2.2,2.09,2.179,3162,0
20160229,2.199,2.2,2.199,2.2,313,0
20160301,2.15,2.15,2.15,2.15,1223,0
20160302,2.15,2.15,2.14,2.141,16560,0
20160303,2.14,2.149,2.1,2.1,5361,0
20160304,2.139,2.149,2.139,2.149,9689,0
20160307,2.149,2.15,2.115,2.115,7115,0
20160308,2.15,2.2,2.115,2.199,22657,0
20160310,2.2,2.2,2.07,2.099,56440,0
20160311,2.09,2.14,2.04,2.088,17042,0
20160314,2.12,2.12,2.06,2.1,9159,0
20160315,2.03,2.12,2.03,2.12,7879,0
20160316,2.058,2.149,2.058,2.14,3681,0
20160317,2.14,2.14,2.11,2.11,78,0
20160318,2.1,2.22,2.1,2.1,45482,0
20160321,2.09,2.1,2.09,2.09,11943,0
20160322,2.09,2.1,2.051,2.1,7263,0
20160323,2.099,2.1,2.05,2.1,27938,0
20160324,2.16,2.209,2.11,2.14,246134,0
20160329,2.21,2.21,2.14,2.15,96391,0
20160330,2.209,2.21,2.199,2.199,11122,0
20160331,2.22,2.277,2.201,2.258,36686,0
20160401,2.246,2.382,2.246,2.262,20990,0
20160404,2.27,2.352,2.27,2.352,6596,0
20160405,2.36,2.36,2.28,2.28,5494,0
20160406,2.3,2.359,2.3,2.301,4001,0
20160407,2.32,2.352,2.32,2.352,572,0
20160411,2.301,2.358,2.301,2.358,1315,0
20160412,2.301,2.355,2.301,2.355,269,0
20160413,2.3,2.353,2.3,2.301,3406,0
20160414,2.344,2.364,2.344,2.364,1539,0
20160415,2.35,2.359,2.35,2.359,2364,0
20160420,2.322,2.337,2.3,2.32,20319,0
20160421,2.35,2.356,2.3,2.35,10588,0
20160422,2.34,2.359,2.31,2.31,829,0
20160425,2.35,2.35,2.349,2.35,3209,0
20160426,2.31,2.31,2.27,2.28,5745,0
20160427,2.31,2.379,2.31,2.322,19661,0
20160428,2.322,2.364,2.322,2.364,1965,0
20160502,2.35,2.376,2.35,2.372,4256,0
20160503,2.321,2.379,1.998,2.056,135291,0
20160504,2.14,2.142,2.14,2.142,1997,0
20160505,2.15,2.185,2.149,2.185,12595,0
20160506,2.207,2.21,2.2,2.2,5376,0
20160509,2.18,2.21,2.18,2.18,3977,0
20160510,2.22,2.22,2.13,2.15,37735,0
20160511,2.213,2.214,2.179,2.179,7369,0
20160512,2.179,2.179,2.15,2.15,7893,0
20160513,2.14,2.179,2.05,2.1,19800,0
20160517,2.1,2.179,2.07,2.179,6799,0
20160518,2.175,2.175,2.175,2.175,5,0
20160519,2.174,2.174,2.174,2.174,1522,0
20160520,2.17,2.17,2.169,2.169,1206,0
20160523,2.174,2.174,2.174,2.174,369,0
20160524,2.1,2.1,2.1,2.1,1402,0
20160525,2.175,2.175,2.175,2.175,2400,0
20160526,2.08,2.159,2.07,2.159,14050,0
20160527,2.149,2.149,2.12,2.121,4515,0
20160530,2.149,2.149,2.149,2.149,2099,0
20160531,2.15,2.16,2.15,2.16,9495,0
20160601,2.111,2.12,2.085,2.12,7028,0
20160602,2.149,2.18,2.12,2.12,5910,0
20160603,2.159,2.18,2.051,2.141,4199,0
20160606,2.179,2.18,2.179,2.18,361,0
20160607,2.18,2.18,2.18,2.18,161,0
20160608,2.105,2.105,2.01,2.09,54461,0
20160609,2.124,2.125,2.124,2.125,1829,0
20160610,2.109,2.15,2.1,2.15,4465,0
20160614,2.035,2.15,2.002,2.002,18041,0
20160615,2.002,2.002,2.002,2.002,2594,0
20160616,2.03,2.12,2.03,2.073,9989,0
20160617,2.119,2.121,2.119,2.121,1090,0
20160620,2.15,2.15,2.109,2.149,1741,0
20160621,2.1,2.148,2.046,2.148,603,0
20160622,2.148,2.148,2.148,2.148,10,0
20160623,2.065,2.065,2.046,2.046,2020,0
20160624,2.01,2.019,2,2.019,5977,0
20160627,2.001,2.001,2,2,5525,0
20160629,1.985,2.07,1.98,2.07,4500,0
20160630,2.059,2.059,2.059,2.059,125,0
20160701,2,2.059,2,2.058,1945,0
20160706,2,2,2,2,4500,0
20160707,2,2,2,2,500,0
20160708,1.99,1.99,1.98,1.98,1387,0
20160712,1.991,1.991,1.9,1.9,10122,0
20160713,1.9,1.9,1.9,1.9,5263,0
20160714,1.973,1.974,1.973,1.974,1700,0
20160715,1.997,1.997,1.997,1.997,111,0
20160718,1.931,1.979,1.931,1.979,801,0
20160720,1.91,1.91,1.91,1.91,1500,0
20160721,1.985,1.985,1.983,1.983,327,0
20160725,1.851,1.851,1.47,1.47,27814,0
20160726,1.51,1.75,1.51,1.671,21757,0
20160727,1.78,1.78,1.58,1.6,12682,0
20160728,1.76,1.8,1.701,1.769,52985,0
20160729,1.775,1.775,1.705,1.705,6418,0
20160801,1.751,1.751,1.695,1.725,21190,0
20160802,1.73,1.761,1.73,1.74,2401,0
20160803,1.73,1.73,1.73,1.73,1686,0
20160804,1.757,1.757,1.75,1.75,1173,0
20160805,1.75,1.765,1.73,1.738,6737,0
20160808,1.738,1.765,1.7,1.717,17381,0
20160809,1.744,1.745,1.744,1.745,839,0
20160810,1.745,1.751,1.745,1.75,9192,0
20160811,1.701,1.788,1.7,1.739,9516,0
20160812,1.75,1.75,1.743,1.743,5253,0
20160815,1.8,1.8,1.799,1.799,319,0
20160817,1.747,1.747,1.736,1.736,4779,0
20160818,1.799,1.8,1.769,1.769,1831,0
20160819,1.78,1.78,1.76,1.76,1490,0
20160823,1.753,1.753,1.753,1.753,227,0
20160824,1.741,1.83,1.741,1.83,11036,0
20160825,1.793,1.8,1.12,1.218,219336,0
20160826,1.381,1.439,1.379,1.401,21341,0
20160829,1.47,1.49,1.45,1.478,14684,0
20160830,1.438,1.44,1.438,1.44,1045,0
20160831,1.45,1.45,1.45,1.45,2000,0
20160901,1.48,1.53,1.451,1.5,19659,0
20160902,1.5,1.5,1.45,1.469,7909,0
20160905,1.517,1.63,1.517,1.585,15079,0
20160906,1.614,1.614,1.614,1.614,3150,0
20160907,1.58,1.612,1.55,1.55,6819,0
20160908,1.589,1.589,1.58,1.58,1507,0
20160909,1.58,1.58,1.551,1.57,8397,0
20160912,1.514,1.572,1.514,1.572,4298,0
20160914,1.517,1.574,1.516,1.574,4000,0
20160915,1.575,1.6,1.57,1.571,5712,0
20160916,1.548,1.612,1.548,1.585,2240,0
20160919,1.609,1.61,1.609,1.61,1700,0
20160920,1.581,1.581,1.581,1.581,111,0
20160921,1.541,1.541,1.501,1.501,6347,0
20160923,1.531,1.531,1.508,1.508,128,0
20160926,1.5,1.5,1.472,1.472,6822,0
20160927,1.42,1.444,1.42,1.444,18508,0
20160928,1.48,1.48,1.37,1.37,26984,0
20160929,1.37,1.418,1.35,1.412,10678,0
20160930,1.42,1.456,1.417,1.449,3835,0
20161004,1.449,1.45,1.42,1.42,6950,0
20161005,1.406,1.406,1.369,1.369,10267,0
20161006,1.38,1.38,1.3,1.339,17980,0
20161007,1.29,1.317,1.28,1.317,5013,0
20161010,1.319,1.323,1.319,1.32,5699,0
20161011,1.301,1.32,1.28,1.319,11717,0
20161012,1.319,1.32,1.319,1.32,1864,0
20161014,1.349,1.42,1.311,1.42,13185,0
20161017,1.45,1.45,1.439,1.44,8019,0
20161018,1.369,1.42,1.32,1.34,13562,0
20161019,1.34,1.369,1.34,1.369,695,0
20161020,1.405,1.415,1.35,1.35,16594,0
20161021,1.414,1.414,1.378,1.378,2335,0
20161024,1.418,1.42,1.413,1.413,6161,0
20161025,1.44,1.44,1.403,1.429,3318,0
20161026,1.44,1.44,1.429,1.429,4156,0
20161027,1.429,1.44,1.411,1.436,1648,0
20161028,1.42,1.421,1.42,1.42,2070,0
20161031,1.44,1.45,1.42,1.45,4377,0
20161101,1.5,1.51,1.5,1.51,10516,0
20161102,1.5,1.5,1.5,1.5,374,0
20161103,1.47,1.47,1.438,1.438,6166,0
20161104,1.415,1.45,1.408,1.408,27991,0
20161107,1.419,1.449,1.419,1.449,3942,0
20161108,1.439,1.439,1.43,1.43,2248,0
20161109,1.44,1.44,1.401,1.401,8000,0
20161110,1.401,1.449,1.401,1.449,1173,0
20161111,1.401,1.446,1.36,1.446,7898,0
20161114,1.444,1.45,1.439,1.44,8454,0
20161115,1.4,1.439,1.4,1.4,315,0
20161116,1.4,1.4,1.36,1.4,5600,0
20161118,1.365,1.365,1.36,1.36,2800,0
20161121,1.36,1.36,1.35,1.35,9375,0
20161122,1.351,1.396,1.35,1.385,8165,0
20161123,1.35,1.424,1.35,1.424,1308,0
20161124,1.374,1.374,1.369,1.369,2472,0
20161125,1.33,1.384,1.32,1.384,12147,0
20161128,1.425,1.425,1.354,1.354,29013,0
20161129,1.31,1.359,1.31,1.359,925,0
20161130,1.359,1.359,1.18,1.236,81040,0
20161201,1.28,1.28,1.098,1.098,32954,0
20161202,1.098,1.16,1.098,1.16,19997,0
20161205,1.15,1.15,1.04,1.06,46002,0
20161206,1.098,1.111,1.06,1.111,41234,0
20161207,1.16,1.29,1.12,1.191,24367,0
20161208,1.16,1.16,1.06,1.133,12861,0
20161209,1.135,1.15,1.04,1.08,36136,0
20161212,1.06,1.06,1.05,1.05,15900,0
20161213,1.1,1.119,1.1,1.119,4981,0
20161214,1.12,1.137,1.091,1.091,25269,0
20161215,1.14,1.149,1.116,1.116,15468,0
20161216,1.11,1.15,1.11,1.14,8623,0
20161219,1.14,1.211,1.14,1.141,18339,0
20161220,1.144,1.2,1.144,1.15,8702,0
20161221,1.14,1.15,1.12,1.12,39571,0
20161222,1.131,1.131,1.08,1.08,18728,0
20161223,1.1,1.13,1.078,1.13,10930,0
20161227,1.077,1.1,1.05,1.055,40325,0
20161228,1.09,1.2,1.071,1.075,51987,0
20161229,1.1,1.119,1.071,1.087,42366,0
20161230,1.051,1.1,1.051,1.07,33601,0
20170102,1.1,1.105,1.1,1.105,4341,0
20170103,1.1,1.12,1.08,1.12,28811,0
20170104,1.12,1.14,1.104,1.104,8277,0
20170105,1.142,1.15,1.121,1.15,8680,0
20170106,1.189,1.189,1.14,1.189,1597,0
20170109,1.2,1.25,1.199,1.25,19012,0
20170110,1.24,1.324,1.24,1.305,27030,0
20170111,1.264,1.31,1.256,1.256,20861,0
20170112,1.3,1.36,1.3,1.36,9867,0
20170113,1.385,1.39,1.293,1.295,36351,0
20170116,1.28,1.341,1.28,1.341,2279,0
20170117,1.311,1.35,1.3,1.34,10285,0
20170118,1.349,1.35,1.349,1.35,1489,0
20170119,1.35,1.35,1.35,1.35,7600,0
20170120,1.316,1.35,1.307,1.33,11168,0
20170123,1.306,1.35,1.306,1.35,4346,0
20170124,1.311,1.349,1.31,1.31,600,0
20170125,1.311,1.348,1.281,1.31,15962,0
20170126,1.348,1.348,1.348,1.348,162,0
20170127,1.348,1.35,1.311,1.35,3252,0
20170130,1.35,1.35,1.35,1.35,4606,0
20170131,1.35,1.369,1.35,1.351,8979,0
20170201,1.352,1.352,1.352,1.352,260,0
20170202,1.361,1.38,1.36,1.38,7834,0
20170203,1.36,1.36,1.302,1.303,53031,0
20170206,1.303,1.303,1.299,1.303,6411,0
20170207,1.3,1.303,1.3,1.303,3000,0
20170208,1.313,1.313,1.313,1.313,617,0
20170209,1.3,1.3,1.215,1.215,31344,0
20170210,1.239,1.239,1.18,1.231,24859,0
20170213,1.24,1.24,1.176,1.18,29293,0
20170214,1.146,1.237,1.146,1.237,1251,0
20170215,1.238,1.238,1.15,1.19,15241,0
20170216,1.16,1.22,1.16,1.22,6311,0
20170217,1.25,1.25,1.21,1.237,9807,0
20170220,1.234,1.234,1.234,1.234,1844,0
20170221,1.234,1.24,1.234,1.239,5215,0
20170222,1.239,1.239,1.239,1.239,472,0
20170223,1.239,1.239,1.239,1.239,150,0
20170224,1.225,1.244,1.205,1.244,11148,0
20170227,1.245,1.245,1.245,1.245,635,0
20170228,1.219,1.219,1.219,1.219,141,0
20170301,1.18,1.21,1.18,1.181,2983,0
20170302,1.22,1.22,1.15,1.211,5444,0
20170303,1.161,1.22,1.161,1.22,2204,0
20170306,1.2,1.2,1.2,1.2,1300,0
20170307,1.219,1.219,1.219,1.219,138,0
20170309,1.22,1.22,1.2,1.22,2930,0
20170310,1.2,1.2,1.15,1.15,29134,0
20170313,1.15,1.219,1.15,1.19,9551,0
20170314,1.16,1.22,1.16,1.22,5500,0
20170316,1.219,1.219,1.219,1.219,165,0
20170317,1.199,1.2,1.199,1.2,14000,0
20170320,1.219,1.399,1.219,1.334,59541,0
20170321,1.331,1.331,1.263,1.263,19136,0
20170322,1.251,1.251,1.25,1.25,250,0
20170323,1.25,1.401,1.25,1.401,44215,0
