Date,Open,High,Low,Close,Volume,OpenInt
20150511,21.95,22.949,21.353,21.691,241766,0
20150512,21.794,21.892,21.26,21.402,61057,0
20150513,21.421,21.843,21.098,21.25,102527,0
20150514,21.079,21.255,20.961,21.162,14833,0
20150515,21.255,21.549,21.177,21.338,56814,0
20150518,22.029,22.029,21.098,21.465,56221,0
20150519,21.549,21.843,21.157,21.25,51980,0
20150520,21.255,21.255,20.667,20.883,69773,0
20150521,21.01,21.255,20.902,21.191,16136,0
20150522,21.157,21.255,20.667,20.765,95935,0
20150526,20.912,20.912,20.515,20.515,35898,0
20150527,20.569,20.765,20.329,20.52,86514,0
20150528,20.471,20.53,20.226,20.422,24305,0
20150529,20.422,20.422,20.236,20.422,26779,0
20150601,20.236,20.569,20.231,20.3,45769,0
20150602,20.138,20.187,19.252,20.031,109136,0
20150603,19.928,20.079,19.604,19.604,33972,0
20150604,19.541,19.541,19.002,19.257,19528,0
20150605,19.198,19.443,18.664,19.1,96287,0
20150608,19.09,19.1,18.762,18.953,42066,0
20150609,18.953,18.997,18.811,18.885,15912,0
20150610,18.836,19.717,18.772,19.59,50767,0
20150611,19.6,19.82,19.247,19.394,57600,0
20150612,19.394,19.536,19.12,19.394,40619,0
20150615,19.193,19.198,18.708,18.708,23790,0
20150616,18.708,18.806,18.121,18.61,62890,0
20150617,18.61,18.953,18.468,18.468,9565,0
20150618,18.365,18.806,18.199,18.463,16076,0
20150619,18.316,18.512,17.337,18.218,75531,0
20150622,18.463,18.855,18.316,18.61,28199,0
20150623,19.198,19.947,18.566,18.61,68329,0
20150624,18.855,19.1,18.414,18.61,82437,0
20150625,18.61,19.061,18.61,18.855,29873,0
20150626,18.718,19.002,18.718,18.806,16292,0
20150629,18.61,18.801,18.365,18.61,38869,0
20150630,18.61,18.635,18.375,18.561,18198,0
20150701,18.733,19.198,18.61,18.728,21017,0
20150702,18.826,18.88,18.488,18.591,13683,0
20150703,18.615,18.899,18.61,18.801,13720,0
20150706,18.757,19.1,18.63,18.855,32889,0
20150707,19.1,19.1,18.86,18.86,12979,0
20150708,18.904,19.031,18.806,19.002,64139,0
20150709,18.997,19.095,18.855,19.09,11658,0
20150710,19.149,19.982,19.149,19.59,81502,0
20150713,19.786,20.031,19.59,19.884,56736,0
20150714,20.031,20.031,19.551,19.639,25325,0
20150715,19.776,19.781,19.1,19.1,16955,0
20150716,19.198,19.688,19.11,19.678,33824,0
20150717,19.732,19.732,19.281,19.492,14439,0
20150720,19.58,20.031,19.394,19.688,30215,0
20150721,19.884,19.884,19.394,19.394,40408,0
20150722,19.296,19.795,19.198,19.59,35282,0
20150723,19.805,19.805,19.394,19.394,17544,0
20150724,19.59,19.737,19.443,19.688,21935,0
20150727,19.737,19.737,19.247,19.247,16835,0
20150728,19.374,19.394,19.247,19.394,14939,0
20150729,19.394,19.394,18.826,19.149,21162,0
20150730,19.1,19.208,18.958,18.958,6678,0
20150731,18.992,19.002,18.434,18.566,28745,0
20150803,18.708,19.34,18.664,19.1,21823,0
20150804,19.325,19.364,18.772,18.855,39885,0
20150805,19.198,19.247,18.86,19.056,24993,0
20150806,19.198,19.394,19.105,19.296,29344,0
20150807,19.345,19.688,18.855,19.1,90149,0
20150810,19.443,19.443,18.708,19.149,22812,0
20150811,19.443,19.688,18.708,19.1,42521,0
20150812,18.821,19.1,18.61,18.669,15277,0
20150813,18.938,19.071,18.806,18.875,12168,0
20150814,18.875,19.59,18.855,18.875,12751,0
20150817,19.198,19.536,19.002,19.492,31368,0
20150818,19.541,19.541,19.002,19.296,21472,0
20150819,19.1,19.105,18.169,18.218,57926,0
20150820,18.512,18.561,17.298,17.435,68758,0
20150821,17.337,17.445,17.028,17.141,70246,0
20150824,16.162,17.288,15.868,16.651,125129,0
20150825,17.014,17.508,16.896,17.435,82195,0
20150826,17.435,18.184,17.435,17.827,69037,0
20150827,18.121,18.218,17.778,17.827,48026,0
20150828,18.14,18.463,18.14,18.414,8623,0
20150831,18.414,18.414,18.243,18.414,5181,0
20150901,18.243,18.253,17.925,18.14,4045,0
20150902,18.277,18.414,18.267,18.326,2588,0
20150903,18.498,19.051,18.498,18.933,26104,0
20150904,19.335,19.335,18.522,18.522,17216,0
20150907,18.855,18.855,18.081,18.081,8795,0
20150908,18.228,18.806,18.228,18.674,23969,0
20150909,18.992,19.051,18.429,18.61,13858,0
20150910,18.6,18.61,18.326,18.326,12455,0
20150911,18.414,18.61,18.316,18.346,12268,0
20150914,18.507,18.507,18.321,18.409,618,0
20150915,18.321,18.454,17.533,18.454,50503,0
20150916,18.488,18.87,18.409,18.87,15027,0
20150917,18.904,18.904,18.238,18.238,12155,0
20150918,18.072,18.757,18.072,18.454,42725,0
20150921,18.405,18.532,17.827,18.532,12643,0
20150922,18.478,18.532,17.974,18.228,19656,0
20150923,18.194,18.512,18.121,18.512,9064,0
20150924,18.537,18.566,17.523,17.523,13381,0
20150925,17.494,17.9,16.749,16.837,42118,0
20150928,16.661,16.965,16.661,16.847,45764,0
20150929,16.651,17.019,16.465,16.847,49230,0
20150930,17.327,18.003,17.19,18.003,8940,0
20151001,17.876,17.876,17.396,17.396,15781,0
20151002,17.396,17.631,17.396,17.577,16523,0
20151005,17.778,18.072,17.572,18.072,9136,0
20151006,18.072,18.855,17.739,18.463,19112,0
20151007,18.708,18.997,18.365,18.625,11540,0
20151008,18.532,18.532,18.116,18.145,7832,0
20151009,18.316,18.904,18.238,18.816,16592,0
20151012,18.88,18.904,18.032,18.356,22764,0
20151013,18.478,18.478,18.023,18.067,3929,0
20151014,18.272,18.272,17.606,17.606,13381,0
20151015,17.787,18.14,17.729,18.14,5207,0
20151016,18.121,18.179,17.827,17.827,8208,0
20151019,18.199,18.199,17.856,17.856,12488,0
20151020,17.993,18.018,17.596,17.596,10956,0
20151021,17.817,17.969,17.464,17.528,11653,0
20151022,17.626,17.631,17.298,17.533,27550,0
20151023,17.631,17.885,17.366,17.366,25337,0
20151026,17.298,17.528,16.651,16.651,29506,0
20151027,16.994,17.582,16.842,16.896,51524,0
20151028,17.019,17.425,16.896,16.896,37544,0
20151029,16.95,17.778,16.95,17.631,29171,0
20151030,17.807,18.169,17.65,17.885,17776,0
20151102,18.111,18.297,17.479,18.062,15358,0
20151103,17.876,18.307,17.876,18.302,3271,0
20151104,18.209,18.463,18.14,18.179,8857,0
20151105,18.375,18.503,17.836,17.836,14401,0
20151106,18.214,18.503,18.013,18.204,9432,0
20151109,18.13,18.312,17.993,18.121,5993,0
20151110,18.008,18.008,17.641,17.729,10492,0
20151111,17.861,17.925,17.405,17.435,21298,0
20151112,17.386,17.405,17.244,17.337,11655,0
20151113,17.474,17.915,17.366,17.915,21675,0
20151116,17.67,17.944,17.631,17.631,8865,0
20151117,17.729,18.023,17.68,17.68,11308,0
20151118,18.307,18.454,17.783,17.827,35992,0
20151119,18.121,18.39,18.116,18.121,28243,0
20151120,18.316,18.375,17.895,18.218,32234,0
20151123,18.493,18.493,17.983,18.13,25425,0
20151124,18.267,18.292,17.876,18.199,13873,0
20151125,18.111,18.414,17.974,18.316,50206,0
20151126,18.307,18.356,18.14,18.316,20699,0
20151127,18.267,18.316,18.072,18.316,30229,0
20151130,18.316,19.031,18.218,18.708,202265,0
20151201,18.845,19.051,18.757,18.948,12539,0
20151202,18.933,19.071,18.885,19.051,8550,0
20151203,19.051,19.051,18.566,18.61,18399,0
20151204,18.61,18.924,18.228,18.321,15731,0
20151207,18.512,18.742,18.218,18.742,11654,0
20151208,18.61,18.929,18.121,18.316,15935,0
20151209,18.277,18.694,18.174,18.449,11996,0
20151210,18.13,18.409,18.13,18.38,3953,0
20151211,18.561,18.708,17.846,18.463,26813,0
20151214,18.6,18.6,17.778,17.925,10710,0
20151215,17.925,18.38,17.812,18.38,12674,0
20151216,18.596,18.61,18.302,18.61,17092,0
20151217,18.13,18.698,18.13,18.551,16850,0
20151218,18.507,18.6,18.341,18.512,16366,0
20151221,18.512,18.512,18.321,18.414,8306,0
20151222,18.36,18.517,18.179,18.321,9039,0
20151223,18.169,18.581,18.13,18.581,11424,0
20151228,18.581,18.581,18.018,18.018,4218,0
20151229,18.032,18.414,18.032,18.414,7271,0
20151230,18.414,18.414,18.15,18.414,21142,0
20160104,18.365,18.61,18.13,18.169,9954,0
20160105,18.101,18.791,18.101,18.449,18943,0
20160106,18.169,18.194,17.616,17.616,16639,0
20160107,17.141,18.277,17.053,18.023,40656,0
20160108,17.925,17.925,17.631,17.631,8921,0
20160111,17.631,17.92,17.631,17.739,8357,0
20160112,17.925,18.057,17.499,17.719,20808,0
20160113,17.778,18.218,17.719,17.783,29001,0
20160114,17.636,17.714,17.342,17.386,23056,0
20160115,17.435,17.435,17.063,17.229,14140,0
20160118,17.224,17.224,16.122,16.338,30490,0
20160119,16.553,17.087,16.553,16.867,3955,0
20160120,16.73,16.73,15.887,16.206,25045,0
20160121,16.015,16.739,16.015,16.402,13374,0
20160122,16.651,16.935,16.524,16.818,58025,0
20160125,17.249,17.415,16.622,16.705,22379,0
20160126,16.7,16.7,16.259,16.416,26406,0
20160127,16.553,16.553,16.113,16.162,32849,0
20160128,16.162,16.357,15.897,16.162,19612,0
20160129,16.064,16.259,16.064,16.064,8699,0
20160201,16.162,16.25,16.015,16.25,6090,0
20160202,16.162,16.259,15.966,16.142,8086,0
20160203,16.162,16.162,15.471,15.471,29717,0
20160204,15.672,15.77,15.084,15.221,11903,0
20160205,15.158,15.378,15.113,15.3,13058,0
20160208,15.28,15.378,14.506,14.79,75014,0
20160209,14.761,14.761,14.051,14.051,41743,0
20160210,14.212,14.658,14.212,14.301,16769,0
20160211,14.496,14.496,13.664,13.825,29340,0
20160212,13.943,14.301,13.938,14.056,6544,0
20160215,14.31,14.668,14.31,14.496,27139,0
20160216,14.692,14.736,14.349,14.452,21835,0
20160217,14.477,15.388,14.477,15.182,41516,0
20160218,15.084,15.339,15.084,15.334,19243,0
20160219,15.084,15.28,14.829,14.971,17068,0
20160222,14.986,15.182,14.888,15.084,8141,0
20160223,15.133,15.133,14.79,15.05,11136,0
20160224,14.942,15.011,14.692,14.967,9105,0
20160225,14.888,15.172,14.844,14.913,3396,0
20160226,14.986,15.422,14.981,15.167,10017,0
20160229,15.084,15.848,14.918,15.819,19824,0
20160301,15.848,16.064,15.368,15.917,23940,0
20160302,16.152,16.152,15.486,15.486,22796,0
20160303,15.486,16.015,14.986,15.442,48804,0
20160304,15.182,16.651,15.182,16.206,50190,0
20160307,16.357,16.509,16.259,16.485,21191,0
20160308,16.544,16.544,16.162,16.504,20982,0
20160309,16.176,17.033,16.176,16.632,23189,0
20160310,16.455,17.2,16.455,16.641,38743,0
20160311,16.847,17.234,16.744,17.141,20892,0
20160314,17.508,17.582,16.651,16.651,59879,0
20160315,16.945,17.219,16.7,17.131,37561,0
20160316,17.004,17.582,16.862,16.862,60781,0
20160317,17.239,17.337,16.651,16.759,28553,0
20160318,16.857,17.2,16.641,16.921,34455,0
20160321,17.063,17.288,16.695,16.695,44574,0
20160322,16.749,17.019,16.671,16.877,30465,0
20160323,17.082,17.19,16.847,16.867,20683,0
20160324,16.896,17.028,16.749,16.847,16322,0
20160329,17.131,17.131,16.847,16.896,20485,0
20160330,16.945,17.028,16.896,16.945,15160,0
20160331,16.945,17.092,16.896,17.043,22194,0
20160401,17.131,17.131,16.749,16.749,20082,0
20160404,16.916,16.999,16.769,16.837,14449,0
20160405,17.043,17.043,16.72,16.72,12505,0
20160406,16.95,16.994,16.749,16.828,20936,0
20160407,16.994,17.141,16.926,16.945,21918,0
20160408,16.945,17.239,16.945,17.166,13575,0
20160411,16.896,17.327,16.896,17.327,19163,0
20160412,17.141,17.435,17.141,17.435,18059,0
20160413,17.582,17.758,17.489,17.631,26608,0
20160414,17.807,17.866,17.685,17.739,12597,0
20160415,17.435,18.463,17.263,18.312,52189,0
20160418,17.827,18.532,17.827,18.336,49543,0
20160419,18.218,18.698,17.714,17.714,72365,0
20160420,17.636,18.209,17.631,18.209,27547,0
20160421,18.209,18.684,17.734,18.277,56848,0
20160422,18.121,18.4,18.023,18.023,11213,0
20160425,18.023,18.561,18.023,18.258,9268,0
20160426,18.267,18.405,17.934,17.944,3613,0
20160427,17.827,18.243,17.626,17.645,20772,0
20160428,17.925,18.076,17.739,17.841,11725,0
20160429,17.993,18.101,17.827,17.827,3054,0
20160502,17.89,18.116,17.778,17.827,10371,0
20160503,18.072,18.072,17.827,17.876,12447,0
20160504,18.101,18.341,17.925,18.341,18029,0
20160505,18.365,18.37,18.218,18.228,4549,0
20160506,18.316,18.36,18.218,18.218,12186,0
20160509,18.218,18.4,18.218,18.218,25074,0
20160510,18.218,18.659,18.218,18.659,13957,0
20160511,18.659,18.787,18.512,18.708,8233,0
20160512,18.796,18.894,18.61,18.649,9895,0
20160513,18.218,18.733,18.218,18.61,9050,0
20160517,18.894,19.046,18.596,18.806,7278,0
20160518,18.973,18.973,18.61,18.831,6515,0
20160519,18.904,18.953,18.708,18.787,22034,0
20160520,18.493,18.796,18.493,18.708,4839,0
20160523,18.615,18.953,18.61,18.61,5049,0
20160524,18.713,18.948,18.654,18.708,6176,0
20160525,18.953,19.149,18.787,19.149,7908,0
20160526,19.002,19.149,18.909,19.149,1805,0
20160527,19.12,19.12,18.708,18.708,9254,0
20160530,18.992,19.124,18.86,18.982,13622,0
20160531,19.178,19.178,19.002,19.017,5165,0
20160601,19.345,19.345,18.929,19.1,5073,0
20160602,19.1,19.55,19.035,19.255,25532,0
20160603,19.385,19.55,19.385,19.55,14573,0
20160606,19.55,19.74,19.48,19.74,6360,0
20160607,19.69,19.695,19.55,19.55,5863,0
20160608,19.61,19.62,19.535,19.555,3096,0
20160609,19.55,19.635,19.505,19.55,9864,0
20160610,19.55,19.555,19.11,19.45,31327,0
20160613,19.3,19.415,18.695,18.695,31730,0
20160614,18.5,18.5,18.095,18.2,18267,0
20160615,18.175,18.345,18.175,18.345,4836,0
20160616,18.165,18.26,18.075,18.14,9628,0
20160617,18.25,18.7,18.25,18.65,5648,0
20160620,18.715,18.9,18.355,18.6,12005,0
20160621,18.555,19.245,18.555,18.895,26952,0
20160622,18.845,18.935,18.625,18.755,12074,0
20160623,18.73,19.29,18.73,19.28,18319,0
20160624,18.495,18.79,17.98,18.745,13791,0
20160627,18.6,18.72,17.43,17.43,18366,0
20160628,17.795,18.495,17.695,18.225,12844,0
20160629,18.405,18.69,18.3,18.6,5084,0
20160630,18.65,18.715,18.3,18.645,5901,0
20160701,18.7,18.79,18.565,18.79,4180,0
20160704,18.6,18.86,18.395,18.395,3028,0
20160705,18.3,18.425,17.74,18.425,13380,0
20160706,18.69,18.69,17.8,17.88,10922,0
20160707,18,18.14,17.65,17.65,7930,0
20160708,17.705,18.58,17.705,18.575,6127,0
20160711,18.65,18.92,18.405,18.92,4020,0
20160712,18.995,19.275,18.77,19.275,6286,0
20160713,19.1,19.18,18.8,19.13,5527,0
20160714,19.2,19.225,18.85,19.005,1555,0
20160715,18.945,19.005,18.905,18.94,1866,0
20160718,19.115,19.215,18.945,19,3414,0
20160719,19.2,19.2,18.8,19.15,6508,0
20160720,19.095,19.22,19,19.005,6729,0
20160721,19.13,19.155,18.9,19.04,805,0
20160722,18.9,19.215,18.9,19,1496,0
20160725,19,19.05,18.7,18.8,16462,0
20160726,18.805,19.3,18.8,19.2,12419,0
20160727,19.195,19.495,19,19.495,6202,0
20160728,19.5,19.5,18.965,19.2,4743,0
20160729,19.05,19.37,18.8,19.1,10627,0
20160801,19.09,19.32,19.035,19.2,7188,0
20160802,19.2,19.205,18.91,18.91,34171,0
20160803,18.95,19.345,18.95,19.2,18936,0
20160804,19.2,19.215,19.05,19.05,7229,0
20160805,19.05,19.3,18.98,19.25,9250,0
20160808,19.38,19.7,19.215,19.4,9949,0
20160809,19.55,19.55,18.905,19.17,8731,0
20160810,19.39,19.39,18.825,18.975,9004,0
20160811,18.9,19,18.75,18.87,8169,0
20160812,18.775,19.245,18.775,19.12,7631,0
20160815,19.2,19.575,19.195,19.575,20257,0
20160816,19.44,19.55,19.215,19.395,5939,0
20160817,19.2,19.495,19.2,19.485,6365,0
20160818,19.495,19.495,19.25,19.28,4845,0
20160819,19.44,19.98,19.32,19.98,21817,0
20160822,19.91,19.91,19.7,19.82,4429,0
20160823,19.85,19.85,19.57,19.57,3633,0
20160824,19.625,19.65,19.27,19.27,3877,0
20160825,19.27,19.5,19.27,19.285,1666,0
20160826,19.2,19.27,19.06,19.06,2204,0
20160829,19,19.23,18.655,18.655,6715,0
20160830,18.6,19.42,18.6,19.17,4476,0
20160831,19.045,19.5,18.92,19.49,4809,0
20160901,19.495,19.495,19.225,19.495,3072,0
20160902,19.105,19.59,19.105,19.59,8051,0
20160905,19.6,19.93,19.5,19.93,10274,0
20160906,19.805,19.84,19.265,19.265,5498,0
20160907,19.26,19.9,19.25,19.81,3029,0
20160908,19.64,19.64,19.11,19.11,8472,0
20160909,19.245,19.295,19.2,19.255,6336,0
20160912,19.09,19.09,18.92,18.975,2552,0
20160913,19.17,19.445,19.045,19.445,7455,0
20160914,19.345,19.45,19.135,19.285,8188,0
20160915,20,20.45,19.85,20.01,140554,0
20160916,20.48,20.48,19.935,20.27,41065,0
20160919,20.44,20.69,20.345,20.57,6643,0
20160920,20.74,20.9,20.245,20.245,27683,0
20160921,20.5,20.65,20.075,20.075,21764,0
20160922,20.25,20.525,20.15,20.485,36236,0
20160923,20.74,20.74,20.32,20.55,14741,0
20160926,20.74,20.74,20.2,20.2,13639,0
20160927,20.375,20.55,20.15,20.175,9486,0
20160928,20.265,20.4,20.26,20.26,7779,0
20160929,20.28,20.61,20.235,20.26,6865,0
20160930,20.155,20.6,20.155,20.4,7778,0
20161004,20.77,20.955,20.485,20.65,19354,0
20161005,20.48,20.65,20.345,20.495,15068,0
20161006,20.25,20.31,20.15,20.3,21545,0
20161007,20.155,20.495,20.155,20.475,2007,0
20161010,20.3,20.45,20.175,20.205,6981,0
20161011,20.15,20.295,20.06,20.1,5093,0
20161012,20.05,20.195,20.05,20.05,5404,0
20161013,20.05,20.2,20.05,20.07,2991,0
20161014,20.07,20.2,20.02,20.15,4555,0
20161017,20.28,20.28,20.02,20.2,4205,0
20161018,20.105,20.2,19.925,20,5144,0
20161019,19.92,20.185,19.825,19.825,6605,0
20161020,19.9,20.145,19.42,19.42,24185,0
20161021,19.42,19.42,18.915,19.1,11543,0
20161024,18.915,20.1,18.915,19.9,5759,0
20161025,19.885,20.1,19.365,19.6,9649,0
20161026,19.5,19.575,19.22,19.22,11968,0
20161027,19.32,19.92,19.32,19.91,12638,0
20161028,19.665,20.16,19.655,20.16,12564,0
20161031,20.2,20.2,19.99,20.2,5334,0
20161101,20.1,20.16,19.9,19.905,1498,0
20161102,19.515,19.67,19.505,19.535,5819,0
20161103,19.695,19.85,19.505,19.535,2514,0
20161104,19.5,19.69,19.15,19.15,9219,0
20161107,19.11,19.765,19.11,19.72,5200,0
20161108,19.67,19.73,18.955,18.955,10469,0
20161109,17.62,19,17.51,19,23938,0
20161110,18.995,19.155,18.68,18.92,16254,0
20161111,18.985,19,18.95,18.97,4029,0
20161114,19.3,19.3,18.52,18.52,5398,0
20161115,18.7,19,18.7,19,7063,0
20161116,18.9,19.2,18.88,19.065,12558,0
20161117,19,19,18.625,18.75,15636,0
20161118,18.76,19.25,18.76,19.145,12398,0
20161121,19.25,19.25,18.7,18.85,8407,0
20161122,18.7,18.705,18.455,18.455,16734,0
20161123,18.48,18.85,18.48,18.65,8120,0
20161124,18.7,18.845,18.605,18.755,2892,0
20161125,18.72,18.84,18.7,18.72,8959,0
20161128,18.82,18.82,18.7,18.71,6239,0
20161129,18.71,18.715,18.5,18.55,25529,0
20161130,18.72,18.73,18.54,18.65,21859,0
20161201,18.7,18.7,18.48,18.59,12672,0
20161202,18.485,18.57,18.005,18.05,5920,0
20161205,18.39,18.445,18.105,18.35,10479,0
20161206,18.325,18.37,18.235,18.28,8616,0
20161207,18.3,18.305,18.025,18.08,30834,0
20161208,18,18.63,18,18.63,8674,0
20161209,18.6,18.6,17.9,18.25,17680,0
20161212,18.25,18.385,18.25,18.26,3884,0
20161213,18.25,18.59,18.25,18.365,6157,0
20161214,18.375,18.71,18.325,18.71,12093,0
20161215,18.55,18.55,18.2,18.25,11492,0
20161216,18.35,18.45,18.21,18.21,3115,0
20161219,18.365,18.415,18.18,18.23,12207,0
20161220,18.2,18.505,18.075,18.15,18658,0
20161221,18.075,18.31,18.07,18.22,9646,0
20161222,18.15,18.235,18.1,18.12,5114,0
20161223,18.095,18.095,17.715,17.715,13206,0
20161227,17.85,17.95,17.675,17.825,7202,0
20161228,17.83,17.9,17.7,17.76,7637,0
20161229,17.72,17.845,17.6,17.705,12803,0
20161230,17.605,17.9,17.6,17.9,5954,0
20170102,18,18.24,17.865,18,3862,0
20170103,18.33,18.33,18.015,18.015,6598,0
20170104,18,18.28,18,18.25,7910,0
20170105,18.3,18.43,18.11,18.11,10248,0
20170106,18.115,18.36,18.11,18.25,9147,0
20170109,18.12,18.475,18.12,18.205,13738,0
20170110,18.3,18.445,18.23,18.4,6950,0
20170111,18.395,18.475,18.275,18.475,3844,0
20170112,18.315,18.32,17.955,17.985,7139,0
20170113,17.99,18.26,17.91,18.195,26426,0
20170116,18.25,18.25,18.04,18.155,3807,0
20170117,18.03,18.145,18.01,18.12,8891,0
20170118,18.02,18.275,18.01,18.075,6755,0
20170119,18.05,18.13,18.01,18.085,4422,0
20170120,18.1,18.45,18.1,18.3,17988,0
20170123,18.41,18.41,18.22,18.3,2304,0
20170124,18.24,18.46,18.175,18.29,5746,0
20170125,18.345,18.695,18.24,18.46,19124,0
20170126,18.41,18.6,17.905,18.05,59997,0
20170127,18.23,18.385,18.095,18.28,7237,0
20170130,18.285,18.69,18.285,18.515,7950,0
20170131,18.515,18.665,18.26,18.3,19205,0
20170201,18.3,18.88,18.15,18.34,41925,0
20170202,18.25,18.475,18.25,18.26,17056,0
20170203,18.4,18.725,18.365,18.595,13173,0
20170206,18.6,18.965,18.6,18.69,6821,0
20170207,18.695,18.755,18.305,18.75,9231,0
20170208,18.75,18.75,18.41,18.41,10100,0
20170209,18.355,18.475,18.2,18.22,7155,0
20170210,18.365,18.48,18.2,18.23,7023,0
20170213,18.285,18.285,18.175,18.2,5614,0
20170214,18.3,18.39,18.14,18.225,12255,0
20170215,18.25,18.3,18.235,18.3,3848,0
20170216,18.2,18.365,18.2,18.305,1654,0
20170217,18.28,18.35,18.25,18.27,2755,0
20170220,18.25,18.28,18.11,18.2,11005,0
20170221,18.245,18.295,18.2,18.245,4206,0
20170222,18.155,18.265,18.115,18.2,8741,0
20170223,18.35,18.35,18.105,18.105,11133,0
20170224,18.105,18.18,18.055,18.135,5776,0
20170227,18.25,18.28,17.71,17.935,29173,0
20170228,18,18,17.71,17.71,14266,0
20170301,17.75,18.015,17.71,17.855,10758,0
20170302,18,18.085,17.915,18.015,3230,0
20170303,18.09,18.1,17.95,18.07,4090,0
20170306,18.1,18.1,17.96,17.985,13084,0
20170307,18.045,18.08,17.99,18.03,15554,0
20170308,18.1,18.1,17.96,17.97,12506,0
20170309,18.095,18.095,17.9,18,3603,0
20170310,18.06,18.08,17.9,17.94,16564,0
20170313,17.935,18,17.91,17.91,8337,0
20170314,18.1,18.3,17.905,17.905,43200,0
20170315,17.995,18,17.86,17.865,23483,0
20170316,17.86,18.225,17.86,18,26292,0
20170317,18,18.3,17.86,18.3,47872,0
20170320,18.44,18.74,18.12,18.43,32199,0
20170321,18.78,19.11,18.5,18.5,53098,0
20170322,18.5,18.5,18.21,18.3,7646,0
20170323,18.26,18.39,18.1,18.1,16608,0
