Date,Open,High,Low,Close,Volume,OpenInt
20090406,1.3417,1.3812,1.3318,1.3812,53,0
20090407,1.3417,1.3812,1.3318,1.3614,316,0
20090408,1.3121,1.4108,1.3121,1.3713,189,0
20090414,1.322,1.3812,1.322,1.3812,50,0
20090416,1.3417,1.391,1.3318,1.391,50,0
20090417,1.3417,1.4502,1.3318,1.4502,608,0
20090420,1.3812,1.4502,1.3812,1.4009,212,0
20090421,1.3516,1.4009,1.3318,1.3614,1646,0
20090422,1.322,1.4009,1.322,1.4009,955,0
20090423,1.3417,1.4009,1.3318,1.3318,1209,0
20090427,1.3318,1.391,1.2826,1.2826,901,0
20090428,1.2726,1.3812,1.2332,1.3318,1709,0
20090430,1.2924,1.3318,1.2332,1.3318,202,0
20090504,1.3022,1.3318,1.2826,1.3318,1166,0
20090505,1.2826,1.391,1.2826,1.391,1207,0
20090511,1.3417,1.4305,1.3417,1.4305,1521,0
20090515,1.391,1.4502,1.3614,1.3614,1618,0
20090518,1.3022,1.3614,1.3022,1.3614,1140,0
20090520,1.3417,1.3812,1.3318,1.3614,354,0
20090522,1.3318,1.3713,1.3318,1.3614,202,0
20090525,1.3318,1.3812,1.2332,1.3417,2570,0
20090526,1.2826,1.391,1.2826,1.391,4156,0
20090529,1.3516,1.391,1.2924,1.3417,1900,0
20090602,1.2826,1.3812,1.243,1.3812,5592,0
20090605,1.3417,1.3812,1.3318,1.3318,50,0
20090609,1.3022,1.3318,1.2726,1.3318,132,0
20090610,1.2924,1.3318,1.2332,1.3318,1696,0
20090611,1.2924,1.3318,1.2826,1.3318,102,0
20090615,1.2924,1.3417,1.2924,1.3022,223,0
20090616,1.253,1.3022,1.243,1.3022,62,0
20090617,1.2628,1.3022,1.243,1.2826,344,0
20090622,1.243,1.2826,1.2332,1.2826,62,0
20090623,1.2332,1.2826,1.2332,1.2826,1068,0
20090625,1.243,1.4798,1.2332,1.3812,1985,0
20090629,1.322,1.4798,1.3121,1.4305,3711,0
20090701,1.4305,1.4305,1.3713,1.3713,553,0
20090706,1.3318,1.4502,1.3318,1.4009,951,0
20090710,1.3417,1.4502,1.3417,1.4502,1901,0
20090713,1.391,1.4601,1.3614,1.3614,102,0
20090720,1.3614,1.4305,1.3516,1.4305,1521,0
20090723,1.4206,1.4601,1.4108,1.4108,102,0
20090724,1.3516,1.4404,1.3516,1.4404,272,0
20090727,1.4502,1.5094,1.4009,1.5094,1014,0
20090729,1.4699,1.5291,1.4305,1.4305,62,0
20090731,1.4995,1.4995,1.4009,1.4009,809,0
20090803,1.4502,1.5094,1.3516,1.5094,1745,0
20090805,1.4699,1.5687,1.4699,1.5687,1115,0
20090806,1.5193,1.5489,1.4897,1.5489,2,0
20090812,1.5687,1.5687,1.4601,1.4601,127,0
20090813,1.5193,1.5785,1.4699,1.5785,15204,0
20090814,1.5687,1.5687,1.5291,1.539,1135,0
20090824,1.539,1.5983,1.5291,1.5983,1014,0
20090826,1.539,1.6673,1.539,1.6673,2249,0
20090827,1.5983,1.6771,1.5983,1.6179,62,0
20090828,1.5785,1.6673,1.5785,1.5883,1076,0
20090902,1.5785,1.5785,1.4995,1.4995,158,0
20090907,1.4798,1.5291,1.4699,1.4798,152,0
20090909,1.4699,1.5291,1.4699,1.4798,2536,0
20090910,1.4798,1.4897,1.4798,1.4897,759,0
20090911,1.4897,1.5193,1.4897,1.4897,1458,0
20090914,1.4305,1.5587,1.4305,1.5587,2279,0
20090915,1.4995,1.5587,1.4009,1.5291,4054,0
20090917,1.4995,1.5587,1.4995,1.4995,75,0
20090918,1.4798,1.5193,1.4798,1.4897,62,0
20090921,1.4699,1.4995,1.4699,1.4897,126,0
20090922,1.4897,1.4995,1.391,1.4897,632,0
20090923,1.4798,1.4897,1.4798,1.4798,3041,0
20090925,1.4206,1.4798,1.3812,1.4601,1216,0
20090928,1.4206,1.4798,1.4009,1.4502,912,0
20090929,1.4009,1.4798,1.4009,1.4798,507,0
20090930,1.4502,1.4699,1.4502,1.4502,1419,0
20091001,1.4404,1.4601,1.4108,1.4305,50,0
20091008,1.3614,1.391,1.3121,1.3614,400,0
20091009,1.3614,1.391,1.3614,1.3713,564,0
20091012,1.3713,1.4305,1.3614,1.4206,468,0
20091013,1.3713,1.4206,1.3614,1.4108,304,0
20091016,1.3713,1.4009,1.3713,1.3812,62,0
20091019,1.3713,1.4009,1.3614,1.3614,3394,0
20091023,1.3713,1.4206,1.3614,1.3713,102,0
20091027,1.3812,1.4404,1.3812,1.391,304,0
20091102,1.4108,1.4601,1.3812,1.4108,3247,0
20091103,1.3713,1.4206,1.3713,1.3713,2027,0
20091104,1.322,1.4108,1.322,1.322,507,0
20091105,1.2628,1.3713,1.174,1.2726,4720,0
20091106,1.2332,1.3318,1.2332,1.2332,304,0
20091111,1.243,1.3318,1.2332,1.3318,1014,0
20091112,1.3318,1.3614,1.3318,1.3417,254,0
20091116,1.3516,1.3812,1.3318,1.3812,1924,0
20091117,1.3318,1.4305,1.3318,1.3812,95,0
20091118,1.3318,1.3812,1.3318,1.3417,221,0
20091119,1.3318,1.4108,1.2726,1.2726,7411,0
20091123,1.2924,1.3812,1.2826,1.2924,1347,0
20091124,1.3121,1.3318,1.2826,1.2924,406,0
20091125,1.2924,1.3713,1.2826,1.2924,127,0
20091127,1.2628,1.4798,1.2628,1.4798,3386,0
20091201,1.4897,1.5193,1.4798,1.4798,98,0
20091202,1.4699,1.5883,1.4699,1.539,4219,0
20091203,1.5489,1.5883,1.5291,1.5291,507,0
20091204,1.4798,1.539,1.4798,1.4897,811,0
20091207,1.4798,1.5785,1.4798,1.5785,908,0
20091208,1.5193,1.6278,1.5193,1.5785,1015,0
20091209,1.5687,1.6278,1.5687,1.5687,507,0
20091211,1.5193,1.5687,1.5094,1.5094,202,0
20091214,1.5094,1.5489,1.4897,1.4897,1076,0
20091215,1.4798,1.5489,1.4798,1.4897,1747,0
20091216,1.4897,1.5489,1.4897,1.4995,3539,0
20091217,1.4798,1.5489,1.4798,1.5489,608,0
20091218,1.4995,1.5489,1.4897,1.4897,166,0
20091221,1.4995,1.6081,1.4897,1.6081,2954,0
20091222,1.5489,1.6574,1.4897,1.6574,1014,0
20091223,1.5587,1.5587,1.5489,1.5587,2275,0
20091228,1.5587,1.5587,1.5489,1.5489,50,0
20091230,1.5489,1.6771,1.5489,1.5489,4150,0
20100105,1.5489,1.5597,1.5489,1.5597,126,0
20100107,1.5587,1.5687,1.5587,1.5687,62,0
20100112,1.5587,1.5687,1.5587,1.5587,3352,0
20100113,1.5499,1.5587,1.4147,1.4147,2962,0
20100118,1.4404,1.4404,1.3762,1.3762,1470,0
20100120,1.3713,1.4305,1.3713,1.3762,164,0
20100121,1.3812,1.4305,1.3713,1.4305,1014,0
20100122,1.3742,1.4798,1.3713,1.4798,3725,0
20100126,1.4798,1.5094,1.3318,1.5094,256,0
20100127,1.4828,1.5094,1.4828,1.4995,1014,0
20100201,1.4216,1.4995,1.4206,1.4236,188,0
20100202,1.4305,1.4995,1.4206,1.4305,900,0
20100203,1.4256,1.4995,1.4206,1.4236,114,0
20100205,1.4236,1.4995,1.4206,1.4236,304,0
20100208,1.4443,1.4995,1.4206,1.4236,67,0
20100209,1.4236,1.4995,1.4206,1.4236,659,0
20100210,1.4206,1.4995,1.4206,1.4798,507,0
20100212,1.4897,1.5193,1.4897,1.5094,3225,0
20100216,1.4927,1.5469,1.4206,1.5469,4577,0
20100217,1.5489,1.5489,1.4798,1.5291,3041,0
20100218,1.4897,1.5983,1.4897,1.4995,62,0
20100224,1.4995,1.4995,1.4897,1.4907,189,0
20100226,1.4995,1.4995,1.4897,1.4917,126,0
20100301,1.5094,1.5094,1.4897,1.4897,50,0
20100303,1.4897,1.4995,1.4798,1.4798,3041,0
20100304,1.4236,1.5371,1.4206,1.4798,2179,0
20100305,1.4325,1.4995,1.4305,1.4305,7499,0
20100308,1.4404,1.4857,1.4305,1.4404,3025,0
20100309,1.4256,1.6081,1.4256,1.6081,4662,0
20100310,1.4818,1.5291,1.4305,1.5291,6921,0
20100311,1.4719,1.5489,1.4699,1.5489,2027,0
20100312,1.4798,1.4995,1.4699,1.4699,7095,0
20100315,1.4601,1.6278,1.4601,1.4897,14186,0
20100316,1.4897,1.6969,1.4897,1.6969,7453,0
20100317,1.5785,1.6899,1.5587,1.6899,2196,0
20100318,1.5617,1.687,1.5617,1.6821,1578,0
20100322,1.6209,1.687,1.6209,1.6771,4969,0
20100323,1.6643,1.6643,1.6278,1.6327,62,0
20100324,1.6357,1.6574,1.6278,1.6327,62,0
20100326,1.6781,1.835,1.6771,1.835,1289,0
20100331,1.8982,1.9928,1.8942,1.9928,1115,0
20100401,1.905,1.905,1.8942,1.8982,2216,0
20100406,1.908,1.9928,1.8942,1.9928,1001,0
20100407,1.983,1.9928,1.983,1.983,507,0
20100408,1.9731,1.9928,1.9731,1.983,782,0
20100409,1.9869,1.9928,1.983,1.983,4460,0
20100412,1.9148,1.9731,1.8942,1.9238,13694,0
20100413,1.8882,1.904,1.8882,1.8982,1026,0
20100416,1.8853,1.904,1.8024,1.8024,4738,0
20100419,1.7945,1.8982,1.7945,1.8024,902,0
20100422,1.7975,1.8744,1.7975,1.8744,2090,0
20100426,1.8222,1.8744,1.8054,1.8054,1014,0
20100427,1.8004,1.8744,1.8004,1.8024,316,0
20100428,1.7965,1.8744,1.7965,1.8744,899,0
20100429,1.8074,1.8074,1.7067,1.7077,304,0
20100430,1.8222,1.835,1.8222,1.8251,420,0
20100504,1.8686,1.8744,1.8686,1.8744,1521,0
20100507,1.7432,1.7758,1.7432,1.7561,1622,0
20100510,1.7521,1.7758,1.6969,1.7363,2560,0
20100512,1.7482,1.8251,1.7482,1.8251,5068,0
20100513,1.7896,1.8251,1.7561,1.8251,3041,0
20100514,1.7551,1.8152,1.7551,1.7649,1014,0
20100517,1.7432,1.7659,1.7077,1.7077,608,0
20100518,1.7866,1.7866,1.6081,1.6131,1887,0
20100520,1.6021,1.6179,1.6021,1.6131,744,0
20100524,1.5242,1.5252,1.5094,1.5183,1301,0
20100601,1.4709,1.5983,1.4699,1.5883,228,0
20100602,1.4621,1.5883,1.4502,1.4709,316,0
20100604,1.4788,1.6061,1.4532,1.6061,1014,0
20100607,1.4532,1.4532,1.3121,1.4344,1014,0
20100608,1.3318,1.4502,1.3288,1.4502,1014,0
20100609,1.464,1.464,1.4305,1.4305,62,0
20100610,1.4502,1.4502,1.4187,1.4266,507,0
20100611,1.4611,1.4611,1.4187,1.4502,102,0
20100617,1.4433,1.4601,1.4266,1.4601,62,0
20100621,1.4798,1.5371,1.4305,1.5371,1014,0
20100622,1.4571,1.4601,1.4404,1.4502,1014,0
20100628,1.4473,1.5371,1.4473,1.5371,950,0
20100702,1.4709,1.6515,1.465,1.5677,5572,0
20100705,1.6445,1.763,1.6278,1.6771,4649,0
20100706,1.6436,1.6771,1.5844,1.6771,1014,0
20100709,1.6407,1.6407,1.6179,1.6259,286,0
20100712,1.6317,1.6377,1.6259,1.6377,143,0
20100716,1.6317,1.6771,1.6229,1.6229,62,0
20100720,1.6387,1.6771,1.6259,1.6327,62,0
20100722,1.6209,1.6771,1.6209,1.6259,70,0
20100726,1.763,1.8646,1.6061,1.8646,811,0
20100727,1.7561,1.7561,1.7472,1.7551,1267,0
20100802,1.7718,1.7718,1.7472,1.7472,466,0
20100805,1.758,1.758,1.7186,1.7551,1191,0
20100806,1.759,1.759,1.6821,1.6821,6893,0
20100809,1.6771,1.7186,1.6771,1.6899,40,0
20100811,1.6781,1.7186,1.6081,1.6919,113,0
20100812,1.6131,1.7186,1.6131,1.6179,1784,0
20100817,1.6209,1.7186,1.6081,1.6081,122,0
20100819,1.6111,1.7561,1.5983,1.7561,1521,0
20100824,1.6031,1.7186,1.6031,1.6131,102,0
20100825,1.6111,1.7482,1.6061,1.7482,2995,0
20100826,1.6219,1.7186,1.6061,1.6061,316,0
20100827,1.6121,1.7186,1.6061,1.6061,62,0
20100830,1.6189,1.7758,1.6081,1.7758,807,0
20100831,1.7077,1.7265,1.6673,1.6673,5834,0
20100901,1.6199,1.7186,1.6061,1.6081,622,0
20100906,1.6189,1.7186,1.5983,1.6061,62,0
20100907,1.6061,1.7186,1.5114,1.5785,3945,0
20100910,1.5607,1.8862,1.5607,1.8862,17435,0
20100913,1.8152,1.9731,1.8152,1.9731,2635,0
20100914,1.91,1.9721,1.8892,1.8972,6375,0
20100915,1.8251,1.8892,1.8152,1.83,379,0
20100916,1.8952,1.9336,1.8232,1.9238,10291,0
20100917,1.8232,1.9326,1.8152,1.8152,4503,0
20100920,1.7462,1.8518,1.7363,1.8142,691,0
20100921,1.8024,1.8518,1.8024,1.8251,1260,0
20100922,1.8024,1.8518,1.7856,1.8152,8423,0
20100923,1.7393,1.8518,1.7363,1.8251,3097,0
20100924,1.8251,1.8992,1.7561,1.8992,1064,0
20100927,1.8251,1.9158,1.7906,1.9158,317,0
20100928,1.8251,1.8518,1.7906,1.7906,122,0
20101001,1.8251,1.835,1.7906,1.835,1521,0
20101004,1.8251,1.914,1.7906,1.914,658,0
20101005,1.914,1.9158,1.834,1.9158,1014,0
20101006,1.8251,1.9238,1.7906,1.9238,3168,0
20101007,1.8498,2.0224,1.8419,2.0224,7760,0
20101008,1.9168,2.3055,1.9168,2.1408,5996,0
20101011,2.1349,2.1349,2.1211,2.1211,6656,0
20101012,2.1349,2.3055,2.126,2.1704,4058,0
20101013,2.1349,2.2395,2.0609,2.2395,1612,0
20101015,2.1349,2.3184,2.1211,2.1211,7095,0
20101018,2.1349,2.3184,2.126,2.3184,6082,0
20101019,2.2987,2.3055,2.126,2.2987,811,0
20101020,2.2691,2.3085,2.126,2.1704,3103,0
20101022,2.1349,3.0583,2.126,3.0583,169928,0
20101025,2.1408,3.0583,2.1309,3.0583,39228,0
20101026,2.1704,2.9597,2.1309,2.8609,19124,0
20101027,2.7377,2.8541,2.6232,2.7623,12073,0
20101028,2.6666,3.2754,2.6666,3.2556,25755,0
20101029,3.1313,3.7094,3.008,3.5033,56587,0
20101101,3.5033,4.7847,3.4184,3.9659,64085,0
20101102,3.5033,4.4394,3.5033,4.2599,55602,0
20101103,4.2599,4.2717,3.9166,4.0449,9660,0
20101104,3.9462,4.2421,3.7489,4.2421,14764,0
20101105,4.0941,4.1533,3.7982,4.0449,16359,0
20101108,3.8968,4.0941,3.8968,4.0449,24643,0
20101109,4.0449,4.2421,4.0449,4.2323,13598,0
20101110,4.1929,4.2915,4.0567,4.2915,38903,0
20101111,4.1929,4.3211,4.0449,4.2717,8051,0
20101112,4.1681,4.2915,4.0449,4.0547,19719,0
20101115,4.0449,4.2915,4.0449,4.0646,2635,0
20101116,4.0863,4.2717,4.0449,4.1643,10684,0
20101117,4.1633,4.1633,4.0449,4.1445,7814,0
20101118,4.0449,4.0449,3.8978,3.9462,9322,0
20101119,4.0054,4.0449,3.8968,3.9462,2825,0
20101122,3.8672,3.9264,3.6502,3.6581,17257,0
20101123,3.6581,3.8426,3.6207,3.7489,2027,0
20101124,3.6996,3.8426,3.6996,3.6996,2597,0
20101125,3.6858,3.9422,3.4825,3.5121,27409,0
20101126,3.5023,3.6996,3.4825,3.6996,4630,0
20101129,3.6364,4.2865,3.6364,4.1218,66534,0
20101130,4.0508,4.252,4.0005,4.2175,49076,0
20101201,4.1929,4.2717,4.0941,4.1189,8906,0
20101202,4.0941,4.1829,3.8791,3.9896,14407,0
20101203,3.9462,4.1929,3.9462,4.1435,13982,0
20101206,4.0941,4.2421,3.9758,4.2027,9914,0
20101207,4.1731,4.2323,4.0843,4.1041,8131,0
20101208,4.0646,4.1041,3.9245,3.9334,18635,0
20101209,3.8702,3.9363,3.6996,3.8614,8689,0
20101210,3.7756,4.8281,3.67,3.7666,34986,0
20101213,3.6848,3.8772,3.5417,3.6749,10643,0
20101214,3.6305,3.7292,3.3927,3.7292,5011,0
20101215,3.7292,3.9462,3.6147,3.8032,5305,0
20101216,3.7292,3.9462,3.6107,3.9176,3041,0
20101217,3.8218,3.9176,3.6601,3.736,2301,0
20101220,3.6404,3.9462,3.5101,3.8476,4036,0
20101221,3.7804,4.1337,3.67,4.0843,14202,0
20101222,4.034,4.1337,3.8376,3.9373,6210,0
20101223,3.8416,4.0251,3.7489,3.8376,7877,0
20101227,3.7489,4.0311,3.6749,3.8722,2728,0
20101228,3.7982,3.8722,3.6512,3.7499,507,0
20101229,3.6581,3.7992,3.4618,3.7992,3474,0
20101230,3.7065,3.7992,3.5811,3.6502,40,0
20110103,3.6502,3.7992,3.4963,3.741,552,0
20110105,3.5625,3.8061,3.5515,3.6996,6953,0
20110106,3.6502,3.7499,3.4825,3.7499,825,0
20110107,3.6581,3.8782,3.5703,3.8782,28742,0
20110110,3.7834,3.9363,3.6897,3.8486,2282,0
20110111,3.7548,4.0449,3.7548,3.9383,8392,0
20110112,3.8426,4.035,3.7489,3.9432,5369,0
20110113,4.0251,4.0251,3.7578,3.8998,570,0
20110114,3.8574,4.035,3.6996,3.7932,9942,0
20110117,3.7489,3.8476,3.7479,3.7696,731,0
20110118,3.6779,3.816,3.5545,3.7686,3379,0
20110119,3.6591,3.7686,3.6502,3.6838,1622,0
20110120,3.5515,3.7489,3.5515,3.6867,3524,0
20110121,3.5515,3.7084,3.5515,3.7084,127,0
20110124,3.6552,3.812,3.5515,3.6335,122,0
20110125,3.5515,3.7558,3.5515,3.5515,1922,0
20110126,3.5515,3.887,3.5515,3.7568,1424,0
20110127,3.6473,3.887,3.5515,3.7094,1382,0
20110128,3.593,3.7094,3.5515,3.6897,620,0
20110131,3.5555,3.7588,3.5515,3.6552,3509,0
20110201,3.5545,3.6552,3.5417,3.6049,3700,0
20110202,3.5515,3.6591,3.5515,3.6591,1039,0
20110203,3.5525,3.6591,3.5417,3.6039,760,0
20110204,3.5515,3.7489,3.4489,3.739,9628,0
20110207,3.6798,3.814,3.6207,3.814,2873,0
20110208,3.7686,3.8968,3.666,3.892,11332,0
20110209,3.7982,4.0251,3.7686,3.9363,3230,0
20110210,3.8968,3.8968,3.67,3.7637,1977,0
20110211,3.6404,3.7952,3.5319,3.7084,1318,0
20110214,3.5357,3.6867,3.4303,3.6719,9040,0
20110215,3.6009,4.0843,3.6009,4.0843,50042,0
20110216,3.9462,4.1041,3.9462,4.0093,3472,0
20110217,3.9462,4.3902,3.9462,4.3408,18679,0
20110218,4.2915,4.4394,4.0813,4.3754,21004,0
20110221,4.3102,4.3754,4.0449,4.2185,4834,0
20110222,4.0508,4.2421,3.9462,4.1583,3080,0
20110223,3.9373,4.1583,3.8238,4.1287,5053,0
20110224,3.9354,4.1287,3.7686,3.8486,2864,0
20110225,3.736,3.9048,3.6285,3.9048,3225,0
20110228,3.8476,4.0103,3.6295,4.0044,2673,0
20110301,3.9462,4.0044,3.6996,3.8446,1330,0
20110302,3.7982,3.8702,3.7982,3.8702,507,0
20110303,3.8702,3.893,3.7982,3.893,140,0
20110304,3.7982,4.0853,3.7982,4.0853,540,0
20110307,3.9857,4.0853,3.8476,4.0459,329,0
20110309,3.8514,4.0449,3.7982,3.9472,367,0
20110310,3.8505,3.9472,3.7982,3.8968,304,0
20110311,3.8476,3.9452,3.8476,3.8978,3041,0
20110314,3.8496,3.8978,3.664,3.8968,6237,0
20110315,3.7321,3.8968,3.5821,3.6197,13705,0
20110316,3.5515,3.9058,3.5515,3.8702,5572,0
20110317,3.7932,3.9048,3.6798,3.8968,809,0
20110318,3.8476,3.8968,3.5871,3.7469,375,0
20110321,3.6374,4.0251,3.4835,4.0251,4726,0
20110322,3.8476,4.4296,3.8476,3.9965,4552,0
20110323,3.8801,4.1929,3.7154,4.1347,2339,0
20110324,4.0143,4.1347,3.8318,3.8968,3041,0
20110328,3.8476,3.8476,3.5811,3.8446,1225,0
20110329,3.7331,3.8446,3.5635,3.7321,127,0
20110330,3.6256,3.7321,3.5515,3.7311,338,0
20110331,3.6246,3.7932,3.5515,3.7932,127,0
20110401,3.7489,3.7932,3.5219,3.7578,202,0
20110404,3.6483,4.1435,3.6483,4.0685,9674,0
20110405,3.9936,4.1435,3.8772,4.1435,1419,0
20110406,4.0231,4.1435,3.8524,4.0241,1191,0
20110407,3.9068,4.0241,3.8968,3.8968,12164,0
20110408,3.7844,3.9955,3.6236,3.9955,962,0
20110411,3.6729,3.9432,3.6601,3.7193,3077,0
20110412,3.6601,3.9955,3.6601,3.9955,1014,0
20110413,3.9462,4.1435,3.669,3.8978,5195,0
20110414,3.7844,3.8978,3.5713,3.7834,336,0
20110415,3.7834,3.7952,3.6009,3.7952,558,0
20110418,3.6996,3.7952,3.6009,3.7627,2487,0
20110419,3.6996,3.7627,3.6107,3.7568,735,0
20110420,3.7568,3.81,3.594,3.81,1135,0
20110427,3.6996,3.808,3.6996,3.7588,451,0
20110428,3.7588,3.7588,3.6996,3.7045,963,0
20110429,3.7045,3.808,3.6009,3.7982,456,0
20110502,3.7489,3.818,3.3543,3.7094,10160,0
20110504,3.6009,3.8968,3.5496,3.8653,1140,0
20110505,3.7844,3.9452,3.6236,3.7854,1424,0
20110506,3.6749,3.7854,3.5191,3.7834,145,0
20110510,3.5673,3.6739,3.4085,3.5673,764,0
20110511,3.4637,3.6009,3.2654,3.6009,3748,0
20110512,3.5515,3.6009,3.448,3.6009,632,0
20110513,3.5515,3.6493,3.5515,3.6009,92,0
20110516,3.5515,3.6502,3.448,3.6502,1014,0
20110518,3.5515,3.6039,3.4499,3.6039,50,0
20110519,3.5515,3.6039,3.4499,3.6039,436,0
20110520,3.5515,3.9087,3.4529,3.7499,6795,0
20110523,3.6404,3.8476,3.5901,3.6522,468,0
20110524,3.5605,3.9709,3.5605,3.8604,4903,0
20110525,3.7746,4.0646,3.6946,3.6946,7860,0
20110527,3.6946,3.6996,3.6009,3.6443,507,0
20110530,3.5989,3.6897,3.5989,3.6877,543,0
20110531,3.5979,3.7588,3.5979,3.7588,62,0
20110603,3.6798,3.7676,3.6078,3.7499,62,0
20110606,3.6798,3.7627,3.5901,3.7588,2078,0
20110607,3.667,3.7627,3.4085,3.4085,3145,0
20110608,3.4085,3.4697,3.1846,3.4697,3913,0
20110609,3.4697,3.5535,3.3227,3.5535,418,0
20110610,3.5535,3.5555,3.4016,3.5555,92,0
20110613,3.5555,3.5555,3.4036,3.5033,316,0
20110614,3.5033,3.6068,3.4529,3.6068,608,0
20110615,3.6068,3.6207,3.4539,3.6207,152,0
20110616,3.5319,3.6207,3.3839,3.5417,608,0
20110621,3.4549,3.5515,3.4529,3.5417,137,0
20110622,3.4549,3.5417,3.3513,3.4529,638,0
20110623,3.3691,3.4529,3.226,3.4529,912,0
20110624,3.3691,3.5269,3.2852,3.4391,3091,0
20110627,3.3553,3.4391,3.2162,3.3553,1342,0
20110628,3.3493,3.4332,3.2872,3.3493,598,0
20110629,3.3296,3.4303,3.2556,3.2556,3335,0
20110630,3.3434,3.8278,3.2004,3.3434,15210,0
20110701,3.7341,3.8248,3.5753,3.7341,2077,0
20110705,3.6433,3.7982,3.5545,3.6433,6375,0
20110707,3.5713,3.6611,3.4194,3.5713,636,0
20110711,3.4332,3.4529,3.2724,3.3493,1028,0
20110713,3.2724,3.374,3.152,3.2724,2567,0
20110714,3.3405,3.3405,3.1984,3.2951,354,0
20110715,3.2556,3.3345,3.1638,3.2556,1064,0
20110718,3.2536,3.3345,3.1924,3.2536,431,0
20110721,3.1766,3.4164,3.1766,3.1766,1239,0
20110722,3.3937,3.3937,3.2487,3.3336,316,0
20110725,3.3336,3.4747,3.1914,3.2526,1977,0
20110726,3.4529,3.5367,3.3296,3.3691,852,0
20110727,3.5367,3.5911,3.4135,3.4509,2311,0
20110728,3.5881,3.6739,3.4351,3.5003,852,0
20110729,3.5841,3.7489,3.5811,3.5841,1166,0
20110801,3.6867,3.6867,3.5891,3.6867,578,0
20110802,3.5683,3.6996,3.5219,3.5683,2130,0
20110803,3.6098,3.6956,3.4361,3.4687,2718,0
20110804,3.6059,3.6936,3.4825,3.5181,620,0
20110805,3.4953,3.67,3.3691,3.4953,2381,0
20110808,3.4529,3.4529,3.2062,3.3691,3091,0
20110809,3.157,3.4056,3.1284,3.157,1135,0
20110810,3.4056,3.5289,3.2822,3.3227,304,0
20110811,3.3227,3.5289,3.2822,3.3227,507,0
20110812,3.3977,3.4825,3.3345,3.3977,633,0
20110815,3.3148,3.3977,3.2744,3.3148,30,0
20110822,3.3148,3.5417,3.2536,3.3148,558,0
20110823,3.3957,3.6305,3.3937,3.3957,517,0
20110824,3.4905,3.7193,3.4283,3.4905,8312,0
20110825,3.6009,4.1633,3.4825,3.5131,14452,0
20110826,4.033,4.0449,3.813,3.9354,944,0
20110829,3.9107,3.9354,3.818,3.9354,2547,0
20110830,3.8456,3.9462,3.812,3.8456,1166,0
20110831,3.7518,3.9393,3.7222,3.9344,1014,0
20110902,3.8436,3.8476,3.7292,3.7982,710,0
20110906,3.8436,3.8476,3.6502,3.6502,3117,0
20110908,3.5615,3.6502,3.5269,3.5615,406,0
20110909,3.4747,3.6798,3.4391,3.5625,15,0
20110912,3.4756,3.5625,3.3276,3.4115,4156,0
20110913,3.3691,3.4529,3.2664,3.4115,4562,0
20110914,3.3355,3.4115,3.2882,3.4115,608,0
20110919,3.3691,3.4529,3.3296,3.3691,127,0
20110921,3.3691,3.3691,3.2458,3.3296,202,0
20110927,3.3533,3.4509,3.2458,3.4509,304,0
20110928,3.3671,3.5348,3.3276,3.5348,608,0
20110929,3.4489,3.5348,3.4115,3.5348,3041,0
20111004,3.4145,3.4589,3.4115,3.4489,102,0
20111005,3.3651,3.375,2.9597,3.3256,122,0
20111007,3.3651,3.4529,3.3256,3.4115,2027,0
20111012,3.3691,3.3789,3.226,3.3444,380,0
20111024,3.1766,3.2654,3.0978,3.1806,1989,0
20111025,3.1076,3.3543,3.0978,3.3543,2844,0
20111027,3.3513,3.3543,3.2112,3.2724,456,0
20111028,3.2724,3.4351,3.231,3.4026,507,0
20111031,3.3513,3.4026,3.2793,3.2852,710,0
20111101,3.2053,3.3631,3.1619,3.2852,608,0
20111102,3.2053,3.2852,3.1619,3.2852,507,0
20111103,3.2053,3.4233,3.1452,3.2852,620,0
20111104,3.2053,3.4036,3.2053,3.3651,375,0
20111107,3.2832,3.4431,3.2832,3.4065,1064,0
20111108,3.3592,3.4411,3.2358,3.3592,1673,0
20111109,3.2773,3.5289,3.2358,3.4056,811,0
20111110,3.3572,3.5289,3.2822,3.4115,841,0
20111111,3.3691,3.5339,3.2458,3.4105,785,0
20111114,3.4105,3.5319,3.3543,3.4115,684,0
20111115,3.3691,3.4529,3.2882,3.4115,821,0
20111116,3.374,3.4115,3.2882,3.3691,126,0
20111118,3.297,3.4105,3.1638,3.3671,633,0
20111121,3.3671,3.4825,3.2852,3.4164,648,0
20111122,3.3789,3.5467,3.2724,3.2724,4369,0
20111123,3.1766,3.3937,3.1333,3.3513,507,0
20111124,3.2793,3.374,3.1766,3.3247,3839,0
20111125,3.2458,3.448,3.2014,3.4056,507,0
20111128,3.4056,3.4056,3.2822,3.4056,1926,0
20111129,3.3326,3.5289,3.2822,3.4056,570,0
20111130,3.3326,3.4036,3.2822,3.3849,2435,0
20111201,3.3444,3.5417,3.2408,3.4184,304,0
20111202,3.3345,3.4184,3.2951,3.4184,62,0
20111205,3.3345,3.5081,3.2951,3.5081,1101,0
20111206,3.4322,3.6561,3.4125,3.6009,1271,0
20111207,3.6009,3.8672,3.4322,3.8672,2047,0
20111208,3.7726,3.8772,3.6956,3.8772,2433,0
20111209,3.7785,3.9659,3.741,3.887,1318,0
20111212,3.8406,3.9363,3.741,3.9354,354,0
20111213,3.8376,3.8436,3.7232,3.7459,2535,0
20111214,3.6542,3.6542,3.6226,3.6542,304,0
20111219,3.5615,3.6542,3.5309,3.5309,1835,0
20111221,3.5615,3.6542,3.5309,3.5713,304,0
20111222,3.4855,3.7814,3.448,3.7814,3396,0
20111223,3.5841,3.7814,3.5348,3.7469,811,0
20111227,3.6601,3.665,3.5683,3.6601,411,0
20111228,3.5811,3.5811,3.4233,3.4233,975,0
20111229,3.4263,3.4263,3.3533,3.4263,2078,0
20120102,3.4263,3.4263,3.3533,3.4065,316,0
20120103,3.4164,3.4263,3.3118,3.3345,823,0
20120105,3.3641,3.3641,3.2921,3.3553,620,0
20120106,3.3562,3.6078,3.3345,3.6078,3852,0
20120109,3.6404,3.6502,3.448,3.5615,2134,0
20120110,3.5615,4.1435,3.5615,4.0419,13259,0
20120111,3.9432,4.0449,3.8416,3.9462,5012,0
20120112,3.8594,4.0054,3.7686,3.8061,2749,0
20120113,3.7588,4.0449,3.7489,4.0251,9850,0
20120116,3.9264,4.0399,3.7598,4.0399,943,0
20120117,3.9955,4.0054,3.8496,3.9857,3534,0
20120118,4.035,4.1139,3.82,4.035,1495,0
20120119,4.0399,4.1139,3.8228,4.0547,4836,0
20120120,3.9462,4.0449,3.8968,4.0399,3010,0
20120123,4.035,4.1435,3.9462,4.1425,12962,0
20120124,4.1829,4.331,3.961,4.2816,8233,0
20120125,4.1771,4.2421,4.0547,4.2421,1014,0
20120126,4.1385,4.3408,4.1385,4.2323,3459,0
20120127,4.1287,4.2421,3.8772,3.9955,2866,0
20120130,3.9955,4.0922,3.9216,4.0922,912,0
20120131,3.9926,4.0922,3.9186,3.9926,53,0
20120201,4.0449,4.3448,4.0449,4.3418,2416,0
20120202,4.2363,4.4365,4.1967,4.1967,7294,0
20120203,4.0951,4.4966,4.0941,4.3921,2785,0
20120206,4.2826,4.3862,4.1781,4.2797,2615,0
20120207,4.2421,4.3902,4.1514,4.2421,2845,0
20120208,4.1385,4.4296,4.0893,4.3902,4513,0
20120209,4.2826,4.3902,4.1523,4.3803,231,0
20120210,4.2737,4.3803,4.0449,4.1721,2585,0
20120213,4.0675,4.1721,4.0646,4.1633,507,0
20120214,4.1633,4.3902,4.0616,4.1791,8441,0
20120215,4.0764,4.252,4.0745,4.1495,3368,0
20120216,4.1495,4.1633,3.9718,4.1455,1404,0
20120217,4.0449,4.1465,4.0449,4.1465,140,0
20120220,4.1465,4.1465,3.9294,4.0932,2559,0
20120221,4.0449,4.2323,4.0074,4.1287,1723,0
20120223,4.0281,4.3033,4.0251,4.1929,8375,0
20120224,4.1435,4.3408,4.0429,4.1929,2026,0
20120227,4.1435,4.3606,3.9462,4.254,2888,0
20120228,4.1505,4.254,4.0735,4.2421,377,0
20120229,4.1385,4.2421,4.0616,4.2421,62,0
20120301,4.1435,4.2421,4.0616,4.1445,202,0
20120302,4.0449,4.1633,3.9699,4.1465,62,0
20120305,4.1465,4.2471,4.0251,4.1051,2035,0
20120306,4.0745,4.1051,4.0251,4.0449,3916,0
20120307,4.1051,4.1051,4.0251,4.0459,406,0
20120308,4.0449,4.2441,3.9206,4.2323,8149,0
20120309,4.1337,4.2323,4.0301,4.1435,8563,0
20120312,4.1287,4.1287,3.8702,3.9462,5828,0
20120313,3.8496,3.9462,3.739,3.8496,2484,0
20120314,3.8496,4.0123,3.7794,4.0123,963,0
20120315,3.8496,3.9452,3.6719,3.8514,2666,0
20120316,3.8514,3.8514,3.7489,3.7489,529,0
20120319,3.6996,3.8514,3.6197,3.7094,132,0
20120320,3.7982,3.8228,3.737,3.8228,62,0
20120321,3.818,4.0941,3.7469,4.0941,1768,0
20120326,3.9945,3.9955,3.818,3.8574,4156,0
20120327,3.7982,3.9284,3.666,3.7489,7703,0
20120328,3.7992,3.956,3.7884,3.956,406,0
20120329,3.8594,3.8594,3.7874,3.7904,567,0
20120330,3.8594,3.8594,3.6729,3.7894,972,0
20120402,3.6966,3.7992,3.6966,3.7992,62,0
20120403,3.7982,3.818,3.7489,3.818,127,0
20120405,3.8476,3.8574,3.7765,3.8574,122,0
20120410,3.8476,3.8476,3.7489,3.7982,1014,0
20120411,3.7982,3.8476,3.7489,3.808,96,0
20120413,3.8476,3.887,3.7489,3.887,486,0
20120416,3.8278,3.8772,3.7588,3.8772,1255,0
20120417,3.7982,3.8476,3.5161,3.6887,13676,0
20120419,3.6453,3.7785,3.5773,3.6601,988,0
20120420,3.6502,3.7785,3.6453,3.6453,5170,0
20120425,3.6453,3.6601,3.5683,3.6601,1216,0
20120427,3.6453,3.6502,3.6404,3.6404,62,0
20120430,3.6453,3.6502,3.6404,3.6404,254,0
20120502,3.6404,3.67,3.5723,3.6029,507,0
20120503,3.67,3.8604,3.5555,3.8604,5170,0
20120507,3.7982,4.3902,3.7834,3.9462,12830,0
20120508,3.8476,4.0419,3.7982,3.7982,3294,0
20120509,3.89,3.89,3.7834,3.7982,2027,0
20120511,3.7094,4.0054,3.7055,4.0054,3243,0
20120514,4.1435,4.1533,4.0143,4.0449,3832,0
20120515,3.9462,4.1435,3.9462,4.0429,1267,0
20120518,4.0449,4.0449,3.8238,3.956,2771,0
20120521,3.9659,4.0449,3.8288,3.961,3992,0
20120522,4.0449,4.0449,3.8406,3.9669,3,0
20120523,4.0449,4.0449,3.8446,4.0251,1662,0
20120525,4.0449,4.0449,3.9304,4.0449,1267,0
20120604,4.0941,4.0941,3.7982,3.8476,5480,0
20120605,3.89,4.0843,3.7982,3.9264,3065,0
20120607,3.9264,4.0222,3.8968,3.956,62,0
20120612,3.9462,4.0222,3.9462,3.9462,543,0
20120613,3.9264,4.0449,3.9264,4.0054,1267,0
20120614,3.9955,4.0222,3.8968,3.9955,1014,0
20120618,4.0222,4.0222,3.9216,3.9955,873,0
20120620,4.0222,4.2688,3.9264,4.2688,1014,0
20120621,3.9955,4.2125,3.9264,4.2125,2204,0
20120622,3.9945,4.0646,3.9945,4.0646,595,0
20120625,4.0449,4.0449,4.0449,4.0449,33,0
20120626,4.0449,4.0547,4.0449,4.0449,2598,0
20120627,4.0449,4.0547,4.0449,4.0449,102,0
20120702,4.0449,4.2471,4.0429,4.0429,4612,0
20120703,4.0449,4.0449,3.7765,3.965,662,0
20120704,4.0449,4.2412,4.0399,4.2412,3979,0
20120705,4.1375,4.2421,3.9206,4.1385,6614,0
20120706,4.0449,4.2392,3.9659,4.2392,152,0
20120709,4.1357,4.1357,4.0488,4.1357,2535,0
20120710,4.1357,4.1445,3.965,4.1445,33,0
20120711,4.1445,4.2323,4.0527,4.1435,1014,0
20120712,4.1445,4.1533,4.1435,4.1533,202,0
20120713,4.1445,4.2421,4.1435,4.1929,2027,0
20120716,4.1445,4.1445,4.1435,4.1435,1257,0
20120717,4.1435,4.7611,4.1435,4.4394,53920,0
20120718,4.4394,4.7355,4.4394,4.7255,46903,0
20120719,4.6072,4.7453,4.5874,4.5973,5626,0
20120720,4.6102,4.7255,4.3921,4.5874,7989,0
20120723,4.6102,4.6102,4.3921,4.4986,4054,0
20120724,4.4888,4.6664,4.3902,4.6664,424,0
20120725,4.5578,4.6841,4.4494,4.6368,354,0
20120726,4.5578,4.5578,4.4494,4.5578,3335,0
20120727,4.5578,4.5973,4.4494,4.5874,1521,0
20120730,4.5578,4.7749,4.476,4.7749,6736,0
20120731,4.7749,4.7847,4.5214,4.7265,7999,0
20120801,4.7265,4.9327,4.6664,4.8677,4490,0
20120802,4.913,4.913,4.6605,4.8301,3473,0
20120803,4.8065,4.9722,4.624,4.8677,7631,0
20120806,4.9327,5.0314,4.7355,4.8785,4652,0
20120807,4.7157,4.9821,4.6664,4.9377,5980,0
20120808,4.9377,5.0856,4.8341,5.0856,18549,0
20120809,5.0412,5.3175,5.0314,5.0344,27635,0
20120810,5.1538,5.209,4.916,5.1162,5273,0
20120813,5.1596,5.1596,4.9732,5.0492,2812,0
20120814,5.0492,5.061,4.8341,4.987,2109,0
20120815,4.913,5.0314,4.8539,5.0264,3598,0
20120816,4.9821,5.0264,4.8529,4.9574,6479,0
20120817,4.7937,5.1982,4.7937,5.0758,11803,0
20120820,4.9179,5.13,4.7947,4.99,14087,0
20120821,4.8893,5.0364,4.8893,5.0364,5575,0
20120822,4.8893,5.13,4.8893,5.0808,6994,0
20120823,5.0314,5.0808,4.9525,5.0758,5270,0
20120824,4.9327,5.0758,4.9327,5.0216,1076,0
20120827,4.9426,5.0216,4.9426,4.987,406,0
20120828,4.9426,4.987,4.9426,4.987,659,0
20120829,4.9426,4.9574,4.9327,4.9574,5760,0
20120830,4.8439,4.9574,4.8439,4.9377,1257,0
20120831,4.8439,5.0314,4.8439,4.9811,6371,0
20120903,4.9811,5.0808,4.7799,4.8982,4245,0
20120904,4.8982,4.9752,4.8341,4.9752,304,0
20120905,4.8341,4.9515,4.7157,4.9179,3406,0
20120906,4.8834,4.9683,4.8834,4.9683,1135,0
20120910,4.987,5.0018,4.8834,5.0018,83,0
20120911,5.0018,5.0018,4.8341,4.9919,2371,0
20120912,4.9919,4.9919,4.8123,4.9525,10742,0
20120913,4.8834,4.9584,4.8834,4.9584,1774,0
20120914,4.9584,5.0117,4.8933,5.0117,1307,0
20120917,5.0728,5.0728,4.9426,5.0412,1158,0
20120918,5.0412,5.0412,4.9919,5.0264,3193,0
20120919,5.0264,5.0304,4.9327,4.9969,760,0
20120920,4.9623,4.9969,4.8834,4.9969,102,0
20120924,4.9623,5.0808,4.9327,5.0264,1685,0
20120925,4.9623,5.0906,4.9249,4.9249,2483,0
20120926,4.9623,5.0836,4.9623,5.0412,152,0
20120927,5.0412,5.0412,4.9623,4.9969,1926,0
20120928,4.9969,5.13,4.913,5.0758,3224,0
20121001,5.13,5.1892,4.913,5.134,1723,0
20121002,5.1004,5.5247,5.0808,5.4043,10960,0
20121003,5.4043,5.502,5.278,5.502,406,0
20121004,5.4457,5.6233,5.2731,5.6233,3503,0
20121005,5.4862,5.7122,5.3659,5.65,16612,0
20121008,5.4575,5.722,5.4575,5.6283,3720,0
20121009,5.5533,5.6924,5.4261,5.6075,6050,0
20121010,5.4359,5.7122,5.3313,5.648,4317,0
20121011,5.573,5.722,5.4073,5.6529,1622,0
20121012,5.5829,5.7122,5.4123,5.5325,2560,0
20121015,5.5325,5.6924,5.3491,5.6312,3113,0
20121016,5.6312,5.722,5.6233,5.6826,6021,0
20121017,5.722,5.722,5.4409,5.7072,1266,0
20121018,5.7072,6.1659,5.6924,6.0427,16890,0
20121019,5.939,6.304,5.939,6.1265,8694,0
20121022,6.2725,6.3336,6.0179,6.0919,7201,0
20121023,6.0919,6.1561,5.9193,6.0623,1926,0
20121024,6.0623,6.1571,5.9292,6.0209,6689,0
20121025,5.9252,6.0633,5.8305,6.0012,2970,0
20121026,5.9489,6.0012,5.8206,5.8325,3621,0
20121029,5.9686,6.1649,5.9459,6.0811,2635,0
20121030,6.0061,6.1067,5.9193,6.0377,1977,0
20121031,5.9578,6.0377,5.9163,5.9232,688,0
20121101,5.7812,6.0575,5.7812,5.9765,162,0
20121105,5.9765,6.1166,5.8305,6.0427,6487,0
20121106,5.9686,6.1137,5.7772,5.9568,5140,0
20121107,5.9292,5.9568,5.9025,5.9292,1318,0
20121108,5.8098,6.0731,5.7842,6.0209,1368,0
20121109,5.9252,6.1166,5.9006,6.0673,40,0
20121112,6.0731,6.1166,5.9006,6.0377,6639,0
20121113,6.0377,6.0377,5.8394,5.941,2230,0
20121114,5.941,6.0673,5.8138,5.9203,1521,0
20121115,5.9203,5.9489,5.8226,5.9114,1067,0
20121116,5.9114,5.9449,5.2889,5.4181,15938,0
20121119,5.5247,5.9193,5.4289,5.6974,4701,0
20121120,5.6233,5.6974,5.5247,5.5839,811,0
20121121,5.5247,5.5839,5.3817,5.4951,4966,0
20121122,5.3421,5.7752,5.3421,5.722,1825,0
20121123,5.643,5.9094,5.6233,5.8009,1642,0
20121126,5.8009,5.8572,5.6233,5.8572,2230,0
20121127,5.8206,6.0179,5.8108,5.8917,9437,0
20121128,5.9726,6.0179,5.8266,5.9469,1084,0
20121129,6.0179,6.1067,5.871,6.0179,2605,0
20121130,6.0179,6.1373,5.7714,5.8374,15066,0
20121203,5.9094,5.9094,5.4911,5.8522,6716,0
20121204,5.8009,5.943,5.8009,5.87,5916,0
20121205,5.8206,5.87,5.6075,5.7476,2204,0
20121206,5.6273,5.7476,5.6233,5.6736,1916,0
20121207,5.6736,5.8266,5.6243,5.8266,1571,0
20121210,5.8266,6.1659,5.649,6.0417,6417,0
20121211,6.0417,6.1659,5.871,6.0909,2324,0
20121212,6.0159,6.1659,5.9696,6.0663,5575,0
20121213,6.0663,6.1067,5.9578,6.0919,3155,0
20121214,6.0673,6.1462,5.9193,6.0417,5621,0
20121217,6.1067,6.1137,5.8226,6.0269,1873,0
20121218,5.8226,6.1166,5.8226,6.0179,2535,0
20121219,5.9213,6.2153,5.9193,6.1353,5122,0
20121220,6.0545,6.1857,6.0327,6.0377,1444,0
20121221,5.8907,6.0377,5.8305,5.8966,329,0
20121227,6.1166,6.2153,5.8907,6.1295,3648,0
20121228,6.2143,6.2143,5.87,6.0081,2027,0
20130102,6.1295,6.5783,6.0909,6.2695,4704,0
20130103,6.2695,6.4126,6.1265,6.3346,8819,0
20130104,6.2557,6.4028,6.2557,6.388,1247,0
20130107,6.452,6.4905,6.2942,6.3732,3274,0
20130108,6.3732,6.5112,6.16,6.4323,8049,0
20130109,6.3524,6.6099,6.3426,6.5053,13345,0
20130110,6.4008,6.6099,6.2449,6.3928,6003,0
20130111,6.3928,6.6592,6.237,6.5852,4626,0
20130114,6.6493,6.6493,6.4175,6.5605,50,0
20130115,6.4876,6.9552,6.449,6.7085,26977,0
20130116,6.8664,6.8664,6.526,6.6641,1536,0
20130117,6.8072,6.9009,6.526,6.819,7969,0
20130118,6.7323,6.9354,6.5684,6.8496,5863,0
20130121,6.8496,7.0036,6.7243,6.9167,2687,0
20130122,6.9167,7.0045,6.8239,6.9058,3216,0
20130123,6.9058,7.044,6.7677,6.9187,2149,0
20130124,6.8329,7.0045,6.7924,6.9305,2199,0
20130125,6.9946,7.0942,6.8239,6.9058,2533,0
20130128,6.9305,7.0538,6.8861,6.9946,1997,0
20130129,6.8861,6.9305,6.7628,6.8072,3490,0
20130130,6.9157,6.9157,6.7085,6.8565,664,0
20130131,6.8565,6.8565,6.6375,6.8358,1591,0
20130201,6.8565,6.9552,6.5112,6.6099,2026,0
20130204,6.8417,6.8417,6.5162,6.6592,1825,0
20130205,6.7085,6.8417,6.6888,6.7085,558,0
20130206,6.8417,6.8417,6.7085,6.8072,50,0
20130207,6.7085,6.8417,6.3139,6.6395,22026,0
20130208,6.5605,6.6573,6.4008,6.6395,5105,0
20130211,6.4777,6.6296,6.4126,6.5734,2024,0
20130212,6.3524,7.1722,6.3524,6.9976,13446,0
20130213,6.8368,7.1238,6.8368,7.1032,6978,0
20130214,7.0045,7.1032,6.9157,7.0834,3654,0
20130215,7.0045,7.1032,6.9177,7.0736,1540,0
20130218,7.0834,7.0913,6.9266,7.0637,2805,0
20130219,6.9266,7.1032,6.9266,7.1032,1926,0
20130220,6.9206,7.1022,6.9206,7.0904,1559,0
20130221,6.9206,7.0904,6.8378,6.8565,5994,0
20130222,6.8378,7.0538,6.8378,7.044,112,0
20130225,7.0045,7.0538,6.8565,6.9552,2107,0
20130226,7.0538,7.0538,6.8269,6.9552,5408,0
20130227,6.8171,7.0538,6.8171,6.9157,332,0
20130228,7.0538,7.0538,6.8181,6.8595,3048,0
20130301,6.8595,7.2018,6.8595,7.0045,18458,0
20130304,7.0262,7.0538,6.9058,7.0045,2293,0
20130305,6.9157,7.0933,6.9157,7.0933,3294,0
20130306,6.8467,7.1032,6.8467,7.1032,7167,0
20130307,7.0538,7.0933,6.9286,7.0933,2254,0
20130308,7.0538,7.5954,6.9364,7.4978,29892,0
20130311,7.3153,7.695,7.3015,7.695,15977,0
20130312,7.5609,7.7938,7.5076,7.7839,18397,0
20130313,7.6092,7.7938,7.5195,7.6852,3602,0
20130314,7.4978,7.7938,7.4978,7.7938,6748,0
20130315,7.5846,7.7938,7.5846,7.774,5534,0
20130318,7.6852,7.7938,7.6852,7.6852,3257,0
20130319,7.4978,7.7938,7.4978,7.7632,514,0
20130320,7.5738,7.7938,7.5738,7.7938,2100,0
20130321,7.774,7.8431,7.633,7.6458,20102,0
20130322,7.774,7.774,7.5076,7.7444,1161,0
20130325,7.7938,7.7938,7.4978,7.5086,3943,0
20130326,7.6912,7.6912,7.5195,7.5195,5,0
20130327,7.6912,7.695,7.2087,7.2906,4480,0
20130328,7.113,7.6596,7.113,7.6596,6300,0
20130402,7.4682,7.8717,7.3349,7.5984,2704,0
20130403,7.6063,7.774,7.5096,7.6458,3938,0
20130404,7.5984,7.695,7.3991,7.6192,3168,0
20130405,7.4603,7.6458,7.4603,7.6458,2597,0
20130408,7.3991,7.8431,7.3991,7.7642,3599,0
20130409,7.5747,8.0384,7.557,8.0384,1566,0
20130410,8.0384,8.0384,7.7414,7.9811,3865,0
20130411,7.7868,8.0897,7.7868,7.9911,4361,0
20130412,7.7957,8.0897,7.7957,8.0897,6808,0
20130415,7.8953,8.0699,7.8943,7.8953,102,0
20130416,7.8953,8.1884,7.8914,8.1676,8314,0
20130417,7.9683,8.1884,7.7977,8.1489,5168,0
20130418,7.9683,8.0403,7.7592,7.9151,2936,0
20130419,7.9683,8.1884,7.8943,8.1884,1419,0
20130422,7.9683,8.7704,7.9437,8.3866,24885,0
20130423,8.365,8.6521,8.355,8.3886,4811,0
20130424,8.4024,8.582,8.4014,8.582,2137,0
20130425,8.4024,8.6323,8.4024,8.4024,3784,0
20130426,8.4182,8.6817,8.4182,8.6787,6856,0
20130429,8.6807,8.7309,8.5149,8.7013,5628,0
20130430,8.5899,8.7605,8.5829,8.7201,9811,0
20130502,8.6817,8.7605,8.4616,8.6323,4478,0
20130503,8.8296,9.1522,8.4616,8.7013,3532,0
20130506,8.4705,9.096,8.4695,8.7113,2737,0
20130507,8.5376,8.879,8.5376,8.879,5204,0
20130508,8.6787,9.3623,8.5859,9.1651,12352,0
20130509,8.9124,9.1345,8.9115,9.027,397,0
20130510,8.9292,9.2243,8.9292,9.0338,4396,0
20130513,9.3209,9.3209,9.094,9.096,3229,0
20130514,8.879,9.3229,8.87,9.3229,5767,0
20130515,9.094,9.3722,9.0792,9.2243,4342,0
20130516,9.094,9.2243,8.9282,9.0565,8595,0
20130517,8.944,9.2243,8.943,9.1995,669,0
20130520,9.2035,9.2243,8.9578,9.1995,2107,0
20130521,9.094,9.3337,8.8898,9.1058,2023,0
20130522,9.1749,9.2735,9.0762,9.0762,7855,0
20130523,9.1295,9.1749,8.7704,8.9578,9547,0
20130524,8.8552,9.2735,8.2968,8.2968,14116,0
20130527,8.4981,8.6077,8.0423,8.6027,21195,0
20130528,8.4981,8.9282,8.3936,8.6817,6244,0
20130529,8.6087,8.879,8.6087,8.8296,4448,0
20130530,8.9036,9.0368,8.6323,9.0368,6844,0
20130531,8.9638,9.1651,8.879,9.0456,19709,0
20130603,8.9292,9.2243,8.9144,9.2243,8657,0
20130604,9.1749,9.2637,9.0022,9.2243,5932,0
20130605,9.1512,9.2637,9.092,9.1058,5809,0
20130606,9.0328,9.2539,9.0328,9.1749,1338,0
20130607,9.1019,9.3131,9.1019,9.3131,4933,0
20130610,9.2401,9.619,9.1857,9.4314,10693,0
20130611,9.314,9.386,9.0762,9.1651,9796,0
20130612,9.2391,9.2735,9.1651,9.2243,3902,0
20130613,9.166,9.3722,9.0299,9.2291,9503,0
20130614,9.2371,9.737,9.2371,9.737,6261,0
20130617,9.568,9.669,9.471,9.668,24628,0
20130618,9.594,9.826,9.594,9.767,23994,0
20130619,9.84,10.26,9.767,10.26,39961,0
20130620,10.251,10.26,9.965,10.161,33253,0
20130621,10.088,10.26,9.885,10.043,13504,0
20130624,9.865,10.033,8.9382,9.2341,52206,0
20130625,9.1611,9.669,6.4816,9.4461,27899,0
20130626,9.3732,9.979,9.3732,9.979,18141,0
20130627,9.832,10.457,9.832,10.456,24205,0
20130628,10.384,10.645,9.965,10.112,19544,0
20130701,10.186,10.334,9.969,10.093,9062,0
20130702,10.018,10.26,9.93,10.093,6635,0
20130703,10.093,10.26,10.043,10.26,15887,0
20130704,10.166,10.26,10.098,10.201,3061,0
20130705,10.023,10.211,10.023,10.211,4414,0
20130708,10.259,10.26,10.103,10.26,4539,0
20130709,10.186,10.26,10.108,10.26,4148,0
20130710,10.141,10.359,10.013,10.191,3881,0
20130711,10.211,10.309,10.063,10.063,5230,0
20130712,9.988,10.334,9.988,10.136,3537,0
20130715,10.211,10.26,9.875,9.875,20957,0
20130716,9.841,10.112,9.84,10.028,7859,0
20130717,10.063,10.161,9.767,9.965,3819,0
20130718,9.988,10.003,9.767,9.768,3164,0
20130719,9.768,9.965,9.718,9.859,1207,0
20130722,9.965,9.965,9.569,9.717,5621,0
20130723,9.645,9.791,9.471,9.471,4470,0
20130724,9.3979,9.766,9.3979,9.692,4329,0
20130725,9.62,9.767,9.62,9.767,2397,0
20130726,9.692,9.787,9.621,9.787,1794,0
20130729,9.713,9.767,9.545,9.619,12577,0
20130730,9.55,10.088,9.55,10.013,13446,0
20130731,10.088,10.26,10.013,10.26,6728,0
20130801,10.236,10.359,10.073,10.309,9190,0
20130802,10.186,10.595,10.161,10.507,17538,0
20130805,10.507,10.571,10.359,10.571,1397,0
20130806,10.408,10.556,9.87,9.885,9757,0
20130807,10.216,10.216,9.82,9.855,3405,0
20130808,9.925,10.063,9.767,9.89,11668,0
20130809,9.818,10.058,9.521,9.707,11755,0
20130812,9.708,10.26,9.614,10.088,19827,0
20130813,10.26,10.26,10.013,10.161,1247,0
20130814,10.26,10.26,10.063,10.088,5370,0
20130815,10.088,10.704,9.935,10.704,43953,0
20130816,10.595,10.753,10.428,10.665,5706,0
20130819,10.704,10.704,10.447,10.625,5198,0
20130820,10.522,10.753,10.384,10.615,13012,0
20130821,10.753,10.852,10.556,10.813,13000,0
20130822,10.753,10.842,10.63,10.803,7117,0
20130823,10.768,10.842,10.62,10.842,5218,0
20130826,10.768,10.852,10.694,10.852,4303,0
20130827,10.832,10.852,10.459,10.459,13797,0
20130828,10.556,10.556,10.028,10.211,17270,0
20130829,10.211,10.847,10.176,10.532,16208,0
20130830,10.675,10.675,10.26,10.26,2483,0
20130902,10.26,10.595,10.211,10.595,6278,0
20130903,10.457,10.753,10.369,10.369,6743,0
20130904,10.369,10.729,10.369,10.665,2698,0
20130905,10.457,10.724,10.433,10.433,2239,0
20130906,10.753,10.753,10.457,10.462,22519,0
20130909,10.309,10.675,10.28,10.556,5910,0
20130910,10.65,10.675,10.364,10.364,3132,0
20130911,10.65,10.65,10.364,10.507,6203,0
20130912,10.433,10.551,10.359,10.359,2190,0
20130913,10.359,10.433,10.191,10.284,10558,0
20130916,10.359,10.556,10.294,10.369,3322,0
20130917,10.374,10.655,10.369,10.442,5239,0
20130918,10.442,10.585,10.28,10.309,6073,0
20130919,10.457,10.98,10.299,10.901,19170,0
20130920,10.901,10.946,10.556,10.798,16994,0
20130923,10.753,10.798,10.605,10.655,1426,0
20130924,10.65,10.798,10.472,10.65,212,0
20130925,10.65,10.832,10.65,10.783,4371,0
20130926,10.724,10.951,10.724,10.946,4074,0
20130927,10.951,11.049,10.872,11.02,6164,0
20130930,11.049,11.049,10.803,10.803,5235,0
20131001,10.729,11.099,10.714,11.025,15450,0
20131002,11.03,11.247,11.03,11.158,6793,0
20131003,11.148,11.247,11.148,11.148,691,0
20131004,11.148,11.345,11.148,11.296,6989,0
20131007,11.345,11.345,11.049,11.153,6724,0
20131008,11.148,11.291,10.931,11.212,4874,0
20131009,11.212,11.296,11.104,11.128,3522,0
20131010,11.133,11.35,11.133,11.202,4415,0
20131011,11.345,11.345,11.099,11.133,5292,0
20131014,11.212,11.385,11.064,11.345,4128,0
20131015,11.345,11.414,11.148,11.197,5925,0
20131016,11.197,11.39,11.099,11.148,6041,0
20131017,11.025,11.247,11.025,11.247,3223,0
20131018,11.247,11.321,11.148,11.173,5366,0
20131021,11.099,11.395,11.049,11.395,7401,0
20131022,11.395,11.444,11.197,11.197,5024,0
20131023,11.247,11.444,11.197,11.419,4024,0
20131024,11.345,11.493,11.276,11.369,3502,0
20131025,11.419,11.419,10.98,11.054,7918,0
20131028,11.02,11.173,11.02,11.099,2488,0
20131029,11.025,11.187,9.798,10.048,62446,0
20131030,9.692,10.132,9.687,9.965,16561,0
20131031,9.89,10.103,9.738,9.738,11121,0
20131101,9.747,10.112,9.644,10.112,10868,0
20131104,10.053,10.26,9.988,10.236,8033,0
20131105,10.161,10.26,10.088,10.093,3271,0
20131106,10.112,10.161,9.649,9.67,10786,0
20131107,9.629,9.717,9.1749,9.2993,49693,0
20131108,9.3821,9.71,9.3456,9.613,8187,0
20131111,9.614,10.161,9.4235,9.865,11586,0
20131112,9.865,10.211,9.817,9.849,13584,0
20131113,9.849,10.028,9.743,9.89,3394,0
20131114,9.865,9.895,9.594,9.817,7151,0
20131115,9.885,9.885,9.717,9.717,3345,0
20131118,9.521,9.742,9.521,9.717,13750,0
20131119,9.62,9.816,9.61,9.654,5851,0
20131120,9.521,9.965,9.521,9.797,5919,0
20131121,9.782,9.96,9.717,9.865,7662,0
20131122,9.685,9.96,9.685,9.718,7193,0
20131125,9.782,9.915,9.717,9.757,7254,0
20131126,9.66,9.965,9.601,9.791,2599,0
20131127,9.767,9.915,9.59,9.865,5719,0
20131128,9.778,10.201,9.778,10.201,4162,0
20131129,10.191,10.349,9.4759,9.998,35721,0
20131202,9.756,10.241,9.756,9.965,5692,0
20131203,9.771,10.241,9.771,9.87,5425,0
20131204,10.112,10.112,9.569,9.915,6390,0
20131205,9.55,9.875,9.2597,9.2647,12309,0
20131206,9.619,10.093,9.4215,9.718,11523,0
20131209,9.626,9.96,9.592,9.96,3123,0
20131210,9.717,9.96,9.717,9.759,6510,0
20131211,9.6,9.945,9.6,9.833,2159,0
20131212,9.6,9.945,9.6,9.609,2378,0
20131213,9.6,9.945,9.6,9.767,1821,0
20131216,9.945,9.945,9.6,9.727,5501,0
20131217,9.6,9.945,9.6,9.769,1828,0
20131218,9.6,9.965,9.6,9.85,7368,0
20131219,9.788,10.055,9.788,10.055,6419,0
20131220,9.817,10.008,9.679,9.679,14550,0
20131223,9.807,9.807,9.543,9.579,7706,0
20131227,9.679,9.865,9.669,9.687,3998,0
20131230,9.679,9.865,9.59,9.865,3896,0
20140102,9.833,10.304,9.67,10.108,6761,0
20140103,10.108,10.359,10.053,10.359,3714,0
20140106,10.359,10.859,10.108,10.409,4472,0
20140107,10.408,11.326,10.408,10.99,21265,0
20140108,10.823,11.217,10.655,11.173,4216,0
20140109,10.901,11.266,10.862,11.197,11245,0
20140110,10.926,11.266,10.926,11.049,1367,0
20140113,11.049,11.266,10.753,10.852,6876,0
20140114,10.995,11.138,10.995,11.005,3243,0
20140115,11.074,11.395,10.738,11.148,28331,0
20140116,11.074,11.296,10.877,11.286,10682,0
20140117,11.074,11.266,11.01,11.168,2295,0
20140120,11.113,11.197,10.808,11.074,5431,0
20140121,11.113,11.247,10.668,10.668,5828,0
20140122,11.113,11.113,10.398,10.655,8707,0
20140123,10.66,10.803,10.418,10.6,5087,0
20140124,10.472,10.699,10.398,10.694,6949,0
20140127,10.66,10.66,10.112,10.112,6913,0
20140128,10.566,10.655,10.103,10.457,6853,0
20140129,10.566,10.655,10.206,10.457,3800,0
20140130,10.206,10.566,10.206,10.437,3710,0
20140131,10.186,10.566,10.028,10.457,10430,0
20140203,10.566,10.566,10.206,10.556,4506,0
20140204,10.226,10.566,10.226,10.512,3864,0
20140205,10.566,10.566,10.255,10.556,3333,0
20140206,10.299,10.531,10.299,10.369,1206,0
20140207,10.299,10.551,10.117,10.517,730,0
20140210,10.374,10.556,10.127,10.384,1729,0
20140211,10.374,10.502,10.132,10.502,2261,0
20140212,10.374,10.605,10.246,10.437,4925,0
20140213,10.299,10.655,10.186,10.655,2488,0
20140214,10.398,10.941,10.398,10.63,10282,0
20140217,10.374,10.753,9.767,10.112,24669,0
20140218,9.915,10.339,9.915,10.339,7919,0
20140219,10.043,10.196,9.979,10.118,4679,0
20140220,10.127,10.314,9.983,10.063,7728,0
20140221,9.983,10.159,9.819,10.159,885,0
20140224,9.91,10.156,9.909,10.156,1285,0
20140225,9.91,10.018,9.91,10.002,3118,0
20140226,10.018,10.158,9.722,9.9,167,0
20140227,10.063,10.26,9.905,10.013,1872,0
20140228,10.013,10.255,9.751,10.013,3715,0
20140303,10.013,10.206,9.697,9.717,2950,0
20140304,9.696,10.211,9.4868,9.96,16544,0
20140305,10.161,10.166,9.674,9.675,22434,0
20140306,9.684,10.098,9.684,9.818,890,0
20140307,9.819,10.151,9.819,9.915,5089,0
20140310,9.819,10.408,9.819,10.161,10956,0
20140311,10.156,10.299,9.875,9.875,1810,0
20140312,9.875,10.359,9.875,10.018,4760,0
20140313,10.018,10.408,9.885,9.887,13653,0
20140314,10.108,10.655,9.67,9.915,25213,0
20140317,9.92,10.206,9.865,9.865,1262,0
20140318,9.819,10.161,9.819,9.915,436,0
20140319,9.915,10.181,9.915,9.925,1074,0
20140320,9.823,10.241,9.823,9.93,4222,0
20140321,9.91,10.181,9.909,9.909,5408,0
20140324,9.905,10.181,9.861,9.861,1866,0
20140325,9.861,9.983,9.709,9.895,3695,0
20140326,9.895,10.146,9.62,9.629,10879,0
20140327,9.62,9.965,9.619,9.683,11375,0
20140328,9.62,9.955,9.62,9.845,10818,0
20140331,9.63,9.965,9.63,9.865,1716,0
20140401,9.722,10.26,9.722,9.974,7237,0
20140402,9.945,10.191,9.94,9.94,225,0
20140403,9.945,10.186,9.679,9.679,2556,0
20140404,9.679,10.201,9.679,9.983,1137,0
20140407,9.955,10.166,9.779,9.885,2027,0
20140408,9.78,10.073,9.78,9.865,710,0
20140409,9.77,10.734,9.77,10.354,16366,0
20140410,10.359,11.005,10.359,10.585,9727,0
20140411,10.59,11,10.319,10.319,3193,0
20140414,10.299,10.813,10.008,10.028,3815,0
20140415,10.013,10.512,9.915,10.063,5229,0
20140416,9.915,10.196,9.833,9.833,800,0
20140417,9.833,10.403,9.833,10.161,4192,0
20140422,10.151,10.329,10.028,10.127,1611,0
20140423,10.033,10.556,10.033,10.309,2908,0
20140424,10.309,10.581,10.023,10.063,3669,0
20140425,10.013,10.403,10.013,10.151,296,0
20140428,10.151,10.359,9.865,9.865,2918,0
20140429,9.865,10.309,9.865,9.915,4209,0
20140430,9.915,10.309,9.915,10.078,4635,0
20140502,9.915,10.309,9.915,9.983,1006,0
20140505,9.988,10.211,9.935,9.935,1085,0
20140506,9.94,10.211,9.94,9.965,3521,0
20140507,9.965,10.327,9.965,10.003,3419,0
20140508,9.998,10.437,9.998,10.181,2178,0
20140509,10.186,10.408,10.136,10.161,4394,0
20140512,10.141,10.546,10.139,10.211,2044,0
20140513,10.156,10.704,10.156,10.339,8669,0
20140514,10.374,10.852,10.374,10.374,1931,0
20140515,10.299,10.507,10.299,10.379,1622,0
20140516,10.171,10.437,10.171,10.211,102,0
20140519,10.171,10.615,10.171,10.211,1885,0
20140520,10.161,10.724,10.161,10.462,6501,0
20140521,10.462,10.724,10.289,10.299,6109,0
20140522,10.289,10.729,10.289,10.418,254,0
20140523,10.418,10.655,10.394,10.394,2655,0
20140526,10.398,10.61,8.3856,8.7921,79549,0
20140527,8.879,8.879,8.3758,8.4054,12617,0
20140528,8.3402,8.7556,8.3402,8.3827,8876,0
20140529,8.3827,8.7556,8.3068,8.3068,3741,0
20140530,8.2792,8.6895,8.2386,8.3284,9720,0
20140602,8.3294,8.6323,8.3294,8.4212,10577,0
20140603,8.4202,8.6125,8.4202,8.4843,456,0
20140604,8.4034,8.6717,8.4034,8.4843,11204,0
20140605,8.4606,8.6323,8.4606,8.4843,1561,0
20140606,8.3422,8.6333,8.3422,8.6333,10933,0
20140609,8.4212,8.6363,8.366,8.366,3255,0
20140610,8.4222,8.582,8.3689,8.4242,1735,0
20140611,8.367,8.7418,8.367,8.4054,834,0
20140612,8.4064,8.6481,8.366,8.366,628,0
20140613,8.4853,8.5553,8.3334,8.3412,1444,0
20140616,8.3422,8.4853,8.287,8.287,15045,0
20140617,8.3422,8.4893,8.0847,8.4893,1926,0
20140618,8.0857,8.4429,8.0857,8.4429,416,0
20140619,8.1005,8.3254,8.0403,8.0403,3550,0
20140620,8.0265,8.3886,7.9891,8.0107,3569,0
20140623,7.9901,8.3886,7.9901,8.287,2349,0
20140624,7.9901,8.5189,7.9901,8.1134,621,0
20140625,8.1144,8.4843,8.1144,8.2426,9092,0
20140626,8.2792,8.5238,8.1814,8.1814,2579,0
20140627,8.1824,8.5337,8.1805,8.1805,1630,0
20140630,8.1814,8.7211,8.1814,8.4123,15887,0
20140701,8.4123,8.6797,8.4123,8.4597,2281,0
20140702,8.4606,9.027,8.4606,8.6629,9756,0
20140703,8.6639,9.1384,8.6639,8.7043,4190,0
20140704,8.7053,8.9588,8.7053,8.7191,2293,0
20140707,8.7201,8.88,8.5672,8.5672,750,0
20140708,8.5681,9.016,8.5672,8.5672,2525,0
20140709,8.5681,8.9174,8.4646,8.4646,1033,0
20140710,8.4656,8.7201,8.3068,8.3254,5944,0
20140711,8.4853,8.7793,8.3432,8.4843,2090,0
20140714,8.4853,8.6511,8.2968,8.2968,1454,0
20140715,8.4853,8.5435,8.3364,8.3364,1238,0
20140716,8.3364,8.5218,8.2782,8.2782,683,0
20140717,8.2792,8.5672,8.2377,8.3364,743,0
20140718,8.3374,8.5504,8.3364,8.3364,30,0
20140721,8.3374,8.6717,8.3374,8.3748,2017,0
20140722,8.3758,8.6225,8.3126,8.3126,833,0
20140723,8.3136,8.6698,8.2968,8.2968,669,0
20140724,8.2978,8.6698,8.2978,8.4518,30,0
20140725,8.4528,8.7704,8.4528,8.5475,1238,0
20140728,8.5485,8.7704,8.5485,8.5563,1288,0
20140729,8.5573,9.3131,8.5347,8.7013,27179,0
20140730,8.6688,9.1058,8.6688,8.7309,1835,0
20140731,8.7319,9.094,8.6323,8.6629,8492,0
20140801,8.6639,9.094,7.5076,8.1982,3903,0
20140804,8.1824,8.5623,7.9911,8.0403,8340,0
20140805,8.0749,8.3354,8.0413,8.1321,775,0
20140806,8.1331,8.2367,7.8362,7.8362,5728,0
20140807,7.8371,8.2258,7.4978,7.7,17093,0
20140808,7.701,8.0305,7.6063,7.6063,10214,0
20140811,7.6053,8.1183,7.6053,7.9121,5813,0
20140812,7.7987,8.139,7.7987,7.9407,3605,0
20140813,7.9417,8.2081,7.9417,8.0305,377,0
20140815,7.9417,8.3274,7.9417,8.0799,4452,0
20140818,7.9417,8.3264,7.922,7.922,9255,0
20140819,7.8934,8.0079,7.3202,7.4011,16370,0
20140820,7.2679,8.0887,7.2659,7.8805,38933,0
20140821,7.8815,8.4843,7.8805,8.2782,32668,0
20140822,8.2792,8.5633,8.1814,8.1814,10490,0
20140825,8.1824,8.3758,8.1716,8.1716,2887,0
20140826,8.1726,8.3856,8.139,8.1814,3300,0
20140828,8.1824,8.367,8.141,8.1814,456,0
20140829,8.1499,8.3384,8.1489,8.1489,1,0
20140901,8.1499,8.3384,8.1469,8.1489,456,0
20140902,8.1499,8.3384,8.1489,8.1489,203,0
20140903,8.1499,8.3384,8.1489,8.1489,375,0
20140904,8.1499,8.359,8.14,8.1489,459,0
20140908,8.1499,8.3384,8.1489,8.1489,1814,0
20140910,8.1499,8.3284,8.1489,8.1489,154,0
20140911,8.1499,8.2486,8.1499,8.2476,1196,0
20140912,8.2486,8.2486,8.1489,8.1489,7887,0
20140915,8.1499,8.2486,8.1489,8.1489,162,0
20140916,8.1499,8.2486,7.9417,7.9417,1033,0
20140917,7.9427,8.2486,7.8441,7.9023,403,0
20140918,7.8934,8.2486,7.8431,7.8431,588,0
20140919,7.8441,8.2338,7.2127,7.2127,9405,0
20140922,7.4514,7.8973,7.4514,7.7,6549,0
20140923,7.8934,7.8973,7.7,7.7,2430,0
20140924,7.8934,7.8973,7.703,7.703,466,0
20140925,7.8934,7.9003,7.699,7.699,1006,0
20140929,7.9427,7.9427,7.6566,7.6566,279,0
20140930,7.6576,7.9427,7.556,7.556,501,0
20141002,7.5964,7.6458,7.5964,7.5964,244,0
20141006,7.5974,7.6458,7.4978,7.5964,1704,0
20141007,7.5974,7.6458,7.3153,7.3153,5170,0
20141008,7.5974,7.5974,7.2018,7.3005,1845,0
20141009,7.3015,7.5866,7.2739,7.2739,1569,0
20141010,7.3005,7.5471,7.3005,7.4978,6791,0
20141013,7.3645,7.4001,7.3005,7.3005,4486,0
20141014,7.3113,7.5964,7.3015,7.5964,1610,0
20141015,7.5382,7.5382,7.0144,7.2018,9806,0
20141016,7.3163,7.5964,6.7677,7.1012,6784,0
20141017,7.0756,7.3005,6.9058,7.1328,957,0
20141020,7.1238,7.2995,6.9502,6.9878,720,0
20141021,7.0054,7.2137,6.9572,7.0608,669,0
20141022,7.037,7.4485,6.9916,7.2501,5199,0
20141024,7.1081,7.5964,7.1081,7.3517,1490,0
20141027,7.2294,7.409,7.1712,7.1989,1400,0
20141028,7.1712,7.3981,7.1446,7.1446,2389,0
20141029,7.1919,7.26,7.11,7.11,1746,0
20141031,7.1229,7.5964,7.1229,7.4277,9700,0
20141103,7.7424,7.7434,7.4119,7.5382,7898,0
20141104,7.5964,8.6175,7.4001,8.6175,3407,0
20141105,8.0897,8.6846,8.0897,8.6067,3528,0
20141106,8.6717,8.7113,8.2782,8.4261,406,0
20141107,8.879,8.879,8.3856,8.4567,4491,0
20141110,8.4715,8.6817,8.4705,8.51,510,0
20141111,8.4705,8.6817,8.4685,8.4685,102,0
20141112,8.4597,8.6817,8.0897,8.1371,2443,0
20141113,8.0897,8.5829,8.0897,8.1134,447,0
20141114,8.0897,8.6688,8.0611,8.3364,2331,0
20141118,8.4567,8.6688,8.3374,8.4518,112,0
20141119,8.4567,8.5248,8.3856,8.4024,202,0
20141120,8.3176,8.6688,8.3176,8.3896,162,0
20141121,8.4567,8.508,8.1331,8.1864,1053,0
20141124,8.1331,8.508,7.695,7.8589,6766,0
20141125,7.9793,8.0305,7.628,7.628,959,0
20141126,7.8332,8.0355,7.5481,7.7394,1046,0
20141127,7.7346,7.9013,7.5086,7.5471,1791,0
20141128,7.7089,7.9407,6.5783,6.5783,11704,0
20141201,6.4175,6.7085,6.4175,6.5024,9528,0
20141202,6.5507,6.6099,6.3583,6.3583,2366,0
20141203,6.3998,6.6888,6.2646,6.4629,8204,0
20141204,6.449,6.6099,6.449,6.4826,781,0
20141205,6.5714,6.8072,6.449,6.527,5175,0
20141208,6.6,6.6,6.4856,6.4856,304,0
20141209,6.4234,6.7085,6.3524,6.457,172,0
20141210,6.4964,6.5014,6.2616,6.2636,558,0
20141211,6.3534,6.4876,6.2251,6.2251,5421,0
20141212,6.2251,6.4352,6.2251,6.383,406,0
20141215,6.2843,6.2843,6.1373,6.1373,1302,0
20141216,6.2251,6.2646,6.0919,6.0919,1262,0
20141217,6.2251,6.4126,6.2251,6.2636,1955,0
20141218,6.3139,6.5359,6.2567,6.377,561,0
20141219,6.3524,6.8703,6.3524,6.6148,1598,0
20141222,6.5448,6.5497,6.303,6.313,1766,0
20141223,6.303,6.5497,6.231,6.2942,9479,0
20141229,6.1857,6.387,5.8966,5.8966,4626,0
20141230,5.9667,6.1157,5.5267,5.789,5790,0
20150102,5.648,5.8601,5.4891,5.4891,3950,0
20150105,5.79,5.79,5.5059,5.5059,745,0
20150107,5.6529,5.7102,5.3836,5.4872,1417,0
20150108,5.5641,5.8,5.4872,5.6924,3194,0
20150109,5.5345,5.79,5.5227,5.5227,4250,0
20150112,5.9301,5.9301,5.5227,5.5444,608,0
20150113,5.649,5.791,5.5247,5.6362,248,0
20150114,5.7318,5.9982,5.649,5.6539,2702,0
20150115,5.6796,5.9686,5.6726,5.7566,2027,0
20150116,5.8236,5.8986,5.723,5.723,50,0
20150119,5.7556,5.8996,5.7536,5.7536,1014,0
20150120,5.7566,6.0969,5.7566,5.9489,60,0
20150121,5.9489,6.2449,5.9193,5.9745,811,0
20150122,6.0929,6.0929,5.7022,5.7308,1652,0
20150123,5.7752,6.0633,5.6934,5.7418,1748,0
20150126,5.9114,5.9114,5.6983,5.6983,574,0
20150127,5.7674,6.1363,5.7674,5.941,10535,0
20150128,5.9873,6.4224,5.9873,6.2646,2478,0
20150129,6.2054,6.8082,6.2054,6.4994,8646,0
20150130,6.5063,6.8861,6.5004,6.5961,3189,0
20150202,6.4954,6.7431,6.4954,6.5546,679,0
20150204,6.4028,6.895,6.3346,6.4342,8855,0
20150206,6.2725,6.6099,6.2725,6.4146,821,0
20150209,6.449,6.6789,6.449,6.6789,10,0
20150211,6.3692,7.2511,6.3692,6.8615,4064,0
20150212,7.0933,7.0933,6.7283,6.7657,3775,0
20150213,6.6879,7.0222,6.4836,6.5033,1775,0
20150216,6.4777,6.8013,6.3938,6.6286,4930,0
20150217,6.6119,6.8072,6.3741,6.3741,5353,0
20150218,6.5112,6.6119,6.3928,6.3928,1318,0
20150219,6.2853,6.599,6.0781,6.1531,9369,0
20150220,6.2646,6.303,5.9252,5.9252,2743,0
20150223,5.9667,6.2646,5.9667,5.9883,1902,0
20150224,6.5112,6.5112,6.0555,6.0555,2338,0
20150225,6.0959,6.3416,6.0683,6.1926,152,0
20150226,6.1867,6.3416,6.0683,6.1916,306,0
20150227,6.1867,6.2419,6.0179,6.0377,933,0
20150302,5.9686,6.1649,5.9686,6.0189,3604,0
20150303,6.015,6.2646,6.015,6.1166,1595,0
20150304,6.1117,6.2153,5.9686,6.0307,2738,0
20150305,6.0633,6.2153,6.0189,6.0445,549,0
20150306,5.8246,6.1157,5.8246,5.9124,2401,0
20150309,5.9193,6.2153,5.9193,5.9726,7930,0
20150310,5.9677,6.31,5.9677,6.1491,1712,0
20150311,6.1561,6.6296,6.0781,6.3188,4740,0
20150312,6.4126,6.6671,6.4106,6.5092,1031,0
20150313,6.4964,6.748,6.309,6.376,2999,0
20150316,6.304,6.6789,6.304,6.5122,1828,0
20150317,6.4964,6.6789,6.3464,6.3464,6356,0
20150318,6.3534,6.6701,6.3524,6.4895,2737,0
20150320,6.4076,6.5793,6.3642,6.3712,707,0
20150323,6.3524,6.6099,6.3524,6.4076,571,0
20150325,6.4619,6.6927,6.3642,6.5191,6396,0
20150326,6.5793,6.7579,6.5112,6.5605,5600,0
20150327,6.5448,6.7579,6.5073,6.5073,608,0
20150330,6.5931,6.6897,6.383,6.383,8072,0
20150331,6.5112,6.7085,6.3928,6.4294,17924,0
20150401,6.3534,6.6592,6.3534,6.449,25022,0
20150407,6.5112,7.0036,6.5112,7.0036,3416,0
20150408,6.9542,6.9552,6.9542,6.9552,907,0
20150410,6.6592,6.6592,6.6592,6.6592,76,0
20150413,6.6592,7.0332,6.6592,7.0332,8621,0
20150415,6.9542,6.9542,6.9542,6.9542,5,0
20150417,6.6592,6.6592,6.5704,6.5704,4928,0
20150420,6.8555,6.8555,6.8555,6.8555,102,0
20150421,6.8062,6.8062,6.8062,6.8062,2,0
20150422,6.5704,6.7283,6.5704,6.7283,8363,0
20150423,6.5704,6.6099,6.5704,6.6099,5118,0
20150424,6.5714,6.5714,6.5704,6.5704,2413,0
20150427,6.7036,6.7036,6.5112,6.5112,170,0
20150429,6.5122,6.5122,6.5112,6.5112,590,0
20150430,6.4718,6.4718,6.4718,6.4718,142,0
20150505,6.4619,6.4619,6.4619,6.4619,306,0
20150507,6.3732,6.3732,6.3732,6.3732,1014,0
20150508,6.3632,6.3632,6.3632,6.3632,1521,0
20150511,6.6099,6.6099,6.6099,6.6099,202,0
20150513,6.5596,7.1535,6.5596,7.0538,7803,0
20150514,6.9058,6.9364,6.9058,6.9354,4880,0
20150515,6.9058,6.9058,6.8654,6.9058,3225,0
20150518,6.7589,6.7589,6.7579,6.7579,1201,0
20150519,6.7589,6.7589,6.7569,6.7579,1166,0
20150520,6.8575,6.8575,6.7184,6.7184,1898,0
20150521,6.7184,6.7184,6.7184,6.7184,925,0
20150522,6.7193,6.7193,6.7085,6.7085,2162,0
20150526,6.9058,6.9058,6.9058,6.9058,51,0
20150528,6.7085,6.7085,6.7085,6.7085,375,0
20150602,6.9552,6.9552,6.9552,6.9552,25,0
20150609,6.9048,6.9048,6.9048,6.9048,57,0
20150610,6.7085,6.7085,6.7085,6.7085,1141,0
20150611,6.7085,6.7085,6.7085,6.7085,160,0
20150616,6.5605,6.5605,6.5605,6.5605,973,0
20150618,6.5605,6.7875,6.4126,6.7875,1596,0
20150619,6.7085,6.7085,6.7085,6.7085,1403,0
20150623,6.4915,6.4915,6.4915,6.4915,1521,0
20150624,6.5112,6.5112,6.5112,6.5112,1521,0
20150625,6.7085,6.8565,6.7085,6.8565,2653,0
20150629,6.4619,7.2018,6.4619,7.2018,2257,0
20150630,7.0538,7.1032,7.0538,7.1032,1885,0
20150702,7.0736,7.0736,7.0736,7.0736,10,0
20150707,6.9354,6.9354,6.7085,6.7085,1598,0
20150709,6.6592,6.9058,6.6592,6.9058,507,0
20150714,6.6109,6.9048,6.6099,6.6099,88,0
20150716,6.8269,7.0736,6.8072,6.9048,3425,0
20150717,7.0736,8.0897,7.0736,7.6211,19599,0
20150720,7.6458,7.695,7.3991,7.5964,13716,0
20150721,7.5964,7.5964,7.5767,7.5767,1903,0
20150722,7.4988,7.5944,7.4978,7.5944,711,0
20150723,7.5944,7.5954,7.5944,7.5954,418,0
20150724,7.4978,7.4978,7.3991,7.3991,1066,0
20150727,7.4001,7.4001,7.3981,7.3981,841,0
20150728,7.5954,7.5954,7.5954,7.5954,285,0
20150730,7.5954,7.5964,7.5954,7.5964,6062,0
20150731,7.8924,7.8924,7.695,7.695,1420,0
20150804,7.7434,7.7434,7.6941,7.6941,86,0
20150806,7.695,7.695,7.695,7.695,6,0
20150812,7.6941,7.6941,7.3015,7.3015,226,0
20150813,7.2521,7.2521,7.2511,7.2511,543,0
20150814,7.4485,7.5866,7.4475,7.5866,2069,0
20150817,7.6458,7.6458,7.6458,7.6458,202,0
20150819,7.3015,7.3015,7.3005,7.3005,1476,0
20150820,7.1732,7.1732,7.0824,7.0834,7218,0
20150821,6.9058,6.9058,6.4126,6.4126,6924,0
20150824,6.4126,6.4136,5.6243,5.8818,13020,0
20150825,6.1067,6.1077,6.0663,6.0673,3751,0
20150826,6.1659,6.8062,6.1659,6.8062,3345,0
20150827,6.5112,6.7579,6.3642,6.7085,2230,0
20150828,6.9058,6.9068,6.9058,6.9058,2512,0
20150831,7.1022,7.1022,7.1022,7.1022,225,0
20150901,6.9068,7.1032,6.9068,7.1032,924,0
20150902,7.0045,7.0045,6.9068,7.0045,1273,0
20150903,7.0045,7.0045,7.0045,7.0045,1897,0
20150911,7.0498,7.0498,6.9019,6.9019,122,0
20150914,6.8575,6.9058,6.8575,6.9058,264,0
20150915,7.1022,7.1022,7.1022,7.1022,10,0
20150917,7.1032,7.1032,7.1032,7.1032,340,0
20150922,6.7293,6.7293,6.7283,6.7283,1803,0
20150923,6.7293,6.6701,6.6701,6.6701,446,0
20150924,6.6691,6.7283,6.6691,6.7283,2199,0
20150925,6.5507,6.5507,6.531,6.531,254,0
20150930,6.3149,6.7865,6.3149,6.6859,123,0
20151001,6.4915,6.4915,6.4915,6.4915,202,0
20151002,6.3632,6.3632,6.0673,6.1166,2700,0
20151005,6.304,6.3149,6.304,6.3139,2143,0
20151006,6.3139,6.3139,6.3139,6.3139,604,0
20151008,6.3139,6.3139,6.3139,6.3139,69,0
20151009,6.3139,6.3139,6.3139,6.3139,363,0
20151013,6.6099,6.6099,6.6099,6.6099,1967,0
20151014,6.6099,6.6099,6.6099,6.6099,102,0
20151015,6.6099,6.6099,6.6099,6.6099,202,0
20151019,6.6296,6.6296,6.6296,6.6296,862,0
20151020,6.6099,6.6099,6.6099,6.6099,65,0
20151021,6.9552,7.1229,6.9552,7.0302,2862,0
20151022,7.1022,7.2314,7.1022,7.2314,5281,0
20151023,7.4099,7.4099,7.3005,7.3005,408,0
20151026,7.5964,7.5964,7.5175,7.5964,2102,0
20151027,7.5964,7.5964,7.4978,7.5964,1047,0
20151028,7.5471,7.5964,7.5076,7.5076,1178,0
20151029,7.5964,7.5964,7.5964,7.5964,10,0
20151030,7.6645,7.6654,7.6645,7.6654,187,0
20151102,7.3991,7.4593,7.3991,7.4593,906,0
20151104,7.3015,7.3015,7.3005,7.3005,482,0
20151106,7.4978,7.5964,7.4978,7.5964,1926,0
20151109,7.7444,8.0897,7.7444,7.8924,2395,0
20151110,7.8924,7.9901,7.8924,7.9901,1439,0
20151111,7.9693,7.9693,7.7158,7.7158,1825,0
20151112,7.6468,7.6468,7.6053,7.6053,4592,0
20151113,7.5954,7.5964,7.5954,7.5964,1804,0
20151116,7.3991,7.558,7.3991,7.557,201,0
20151117,7.4978,7.5471,7.4978,7.5471,215,0
20151120,7.5481,7.5964,7.0933,7.5964,18305,0
20151123,7.5964,7.5964,7.5964,7.5964,529,0
20151126,7.5964,7.5964,7.5964,7.5964,1318,0
20151127,7.7444,8.286,7.7444,8.286,5601,0
20151130,8.0887,8.0887,8.0887,8.0887,102,0
20151201,7.7938,7.9911,7.7938,7.7938,2760,0
20151202,7.8825,7.8825,7.8825,7.8825,20,0
20151203,7.9911,7.9911,7.7938,7.7938,1746,0
20151204,7.7938,8.0403,7.7938,8.0403,4176,0
20151207,8.0403,8.0403,8.0403,8.0403,142,0
20151208,8.0897,8.9076,8.0897,8.3856,3812,0
20151209,8.582,8.582,8.582,8.582,235,0
20151210,8.5623,8.5623,8.5623,8.5623,73,0
20151211,8.1884,8.1884,8.0009,8.0009,2555,0
20151215,7.9121,7.9121,7.9121,7.9121,314,0
20151216,7.9121,7.9121,7.9121,7.9121,912,0
20151217,7.9131,7.9131,7.9131,7.9131,1216,0
20151218,8.0009,8.0887,8.0009,8.0887,844,0
20151222,8.0394,8.0394,8.0394,8.0394,1,0
20151228,7.8441,7.8914,7.7938,7.8914,2285,0
20151229,7.4988,7.4988,7.4988,7.4988,153,0
20151230,7.409,7.4968,7.2215,7.3143,4276,0
20160106,7.0538,7.0538,7.0538,7.0538,1419,0
20160107,7.0528,7.0538,6.9058,6.9058,2635,0
20160108,6.9058,7.0045,6.9058,7.0045,1500,0
20160111,7.3005,7.9407,7.3005,7.9407,1432,0
20160112,7.9901,7.9901,7.3202,7.3202,3989,0
20160113,7.5846,7.5846,7.3507,7.3507,598,0
20160114,7.695,7.695,7.5954,7.5954,630,0
20160118,7.2906,7.2906,6.7875,6.9058,2443,0
20160119,6.9058,7.4485,6.9058,6.9848,2079,0
20160120,6.8565,6.8575,6.8565,6.8575,1522,0
20160122,6.9542,6.9552,6.9542,6.9552,1510,0
20160126,6.7579,6.7579,6.7579,6.7579,62,0
20160201,6.9552,7.0045,6.9058,6.9058,204,0
20160202,6.9068,6.9068,6.9058,6.9058,608,0
20160203,6.9068,6.9552,6.9058,6.9058,2027,0
20160204,6.6602,6.6602,6.6602,6.6602,533,0
20160205,7.0538,7.0538,7.0538,7.0538,190,0
20160208,6.7579,6.7579,6.6592,6.6592,1291,0
20160209,6.8555,6.8555,6.8555,6.8555,1,0
20160211,6.7085,6.7085,6.7085,6.7085,167,0
20160215,6.6701,6.6701,6.6493,6.6493,347,0
20160216,6.8062,7.0933,6.8062,7.0933,4249,0
20160217,7.1525,7.1525,7.1525,7.1525,1521,0
20160218,7.3399,7.3399,7.1525,7.1525,300,0
20160219,7.035,7.3991,7.035,7.1525,156,0
20160222,7.3991,7.6063,7.3991,7.6063,5982,0
20160223,7.5086,7.5086,7.5086,7.5086,507,0
20160224,7.6842,7.6842,7.5086,7.5086,672,0
20160302,7.6842,7.6842,7.6842,7.6842,668,0
20160303,7.6842,7.6842,7.5067,7.5067,588,0
20160304,7.6646,7.6655,7.6358,7.6367,2582,0
20160307,7.4977,7.4987,7.4977,7.4977,899,0
20160309,7.3309,7.3309,7.3309,7.3309,1007,0
20160314,7.4481,7.4481,7.4481,7.4481,503,0
20160315,7.459,7.459,7.458,7.458,1007,0
20160316,7.458,7.458,7.458,7.458,488,0
20160321,7.3488,7.3488,7.3478,7.3478,2894,0
20160323,7.3478,7.3478,7.3478,7.3478,546,0
20160329,7.3478,7.3478,7.3478,7.3478,540,0
20160401,7.2236,7.2236,6.6139,6.6139,5383,0
20160404,6.6536,6.8919,6.6536,6.8919,2614,0
20160405,6.7529,6.7529,6.7529,6.7529,95,0
20160406,6.7926,6.7926,6.6427,6.6427,1580,0
20160408,6.7529,6.7529,6.7529,6.7529,3021,0
20160415,6.9148,6.9148,6.9148,6.9148,1249,0
20160420,6.882,6.882,6.882,6.882,547,0
20160421,6.9118,7.0608,6.9118,7.0608,1813,0
20160425,7.3488,7.6467,7.3488,7.3706,3793,0
20160426,7.2514,7.8254,7.2514,7.8254,2634,0
20160427,7.6963,7.745,7.6874,7.6874,1809,0
20160428,7.6367,7.8344,7.6367,7.8344,1462,0
20160429,7.6159,7.6159,7.5166,7.5166,534,0
20160502,7.7341,7.7341,7.5573,7.5573,1819,0
20160503,7.5573,7.5573,7.5374,7.5374,720,0
20160504,7.597,7.597,7.597,7.597,905,0
20160510,7.3944,7.3944,7.3944,7.3944,386,0
20160511,7.6924,7.6924,7.6924,7.6924,797,0
20160517,7.315,7.315,7.315,7.315,1007,0
20160523,7.0528,7.0528,7.0528,7.0528,1371,0
20160524,6.8542,6.8542,6.8542,6.8542,503,0
20160525,6.6556,6.7549,6.6556,6.7549,2014,0
20160527,6.4768,6.4768,6.4768,6.4768,1323,0
20160530,6.3765,6.3775,6.2067,6.3547,1886,0
20160531,6.4292,6.4341,6.4292,6.4341,1813,0
20160602,6.4063,6.4748,6.1869,6.1869,8371,0
20160603,6.2862,6.2862,6.1074,6.1074,2175,0
20160606,5.9485,6.167,5.5731,6.0578,9741,0
20160607,5.9584,5.9684,5.7996,5.7996,3124,0
20160608,6.1571,6.2673,6.1571,6.1571,3835,0
20160609,6.3954,6.3954,6.3954,6.3954,313,0
20160610,6.1571,6.3557,6.1571,6.1571,8247,0
20160613,6.0578,6.3547,5.9584,6.3547,7453,0
20160614,6.1581,6.1581,6.1571,6.1571,2543,0
20160616,6.1581,6.1581,5.9594,5.9594,8217,0
20160617,5.9594,5.9594,5.9594,5.9594,1560,0
20160620,6.1581,6.1581,6.1581,6.1581,403,0
20160624,6.3557,6.3557,6.3557,6.3557,101,0
20160627,6.0776,6.316,6.018,6.018,2727,0
20160630,5.7638,5.9594,5.7638,5.9584,6828,0
20160701,5.8204,6.2365,5.8204,6.2365,151,0
20160705,6.2554,6.2554,5.9584,5.9584,1867,0
20160707,6.1571,6.4053,6.1571,6.3557,4945,0
20160708,6.2683,6.2683,6.2683,6.2683,2335,0
20160711,6.2683,6.5543,6.2683,6.5334,3475,0
20160713,6.7122,6.7122,6.7122,6.7122,1712,0
20160714,6.9515,6.9515,6.9515,6.9515,598,0
20160715,6.9515,6.9515,6.8522,6.8522,2123,0
20160718,6.882,7.1303,6.882,6.9525,589,0
20160719,7.1273,7.4481,7.1273,7.4481,660,0
20160720,7.3497,7.4083,7.1402,7.4083,3144,0
20160725,7.1015,7.1015,7.1005,7.1005,604,0
20160726,7.1015,7.1015,7.1005,7.1005,1208,0
20160804,6.8115,6.8115,6.8115,6.8115,608,0
20160805,7.0697,7.0697,7.0697,7.0697,604,0
20160812,7.2236,7.2494,7.2236,7.2494,1037,0
20160822,6.733,6.733,6.733,6.733,101,0
20160824,6.733,6.733,6.733,6.733,500,0
20160825,6.9019,6.9019,6.9019,6.9019,990,0
20160826,7.021,7.021,7.021,7.021,1510,0
20160829,7.2385,7.3885,6.7033,6.7033,8128,0
20160831,6.8016,6.8026,6.8016,6.8026,201,0
20160905,6.5841,6.5841,6.5841,6.5841,554,0
20160906,6.5652,6.5652,6.5424,6.5424,2699,0
20160912,6.1968,6.1968,6.1968,6.1968,1007,0
20160920,6.2564,6.2564,6.2564,6.2564,354,0
20160923,6.018,6.018,6.018,6.018,101,0
20160927,5.9783,5.9783,5.9783,5.9783,181,0
20160929,5.9684,6.1024,5.9684,6.1024,2593,0
20161004,6.2613,6.2613,6.2613,6.2613,2426,0
20161005,6.455,6.455,6.455,6.455,1712,0
20161006,6.5553,6.5553,6.5553,6.5553,50,0
20161007,6.5553,6.7519,6.5543,6.6039,982,0
20161014,6.4649,6.4649,6.4649,6.4649,141,0
20161018,6.3656,6.455,6.3557,6.3557,5202,0
20161019,6.4748,6.4748,6.4748,6.4748,1712,0
20161025,6.8026,7.3587,6.8026,7.1511,1783,0
20161031,6.9922,6.9922,6.9922,6.9922,62,0
20161103,7.1134,7.1134,7.1134,7.1134,564,0
20161107,7.0508,7.0508,7.0508,7.0508,503,0
20161109,6.8532,6.8532,6.7728,6.8125,3323,0
20161111,6.734,6.734,6.733,6.733,1329,0
20161116,6.6645,6.6645,6.6645,6.6645,1413,0
20161123,6.5543,6.5543,6.5543,6.5543,126,0
20161125,6.8314,6.8324,6.8125,6.8125,1964,0
20161128,6.7529,6.9714,6.6536,6.9714,5214,0
20161129,7.0906,7.3488,6.9525,7.3488,3203,0
20161130,6.9515,6.9515,6.455,6.455,10352,0
20161201,6.5344,6.5344,6.5344,6.5344,1434,0
20161206,6.74,6.74,6.74,6.74,451,0
20161208,6.8393,7.0508,6.8393,7.0508,1666,0
20161212,7.031,7.031,7.031,7.031,1007,0
20161213,6.9525,6.9525,6.9515,6.9515,1913,0
20161214,6.6536,6.7132,6.6526,6.7132,3544,0
20161215,6.733,6.8026,6.4937,6.6407,2166,0
20161219,6.5543,6.6188,6.5543,6.6188,1385,0
20161220,6.738,6.8572,6.738,6.8572,1219,0
20161221,6.6933,6.6933,6.6933,6.6933,503,0
20161222,6.5553,6.5553,6.5543,6.5543,612,0
20161223,6.7112,6.7112,6.7112,6.7112,201,0
20161229,6.5185,6.5185,6.5185,6.5185,376,0
20161230,6.3606,6.6536,6.3597,6.6536,3077,0
20170103,6.7519,6.7519,6.7519,6.7519,16,0
20170104,6.7321,6.7321,6.5056,6.5056,254,0
20170105,6.5652,6.5652,6.5652,6.5652,497,0
20170106,6.6119,6.6119,6.6119,6.6119,508,0
20170109,6.6039,6.6039,6.6039,6.6039,206,0
20170110,6.6039,6.6039,6.6039,6.6039,196,0
20170112,6.5046,6.5046,6.455,6.455,3021,0
20170113,6.3765,6.455,6.3755,6.455,3986,0
20170117,6.6725,6.6725,6.4977,6.4977,675,0
20170118,6.6764,6.6764,6.6764,6.6764,210,0
20170120,6.736,6.736,6.736,6.736,302,0
20170123,6.7956,6.7956,6.7956,6.7956,101,0
20170125,6.8552,6.8751,6.6536,6.8751,416,0
20170201,6.7529,6.7529,6.7529,6.7529,201,0
20170202,6.8711,6.8711,6.8711,6.8711,13,0
20170207,6.5871,6.5871,6.5871,6.5871,201,0
20170209,6.5871,6.5881,6.5881,6.599,302,0
20170210,6.877,6.877,6.6536,6.6536,506,0
20170213,6.5146,6.5146,6.3557,6.3557,4129,0
20170214,6.5046,6.5046,6.4053,6.4053,2503,0
20170215,6.5245,6.5543,6.5245,6.5543,673,0
20170220,6.3606,6.3606,6.3606,6.3606,101,0
20170222,6.6387,6.6387,6.6387,6.6387,1056,0
20170224,6.5543,6.5543,6.5195,6.5195,717,0
20170228,6.7182,6.7182,6.5593,6.5593,1984,0
20170301,6.6983,6.8423,6.6983,6.8423,4355,0
20170302,6.7827,6.7827,6.7827,6.7827,1201,0
20170303,6.7529,6.7529,6.7529,6.7529,81,0
20170306,6.9317,6.9515,6.9118,6.9118,2417,0
20170309,7.17,7.17,7.17,7.17,524,0
20170313,7.11,7.251,7.11,7.25,4970,0
20170314,7.349,7.51,7.349,7.5,3369,0
20170315,7.41,7.41,7.35,7.35,600,0
20170316,7.499,7.5,7.399,7.4,768,0
20170317,7.3,7.3,7.24,7.24,900,0
20170321,7.201,7.201,7.2,7.2,1294,0
20170322,7.041,7.041,7.041,7.041,62,0
