Date,Open,High,Low,Close,Volume,OpenInt
20090406,0.15,0.17,0.12,0.17,1000,0
20090407,0.145,0.147,0.12,0.13,3000,0
20090409,0.147,0.15,0.12,0.13,13000,0
20090414,0.15,0.17,0.13,0.136,3500,0
20090415,0.17,0.17,0.136,0.14,2575,0
20090416,0.16,0.16,0.126,0.14,29900,0
20090417,0.15,0.16,0.14,0.143,30188,0
20090420,0.16,0.184,0.13,0.184,45301,0
20090421,0.185,0.185,0.14,0.18,15300,0
20090422,0.155,0.16,0.155,0.156,4900,0
20090423,0.16,0.179,0.15,0.179,20944,0
20090424,0.15,0.173,0.15,0.173,11280,0
20090427,0.17,0.175,0.155,0.156,10101,0
20090428,0.16,0.18,0.15,0.18,32800,0
20090429,0.18,0.18,0.15,0.157,10000,0
20090504,0.16,0.16,0.15,0.151,25500,0
20090505,0.15,0.178,0.15,0.178,4250,0
20090506,0.154,0.17,0.154,0.17,21200,0
20090507,0.17,0.17,0.154,0.169,33900,0
20090508,0.17,0.17,0.11,0.11,100,0
20090511,0.17,0.17,0.153,0.155,400,0
20090512,0.16,0.18,0.153,0.18,3000,0
20090514,0.15,0.169,0.13,0.169,3000,0
20090515,0.17,0.17,0.13,0.17,9780,0
20090518,0.17,0.17,0.13,0.14,2200,0
20090519,0.17,0.17,0.13,0.155,27340,0
20090520,0.16,0.179,0.16,0.165,42435,0
20090521,0.17,0.171,0.17,0.171,25150,0
20090522,0.17,0.179,0.17,0.179,3925,0
20090526,0.17,0.175,0.144,0.156,1030,0
20090528,0.16,0.19,0.14,0.154,38425,0
20090529,0.15,0.19,0.15,0.171,5700,0
20090601,0.17,0.171,0.15,0.159,5100,0
20090602,0.16,0.195,0.135,0.135,43850,0
20090603,0.14,0.15,0.135,0.15,1900,0
20090604,0.15,0.15,0.14,0.15,235,0
20090608,0.15,0.16,0.14,0.16,2000,0
20090609,0.16,0.16,0.14,0.141,3400,0
20090610,0.14,0.17,0.14,0.17,12000,0
20090615,0.17,0.17,0.143,0.15,1700,0
20090616,0.17,0.17,0.145,0.15,1000,0
20090618,0.15,0.15,0.14,0.15,6400,0
20090624,0.15,0.165,0.14,0.145,9760,0
20090626,0.14,0.156,0.14,0.14,18050,0
20090630,0.14,0.141,0.14,0.141,12500,0
20090701,0.14,0.143,0.14,0.143,30100,0
20090702,0.14,0.169,0.14,0.169,5550,0
20090710,0.14,0.17,0.122,0.122,30733,0
20090713,0.12,0.13,0.116,0.13,10000,0
20090715,0.14,0.14,0.127,0.13,1700,0
20090716,0.14,0.14,0.127,0.131,700,0
20090717,0.13,0.165,0.117,0.165,2900,0
20090720,0.17,0.17,0.135,0.17,300,0
20090721,0.14,0.145,0.127,0.127,32605,0
20090722,0.13,0.13,0.127,0.127,5000,0
20090723,0.13,0.167,0.126,0.167,5000,0
20090724,0.13,0.177,0.13,0.177,19750,0
20090727,0.17,0.17,0.126,0.146,34000,0
20090728,0.15,0.156,0.136,0.147,15490,0
20090729,0.15,0.15,0.146,0.146,15489,0
20090803,0.15,0.159,0.146,0.159,350,0
20090804,0.16,0.16,0.146,0.159,3500,0
20090810,0.145,0.147,0.145,0.147,1700,0
20090811,0.13,0.149,0.13,0.149,701,0
20090813,0.13,0.17,0.12,0.131,17200,0
20090814,0.13,0.13,0.12,0.129,51250,0
20090817,0.125,0.159,0.106,0.13,23650,0
20090818,0.13,0.158,0.115,0.121,15051,0
20090819,0.12,0.13,0.105,0.105,1100,0
20090825,0.12,0.155,0.12,0.154,21099,0
20090826,0.15,0.15,0.134,0.134,10000,0
20090827,0.13,0.154,0.115,0.117,5000,0
20090901,0.13,0.15,0.12,0.13,11000,0
20090902,0.13,0.13,0.12,0.121,16634,0
20090903,0.12,0.13,0.12,0.13,19999,0
20090907,0.13,0.14,0.12,0.12,600,0
20090910,0.12,0.139,0.12,0.139,1267,0
20090911,0.14,0.14,0.121,0.122,28000,0
20090914,0.12,0.124,0.12,0.124,400,0
20090916,0.13,0.136,0.13,0.136,48200,0
20090918,0.14,0.14,0.127,0.128,7000,0
20090921,0.123,0.14,0.121,0.124,4700,0
20090922,0.123,0.125,0.123,0.125,5950,0
20090923,0.122,0.149,0.122,0.149,500,0
20090925,0.13,0.131,0.123,0.131,150,0
20090928,0.132,0.132,0.119,0.119,300,0
20090929,0.131,0.159,0.119,0.159,4400,0
20090930,0.131,0.14,0.113,0.113,8000,0
20091001,0.142,0.142,0.119,0.119,100,0
20091002,0.128,0.13,0.1,0.1,3500,0
20091005,0.131,0.131,0.111,0.122,16700,0
20091006,0.131,0.131,0.121,0.123,20000,0
20091007,0.131,0.139,0.121,0.13,2030,0
20091008,0.141,0.141,0.121,0.121,20400,0
20091012,0.122,0.122,0.115,0.12,7550,0
20091013,0.118,0.12,0.115,0.119,480,0
20091014,0.12,0.162,0.106,0.16,112850,0
20091015,0.162,0.162,0.13,0.13,9366,0
20091019,0.131,0.18,0.12,0.131,1324,0
20091020,0.132,0.148,0.12,0.148,2366,0
20091021,0.15,0.159,0.119,0.125,471000,0
20091022,0.126,0.15,0.126,0.135,11000,0
20091023,0.14,0.14,0.127,0.139,2000,0
20091026,0.137,0.15,0.127,0.15,2000,0
20091027,0.141,0.15,0.127,0.15,33050,0
20091028,0.152,0.152,0.127,0.142,2890,0
20091029,0.144,0.144,0.13,0.13,1000,0
20091030,0.128,0.13,0.127,0.13,500,0
20091102,0.125,0.131,0.125,0.13,250,0
20091103,0.131,0.131,0.13,0.13,11000,0
20091104,0.128,0.142,0.12,0.142,12700,0
20091106,0.143,0.148,0.13,0.148,14785,0
20091109,0.121,0.14,0.121,0.139,300,0
20091110,0.137,0.139,0.121,0.131,2340,0
20091111,0.132,0.139,0.13,0.13,700,0
20091112,0.137,0.137,0.13,0.13,900,0
20091116,0.13,0.13,0.121,0.121,20000,0
20091117,0.119,0.12,0.09,0.12,34000,0
20091118,0.118,0.169,0.1,0.16,204100,0
20091119,0.158,0.2,0.12,0.155,125900,0
20091120,0.124,0.145,0.123,0.13,37226,0
20091123,0.128,0.157,0.123,0.131,49574,0
20091124,0.129,0.131,0.129,0.13,12800,0
20091130,0.128,0.147,0.12,0.12,51300,0
20091201,0.118,0.15,0.103,0.122,26000,0
20091202,0.12,0.122,0.1,0.1,1,0
20091204,0.12,0.142,0.105,0.142,21510,0
20091207,0.13,0.142,0.13,0.13,4009,0
20091209,0.118,0.145,0.118,0.145,27500,0
20091210,0.143,0.159,0.11,0.127,11101,0
20091215,0.126,0.17,0.125,0.126,15000,0
20091217,0.113,0.13,0.113,0.13,5950,0
20091218,0.117,0.151,0.117,0.135,3200,0
20091222,0.117,0.13,0.105,0.105,400,0
20091223,0.117,0.13,0.117,0.126,13000,0
20091228,0.138,0.138,0.105,0.105,3110,0
20091229,0.113,0.13,0.113,0.13,26250,0
20091230,0.117,0.158,0.117,0.158,1000,0
20100104,0.142,0.159,0.125,0.127,3200,0
20100106,0.117,0.14,0.117,0.14,7000,0
20100108,0.117,0.157,0.117,0.13,24450,0
20100111,0.117,0.13,0.117,0.13,13000,0
20100112,0.117,0.127,0.117,0.12,700,0
20100113,0.114,0.149,0.114,0.149,1020,0
20100114,0.134,0.15,0.116,0.126,1180,0
20100118,0.12,0.133,0.1,0.1,200,0
20100121,0.12,0.15,0.12,0.141,20300,0
20100122,0.127,0.149,0.127,0.149,12000,0
20100126,0.126,0.141,0.1,0.141,800,0
20100129,0.126,0.148,0.126,0.14,14970,0
20100201,0.126,0.149,0.12,0.148,6470,0
20100202,0.133,0.149,0.12,0.121,6300,0
20100203,0.109,0.134,0.109,0.134,8500,0
20100204,0.121,0.135,0.1,0.135,8600,0
20100208,0.121,0.135,0.121,0.135,2100,0
20100209,0.122,0.134,0.122,0.134,13000,0
20100210,0.121,0.135,0.121,0.124,13970,0
20100211,0.112,0.123,0.112,0.122,21970,0
20100212,0.11,0.12,0.105,0.119,85700,0
20100216,0.108,0.14,0.105,0.14,2500,0
20100219,0.108,0.121,0.1,0.12,15560,0
20100222,0.108,0.12,0.108,0.12,9000,0
20100223,0.108,0.118,0.108,0.118,280,0
20100226,0.106,0.119,0.106,0.119,100,0
20100301,0.107,0.119,0.107,0.119,2000,0
20100302,0.107,0.12,0.107,0.12,17100,0
20100303,0.108,0.118,0.108,0.11,17000,0
20100304,0.099,0.125,0.099,0.125,9599,0
20100305,0.113,0.139,0.103,0.103,24600,0
20100308,0.084,0.139,0.084,0.105,10370,0
20100309,0.095,0.125,0.095,0.125,2150,0
20100310,0.113,0.121,0.1,0.121,2500,0
20100311,0.109,0.136,0.109,0.136,35396,0
20100312,0.122,0.138,0.099,0.131,3500,0
20100315,0.118,0.131,0.118,0.13,100995,0
20100316,0.117,0.13,0.1,0.11,100,0
20100317,0.099,0.112,0.099,0.112,2000,0
20100318,0.101,0.129,0.101,0.129,5500,0
20100319,0.116,0.135,0.1,0.135,20200,0
20100322,0.122,0.137,0.103,0.103,150,0
20100323,0.123,0.137,0.113,0.116,12230,0
20100324,0.104,0.116,0.104,0.116,128,0
20100325,0.113,0.139,0.113,0.139,20000,0
20100326,0.125,0.125,0.111,0.121,250,0
20100329,0.12,0.121,0.12,0.121,200,0
20100330,0.121,0.121,0.12,0.12,30050,0
20100331,0.111,0.112,0.111,0.111,10000,0
20100401,0.101,0.12,0.101,0.12,20050,0
20100406,0.108,0.128,0.081,0.106,10400,0
20100407,0.095,0.111,0.095,0.111,2200,0
20100408,0.1,0.127,0.1,0.105,6200,0
20100409,0.105,0.111,0.081,0.105,21100,0
20100419,0.099,0.125,0.099,0.11,39320,0
20100421,0.095,0.108,0.095,0.108,200,0
20100423,0.096,0.107,0.096,0.107,6800,0
20100426,0.096,0.129,0.096,0.124,998508,0
20100427,0.094,0.106,0.081,0.081,3797,0
20100428,0.095,0.105,0.095,0.105,17741,0
20100430,0.095,0.125,0.095,0.105,32000,0
20100503,0.095,0.106,0.095,0.1,25000,0
20100504,0.091,0.104,0.091,0.1,60400,0
20100506,0.086,0.096,0.086,0.096,1500,0
20100507,0.096,0.096,0.094,0.094,100,0
20100511,0.086,0.13,0.086,0.13,440400,0
20100512,0.117,0.127,0.103,0.114,89050,0
20100513,0.103,0.127,0.102,0.102,21800,0
20100514,0.094,0.106,0.094,0.105,18420,0
20100517,0.1,0.113,0.1,0.1,49228,0
20100518,0.1,0.1,0.092,0.096,15430,0
20100519,0.086,0.119,0.086,0.113,27560,0
20100520,0.102,0.11,0.096,0.11,5000,0
20100521,0.099,0.116,0.096,0.096,14650,0
20100525,0.09,0.1,0.09,0.096,15106,0
20100526,0.086,0.116,0.086,0.095,29000,0
20100527,0.086,0.096,0.086,0.095,30000,0
20100528,0.086,0.116,0.086,0.094,51000,0
20100531,0.092,0.114,0.092,0.101,14794,0
20100603,0.095,0.118,0.092,0.093,33000,0
20100604,0.084,0.093,0.084,0.09,79700,0
20100608,0.081,0.086,0.066,0.086,2400,0
20100610,0.077,0.091,0.077,0.091,100,0
20100611,0.082,0.1,0.082,0.092,24000,0
20100614,0.083,0.114,0.08,0.091,9150,0
20100615,0.082,0.091,0.082,0.091,300,0
20100616,0.082,0.11,0.082,0.103,16980,0
20100617,0.093,0.099,0.09,0.09,1000,0
20100622,0.081,0.098,0.081,0.098,8015,0
20100623,0.088,0.099,0.088,0.096,2900,0
20100624,0.086,0.1,0.086,0.097,60000,0
20100625,0.087,0.087,0.085,0.085,10000,0
20100628,0.078,0.088,0.078,0.088,2000,0
20100701,0.078,0.088,0.078,0.088,1,0
20100705,0.079,0.099,0.067,0.099,98480,0
20100706,0.06,0.101,0.06,0.101,120000,0
20100707,0.091,0.105,0.082,0.105,1000,0
20100708,0.09,0.105,0.082,0.082,11000,0
20100709,0.074,0.088,0.074,0.088,2000,0
20100712,0.074,0.082,0.074,0.082,2800,0
20100713,0.074,0.082,0.072,0.072,100,0
20100715,0.074,0.082,0.074,0.082,1000,0
20100716,0.074,0.096,0.074,0.085,40500,0
20100719,0.086,0.086,0.085,0.085,100,0
20100722,0.077,0.088,0.077,0.088,1000,0
20100723,0.077,0.085,0.077,0.085,16000,0
20100727,0.077,0.086,0.077,0.086,2000,0
20100729,0.077,0.085,0.077,0.085,50,0
20100802,0.085,0.085,0.085,0.085,48000,0
20100805,0.085,0.085,0.077,0.08,13000,0
20100806,0.072,0.083,0.072,0.072,7001,0
20100809,0.072,0.083,0.065,0.065,3700,0
20100810,0.075,0.084,0.061,0.061,150,0
20100811,0.071,0.085,0.071,0.085,10300,0
20100819,0.072,0.08,0.072,0.08,5000,0
20100824,0.079,0.079,0.072,0.074,1,0
20100826,0.079,0.079,0.072,0.074,2000,0
20100901,0.079,0.079,0.072,0.072,25,0
20100903,0.079,0.079,0.071,0.071,25,0
20100906,0.075,0.075,0.072,0.074,900,0
20100909,0.075,0.077,0.072,0.077,35000,0
20100910,0.075,0.077,0.075,0.077,50000,0
20100913,0.075,0.077,0.069,0.069,20420,0
20100915,0.075,0.075,0.07,0.07,10300,0
20100917,0.05,0.071,0.05,0.071,61100,0
20100920,0.064,0.077,0.064,0.076,1070,0
20100921,0.068,0.089,0.068,0.075,10000,0
20100923,0.08,0.083,0.077,0.083,120500,0
20100924,0.075,0.108,0.075,0.099,22998,0
20100927,0.089,0.208,0.079,0.208,971521,0
20100928,0.188,0.2,0.12,0.139,245150,0
20100929,0.125,0.177,0.101,0.132,118000,0
20100930,0.119,0.137,0.107,0.129,115700,0
20101004,0.108,0.127,0.102,0.127,4100,0
20101005,0.114,0.127,0.101,0.103,85600,0
20101006,0.093,0.143,0.093,0.13,173649,0
20101007,0.117,0.123,0.09,0.09,8200,0
20101008,0.15,0.15,0.102,0.102,65149,0
20101011,0.101,0.121,0.085,0.085,71350,0
20101012,0.09,0.115,0.086,0.092,3600,0
20101013,0.083,0.114,0.083,0.099,32700,0
20101014,0.089,0.109,0.089,0.091,25000,0
20101018,0.084,0.119,0.084,0.109,26900,0
20101019,0.098,0.127,0.091,0.096,98001,0
20101020,0.086,0.105,0.086,0.105,9300,0
20101021,0.095,0.125,0.095,0.123,154190,0
20101022,0.111,0.123,0.097,0.116,18100,0
20101025,0.104,0.127,0.1,0.105,2595,0
20101026,0.095,0.12,0.09,0.09,1900,0
20101027,0.108,0.119,0.094,0.119,1201,0
20101028,0.107,0.118,0.09,0.114,45100,0
20101029,0.103,0.103,0.1,0.1,62000,0
20101101,0.091,0.108,0.091,0.108,53800,0
20101102,0.097,0.1,0.097,0.1,18000,0
20101103,0.09,0.101,0.09,0.101,3000,0
20101104,0.091,0.1,0.091,0.098,64200,0
20101105,0.088,0.108,0.088,0.108,1000,0
20101108,0.097,0.107,0.097,0.101,9200,0
20101109,0.091,0.14,0.091,0.108,8500,0
20101110,0.097,0.118,0.097,0.118,121500,0
20101111,0.106,0.14,0.1,0.11,5800,0
20101112,0.11,0.11,0.1,0.1,5,0
20101115,0.1,0.11,0.1,0.103,1000,0
20101116,0.1,0.103,0.1,0.103,500,0
20101117,0.1,0.103,0.09,0.101,10280,0
20101118,0.091,0.118,0.09,0.118,45212,0
20101119,0.106,0.11,0.095,0.1,20,0
20101124,0.099,0.102,0.09,0.09,11140,0
20101125,0.091,0.101,0.091,0.101,1000,0
20101126,0.091,0.101,0.091,0.101,1800,0
20101129,0.091,0.1,0.091,0.1,13000,0
20101130,0.09,0.1,0.09,0.099,2000,0
20101201,0.089,0.105,0.089,0.09,5048,0
20101202,0.089,0.099,0.089,0.098,4717,0
20101203,0.089,0.118,0.089,0.118,6500,0
20101206,0.106,0.118,0.092,0.118,69717,0
20101207,0.106,0.118,0.09,0.117,269430,0
20101209,0.089,0.114,0.089,0.114,7000,0
20101210,0.103,0.117,0.099,0.099,1500,0
20101213,0.09,0.114,0.09,0.114,1500,0
20101214,0.103,0.127,0.095,0.11,29799,0
20101215,0.105,0.114,0.1,0.114,15000,0
20101217,0.099,0.102,0.095,0.095,1000,0
20101220,0.092,0.106,0.092,0.106,12982,0
20101221,0.095,0.114,0.095,0.113,32000,0
20101222,0.102,0.128,0.1,0.113,134100,0
20101227,0.106,0.115,0.1,0.11,35290,0
20101228,0.099,0.101,0.095,0.1,8200,0
20101229,0.091,0.118,0.091,0.118,15501,0
20101230,0.106,0.118,0.1,0.1,150,0
20110103,0.093,0.101,0.093,0.101,1,0
20110104,0.091,0.103,0.091,0.103,500,0
20110105,0.093,0.116,0.093,0.108,4600,0
20110106,0.097,0.134,0.097,0.134,67847,0
20110107,0.121,0.121,0.11,0.11,1000,0
20110110,0.105,0.112,0.105,0.112,3000,0
20110111,0.101,0.111,0.101,0.111,5100,0
20110112,0.1,0.124,0.1,0.124,10001,0
20110113,0.112,0.149,0.101,0.149,45780,0
20110114,0.134,0.145,0.117,0.14,6453,0
20110117,0.15,0.15,0.107,0.107,3560,0
20110118,0.11,0.14,0.101,0.14,359690,0
20110119,0.126,0.141,0.101,0.14,11500,0
20110120,0.126,0.14,0.11,0.12,1600,0
20110121,0.108,0.114,0.108,0.112,15200,0
20110124,0.101,0.11,0.095,0.095,440,0
20110126,0.099,0.111,0.099,0.11,25800,0
20110127,0.099,0.11,0.099,0.105,10200,0
20110128,0.095,0.106,0.095,0.106,150,0
20110201,0.096,0.129,0.096,0.104,18400,0
20110202,0.094,0.147,0.094,0.13,113000,0
20110203,0.117,0.134,0.112,0.134,51000,0
20110204,0.121,0.137,0.112,0.134,8150,0
20110207,0.121,0.14,0.105,0.105,550,0
20110208,0.122,0.13,0.115,0.115,104,0
20110209,0.117,0.136,0.115,0.12,3500,0
20110210,0.108,0.148,0.108,0.148,15400,0
20110211,0.133,0.148,0.107,0.107,5700,0
20110214,0.133,0.146,0.117,0.117,1800,0
20110215,0.131,0.145,0.117,0.117,15000,0
20110216,0.105,0.13,0.105,0.115,600,0
20110218,0.108,0.116,0.108,0.116,800,0
20110221,0.099,0.129,0.099,0.12,820,0
20110222,0.108,0.135,0.108,0.129,600,0
20110223,0.116,0.13,0.105,0.105,148300,0
20110224,0.095,0.104,0.095,0.1,91300,0
20110225,0.091,0.128,0.091,0.118,144077,0
20110228,0.104,0.128,0.101,0.118,20057,0
20110301,0.106,0.123,0.105,0.123,43741,0
20110302,0.111,0.115,0.096,0.106,10601,0
20110303,0.095,0.105,0.095,0.105,100,0
20110304,0.095,0.11,0.095,0.11,2800,0
20110307,0.095,0.105,0.095,0.101,2100,0
20110310,0.099,0.119,0.099,0.118,32028,0
20110311,0.106,0.13,0.105,0.13,21000,0
20110314,0.105,0.117,0.104,0.104,28400,0
20110315,0.105,0.106,0.1,0.106,14300,0
20110316,0.095,0.106,0.095,0.106,10000,0
20110317,0.095,0.105,0.088,0.09,116400,0
20110318,0.094,0.1,0.094,0.1,88,0
20110321,0.09,0.1,0.09,0.09,38242,0
20110322,0.081,0.105,0.081,0.09,15100,0
20110325,0.09,0.1,0.09,0.1,7000,0
20110328,0.09,0.101,0.09,0.101,3451,0
20110329,0.091,0.101,0.08,0.101,220,0
20110330,0.091,0.101,0.09,0.091,31827,0
20110331,0.082,0.091,0.082,0.091,300,0
20110401,0.082,0.113,0.082,0.095,18000,0
20110404,0.086,0.11,0.08,0.11,16380,0
20110405,0.099,0.1,0.085,0.098,100,0
20110406,0.09,0.101,0.085,0.101,800,0
20110407,0.091,0.101,0.091,0.101,2000,0
20110408,0.091,0.101,0.09,0.101,3500,0
20110411,0.091,0.101,0.091,0.101,4381,0
20110412,0.091,0.1,0.09,0.098,220,0
20110413,0.09,0.101,0.09,0.101,500,0
20110414,0.091,0.096,0.091,0.096,530,0
20110420,0.086,0.098,0.086,0.095,366,0
20110421,0.086,0.098,0.086,0.098,50,0
20110426,0.086,0.096,0.086,0.096,34000,0
20110427,0.086,0.096,0.085,0.096,7980,0
20110428,0.086,0.096,0.086,0.096,3000,0
20110502,0.086,0.11,0.086,0.095,55200,0
20110503,0.086,0.09,0.075,0.075,200,0
20110505,0.081,0.1,0.081,0.091,7500,0
20110506,0.082,0.1,0.08,0.1,9500,0
20110509,0.082,0.091,0.082,0.091,4718,0
20110510,0.082,0.091,0.082,0.091,400,0
20110512,0.081,0.09,0.08,0.08,20,0
20110513,0.081,0.091,0.081,0.091,1000,0
20110517,0.082,0.09,0.08,0.086,68383,0
20110518,0.077,0.087,0.077,0.086,2000,0
20110520,0.077,0.108,0.077,0.098,59525,0
20110523,0.088,0.098,0.086,0.086,10000,0
20110524,0.077,0.091,0.077,0.091,10000,0
20110525,0.082,0.104,0.082,0.09,1500,0
20110526,0.1,0.138,0.09,0.138,913336,0
20110527,0.124,0.16,0.11,0.113,85000,0
20110530,0.102,0.155,0.091,0.102,106385,0
20110531,0.092,0.109,0.092,0.102,42500,0
20110601,0.092,0.1,0.092,0.096,600,0
20110602,0.086,0.114,0.086,0.1,59500,0
20110603,0.1,0.117,0.09,0.117,73784,0
20110606,0.105,0.15,0.101,0.139,7000,0
20110607,0.125,0.138,0.096,0.106,1800,0
20110609,0.095,0.13,0.095,0.12,7700,0
20110610,0.101,0.132,0.101,0.132,3677,0
20110613,0.101,0.129,0.101,0.12,15677,0
20110614,0.11,0.115,0.096,0.115,7463,0
20110615,0.096,0.102,0.086,0.086,100701,0
20110616,0.096,0.119,0.096,0.096,8820,0
20110617,0.096,0.117,0.096,0.117,2980,0
20110620,0.096,0.117,0.096,0.1,350,0
20110621,0.098,0.116,0.09,0.109,13200,0
20110622,0.098,0.116,0.086,0.113,327000,0
20110623,0.096,0.113,0.096,0.113,1055,0
20110624,0.097,0.098,0.095,0.098,15320,0
20110627,0.096,0.107,0.096,0.096,5000,0
20110628,0.101,0.106,0.101,0.101,20300,0
20110629,0.096,0.1,0.091,0.096,12020,0
20110701,0.094,0.097,0.093,0.093,11750,0
20110704,0.095,0.104,0.095,0.1,3100,0
20110705,0.095,0.1,0.095,0.095,11933,0
20110707,0.095,0.105,0.095,0.095,100,0
20110708,0.095,0.102,0.095,0.095,20100,0
20110711,0.095,0.1,0.095,0.095,21500,0
20110712,0.095,0.095,0.093,0.093,3580,0
20110713,0.093,0.095,0.093,0.093,50,0
20110714,0.093,0.095,0.093,0.093,100,0
20110715,0.093,0.095,0.093,0.093,360,0
20110719,0.093,0.102,0.093,0.093,1400,0
20110720,0.093,0.102,0.093,0.093,2400,0
20110721,0.093,0.094,0.093,0.093,1000,0
20110722,0.095,0.095,0.093,0.093,1250,0
20110725,0.093,0.1,0.093,0.093,10000,0
20110726,0.093,0.1,0.085,0.093,23864,0
20110727,0.1,0.115,0.1,0.1,5000,0
20110728,0.1,0.109,0.1,0.1,15950,0
20110729,0.093,0.11,0.093,0.093,138589,0
20110802,0.093,0.12,0.083,0.093,20747,0
20110805,0.098,0.098,0.078,0.098,56300,0
20110808,0.088,0.095,0.08,0.088,32200,0
20110809,0.088,0.095,0.085,0.088,30600,0
20110810,0.086,0.086,0.05,0.086,132968,0
20110811,0.06,0.12,0.06,0.06,57000,0
20110812,0.08,0.08,0.079,0.08,30400,0
20110815,0.08,0.107,0.075,0.08,64400,0
20110816,0.071,0.079,0.071,0.071,50,0
20110818,0.076,0.103,0.076,0.076,4150,0
20110819,0.076,0.09,0.076,0.079,50,0
20110822,0.079,0.09,0.071,0.079,16503,0
20110825,0.1,0.103,0.07,0.073,12000,0
20110829,0.1,0.1,0.084,0.099,1400,0
20110831,0.084,0.1,0.075,0.075,3600,0
20110901,0.084,0.095,0.084,0.095,13500,0
20110902,0.084,0.099,0.08,0.099,70478,0
20110905,0.076,0.096,0.071,0.076,16000,0
20110907,0.075,0.097,0.075,0.097,1000,0
20110909,0.075,0.096,0.075,0.077,5100,0
20110913,0.075,0.08,0.075,0.076,100,0
20110916,0.075,0.08,0.075,0.075,9000,0
20110919,0.075,0.076,0.075,0.075,500,0
20110920,0.075,0.076,0.075,0.076,6000,0
20110922,0.077,0.077,0.075,0.075,3000,0
20110923,0.075,0.076,0.075,0.075,8700,0
20110927,0.075,0.076,0.06,0.064,161000,0
20110928,0.075,0.076,0.065,0.075,32100,0
20110929,0.075,0.077,0.075,0.075,92632,0
20111003,0.074,0.088,0.074,0.074,430,0
20111004,0.074,0.076,0.074,0.074,100,0
20111005,0.074,0.076,0.071,0.071,4000,0
20111006,0.072,0.077,0.066,0.077,34850,0
20111007,0.072,0.085,0.072,0.085,3700,0
20111010,0.073,0.085,0.07,0.076,40500,0
20111011,0.074,0.084,0.07,0.08,100300,0
20111012,0.072,0.08,0.07,0.07,26900,0
20111017,0.073,0.083,0.065,0.065,20,0
20111018,0.073,0.082,0.073,0.082,16000,0
20111019,0.07,0.08,0.07,0.075,100,0
20111020,0.071,0.08,0.071,0.072,12000,0
20111024,0.072,0.073,0.072,0.073,1088,0
20111025,0.072,0.072,0.062,0.062,120,0
20111028,0.072,0.072,0.07,0.07,9500,0
20111031,0.071,0.072,0.071,0.072,1140,0
20111102,0.071,0.072,0.071,0.071,100,0
20111103,0.071,0.071,0.065,0.065,500,0
20111108,0.071,0.071,0.07,0.07,44400,0
20111109,0.07,0.07,0.07,0.07,10,0
20111111,0.07,0.071,0.07,0.07,10,0
20111114,0.07,0.08,0.06,0.08,2350,0
20111117,0.07,0.118,0.07,0.118,867057,0
20111118,0.115,0.115,0.077,0.082,158258,0
20111121,0.081,0.081,0.071,0.072,54600,0
20111122,0.071,0.083,0.071,0.083,6000,0
20111123,0.071,0.083,0.071,0.08,15000,0
20111124,0.072,0.08,0.071,0.071,30000,0
20111129,0.071,0.084,0.059,0.08,35500,0
20111130,0.072,0.079,0.071,0.079,9000,0
20111201,0.072,0.082,0.06,0.073,9061,0
20111202,0.071,0.079,0.07,0.07,32507,0
20111205,0.07,0.072,0.07,0.071,1703,0
20111206,0.07,0.074,0.07,0.074,1200,0
20111207,0.074,0.085,0.074,0.084,37000,0
20111208,0.076,0.084,0.073,0.073,21000,0
20111209,0.07,0.073,0.07,0.073,250,0
20111212,0.073,0.073,0.07,0.072,8000,0
20111214,0.071,0.082,0.071,0.082,2000,0
20111215,0.07,0.082,0.07,0.082,6000,0
20111216,0.072,0.072,0.071,0.072,2800,0
20111219,0.07,0.08,0.066,0.08,86100,0
20111228,0.072,0.073,0.072,0.073,100,0
20111229,0.07,0.071,0.07,0.071,1000,0
20120103,0.064,0.075,0.06,0.075,7000,0
20120104,0.066,0.071,0.066,0.066,150,0
20120105,0.066,0.093,0.066,0.071,10250,0
20120106,0.071,0.092,0.071,0.071,18000,0
20120109,0.071,0.099,0.071,0.08,165658,0
20120110,0.082,0.083,0.071,0.071,8175,0
20120111,0.073,0.089,0.073,0.074,35816,0
20120112,0.074,0.086,0.072,0.086,83275,0
20120113,0.077,0.081,0.07,0.072,94300,0
20120116,0.071,0.072,0.071,0.072,1111,0
20120117,0.073,0.079,0.071,0.076,30000,0
20120118,0.075,0.076,0.07,0.076,15070,0
20120119,0.075,0.076,0.075,0.076,2800,0
20120120,0.079,0.079,0.075,0.075,2661,0
20120123,0.075,0.079,0.075,0.075,62698,0
20120124,0.073,0.079,0.073,0.079,1000,0
20120125,0.074,0.075,0.073,0.074,550,0
20120126,0.073,0.074,0.073,0.074,800,0
20120127,0.074,0.08,0.074,0.08,62699,0
20120130,0.073,0.076,0.073,0.076,1030,0
20120131,0.074,0.08,0.065,0.079,40250,0
20120202,0.08,0.08,0.06,0.074,3550,0
20120207,0.075,0.087,0.075,0.079,175482,0
20120208,0.074,0.08,0.065,0.065,400,0
20120210,0.08,0.085,0.075,0.084,10000,0
20120213,0.079,0.083,0.079,0.079,5000,0
20120214,0.08,0.08,0.071,0.071,25800,0
20120215,0.071,0.072,0.07,0.07,40770,0
20120216,0.069,0.073,0.06,0.073,1170,0
20120217,0.068,0.073,0.068,0.073,780,0
20120221,0.067,0.072,0.067,0.067,15000,0
20120223,0.068,0.08,0.06,0.06,11336,0
20120224,0.07,0.08,0.068,0.068,1000,0
20120228,0.068,0.083,0.068,0.083,2500,0
20120229,0.068,0.079,0.068,0.068,2000,0
20120301,0.068,0.079,0.068,0.079,13852,0
20120305,0.07,0.071,0.07,0.071,500,0
20120306,0.07,0.077,0.07,0.077,2080,0
20120307,0.077,0.077,0.07,0.071,40000,0
20120309,0.07,0.071,0.07,0.071,10000,0
20120313,0.074,0.08,0.074,0.08,21236,0
20120315,0.071,0.072,0.07,0.071,114,0
20120319,0.075,0.085,0.075,0.075,1000,0
20120320,0.075,0.081,0.071,0.08,47514,0
20120321,0.075,0.084,0.075,0.076,20600,0
20120323,0.075,0.08,0.07,0.08,13700,0
20120326,0.08,0.085,0.07,0.085,40430,0
20120328,0.075,0.08,0.07,0.08,3895,0
20120329,0.075,0.08,0.07,0.08,300,0
20120402,0.072,0.075,0.072,0.075,3000,0
20120404,0.08,0.081,0.072,0.072,42560,0
20120405,0.072,0.08,0.072,0.08,10000,0
20120412,0.071,0.09,0.071,0.073,35757,0
20120416,0.071,0.084,0.071,0.073,1080,0
20120417,0.071,0.073,0.071,0.073,2300,0
20120419,0.071,0.073,0.071,0.073,2000,0
20120420,0.071,0.084,0.071,0.084,71000,0
20120423,0.084,0.1,0.071,0.1,561253,0
20120424,0.076,0.12,0.076,0.082,15000,0
20120425,0.075,0.281,0.075,0.281,954664,0
20120426,0.298,0.298,0.202,0.217,747017,0
20120427,0.216,0.258,0.216,0.235,259400,0
20120430,0.231,0.238,0.196,0.199,89100,0
20120502,0.196,0.219,0.163,0.196,264790,0
20120503,0.19,0.206,0.168,0.199,37336,0
20120504,0.167,0.194,0.16,0.174,59038,0
20120507,0.16,0.169,0.153,0.156,56200,0
20120508,0.157,0.168,0.15,0.168,33000,0
20120509,0.15,0.195,0.15,0.162,77950,0
20120510,0.156,0.16,0.126,0.131,150150,0
20120511,0.13,0.153,0.13,0.147,84800,0
20120514,0.124,0.154,0.124,0.148,56500,0
20120515,0.133,0.149,0.133,0.149,23900,0
20120516,0.133,0.148,0.133,0.14,17000,0
20120518,0.131,0.147,0.13,0.14,19900,0
20120521,0.114,0.141,0.114,0.125,6000,0
20120522,0.121,0.183,0.121,0.147,446320,0
20120523,0.145,0.17,0.141,0.167,61620,0
20120524,0.143,0.168,0.143,0.145,50900,0
20120525,0.142,0.212,0.142,0.189,242375,0
20120528,0.198,0.244,0.158,0.228,440381,0
20120529,0.185,0.273,0.185,0.255,393292,0
20120530,0.19,0.22,0.175,0.19,226675,0
20120531,0.177,0.196,0.172,0.189,107399,0
20120601,0.162,0.211,0.162,0.193,110314,0
20120604,0.182,0.216,0.182,0.191,49560,0
20120605,0.18,0.214,0.18,0.214,46261,0
20120606,0.181,0.195,0.173,0.18,84177,0
20120607,0.171,0.18,0.17,0.17,34100,0
20120608,0.19,0.195,0.168,0.174,46619,0
20120611,0.166,0.196,0.166,0.17,42230,0
20120612,0.167,0.178,0.167,0.178,4300,0
20120613,0.167,0.18,0.167,0.172,19000,0
20120614,0.161,0.175,0.161,0.175,36400,0
20120615,0.166,0.168,0.166,0.167,20000,0
20120618,0.165,0.168,0.16,0.167,23300,0
20120619,0.161,0.199,0.161,0.194,39501,0
20120620,0.199,0.199,0.167,0.171,15600,0
20120621,0.168,0.194,0.167,0.191,8700,0
20120622,0.168,0.175,0.167,0.168,39410,0
20120625,0.167,0.172,0.15,0.172,99000,0
20120626,0.15,0.17,0.143,0.144,45812,0
20120627,0.147,0.179,0.146,0.179,41050,0
20120628,0.165,0.165,0.147,0.147,22000,0
20120629,0.144,0.155,0.144,0.149,10000,0
20120702,0.19,0.205,0.149,0.178,249285,0
20120703,0.159,0.192,0.159,0.191,96629,0
20120704,0.163,0.199,0.163,0.19,122200,0
20120705,0.192,0.201,0.192,0.197,111600,0
20120706,0.166,0.201,0.166,0.173,40000,0
20120709,0.198,0.198,0.164,0.19,400,0
20120710,0.19,0.21,0.166,0.198,72330,0
20120711,0.164,0.2,0.164,0.191,32110,0
20120712,0.19,0.204,0.172,0.204,13500,0
20120713,0.204,0.204,0.172,0.204,22600,0
20120716,0.19,0.21,0.19,0.191,62858,0
20120717,0.19,0.245,0.19,0.208,137276,0
20120718,0.192,0.21,0.19,0.21,84120,0
20120719,0.19,0.199,0.19,0.199,61500,0
20120720,0.19,0.191,0.183,0.183,24000,0
20120723,0.182,0.185,0.182,0.183,27900,0
20120724,0.182,0.183,0.182,0.183,8000,0
20120725,0.182,0.183,0.171,0.171,84600,0
20120726,0.173,0.225,0.169,0.17,70000,0
20120727,0.171,0.179,0.168,0.179,16932,0
20120730,0.167,0.17,0.166,0.167,33140,0
20120801,0.17,0.171,0.17,0.17,20200,0
20120802,0.166,0.183,0.166,0.166,689,0
20120803,0.17,0.185,0.166,0.166,72400,0
20120806,0.16,0.183,0.16,0.183,7515,0
20120807,0.166,0.17,0.151,0.151,12765,0
20120808,0.161,0.183,0.161,0.183,4000,0
20120809,0.18,0.18,0.161,0.18,280,0
20120813,0.16,0.176,0.16,0.176,600,0
20120814,0.16,0.172,0.15,0.167,1050,0
20120816,0.16,0.17,0.16,0.16,6000,0
20120817,0.16,0.174,0.16,0.16,10000,0
20120820,0.16,0.173,0.16,0.173,17000,0
20120821,0.166,0.166,0.156,0.156,200,0
20120822,0.162,0.166,0.155,0.155,100,0
20120823,0.16,0.184,0.16,0.184,4200,0
20120824,0.16,0.178,0.153,0.153,13000,0
20120827,0.155,0.162,0.155,0.162,1500,0
20120828,0.16,0.161,0.16,0.161,6000,0
20120829,0.16,0.161,0.16,0.16,30000,0
20120831,0.155,0.18,0.155,0.18,5500,0
20120903,0.172,0.178,0.16,0.16,45000,0
20120904,0.17,0.17,0.16,0.167,2220,0
20120905,0.16,0.16,0.154,0.16,90050,0
20120906,0.153,0.154,0.153,0.154,5000,0
20120907,0.153,0.153,0.144,0.15,20000,0
20120910,0.151,0.177,0.151,0.177,5500,0
20120911,0.15,0.176,0.15,0.176,17000,0
20120912,0.175,0.176,0.15,0.176,51300,0
20120913,0.156,0.197,0.156,0.197,56500,0
20120914,0.158,0.195,0.158,0.185,16317,0
20120917,0.16,0.193,0.16,0.161,7540,0
20120918,0.16,0.193,0.16,0.193,7400,0
20120919,0.17,0.19,0.17,0.19,16600,0
20120920,0.171,0.191,0.171,0.191,9300,0
20120921,0.193,0.194,0.151,0.194,26370,0
20120924,0.194,0.194,0.171,0.175,43105,0
20120925,0.176,0.176,0.171,0.171,600,0
20120926,0.171,0.172,0.171,0.172,100,0
20120927,0.171,0.172,0.171,0.172,4300,0
20120928,0.171,0.171,0.171,0.171,15000,0
20121001,0.171,0.171,0.156,0.157,13100,0
20121002,0.159,0.162,0.149,0.162,200,0
20121004,0.163,0.195,0.15,0.195,68100,0
20121005,0.181,0.2,0.181,0.2,10000,0
20121008,0.161,0.188,0.161,0.188,2000,0
20121009,0.161,0.188,0.161,0.162,27600,0
20121012,0.17,0.189,0.16,0.187,13050,0
20121015,0.19,0.19,0.152,0.184,36170,0
20121016,0.153,0.164,0.153,0.164,100,0
20121017,0.163,0.184,0.153,0.184,13097,0
20121018,0.185,0.185,0.153,0.165,100,0
20121019,0.164,0.164,0.154,0.164,20000,0
20121022,0.169,0.169,0.155,0.164,10000,0
20121024,0.163,0.17,0.155,0.169,10050,0
20121029,0.162,0.163,0.155,0.163,5270,0
20121030,0.162,0.17,0.155,0.162,55600,0
20121101,0.153,0.154,0.143,0.154,730,0
20121105,0.164,0.164,0.147,0.156,3500,0
20121106,0.156,0.157,0.147,0.157,1200,0
20121107,0.147,0.158,0.147,0.158,300,0
20121108,0.157,0.158,0.147,0.158,140,0
20121112,0.158,0.158,0.147,0.157,26550,0
20121113,0.157,0.157,0.147,0.156,750,0
20121115,0.157,0.178,0.147,0.178,10600,0
20121116,0.175,0.175,0.147,0.158,3000,0
20121122,0.157,0.157,0.147,0.157,11000,0
20121123,0.156,0.157,0.147,0.147,200,0
20121126,0.147,0.158,0.147,0.157,19000,0
20121128,0.156,0.181,0.148,0.181,14400,0
20121129,0.16,0.179,0.147,0.179,250,0
20121130,0.147,0.176,0.147,0.165,26300,0
20121203,0.143,0.17,0.143,0.164,100,0
20121204,0.16,0.16,0.143,0.159,11300,0
20121205,0.143,0.16,0.143,0.151,59200,0
20121207,0.151,0.151,0.14,0.15,200,0
20121211,0.14,0.151,0.14,0.15,60800,0
20121212,0.155,0.18,0.136,0.17,16100,0
20121213,0.146,0.169,0.14,0.169,2400,0
20121214,0.15,0.155,0.146,0.155,500,0
20121217,0.146,0.15,0.146,0.147,10000,0
20121218,0.14,0.15,0.14,0.147,140,0
20121219,0.15,0.167,0.14,0.15,6000,0
20121220,0.146,0.166,0.14,0.147,4200,0
20121221,0.15,0.15,0.14,0.147,9000,0
20121227,0.146,0.146,0.114,0.133,179590,0
20121228,0.126,0.14,0.109,0.112,17060,0
20130102,0.115,0.127,0.115,0.127,150,0
20130103,0.13,0.141,0.13,0.141,580,0
20130107,0.13,0.159,0.13,0.159,23025,0
20130108,0.13,0.148,0.13,0.14,15000,0
20130109,0.14,0.148,0.121,0.148,1000,0
20130110,0.13,0.153,0.13,0.153,1250,0
20130111,0.14,0.153,0.14,0.153,1000,0
20130114,0.13,0.15,0.13,0.145,1200,0
20130115,0.13,0.141,0.13,0.141,1100,0
20130117,0.13,0.148,0.13,0.148,101,0
20130118,0.13,0.148,0.13,0.14,7000,0
20130122,0.13,0.153,0.13,0.141,8600,0
20130124,0.13,0.158,0.13,0.143,38700,0
20130125,0.143,0.16,0.133,0.15,16139,0
20130128,0.152,0.158,0.143,0.158,500,0
20130129,0.133,0.158,0.133,0.135,26700,0
20130130,0.143,0.145,0.133,0.144,7500,0
20130131,0.133,0.157,0.133,0.157,400,0
20130201,0.133,0.158,0.133,0.157,7000,0
20130205,0.133,0.146,0.133,0.146,1000,0
20130206,0.133,0.146,0.133,0.146,4000,0
20130207,0.133,0.157,0.133,0.14,8530,0
20130211,0.134,0.157,0.134,0.152,3030,0
20130213,0.144,0.145,0.134,0.145,20,0
20130214,0.144,0.164,0.134,0.164,26240,0
20130215,0.15,0.16,0.14,0.153,1095,0
20130218,0.14,0.153,0.14,0.14,1000,0
20130219,0.14,0.153,0.14,0.153,1095,0
20130220,0.14,0.175,0.14,0.175,15000,0
20130221,0.131,0.178,0.131,0.156,600,0
20130222,0.155,0.174,0.131,0.131,1000,0
20130225,0.131,0.163,0.131,0.163,2400,0
20130228,0.131,0.163,0.131,0.163,2300,0
20130301,0.141,0.163,0.131,0.163,8500,0
20130304,0.14,0.16,0.14,0.15,21400,0
20130305,0.14,0.15,0.14,0.142,100,0
20130306,0.131,0.141,0.131,0.131,5,0
20130308,0.125,0.162,0.125,0.146,38000,0
20130311,0.11,0.197,0.11,0.197,238171,0
20130312,0.18,0.21,0.146,0.146,18126,0
20130313,0.146,0.176,0.146,0.155,7000,0
20130314,0.155,0.199,0.155,0.199,1100,0
20130315,0.162,0.195,0.162,0.195,2100,0
20130318,0.181,0.189,0.165,0.189,4046,0
20130319,0.18,0.192,0.165,0.191,13250,0
20130320,0.18,0.186,0.17,0.181,12000,0
20130322,0.15,0.187,0.15,0.18,8020,0
20130325,0.15,0.18,0.15,0.18,9300,0
20130327,0.16,0.17,0.15,0.15,100,0
20130402,0.16,0.161,0.15,0.161,440,0
20130404,0.178,0.178,0.16,0.178,3000,0
20130405,0.16,0.185,0.16,0.185,1000,0
20130408,0.17,0.18,0.16,0.17,20000,0
20130410,0.15,0.195,0.15,0.189,25000,0
20130411,0.16,0.19,0.15,0.179,5000,0
20130412,0.16,0.187,0.15,0.187,32850,0
20130416,0.16,0.185,0.16,0.161,620,0
20130417,0.182,0.182,0.16,0.16,1000,0
20130418,0.16,0.175,0.16,0.169,12100,0
20130419,0.16,0.174,0.16,0.167,6300,0
20130422,0.16,0.161,0.16,0.16,6000,0
20130423,0.16,0.163,0.16,0.163,15170,0
20130424,0.162,0.162,0.16,0.161,57100,0
20130426,0.16,0.165,0.16,0.16,23075,0
20130430,0.17,0.184,0.16,0.17,4000,0
20130502,0.147,0.17,0.147,0.17,28020,0
20130506,0.147,0.181,0.147,0.17,11900,0
20130508,0.147,0.169,0.147,0.169,11000,0
20130510,0.163,0.169,0.153,0.169,6715,0
20130513,0.153,0.17,0.153,0.17,12344,0
20130514,0.153,0.182,0.153,0.182,1000,0
20130516,0.152,0.178,0.152,0.178,15100,0
20130517,0.163,0.178,0.153,0.174,5100,0
20130521,0.153,0.176,0.153,0.176,1000,0
20130523,0.165,0.176,0.163,0.176,14400,0
20130527,0.152,0.179,0.152,0.179,31600,0
20130528,0.155,0.179,0.155,0.179,300,0
20130530,0.152,0.17,0.152,0.162,150,0
20130603,0.142,0.182,0.142,0.182,1150,0
20130604,0.16,0.18,0.16,0.16,10600,0
20130605,0.16,0.18,0.16,0.171,500,0
20130606,0.17,0.17,0.151,0.151,11100,0
20130607,0.169,0.169,0.159,0.169,20000,0
20130610,0.141,0.165,0.141,0.141,100,0
20130611,0.151,0.165,0.141,0.162,2050,0
20130612,0.151,0.17,0.141,0.17,10300,0
20130613,0.14,0.169,0.14,0.169,800,0
20130614,0.16,0.169,0.15,0.169,60440,0
20130617,0.16,0.169,0.15,0.169,1880,0
20130618,0.16,0.18,0.15,0.18,60000,0
20130619,0.16,0.291,0.15,0.291,1559393,0
20130620,0.268,0.346,0.224,0.224,507408,0
20130621,0.22,0.237,0.208,0.22,81611,0
20130624,0.22,0.23,0.198,0.218,36700,0
20130625,0.2,0.224,0.186,0.224,58155,0
20130626,0.205,0.239,0.198,0.218,55300,0
20130627,0.193,0.219,0.193,0.219,21780,0
20130628,0.198,0.233,0.189,0.209,75000,0
20130701,0.2,0.277,0.2,0.271,222761,0
20130702,0.278,0.301,0.25,0.291,286339,0
20130703,0.291,0.319,0.28,0.305,30656,0
20130704,0.306,0.399,0.296,0.395,265716,0
20130705,0.397,0.397,0.331,0.361,74552,0
20130708,0.384,0.42,0.35,0.4,104949,0
20130709,0.371,0.415,0.361,0.362,57953,0
20130710,0.407,0.407,0.31,0.348,87295,0
20130711,0.345,0.408,0.32,0.38,100195,0
20130712,0.354,0.396,0.34,0.34,56510,0
20130715,0.355,0.4,0.32,0.33,62944,0
20130716,0.33,0.365,0.308,0.34,39000,0
20130717,0.33,0.355,0.293,0.355,26150,0
20130718,0.364,0.368,0.303,0.324,57469,0
20130719,0.35,0.378,0.323,0.365,22430,0
20130722,0.335,0.378,0.307,0.307,77300,0
20130723,0.308,0.333,0.295,0.333,4150,0
20130724,0.31,0.336,0.294,0.321,30820,0
20130725,0.334,0.38,0.312,0.377,24400,0
20130726,0.322,0.37,0.31,0.311,9516,0
20130729,0.312,0.36,0.312,0.354,30750,0
20130730,0.332,0.354,0.29,0.291,160701,0
20130731,0.283,0.331,0.283,0.311,17050,0
20130801,0.321,0.367,0.311,0.345,172615,0
20130802,0.343,0.486,0.341,0.405,450878,0
20130805,0.443,0.51,0.405,0.483,408386,0
20130806,0.48,0.48,0.363,0.415,509315,0
20130807,0.395,0.479,0.385,0.479,231577,0
20130808,0.442,0.532,0.432,0.48,162591,0
20130809,0.502,0.512,0.431,0.487,295568,0
20130812,0.455,0.508,0.455,0.478,132462,0
20130813,0.46,0.48,0.431,0.474,117551,0
20130814,0.46,0.474,0.413,0.425,38435,0
20130815,0.424,0.457,0.401,0.416,72786,0
20130816,0.401,0.529,0.39,0.44,276701,0
20130819,0.484,0.509,0.402,0.429,150623,0
20130820,0.411,0.436,0.381,0.392,73420,0
20130821,0.39,0.45,0.38,0.428,58039,0
20130822,0.412,0.448,0.403,0.437,35280,0
20130823,0.412,0.429,0.4,0.4,19230,0
20130826,0.411,0.455,0.4,0.455,38500,0
20130827,0.428,0.49,0.4,0.421,97280,0
20130828,0.428,0.428,0.41,0.415,24441,0
20130829,0.412,0.47,0.402,0.415,62100,0
20130830,0.421,0.427,0.401,0.412,31474,0
20130902,0.425,0.449,0.406,0.438,11000,0
20130903,0.41,0.448,0.382,0.385,61150,0
20130904,0.383,0.424,0.375,0.385,25749,0
20130905,0.386,0.418,0.33,0.34,126588,0
20130906,0.35,0.395,0.34,0.394,19920,0
20130909,0.395,0.395,0.345,0.385,20544,0
20130910,0.376,0.403,0.36,0.371,10750,0
20130911,0.361,0.376,0.35,0.36,6900,0
20130912,0.36,0.379,0.302,0.359,61269,0
20130913,0.345,0.36,0.32,0.325,19218,0
20130916,0.328,0.36,0.325,0.35,15070,0
20130917,0.33,0.359,0.32,0.359,6110,0
20130918,0.334,0.37,0.324,0.35,17230,0
20130919,0.33,0.409,0.33,0.409,102990,0
20130920,0.379,0.435,0.362,0.362,150688,0
20130923,0.406,0.418,0.362,0.372,31620,0
20130924,0.372,0.396,0.362,0.396,15929,0
20130925,0.36,0.396,0.36,0.389,15448,0
20130926,0.375,0.392,0.363,0.369,50875,0
20130927,0.364,0.377,0.359,0.377,7880,0
20130930,0.359,0.375,0.356,0.361,5740,0
20131001,0.361,0.397,0.351,0.381,35146,0
20131002,0.395,0.395,0.361,0.361,27703,0
20131003,0.376,0.376,0.351,0.36,14000,0
20131004,0.35,0.391,0.34,0.391,3530,0
20131007,0.376,0.376,0.33,0.33,43500,0
20131008,0.33,0.389,0.33,0.336,5000,0
20131009,0.341,0.376,0.341,0.35,1000,0
20131010,0.345,0.376,0.34,0.35,140,0
20131011,0.361,0.361,0.34,0.35,10720,0
20131014,0.341,0.361,0.325,0.337,16473,0
20131015,0.336,0.35,0.332,0.333,10682,0
20131016,0.331,0.35,0.321,0.333,10077,0
20131017,0.332,0.347,0.32,0.347,13508,0
20131018,0.333,0.353,0.322,0.324,8850,0
20131021,0.352,0.352,0.32,0.349,9610,0
20131022,0.335,0.357,0.325,0.331,19935,0
20131023,0.35,0.36,0.32,0.359,28600,0
20131024,0.358,0.358,0.323,0.348,4400,0
20131025,0.332,0.375,0.321,0.326,6000,0
20131028,0.337,0.358,0.326,0.34,13300,0
20131029,0.358,0.358,0.33,0.357,20490,0
20131030,0.336,0.379,0.326,0.345,11301,0
20131031,0.326,0.367,0.323,0.364,10330,0
20131101,0.323,0.35,0.3,0.31,57012,0
20131104,0.34,0.35,0.3,0.32,3965,0
20131105,0.321,0.347,0.275,0.275,55910,0
20131106,0.27,0.33,0.27,0.309,6350,0
20131107,0.305,0.31,0.29,0.296,27500,0
20131108,0.305,0.305,0.28,0.295,50850,0
20131111,0.305,0.305,0.277,0.3,16000,0
20131112,0.288,0.304,0.278,0.295,11100,0
20131113,0.288,0.291,0.276,0.291,5300,0
20131114,0.283,0.358,0.27,0.344,67450,0
20131118,0.31,0.338,0.22,0.26,44010,0
20131119,0.27,0.3,0.27,0.29,14510,0
20131120,0.299,0.309,0.27,0.28,15000,0
20131121,0.27,0.298,0.27,0.27,13500,0
20131122,0.272,0.284,0.272,0.272,5000,0
20131126,0.28,0.283,0.27,0.27,545,0
20131127,0.282,0.283,0.272,0.274,50,0
20131128,0.271,0.309,0.271,0.309,3201,0
20131129,0.281,0.319,0.271,0.309,1000,0
20131202,0.309,0.309,0.271,0.281,2900,0
20131203,0.282,0.31,0.271,0.295,11115,0
20131204,0.309,0.309,0.275,0.279,38500,0
20131205,0.28,0.299,0.27,0.29,15630,0
20131206,0.288,0.295,0.273,0.275,7730,0
20131209,0.288,0.295,0.274,0.293,2202,0
20131210,0.285,0.309,0.285,0.309,800,0
20131211,0.285,0.296,0.285,0.296,4300,0
20131212,0.293,0.293,0.269,0.281,20150,0
20131213,0.273,0.289,0.262,0.289,10180,0
20131217,0.289,0.289,0.28,0.285,4020,0
20131218,0.284,0.287,0.185,0.285,5300,0
20131219,0.287,0.287,0.28,0.28,41000,0
20131220,0.28,0.282,0.266,0.267,1220,0
20131223,0.282,0.282,0.19,0.19,33800,0
20131227,0.274,0.275,0.247,0.275,13720,0
20131230,0.274,0.274,0.262,0.262,1015,0
20140102,0.274,0.274,0.254,0.254,1500,0
20140103,0.26,0.283,0.251,0.251,1800,0
20140106,0.261,0.272,0.26,0.267,2100,0
20140107,0.268,0.29,0.267,0.28,9150,0
20140108,0.275,0.299,0.266,0.297,12130,0
20140110,0.279,0.298,0.269,0.293,41000,0
20140113,0.306,0.318,0.281,0.318,1190,0
20140114,0.298,0.325,0.271,0.325,5650,0
20140115,0.3,0.32,0.287,0.32,2500,0
20140116,0.306,0.324,0.286,0.324,6650,0
20140117,0.308,0.324,0.291,0.31,16100,0
20140120,0.31,0.31,0.29,0.29,15200,0
20140121,0.301,0.301,0.276,0.298,9900,0
20140122,0.287,0.301,0.275,0.3,7370,0
20140123,0.296,0.321,0.28,0.28,35938,0
20140124,0.3,0.305,0.282,0.3,6500,0
20140127,0.286,0.304,0.281,0.298,40800,0
20140128,0.298,0.304,0.281,0.296,8350,0
20140129,0.304,0.304,0.282,0.282,3500,0
20140130,0.281,0.301,0.28,0.295,16000,0
20140203,0.29,0.301,0.275,0.291,22500,0
20140204,0.293,0.301,0.266,0.295,1350,0
20140205,0.29,0.301,0.278,0.295,3100,0
20140206,0.281,0.301,0.281,0.298,6860,0
20140207,0.277,0.301,0.276,0.29,100,0
20140210,0.296,0.301,0.258,0.284,1000,0
20140211,0.301,0.301,0.269,0.285,1492,0
20140212,0.271,0.301,0.262,0.262,50,0
20140213,0.272,0.296,0.272,0.295,8100,0
20140214,0.285,0.308,0.275,0.292,11820,0
20140217,0.292,0.306,0.281,0.306,14066,0
20140218,0.29,0.29,0.261,0.261,2300,0
20140219,0.289,0.308,0.26,0.293,2254,0
20140220,0.305,0.305,0.271,0.271,1858,0
20140221,0.295,0.309,0.28,0.294,4827,0
20140224,0.278,0.31,0.278,0.287,22415,0
20140225,0.295,0.309,0.282,0.282,10051,0
20140226,0.283,0.304,0.283,0.283,1550,0
20140227,0.295,0.309,0.283,0.283,12218,0
20140228,0.297,0.324,0.283,0.304,15000,0
20140303,0.3,0.3,0.274,0.284,6835,0
20140304,0.287,0.306,0.271,0.271,15590,0
20140305,0.271,0.289,0.271,0.271,800,0
20140306,0.272,0.287,0.271,0.271,3500,0
20140310,0.295,0.296,0.258,0.271,39379,0
20140311,0.29,0.29,0.272,0.272,5250,0
20140312,0.283,0.283,0.271,0.272,5000,0
20140313,0.273,0.285,0.262,0.267,1570,0
20140314,0.27,0.277,0.26,0.273,13700,0
20140317,0.274,0.286,0.26,0.26,400,0
20140319,0.275,0.275,0.261,0.265,1200,0
20140320,0.272,0.283,0.265,0.276,2140,0
20140324,0.265,0.283,0.258,0.258,5000,0
20140325,0.26,0.283,0.258,0.262,28500,0
20140326,0.264,0.283,0.262,0.27,12870,0
20140327,0.27,0.275,0.258,0.258,17150,0
20140328,0.26,0.274,0.258,0.272,500,0
20140331,0.263,0.274,0.258,0.261,2000,0
20140401,0.271,0.274,0.259,0.259,1500,0
20140402,0.259,0.278,0.259,0.263,10500,0
20140404,0.263,0.279,0.244,0.269,16140,0
20140407,0.26,0.27,0.245,0.269,10,0
20140408,0.269,0.279,0.245,0.259,14900,0
20140410,0.26,0.27,0.245,0.259,2040,0
20140411,0.262,0.265,0.245,0.259,3800,0
20140414,0.259,0.267,0.245,0.264,5100,0
20140415,0.259,0.27,0.245,0.26,5100,0
20140416,0.27,0.279,0.245,0.259,300,0
20140417,0.268,0.28,0.245,0.271,424,0
20140422,0.25,0.28,0.245,0.27,8524,0
20140423,0.285,0.285,0.257,0.27,9749,0
20140424,0.27,0.285,0.257,0.27,100,0
20140425,0.27,0.284,0.257,0.275,449,0
20140429,0.287,0.287,0.257,0.265,37237,0
20140430,0.265,0.285,0.257,0.265,800,0
20140502,0.285,0.285,0.257,0.282,1135,0
20140505,0.265,0.291,0.257,0.265,3100,0
20140506,0.265,0.28,0.257,0.261,85,0
20140508,0.281,0.291,0.257,0.271,2000,0
20140509,0.28,0.289,0.271,0.28,5000,0
20140513,0.28,0.289,0.271,0.275,2000,0
20140514,0.277,0.289,0.265,0.265,4000,0
20140516,0.277,0.289,0.26,0.26,10500,0
20140519,0.275,0.289,0.252,0.26,28000,0
20140520,0.26,0.288,0.25,0.26,1450,0
20140521,0.26,0.286,0.26,0.26,3660,0
20140522,0.274,0.286,0.26,0.261,4480,0
20140526,0.261,0.286,0.251,0.26,17000,0
20140527,0.273,0.286,0.26,0.26,1200,0
20140528,0.274,0.286,0.26,0.26,3900,0
20140529,0.273,0.286,0.25,0.268,15000,0
20140530,0.268,0.286,0.25,0.25,3027,0
20140602,0.268,0.286,0.25,0.25,10,0
20140603,0.268,0.286,0.26,0.27,12900,0
20140604,0.273,0.286,0.25,0.25,500,0
20140605,0.268,0.286,0.25,0.251,7860,0
20140606,0.269,0.286,0.251,0.256,250,0
20140609,0.269,0.286,0.251,0.26,110,0
20140610,0.269,0.286,0.251,0.26,100,0
20140611,0.269,0.286,0.251,0.26,3800,0
20140612,0.26,0.285,0.26,0.262,3705,0
20140616,0.277,0.283,0.26,0.26,4212,0
20140617,0.26,0.281,0.26,0.26,6000,0
20140618,0.27,0.28,0.26,0.26,200,0
20140619,0.26,0.28,0.26,0.26,200,0
20140620,0.27,0.28,0.26,0.26,42000,0
20140623,0.279,0.28,0.26,0.26,1800,0
20140624,0.266,0.28,0.241,0.251,14600,0
20140625,0.251,0.279,0.251,0.252,9850,0
20140626,0.261,0.271,0.252,0.254,3000,0
20140701,0.263,0.265,0.256,0.256,3000,0
20140703,0.259,0.265,0.258,0.258,13500,0
20140704,0.262,0.266,0.258,0.264,2087,0
20140707,0.264,0.27,0.258,0.258,3100,0
20140709,0.264,0.264,0.258,0.258,700,0
20140711,0.264,0.269,0.258,0.264,6783,0
20140714,0.264,0.264,0.258,0.264,5000,0
20140715,0.264,0.264,0.258,0.258,5000,0
20140716,0.264,0.264,0.256,0.256,8063,0
20140718,0.258,0.263,0.256,0.256,17830,0
20140721,0.257,0.263,0.256,0.256,2700,0
20140722,0.263,0.268,0.256,0.256,9530,0
20140723,0.262,0.269,0.256,0.256,9010,0
20140724,0.263,0.263,0.256,0.256,730,0
20140725,0.263,0.267,0.252,0.252,14806,0
20140728,0.261,0.267,0.252,0.252,50,0
20140729,0.261,0.27,0.252,0.252,11200,0
20140730,0.252,0.27,0.252,0.252,250,0
20140731,0.252,0.261,0.252,0.254,800,0
20140801,0.253,0.27,0.229,0.254,17480,0
20140804,0.255,0.266,0.254,0.255,10635,0
20140805,0.263,0.264,0.254,0.255,8836,0
20140807,0.262,0.269,0.254,0.254,5000,0
20140808,0.261,0.268,0.18,0.18,39187,0
20140811,0.219,0.262,0.18,0.2,3100,0
20140812,0.218,0.261,0.181,0.227,9600,0
20140813,0.218,0.249,0.19,0.2,4200,0
20140814,0.213,0.246,0.18,0.236,2000,0
20140815,0.206,0.246,0.2,0.233,10000,0
20140819,0.224,0.23,0.2,0.201,10100,0
20140820,0.201,0.246,0.2,0.205,25000,0
20140821,0.225,0.249,0.2,0.201,1250,0
20140822,0.223,0.25,0.2,0.228,11000,0
20140825,0.243,0.257,0.2,0.245,7104,0
20140826,0.254,0.255,0.24,0.24,7200,0
20140827,0.255,0.255,0.24,0.24,7000,0
20140829,0.253,0.253,0.24,0.253,7700,0
20140901,0.243,0.25,0.22,0.24,1250,0
20140902,0.259,0.259,0.24,0.24,523,0
20140903,0.24,0.258,0.23,0.24,680,0
20140908,0.246,0.27,0.24,0.245,2150,0
20140911,0.255,0.27,0.24,0.24,11200,0
20140915,0.26,0.268,0.24,0.24,7500,0
20140917,0.255,0.268,0.24,0.24,400,0
20140918,0.255,0.268,0.211,0.241,10000,0
20140919,0.231,0.268,0.192,0.245,200,0
20140922,0.234,0.268,0.199,0.245,500,0
20140923,0.245,0.268,0.22,0.22,20,0
20140924,0.245,0.268,0.22,0.22,5751,0
20140925,0.235,0.25,0.22,0.22,210,0
20140926,0.233,0.245,0.22,0.22,1100,0
20140929,0.22,0.245,0.22,0.22,7500,0
20141001,0.234,0.235,0.21,0.221,200,0
20141002,0.221,0.233,0.22,0.221,1700,0
20141007,0.23,0.237,0.22,0.23,100,0
20141008,0.23,0.237,0.221,0.221,16217,0
20141009,0.223,0.225,0.195,0.195,7500,0
20141010,0.206,0.22,0.195,0.201,12200,0
20141013,0.2,0.217,0.191,0.2,75,0
20141014,0.225,0.225,0.21,0.22,1235,0
20141015,0.225,0.225,0.2,0.2,15000,0
20141017,0.21,0.22,0.15,0.197,15560,0
20141020,0.205,0.217,0.17,0.17,44050,0
20141021,0.193,0.193,0.15,0.183,2976,0
20141022,0.17,0.192,0.1,0.112,149152,0
20141023,0.17,0.17,0.115,0.138,61716,0
20141024,0.148,0.159,0.137,0.138,20276,0
20141027,0.149,0.192,0.137,0.161,23929,0
20141029,0.168,0.197,0.14,0.15,5000,0
20141103,0.171,0.171,0.146,0.146,2000,0
20141107,0.171,0.194,0.149,0.149,10800,0
20141110,0.172,0.194,0.147,0.147,3436,0
20141111,0.172,0.194,0.148,0.148,8000,0
20141112,0.148,0.219,0.148,0.15,26039,0
20141113,0.183,0.195,0.15,0.16,17000,0
20141114,0.187,0.215,0.158,0.16,3260,0
20141117,0.158,0.195,0.148,0.148,15000,0
20141118,0.148,0.195,0.146,0.146,35500,0
20141119,0.15,0.17,0.148,0.149,2873,0
20141124,0.172,0.189,0.147,0.147,39000,0
20141125,0.168,0.169,0.148,0.154,500,0
20141126,0.168,0.18,0.155,0.157,12000,0
20141127,0.173,0.174,0.155,0.156,100,0
20141203,0.17,0.18,0.155,0.156,10000,0
20141204,0.173,0.173,0.152,0.152,21928,0
20141205,0.172,0.172,0.147,0.147,35565,0
20141208,0.15,0.182,0.14,0.154,1590,0
20141209,0.152,0.179,0.152,0.153,4700,0
20141211,0.165,0.165,0.142,0.142,4000,0
20141212,0.155,0.166,0.15,0.15,22000,0
20141215,0.15,0.163,0.15,0.15,570,0
20141216,0.15,0.162,0.147,0.147,230,0
20141217,0.15,0.161,0.129,0.129,6935,0
20141222,0.149,0.164,0.131,0.131,3777,0
20141229,0.157,0.157,0.14,0.15,170,0
20141230,0.158,0.158,0.15,0.157,350,0
20150105,0.158,0.16,0.15,0.16,23750,0
20150106,0.151,0.166,0.151,0.151,9812,0
20150107,0.153,0.21,0.151,0.157,26055,0
20150108,0.165,0.188,0.151,0.151,2000,0
20150109,0.165,0.165,0.146,0.146,1700,0
20150112,0.15,0.177,0.15,0.16,1000,0
20150113,0.15,0.165,0.15,0.16,100,0
20150115,0.155,0.17,0.155,0.17,370,0
20150116,0.166,0.17,0.155,0.17,250,0
20150122,0.167,0.167,0.152,0.152,470,0
20150123,0.167,0.167,0.153,0.153,300,0
20150126,0.166,0.167,0.152,0.152,300,0
20150127,0.155,0.178,0.155,0.157,4500,0
20150128,0.176,0.177,0.155,0.156,350,0
20150129,0.175,0.176,0.155,0.156,10000,0
20150130,0.176,0.177,0.155,0.157,1500,0
20150202,0.176,0.177,0.155,0.159,100,0
20150203,0.155,0.176,0.129,0.129,30,0
20150204,0.175,0.176,0.155,0.161,100,0
20150205,0.155,0.175,0.155,0.161,2800,0
20150206,0.177,0.178,0.156,0.165,2200,0
20150209,0.18,0.196,0.16,0.163,22300,0
20150210,0.175,0.177,0.156,0.156,4400,0
20150211,0.175,0.177,0.16,0.165,700,0
20150212,0.177,0.177,0.161,0.165,600,0
20150213,0.163,0.177,0.144,0.165,100,0
20150216,0.176,0.177,0.146,0.165,1500,0
20150218,0.162,0.177,0.146,0.165,1600,0
20150220,0.162,0.176,0.146,0.165,5100,0
20150223,0.162,0.176,0.146,0.157,2780,0
20150224,0.162,0.188,0.146,0.163,13710,0
20150225,0.162,0.175,0.146,0.16,173,0
20150226,0.162,0.185,0.143,0.163,8520,0
20150227,0.162,0.185,0.143,0.161,7930,0
20150302,0.19,0.19,0.143,0.159,15020,0
20150303,0.161,0.186,0.156,0.159,1120,0
20150304,0.161,0.174,0.151,0.151,2000,0
20150306,0.161,0.207,0.156,0.166,6014,0
20150309,0.186,0.187,0.161,0.162,11954,0
20150310,0.174,0.186,0.161,0.162,7040,0
20150311,0.174,0.187,0.161,0.168,15080,0
20150312,0.161,0.186,0.161,0.161,100,0
20150313,0.175,0.191,0.161,0.162,90,0
20150317,0.161,0.189,0.161,0.166,4400,0
20150318,0.175,0.176,0.161,0.161,20,0
20150320,0.161,0.176,0.161,0.162,200,0
20150323,0.161,0.176,0.156,0.156,2900,0
20150324,0.161,0.189,0.161,0.166,6120,0
20150325,0.161,0.19,0.144,0.144,10268,0
20150326,0.175,0.176,0.161,0.161,1717,0
20150327,0.165,0.176,0.159,0.159,2000,0
20150330,0.165,0.184,0.163,0.163,1000,0
20150331,0.165,0.18,0.159,0.159,800,0
20150407,0.17,0.172,0.17,0.172,200,0
20150408,0.17,0.172,0.17,0.172,2270,0
20150409,0.17,0.172,0.17,0.17,17250,0
20150410,0.167,0.169,0.167,0.169,180,0
20150414,0.167,0.179,0.167,0.179,31420,0
20150415,0.167,0.177,0.167,0.177,2602,0
20150416,0.167,0.176,0.167,0.176,4180,0
20150421,0.167,0.177,0.167,0.177,1965,0
20150422,0.167,0.178,0.167,0.178,2580,0
20150423,0.167,0.172,0.167,0.172,100,0
20150427,0.167,0.179,0.167,0.179,6000,0
20150428,0.167,0.178,0.16,0.178,51200,0
20150429,0.156,0.178,0.156,0.157,1600,0
20150506,0.177,0.177,0.176,0.176,6040,0
20150507,0.16,0.162,0.16,0.162,1800,0
20150508,0.176,0.177,0.164,0.164,11442,0
20150511,0.157,0.176,0.157,0.159,4400,0
20150514,0.156,0.157,0.156,0.157,6000,0
20150518,0.156,0.172,0.156,0.172,1960,0
20150520,0.156,0.157,0.156,0.157,100,0
20150521,0.156,0.175,0.156,0.175,3160,0
20150527,0.156,0.158,0.156,0.158,2000,0
20150528,0.156,0.157,0.156,0.157,3000,0
20150529,0.156,0.171,0.156,0.171,3369,0
20150601,0.16,0.169,0.157,0.165,16051,0
20150602,0.156,0.158,0.156,0.158,1500,0
20150603,0.156,0.157,0.156,0.157,900,0
20150605,0.157,0.158,0.157,0.158,7000,0
20150608,0.157,0.157,0.157,0.157,50,0
20150609,0.156,0.159,0.156,0.159,400,0
20150610,0.156,0.158,0.156,0.158,100,0
20150616,0.157,0.173,0.157,0.173,10420,0
20150617,0.157,0.174,0.115,0.17,97000,0
20150618,0.131,0.171,0.131,0.171,1800,0
20150619,0.15,0.152,0.15,0.152,75,0
20150622,0.15,0.152,0.15,0.152,700,0
20150625,0.15,0.152,0.15,0.152,1000,0
20150626,0.15,0.153,0.15,0.153,15450,0
20150630,0.152,0.153,0.152,0.153,1000,0
20150701,0.152,0.154,0.152,0.154,2272,0
20150702,0.153,0.153,0.153,0.153,70,0
20150707,0.152,0.154,0.152,0.154,2000,0
20150713,0.152,0.154,0.152,0.154,7130,0
20150715,0.153,0.154,0.153,0.154,130,0
20150716,0.152,0.153,0.152,0.153,5800,0
20150717,0.153,0.153,0.153,0.153,3440,0
20150721,0.152,0.158,0.152,0.154,31011,0
20150722,0.158,0.163,0.154,0.154,2985,0
20150727,0.154,0.155,0.154,0.154,20659,0
20150728,0.166,0.172,0.166,0.166,81885,0
20150729,0.152,0.155,0.152,0.153,20000,0
20150804,0.152,0.154,0.152,0.154,500,0
20150805,0.152,0.165,0.152,0.165,3001,0
20150810,0.152,0.166,0.152,0.166,18600,0
20150812,0.152,0.166,0.152,0.166,26673,0
20150813,0.152,0.166,0.152,0.166,11754,0
20150814,0.152,0.154,0.152,0.154,400,0
20150818,0.155,0.17,0.155,0.17,25000,0
20150819,0.155,0.179,0.155,0.179,16040,0
20150821,0.157,0.18,0.157,0.18,11200,0
20150824,0.157,0.159,0.13,0.13,69827,0
20150825,0.132,0.133,0.132,0.133,300,0
20150828,0.14,0.14,0.133,0.133,650,0
20150909,0.13,0.131,0.13,0.131,300,0
20150914,0.13,0.131,0.13,0.131,500,0
20150915,0.13,0.131,0.13,0.131,1500,0
20150916,0.13,0.131,0.13,0.131,100,0
20150924,0.131,0.135,0.131,0.135,18250,0
20150928,0.13,0.13,0.125,0.125,15500,0
20150929,0.095,0.13,0.087,0.11,14000,0
20151005,0.132,0.133,0.132,0.133,2100,0
20151006,0.108,0.122,0.108,0.122,300,0
20151007,0.122,0.124,0.122,0.124,400,0
20151016,0.109,0.111,0.109,0.111,2000,0
20151023,0.109,0.109,0.109,0.109,21200,0
20151029,0.108,0.109,0.108,0.109,1000,0
20151103,0.1,0.103,0.1,0.103,1620,0
20151106,0.1,0.102,0.1,0.102,1200,0
20151111,0.1,0.138,0.1,0.138,3242,0
20151112,0.13,0.135,0.13,0.13,15635,0
20151113,0.101,0.101,0.101,0.101,880,0
20151117,0.1,0.101,0.1,0.101,8350,0
20151119,0.103,0.103,0.101,0.101,100,0
20151126,0.1,0.131,0.1,0.131,1926,0
20151203,0.101,0.102,0.101,0.102,50,0
20151214,0.101,0.101,0.067,0.067,55955,0
20151215,0.065,0.093,0.024,0.08,77250,0
20151216,0.051,0.051,0.049,0.049,15000,0
20151217,0.031,0.04,0.031,0.04,31550,0
20151218,0.031,0.034,0.03,0.033,126744,0
20151221,0.038,0.038,0.03,0.036,220693,0
20151222,0.027,0.035,0.027,0.03,73600,0
20151223,0.03,0.043,0.03,0.041,120350,0
20151228,0.032,0.065,0.032,0.05,129815,0
20151229,0.051,0.065,0.05,0.053,239300,0
20151230,0.03,0.048,0.03,0.045,333995,0
20160104,0.047,0.048,0.038,0.048,30500,0
20160105,0.038,0.039,0.035,0.035,69700,0
20160107,0.03,0.039,0.03,0.039,1000,0
20160108,0.04,0.04,0.031,0.031,10980,0
20160112,0.03,0.031,0.03,0.031,7000,0
20160113,0.03,0.03,0.03,0.03,50000,0
20160114,0.03,0.037,0.03,0.037,45050,0
20160115,0.029,0.03,0.029,0.03,45,0
20160119,0.03,0.03,0.03,0.03,24900,0
20160120,0.029,0.029,0.029,0.029,50678,0
20160122,0.024,0.026,0.023,0.023,88222,0
20160125,0.022,0.023,0.022,0.022,600,0
20160127,0.022,0.022,0.022,0.022,1000,0
20160128,0.022,0.026,0.022,0.026,7577,0
20160129,0.025,0.031,0.025,0.031,2347,0
20160202,0.025,0.027,0.025,0.027,4100,0
20160205,0.025,0.026,0.025,0.026,50,0
20160210,0.021,0.026,0.021,0.026,8000,0
20160211,0.021,0.031,0.021,0.031,17410,0
20160215,0.03,0.031,0.03,0.03,40100,0
20160216,0.03,0.034,0.03,0.034,1000,0
20160217,0.03,0.033,0.03,0.031,18000,0
20160218,0.03,0.031,0.03,0.031,11500,0
20160225,0.031,0.031,0.031,0.031,5000,0
20160229,0.031,0.047,0.031,0.046,173896,0
20160301,0.033,0.046,0.021,0.021,95500,0
20160302,0.025,0.025,0.023,0.024,30002,0
20160303,0.023,0.023,0.02,0.02,44000,0
20160307,0.021,0.03,0.021,0.03,60000,0
20160309,0.03,0.031,0.03,0.031,150,0
20160310,0.03,0.033,0.03,0.033,113000,0
20160311,0.028,0.037,0.028,0.037,55714,0
20160314,0.029,0.03,0.029,0.03,800,0
20160317,0.029,0.029,0.029,0.029,15000,0
20160318,0.023,0.03,0.023,0.03,25000,0
20160324,0.028,0.028,0.021,0.028,58200,0
20160330,0.025,0.025,0.02,0.022,66250,0
20160331,0.021,0.021,0.02,0.021,69700,0
20160405,0.02,0.021,0.02,0.021,1000,0
20160406,0.02,0.02,0.02,0.02,80000,0
20160408,0.016,0.02,0.016,0.02,30000,0
20160411,0.017,0.017,0.016,0.016,37000,0
20160412,0.018,0.02,0.018,0.02,50000,0
20160415,0.018,0.024,0.018,0.024,85000,0
20160419,0.02,0.021,0.02,0.021,2100,0
20160421,0.02,0.02,0.019,0.02,45000,0
20160422,0.018,0.029,0.018,0.029,13000,0
20160429,0.019,0.02,0.019,0.02,200,0
20160502,0.029,0.029,0.019,0.019,67452,0
20160503,0.019,0.03,0.019,0.03,15000,0
20160504,0.02,0.03,0.02,0.03,36000,0
20160511,0.021,0.037,0.021,0.037,40000,0
20160513,0.023,0.024,0.023,0.024,7001,0
20160517,0.023,0.03,0.023,0.03,9100,0
20160523,0.024,0.024,0.023,0.023,3000,0
20160602,0.023,0.023,0.023,0.023,250,0
20160603,0.023,0.037,0.023,0.037,4000,0
20160607,0.023,0.023,0.023,0.023,10000,0
20160610,0.023,0.023,0.023,0.023,550,0
20160613,0.022,0.023,0.022,0.023,1200,0
20160621,0.022,0.023,0.022,0.023,21300,0
20160622,0.022,0.023,0.022,0.023,1000,0
20160706,0.022,0.023,0.022,0.023,2500,0
20160707,0.022,0.023,0.022,0.023,3000,0
20160715,0.022,0.023,0.022,0.023,800,0
20160718,0.022,0.024,0.022,0.024,20000,0
20160719,0.016,0.017,0.016,0.017,250,0
20160721,0.03,0.03,0.03,0.03,4000,0
20160726,0.018,0.018,0.015,0.015,97360,0
20160727,0.01,0.029,0.01,0.029,478584,0
20160728,0.016,0.016,0.016,0.016,61100,0
20160803,0.016,0.016,0.016,0.016,100000,0
20160804,0.015,0.016,0.015,0.016,70000,0
20160808,0.024,0.024,0.016,0.016,20200,0
20160809,0.015,0.022,0.015,0.022,1000,0
20160810,0.015,0.016,0.015,0.016,500,0
20160816,0.017,0.017,0.016,0.016,13000,0
20160824,0.015,0.024,0.015,0.024,51500,0
20160825,0.019,0.023,0.019,0.023,4000,0
20160826,0.019,0.019,0.019,0.019,250,0
20160830,0.019,0.02,0.019,0.02,2000,0
20160831,0.019,0.019,0.019,0.019,15000,0
20160901,0.015,0.015,0.015,0.015,150,0
20160908,0.015,0.023,0.015,0.023,13380,0
20160912,0.015,0.016,0.015,0.016,200,0
20160915,0.015,0.016,0.015,0.016,2500,0
20161005,0.015,0.016,0.015,0.016,20,0
20161006,0.016,0.016,0.016,0.016,30000,0
20161007,0.016,0.017,0.016,0.017,160,0
20161011,0.016,0.017,0.016,0.017,100,0
20161018,0.016,0.017,0.016,0.017,100,0
20161020,0.016,0.016,0.016,0.016,85,0
20161021,0.016,0.017,0.016,0.017,147434,0
20161025,0.016,0.018,0.016,0.018,1000,0
20161026,0.016,0.017,0.016,0.017,620,0
20161102,0.016,0.018,0.016,0.017,61443,0
20161107,0.017,0.017,0.017,0.017,1000,0
20161108,0.016,0.017,0.016,0.017,830,0
20161114,0.016,0.017,0.016,0.017,1667,0
20161115,0.016,0.016,0.016,0.016,55000,0
20161121,0.017,0.017,0.017,0.017,30000,0
20161122,0.016,0.016,0.016,0.016,1000,0
20161201,0.016,0.016,0.016,0.016,2006,0
20161205,0.016,0.016,0.016,0.016,650,0
20161207,0.016,0.016,0.016,0.016,600,0
20161208,0.016,0.017,0.016,0.017,8500,0
20161209,0.016,0.017,0.016,0.017,9000,0
20161212,0.016,0.018,0.016,0.018,9000,0
20161214,0.016,0.017,0.016,0.017,12000,0
20161215,0.016,0.016,0.016,0.016,500,0
20161216,0.016,0.016,0.016,0.016,15000,0
20161220,0.016,0.017,0.016,0.017,15000,0
20161222,0.016,0.016,0.016,0.016,20200,0
20161227,0.016,0.016,0.011,0.011,18500,0
20161228,0.011,0.012,0.011,0.012,400,0
20161230,0.012,0.017,0.012,0.017,95000,0
20170102,0.013,0.018,0.013,0.018,33300,0
20170105,0.014,0.016,0.014,0.016,23455,0
20170109,0.015,0.016,0.015,0.016,540,0
20170111,0.015,0.015,0.014,0.014,140,0
20170116,0.013,0.014,0.013,0.014,5510,0
20170117,0.013,0.014,0.013,0.014,743,0
20170120,0.013,0.016,0.013,0.016,40000,0
20170130,0.016,0.017,0.016,0.017,1,0
20170201,0.016,0.017,0.016,0.017,1780,0
20170202,0.017,0.018,0.017,0.018,9,0
20170210,0.016,0.017,0.016,0.017,135,0
20170213,0.016,0.017,0.016,0.017,80,0
20170215,0.016,0.017,0.016,0.017,50,0
20170216,0.016,0.017,0.016,0.016,102000,0
20170220,0.013,0.017,0.013,0.017,115,0
20170222,0.016,0.017,0.016,0.017,100,0
20170223,0.016,0.02,0.016,0.02,50000,0
20170224,0.017,0.021,0.017,0.021,11400,0
20170301,0.018,0.024,0.018,0.019,92400,0
20170302,0.02,0.021,0.02,0.021,100,0
20170303,0.018,0.018,0.018,0.018,5436,0
20170306,0.018,0.02,0.018,0.02,250,0
20170307,0.019,0.019,0.019,0.019,54385,0
20170308,0.016,0.017,0.016,0.017,100,0
20170313,0.019,0.027,0.019,0.027,45950,0
20170314,0.02,0.02,0.02,0.02,20000,0
20170323,0.016,0.017,0.016,0.017,250,0
