Date,Open,High,Low,Close,Volume,OpenInt
20071116,47.485,51.159,46.526,48.301,74054,0
20071119,48.415,48.415,46.621,47.371,6953,0
20071120,47.323,49.364,47.323,47.94,7690,0
20071121,48.225,49.355,47.465,48.035,6637,0
20071122,47.465,47.465,46.516,47.086,11166,0
20071123,47.457,47.457,45.757,46.508,9480,0
20071126,45.567,46.327,45.567,45.567,4108,0
20071127,45.092,45.092,41.247,43.194,15590,0
20071128,42.624,42.719,41.133,41.77,1686,0
20071129,41.295,44.617,41.295,44.38,7796,0
20071130,43.668,47.465,41.77,47.465,25808,0
20071203,46.991,48.415,45.89,47.323,5794,0
20071204,45.966,47.181,45.966,47.143,2739,0
20071205,47.465,47.465,46.042,46.753,1790,0
20071206,46.763,46.763,45.766,46.516,3055,0
20071207,46.801,46.801,45.567,45.567,5267,0
20071210,46.042,46.488,46.042,46.488,3898,0
20071212,45.567,46.279,45.567,45.567,211,0
20071214,45.852,45.852,44.741,45.804,211,0
20071217,45.092,45.378,45.092,45.378,105,0
20071219,45.168,46.421,45.168,46.421,317,0
20071220,45.577,45.899,45.567,45.567,211,0
20071221,45.852,46.421,44.997,46.042,1581,0
20071227,45.567,46.042,44.997,46.042,317,0
20071228,45.567,47.371,45.092,47.371,19488,0
20080103,45.567,46.042,45.492,46.042,842,0
20080104,46.421,46.421,45.567,46.042,527,0
20080107,46.042,46.042,45.092,45.092,2422,0
20080109,44.617,44.617,43.241,43.668,1053,0
20080110,43.658,44.143,41.77,42.719,2422,0
20080111,41.77,42.719,41.77,42.245,421,0
20080115,41.77,41.77,41.77,41.77,317,0
20080116,40.821,40.821,37.024,37.973,3266,0
20080117,36.606,37.213,36.026,36.026,842,0
20080118,36.026,36.263,35.599,36.263,317,0
20080121,34.697,35.125,33.748,34.27,842,0
20080122,33.225,35.657,33.225,34.697,2634,0
20080123,35.314,37.024,35.163,37.024,1475,0
20080124,35.856,37.024,34.174,37.024,3159,0
20080125,37.498,37.498,35.884,35.884,1053,0
20080128,36.814,36.814,36.549,36.549,317,0
20080129,36.075,36.549,35.75,36.549,632,0
20080130,36.075,36.075,34.649,35.125,1686,0
20080131,35.03,35.03,33.919,35.03,317,0
20080201,34.649,34.649,33.037,34.213,737,0
20080204,34.174,35.125,34.174,35.125,317,0
20080205,35.125,35.125,35.077,35.077,421,0
20080206,35.077,37.973,35.077,37.45,6742,0
20080207,36.833,38.827,36.766,38.732,4529,0
20080208,37.308,37.982,36.833,37.545,6004,0
20080212,37.024,37.024,37.024,37.024,211,0
20080213,37.736,37.736,37.736,37.736,317,0
20080215,36.692,36.692,35.552,35.629,421,0
20080218,33.881,33.881,33.225,33.7,842,0
20080219,33.7,33.7,28.954,28.954,3687,0
20080220,28.479,28.479,25.166,26.799,3055,0
20080221,26.581,26.95,26.39,26.581,527,0
20080222,26.438,26.438,25.632,25.679,1264,0
20080225,25.632,26.011,25.632,26.011,527,0
20080226,25.546,25.632,24.254,24.492,1686,0
20080227,24.113,24.683,24.113,24.683,3371,0
20080228,24.683,24.777,24.683,24.777,1053,0
20080229,24.777,25.109,24.777,25.109,3266,0
20080303,24.683,24.871,24.208,24.871,949,0
20080304,24.587,24.587,23.733,24.303,2527,0
20080305,24.113,24.683,24.113,24.208,2739,0
20080306,24.113,24.113,23.543,23.543,2739,0
20080307,23.258,23.543,23.069,23.448,1369,0
20080310,23.448,23.448,22.043,22.403,2001,0
20080311,22.024,22.024,20.316,20.885,6530,0
20080312,20.742,21.169,20.742,21.075,1686,0
20080313,21.075,21.121,21.075,21.121,527,0
20080314,20.885,21.065,20.41,21.065,3055,0
20080317,20.695,20.885,19.509,19.651,4003,0
20080318,19.831,19.831,18.559,18.978,4529,0
20080319,18.986,18.986,18.027,18.692,8322,0
20080320,18.797,18.986,18.511,18.663,7900,0
20080325,18.968,18.978,18.511,18.978,2001,0
20080326,18.958,18.968,18.511,18.511,1686,0
20080327,18.511,18.978,18.511,18.511,1790,0
20080328,18.797,19.651,18.521,18.559,4108,0
20080331,18.787,18.986,18.559,18.559,1896,0
20080401,18.701,18.978,18.511,18.978,2527,0
20080402,18.968,18.978,18.644,18.644,2422,0
20080403,18.968,18.978,18.968,18.978,1790,0
20080404,18.939,18.939,18.701,18.929,3159,0
20080407,18.978,18.986,18.929,18.986,5583,0
20080408,18.606,18.986,18.606,18.986,2001,0
20080409,18.978,18.986,18.978,18.986,1790,0
20080410,18.986,21.739,18.986,21.739,14221,0
20080411,21.729,21.739,21.521,21.739,2213,0
20080414,21.739,22.935,21.359,22.935,5794,0
20080415,22.841,23.733,22.841,23.733,3898,0
20080416,24.018,26.362,24.018,26.362,7374,0
20080417,26.362,27.909,26.362,27.909,5372,0
20080418,28.469,29.429,27.416,29.049,6426,0
20080421,29.049,31.641,29.049,31.641,5161,0
20080422,32.087,32.087,29.761,30.643,2844,0
20080423,30.378,30.843,29.429,29.904,2422,0
20080424,29.913,29.913,28.479,29.22,2318,0
20080425,29.429,29.429,29.334,29.334,1053,0
20080428,29.713,30.378,29.713,30.378,1369,0
20080429,30.938,30.938,30.378,30.378,211,0
20080430,29.904,30.948,29.904,30.853,2422,0
20080502,30.378,30.586,30.331,30.586,2107,0
20080505,31.042,31.517,30.378,30.378,1896,0
20080506,30.368,30.568,29.913,30.568,1581,0
20080507,30.491,30.853,29.457,30.568,5689,0
20080508,30.568,30.615,29.106,30.615,2739,0
20080509,30.615,30.615,30.378,30.378,1369,0
20080512,30.378,30.378,29.8,30.378,1790,0
20080513,30.853,30.853,29.913,29.913,842,0
20080514,30.378,30.757,29.713,30.331,2422,0
20080515,30.331,30.378,29.619,30.368,737,0
20080516,30.331,30.378,29.904,30.378,1053,0
20080519,30.378,30.378,29.239,30.159,8954,0
20080520,30.159,30.159,30.159,30.159,527,0
20080521,30.159,30.159,30.159,30.159,527,0
20080522,30.159,30.368,30.159,30.368,632,0
20080523,30.368,30.368,29.429,29.904,3687,0
20080526,30.303,30.303,28.052,28.954,5057,0
20080527,28.954,29.429,28.261,28.67,2213,0
20080528,28.574,29.619,28.574,29.619,949,0
20080529,30.131,30.274,29.761,29.761,1369,0
20080530,30.093,31.327,30.093,31.327,12114,0
20080602,30.853,31.783,29.857,29.857,4003,0
20080603,30.378,30.757,30.378,30.378,2107,0
20080604,30.663,31.318,30.568,31.318,2527,0
20080605,31.698,31.707,31.698,31.698,949,0
20080606,31.698,33.606,31.698,33.606,1790,0
20080609,33.321,34.649,33.217,34.649,1369,0
20080610,34.649,35.239,33.7,33.7,1896,0
20080611,33.986,34.649,33.986,34.649,737,0
20080612,34.033,34.649,34.033,34.649,632,0
20080613,34.744,35.267,34.744,35.267,632,0
20080616,35.599,37.024,35.59,37.024,1158,0
20080617,37.479,37.488,36.909,36.909,421,0
20080618,37.024,37.507,36.549,36.549,3898,0
20080619,36.909,36.909,36.359,36.359,421,0
20080620,36.075,36.075,35.409,35.409,949,0
20080625,36.075,36.416,36.075,36.416,421,0
20080626,35.125,35.125,35.125,35.125,317,0
20080630,34.649,34.649,31.109,32.276,2213,0
20080701,32.742,32.742,31.802,32.276,105,0
20080703,32.561,32.751,32.561,32.751,211,0
20080707,32.276,32.875,32.153,32.875,211,0
20080708,33.14,33.225,33.14,33.225,632,0
20080709,33.225,33.225,33.225,33.225,317,0
20080710,33.7,33.7,33.7,33.7,317,0
20080711,33.225,33.225,32.751,32.751,737,0
20080714,32.608,32.608,30.388,30.388,1581,0
20080715,30.388,30.388,29.913,30.378,105,0
20080716,29.904,29.904,29.904,29.904,211,0
20080717,30.378,30.853,30.378,30.853,632,0
20080723,30.853,31.707,30.853,31.707,842,0
20080828,31.232,31.232,31.232,31.232,105,0
20080901,31.042,31.042,30.226,31.042,211,0
20080902,30.378,30.995,30.378,30.995,317,0
20080903,30.045,30.901,29.904,30.901,527,0
20080905,30.378,30.843,30.378,30.843,317,0
20080908,30.378,30.806,29.828,30.806,527,0
20080909,30.378,30.378,30.331,30.331,421,0
20080910,29.637,29.666,28.859,29.666,1264,0
20080911,29.41,29.41,29.41,29.41,632,0
20080912,29.429,29.429,29.429,29.429,105,0
20080916,28.289,28.289,28.157,28.157,105,0
20080917,28.005,28.005,26.998,27.957,105,0
20080919,28.281,28.281,27.644,28.195,949,0
20080922,28.005,28.005,27.53,27.53,1686,0
20080923,27.312,27.483,27.312,27.483,211,0
20080924,27.53,27.53,27.141,27.141,211,0
20080926,27.055,27.53,27.055,27.53,105,0
20080929,27.055,27.055,26.106,26.865,1158,0
20080930,26.106,26.893,26.106,26.865,105,0
20081001,26.581,27.055,26.581,27.055,211,0
20081002,26.581,26.865,26.581,26.865,421,0
20081003,26.581,27.055,26.581,27.055,211,0
20081006,26.96,26.96,25.166,25.166,2318,0
20081007,24.683,24.683,22.784,23.258,1581,0
20081013,21.835,24.967,21.835,24.967,317,0
20081014,24.871,24.871,24.871,24.871,527,0
20081015,24.208,24.208,24.046,24.046,421,0
20081016,24.303,24.303,23.922,23.922,211,0
20081021,24.683,26.96,24.683,26.96,1581,0
20081022,27.055,27.16,27.055,27.055,317,0
20081024,26.581,27.151,26.581,27.151,421,0
20081027,27.53,27.53,25.546,25.632,527,0
20081028,25.82,25.82,24.683,25.346,1264,0
20081029,25.632,25.632,24.683,25.346,2739,0
20081030,25.632,26.106,25.309,25.309,1475,0
20081031,24.91,28.479,24.871,28.479,6847,0
20081103,28.469,28.469,27.055,27.909,5057,0
20081104,26.893,28.574,26.893,28.1,4319,0
20081105,28.1,28.764,26.6,27.453,4213,0
20081106,27.843,27.843,27.53,27.53,317,0
20081107,27.843,27.843,26.771,27.388,3687,0
20081110,27.388,27.843,27.388,27.843,1790,0
20081111,27.53,28.479,27.055,27.909,1369,0
20081112,27.53,28.479,27.53,27.53,2527,0
20081113,27.53,27.815,27.53,27.53,527,0
20081114,27.055,28.479,27.055,28.479,1896,0
20081117,28.479,29.315,28.005,28.005,1053,0
20081118,28.195,29.049,27.909,29.049,1896,0
20081119,29.429,30.378,29.429,30.378,2422,0
20081120,29.713,30.853,29.713,30.615,4425,0
20081121,30.473,30.473,30.455,30.455,1896,0
20081124,30.473,31.802,30.378,30.757,4319,0
20081125,30.663,30.757,29.761,30.757,1264,0
20081126,30.378,30.853,30.378,30.853,1475,0
20081127,29.904,30.189,29.751,30.189,1475,0
20081128,30.378,34.649,30.378,34.174,4319,0
20081201,34.033,34.174,33.037,34.174,2318,0
20081202,34.649,35.077,34.649,35.077,1475,0
20081203,35.409,35.599,35.409,35.599,949,0
20081204,35.599,37.479,35.599,37.479,2634,0
20081205,37.479,40.346,36.549,39.207,4319,0
20081208,40.346,42.719,37.973,37.973,6215,0
20081209,38.447,39.824,33.71,35.647,7690,0
20081210,35.599,37.973,35.125,36.075,1475,0
20081211,36.359,36.928,36.359,36.549,949,0
20081212,36.454,36.454,36.454,36.454,737,0
20081215,36.454,36.454,34.697,34.697,1158,0
20081216,35.125,35.2,34.174,34.174,1475,0
20081217,34.174,34.174,32.751,32.751,1369,0
20081218,33.225,33.52,33.225,33.52,1158,0
20081219,33.511,33.511,32.751,32.751,1264,0
20081222,33.225,33.606,32.751,33.606,1581,0
20081223,34.174,34.556,34.174,34.27,949,0
20090109,39.871,39.871,39.017,39.017,527,0
20090112,39.729,40.346,37.973,37.973,949,0
20090113,39.064,39.064,36.549,39.064,632,0
20090114,39.064,39.074,38.447,38.447,317,0
20090115,38.447,38.447,37.355,37.355,527,0
20090116,38.647,38.647,38.637,38.637,317,0
20090119,38.637,38.637,37.973,37.973,527,0
20090120,37.973,37.973,36.833,36.833,317,0
20090121,35.96,36.549,32.751,36.549,842,0
20090122,36.539,36.539,36.539,36.539,211,0
20090123,36.359,36.549,34.603,36.549,632,0
20090126,36.311,36.311,36.311,36.311,211,0
20090127,34.412,34.412,33.416,33.416,421,0
20090128,36.549,36.549,36.311,36.311,211,0
20090129,36.311,36.311,35.219,35.219,421,0
20090130,35.219,37.973,35.219,37.973,211,0
20090202,35.361,35.361,35.125,35.125,105,0
20090203,35.125,35.125,35.125,35.125,105,0
20090204,35.125,37.973,35.03,37.973,737,0
20090205,37.308,37.973,35.125,37.973,211,0
20090206,37.973,37.973,36.549,36.549,317,0
20090209,37.024,37.024,37.024,37.024,105,0
20090210,37.024,37.024,35.361,37.024,421,0
20090211,35.837,36.549,35.125,36.549,421,0
20090216,34.811,36.075,34.649,36.075,317,0
20090217,35.599,36.311,33.463,36.311,105,0
20090218,32.751,32.751,27.53,27.53,1686,0
20090219,28.479,29.334,27.388,29.334,211,0
20090220,28.479,28.479,22.784,25.622,842,0
20090223,25.441,25.441,25.157,25.157,317,0
20090224,25.157,25.727,24.692,25.157,1053,0
20090225,25.157,25.157,25.157,25.157,105,0
20090226,25.584,25.584,25.584,25.584,211,0
20090227,25.584,25.584,24.871,24.871,527,0
20090302,25.394,25.594,24.871,25.109,527,0
20090303,24.683,24.683,23.733,23.733,1686,0
20090304,23.733,23.733,22.138,22.138,1158,0
20090305,21.835,21.835,21.835,21.835,105,0
20090306,21.739,21.739,21.265,21.265,105,0
20090310,20.031,20.125,20.031,20.125,105,0
20090311,19.461,19.651,19.461,19.461,421,0
20090312,18.986,19.603,18.986,19.603,421,0
20090313,19.461,19.461,19.271,19.271,105,0
20090316,19.129,19.129,18.417,18.417,1053,0
20090317,18.417,18.417,17.952,17.952,632,0
20090318,17.952,18.511,17.373,18.511,421,0
20090319,18.417,18.417,18.408,18.408,105,0
20090320,18.103,18.103,18.036,18.036,317,0
20090323,18.132,18.511,18.132,18.322,2422,0
20090324,18.701,19.414,18.559,19.271,1053,0
20090325,19.271,19.404,18.749,19.223,1158,0
20090326,19.935,20.666,19.935,20.172,3582,0
20090327,20.876,20.876,20.41,20.41,527,0
20090330,20.268,20.505,20.268,20.505,1369,0
20090331,20.885,20.885,20.885,20.885,105,0
20090401,20.6,20.6,20.6,20.6,527,0
20090402,21.028,21.028,20.41,20.752,1369,0
20090403,20.135,20.135,20.135,20.135,527,0
20090406,23.733,23.733,20.59,20.59,527,0
20090407,20.41,20.41,20.41,20.41,1264,0
20090408,19.841,19.841,19.204,19.651,632,0
20090414,18.986,18.986,18.274,18.606,737,0
20090415,17.866,18.986,17.373,18.036,1686,0
20090416,18.036,18.179,17.42,17.515,3371,0
20090417,17.278,17.8,17.278,17.287,211,0
20090421,17.41,17.61,17.41,17.61,317,0
20090422,17.8,17.914,17.8,17.914,105,0
20090423,18.036,18.568,18.036,18.568,317,0
20090424,18.606,19.223,18.606,19.223,632,0
20090427,19.461,19.461,19.461,19.461,105,0
20090428,18.939,18.939,18.417,18.417,1053,0
20090429,18.446,18.654,18.312,18.654,1158,0
20090430,18.892,18.986,18.654,18.654,1053,0
20090504,19.318,19.318,18.701,18.901,1053,0
20090505,18.493,19.081,18.493,18.749,1158,0
20090506,18.502,18.502,17.752,18.465,1790,0
20090507,18.749,18.844,18.606,18.606,317,0
20090508,18.939,18.958,18.312,18.701,1053,0
20090511,18.701,18.892,18.701,18.892,421,0
20090512,18.844,19.119,18.237,19.119,421,0
20090513,18.986,18.986,18.208,18.208,527,0
20090514,18.539,18.539,18.036,18.036,105,0
20090518,18.084,18.084,18.084,18.084,527,0
20090519,17.848,18.274,17.848,18.274,105,0
20090522,18.274,20.876,18.274,20.031,3159,0
20090525,19.793,20.268,19.784,19.784,1896,0
20090526,19.793,19.793,18.511,19.698,632,0
20090527,19.878,20.695,19.746,19.841,3266,0
20090528,19.367,20.458,19.367,20.458,632,0
20090529,20.6,20.98,20.505,20.98,1475,0
20090601,19.935,20.828,19.935,20.828,1369,0
20090602,20.144,20.316,19.935,20.125,2422,0
20090603,20.553,20.553,19.461,19.746,1686,0
20090604,20.296,20.296,19.755,20.125,1158,0
20090605,20.41,20.647,20.031,20.031,1264,0
20090608,20.363,21.169,19.888,20.031,3266,0
20090609,20.41,20.6,20.401,20.41,842,0
20090610,20.41,20.6,20.41,20.6,527,0
20090611,20.6,20.6,20.22,20.22,527,0
20090612,20.22,20.41,19.935,20.41,1581,0
20090615,20.41,20.41,19.746,19.746,1053,0
20090617,19.746,19.746,19.746,19.746,105,0
20090618,19.461,19.461,19.261,19.461,105,0
20090619,19.746,19.746,19.109,19.746,317,0
20090622,19.309,19.309,18.996,18.996,1053,0
20090623,18.797,18.797,18.578,18.578,317,0
20090624,18.132,18.227,18.084,18.227,527,0
20090625,18.227,18.72,18.227,18.72,105,0
20090626,18.511,18.511,18.511,18.511,105,0
20090629,18.036,19.385,18.036,19.385,949,0
20090630,18.986,18.986,18.986,18.986,105,0
20090701,18.986,18.986,18.986,18.986,211,0
20090702,18.986,18.986,18.986,18.986,421,0
20090706,18.892,19.081,18.892,19.081,105,0
20090708,19.129,19.129,19.006,19.006,632,0
20090709,19.271,19.414,18.996,19.414,1053,0
20090710,19.698,20.553,19.698,20.553,949,0
20090713,20.647,20.866,20.647,20.695,737,0
20090714,20.695,21.028,20.695,20.885,317,0
20090715,20.866,20.866,20.172,20.172,421,0
20090716,19.935,19.935,19.935,19.935,211,0
20090717,20.125,20.125,20.031,20.031,105,0
20090720,19.935,19.935,19.746,19.746,421,0
20090721,20.22,20.268,19.499,19.746,632,0
20090722,19.461,19.461,19.375,19.375,211,0
20090724,19.841,19.841,19.042,19.622,737,0
20090727,19.793,19.793,19.793,19.793,105,0
20090728,19.176,19.176,18.986,18.986,632,0
20090729,18.559,18.654,18.398,18.559,1053,0
20090731,18.132,18.417,18.132,18.417,737,0
20090803,18.749,18.986,18.084,18.986,211,0
20090804,18.749,18.844,18.749,18.749,211,0
20090805,18.892,18.892,18.892,18.892,105,0
20090806,18.986,19.052,18.559,18.559,317,0
20090810,18.986,19.195,18.892,18.986,527,0
20090812,18.978,18.978,18.797,18.892,421,0
20090813,18.446,18.446,18.446,18.446,105,0
20090814,18.892,18.892,18.294,18.294,737,0
20090817,18.227,18.227,17.752,17.752,842,0
20090818,17.515,17.704,17.097,17.562,1369,0
20090819,16.992,17.704,16.992,17.704,632,0
20090820,17.278,18.036,16.945,18.036,1369,0
20090824,17.657,18.036,17.562,18.036,105,0
20090825,17.752,18.036,17.562,17.562,1581,0
20090826,16.517,17.989,16.47,17.989,2739,0
20090827,18.227,18.986,18.227,18.986,211,0
20090828,17.562,17.562,17.562,17.562,1686,0
20090831,17.989,18.036,17.562,17.942,4213,0
20090901,17.848,18.465,17.848,18.465,1790,0
20090902,17.942,18.465,17.486,18.465,1369,0
20090903,18.511,18.892,17.562,17.942,1369,0
20090904,18.198,18.227,17.848,18.227,1686,0
20090907,17.562,18.036,17.562,18.036,421,0
20090908,18.17,18.892,18.17,18.892,2527,0
20090909,18.939,20.268,18.939,20.031,4845,0
20090910,20.41,21.169,20.41,20.79,1686,0
20090911,20.657,20.933,20.638,20.933,1790,0
20090914,20.885,21.028,20.79,21.028,1581,0
20090915,20.799,21.121,20.799,21.121,5267,0
20090916,20.799,20.799,20.79,20.79,105,0
20090917,20.885,21.502,20.742,20.933,949,0
20090918,21.265,21.265,20.695,21.208,421,0
20090921,21.588,21.588,20.695,20.885,1158,0
20090922,20.42,20.98,20.42,20.98,421,0
20090923,20.876,21.075,20.799,20.799,1581,0
20090924,20.705,21.35,20.705,21.35,105,0
20090925,20.705,21.217,20.685,20.98,842,0
20090928,20.42,21.208,20.42,20.885,1896,0
20090929,20.885,20.885,20.695,20.885,527,0
20091001,20.876,20.876,20.373,20.373,421,0
20091002,20.79,20.79,20.41,20.41,211,0
20091005,20.041,20.041,20.041,20.041,105,0
20091006,20.031,20.031,19.471,19.935,949,0
20091009,20.125,20.22,19.603,19.841,1158,0
20091012,19.565,19.935,19.471,19.935,1264,0
20091013,20.031,20.031,19.565,19.888,1053,0
20091014,19.555,19.555,19.555,19.555,527,0
20091015,19.565,19.935,19.555,19.555,842,0
20091016,19.841,19.841,19.461,19.461,527,0
20091019,19.555,19.86,19.166,19.86,632,0
20091020,19.612,20.031,19.612,20.031,105,0
20091023,20.172,20.41,19.841,19.841,842,0
20091026,19.935,20.125,19.612,20.125,737,0
20091028,19.612,19.841,19.509,19.841,421,0
20091029,19.651,19.888,19.461,19.461,105,0
20091030,19.509,19.746,19.509,19.746,211,0
20091102,19.034,19.461,18.844,19.461,105,0
20091103,18.606,19.395,18.606,19.395,105,0
20091106,18.986,18.986,18.986,18.986,105,0
20091109,19.461,19.984,19.271,19.984,1053,0
20091110,20.277,20.277,20.277,20.277,105,0
20091116,20.058,20.182,20.058,20.182,949,0
20091117,20.058,20.182,20.058,20.182,949,0
20091118,19.898,20.363,19.898,19.898,737,0
20091119,20.268,21.644,19.898,21.644,737,0
20091120,21.169,22.024,20.961,22.024,2739,0
20091123,21.835,21.892,21.835,21.835,527,0
20091124,21.663,22.403,21.663,22.403,105,0
20091125,22.499,22.499,22.309,22.499,1053,0
20091126,22.309,22.499,21.835,22.499,1790,0
20091127,21.739,21.739,21.739,21.739,105,0
20091130,21.663,21.663,21.663,21.663,105,0
20091201,22.072,22.499,21.892,21.892,632,0
20091202,22.309,22.309,22.309,22.309,105,0
20091203,21.91,21.91,21.843,21.843,317,0
20091207,21.929,22.499,21.929,21.929,211,0
20091208,21.929,21.939,21.929,21.939,211,0
20091209,22.489,22.499,21.835,22.499,105,0
20091211,22.499,22.499,21.835,22.499,105,0
20091214,22.489,22.489,22.489,22.489,211,0
20091215,22.489,22.489,21.739,22.489,317,0
20091216,21.739,22.309,21.739,22.309,317,0
20091223,22.356,22.489,22.356,22.489,317,0
20091224,22.356,22.489,22.356,22.489,317,0
20091228,22.489,22.661,22.489,22.661,1158,0
20091229,21.872,22.935,21.872,22.935,632,0
20091230,21.835,22.935,21.835,22.935,1475,0
20091231,21.835,22.935,21.835,22.935,1475,0
20100104,22.935,22.935,22.755,22.755,317,0
20100105,22.755,22.755,20.79,22.755,3371,0
20100106,22.641,22.688,22.641,22.688,421,0
20100107,22.935,22.945,22.129,22.784,421,0
20100108,21.986,23.258,21.892,21.977,3476,0
20100111,22.024,22.547,21.739,21.739,2107,0
20100112,22.309,22.688,21.739,22.309,317,0
20100113,21.977,22.309,21.607,21.72,842,0
20100114,21.835,22.119,21.55,21.55,527,0
20100118,21.835,22.119,21.835,22.119,632,0
20100119,21.835,21.835,19.651,21.835,2422,0
20100120,21.805,22.119,21.805,22.119,421,0
20100121,22.119,22.594,21.835,21.835,1053,0
20100122,21.075,21.075,21.075,21.075,1475,0
20100126,21.103,21.835,21.075,21.835,211,0
20100127,21.103,21.835,21.075,21.835,211,0
20100128,21.075,21.597,21.075,21.597,421,0
20100129,21.701,21.701,21.701,21.701,105,0
20100201,21.359,21.835,21.359,21.835,211,0
20100202,21.359,21.835,21.359,21.835,211,0
20100204,21.835,25.632,21.511,25.632,3159,0
20100205,23.59,25.632,23.258,25.632,2422,0
20100208,25.537,25.537,23.439,24.254,211,0
20100209,24.113,25.537,23.258,23.258,632,0
20100210,23.107,23.258,23.107,23.258,105,0
20100211,23.258,25.537,21.977,22.594,1158,0
20100217,22.024,22.024,21.502,21.996,317,0
20100218,22.024,22.024,21.597,21.977,211,0
20100222,21.359,21.929,20.828,21.929,632,0
20100226,21.977,21.977,21.028,21.786,527,0
20100302,21.359,21.977,20.98,21.977,1158,0
20100303,21.55,21.644,21.55,21.644,1475,0
20100305,21.169,21.55,21.169,21.55,527,0
20100308,21.682,21.682,21.131,21.644,527,0
20100309,21.037,21.739,21.037,21.359,527,0
20100310,20.79,21.359,20.79,21.359,527,0
20100312,21.065,21.065,20.885,21.028,421,0
20100315,21.028,21.511,20.373,21.511,2001,0
20100316,21.121,21.446,20.885,21.446,211,0
20100317,21.359,21.359,20.438,21.065,842,0
20100318,20.79,20.98,20.438,20.98,842,0
20100319,20.933,20.933,20.125,20.647,949,0
20100322,20.961,20.98,20.961,20.98,527,0
20100325,20.647,20.647,20.647,20.647,317,0
20100330,20.885,20.885,20.647,20.647,211,0
20100331,20.695,20.705,20.087,20.705,211,0
20100401,20.799,20.799,20.41,20.41,632,0
20100406,19.888,20.885,19.888,20.885,2001,0
20100407,20.885,20.885,19.698,20.885,737,0
20100408,20.41,20.41,19.793,20.401,105,0
20100409,20.316,20.363,19.679,20.363,317,0
20100412,20.259,20.41,19.841,20.41,2844,0
20100413,20.316,20.553,20.22,20.41,3792,0
20100414,20.496,20.505,20.22,20.22,949,0
20100415,20.41,20.647,19.935,20.647,3266,0
20100416,20.41,20.41,20.41,20.41,105,0
20100419,19.955,19.955,19.935,19.955,1158,0
20100420,19.984,20.401,19.603,20.401,842,0
20100422,20.41,21.835,20.41,21.835,949,0
20100423,21.359,21.359,19.603,20.115,4952,0
20100426,20.115,20.201,20.031,20.031,317,0
20100427,19.481,20.031,19.481,20.031,211,0
20100428,20.031,20.031,19.424,19.746,1053,0
20100429,19.736,19.736,19.698,19.698,421,0
20100504,19.651,19.651,18.777,18.986,949,0
20100507,18.036,19.698,18.036,19.698,1686,0
20100510,18.892,19.698,17.23,19.147,632,0
20100511,18.331,20.031,18.331,19.651,949,0
20100512,18.797,18.797,18.511,18.797,2001,0
20100513,18.227,18.227,18.227,18.227,105,0
20100514,16.992,18.198,16.442,18.027,3159,0
20100517,17.42,17.515,17.268,17.515,1053,0
20100518,17.03,17.515,16.613,16.755,1896,0
20100519,17.078,18.036,16.927,17.42,4108,0
20100520,17.458,17.458,16.812,16.992,632,0
20100521,17.942,17.942,16.138,16.138,1896,0
20100524,16.138,16.613,16.138,16.613,211,0
20100525,16.613,16.613,16.024,16.281,1790,0
20100526,16.613,17.942,16.613,17.087,1264,0
20100527,17.087,17.087,17.087,17.087,842,0
20100528,17.087,17.087,17.087,17.087,211,0
20100601,17.087,18.036,16.613,18.036,13905,0
20100602,18.511,18.939,17.724,18.939,421,0
20100603,17.6,18.929,17.23,18.929,737,0
20100604,17.183,18.844,17.183,18.606,949,0
20100608,18.797,18.797,17.183,18.797,527,0
20100609,16.955,18.797,16.955,18.797,1686,0
20100610,18.797,18.797,16.195,18.408,1369,0
20100611,17.543,17.562,17.097,17.562,105,0
20100615,17.515,17.515,17.515,17.515,211,0
20100618,17.173,17.278,16.584,17.278,1158,0
20100621,17.278,17.505,16.613,17.087,421,0
20100622,17.505,17.505,17.183,17.373,211,0
20100623,16.899,17.505,16.698,17.505,737,0
20100624,17.495,17.495,17.211,17.466,421,0
20100625,17.466,17.466,17.466,17.466,105,0
20100630,16.708,18.986,16.708,18.986,3371,0
20100701,17.562,19.081,17.306,17.306,421,0
20100705,18.322,18.322,16.138,18.036,632,0
20100706,16.3,19.831,16.281,18.113,11377,0
20100707,17.562,19.831,17.562,19.831,1896,0
20100708,17.562,18.036,16.527,18.036,3792,0
20100709,17.562,17.562,17.135,17.135,317,0
20100712,17.476,17.476,16.85,17.466,105,0
20100713,17.466,17.466,17.087,17.087,105,0
20100716,16.992,17.087,16.517,17.078,1053,0
20100719,17.087,17.087,16.527,17.087,317,0
20100720,16.584,17.087,16.574,17.087,211,0
20100722,17.087,17.087,16.517,16.517,421,0
20100723,16.517,17.087,16.517,17.087,317,0
20100728,17.087,17.087,16.945,16.945,632,0
20100729,16.992,17.087,16.574,17.069,842,0
20100810,16.651,16.651,16.651,16.651,211,0
20100811,17.087,17.087,17.078,17.087,1158,0
20100812,17.278,19.831,17.278,18.929,1475,0
20100816,17.524,17.524,17.524,17.524,421,0
20100817,17.791,17.791,17.791,17.791,105,0
20100902,16.138,18.511,16.138,18.036,1053,0
20100903,16.708,17.059,16.329,17.059,105,0
20100910,16.043,16.899,14.762,16.879,2001,0
20100913,15.939,16.899,15.568,16.043,527,0
20100914,14.619,15.854,14.619,15.854,105,0
20100917,15.664,17.078,14.715,16.594,1053,0
20100920,14.505,16.85,14.505,16.85,105,0
20100921,14.505,16.329,14.505,16.329,1686,0
20100922,16.423,17.087,15.664,16.613,317,0
20100923,16.034,16.603,16.034,16.603,527,0
20100928,16.281,16.603,16.281,16.603,211,0
20100930,16.376,16.376,16.376,16.376,527,0
20101001,17.553,17.553,16.899,16.992,1053,0
20101005,16.708,16.708,16.517,16.517,317,0
20101006,16.517,17.04,16.233,17.04,949,0
20101011,15.189,17.543,15.142,17.543,421,0
20101014,14.99,17.543,14.99,17.543,211,0
20101015,14.448,17.543,14.448,17.543,737,0
20101019,16.661,17.325,15.664,17.325,317,0
20101021,14.762,16.233,14.762,16.233,211,0
20101025,15.664,16.803,15.664,16.803,317,0
20101028,16.071,17.325,15.844,17.325,317,0
20101102,15.949,17.306,15.949,17.297,105,0
20101103,15.568,17.306,15.568,17.087,737,0
20101108,16.034,16.138,15.379,15.379,1896,0
20101109,15.189,16.138,14.762,15.407,6110,0
20101110,15.104,15.104,14.998,14.998,1369,0
20101111,15.179,17.087,14.002,15.664,4003,0
20101112,14.762,14.8,14.116,14.8,421,0
20101115,14.619,17.306,14.619,17.306,5689,0
20101117,15.199,17.087,15.199,17.087,105,0
20101122,15.664,16.423,15.664,16.423,211,0
20101126,16.376,16.376,14.24,14.904,3159,0
20101129,14.715,14.904,14.145,14.487,1158,0
20101130,14.894,14.904,13.974,14.25,421,0
20101201,13.955,14.24,13.907,14.24,421,0
20101203,13.86,14.998,13.613,14.998,317,0
20101206,13.765,14.629,13.765,14.629,1264,0
20101208,13.337,13.652,13.29,13.652,317,0
20101210,12.911,13.29,12.911,13.29,317,0
20101213,12.911,13.262,11.771,12.806,842,0
20101214,11.581,13.272,11.581,13.272,842,0
20101215,12.341,13.272,12.151,13.272,949,0
20101216,11.496,13.272,11.496,12.483,1896,0
20101217,12.056,13.244,11.866,12.569,317,0
20101221,12.569,12.569,12.133,12.246,317,0
20101222,12.341,12.341,12.331,12.331,737,0
20101223,11.962,13.272,11.962,13.272,527,0
20101227,12.331,12.815,11.914,12.815,4529,0
20101229,13.1,13.1,11.392,12.815,4845,0
20101230,12.009,13.1,12.009,13.1,317,0
20110103,12.54,13.006,12.54,13.006,842,0
20110106,11.866,11.962,11.866,11.962,842,0
20110107,11.581,11.866,11.449,11.866,105,0
20110110,12.626,12.626,11.392,12.151,1053,0
20110111,12.626,12.996,11.534,12.996,105,0
20110112,12.597,12.597,12.246,12.246,527,0
20110117,11.866,12.284,11.459,12.284,421,0
20110118,11.857,12.284,11.857,11.866,211,0
20110119,11.487,11.866,11.487,11.761,949,0
20110121,11.761,11.866,11.372,11.866,737,0
20110125,11.201,11.866,11.201,11.866,105,0
20110126,11.201,11.866,10.917,11.866,5794,0
20110127,11.581,12.284,11.392,12.284,2422,0
20110128,12.009,13.006,12.009,13.006,632,0
20110131,12.579,14.998,12.579,14.998,842,0
20110202,13.67,13.67,12.104,12.569,105,0
20110203,12.056,13.67,11.866,12.341,421,0
20110204,12.151,12.626,11.771,12.094,1369,0
20110208,11.297,11.866,11.297,11.866,421,0
20110211,11.401,12.721,11.344,12.721,1581,0
20110214,11.306,11.658,11.306,11.459,421,0
20110215,11.61,11.61,11.573,11.581,317,0
20110218,12.009,12.009,11.79,12.009,421,0
20110222,12.436,12.996,12.151,12.996,2107,0
20110223,12.806,12.958,12.104,12.588,949,0
20110225,11.696,12.056,11.211,11.62,7268,0
20110228,11.127,11.524,11.107,11.496,2001,0
20110301,11.107,12.806,11.107,11.581,317,0
20110302,13.67,13.67,11.581,11.581,527,0
20110303,10.632,11.392,10.632,11.392,842,0
20110314,10.822,11.107,10.357,11.107,211,0
20110316,11.107,11.771,11.107,11.771,527,0
20110318,11.297,12.341,11.297,12.293,105,0
20110321,10.433,10.632,10.092,10.538,421,0
20110322,10.822,10.822,9.2461,9.825,2213,0
20110323,9.958,10.632,9.73,10.632,1264,0
20110324,9.958,9.958,9.682,9.958,949,0
20110325,9.616,10.205,9.2461,9.4937,632,0
20110328,10.063,10.195,9.1139,9.4937,317,0
20110329,9.541,10.205,9.3984,9.778,1581,0
20110330,9.4937,9.4937,9.1795,9.4937,1053,0
20110331,10.205,10.205,8.8855,9.541,1264,0
20110401,9.2081,9.588,9.2081,9.588,317,0
20110405,9.4937,9.4937,8.6766,8.6766,317,0
20110406,8.6766,8.6766,8.4299,8.6766,211,0
20110407,8.4773,9.4937,7.8318,9.4937,1158,0
20110408,8.8191,9.4937,8.5248,8.6578,317,0
20110411,8.5248,8.6862,7.2148,8.4394,3476,0
20110412,9.4839,9.4839,7.5091,8.0597,842,0
20110413,7.7844,7.7844,7.5565,7.7844,317,0
20110415,7.7368,7.7368,7.5945,7.5945,211,0
20110419,8.4489,8.4489,7.4995,7.4995,105,0
20110420,7.5945,8.0692,7.5945,8.0692,211,0
20110421,7.8794,8.4489,7.7844,8.4489,1686,0
20110426,8.0692,8.6483,8.0692,8.6483,211,0
20110427,8.2685,8.2685,8.2685,8.2685,527,0
20110428,8.24,8.2685,8.24,8.2685,1264,0
20110429,7.9743,8.354,7.9743,8.354,842,0
20110504,7.5375,9.0185,7.5375,8.6862,105,0
20110505,8.1166,8.1166,8.1166,8.1166,632,0
20110516,8.3824,8.3824,7.9743,8.3824,1053,0
20110517,7.8794,9.4937,7.7368,9.4937,2634,0
20110520,8.7336,8.7336,8.7336,8.7336,105,0
20110524,7.9743,8.354,7.9743,8.354,211,0
20110527,7.8794,7.8794,7.8794,7.8794,105,0
20110601,7.7368,7.7368,7.7368,7.7368,1053,0
20110607,7.6894,8.5438,7.6894,8.5438,105,0
20110615,7.4046,7.5945,6.93,7.547,2634,0
20110617,7.0249,7.4521,7.0249,7.4521,211,0
20110622,7.1293,7.5945,7.1293,7.5945,211,0
20110623,6.6452,7.5945,5.6959,7.5945,105,0
20110628,6.6262,7.5945,6.2655,7.5945,737,0
20110630,7.5945,7.5945,7.0249,7.0249,105,0
20110701,6.5597,7.1198,6.5597,7.1198,317,0
20110704,6.7876,7.0249,6.7876,6.8825,105,0
20110705,6.5313,6.7402,6.4078,6.4078,2422,0
20110706,6.93,6.93,6.1705,6.5977,1790,0
20110707,6.93,6.93,6.218,6.218,2213,0
20110711,6.2655,6.2655,6.1516,6.1516,1790,0
20110712,6.1421,6.2655,5.7908,6.2655,2213,0
20110714,5.8953,5.9806,5.7053,5.7053,317,0
20110715,6.0661,6.0661,5.6959,5.8857,1264,0
20110718,5.1738,5.3162,4.7465,5.3162,317,0
20110719,5.1738,5.3162,4.775,4.9364,1475,0
20110720,4.9269,4.9364,4.7465,4.7465,2844,0
20110721,4.6042,4.7465,4.6042,4.7465,527,0
20110722,4.7561,4.7561,4.2719,4.6991,317,0
20110725,4.7276,4.7276,4.6042,4.6042,527,0
20110726,4.6421,4.8415,4.6421,4.7561,6426,0
20110727,4.7465,4.9364,4.7465,4.7465,7690,0
20110728,4.6991,4.9364,4.5567,4.9364,1158,0
20110802,4.3668,4.6991,4.3668,4.6991,105,0
20110804,4.4143,4.6991,4.4143,4.4143,2318,0
20110812,4.2719,4.2719,4.2719,4.2719,1686,0
20110818,4.6421,4.6991,4.4617,4.6991,317,0
20110823,4.6991,4.6991,3.6075,4.6991,105,0
20110825,4.2719,4.6991,4.2719,4.6991,211,0
20110826,4.5567,4.6991,4.3763,4.6991,737,0
20110829,4.1295,4.1295,4.1295,4.1295,421,0
20110830,3.9396,4.0821,3.7973,4.0821,2001,0
20110831,4.0821,4.0821,4.0346,4.0821,1264,0
20110902,3.7973,3.9681,3.7973,3.9681,1158,0
20110906,3.6169,3.6169,3.1327,3.1423,3476,0
20110907,3.6169,3.6169,3.1327,3.1423,3476,0
20110914,3.6928,3.8922,3.3321,3.6454,3159,0
20110915,3.8922,3.8922,3.7024,3.8922,421,0
20110916,3.8922,3.8922,3.7024,3.8922,211,0
20110920,3.8922,3.8922,3.4649,3.7024,105,0
20110922,3.8067,3.8067,3.8067,3.8067,317,0
20111004,3.3321,3.3891,3.3321,3.3891,527,0
20111005,3.0283,3.37,3.0283,3.37,211,0
20111006,2.8574,3.2751,2.8574,3.2751,1581,0
20111007,3.2751,3.2751,2.5157,2.6581,4425,0
20111010,2.753,2.753,2.7055,2.7055,3266,0
20111012,2.753,3.2751,2.753,3.2751,3266,0
20111013,3.2751,3.4081,3.2751,3.4081,527,0
20111017,2.9429,2.9429,2.7909,2.7909,3055,0
20111024,3.2751,3.2751,2.753,3.2751,527,0
20111025,2.8479,3.0283,2.8479,3.0283,211,0
20111027,2.4871,3.0378,2.4871,2.8195,211,0
20111028,3.0378,3.0378,2.8574,3.0378,1369,0
20111031,3.0378,3.0378,3.0283,3.0283,105,0
20111104,2.6581,2.8479,2.4967,2.8479,7058,0
20111107,2.5537,2.7055,2.4967,2.7055,6530,0
20111109,2.5632,2.753,2.4967,2.753,1581,0
20111111,2.6581,2.753,2.6202,2.753,317,0
20111118,2.753,2.753,2.4018,2.4113,3582,0
20111121,2.5441,2.8479,2.5441,2.8479,3792,0
20111124,2.7909,3.2751,2.7909,2.8479,3898,0
20111125,2.8005,3.2751,2.6106,3.1138,8216,0
20111130,2.9334,3.0283,2.9334,3.0283,1053,0
20111201,2.9904,2.9904,2.9904,2.9904,211,0
20111202,2.8479,2.9429,2.6106,2.8479,16432,0
20111205,2.9904,3.2276,2.9904,3.2181,2422,0
20111207,3.2181,3.7973,3.2181,3.4174,5267,0
20111208,2.9429,3.0853,2.9429,3.0853,1896,0
20111209,3.0853,3.0853,3.0853,3.0853,1053,0
20111212,3.0853,3.3225,3.0853,3.3225,527,0
20111213,3.3416,3.4174,3.3416,3.4174,317,0
20111220,3.0378,3.2941,2.8005,3.2087,10429,0
20111221,3.1327,3.1327,3.1042,3.1138,2213,0
20111222,3.2276,3.2276,3.0378,3.0378,211,0
20111223,3.2751,3.9111,3.2751,3.9111,4635,0
20111228,3.6075,3.6075,3.6075,3.6075,1053,0
20111230,3.5979,3.5979,3.5979,3.5979,2634,0
20120102,3.9777,4.2624,3.9777,4.2624,317,0
20120103,3.3225,4.2149,3.2372,4.2149,3898,0
20120105,2.8479,4.177,2.8479,4.177,3159,0
20120109,3.1992,3.7024,3.1992,3.7024,317,0
20120112,3.5599,3.5599,3.5599,3.5599,421,0
20120113,3.5789,3.7973,3.5693,3.7973,10113,0
20120118,3.7213,3.7213,3.7213,3.7213,211,0
20120120,3.6263,4.234,3.6263,4.234,2107,0
20120123,4.177,4.234,4.177,4.234,105,0
20120124,3.5599,4.234,3.5599,4.234,527,0
20120125,4.234,4.234,3.9871,4.2245,1686,0
20120126,4.0821,4.234,3.8447,4.234,4529,0
20120127,3.7024,4.2245,3.6549,3.6549,1475,0
20120130,3.9396,4.2245,3.8922,3.8922,737,0
20120131,3.9777,3.9777,3.9586,3.9586,105,0
20120201,3.6738,3.9111,3.6738,3.7213,2739,0
20120208,4.0346,4.5092,4.0346,4.4143,1581,0
20120209,3.9207,5.6009,3.9207,5.6009,4319,0
20120210,5.487,5.487,4.8415,5.3636,1369,0
20120214,4.6896,5.1738,4.6896,4.7371,1686,0
20120220,5.0219,5.0219,4.6516,4.6516,1686,0
20120222,4.7465,5.0314,4.7465,5.0314,1369,0
20120224,5.0314,5.1738,5.0314,5.1738,421,0
20120227,4.8415,5.3636,4.7465,5.3636,2318,0
20120228,5.3162,5.3636,5.2401,5.3636,2739,0
20120301,5.506,5.7718,5.3541,5.6864,3159,0
20120302,5.7813,5.9806,4.6516,5.8857,6637,0
20120305,6.0186,6.0186,6.0186,6.0186,2318,0
20120306,6.218,6.3509,4.9364,5.6674,6110,0
20120308,4.9364,5.2213,4.9364,5.1738,1686,0
20120309,5.1738,5.1738,5.1738,5.1738,105,0
20120312,5.3162,5.3636,5.3162,5.3636,105,0
20120314,5.6769,5.6864,5.1452,5.6864,2001,0
20120315,5.6009,5.6864,5.5819,5.6769,6110,0
20120319,5.3636,5.6864,5.1264,5.6864,4952,0
20120323,5.6864,6.3604,5.6864,6.3604,1475,0
20120326,6.3604,6.3604,5.3636,6.3604,1896,0
20120327,6.1705,6.1705,5.8383,6.0755,2213,0
20120328,5.5535,5.6959,5.5535,5.6959,105,0
20120329,5.506,6.2655,5.506,6.2655,1369,0
20120330,6.1705,6.3604,6.161,6.3604,1264,0
20120402,6.161,6.3035,5.6959,6.3035,1158,0
20120405,5.6959,5.7434,5.6959,5.7434,2107,0
20120410,5.392,5.7434,5.392,5.7434,211,0
20120416,5.4965,5.4965,5.0789,5.4965,1369,0
20120417,5.3541,5.8857,5.2307,5.6864,2318,0
20120419,5.3541,5.5535,5.3541,5.544,421,0
20120420,5.2213,6.3035,5.2213,6.3035,1158,0
20120423,5.5915,5.5915,5.506,5.5915,737,0
20120425,5.4111,5.6009,5.1264,5.3162,3898,0
20120426,5.6959,5.6959,5.6959,5.6959,1053,0
20120430,5.4016,5.4585,4.8889,5.4585,3266,0
20120502,4.9364,4.9364,4.794,4.9364,1686,0
20120503,4.8415,5.2117,4.8415,5.2117,3792,0
20120504,5.0314,5.506,4.9838,5.506,4529,0
20120507,5.6009,5.6009,5.1738,5.5535,1581,0
20120508,5.5535,5.5535,5.4585,5.5535,4108,0
20120509,5.506,5.6485,5.506,5.6389,2318,0
20120510,5.6389,5.6389,5.6389,5.6389,527,0
20120511,5.6294,5.6294,5.6294,5.6294,1053,0
20120514,5.6389,5.9237,5.392,5.6959,2634,0
20120515,5.2687,5.449,5.1738,5.1738,3582,0
20120516,5.1738,5.3067,5.0314,5.3067,632,0
20120517,5.3162,5.4111,5.2022,5.2401,4635,0
20120518,5.4016,5.4016,5.2307,5.2307,1896,0
20120521,5.3257,5.3257,5.3257,5.3257,1053,0
20120522,5.4301,5.4301,5.4301,5.4301,2107,0
20120525,5.3162,5.5819,5.3162,5.5819,2739,0
20120601,5.2213,5.5819,4.832,5.5819,4213,0
20120604,4.9364,5.1264,4.9364,5.1264,2950,0
20120605,4.9269,4.9269,4.9269,4.9269,5689,0
20120606,4.9459,5.1357,4.9459,5.1357,1053,0
20120607,5.506,5.506,5.4111,5.506,737,0
20120608,5.506,6.0281,5.506,6.0281,5794,0
20120611,5.8857,5.8857,5.506,5.8857,737,0
20120612,5.7434,5.7908,5.506,5.7908,1053,0
20120613,5.8003,6.1705,5.506,5.9806,9375,0
20120614,6.1705,6.1705,6.1705,6.1705,105,0
20120615,6.237,6.237,5.8857,5.9806,2739,0
20120618,5.8098,5.8098,5.8098,5.8098,421,0
20120619,5.8857,5.8857,5.6104,5.6104,1790,0
20120620,5.6009,5.6009,5.6009,5.6009,1158,0
20120621,5.506,5.506,5.506,5.506,1686,0
20120625,5.4396,5.4396,5.4396,5.4396,1686,0
20120626,5.3636,5.3636,5.3636,5.3636,1686,0
20120627,5.1548,5.4111,5.1548,5.4111,2318,0
20120629,5.4111,5.4111,5.4111,5.4111,1896,0
20120705,5.3636,5.4111,5.3636,5.4111,2213,0
20120709,5.4111,5.4111,5.4111,5.4111,1896,0
20120712,5.506,5.506,5.506,5.506,105,0
20120720,5.4585,5.4585,5.4585,5.4585,1896,0
20120723,5.3351,5.3351,5.3351,5.3351,1686,0
20120724,5.3162,5.3162,5.3162,5.3162,105,0
20120726,5.3162,5.3162,5.1264,5.3162,2950,0
20120730,5.2687,5.3162,5.1738,5.3162,2527,0
20120802,5.6009,5.6009,5.506,5.506,737,0
20120803,5.2213,5.6485,5.2213,5.6485,11904,0
20120806,5.506,5.6009,5.4111,5.6009,1581,0
20120807,5.7908,5.7908,5.7908,5.7908,949,0
20120809,5.4111,5.4111,5.4111,5.4111,317,0
20120814,5.5819,5.5819,5.3162,5.3162,1369,0
20120815,5.3162,5.3162,5.3162,5.3162,842,0
20120816,5.4111,5.4111,5.4111,5.4111,317,0
20120817,5.6009,5.6009,5.6009,5.6009,211,0
20120821,5.506,5.506,5.506,5.506,105,0
20120822,5.6674,5.7908,5.5535,5.7908,2107,0
20120823,5.6959,5.8573,5.6959,5.8573,1896,0
20120824,5.8668,5.8668,5.8668,5.8668,211,0
20120827,6.2655,6.8351,6.1705,6.7402,16748,0
20120828,6.7402,6.7402,6.7402,6.7402,317,0
20120829,6.7402,6.7402,6.7402,6.7402,211,0
20120830,6.7402,7.1198,6.7402,7.1198,2527,0
20120831,7.1198,7.8318,7.1198,7.8318,421,0
20120903,7.6989,7.6989,6.93,7.3572,7690,0
20120904,7.3097,7.3097,7.1483,7.2432,3055,0
20120905,7.1198,7.1863,7.1198,7.1198,2422,0
20120906,7.1198,7.1198,7.1198,7.1198,737,0
20120907,7.1673,7.1673,7.1673,7.1673,105,0
20120910,7.4142,7.4142,7.2812,7.4046,3055,0
20120911,7.3097,7.4521,7.2148,7.4521,1896,0
20120912,7.3572,7.585,7.3572,7.547,9692,0
20120913,7.5945,7.7559,7.5945,7.7559,421,0
20120914,7.7844,8.0407,7.7844,8.0217,1264,0
20120917,7.8888,7.8888,7.8698,7.8698,842,0
20120918,7.6419,7.6419,7.4142,7.4142,2844,0
20120920,7.4236,7.4236,7.4142,7.4142,1264,0
20120921,7.5091,7.7844,7.3572,7.7368,737,0
20120924,7.7084,7.7084,7.7084,7.7084,421,0
20120925,7.6514,7.6514,7.4616,7.5565,2001,0
20120927,7.6894,7.6894,7.5091,7.5091,3266,0
20120928,7.4046,7.4046,7.4046,7.4046,1475,0
20121001,7.3192,7.3192,6.6641,7.1104,3792,0
20121003,7.3951,7.4995,7.1389,7.4995,2213,0
20121004,7.585,7.9647,7.585,7.8794,737,0
20121005,8.0122,8.2496,7.8224,8.1641,1158,0
20121008,8.1831,8.1831,7.585,7.6894,1581,0
20121009,7.7368,7.7844,7.5091,7.7844,10007,0
20121010,7.8794,8.6387,7.8794,8.6008,4635,0
20121011,8.5913,8.5913,8.3824,8.5154,1369,0
20121012,8.4394,8.5343,8.0692,8.0692,2950,0
20121015,8.3066,8.4868,8.3066,8.354,105,0
20121016,8.4489,8.4489,8.354,8.354,317,0
20121017,8.5059,8.5059,8.2021,8.354,527,0
20121018,8.0692,8.259,8.0692,8.259,105,0
20121019,8.0692,8.354,8.0692,8.2211,527,0
20121022,8.1641,8.1641,8.0407,8.0407,211,0
20121024,7.9743,8.1166,7.9743,8.1166,1369,0
20121025,8.1641,8.1641,8.1451,8.1451,211,0
20121026,7.9932,7.9932,7.9932,7.9932,1264,0
20121029,8.0692,8.1166,8.0692,8.1166,2844,0
20121030,8.1641,8.5343,8.1641,8.2305,7690,0
20121031,8.3729,8.5913,8.354,8.4394,6110,0
20121101,8.4299,8.4964,8.2211,8.4964,317,0
20121102,8.6387,8.9995,8.5154,8.9995,6004,0
20121105,8.99,10.149,8.6387,9.759,7479,0
20121106,9.227,9.541,8.8855,8.8855,17697,0
20121107,8.7811,9.3984,8.7052,9.17,1896,0
20121108,9.2841,9.2841,8.5533,8.5533,2634,0
20121109,8.7336,8.8761,8.7336,8.8761,2001,0
20121112,8.5438,8.8761,7.6894,8.1736,4003,0
20121113,8.259,8.354,8.1736,8.278,3898,0
20121114,8.354,8.354,8.1736,8.1736,527,0
20121115,8.259,8.259,7.7844,7.7844,12851,0
20121119,8.0692,8.2115,8.0692,8.2115,2527,0
20121120,8.1166,8.5343,7.9743,7.9743,6321,0
20121122,8.2115,8.5343,8.0692,8.5343,4740,0
20121123,8.3634,8.5059,8.1166,8.1166,527,0
20121126,8.2115,8.4299,8.2115,8.259,421,0
20121127,8.0217,8.411,8.0217,8.411,2950,0
20121128,8.2211,8.2211,8.0692,8.2211,949,0
20121129,8.3066,8.4299,8.3066,8.4299,2739,0
20121130,8.4299,8.5343,8.259,8.5343,2739,0
20121203,8.5343,8.8001,8.2875,8.3729,8322,0
20121204,8.5154,8.5438,8.1926,8.1926,1581,0
20121205,8.354,8.5817,8.354,8.5817,2527,0
20121206,8.5817,8.5817,8.259,8.259,1053,0
20121207,8.4679,8.5059,8.3254,8.3254,2950,0
20121211,8.4489,8.4489,8.1831,8.3634,527,0
20121212,8.4584,8.4964,8.4015,8.4015,1790,0
20121213,8.4964,8.4964,8.354,8.354,3898,0
20121214,8.4489,8.5154,8.2115,8.4489,2422,0
20121217,8.4489,8.4489,7.7559,7.7559,7163,0
20121218,8.0217,8.4299,7.661,8.259,2318,0
20121219,8.259,8.259,7.9647,8.259,2001,0
20121220,8.259,8.259,8.259,8.259,421,0
20121221,8.1261,8.1261,8.1261,8.1261,317,0
20121227,8.259,8.259,7.9837,7.9837,317,0
20121228,8.1261,8.24,7.8794,7.9743,1053,0
20130102,8.1166,8.259,7.8318,7.8318,2634,0
20130103,8.0217,8.1166,7.8318,8.1166,1264,0
20130104,8.1166,8.297,8.1166,8.297,317,0
20130107,8.354,8.354,8.259,8.354,317,0
20130108,8.4299,8.4964,8.4299,8.4964,317,0
20130109,8.1736,8.1736,7.8318,7.8318,3687,0
20130110,7.9268,8.3349,7.3287,7.6419,6110,0
20130111,7.8318,8.0122,7.8318,7.9743,1581,0
20130114,7.9647,8.1736,7.9647,8.1736,3055,0
20130115,8.297,8.411,8.1356,8.1356,1369,0
20130116,7.9647,7.9647,7.8698,7.8698,737,0
20130117,7.8982,8.1261,7.8982,8.1261,2844,0
20130121,8.3066,8.3066,8.0027,8.0027,2739,0
20130122,7.8318,7.8318,7.8318,7.8318,4213,0
20130123,7.9743,7.9743,7.9743,7.9743,105,0
20130124,8.1166,8.354,8.0217,8.354,3687,0
20130125,8.354,8.4868,8.24,8.24,3371,0
20130128,8.1641,8.3254,8.1641,8.3254,317,0
20130129,8.1166,8.1166,8.1166,8.1166,421,0
20130130,7.9268,8.0692,7.8794,7.8794,1790,0
20130131,7.8318,7.8318,7.8318,7.8318,317,0
20130201,7.8318,7.8318,7.8318,7.8318,317,0
20130204,7.9268,8.0217,7.9268,8.0217,949,0
20130212,8.2115,8.278,8.0692,8.1831,4108,0
20130213,8.411,8.411,8.411,8.411,105,0
20130218,8.2115,8.2115,8.2115,8.2115,1264,0
20130219,8.3634,8.3634,8.3634,8.3634,1264,0
20130220,8.4299,8.4394,8.1546,8.259,2950,0
20130221,8.1451,8.1451,8.1166,8.1166,842,0
20130225,8.354,8.354,8.259,8.259,1053,0
20130304,8.354,8.354,8.3349,8.3349,5161,0
20130305,8.2115,8.2115,8.0692,8.0692,6215,0
20130308,8.1166,8.1166,8.1166,8.1166,2634,0
20130311,8.297,8.297,8.2021,8.2021,3476,0
20130314,8.259,8.259,8.259,8.259,317,0
20130318,8.0692,8.0692,8.0692,8.0692,1264,0
20130322,8.259,8.3066,8.0692,8.1831,4845,0
20130325,8.3634,8.4964,8.1641,8.354,8006,0
20130326,8.354,8.5438,8.259,8.354,15063,0
20130327,8.354,8.354,8.1261,8.1261,2107,0
20130328,8.0786,8.1641,8.0786,8.1641,2107,0
20130402,8.1641,8.1641,7.9743,7.9743,3476,0
20130403,8.1166,8.2115,8.1166,8.2115,105,0
20130404,8.0027,8.1166,7.8318,8.1166,1790,0
20130405,7.8318,8.9235,7.8318,8.9235,6426,0
20130408,8.5533,9.009,8.5533,9.009,3476,0
20130409,8.6578,8.8286,8.3066,8.4489,5267,0
20130410,8.5343,8.5343,8.2021,8.4015,1158,0
20130411,8.259,8.4015,8.259,8.4015,527,0
20130412,8.354,8.354,8.0027,8.1641,1369,0
20130415,8.2115,8.259,8.0692,8.1641,3266,0
20130418,8.2685,8.7717,8.2685,8.5629,105,0
20130419,8.4679,8.7717,8.2115,8.7717,421,0
20130422,8.5438,8.5438,8.1641,8.1641,2422,0
20130424,8.3634,8.4015,8.0692,8.0692,1158,0
20130425,8.1641,8.259,7.8318,8.1166,632,0
20130426,8.259,8.6862,8.0692,8.2305,32971,0
20130429,8.1641,8.8476,8.1641,8.5248,4740,0
20130430,8.4489,8.9425,8.4489,8.9425,1896,0
20130502,8.6862,9.0568,8.6862,9.0568,2422,0
20130503,9.3032,10.443,9.3032,9.968,4740,0
20130506,9.968,10.015,9.1224,9.588,6321,0
20130507,9.3502,9.588,9.0949,9.588,4425,0
20130508,9.4937,9.968,9.3984,9.968,2318,0
20130509,10.063,10.063,9.673,9.73,1369,0
20130510,9.778,9.873,9.3984,9.3984,1896,0
20130513,9.2651,9.3032,9.2556,9.3032,3687,0
20130515,9.541,9.636,9.3502,9.3502,1264,0
20130516,9.721,10.538,9.721,10.054,11693,0
20130517,10.252,10.443,10.063,10.443,1896,0
20130520,10.072,10.822,10.072,10.822,1264,0
20130521,10.547,10.822,10.3,10.822,2318,0
20130522,10.832,11.382,10.661,10.964,7900,0
20130523,10.946,10.946,10.538,10.624,1369,0
20130524,10.443,10.803,10.443,10.803,1896,0
20130527,10.993,10.993,10.917,10.993,632,0
20130528,10.793,11.013,10.793,11.013,2001,0
20130529,10.917,11.098,10.614,11.098,1896,0
20130530,10.793,10.984,10.793,10.984,949,0
20130531,10.775,10.86,10.775,10.86,211,0
20130603,10.575,10.671,10.575,10.671,1053,0
20130604,10.632,10.632,10.461,10.461,1158,0
20130610,10.29,10.29,10.205,10.205,842,0
20130611,10.214,10.433,10.214,10.347,2001,0
20130612,10.443,10.68,10.443,10.68,1581,0
20130613,10.471,10.471,10.347,10.347,1158,0
20130614,10.538,10.538,10.443,10.443,1158,0
20130617,10.443,10.443,10.443,10.443,317,0
20130618,10.347,10.624,10.347,10.624,105,0
20130620,10.671,10.85,10.547,10.85,3792,0
20130624,10.85,10.85,10.347,10.671,3159,0
20130625,10.48,10.624,10.48,10.624,949,0
20130626,10.347,10.347,10.092,10.205,1053,0
20130627,10.252,10.347,10.252,10.347,527,0
20130701,10.252,10.252,9.787,9.787,2213,0
20130702,9.474,9.911,9.474,9.645,1896,0
20130708,9.873,9.92,9.873,9.92,737,0
20130710,9.778,9.778,9.682,9.682,1264,0
20130711,9.778,9.778,9.692,9.692,1369,0
20130712,9.73,10.395,9.73,10.158,11904,0
20130715,10.158,10.158,10.158,10.158,632,0
20130716,10.3,10.3,10.158,10.158,1581,0
20130717,10.158,10.338,10.149,10.338,1369,0
20130722,10.3,10.443,10.3,10.443,1264,0
20130723,10.443,10.443,10.443,10.443,949,0
20130724,10.443,10.443,10.443,10.443,317,0
20130729,10.528,10.528,10.443,10.443,1158,0
20130730,10.443,10.443,10.443,10.443,421,0
20130731,10.632,11.003,10.538,10.917,5689,0
20130801,11.297,11.677,10.917,11.174,3266,0
20130802,11.249,11.668,11.249,11.439,7690,0
20130805,11.648,11.668,11.174,11.174,1053,0
20130806,11.382,11.962,11.382,11.962,3266,0
20130807,12.056,12.056,11.962,12.056,317,0
20130808,11.99,12.056,11.771,12.056,1896,0
20130812,12.398,12.863,12.398,12.863,1896,0
20130813,12.388,13.043,12.388,12.815,1053,0
20130819,12.36,12.522,12.237,12.246,1264,0
20130820,12.246,12.246,12.237,12.237,211,0
20130821,12.246,12.246,12.237,12.237,421,0
20130822,12.056,12.056,12.009,12.009,1369,0
20130823,11.866,12.056,11.724,12.056,842,0
20130826,13.347,15.161,13.347,14.106,16959,0
20130827,14.524,14.524,13.3,13.3,8848,0
20130828,13.575,13.67,13.29,13.67,1264,0
20130829,13.765,13.955,13.481,13.955,5057,0
20130830,14.269,14.477,14.193,14.334,6530,0
20130902,14.524,15.284,14.382,15.189,3159,0
20130903,14.951,15.379,14.951,15.379,2739,0
20130904,15.473,17.249,15.473,16.85,6637,0
20130905,16.899,16.899,15.949,15.949,4635,0
20130906,16.233,16.233,15.949,15.949,2318,0
20130909,16.281,16.566,16.053,16.138,2950,0
20130910,16.527,16.992,16.034,16.613,3792,0
20130911,16.517,16.992,16.404,16.404,2318,0
20130912,16.233,16.233,16.024,16.186,737,0
20130913,16.186,16.186,15.949,16.138,949,0
20130916,16.413,16.423,15.929,15.929,1158,0
20130917,15.816,15.844,15.664,15.835,1264,0
20130918,16.128,16.138,15.645,15.891,2634,0
20130919,15.616,15.844,15.568,15.844,527,0
20130920,15.379,15.473,14.715,14.715,3582,0
20130923,15.132,15.332,15.132,15.189,632,0
20130925,15.379,15.379,15.379,15.379,632,0
20130926,15.208,15.208,15.189,15.189,949,0
20130927,15.379,15.379,15.379,15.379,737,0
20130930,15.189,15.759,15.189,15.759,527,0
20131001,15.323,15.749,15.323,15.749,317,0
20131003,15.473,15.645,15.473,15.645,1790,0
20131007,15.664,15.664,15.664,15.664,211,0
20131008,15.284,15.664,15.284,15.664,842,0
20131009,15.284,15.664,15.284,15.664,317,0
20131010,15.664,15.664,15.664,15.664,421,0
20131011,15.36,15.692,15.294,15.588,1581,0
20131014,15.379,15.749,15.379,15.749,211,0
20131015,15.351,15.721,15.341,15.721,1053,0
20131016,15.521,15.521,15.464,15.473,1475,0
20131017,15.473,15.645,15.351,15.645,421,0
20131018,15.645,15.816,15.246,15.673,3159,0
20131021,15.816,15.816,15.664,15.816,421,0
20131022,15.721,15.721,15.616,15.616,527,0
20131023,15.473,15.778,15.284,15.778,421,0
20131024,15.664,15.806,15.664,15.806,527,0
20131025,15.521,15.521,15.284,15.473,527,0
20131028,15.749,15.749,15.664,15.73,317,0
20131029,15.664,15.854,15.284,15.74,4319,0
20131030,15.986,17.087,15.616,17.087,7268,0
20131031,16.927,18.132,16.87,18.036,7584,0
20131101,18.312,18.312,17.704,17.848,2318,0
20131104,17.848,17.848,17.23,17.486,2107,0
20131105,18.892,19.176,17.562,18.587,8428,0
20131106,18.417,18.511,18.246,18.465,4108,0
20131107,18.255,18.255,18.246,18.246,632,0
20131108,18.036,18.493,17.857,18.493,632,0
20131111,18.825,21.265,18.825,20.381,14009,0
20131112,20.79,21.217,20.41,20.866,6215,0
20131113,20.647,20.695,19.935,20.363,5161,0
20131114,19.746,20.638,19.746,20.638,4845,0
20131115,20.287,20.647,20.031,20.05,2318,0
20131118,19.764,19.841,19.461,19.641,2213,0
20131119,19.774,19.793,19.555,19.793,317,0
20131120,19.461,20.041,19.318,19.442,1896,0
20131121,19.357,19.555,19.318,19.537,3055,0
20131122,19.395,19.698,19.328,19.698,1475,0
20131125,20.05,20.277,19.471,19.698,5267,0
20131126,19.651,19.651,19.518,19.518,211,0
20131127,19.528,19.755,19.518,19.528,317,0
20131128,19.764,19.935,19.622,19.622,949,0
20131129,19.537,19.935,19.537,19.935,1896,0
20131202,19.841,19.984,19.461,19.603,5161,0
20131203,19.793,19.793,19.271,19.555,527,0
20131204,19.651,19.651,19.214,19.537,105,0
20131205,19.3,19.784,19.3,19.698,737,0
20131206,19.717,19.736,19.081,19.612,4845,0
20131209,19.612,19.612,18.644,19.461,4108,0
20131210,19.612,19.698,18.892,18.892,4845,0
20131211,18.911,19.318,18.911,19.318,211,0
20131213,18.939,19.452,18.929,19.452,1053,0
20131216,18.797,19.461,18.797,19.461,211,0
20131217,19.452,19.461,19.452,19.461,949,0
20131219,19.414,19.461,18.986,19.006,2422,0
20131220,19.006,19.006,18.958,18.986,317,0
20131223,18.939,19.432,18.939,19.424,1686,0
20131227,19.461,19.461,19.1,19.414,317,0
20131230,19.404,19.461,19.042,19.452,7058,0
20140102,19.793,19.793,19.461,19.612,1475,0
20140103,19.471,19.471,19.461,19.461,317,0
20140106,19.461,20.125,19.414,19.935,10638,0
20140107,19.935,20.666,19.935,20.41,7479,0
20140108,20.41,20.79,20.239,20.79,4529,0
20140109,20.98,22.251,20.98,21.454,13694,0
20140110,21.131,22.043,21.131,21.369,6215,0
20140113,21.768,21.825,21.436,21.55,4740,0
20140114,21.369,21.786,21.018,21.777,842,0
20140115,21.825,21.835,21.169,21.72,3055,0
20140116,21.72,21.729,21.454,21.454,527,0
20140117,21.502,21.502,21.075,21.094,527,0
20140120,16.243,16.243,13.575,14.25,56357,0
20140121,14.477,14.572,14.155,14.477,13483,0
20140122,14.667,15.664,14.495,15.654,13273,0
20140123,15.645,15.645,14.619,15.037,9902,0
20140124,14.856,14.99,14.155,14.155,4108,0
20140127,14.155,14.25,13.765,13.907,5583,0
20140128,14.155,14.287,14.049,14.23,1053,0
20140129,14.183,14.401,13.603,13.756,5267,0
20140130,13.709,14.031,12.968,13.613,10007,0
20140131,13.423,13.575,13.148,13.148,4319,0
20140203,13.196,13.747,12.844,13.556,5372,0
20140204,13.205,13.385,13.177,13.385,2213,0
20140205,13.214,14.002,13.214,14.002,3159,0
20140206,14.031,14.031,13.414,13.67,3055,0
20140207,13.804,13.804,13.357,13.623,737,0
20140210,13.812,14.24,13.471,14.24,6004,0
20140211,14.24,14.24,13.85,13.86,1581,0
20140212,14.145,14.145,13.756,14.145,1158,0
20140213,14.343,14.467,13.595,14.106,3476,0
20140214,14.297,14.856,14.297,14.856,5372,0
20140217,15.027,15.17,15.027,15.161,4213,0
20140218,15.189,15.189,14.715,15.132,3371,0
20140219,14.715,14.951,14.676,14.81,1896,0
20140220,14.495,14.495,14.495,14.495,317,0
20140221,14.619,14.619,14.619,14.619,737,0
20140224,14.382,14.382,14.334,14.334,105,0
20140225,14.601,14.601,14.601,14.601,105,0
20140226,14.524,14.524,14.41,14.515,1264,0
20140227,14.572,14.648,13.964,13.964,3582,0
20140228,14.287,14.287,13.964,13.964,949,0
20140303,13.964,14.098,13.528,13.737,3898,0
20140304,13.546,14.021,13.499,14.021,2318,0
20140305,14.287,14.951,14.287,14.705,11904,0
20140306,14.829,15.075,14.572,14.572,6637,0
20140307,14.297,14.515,14.116,14.116,4635,0
20140310,14.145,15.17,13.955,15.037,13589,0
20140311,15.132,15.891,14.951,15.379,9797,0
20140312,15.464,15.464,14.772,15.113,1790,0
20140313,14.856,15.607,14.856,15.104,2318,0
20140314,14.715,14.715,14.212,14.23,5057,0
20140317,14.24,14.591,14.24,14.591,2107,0
20140318,14.619,14.619,14.61,14.619,632,0
20140319,14.715,14.715,14.487,14.715,1686,0
20140320,14.42,14.42,13.984,13.984,1790,0
20140321,14.259,14.41,14.049,14.41,842,0
20140324,13.984,14.524,13.984,14.524,5372,0
20140325,14.382,14.382,14.221,14.221,1158,0
20140326,14.041,15.265,14.041,14.724,5372,0
20140327,14.79,14.8,14.458,14.458,632,0
20140328,14.448,14.762,14.343,14.715,2422,0
20140331,14.724,14.923,14.724,14.743,1369,0
20140401,14.724,16.489,14.724,15.996,13589,0
20140402,15.568,15.568,15.236,15.256,2739,0
20140403,15.256,15.426,15.256,15.426,737,0
20140404,15.161,15.313,15.065,15.313,632,0
20140407,15.065,15.065,14.942,14.97,211,0
20140408,14.998,14.998,14.81,14.81,527,0
20140410,14.933,15.236,14.933,15.236,2001,0
20140411,14.942,15.236,14.942,14.961,737,0
20140414,14.81,14.81,14.639,14.639,1475,0
20140415,14.715,14.894,14.487,14.894,317,0
20140416,14.942,14.951,14.562,14.562,1369,0
20140417,14.562,14.619,14.287,14.477,3266,0
20140422,14.572,15.236,14.572,15.236,6742,0
20140423,15.113,15.113,15.056,15.056,317,0
20140424,15.351,15.568,15.351,15.568,949,0
20140425,15.246,15.559,15.236,15.55,1581,0
20140428,15.454,15.454,15.323,15.407,1369,0
20140430,15.027,15.142,14.961,14.961,1896,0
20140502,15.132,15.407,14.951,15.332,14958,0
20140505,15.332,15.332,14.98,15.332,15169,0
20140506,15.36,15.36,15.36,15.36,105,0
20140507,15.521,15.521,15.246,15.275,211,0
20140509,15.284,15.426,15.284,15.369,317,0
20140512,15.284,15.284,15.189,15.189,1369,0
20140513,15.189,15.189,14.933,14.97,1686,0
20140514,14.838,15.161,14.733,14.743,421,0
20140515,14.856,14.856,14.856,14.856,211,0
20140516,14.904,14.904,14.894,14.894,105,0
20140519,15.008,15.008,14.82,14.961,1581,0
20140520,15.132,15.132,15.132,15.132,105,0
20140521,15.008,15.008,14.81,14.81,2107,0
20140522,14.856,14.856,14.667,14.829,737,0
20140527,14.733,14.82,14.733,14.82,317,0
20140528,14.82,14.82,14.82,14.82,105,0
20140529,15.17,15.17,14.847,14.847,527,0
20140530,14.82,14.82,14.648,14.648,632,0
20140603,14.724,14.724,14.619,14.619,4319,0
20140604,14.658,14.856,14.534,14.856,737,0
20140606,14.534,14.705,14.524,14.696,527,0
20140610,14.572,14.572,14.562,14.562,421,0
20140611,14.772,14.772,14.544,14.544,2422,0
20140612,14.715,14.715,14.534,14.534,949,0
20140613,14.601,14.619,14.562,14.562,1475,0
20140616,14.562,14.762,14.562,14.762,1264,0
20140617,14.505,14.505,14.477,14.477,737,0
20140618,14.269,14.477,14.269,14.477,527,0
20140619,14.467,14.477,14.467,14.477,317,0
20140620,14.495,14.619,14.477,14.477,317,0
20140623,14.477,14.477,14.041,14.23,4740,0
20140624,14.259,14.287,13.878,13.878,2634,0
20140625,13.907,14.031,13.775,13.775,421,0
20140626,13.821,13.821,13.414,13.538,4213,0
20140627,13.528,13.67,13.432,13.481,4740,0
20140630,13.432,13.432,12.958,13.035,4529,0
20140701,13.043,13.765,13.006,13.765,5372,0
20140702,13.481,14.24,13.481,14.24,4425,0
20140703,14.098,14.098,13.538,13.538,2527,0
20140704,13.623,13.66,13.623,13.66,211,0
20140707,13.575,13.575,13.566,13.566,1369,0
20140710,13.747,13.747,13.747,13.747,105,0
20140711,13.747,13.747,13.432,13.432,211,0
20140716,13.652,13.775,13.652,13.775,632,0
20140717,13.518,13.623,13.432,13.623,737,0
20140718,13.528,13.528,13.528,13.528,317,0
20140721,13.585,13.747,13.585,13.67,1158,0
20140722,13.642,13.992,13.394,13.992,1790,0
20140723,13.699,13.699,13.423,13.423,1369,0
20140724,13.756,13.756,13.394,13.394,211,0
20140725,13.623,13.623,13.385,13.385,842,0
20140728,13.67,13.67,13.309,13.528,527,0
20140729,13.328,13.556,13.328,13.556,2844,0
20140730,13.385,13.385,13.385,13.385,211,0
20140731,13.272,13.756,13.272,13.756,1581,0
20140801,13.385,13.546,12.911,13.518,4319,0
20140804,13.129,13.309,13.006,13.309,1264,0
20140805,13.3,13.3,13.148,13.148,421,0
20140806,13.148,13.148,13.148,13.148,105,0
20140808,12.92,12.92,12.911,12.911,317,0
20140811,13.528,14.856,13.528,14.619,13063,0
20140812,13.898,14.23,13.898,14.098,1158,0
20140813,14.297,14.297,13.955,13.955,842,0
20140815,14.715,14.715,14.42,14.42,2001,0
20140818,14.307,14.307,14.23,14.23,632,0
20140819,14.24,14.24,13.984,14.24,2107,0
20140820,13.974,13.974,13.945,13.945,211,0
20140821,14.098,14.24,14.098,14.24,1264,0
20140825,14.24,14.382,14.24,14.343,317,0
20140826,14.23,14.24,14.088,14.088,2318,0
20140827,14.23,14.24,13.528,13.528,10323,0
20140828,13.538,13.538,12.388,13.423,7900,0
20140829,13.538,13.538,13.528,13.528,737,0
20140901,13.442,13.652,13.442,13.652,737,0
20140902,13.86,14.287,13.86,14.287,2634,0
20140903,14.278,14.715,14.116,14.458,8848,0
20140904,14.658,14.98,14.43,14.43,3792,0
20140905,14.316,14.733,14.24,14.619,10218,0
20140908,14.43,14.43,14.059,14.059,1264,0
20140910,14.002,14.25,14.002,14.24,1369,0
20140911,14.269,14.326,14.269,14.326,842,0
20140912,14.326,14.326,14.307,14.307,527,0
20140915,14.269,14.269,14.269,14.269,421,0
20140916,14.278,14.278,14.278,14.278,527,0
20140917,14.212,14.212,14.212,14.212,737,0
20140918,14.297,14.297,14.212,14.212,2001,0
20140923,14.212,14.259,14.193,14.259,3159,0
20140924,14.049,14.049,14.049,14.049,1475,0
20140926,14.269,14.343,14.021,14.021,6004,0
20140930,14.23,14.24,14.23,14.24,317,0
20141001,14.059,14.059,14.059,14.059,105,0
20141002,14.078,14.221,14.078,14.098,317,0
20141006,14.287,14.287,14.23,14.23,527,0
20141007,14.23,14.23,13.718,14.049,1896,0
20141008,14.049,14.049,13.794,13.794,317,0
20141009,13.765,13.765,12.483,12.882,2318,0
20141010,13.196,13.29,12.483,13.157,3266,0
20141013,12.455,12.948,12.455,12.948,632,0
20141014,12.636,12.806,12.636,12.806,211,0
20141015,12.626,13.129,12.597,13.129,421,0
20141016,12.683,12.901,12.047,12.274,1896,0
20141017,12.351,13.585,12.351,13.585,3476,0
20141020,13.775,14.126,13.775,13.878,2001,0
20141021,13.699,13.955,13.69,13.955,2107,0
20141022,13.945,13.945,13.718,13.718,211,0
20141023,13.566,13.955,13.566,13.955,1686,0
20141024,13.955,13.955,13.566,13.566,527,0
20141027,13.907,13.945,13.907,13.945,632,0
20141028,13.955,13.955,13.737,13.737,1581,0
20141030,13.765,13.765,13.765,13.765,211,0
20141031,13.765,13.821,13.765,13.821,317,0
20141103,13.632,13.632,13.481,13.481,3582,0
20141104,13.518,13.518,13.471,13.471,421,0
20141105,13.481,13.528,13.404,13.481,3371,0
20141106,13.471,13.528,13.471,13.481,1686,0
20141107,13.575,13.575,13.471,13.528,2527,0
20141110,13.528,13.528,13.394,13.394,949,0
20141111,13.528,13.955,13.528,13.86,1581,0
20141112,13.538,13.955,13.394,13.955,2844,0
20141113,13.765,14.002,13.765,13.907,1369,0
20141114,13.869,13.907,13.869,13.907,1475,0
20141117,14.145,14.705,14.145,14.696,5898,0
20141118,14.82,15.625,14.82,15.189,11272,0
20141119,15.179,15.284,15.094,15.189,6321,0
20141120,15.246,15.246,14.762,15.094,2422,0
20141121,15.189,15.189,14.772,15.17,211,0
20141124,14.856,15.132,14.856,14.904,527,0
20141125,14.904,14.904,14.904,14.904,211,0
20141127,14.913,15.654,14.913,15.568,4003,0
20141128,15.473,15.559,15.351,15.351,1581,0
20141201,15.416,15.416,15.132,15.142,1264,0
20141202,15.645,16.024,15.503,16.024,6426,0
20141203,15.949,16.081,15.682,15.986,1581,0
20141204,15.977,15.996,15.769,15.769,2001,0
20141205,15.929,15.929,15.664,15.664,737,0
20141208,15.939,15.939,15.189,15.189,3055,0
20141209,15.341,15.635,15.341,15.578,842,0
20141210,15.702,15.759,15.702,15.759,1264,0
20141211,15.919,16.517,15.759,16.517,6953,0
20141212,16.689,16.86,16.376,16.803,11166,0
20141215,16.803,16.803,16.47,16.708,2739,0
20141216,16.661,16.661,16.233,16.233,2634,0
20141217,16.651,16.651,16.613,16.613,1369,0
20141218,17.087,17.515,17.087,17.23,43399,0
20141219,17.258,17.458,17.135,17.144,5372,0
20141222,17.278,17.402,17.154,17.402,2213,0
20141223,17.458,17.458,17.154,17.24,3159,0
20141229,17.373,17.373,17.24,17.249,4003,0
20141230,17.24,17.363,17.183,17.183,5583,0
20150102,17.183,17.373,17.154,17.306,1158,0
20150105,17.278,17.278,17.183,17.183,1053,0
20150106,17.154,17.325,17.135,17.306,4635,0
20150107,17.144,17.268,17.135,17.268,3266,0
20150108,17.154,17.268,17.135,17.268,2422,0
20150109,17.164,17.23,17.135,17.135,1053,0
20150112,17.135,17.23,17.135,17.211,5372,0
20150113,17.144,17.183,17.087,17.144,5372,0
20150114,17.173,17.183,17.135,17.183,3792,0
20150115,17.183,17.192,17.144,17.192,527,0
20150116,17.201,17.449,17.201,17.201,1264,0
20150119,17.297,17.495,17.201,17.41,2213,0
20150120,17.486,17.486,17.201,17.201,211,0
20150121,17.373,17.373,17.097,17.135,4845,0
20150122,17.164,17.221,17.135,17.221,5057,0
20150123,17.192,17.192,17.154,17.154,421,0
20150126,17.135,17.373,17.135,17.135,1686,0
20150127,17.23,17.23,17.087,17.201,3476,0
20150128,17.278,17.278,17.135,17.23,3159,0
20150129,17.097,17.183,17.087,17.097,2107,0
20150130,17.097,17.402,17.04,17.24,6637,0
20150202,17.04,17.373,17.04,17.278,5477,0
20150203,17.268,17.268,17.087,17.116,5372,0
20150204,17.183,17.183,17.097,17.107,2213,0
20150205,17.201,17.201,17.116,17.116,421,0
20150206,17.173,17.183,17.087,17.087,5794,0
20150209,17.201,17.201,17.04,17.107,5583,0
20150210,17.135,17.144,17.126,17.135,1264,0
20150211,17.144,17.144,17.107,17.107,1264,0
20150212,17.116,17.116,17.116,17.116,1053,0
20150213,17.116,17.164,17.116,17.164,2107,0
20150216,17.087,17.087,17.087,17.087,105,0
20150217,17.221,17.221,17.049,17.087,6321,0
20150218,17.059,17.144,17.059,17.087,7796,0
20150219,17.069,17.069,17.069,17.069,317,0
20150220,17.069,17.069,17.002,17.002,17171,0
20150223,16.992,17.002,16.641,16.755,42346,0
20150224,17.078,17.173,17.078,17.087,6637,0
20150225,17.087,17.183,17.087,17.183,3055,0
20150226,17.221,17.42,17.221,17.42,1581,0
20150227,17.325,17.325,17.183,17.183,105,0
20150302,17.183,17.221,17.183,17.221,2527,0
20150303,17.278,17.278,17.116,17.116,1264,0
20150304,17.297,17.41,17.258,17.258,4845,0
20150305,17.268,17.373,17.258,17.373,3898,0
20150306,17.373,17.476,17.373,17.476,6321,0
20150309,17.23,17.704,17.201,17.704,2844,0
20150310,17.942,18.683,17.942,18.493,6215,0
20150311,18.882,18.882,18.417,18.511,1790,0
20150312,18.511,18.749,18.511,18.511,1790,0
20150313,18.511,18.511,17.714,18.093,6742,0
20150316,18.426,18.511,18.084,18.093,4213,0
20150317,17.895,17.895,17.8,17.8,1475,0
20150318,17.752,17.8,17.667,17.667,1158,0
20150319,17.962,17.962,17.657,17.657,317,0
20150320,17.657,17.714,17.657,17.667,949,0
20150323,17.657,17.667,17.562,17.667,949,0
20150324,17.933,17.942,17.667,17.942,20962,0
20150325,17.752,17.752,17.752,17.752,211,0
20150326,17.667,18.056,17.657,17.752,1581,0
20150327,17.667,17.752,17.667,17.752,632,0
20150330,17.676,17.676,17.676,17.676,211,0
20150401,17.676,17.704,17.676,17.704,105,0
20150402,17.942,17.942,17.714,17.714,105,0
20150407,17.895,17.895,17.714,17.762,711,0
20150408,17.848,17.848,17.848,17.848,1788,0
20150409,17.843,17.848,17.771,17.771,794,0
20150410,18.141,18.217,18.141,18.141,1106,0
20150413,18.084,18.084,18.084,18.084,642,0
20150414,18.089,18.089,18.084,18.084,211,0
20150415,18.084,18.217,18.084,18.217,136,0
20150416,18.089,18.089,17.752,18.036,3895,0
20150417,18.065,18.065,18.046,18.065,471,0
20150420,18.331,18.331,18.155,18.155,375,0
20150421,18.212,18.493,18.212,18.493,4213,0
20150422,18.511,18.872,18.341,18.544,6889,0
20150423,18.511,18.516,18.465,18.465,2446,0
20150424,18.511,18.516,18.511,18.516,1259,0
20150427,18.511,18.792,18.511,18.744,891,0
20150428,18.673,18.701,18.673,18.701,1475,0
20150429,18.692,21.35,18.692,20.51,40695,0
20150430,20.69,20.752,20.69,20.752,11182,0
20150504,20.856,20.856,20.115,20.51,3973,0
20150505,20.51,20.856,20.505,20.78,3336,0
20150506,20.78,20.78,20.609,20.609,1999,0
20150507,20.775,20.78,20.775,20.78,1583,0
20150508,20.79,20.79,20.79,20.79,614,0
20150512,20.671,20.671,20.515,20.515,2107,0
20150513,20.515,20.856,20.515,20.666,6244,0
20150515,20.856,20.856,20.666,20.666,579,0
20150518,20.666,20.79,20.666,20.79,360,0
20150519,20.7,20.7,20.7,20.7,53,0
20150520,20.661,20.666,20.661,20.666,369,0
20150521,20.666,20.856,20.666,20.837,2334,0
20150526,20.666,20.894,20.666,20.894,2580,0
20150527,20.899,20.899,20.856,20.856,1582,0
20150529,20.666,20.666,20.666,20.666,1053,0
20150601,20.643,21.165,20.643,21.165,994,0
20150602,21.236,21.255,21.028,21.028,688,0
20150603,21.165,21.165,21.042,21.047,166,0
20150605,21.165,21.169,21.165,21.169,819,0
20150608,20.889,21.165,20.885,21.09,548,0
20150609,20.842,20.842,20.837,20.837,1526,0
20150610,21.065,21.403,20.876,20.876,2745,0
20150611,20.881,20.881,20.876,20.876,157,0
20150615,20.881,20.881,20.876,20.876,168,0
20150618,21.251,21.251,20.928,21.008,568,0
20150619,20.928,21.094,20.928,21.094,1197,0
20150622,21.256,21.256,21.256,21.256,1,0
20150623,21.065,21.07,21.065,21.065,1098,0
20150624,21.065,21.065,21.065,21.065,172,0
20150625,21.156,21.256,21.156,21.256,2263,0
20150626,21.251,21.398,21.251,21.39,1594,0
20150629,21.256,21.39,21.032,21.39,1091,0
20150630,21.39,21.398,21.299,21.398,3793,0
20150701,21.727,22.398,21.679,22.202,6244,0
20150702,21.884,21.884,21.475,21.475,3769,0
20150703,21.76,21.788,21.746,21.788,128,0
20150707,21.032,21.032,21.028,21.028,211,0
20150708,21.032,21.032,21.028,21.028,109,0
20150709,21.032,21.432,20.923,21.432,2912,0
20150710,21.427,21.427,20.933,21.132,1931,0
20150714,21.584,21.584,21.537,21.537,317,0
20150715,20.933,20.933,20.933,20.933,20,0
20150717,20.933,20.938,20.933,20.938,550,0
20150720,20.933,20.933,20.923,20.923,1030,0
20150722,21.137,21.688,21.137,21.688,1048,0
20150723,21.512,21.603,21.508,21.598,1069,0
20150724,21.598,21.693,21.598,21.693,407,0
20150727,21.783,21.783,21.693,21.693,1554,0
20150728,22.003,22.003,22.003,22.003,105,0
20150729,22.078,22.078,22.078,22.078,8,0
20150730,22.073,22.078,22.073,22.078,446,0
20150731,21.731,22.078,21.731,22.078,106,0
20150803,22.336,22.341,22.331,22.331,192,0
20150804,22.336,22.341,22.336,22.341,2,0
20150805,22.326,22.341,22.326,22.331,778,0
20150811,21.408,23.709,21.408,23.016,11615,0
20150812,22.687,22.687,22.121,22.63,2259,0
20150813,22.63,22.63,22.036,22.217,3042,0
20150814,22.616,23.12,22.616,22.739,1408,0
20150817,23.101,23.106,22.73,22.73,575,0
20150818,22.649,22.649,22.644,22.644,420,0
20150819,23.058,23.058,23.044,23.044,112,0
20150821,23.063,23.201,22.783,22.873,537,0
20150824,22.778,22.778,22.112,22.63,7490,0
20150825,22.63,22.635,22.63,22.635,114,0
20150826,22.222,22.63,22.112,22.63,558,0
20150827,22.635,22.635,22.635,22.635,251,0
20150828,22.635,22.635,22.635,22.635,105,0
20150831,22.178,22.459,22.016,22.44,1899,0
20150901,22.607,22.611,22.354,22.607,1082,0
20150902,22.354,22.607,21.959,22.607,7110,0
20150903,22.307,22.602,22.064,22.502,3113,0
20150904,22.398,22.398,22.302,22.302,589,0
20150907,22.117,22.516,22.117,22.516,337,0
20150908,22.54,22.621,22.349,22.445,7895,0
20150909,22.582,22.587,22.445,22.445,1188,0
20150911,22.45,22.45,22.416,22.416,351,0
20150915,22.112,22.411,22.112,22.411,138,0
20150916,22.416,22.416,22.174,22.174,216,0
20150917,22.174,22.174,22.174,22.174,153,0
20150918,22.174,22.63,22.174,22.63,98,0
20150921,22.635,22.635,22.635,22.635,109,0
20150922,22.178,22.178,22.016,22.16,6372,0
20150923,22.112,22.349,21.879,22.349,532,0
20150924,22.349,22.349,22.349,22.349,53,0
20150925,21.874,22.349,21.874,22.349,2154,0
20150928,22.254,22.44,22.254,22.44,3002,0
20150929,22.435,22.44,22.435,22.44,192,0
20150930,22.435,22.44,21.884,21.884,623,0
20151002,22.349,22.349,22.349,22.349,736,0
20151005,22.349,22.398,21.894,21.894,499,0
20151009,21.879,21.879,21.731,21.779,2552,0
20151015,22.064,22.064,22.064,22.064,2,0
20151019,21.832,21.832,21.817,21.817,8,0
20151020,21.779,21.874,21.779,21.874,229,0
20151021,22.16,22.16,21.783,21.783,494,0
20151022,21.779,21.788,21.779,21.788,3078,0
20151023,21.788,21.788,21.788,21.788,68,0
20151026,22.16,22.16,22.16,22.16,231,0
20151027,21.832,21.832,21.832,21.832,211,0
20151029,21.832,21.832,21.832,21.832,211,0
20151102,22.131,22.202,21.731,21.731,734,0
20151103,21.869,22.292,21.869,22.292,2522,0
20151104,22.164,22.254,22.16,22.16,3942,0
20151105,22.164,22.349,22.164,22.254,311,0
20151106,22.202,22.44,22.16,22.44,2556,0
20151109,22.174,22.207,22.16,22.207,1222,0
20151110,22.16,22.207,22.16,22.16,1630,0
20151111,22.16,22.344,22.16,22.16,2056,0
20151112,22.069,22.164,22.064,22.16,1508,0
20151113,22.178,22.349,22.178,22.349,3680,0
20151116,22.44,22.44,22.44,22.44,119,0
20151117,22.135,22.44,22.135,22.292,1436,0
20151118,22.44,22.54,22.44,22.54,952,0
20151119,22.25,22.635,22.25,22.635,77,0
20151120,22.259,22.259,22.259,22.259,136,0
20151125,22.16,22.16,21.998,21.998,235,0
20151126,21.998,21.998,21.993,21.993,118,0
20151127,21.922,22.036,21.922,22.036,1262,0
20151130,22.349,22.349,22.349,22.349,53,0
20151202,21.954,21.954,21.954,21.954,337,0
20151204,22.259,23.396,22.259,22.825,12503,0
20151207,22.359,22.63,22.269,22.269,709,0
20151208,22.535,22.535,22.535,22.535,1177,0
20151209,22.121,22.73,22.121,22.73,499,0
20151214,22.212,22.445,22.212,22.445,162,0
20151215,22.207,22.635,22.207,22.635,631,0
20151218,22.207,22.212,22.207,22.212,1099,0
20151221,22.192,22.398,22.192,22.398,690,0
20151222,22.73,22.778,22.73,22.778,253,0
20151223,22.825,22.825,22.825,22.825,31,0
20151228,23.258,23.3,23.258,23.3,296,0
20151229,23.205,23.205,23.205,23.205,361,0
20151230,23.296,23.3,22.825,22.825,1011,0
20160104,22.83,23.153,22.83,23.153,668,0
20160105,23.168,23.168,23.168,23.168,46,0
20160106,23.168,23.168,23.168,23.168,90,0
20160107,22.659,22.83,22.659,22.825,1021,0
20160108,23.234,23.234,23.234,23.234,77,0
20160112,22.944,23.239,22.877,23.239,512,0
20160113,22.92,23.239,22.825,23.239,797,0
20160114,22.83,23.239,22.778,23.239,789,0
20160115,22.845,22.845,22.73,22.825,1633,0
20160118,22.82,22.825,22.82,22.825,572,0
20160119,22.825,22.83,22.639,22.825,644,0
20160120,22.83,22.83,22.825,22.825,783,0
20160121,22.825,22.825,22.825,22.825,947,0
20160122,22.825,22.825,22.825,22.825,388,0
20160126,22.825,22.825,22.825,22.825,1084,0
20160127,22.825,22.825,22.825,22.825,178,0
20160128,22.825,22.825,22.825,22.825,316,0
20160129,22.825,22.825,22.825,22.825,211,0
20160201,22.82,23.006,22.82,23.006,695,0
20160202,23.006,23.006,23.006,23.006,21,0
20160203,22.877,22.877,22.873,22.873,356,0
20160205,23.239,23.239,23.239,23.239,427,0
20160208,22.83,23.586,22.83,23.586,447,0
20160209,22.915,23.106,22.825,23.106,1388,0
20160211,22.83,22.83,22.83,22.83,167,0
20160212,22.83,22.83,22.83,22.83,296,0
20160215,22.825,23.054,22.825,23.054,489,0
20160216,23.058,23.063,23.058,23.063,330,0
20160219,22.944,23.533,22.944,23.533,651,0
20160222,23.581,23.6,23.581,23.6,472,0
20160224,23.068,23.068,23.068,23.068,211,0
20160225,23.072,23.072,23.072,23.072,364,0
20160229,23.496,23.757,23.496,23.757,1299,0
20160302,23.068,23.205,23.063,23.205,356,0
20160304,23.3,23.3,23.3,23.3,368,0
20160308,23.063,23.068,23.063,23.068,162,0
20160309,23.072,23.072,23.068,23.068,136,0
20160315,23.063,23.063,23.063,23.063,63,0
20160316,23.396,23.762,23.396,23.762,326,0
20160317,23.762,23.762,23.125,23.125,190,0
20160324,23.158,23.558,23.158,23.558,872,0
20160401,23.305,23.305,23.3,23.3,669,0
20160406,23.362,23.362,23.362,23.362,129,0
20160411,23.448,23.448,23.448,23.448,78,0
20160413,23.329,23.476,23.329,23.476,217,0
20160414,23.719,23.719,23.719,23.719,1,0
20160415,23.386,23.724,23.386,23.724,467,0
20160420,23.467,23.467,23.467,23.467,46,0
20160421,23.724,23.724,23.31,23.31,563,0
20160422,23.077,24.138,23.077,24.138,435,0
20160425,23.967,24.204,23.967,24.204,170,0
20160427,24.204,24.713,24.204,24.713,420,0
20160428,24.537,24.537,24.537,24.537,548,0
20160429,24.884,24.884,24.884,24.884,73,0
20160502,25.251,25.55,25.203,25.203,1392,0
20160503,25.203,25.203,25.203,25.203,402,0
20160505,25.431,25.431,25.431,25.431,21,0
20160506,25.008,25.531,25.008,25.531,337,0
20160509,25.536,25.55,25.536,25.55,158,0
20160511,25.207,25.678,25.207,25.678,754,0
20160512,25.588,25.588,25.583,25.583,316,0
20160513,25.583,25.583,25.536,25.536,374,0
20160517,25.678,25.678,25.678,25.678,90,0
20160518,25.911,25.911,25.911,25.911,317,0
20160519,26.206,26.206,25.959,25.964,120,0
20160520,25.964,25.964,25.964,25.964,353,0
20160523,26.406,26.629,26.406,26.629,1507,0
20160524,26.624,26.981,26.624,26.981,631,0
20160525,27.133,27.133,27.133,27.133,19,0
20160527,27.1,27.1,27.1,27.1,263,0
20160530,26.154,26.158,26.154,26.154,901,0
20160531,25.964,25.964,25.964,25.964,413,0
20160601,26.439,26.624,26.439,26.624,311,0
20160602,26.624,26.624,26.624,26.624,73,0
20160603,27.014,27.105,27.014,27.105,1078,0
20160606,27.362,27.362,27.362,27.362,736,0
20160607,28.189,28.241,27.723,28.241,976,0
20160608,28.708,28.708,27.981,27.981,1511,0
20160609,27.981,27.981,27.396,27.396,489,0
20160613,27.028,27.028,26.92,26.92,763,0
20160614,26.62,26.62,26.62,26.62,248,0
20160617,26.556,27.018,26.556,26.556,1858,0
20160621,26.63,26.63,26.63,26.63,206,0
20160622,27.48,28.118,27.465,28.118,773,0
20160623,28.492,28.492,28.492,28.492,102,0
20160624,27.755,29.16,27.755,29.16,772,0
20160627,28.001,29.229,26.63,28.836,1039,0
20160628,28.983,28.983,28.983,28.983,57,0
20160629,28.497,28.497,28.118,28.118,712,0
20160630,27.996,28.001,27.996,28.001,407,0
20160701,28.001,28.001,27.539,27.539,366,0
20160707,27.509,27.509,27.509,27.509,334,0
20160711,27.514,27.514,26.959,26.959,1072,0
20160712,27.008,27.008,27.008,27.008,1,0
20160718,27.799,28.001,27.799,28.001,1264,0
20160719,28.001,28.001,28.001,28.001,2,0
20160720,28.001,28.001,28.001,28.001,1441,0
20160721,28.064,28.566,28.064,28.566,195,0
20160722,28.114,28.787,28.114,28.787,321,0
20160726,28.737,29.661,28.737,29.661,2087,0
20160728,29.818,29.838,29.818,29.838,254,0
20160729,29.302,29.302,29.17,29.18,850,0
20160803,29.18,29.479,29.175,29.474,6418,0
20160804,29.45,29.45,29.45,29.45,337,0
20160805,29.229,29.229,29.189,29.189,173,0
20160808,29.17,29.17,29.17,29.17,8,0
20160809,28.752,29.091,28.752,29.091,142,0
20160811,28.924,28.934,28.924,28.934,102,0
20160815,28.433,28.433,28.335,28.335,122,0
20160816,27.755,28.502,27.613,27.613,651,0
20160817,28.394,28.394,28.394,28.394,407,0
20160818,28.787,29.366,28.787,29.13,782,0
20160819,29.366,29.366,29.366,29.366,16,0
20160822,28.492,28.492,28.492,28.492,224,0
20160823,29.229,29.229,29.229,29.229,28,0
20160824,29.366,29.366,29.366,29.366,119,0
20160829,30.005,30.005,29.13,29.13,392,0
20160830,29.813,29.813,29.813,29.813,88,0
20160831,30.059,30.457,30.059,30.457,814,0
20160901,30.457,30.457,30.457,30.457,1,0
20160902,30.948,30.948,30.457,30.506,1039,0
20160905,30.555,32.913,30.555,32.913,1047,0
20160906,33.011,33.011,32.225,32.225,646,0
20160907,33.001,34.397,33.001,33.994,924,0
20160908,34.603,36.843,34.603,35.006,1629,0
20160909,35.615,35.615,34.436,34.436,354,0
20160912,34.387,34.387,34.288,34.367,443,0
20160913,34.367,34.367,34.367,34.367,168,0
20160914,34.878,35.497,34.878,35.369,374,0
20160915,35.654,35.929,34.75,35.929,616,0
20160916,36.234,36.234,34.288,35.546,1013,0
20160919,36.234,36.342,36.234,36.342,931,0
20160920,36.352,36.352,36.352,36.352,390,0
20160921,35.615,36.352,35.615,36.352,899,0
20160922,36.352,36.357,36.352,36.352,642,0
20160923,35.124,35.124,34.868,35.119,254,0
20160926,35.119,35.664,34.534,34.534,205,0
20160928,34.485,35.261,34.303,34.303,1701,0
20160929,35.119,35.266,35.119,35.266,127,0
20160930,34.387,35.271,34.387,35.271,387,0
20161004,33.994,38.7,33.994,37.825,6255,0
20161005,38.1,38.705,37.339,37.432,1044,0
20161006,38.189,38.199,37.334,38.189,2277,0
20161007,38.602,40.282,38.597,40.282,5551,0
20161010,40.277,40.277,39.053,39.299,4542,0
20161011,40.272,40.272,40.085,40.085,2377,0
20161012,39.889,40.11,39.299,40.11,1493,0
20161013,39.889,39.889,39.766,39.766,340,0
20161014,39.692,39.692,39.309,39.309,231,0
20161017,39.643,39.648,39.643,39.648,236,0
20161018,39.663,39.663,39.663,39.663,13,0
20161019,39.663,40.08,39.112,39.112,915,0
20161020,39.643,39.643,39.117,39.117,204,0
20161021,39.112,39.112,39.112,39.112,159,0
20161024,39.299,39.594,39.299,39.304,580,0
20161025,40.031,40.075,40.031,40.075,971,0
20161026,39.496,39.496,39.496,39.496,5,0
20161027,39.299,39.304,39.299,39.299,175,0
20161028,40.08,40.08,39.781,39.781,159,0
20161031,40.075,40.08,40.031,40.08,1893,0
20161101,40.065,40.07,38.287,38.287,685,0
20161102,38.317,39.594,38.317,38.808,989,0
20161104,39.643,39.668,38.808,38.808,1216,0
20161107,39.618,39.618,38.808,39.186,548,0
20161108,39.397,39.397,39.103,39.289,4522,0
20161109,38.71,39.476,38.71,39.294,1283,0
20161110,39.289,39.289,38.513,38.739,567,0
20161111,38.808,38.808,38.808,38.808,102,0
20161114,38.759,39.186,38.513,39.103,1008,0
20161115,38.513,38.513,38.513,38.513,36,0
20161116,39.103,39.103,38.513,38.513,318,0
20161117,38.513,38.513,38.513,38.513,163,0
20161118,38.518,39.103,38.513,38.513,758,0
20161121,39.103,39.103,39.103,39.103,227,0
20161122,39.103,39.201,38.552,38.818,1090,0
20161123,38.818,38.818,38.818,38.818,241,0
20161124,39.201,39.201,38.818,38.818,2356,0
20161125,38.611,38.611,38.071,38.317,4348,0
20161128,38.317,38.317,37.727,37.874,2249,0
20161129,37.874,37.874,37.874,37.874,46,0
20161130,38.022,38.317,37.879,38.317,373,0
20161202,37.978,37.978,37.874,37.874,3115,0
20161205,37.58,37.58,37.58,37.58,269,0
20161207,37.919,38.43,36.352,36.843,2133,0
20161208,36.848,36.848,36.843,36.843,611,0
20161209,36.843,36.843,36.843,36.843,51,0
20161212,36.843,36.843,36.745,36.745,1017,0
20161213,36.745,37.924,36.745,37.192,79,0
20161214,36.794,37.344,36.794,36.843,869,0
20161215,36.941,37.138,36.843,36.843,300,0
20161216,36.843,36.843,36.646,36.646,657,0
20161219,36.646,36.646,36.646,36.646,222,0
20161220,36.646,36.646,36.646,36.646,70,0
20161221,36.646,36.646,36.646,36.646,1013,0
20161222,36.745,36.745,36.745,36.745,61,0
20161228,36.843,36.843,36.843,36.843,173,0
20161229,37.138,37.138,36.848,36.848,510,0
20161230,37.285,37.285,37.089,37.285,456,0
20170102,38.13,38.13,37.089,37.089,873,0
20170104,37.319,38.415,37.319,38.415,57,0
20170105,38.803,39.196,38.513,38.808,1763,0
20170106,39.191,39.191,39.191,39.191,2,0
20170109,38.808,38.808,38.71,38.808,460,0
20170110,38.808,40.282,38.808,39.545,1424,0
20170111,39.545,40.232,39.545,40.232,295,0
20170112,40.144,40.144,40.144,40.144,106,0
20170116,39.79,39.79,38.813,39.785,444,0
20170117,39.781,39.79,39.781,39.79,451,0
20170118,39.299,40.119,39.299,40.119,383,0
20170119,40.124,40.124,40.119,40.124,566,0
20170120,40.124,40.124,39.471,40.115,555,0
20170123,40.124,40.124,37.089,37.226,4591,0
20170124,37.093,37.143,37.093,37.143,560,0
20170125,37.334,37.334,37.334,37.334,7,0
20170126,37.516,37.516,37.516,37.516,295,0
20170127,38.326,38.754,38.027,38.415,524,0
20170130,38.415,38.415,37.089,37.089,4250,0
20170131,37.093,37.138,37.089,37.089,764,0
20170201,37.418,38.317,37.418,38.317,873,0
20170203,38.199,38.199,38.115,38.12,471,0
20170207,37.442,38.032,37.442,37.531,545,0
20170208,37.82,37.82,37.82,37.82,87,0
20170209,37.447,37.55,37.437,37.55,307,0
20170210,37.437,37.437,37.432,37.432,594,0
20170213,37.432,37.432,37.432,37.432,254,0
20170216,37.536,37.742,37.536,37.742,235,0
20170217,37.747,37.747,37.742,37.742,319,0
20170220,37.531,38.213,37.531,37.531,1344,0
20170221,38.307,38.307,38.307,38.307,305,0
20170223,38.199,38.199,38.199,38.199,76,0
20170224,37.644,37.644,37.531,37.536,733,0
20170227,38.194,38.194,37.536,37.536,99,0
20170302,38.631,38.759,38.631,38.759,600,0
20170303,38.326,39.103,38.326,39.103,753,0
20170306,38.528,39.918,38.523,38.818,904,0
20170307,39.545,39.658,39.299,39.589,1051,0
20170308,39.977,39.977,39.977,39.977,141,0
20170309,39.7,40.2,39.7,39.81,1279,0
20170310,40.285,40.285,39.34,39.34,83,0
20170313,39.9,39.9,39.9,39.9,13,0
20170314,39.55,39.895,39.55,39.895,650,0
20170315,39.325,39.5,39.325,39.5,53,0
20170316,39.32,39.32,39.32,39.32,50,0
20170317,39,39,38.41,38.41,300,0
20170320,38.41,38.475,38.41,38.47,387,0
20170321,39.025,39.03,39.025,39.03,521,0
20170322,38.475,38.475,38.36,38.36,691,0
