Date,Open,High,Low,Close,Volume,OpenInt
20080428,1.05,1.05,1.05,1.05,700,0
20080430,1.18,1.18,1.18,1.18,200,0
20080509,1.05,1.05,1.05,1.05,100,0
20080520,1.02,1.02,1.02,1.02,3400,0
20080521,0.93,0.93,0.93,0.93,1100,0
20080523,0.93,0.93,0.93,0.93,2000,0
20080526,1.02,1.02,1.02,1.02,500,0
20080618,1.12,1.12,1.12,1.12,700,0
20080707,1.16,1.16,1.16,1.16,600,0
20080725,1.02,1.02,1.02,1.02,300,0
20080728,1.1,1.1,1.1,1.1,100,0
20080818,1.15,1.15,1.15,1.15,100,0
20080918,1.05,1.05,1.05,1.05,1900,0
20080919,1.05,1.05,1.05,1.05,400,0
20080922,1.05,1.05,1.05,1.05,500,0
20081006,1.06,1.06,1.06,1.06,5000,0
20081013,0.99,0.99,0.99,0.99,100,0
20081015,0.98,0.98,0.98,0.98,400,0
20081023,0.9,0.9,0.9,0.9,300,0
20081024,0.85,0.85,0.85,0.85,100,0
20081027,0.68,0.68,0.68,0.68,3000,0
20081028,0.63,0.63,0.63,0.63,5300,0
20081030,0.7,0.7,0.7,0.7,100,0
20081031,0.71,0.71,0.71,0.71,1000,0
20081103,0.67,0.67,0.67,0.67,2000,0
20081104,0.67,0.67,0.67,0.67,1000,0
20081105,0.67,0.67,0.65,0.67,7000,0
20081106,0.64,0.64,0.64,0.64,2000,0
20081110,0.65,0.69,0.65,0.69,4400,0
20081113,0.71,0.71,0.7,0.7,600,0
20081114,0.65,0.65,0.65,0.65,500,0
20081120,0.65,0.65,0.65,0.65,5000,0
20081121,0.65,0.65,0.65,0.65,300,0
20081124,0.6,0.64,0.54,0.64,4600,0
20081125,0.65,0.65,0.61,0.61,7000,0
20081128,0.6,0.6,0.6,0.6,400,0
20081201,0.62,0.62,0.62,0.62,400,0
20081204,0.55,0.59,0.55,0.59,100,0
20081211,0.6,0.6,0.5,0.52,19100,0
20081212,0.5,0.51,0.48,0.51,7200,0
20081216,0.52,0.52,0.52,0.52,500,0
20081217,0.49,0.49,0.42,0.48,11300,0
20081218,0.48,0.48,0.41,0.48,8500,0
20081219,0.48,0.59,0.48,0.59,12100,0
20081222,0.59,0.78,0.59,0.69,15400,0
20081223,0.64,0.85,0.64,0.77,4600,0
20081229,0.82,0.82,0.74,0.74,8500,0
20081230,0.74,0.8,0.74,0.8,3000,0
20090106,0.85,0.85,0.77,0.77,2000,0
20090109,0.79,0.83,0.79,0.83,1600,0
20090112,0.78,0.8,0.78,0.8,2000,0
20090114,0.79,0.79,0.79,0.79,600,0
20090115,0.71,0.71,0.71,0.71,4000,0
20090120,0.69,0.7,0.65,0.7,3200,0
20090123,0.67,0.67,0.67,0.67,1000,0
20090126,0.62,0.62,0.62,0.62,2000,0
20090127,0.6,0.6,0.58,0.58,4500,0
20090128,0.6,0.64,0.6,0.64,2000,0
20090129,0.6,0.6,0.6,0.6,2000,0
20090202,0.58,0.58,0.58,0.58,800,0
20090203,0.6,0.6,0.6,0.6,100,0
20090204,0.6,0.6,0.6,0.6,100,0
20090205,0.6,0.6,0.6,0.6,100,0
20090206,0.6,0.6,0.6,0.6,1300,0
20090210,0.51,0.53,0.51,0.53,400,0
20090212,0.51,0.51,0.51,0.51,2000,0
20090213,0.55,0.55,0.5,0.5,11000,0
20090216,0.49,0.49,0.49,0.49,2000,0
20090218,0.54,0.54,0.54,0.54,200,0
20090226,0.49,0.5,0.49,0.5,300,0
20090227,0.53,0.53,0.53,0.53,900,0
20090305,0.5,0.5,0.5,0.5,2300,0
20090306,0.45,0.48,0.45,0.48,1700,0
20090310,0.42,0.42,0.4,0.4,4500,0
20090311,0.44,0.44,0.44,0.44,1400,0
20090316,0.44,0.44,0.44,0.44,1500,0
20090317,0.42,0.42,0.42,0.42,1400,0
20090323,0.42,0.42,0.4,0.4,2500,0
20090324,0.44,0.44,0.44,0.44,2000,0
20090325,0.44,0.46,0.44,0.46,2200,0
20090326,0.48,0.48,0.48,0.48,500,0
20090327,0.48,0.49,0.48,0.49,2500,0
20090401,0.49,0.49,0.49,0.49,200,0
20090402,0.5,0.5,0.5,0.5,500,0
20090403,0.51,0.51,0.51,0.51,1000,0
20090406,0.52,0.52,0.52,0.52,500,0
20090407,0.53,0.53,0.51,0.51,4000,0
20090408,0.52,0.52,0.52,0.52,1000,0
20090409,0.52,0.52,0.51,0.51,2100,0
20090414,0.54,0.54,0.54,0.54,1200,0
20090422,0.5,0.5,0.48,0.48,3000,0
20090424,0.54,0.54,0.54,0.54,2000,0
20090428,0.5,0.54,0.49,0.54,1200,0
20090429,0.54,0.65,0.54,0.6,24600,0
20090430,0.6,0.65,0.6,0.65,4100,0
20090504,0.64,0.75,0.64,0.71,9300,0
20090505,0.74,0.74,0.74,0.74,1000,0
20090514,0.72,0.72,0.72,0.72,100,0
20090515,0.72,0.74,0.72,0.74,3600,0
20090519,0.73,0.73,0.73,0.73,800,0
20090521,0.75,0.79,0.75,0.79,3800,0
20090522,0.8,0.82,0.8,0.82,4500,0
20090526,0.8,0.8,0.76,0.76,600,0
20090527,0.81,0.81,0.81,0.81,1500,0
20090528,0.76,0.76,0.75,0.75,2000,0
20090529,0.81,0.81,0.81,0.81,1500,0
20090601,0.87,0.87,0.87,0.87,2000,0
20090602,0.8,0.83,0.8,0.83,2000,0
20090604,0.78,0.82,0.77,0.82,6000,0
20090605,0.82,0.82,0.82,0.82,700,0
20090612,0.8,0.8,0.8,0.8,100,0
20090615,0.83,0.83,0.76,0.76,1500,0
20090618,0.77,0.77,0.76,0.76,6500,0
20090619,0.75,0.78,0.75,0.78,5200,0
20090624,0.72,0.72,0.72,0.72,100,0
20090626,0.72,0.72,0.72,0.72,800,0
20090629,0.71,0.71,0.71,0.71,2000,0
20090710,0.74,0.74,0.72,0.72,5000,0
20090713,0.67,0.71,0.67,0.71,5000,0
20090715,0.73,0.73,0.73,0.73,200,0
20090716,0.73,0.73,0.73,0.73,2000,0
20090717,0.73,0.73,0.73,0.73,2000,0
20090720,0.72,0.72,0.72,0.72,200,0
20090721,0.72,0.72,0.67,0.67,700,0
20090723,0.74,0.74,0.67,0.67,1100,0
20090724,0.67,0.67,0.67,0.67,100,0
20090729,0.74,0.74,0.74,0.74,200,0
20090731,0.75,0.75,0.75,0.75,3000,0
20090804,0.75,0.75,0.75,0.75,1000,0
20090811,0.74,0.82,0.74,0.82,2500,0
20090814,0.82,0.9,0.81,0.81,9400,0
20090817,0.77,0.77,0.77,0.77,1500,0
20090819,0.78,0.78,0.78,0.78,2000,0
20090824,0.77,0.77,0.68,0.68,4000,0
20090828,0.68,0.68,0.68,0.68,500,0
20090831,0.68,0.68,0.68,0.68,300,0
20090903,0.68,0.68,0.67,0.67,9800,0
20090904,0.7,0.7,0.7,0.7,1700,0
20090907,0.7,0.7,0.7,0.7,200,0
20090911,0.7,0.7,0.7,0.7,200,0
20090918,0.66,0.66,0.66,0.66,2000,0
20091012,0.7,0.7,0.7,0.7,1500,0
20091013,0.71,0.71,0.66,0.66,3400,0
20091015,0.63,0.63,0.63,0.63,1000,0
20091019,0.68,0.68,0.68,0.68,1500,0
20091020,0.7,0.72,0.7,0.72,4600,0
20091021,0.74,0.74,0.74,0.74,1900,0
20091023,0.73,0.74,0.73,0.74,10000,0
20091027,0.74,0.74,0.74,0.74,2000,0
20091028,0.72,0.72,0.72,0.72,3000,0
20091029,0.75,0.75,0.75,0.75,1000,0
20091030,0.72,0.72,0.72,0.72,100,0
20091103,0.74,0.75,0.74,0.75,7000,0
20091113,0.73,0.81,0.73,0.73,4400,0
20091116,0.73,0.73,0.73,0.73,2000,0
20091124,0.78,0.78,0.78,0.78,2500,0
20091125,0.82,0.82,0.82,0.82,300,0
20091201,0.85,0.85,0.85,0.85,500,0
20091203,0.9,0.9,0.9,0.9,500,0
20091204,0.85,0.85,0.81,0.81,2000,0
20091211,0.81,0.81,0.81,0.81,300,0
20091216,0.81,0.83,0.79,0.79,6900,0
20091222,0.78,0.78,0.78,0.78,2000,0
20091223,0.8,0.8,0.77,0.77,4200,0
20091228,0.77,0.88,0.77,0.88,6100,0
20091229,0.8,0.8,0.8,0.8,400,0
20100104,0.84,0.85,0.84,0.85,4000,0
20100105,0.87,0.89,0.87,0.89,2200,0
20100106,0.94,0.94,0.9,0.92,6500,0
20100107,0.93,0.95,0.93,0.95,2800,0
20100108,0.96,0.96,0.96,0.96,1600,0
20100111,0.98,1.07,0.98,1.07,4400,0
20100112,1.07,1.24,1.07,1.15,16900,0
20100113,1.11,1.11,1.1,1.1,2900,0
20100114,1.03,1.03,0.98,0.98,2500,0
20100115,0.96,1.02,0.96,1.02,6500,0
20100119,0.96,1,0.95,0.97,7000,0
20100122,0.95,0.95,0.95,0.95,1000,0
20100125,0.95,0.95,0.92,0.92,100,0
20100126,0.97,0.97,0.97,0.97,200,0
20100203,0.89,0.89,0.89,0.89,2000,0
20100208,0.85,0.85,0.85,0.85,500,0
20100215,0.89,0.89,0.89,0.89,200,0
20100218,0.79,0.8,0.78,0.8,9000,0
20100219,0.82,0.82,0.82,0.82,2000,0
20100226,0.82,0.82,0.82,0.82,200,0
20100303,0.77,0.77,0.77,0.77,500,0
20100312,0.83,0.83,0.83,0.83,500,0
20100315,0.84,0.91,0.84,0.91,4200,0
20100324,0.88,0.88,0.88,0.88,1000,0
20100329,0.9,0.9,0.9,0.9,1000,0
20100330,0.87,0.87,0.87,0.87,100,0
20100331,0.85,0.91,0.85,0.91,400,0
20100401,0.91,0.95,0.91,0.95,6400,0
20100406,0.99,0.99,0.99,0.99,2600,0
20100407,1.05,1.05,1.02,1.05,18500,0
20100408,1.04,1.04,1.04,1.04,3000,0
20100412,1.1,1.1,1.1,1.1,200,0
20100413,1.1,1.13,1.06,1.06,4800,0
20100415,1.12,1.21,1.06,1.06,7600,0
20100416,1.06,1.06,1,1,9400,0
20100426,1.03,1.03,1.03,1.03,600,0
20100427,1.08,1.08,1.08,1.08,1000,0
20100428,1.03,1.05,1.03,1.05,4000,0
20100429,1.09,1.19,1.09,1.19,3600,0
20100430,1.2,1.48,1.19,1.42,11400,0
20100503,1.41,1.41,1.35,1.35,19100,0
20100504,1.37,1.39,1.36,1.39,4800,0
20100505,1.3,1.3,1.3,1.3,1200,0
20100507,1.4,1.5,1.35,1.48,36000,0
20100510,1.48,1.48,1.48,1.48,1200,0
20100511,1.47,1.48,1.43,1.43,7200,0
20100512,1.45,1.45,1.35,1.4,24200,0
20100513,1.48,1.48,1.41,1.42,13100,0
20100514,1.38,1.38,1.2,1.25,13700,0
20100521,1.15,1.15,1.15,1.15,500,0
20100524,1.12,1.12,1.1,1.1,6100,0
20100603,1.09,1.09,1.09,1.09,2000,0
20100608,1.14,1.14,1.14,1.14,1000,0
20100610,1.14,1.14,1.14,1.14,2000,0
20100611,1.14,1.14,1.14,1.14,700,0
20100614,1.14,1.14,1.14,1.14,3000,0
20100616,1.2,1.2,1.2,1.2,1000,0
20100621,1.15,1.21,1.15,1.21,1100,0
20100624,1.17,1.17,1.17,1.17,2000,0
20100625,1.14,1.16,1.09,1.16,6400,0
20100701,1.15,1.15,1.15,1.15,800,0
20100702,1.15,1.19,1.15,1.19,4000,0
20100705,1.19,1.22,1.15,1.22,11500,0
20100706,1.18,1.18,1.18,1.18,2300,0
20100707,1.15,1.15,1.1,1.1,5600,0
20100708,1.17,1.17,1.17,1.17,100,0
20100709,1.15,1.15,1.15,1.15,100,0
20100712,1.15,1.15,1.11,1.15,1000,0
20100713,1.15,1.15,1.11,1.11,2500,0
20100714,1.1,1.1,1.1,1.1,1000,0
20100715,1.07,1.07,1.07,1.07,2200,0
20100720,1.07,1.07,1.05,1.05,2000,0
20100722,1.05,1.05,1.05,1.05,600,0
20100723,1.06,1.06,1.05,1.05,500,0
20100726,1.05,1.06,1.05,1.06,1200,0
20100728,1.06,1.06,1.06,1.06,2200,0
20100729,1.08,1.08,1.08,1.08,900,0
20100730,1.12,1.12,1.12,1.12,1000,0
20100803,1.13,1.13,1.06,1.06,500,0
20100806,1.12,1.12,1.12,1.12,1000,0
20100810,1.1,1.11,1.1,1.11,12000,0
20100811,1.12,1.12,1.12,1.12,2000,0
20100813,1.15,1.2,1.15,1.2,7200,0
20100816,1.12,1.12,1.12,1.12,500,0
20100826,1.15,1.15,1.15,1.15,100,0
20100827,1.17,1.19,1.15,1.19,6100,0
20100830,1.17,1.17,1.17,1.17,4000,0
20100831,1.12,1.19,1.12,1.19,500,0
20100901,1.18,1.18,1.18,1.18,100,0
20100903,1.11,1.15,1.11,1.15,300,0
20100913,1.14,1.14,1.1,1.13,6700,0
20100915,1.1,1.13,1.1,1.13,100,0
20100917,1.1,1.1,1.09,1.09,2900,0
20100920,1.12,1.12,1.12,1.12,400,0
20100922,1.1,1.2,1.07,1.2,7300,0
20100923,1.2,1.25,1.2,1.24,4300,0
20100924,1.27,1.27,1.25,1.25,4900,0
20100927,1.29,1.34,1.29,1.34,13300,0
20100928,1.28,1.34,1.27,1.34,9200,0
20100929,1.34,1.34,1.34,1.34,2000,0
20100930,1.35,1.48,1.35,1.41,14400,0
20101001,1.4,1.4,1.4,1.4,300,0
20101004,1.42,1.42,1.4,1.4,900,0
20101005,1.41,1.41,1.41,1.41,2800,0
20101006,1.41,1.41,1.41,1.41,1500,0
20101007,1.36,1.4,1.36,1.4,4100,0
20101008,1.34,1.4,1.32,1.4,5200,0
20101011,1.39,1.39,1.32,1.34,6500,0
20101013,1.32,1.34,1.32,1.34,500,0
20101014,1.34,1.34,1.34,1.34,100,0
20101018,1.28,1.28,1.28,1.28,2000,0
20101019,1.28,1.28,1.27,1.27,1000,0
20101020,1.31,1.31,1.31,1.31,300,0
20101022,1.33,1.33,1.33,1.33,1000,0
20101025,1.33,1.34,1.28,1.28,5500,0
20101026,1.26,1.32,1.26,1.32,400,0
20101027,1.32,1.32,1.32,1.32,200,0
20101028,1.26,1.34,1.26,1.34,300,0
20101104,1.28,1.31,1.28,1.31,500,0
20101108,1.27,1.33,1.26,1.3,9900,0
20101109,1.25,1.25,1.25,1.25,400,0
20101115,1.25,1.29,1.25,1.29,100,0
20101126,1.25,1.28,1.25,1.28,200,0
20101129,1.28,1.28,1.28,1.28,1500,0
20101201,1.25,1.25,1.25,1.25,300,0
20101202,1.25,1.25,1.25,1.25,100,0
20101203,1.22,1.25,1.22,1.25,2100,0
20101206,1.22,1.22,1.22,1.22,1500,0
20101208,1.2,1.2,1.2,1.2,1000,0
20101209,1.24,1.24,1.13,1.13,2100,0
20101210,1.17,1.17,1.17,1.17,1000,0
20101213,1.13,1.13,1.13,1.13,800,0
20101214,1.13,1.13,1.1,1.11,3700,0
20101215,1.15,1.15,1.13,1.13,10500,0
20101216,1.1,1.12,1.08,1.12,4500,0
20101217,1.12,1.12,1.12,1.12,2400,0
20101223,1.11,1.11,1.11,1.11,600,0
20101228,1.12,1.12,1.1,1.1,8500,0
20101229,1.09,1.1,1.09,1.1,1200,0
20101230,1.1,1.1,1.1,1.1,200,0
20110103,1.12,1.12,1.12,1.12,100,0
20110104,1.14,1.15,1.14,1.15,2500,0
20110107,1.1,1.13,1.1,1.13,3300,0
20110111,1.11,1.11,1.11,1.11,2000,0
20110113,1.1,1.1,1.1,1.1,100,0
20110117,1.1,1.1,1.09,1.09,3000,0
20110118,1.09,1.09,1.09,1.09,200,0
20110121,1.09,1.09,1.09,1.09,100,0
20110126,1.12,1.12,1.09,1.09,800,0
20110127,1.07,1.08,1,1.08,13700,0
20110208,1.05,1.05,1.02,1.02,2800,0
20110209,1.02,1.02,1.02,1.02,800,0
20110211,1.06,1.09,1.06,1.09,5600,0
20110214,1.06,1.06,1.06,1.06,2000,0
20110215,1.03,1.06,1.03,1.03,1400,0
20110216,1.03,1.05,1.03,1.05,3000,0
20110217,1.05,1.05,1.05,1.05,1000,0
20110221,1.03,1.03,1.03,1.03,4500,0
20110222,1.02,1.03,1.02,1.02,200,0
20110223,1.02,1.02,1.02,1.02,8100,0
20110225,1,1.05,1,1.05,3000,0
20110228,1,1.06,1,1.06,200,0
20110301,1,1.05,0.99,0.99,4200,0
20110302,0.94,0.97,0.94,0.97,4100,0
20110303,0.97,0.97,0.97,0.97,1000,0
20110307,0.94,0.94,0.94,0.94,100,0
20110308,1,1,0.94,0.94,1000,0
20110309,1,1,1,1,700,0
20110310,0.98,0.98,0.98,0.98,400,0
20110311,0.94,0.94,0.94,0.94,1900,0
20110317,0.88,0.88,0.88,0.88,1000,0
20110323,0.91,0.91,0.9,0.9,9000,0
20110324,0.94,0.95,0.94,0.95,3000,0
20110329,0.93,0.98,0.93,0.98,3300,0
20110330,1,1,1,1,100,0
20110331,0.98,1,0.96,1,4000,0
20110404,0.94,0.94,0.94,0.94,600,0
20110405,0.95,1,0.94,1,3900,0
20110406,0.94,0.97,0.94,0.97,1200,0
20110411,0.97,0.97,0.97,0.97,1100,0
20110412,0.97,0.98,0.91,0.94,5200,0
20110413,0.92,0.92,0.92,0.92,1800,0
20110415,0.95,0.95,0.95,0.95,400,0
20110421,0.97,0.97,0.88,0.92,11400,0
20110426,0.95,0.99,0.95,0.99,2500,0
20110504,0.93,0.93,0.93,0.93,2000,0
20110506,0.98,0.99,0.98,0.99,4300,0
20110511,0.99,0.99,0.99,0.99,100,0
20110512,0.95,0.95,0.92,0.92,1300,0
20110513,0.97,0.97,0.97,0.97,100,0
20110518,0.97,0.97,0.97,0.97,300,0
20110520,0.9,0.96,0.88,0.96,5200,0
20110524,0.88,0.88,0.88,0.88,200,0
20110525,0.93,0.93,0.87,0.87,1200,0
20110530,0.94,0.94,0.94,0.94,100,0
20110616,0.93,0.93,0.93,0.93,2000,0
20110617,0.92,0.95,0.92,0.95,2500,0
20110624,0.88,0.88,0.88,0.88,300,0
20110628,0.89,0.89,0.89,0.89,200,0
20110706,0.88,0.93,0.88,0.93,2000,0
20110712,0.92,0.92,0.92,0.92,2000,0
20110715,0.87,0.92,0.87,0.92,2600,0
20110719,0.89,0.89,0.89,0.89,100,0
20110721,0.92,0.92,0.92,0.92,3100,0
20110729,0.95,0.95,0.93,0.93,2900,0
20110812,0.7,0.7,0.7,0.7,100,0
20110817,0.77,0.77,0.7,0.72,3000,0
20110818,0.67,0.67,0.67,0.67,2000,0
20110819,0.69,0.69,0.69,0.69,200,0
20110822,0.67,0.71,0.67,0.71,4500,0
20110826,0.73,0.73,0.73,0.73,2000,0
20110830,0.75,0.75,0.75,0.75,2000,0
20110902,0.71,0.71,0.67,0.67,5000,0
20110905,0.68,0.68,0.6,0.66,13200,0
20110906,0.67,0.67,0.67,0.67,2000,0
20110907,0.62,0.62,0.62,0.62,6100,0
20110912,0.59,0.65,0.59,0.61,16100,0
20110913,0.57,0.57,0.55,0.55,2000,0
20110914,0.55,0.55,0.55,0.55,2400,0
20110916,0.57,0.57,0.57,0.57,300,0
20110921,0.59,0.59,0.59,0.59,1900,0
20110922,0.57,0.57,0.57,0.57,100,0
20110928,0.51,0.51,0.51,0.51,400,0
20111007,0.51,0.58,0.51,0.58,1800,0
20111012,0.6,0.6,0.6,0.6,200,0
20111018,0.57,0.57,0.57,0.57,2000,0
20111024,0.53,0.62,0.53,0.62,3000,0
20111025,0.64,0.64,0.64,0.64,200,0
20111027,0.68,0.68,0.68,0.68,100,0
20111107,0.6,0.6,0.6,0.6,1000,0
20111109,0.67,0.67,0.61,0.67,4100,0
20111114,0.6,0.6,0.6,0.6,1000,0
20111123,0.59,0.59,0.59,0.59,2000,0
20111208,0.58,0.65,0.58,0.65,600,0
20111209,0.59,0.59,0.55,0.58,6000,0
20111212,0.57,0.57,0.57,0.57,1000,0
20111215,0.55,0.55,0.55,0.55,800,0
20111220,0.53,0.6,0.53,0.6,300,0
20120103,0.51,0.51,0.51,0.51,1000,0
20120105,0.57,0.57,0.57,0.57,100,0
20120110,0.5,0.56,0.5,0.56,3000,0
20120117,0.57,0.57,0.57,0.57,100,0
20120119,0.57,0.58,0.57,0.58,200,0
20120131,0.58,0.65,0.58,0.65,2100,0
20120209,0.65,0.66,0.65,0.66,2200,0
20120210,0.61,0.61,0.61,0.61,200,0
20120216,0.73,0.73,0.73,0.73,2000,0
20120223,0.82,0.82,0.82,0.82,1000,0
20120224,0.8,0.82,0.77,0.77,2300,0
20120227,0.73,0.73,0.73,0.73,700,0
20120228,0.8,0.8,0.8,0.8,100,0
20120302,0.73,0.73,0.73,0.73,1700,0
20120305,0.69,0.69,0.69,0.69,2000,0
20120306,0.7,0.7,0.7,0.7,100,0
20120307,0.63,0.63,0.63,0.63,1800,0
20120308,0.63,0.63,0.63,0.63,5600,0
20120309,0.63,0.63,0.63,0.63,400,0
20120312,0.63,0.63,0.63,0.63,400,0
20120315,0.68,0.68,0.68,0.68,900,0
20120316,0.63,0.63,0.63,0.63,1000,0
20120326,0.68,0.68,0.68,0.68,300,0
20120405,0.61,0.61,0.61,0.61,800,0
20120410,0.63,0.63,0.59,0.59,1200,0
20120412,0.6,0.6,0.6,0.6,100,0
20120413,0.6,0.6,0.6,0.6,2000,0
20120419,0.57,0.57,0.57,0.57,500,0
20120427,0.55,0.6,0.55,0.6,5100,0
20120503,0.6,0.6,0.6,0.6,1600,0
20120521,0.56,0.56,0.56,0.56,100,0
20120530,0.6,0.61,0.6,0.61,3300,0
20120601,0.61,0.69,0.61,0.69,5000,0
20120605,0.65,0.65,0.61,0.65,2000,0
20120611,0.61,0.61,0.61,0.61,300,0
20120612,0.61,0.68,0.61,0.68,100,0
20120620,0.61,0.61,0.6,0.6,2300,0
20120622,0.56,0.6,0.56,0.6,1100,0
20120625,0.56,0.56,0.5,0.55,42700,0
20120626,0.57,0.65,0.5,0.55,2100,0
20120628,0.57,0.57,0.54,0.54,3500,0
20120703,0.55,0.58,0.55,0.58,10100,0
20120704,0.58,0.58,0.58,0.58,2000,0
20120705,0.6,0.65,0.6,0.65,5000,0
20120706,0.6,0.6,0.6,0.6,8700,0
20120713,0.63,0.63,0.63,0.63,100,0
20120716,0.56,0.62,0.46,0.56,11000,0
20120717,0.56,0.56,0.5,0.54,2300,0
20120726,0.54,0.57,0.54,0.57,2000,0
20120730,0.54,0.58,0.54,0.58,1300,0
20120807,0.51,0.54,0.51,0.54,2000,0
20120808,0.5,0.54,0.47,0.53,3000,0
20120810,0.48,0.52,0.48,0.52,200,0
20120816,0.51,0.51,0.45,0.51,1100,0
20120817,0.52,0.52,0.52,0.52,500,0
20120820,0.5,0.54,0.5,0.54,1000,0
20120822,0.53,0.53,0.53,0.53,2000,0
20120823,0.48,0.55,0.48,0.55,400,0
20120824,0.45,0.53,0.45,0.48,5000,0
20120828,0.5,0.54,0.45,0.54,12700,0
20120831,0.45,0.45,0.44,0.44,1700,0
20120903,0.44,0.44,0.44,0.44,2000,0
20120906,0.46,0.46,0.46,0.46,3000,0
20120910,0.41,0.41,0.41,0.41,2000,0
20120912,0.44,0.44,0.41,0.41,700,0
20120914,0.38,0.53,0.38,0.53,8400,0
20120917,0.49,0.49,0.49,0.49,700,0
20120928,0.42,0.49,0.42,0.49,200,0
20121001,0.49,0.49,0.49,0.49,2000,0
20121002,0.45,0.45,0.45,0.45,500,0
20121009,0.48,0.48,0.48,0.48,3200,0
20121010,0.45,0.48,0.45,0.48,100,0
20121011,0.48,0.48,0.48,0.48,100,0
20121015,0.47,0.47,0.47,0.47,100,0
20121016,0.48,0.48,0.48,0.48,100,0
20121018,0.48,0.5,0.48,0.5,2000,0
20121019,0.43,0.5,0.43,0.49,300,0
20121024,0.53,0.53,0.53,0.53,100,0
20121102,0.46,0.46,0.46,0.46,500,0
20121107,0.43,0.47,0.41,0.47,19800,0
20121112,0.4,0.45,0.4,0.45,3100,0
20121114,0.45,0.45,0.4,0.4,6000,0
20121115,0.45,0.45,0.4,0.4,2200,0
20121119,0.4,0.4,0.4,0.4,4000,0
20121128,0.4,0.45,0.4,0.45,2200,0
20121129,0.42,0.45,0.42,0.45,4100,0
20121130,0.46,0.46,0.46,0.46,200,0
20121204,0.45,0.46,0.45,0.46,1500,0
20121211,0.37,0.42,0.37,0.42,6100,0
20121212,0.45,0.45,0.45,0.45,1000,0
20121217,0.4,0.44,0.4,0.44,3700,0
20121218,0.44,0.44,0.44,0.44,100,0
20121221,0.42,0.44,0.42,0.44,8000,0
20121227,0.44,0.44,0.44,0.44,1900,0
20121228,0.4,0.44,0.4,0.44,2100,0
20130103,0.47,0.47,0.41,0.41,3700,0
20130104,0.44,0.49,0.44,0.45,10700,0
20130107,0.52,0.52,0.45,0.45,8300,0
20130109,0.49,0.49,0.49,0.49,100,0
20130110,0.49,0.55,0.49,0.55,10500,0
20130114,0.56,0.63,0.56,0.63,3700,0
20130115,0.6,0.6,0.6,0.6,4000,0
20130118,0.63,0.63,0.6,0.6,13700,0
20130123,0.59,0.59,0.54,0.54,2500,0
20130125,0.62,0.65,0.62,0.65,2000,0
20130128,0.65,0.65,0.65,0.65,300,0
20130130,0.6,0.66,0.6,0.66,900,0
20130201,0.58,0.58,0.58,0.58,2300,0
20130204,0.6,0.6,0.6,0.6,100,0
20130205,0.56,0.56,0.56,0.56,3000,0
20130208,0.62,0.62,0.62,0.62,100,0
20130212,0.58,0.58,0.58,0.58,300,0
20130213,0.62,0.73,0.62,0.62,7600,0
20130215,0.65,0.7,0.65,0.7,8600,0
20130218,0.65,0.65,0.65,0.65,1000,0
20130220,0.7,0.7,0.7,0.7,5000,0
20130222,0.7,0.7,0.7,0.7,700,0
20130301,0.68,0.68,0.6,0.64,2200,0
20130322,0.64,0.64,0.56,0.56,4100,0
20130325,0.53,0.53,0.41,0.5,12000,0
20130327,0.48,0.49,0.48,0.49,1500,0
20130402,0.5,0.5,0.5,0.5,1000,0
20130405,0.52,0.52,0.52,0.52,2000,0
20130408,0.46,0.46,0.46,0.46,2000,0
20130412,0.5,0.5,0.5,0.5,500,0
20130424,0.44,0.45,0.44,0.45,8000,0
20130426,0.5,0.54,0.5,0.54,2200,0
20130429,0.52,0.52,0.52,0.52,200,0
20130502,0.46,0.46,0.46,0.46,1000,0
20130508,0.5,0.5,0.5,0.5,200,0
20130510,0.44,0.49,0.44,0.49,3200,0
20130513,0.49,0.49,0.49,0.49,800,0
20130515,0.5,0.5,0.5,0.5,300,0
20130528,0.5,0.5,0.5,0.5,2000,0
20130530,0.53,0.53,0.53,0.53,8000,0
20130611,0.55,0.55,0.55,0.55,100,0
20130614,0.48,0.55,0.48,0.48,300,0
20130621,0.48,0.57,0.48,0.57,300,0
20130625,0.57,0.57,0.57,0.57,2000,0
20130626,0.54,0.54,0.54,0.54,2000,0
20130627,0.52,0.52,0.52,0.52,2000,0
20130708,0.5,0.5,0.48,0.48,3000,0
20130710,0.43,0.43,0.39,0.39,4600,0
20130711,0.41,0.45,0.41,0.41,19500,0
20130715,0.38,0.43,0.38,0.43,700,0
20130717,0.37,0.37,0.31,0.36,5100,0
20130718,0.39,0.4,0.39,0.4,2000,0
20130722,0.38,0.38,0.38,0.38,3200,0
20130723,0.38,0.38,0.38,0.38,3800,0
20130725,0.37,0.38,0.37,0.38,16000,0
20130729,0.38,0.38,0.38,0.38,2000,0
20130731,0.38,0.38,0.38,0.38,2000,0
20130802,0.35,0.35,0.35,0.35,20000,0
20130806,0.42,0.42,0.42,0.42,2000,0
20130809,0.45,0.45,0.45,0.45,4000,0
20130812,0.45,0.45,0.45,0.45,400,0
20130815,0.45,0.45,0.38,0.38,2000,0
20130822,0.37,0.37,0.37,0.37,2000,0
20130830,0.33,0.39,0.32,0.39,3300,0
20130903,0.39,0.54,0.39,0.54,9100,0
20130904,0.44,0.44,0.33,0.33,20100,0
20130905,0.33,0.38,0.33,0.38,2900,0
20130906,0.38,0.38,0.38,0.38,100,0
20130910,0.34,0.34,0.34,0.34,100,0
20130911,0.38,0.38,0.38,0.38,1500,0
20130912,0.35,0.36,0.35,0.36,2900,0
20130913,0.38,0.38,0.37,0.37,12000,0
20130918,0.4,0.4,0.4,0.4,2700,0
20130923,0.4,0.4,0.35,0.35,800,0
20130926,0.41,0.41,0.41,0.41,4000,0
20130927,0.41,0.41,0.41,0.41,200,0
20131002,0.4,0.4,0.4,0.4,400,0
20131008,0.4,0.4,0.37,0.4,2400,0
20131011,0.44,0.44,0.44,0.44,200,0
20131014,0.38,0.42,0.38,0.42,2000,0
20131015,0.37,0.41,0.37,0.41,1000,0
20131021,0.37,0.37,0.37,0.37,5900,0
20131025,0.39,0.39,0.34,0.34,4600,0
20131031,0.4,0.4,0.4,0.4,300,0
20131108,0.41,0.5,0.4,0.44,21400,0
20131111,0.41,0.41,0.4,0.4,4400,0
20131112,0.4,0.46,0.4,0.46,2500,0
20131113,0.39,0.39,0.38,0.38,17500,0
20131114,0.39,0.39,0.39,0.39,5000,0
20131115,0.43,0.43,0.43,0.43,500,0
20131118,0.43,0.46,0.41,0.41,6200,0
20131121,0.44,0.44,0.44,0.44,1700,0
20131122,0.48,0.48,0.48,0.48,100,0
20131125,0.4,0.4,0.37,0.4,5000,0
20131127,0.37,0.37,0.37,0.37,2100,0
20131128,0.4,0.4,0.4,0.4,200,0
20131129,0.37,0.37,0.37,0.37,4000,0
20131202,0.39,0.39,0.38,0.38,5400,0
20131204,0.37,0.37,0.37,0.37,5500,0
20131205,0.38,0.4,0.37,0.4,2700,0
20131206,0.4,0.4,0.4,0.4,1000,0
20131210,0.35,0.4,0.35,0.39,400,0
20131213,0.39,0.39,0.35,0.35,8600,0
20131216,0.35,0.35,0.35,0.35,1000,0
20131217,0.35,0.35,0.35,0.35,600,0
20131219,0.4,0.4,0.4,0.4,800,0
20131220,0.39,0.39,0.39,0.39,100,0
20131223,0.4,0.4,0.4,0.4,100,0
20131227,0.39,0.39,0.36,0.39,500,0
20131230,0.36,0.4,0.36,0.4,5800,0
20140102,0.4,0.4,0.39,0.39,6000,0
20140113,0.4,0.4,0.4,0.4,500,0
20140114,0.35,0.35,0.35,0.35,500,0
20140115,0.36,0.36,0.35,0.35,3700,0
20140116,0.39,0.39,0.39,0.39,1400,0
20140120,0.36,0.36,0.36,0.36,800,0
20140121,0.36,0.36,0.36,0.36,200,0
20140127,0.38,0.38,0.38,0.38,700,0
20140130,0.36,0.39,0.36,0.39,800,0
20140203,0.38,0.38,0.38,0.38,400,0
20140211,0.39,0.39,0.39,0.39,1600,0
20140213,0.34,0.34,0.34,0.34,200,0
20140214,0.34,0.34,0.34,0.34,300,0
20140218,0.39,0.39,0.39,0.39,500,0
20140219,0.39,0.39,0.34,0.34,1100,0
20140221,0.38,0.39,0.38,0.39,7300,0
20140226,0.35,0.35,0.34,0.34,1000,0
20140227,0.34,0.34,0.34,0.34,1500,0
20140228,0.38,0.38,0.38,0.38,2000,0
20140303,0.35,0.35,0.35,0.35,2500,0
20140305,0.36,0.38,0.34,0.38,5400,0
20140306,0.37,0.39,0.37,0.39,2300,0
20140307,0.34,0.34,0.34,0.34,800,0
20140311,0.34,0.38,0.34,0.34,2600,0
20140312,0.38,0.38,0.38,0.38,1000,0
20140313,0.38,0.38,0.34,0.38,6000,0
20140314,0.32,0.33,0.32,0.33,1800,0
20140317,0.38,0.38,0.38,0.38,3000,0
20140318,0.38,0.38,0.35,0.35,200,0
20140325,0.33,0.35,0.33,0.35,4000,0
20140326,0.39,0.39,0.39,0.39,400,0
20140401,0.38,0.38,0.37,0.37,1100,0
20140402,0.36,0.36,0.36,0.36,4300,0
20140403,0.38,0.38,0.38,0.38,100,0
20140408,0.34,0.38,0.34,0.38,800,0
20140410,0.37,0.37,0.34,0.35,4400,0
20140411,0.37,0.37,0.33,0.36,8400,0
20140414,0.33,0.4,0.33,0.37,18600,0
20140415,0.4,0.4,0.4,0.4,1000,0
20140417,0.4,0.41,0.39,0.39,4300,0
20140422,0.4,0.4,0.4,0.4,600,0
20140423,0.4,0.4,0.4,0.4,3000,0
20140424,0.4,0.43,0.36,0.4,16700,0
20140428,0.43,0.43,0.43,0.43,15500,0
20140430,0.4,0.4,0.4,0.4,2100,0
20140502,0.36,0.39,0.31,0.39,4700,0
20140506,0.32,0.32,0.32,0.32,6600,0
20140513,0.3,0.3,0.3,0.3,4000,0
20140514,0.32,0.37,0.32,0.37,7700,0
20140519,0.38,0.38,0.37,0.37,900,0
20140520,0.38,0.38,0.38,0.38,2700,0
20140523,0.38,0.38,0.38,0.38,2000,0
20140527,0.36,0.36,0.36,0.36,2000,0
20140528,0.38,0.38,0.38,0.38,300,0
20140530,0.38,0.38,0.38,0.38,8600,0
20140602,0.31,0.38,0.31,0.38,21700,0
20140604,0.33,0.33,0.33,0.33,3500,0
20140605,0.33,0.33,0.33,0.33,3100,0
20140606,0.37,0.37,0.37,0.37,2000,0
20140609,0.37,0.37,0.37,0.37,2500,0
20140612,0.37,0.37,0.37,0.37,100,0
20140613,0.37,0.38,0.37,0.38,300,0
20140616,0.38,0.38,0.38,0.38,3500,0
20140624,0.38,0.38,0.38,0.38,100,0
20140625,0.38,0.38,0.38,0.38,3100,0
20140630,0.33,0.33,0.32,0.32,9500,0
20140701,0.32,0.32,0.32,0.32,1000,0
20140703,0.37,0.37,0.37,0.37,1000,0
20140707,0.3,0.35,0.3,0.35,2500,0
20140709,0.35,0.35,0.35,0.35,200,0
20140711,0.35,0.35,0.35,0.35,1300,0
20140715,0.35,0.35,0.35,0.35,2300,0
20140731,0.31,0.31,0.31,0.31,400,0
20140806,0.33,0.33,0.33,0.33,400,0
20140814,0.38,0.45,0.33,0.34,39200,0
20140815,0.34,0.39,0.34,0.39,200,0
20140818,0.4,0.4,0.4,0.4,200,0
20140819,0.39,0.39,0.39,0.39,4900,0
20140820,0.39,0.39,0.34,0.37,10300,0
20140825,0.4,0.4,0.4,0.4,1000,0
20140828,0.4,0.4,0.4,0.4,400,0
20140904,0.35,0.35,0.35,0.35,5000,0
20140908,0.4,0.41,0.37,0.38,22800,0
20140909,0.39,0.44,0.39,0.44,1200,0
20140912,0.43,0.43,0.43,0.43,100,0
20140917,0.41,0.43,0.41,0.43,3900,0
20140925,0.42,0.42,0.42,0.42,2500,0
20141002,0.43,0.43,0.43,0.43,500,0
20141008,0.36,0.36,0.31,0.33,23200,0
20141009,0.34,0.35,0.34,0.34,1200,0
20141010,0.3,0.34,0.3,0.34,6000,0
20141013,0.35,0.35,0.35,0.35,6500,0
20141014,0.31,0.34,0.3,0.34,23800,0
20141021,0.32,0.32,0.32,0.32,5000,0
20141024,0.3,0.3,0.3,0.3,7000,0
20141027,0.3,0.3,0.3,0.3,1200,0
20141028,0.3,0.31,0.3,0.31,5200,0
20141107,0.31,0.31,0.28,0.31,6700,0
20141110,0.31,0.31,0.31,0.31,8000,0
20141114,0.36,0.38,0.33,0.37,27000,0
20141117,0.37,0.37,0.37,0.37,200,0
20141119,0.33,0.33,0.33,0.33,1100,0
20141201,0.4,0.4,0.4,0.4,1200,0
20141203,0.34,0.34,0.34,0.34,200,0
20141210,0.3,0.3,0.3,0.3,4000,0
20141217,0.31,0.32,0.3,0.32,200,0
20141218,0.4,0.41,0.34,0.35,17300,0
20141219,0.38,0.38,0.38,0.38,3600,0
20141222,0.38,0.38,0.37,0.37,1500,0
20141230,0.33,0.37,0.33,0.37,7500,0
20150102,0.32,0.35,0.3,0.35,10000,0
20150105,0.38,0.38,0.38,0.38,500,0
20150109,0.38,0.38,0.38,0.38,3300,0
20150112,0.37,0.37,0.33,0.33,700,0
20150113,0.32,0.37,0.29,0.37,3200,0
20150115,0.35,0.35,0.35,0.35,1900,0
20150122,0.38,0.38,0.38,0.38,900,0
20150123,0.38,0.39,0.38,0.39,3300,0
20150126,0.35,0.35,0.35,0.35,1000,0
20150130,0.36,0.36,0.36,0.36,2900,0
20150202,0.36,0.41,0.36,0.41,2500,0
20150203,0.36,0.36,0.36,0.36,2000,0
20150204,0.35,0.39,0.31,0.32,40400,0
20150205,0.33,0.35,0.33,0.35,5000,0
20150206,0.36,0.36,0.36,0.36,200,0
20150210,0.32,0.36,0.31,0.36,20000,0
20150212,0.35,0.35,0.35,0.35,2000,0
20150213,0.35,0.35,0.35,0.35,500,0
20150216,0.35,0.38,0.35,0.38,2400,0
20150217,0.35,0.42,0.35,0.42,16900,0
20150218,0.42,0.44,0.42,0.44,8000,0
20150219,0.45,0.54,0.45,0.47,23100,0
20150220,0.49,0.49,0.44,0.49,23700,0
20150223,0.53,0.66,0.53,0.62,55100,0
20150224,0.61,0.63,0.58,0.62,12400,0
20150225,0.63,0.65,0.63,0.65,3500,0
20150226,0.65,0.7,0.63,0.63,22300,0
20150227,0.66,0.66,0.63,0.65,10300,0
20150302,0.65,0.65,0.65,0.65,5100,0
20150303,0.6,0.6,0.6,0.6,1000,0
20150304,0.6,0.6,0.6,0.6,4800,0
20150305,0.61,0.65,0.6,0.6,22800,0
20150306,0.65,0.65,0.58,0.58,4100,0
20150309,0.57,0.69,0.57,0.69,2200,0
20150310,0.64,0.64,0.64,0.64,2000,0
20150311,0.61,0.61,0.56,0.56,21700,0
20150313,0.62,0.62,0.62,0.62,4600,0
20150316,0.63,0.63,0.63,0.63,500,0
20150317,0.57,0.65,0.57,0.62,54000,0
20150318,0.56,0.62,0.56,0.62,700,0
20150319,0.74,0.85,0.72,0.82,30700,0
20150320,0.82,0.82,0.78,0.78,2000,0
20150323,0.73,0.75,0.64,0.66,24300,0
20150324,0.67,0.7,0.63,0.7,14400,0
20150325,0.72,0.72,0.7,0.72,4400,0
20150326,0.74,0.74,0.74,0.74,1800,0
20150330,0.68,0.74,0.68,0.74,3800,0
20150331,0.68,0.68,0.68,0.68,1800,0
20150402,0.68,0.68,0.68,0.68,1000,0
20150407,0.68,0.75,0.674,0.72,14177,0
20150408,0.691,0.727,0.69,0.727,5747,0
20150409,0.68,0.68,0.68,0.68,3000,0
20150410,0.67,0.711,0.67,0.71,14096,0
20150413,0.71,0.785,0.71,0.785,3050,0
20150414,0.8,0.8,0.8,0.8,500,0
20150416,0.835,0.835,0.78,0.78,3851,0
20150423,0.765,0.765,0.765,0.765,300,0
20150424,0.736,0.769,0.736,0.769,268,0
20150427,0.715,0.715,0.715,0.715,100,0
20150428,0.74,0.798,0.74,0.778,740,0
20150429,0.74,0.74,0.74,0.74,7557,0
20150430,0.79,0.79,0.74,0.76,13993,0
20150504,0.728,0.76,0.72,0.72,12478,0
20150505,0.72,0.8,0.71,0.8,27955,0
20150506,0.81,0.81,0.81,0.81,2000,0
20150507,0.835,0.86,0.82,0.82,11608,0
20150508,0.85,0.945,0.85,0.94,10196,0
20150511,0.9,1.18,0.9,1.045,32931,0
20150512,1.039,1.16,1,1.05,31055,0
20150513,1.095,1.19,1.08,1.178,48358,0
20150514,1.15,1.184,1.15,1.184,3300,0
20150515,1.145,1.145,0.985,0.985,15115,0
20150518,1,1.039,0.912,1,26612,0
20150519,1.039,1.039,1.039,1.039,340,0
20150520,1.01,1.01,1.01,1.01,1000,0
20150521,1.01,1.01,1.01,1.01,221,0
20150522,1.038,1.04,1,1.04,16303,0
20150526,1.11,1.17,1.11,1.15,10410,0
20150527,1.148,1.15,1.148,1.15,5410,0
20150528,1.188,1.199,1.188,1.199,17536,0
20150529,1.2,1.2,1.177,1.2,7817,0
20150601,1.198,1.3,1.198,1.288,40724,0
20150602,1.25,1.36,1.25,1.359,12961,0
20150603,1.37,1.39,1.28,1.352,61603,0
20150604,1.3,1.4,1.3,1.399,6783,0
20150605,1.382,1.39,1.38,1.38,9820,0
20150608,1.37,1.37,1.37,1.37,1700,0
20150609,1.25,1.285,1.2,1.238,9369,0
20150610,1.24,1.29,1.24,1.289,7220,0
20150611,1.21,1.21,1.19,1.19,2500,0
20150612,1.155,1.25,1.15,1.24,7145,0
20150615,1.2,1.2,1.15,1.15,9540,0
20150617,1.24,1.24,1.24,1.24,1700,0
20150618,1.23,1.238,1.16,1.16,3300,0
20150619,1.121,1.121,1.12,1.12,3828,0
20150622,1.141,1.234,1.141,1.234,585,0
20150623,1.265,1.278,1.198,1.198,4398,0
20150625,1.24,1.24,1.24,1.24,1500,0
20150629,1.18,1.181,1.18,1.181,3950,0
20150630,1.271,1.349,1.271,1.34,4175,0
20150701,1.32,1.4,1.3,1.375,21331,0
20150702,1.28,1.28,1.28,1.28,2000,0
20150703,1.3,1.3,1.3,1.3,500,0
20150706,1.251,1.486,1.251,1.486,15355,0
20150707,1.48,1.48,1.4,1.4,5900,0
20150708,1.45,1.45,1.45,1.45,3578,0
20150709,1.45,1.48,1.412,1.48,8262,0
20150710,1.48,1.548,1.48,1.534,26100,0
20150713,1.475,1.475,1.35,1.4,10053,0
20150714,1.519,1.52,1.461,1.52,3200,0
20150715,1.45,1.45,1.41,1.45,7400,0
20150716,1.48,1.534,1.438,1.438,12702,0
20150717,1.47,1.54,1.421,1.54,5010,0
20150720,1.584,1.92,1.5,1.83,34600,0
20150721,1.88,1.88,1.7,1.85,22086,0
20150722,1.87,2.235,1.803,2.181,45963,0
20150723,2.2,2.23,1.842,2.14,50023,0
20150724,2.18,2.23,2.024,2.169,45246,0
20150727,2.19,2.19,1.95,2.09,20118,0
20150728,2.064,2.22,2.019,2.19,9066,0
20150729,2.22,2.299,2.112,2.283,23585,0
20150730,2.283,2.283,2.124,2.124,9815,0
20150731,2.1,2.1,1.83,1.949,12666,0
20150803,1.97,2.054,1.9,2.054,5524,0
20150804,1.9,1.9,1.9,1.9,3250,0
20150805,1.9,1.9,1.81,1.81,9000,0
20150806,1.81,1.81,1.6,1.698,10128,0
20150807,1.61,1.64,1.42,1.55,85929,0
20150810,1.6,1.69,1.54,1.586,30746,0
20150811,1.645,1.7,1.6,1.683,7868,0
20150812,1.53,1.578,1.5,1.503,13292,0
20150813,1.51,1.549,1.489,1.5,15460,0
20150814,1.599,1.6,1.5,1.599,10039,0
20150817,1.5,1.57,1.5,1.57,6544,0
20150818,1.51,1.51,1.499,1.51,6621,0
20150819,1.505,1.545,1.4,1.4,8445,0
20150820,1.33,1.419,1.31,1.419,5780,0
20150821,1.415,1.45,1.395,1.396,6943,0
20150824,1.368,1.368,1.25,1.27,14154,0
20150825,1.32,1.45,1.32,1.401,13139,0
20150826,1.402,1.5,1.401,1.5,4422,0
20150827,1.455,1.558,1.451,1.549,5052,0
20150828,1.59,1.59,1.589,1.589,273,0
20150831,1.58,1.58,1.5,1.5,4900,0
20150901,1.547,1.58,1.52,1.52,7830,0
20150903,1.58,1.6,1.45,1.55,11050,0
20150904,1.45,1.55,1.45,1.55,1721,0
20150908,1.489,1.55,1.489,1.55,2008,0
20150909,1.472,1.65,1.472,1.58,10699,0
20150914,1.5,1.5,1.45,1.45,1820,0
20150915,1.45,1.45,1.41,1.41,5743,0
20150922,1.429,1.43,1.393,1.393,6748,0
20150923,1.43,1.52,1.419,1.52,21084,0
20150924,1.5,1.559,1.5,1.5,7400,0
20150925,1.6,1.64,1.553,1.553,4800,0
20150928,1.521,1.54,1.521,1.54,4548,0
20150929,1.65,1.65,1.551,1.571,638,0
20150930,1.55,1.595,1.511,1.53,12888,0
20151001,1.5,1.5,1.5,1.5,9676,0
20151002,1.5,1.5,1.5,1.5,3667,0
20151005,1.5,1.5,1.5,1.5,800,0
20151007,1.5,1.5,1.5,1.5,2390,0
20151008,1.6,1.6,1.6,1.6,230,0
20151012,1.65,1.65,1.65,1.65,60,0
20151014,1.53,1.53,1.53,1.53,500,0
20151015,1.599,1.599,1.599,1.599,200,0
20151019,1.65,1.65,1.521,1.521,370,0
20151020,1.62,1.62,1.62,1.62,2359,0
20151022,1.55,1.55,1.55,1.55,712,0
20151023,1.657,1.657,1.657,1.657,500,0
20151026,1.66,1.7,1.65,1.7,12550,0
20151027,1.7,1.7,1.7,1.7,3200,0
20151028,1.7,1.75,1.67,1.67,1480,0
20151029,1.74,1.74,1.7,1.73,550,0
20151030,1.69,1.69,1.69,1.69,600,0
20151102,1.69,1.74,1.69,1.74,2930,0
20151104,1.799,1.84,1.799,1.84,6800,0
20151105,1.75,2.05,1.7,1.75,19666,0
20151106,1.93,1.98,1.8,1.9,12349,0
20151109,1.862,1.862,1.81,1.81,4000,0
20151110,1.88,1.88,1.81,1.85,4930,0
20151111,1.98,1.98,1.98,1.98,1640,0
20151112,1.86,1.92,1.74,1.835,37285,0
20151113,1.768,1.768,1.46,1.46,44545,0
20151116,1.405,1.479,1.4,1.479,9030,0
20151117,1.53,1.53,1.53,1.53,50,0
20151119,1.395,1.395,1.28,1.35,20005,0
20151120,1.35,1.35,1.35,1.35,2400,0
20151123,1.26,1.347,1.205,1.347,9420,0
20151124,1.349,1.35,1.347,1.35,5150,0
20151125,1.28,1.28,1.28,1.28,3500,0
20151127,1.259,1.259,1.21,1.24,7850,0
20151130,1.33,1.34,1.33,1.34,4000,0
20151201,1.37,1.37,1.34,1.34,3500,0
20151202,1.28,1.28,1.28,1.28,2000,0
20151203,1.24,1.42,1.24,1.4,17878,0
20151204,1.4,1.45,1.4,1.45,2211,0
20151207,1.487,1.487,1.487,1.487,1229,0
20151208,1.475,1.475,1.45,1.45,1879,0
20151209,1.475,1.475,1.475,1.475,7960,0
20151210,1.475,1.475,1.355,1.355,5034,0
20151214,1.407,1.407,1.407,1.407,300,0
20151215,1.34,1.34,1.34,1.34,2188,0
20151218,1.34,1.34,1.34,1.34,65,0
20151221,1.312,1.33,1.312,1.33,2400,0
20151222,1.311,1.311,1.311,1.311,2435,0
20151223,1.375,1.375,1.375,1.375,210,0
20151229,1.362,1.362,1.362,1.362,180,0
20151230,1.31,1.311,1.28,1.311,7360,0
20160104,1.4,1.4,1.3,1.31,8798,0
20160105,1.389,1.389,1.299,1.301,4897,0
20160107,1.299,1.299,1.28,1.28,7257,0
20160108,1.4,1.4,1.302,1.302,1927,0
20160111,1.302,1.302,1.302,1.302,1750,0
20160112,1.331,1.331,1.302,1.302,532,0
20160115,1.33,1.331,1.33,1.33,3574,0
20160118,1.304,1.304,1.304,1.304,330,0
20160120,1.304,1.304,1.304,1.304,1000,0
20160121,1.304,1.304,1.304,1.304,3712,0
20160122,1.4,1.52,1.4,1.47,13375,0
20160125,1.45,1.54,1.402,1.47,12760,0
20160126,1.59,1.59,1.58,1.58,201,0
20160129,1.57,1.57,1.57,1.57,250,0
20160201,1.565,1.57,1.5,1.5,4185,0
20160202,1.555,1.555,1.55,1.55,3000,0
20160203,1.568,1.568,1.568,1.568,250,0
20160208,1.462,1.539,1.46,1.539,5518,0
20160209,1.46,1.47,1.35,1.35,11278,0
20160211,1.389,1.389,1.389,1.389,3911,0
20160212,1.331,1.332,1.32,1.32,2184,0
20160215,1.52,1.52,1.52,1.52,100,0
20160217,1.4,1.4,1.34,1.399,1885,0
20160218,1.4,1.4,1.35,1.35,1210,0
20160219,1.32,1.37,1.32,1.37,5400,0
20160222,1.315,1.4,1.315,1.399,2166,0
20160224,1.28,1.349,1.28,1.349,1600,0
20160229,1.251,1.251,1.251,1.251,5325,0
20160301,1.251,1.251,1.251,1.251,3200,0
20160302,1.251,1.44,1.251,1.3,8993,0
20160303,1.42,1.54,1.42,1.51,4550,0
20160304,1.51,1.51,1.51,1.51,10,0
20160307,1.4,1.441,1.4,1.4,4278,0
20160310,1.445,1.445,1.445,1.445,65,0
20160311,1.448,1.448,1.448,1.448,1000,0
20160315,1.32,1.32,1.32,1.32,1600,0
20160316,1.399,1.399,1.399,1.399,1000,0
20160318,1.322,1.322,1.322,1.322,1050,0
20160322,1.38,1.38,1.38,1.38,225,0
20160329,1.308,1.308,1.308,1.308,2208,0
20160330,1.39,1.39,1.39,1.39,30,0
20160331,1.4,1.4,1.4,1.4,600,0
20160401,1.4,1.4,1.4,1.4,30,0
20160408,1.26,1.26,1.26,1.26,4684,0
20160411,1.338,1.4,1.302,1.4,4500,0
20160412,1.42,1.42,1.41,1.41,5730,0
20160413,1.485,1.485,1.485,1.485,230,0
20160414,1.497,1.51,1.489,1.51,11909,0
20160415,1.55,1.55,1.55,1.55,1090,0
20160419,1.52,1.52,1.52,1.52,100,0
20160421,1.55,1.55,1.45,1.45,3306,0
20160422,1.55,1.55,1.55,1.55,650,0
20160425,1.594,1.594,1.594,1.594,1000,0
20160427,1.46,1.46,1.46,1.46,3900,0
20160429,1.494,1.494,1.494,1.494,300,0
20160510,1.3,1.3,1.3,1.3,2467,0
20160513,1.394,1.5,1.394,1.5,15521,0
20160518,1.5,1.54,1.498,1.54,11670,0
20160519,1.499,1.51,1.491,1.51,1014,0
20160523,1.55,1.8,1.55,1.8,4250,0
20160525,1.7,1.7,1.663,1.668,4398,0
20160531,1.79,1.79,1.683,1.741,5811,0
20160601,1.66,1.66,1.51,1.629,5528,0
20160602,1.531,1.531,1.531,1.531,3130,0
20160603,1.649,1.649,1.649,1.649,2,0
20160606,1.65,1.65,1.65,1.65,48,0
20160607,1.637,1.637,1.52,1.52,2441,0
20160608,1.599,1.599,1.599,1.599,900,0
20160610,1.481,1.588,1.481,1.588,951,0
20160616,1.49,1.49,1.49,1.49,1300,0
20160617,1.49,1.49,1.49,1.49,2958,0
20160620,1.48,1.48,1.48,1.48,100,0
20160624,1.48,1.5,1.48,1.5,600,0
20160627,1.375,1.475,1.375,1.475,2250,0
20160630,1.52,1.52,1.52,1.52,100,0
20160701,1.436,1.436,1.435,1.435,1165,0
20160706,1.539,1.539,1.539,1.539,50,0
20160711,1.599,1.645,1.59,1.59,2335,0
20160712,1.65,1.65,1.65,1.65,2150,0
20160713,1.6,1.6,1.541,1.541,2116,0
20160714,1.533,1.533,1.531,1.531,3,0
20160715,1.524,1.524,1.521,1.521,1011,0
20160718,1.58,1.58,1.58,1.58,1,0
20160720,1.519,1.519,1.519,1.519,1658,0
20160722,1.6,1.6,1.6,1.6,317,0
20160725,1.55,1.55,1.55,1.55,1600,0
20160727,1.51,1.51,1.51,1.51,1000,0
20160801,1.47,1.47,1.426,1.426,4400,0
20160804,1.509,1.509,1.509,1.509,200,0
20160805,1.426,1.427,1.426,1.427,2000,0
20160808,1.426,1.426,1.426,1.426,1049,0
20160811,1.47,1.5,1.42,1.42,3138,0
20160812,1.52,1.52,1.5,1.5,4500,0
20160817,1.57,1.57,1.57,1.57,1702,0
20160822,1.485,1.485,1.485,1.485,400,0
20160823,1.469,1.469,1.469,1.469,202,0
20160826,1.452,1.452,1.412,1.44,9472,0
20160830,1.42,1.42,1.417,1.417,500,0
20160831,1.472,1.472,1.472,1.472,150,0
20160902,1.38,1.38,1.38,1.38,700,0
20160905,1.37,1.37,1.37,1.37,500,0
20160908,1.344,1.344,1.344,1.344,2750,0
20160909,1.396,1.396,1.396,1.396,93,0
20160913,1.399,1.399,1.399,1.399,71,0
20160915,1.331,1.331,1.33,1.33,2200,0
20160920,1.396,1.396,1.396,1.396,700,0
20160926,1.33,1.33,1.325,1.325,1100,0
20161004,1.33,1.33,1.33,1.33,1500,0
20161005,1.38,1.38,1.336,1.336,3000,0
20161006,1.325,1.384,1.325,1.384,6281,0
20161010,1.379,1.4,1.379,1.4,3603,0
20161011,1.341,1.341,1.34,1.34,1000,0
20161012,1.34,1.34,1.34,1.34,5,0
20161013,1.34,1.34,1.34,1.34,1804,0
20161017,1.3,1.3,1.3,1.3,500,0
20161020,1.344,1.35,1.293,1.293,9000,0
20161025,1.29,1.29,1.29,1.29,76,0
20161101,1.335,1.335,1.335,1.335,2800,0
20161103,1.261,1.35,1.261,1.35,600,0
20161104,1.289,1.289,1.289,1.289,1100,0
20161108,1.29,1.29,1.29,1.29,676,0
20161109,1.29,1.29,1.29,1.29,824,0
20161111,1.27,1.27,1.27,1.27,1528,0
20161114,1.262,1.262,1.262,1.262,1000,0
20161116,1.261,1.261,1.261,1.261,55,0
20161123,1.26,1.26,1.26,1.26,2000,0
20161124,1.211,1.211,1.211,1.211,500,0
20161212,1.325,1.325,1.325,1.325,100,0
20161215,1.25,1.25,1.25,1.25,3000,0
20161219,1.335,1.335,1.272,1.272,4000,0
20161220,1.267,1.267,1.267,1.267,995,0
20161222,1.24,1.24,1.24,1.24,1500,0
20161227,1.272,1.272,1.272,1.272,1000,0
20161229,1.286,1.286,1.286,1.286,7000,0
20161230,1.26,1.26,1.26,1.26,1498,0
20170104,1.26,1.26,1.189,1.189,8002,0
20170105,1.18,1.18,1.18,1.18,3723,0
20170106,1.264,1.264,1.22,1.22,9551,0
20170110,1.2,1.2,1.2,1.2,5759,0
20170113,1.2,1.2,1.2,1.2,500,0
20170116,1.237,1.237,1.237,1.237,277,0
20170117,1.182,1.197,1.181,1.197,4606,0
20170118,1.247,1.247,1.247,1.247,23,0
20170120,1.26,1.26,1.2,1.2,7608,0
20170124,1.2,1.2,1.2,1.2,64,0
20170126,1.181,1.181,1.181,1.181,2500,0
20170130,1.241,1.241,1.241,1.241,200,0
20170203,1.2,1.2,1.19,1.19,11700,0
20170206,1.19,1.19,1.18,1.18,2000,0
20170207,1.197,1.198,1.18,1.18,3049,0
20170208,1.18,1.18,1.18,1.18,201,0
20170209,1.131,1.18,1.131,1.18,2908,0
20170213,1.18,1.18,1.17,1.17,7871,0
20170214,1.209,1.209,1.209,1.209,400,0
20170220,1.219,1.219,1.219,1.219,100,0
20170227,1.219,1.22,1.194,1.2,36866,0
20170228,1.22,1.24,1.22,1.235,5407,0
20170302,1.338,1.338,1.338,1.338,150,0
20170303,1.241,1.241,1.211,1.211,6650,0
20170307,1.238,1.335,1.234,1.335,31131,0
20170308,1.369,1.451,1.369,1.408,11732,0
20170309,1.4,1.49,1.4,1.454,3834,0
20170310,1.447,1.447,1.447,1.447,500,0
20170316,1.495,1.495,1.495,1.495,2082,0
20170317,1.5,1.5,1.5,1.5,8000,0
20170320,1.5,1.512,1.5,1.501,7177,0
20170321,1.5,1.5,1.499,1.5,6760,0
