Date,Open,High,Low,Close,Volume,OpenInt
20090406,45,46.29,45,46.29,2253,0
20090407,46.29,46.29,45.5,45.75,3454,0
20090408,45.35,45.7,45.2,45.6,823,0
20090409,45.6,46.8,45.25,45.51,16304,0
20090414,45.51,46.9,45.51,46.9,3053,0
20090415,46.9,48.5,46.5,47.4,960,0
20090416,47.99,49,47.4,48.1,1743,0
20090417,48.4,49.74,48.4,49.2,2382,0
20090420,49.74,49.9,48.2,49,2736,0
20090421,49.7,50,49,49.4,1758,0
20090422,50,50.5,49.5,50.3,1925,0
20090423,50.05,53.5,49.8,50.3,8304,0
20090424,46.5,50.5,46.5,50.48,2462,0
20090427,50.48,51,50,51,4409,0
20090428,51,51,48.7,48.7,1311,0
20090429,49.79,49.79,48.6,48.6,701,0
20090430,49.2,49.6,48.5,49.41,988,0
20090504,49.41,49.41,45.7,48.5,6626,0
20090505,49,49.25,47.81,49.2,4041,0
20090506,49.25,49.9,48,49,2876,0
20090507,49,52.1,48.5,51,5138,0
20090508,51,51,48.9,49.9,4202,0
20090511,49.9,50,48.9,49.2,1803,0
20090512,49.2,50.2,49,50,3130,0
20090513,50,50.6,48.5,48.8,2548,0
20090514,49,49.3,48.2,49,2812,0
20090515,49,49,48,48,3049,0
20090518,48,48.5,46.6,47.9,5568,0
20090519,47.5,49,47.5,47.95,3317,0
20090520,47.95,49,47.5,49,1585,0
20090521,48.2,48.2,47.1,47.4,1115,0
20090522,47.1,48.7,47.1,48.59,3013,0
20090525,48.59,50.6,48.1,50.5,2561,0
20090526,50.6,50.7,49.9,50.3,1599,0
20090527,50.3,51.1,50,50.55,1447,0
20090528,50.55,51.48,49.4,49.4,2434,0
20090529,49.6,49.78,48.98,48.98,929,0
20090601,48.98,48.98,48,48.7,1247,0
20090602,48.7,49.58,47.89,49.58,953,0
20090603,49.58,49.8,48,49.2,3542,0
20090604,49.2,49.45,48.3,49.45,1206,0
20090605,49.45,50.31,48.5,50.31,2400,0
20090608,50.31,50.88,49.5,50.05,1778,0
20090609,50.05,50.9,49.8,50.65,1536,0
20090610,50.65,54.08,50.65,52.85,3957,0
20090611,52.85,56,52.85,56,2459,0
20090612,56,60.3,56,60.3,7076,0
20090615,60,62,58.2,59.51,6434,0
20090616,59.3,61.8,58,60.8,2797,0
20090617,60.4,61.38,59.5,60.8,4584,0
20090618,60.6,63.5,60.2,62.5,3500,0
20090619,62.5,62.5,60.5,60.9,2630,0
20090622,60.9,60.9,57.2,57.2,6110,0
20090623,57.2,58.3,56.1,56.9,2338,0
20090624,56.9,58.8,56.9,57.2,2824,0
20090625,57.2,58.1,56,57.9,4621,0
20090626,57.9,58.4,57.2,58.3,1662,0
20090629,58.99,59,58.3,58.8,1329,0
20090630,58.3,58.99,58.1,58.5,4521,0
20090701,58.5,58.7,56.4,58.35,2776,0
20090702,58.49,59.3,58.4,58.6,2169,0
20090703,58.6,59.2,57.8,58.5,5249,0
20090706,58.5,59,57,57,3729,0
20090707,58.8,58.8,56.8,57,5636,0
20090708,57,57.4,56,56.7,5065,0
20090709,56.7,56.7,53.3,55.5,4144,0
20090710,55.5,55.5,45.1,48.48,7775,0
20090713,48.5,49.9,48.05,48.5,2762,0
20090714,48,49,48,48.9,1659,0
20090715,48.9,48.95,48.1,48.7,1991,0
20090716,48.5,49.8,48.3,49.2,1308,0
20090717,49,49.89,49,49.7,1090,0
20090720,49.4,50.5,48.7,50.5,3893,0
20090721,49.5,50.6,49.4,49.4,5847,0
20090722,49.58,49.58,48,48.45,994,0
20090723,48.45,48.7,47.96,48.7,1535,0
20090724,48.29,48.5,48,48.25,1348,0
20090727,48.25,50.05,48.1,50,1797,0
20090728,50,51.1,49.7,51.05,1109,0
20090729,51.05,51.8,51,51.31,1081,0
20090730,51.7,52.7,51.7,52.7,1087,0
20090731,52.7,53.5,51,52.5,1172,0
20090803,52.5,52.8,51.3,52.2,3610,0
20090804,52.5,52.5,51.2,51.5,630,0
20090805,51.5,53,49.8,51.36,3170,0
20090806,51.36,51.36,50.35,51,1100,0
20090807,51,51,48,50.2,1080,0
20090810,51,51,49,50.05,815,0
20090811,50.5,50.5,49.35,49.8,1202,0
20090812,49,50,49,50,389,0
20090813,50,50.4,49.5,50.4,931,0
20090814,50.4,50.6,50,50.2,354,0
20090817,50.2,50.9,50.1,50.9,2438,0
20090818,50.42,50.89,50.1,50.2,659,0
20090819,50.2,50.6,50,50.1,464,0
20090820,50.1,50.4,49.05,49.8,2961,0
20090821,49.8,50.5,49.5,50.15,1635,0
20090824,50.15,50.5,50,50.3,706,0
20090825,50.05,50.9,50,50.81,638,0
20090826,50.1,51,50.1,50.8,2863,0
20090827,50.8,51.8,50.5,51.3,782,0
20090828,51.3,53,51.3,52.2,2605,0
20090831,52,52.3,51.4,51.4,1152,0
20090901,51.4,53,51.2,52.05,930,0
20090902,52.05,52.05,50.1,52,880,0
20090903,52,53,51,52,2201,0
20090904,52.25,52.25,51.05,51.05,1418,0
20090907,51.4,51.5,49.75,50.7,2625,0
20090908,50.7,50.7,50.3,50.5,710,0
20090909,50.7,50.78,50.2,50.24,705,0
20090910,50.2,50.7,49.8,50,391,0
20090911,50.2,50.2,49.8,49.8,655,0
20090914,49.8,50,48.8,49,897,0
20090915,49,49.7,48.7,49.7,395,0
20090916,49.6,51.5,49.5,51.4,2645,0
20090917,51.27,51.5,51.24,51.25,1448,0
20090918,51.25,51.3,50,50.9,661,0
20090921,51,51,50.41,50.5,902,0
20090922,50.81,51,50.1,51,642,0
20090923,49.85,51.49,49.85,51,1167,0
20090924,51.77,51.77,50.05,50.6,1317,0
20090928,50.9,50.9,50,50.6,498,0
20090929,51.35,51.35,50,50.3,585,0
20090930,51.15,51.15,50.01,50.2,285,0
20091001,51.25,51.25,50.01,50.01,490,0
20091002,49.5,50.7,49.5,50.01,440,0
20091005,51.46,51.46,50,50.2,340,0
20091006,51.46,51.46,50,50.05,42,0
20091007,50.75,50.75,50,50,279,0
20091008,50.95,50.95,50,50.05,1379,0
20091009,50.8,51.97,50,51.97,4382,0
20091012,52.74,52.74,51.32,51.35,1420,0
20091013,50.58,51.3,50.2,50.35,1165,0
20091014,50.35,51.95,50,51,3089,0
20091015,51.7,51.95,50.8,51.95,1158,0
20091016,52.2,52.2,50.9,51.4,1602,0
20091019,51.66,51.66,50.8,51.1,235,0
20091020,51.77,51.77,50.6,50.6,642,0
20091021,51.35,51.35,50.4,50.7,480,0
20091022,51.46,51.5,50.6,51.5,415,0
20091023,52.2,52.2,50.63,51,395,0
20091026,50.73,51,50.6,50.7,665,0
20091027,51.7,51.7,49,51.4,1920,0
20091028,52.17,52.17,50,50.5,1655,0
20091029,51.25,51.6,49.06,51.6,500,0
20091030,50.83,51,49.5,50,517,0
20091102,51.46,51.46,50,50.22,630,0
20091103,50.97,50.97,49.8,50,1799,0
20091104,49.25,50.25,49.25,50,408,0
20091105,51,51,49.8,50.4,146,0
20091106,50.54,51,49.7,50.2,1320,0
20091109,49.8,50.21,49.8,50.21,50,0
20091110,49.05,50.5,49.05,50.4,1380,0
20091111,51.15,51.15,50.09,50.9,430,0
20091112,50.14,51.98,50.14,51.4,1453,0
20091113,51.5,51.5,50.9,50.9,292,0
20091116,50.8,51.2,50.8,50.8,112,0
20091117,50.04,51,50.04,50.8,622,0
20091118,50.04,50.98,50,50.3,906,0
20091119,49.55,50.5,49.55,49.6,1369,0
20091120,48.86,50.55,48.86,50.55,837,0
20091123,49.79,50.9,49.79,50.6,2175,0
20091124,49.74,50.5,49.74,50.5,249,0
20091125,49.25,50.4,49.25,49.8,215,0
20091126,49.05,50.15,49.05,50.15,131,0
20091127,49.6,49.95,49.3,49.95,120,0
20091130,49.2,50.69,49.2,49.8,1130,0
20091201,48.66,50.05,48.66,50.05,41,0
20091202,49.3,52,49.3,51,1420,0
20091203,50.04,51.3,50.04,50.1,414,0
20091204,49.35,51.4,49,50.7,1360,0
20091207,50.01,50.49,49.55,49.55,170,0
20091208,49.25,50,49.25,49.79,261,0
20091209,49.25,50.5,49.25,50.2,223,0
20091210,49.45,50.1,49.45,49.8,218,0
20091211,49.05,49.8,49.05,49.5,720,0
20091214,48.76,49.8,48.76,49.42,540,0
20091215,49.3,50,49.3,49.3,1004,0
20091216,49.3,49.7,49.3,49.7,270,0
20091217,46.84,49.5,46.84,49.12,1311,0
20091218,46.66,49.3,46.66,48.85,1133,0
20091221,46.41,49,46.41,48.8,773,0
20091222,46.27,49,46.27,48.55,1567,0
20091223,46.17,48.65,46.17,48.5,735,0
20091228,51.08,51.08,47.51,48.05,735,0
20091229,45.65,49,45.65,48.75,815,0
20091230,48.75,48.75,48.1,48.6,200,0
20100104,46.17,48.45,46.17,47.2,3480,0
20100105,44.84,47.83,44.84,47.35,490,0
20100106,44.955,47.835,44.955,46.5,1273,0
20100107,44.175,46.3,44.175,45.9,2358,0
20100108,43.8,47.1,43.8,47.1,2034,0
20100111,44.75,48.2,44.75,48,3561,0
20100112,45.46,48.6,45.46,47.9,745,0
20100113,45.51,48.3,45.51,47.85,889,0
20100114,47.85,48.1,47.84,47.845,897,0
20100115,47.845,48.5,47.84,48.35,1185,0
20100118,45.93,48.74,45.93,47.89,755,0
20100119,45.95,48.5,45.95,47.8,2863,0
20100120,47.51,47.55,47.2,47.22,1427,0
20100121,47.5,47.5,46.8,46.8,641,0
20100122,47.5,48.4,46.2,48.2,4527,0
20100125,45.89,48.345,45.89,47.72,1021,0
20100126,45.9,47.7,45.9,47.7,280,0
20100127,45.13,47.5,45.13,46.35,241,0
20100128,45.13,50.15,45.13,50,1177,0
20100129,47.5,49.61,46.5,48.1,1582,0
20100201,45.7,49,45.7,47.8,1223,0
20100202,45.41,48.25,45.41,48.25,572,0
20100203,45.84,49.1,45.84,49.1,700,0
20100204,46.54,49.005,46.54,49.005,260,0
20100205,46.55,50.45,46.55,49.9,2211,0
20100208,46.65,50.4,46.65,50.4,369,0
20100209,47.03,49.94,47.03,49.1,395,0
20100210,46.65,49.3,46.65,49.3,635,0
20100211,46.6,49.74,46.6,49.15,51,0
20100212,47.25,49.48,47.25,49.48,95,0
20100215,47.01,50,47.01,49.5,660,0
20100216,47.03,49.6,47.03,49.6,45,0
20100217,47.12,49.59,47.12,49.59,1253,0
20100218,46.6,49.595,46.6,49,1773,0
20100219,46.55,49,46.55,49,3287,0
20100222,46.55,49,46.55,48.2,5638,0
20100223,46.55,48.8,46.55,48.8,857,0
20100224,46.36,48.5,46.36,48.2,1691,0
20100225,45.79,48.5,45.79,48,436,0
20100226,45.6,48.4,45.6,47.8,705,0
20100301,45.7,48.3,45.7,48.3,285,0
20100302,45.89,48.5,45.89,48.5,482,0
20100303,45.98,49.3,45.98,49.1,730,0
20100304,46.84,50,46.84,49.6,1163,0
20100305,47.12,51,47.12,51,1116,0
20100308,52.2,52.2,51.2,52,437,0
20100309,49.59,54,49.59,53.8,3208,0
20100310,51.11,56.5,51.11,55.7,2098,0
20100311,52.73,57.7,52.5,53.3,5152,0
20100312,50.64,56.8,50.64,56.11,1570,0
20100315,53.3,56.97,53.3,56.7,2546,0
20100316,53.87,56.7,53.87,56.3,1886,0
20100317,53.25,56.5,53.25,56.49,163,0
20100318,53.67,56.5,53.67,56.2,749,0
20100319,53.2,55.95,53.2,55.4,579,0
20100322,52.63,56.1,52.63,55.5,594,0
20100323,52.44,55.8,52.44,55.8,261,0
20100324,52.92,55.5,52.92,55.35,340,0
20100325,56,56.6,55.15,56.6,1827,0
20100326,53.68,56.95,53.68,56.95,1483,0
20100329,56.5,58.8,56.25,58.8,3127,0
20100330,55.86,60.3,55.86,60,6424,0
20100331,57,64.3,57,64,3666,0
20100401,60.8,67,60.8,66,3870,0
20100406,66.4,66.5,62.4,64.5,5865,0
20100407,61.28,65.8,61.28,65.8,1769,0
20100408,62.51,65.9,62.5,63.5,2216,0
20100409,62,63.74,62,63.45,335,0
20100412,62,64.79,62,64.5,3645,0
20100413,62,64.8,62,63.8,2677,0
20100414,62,65.99,62,65.1,1326,0
20100415,62,65.99,62,64.6,1627,0
20100416,62,64.8,62,64.3,1858,0
20100419,62,65.6,62,65,1275,0
20100420,62.32,65.95,62.32,65.4,1953,0
20100421,62,66.1,62,65.5,1999,0
20100422,62,65.9,62,64.9,924,0
20100423,62,65.24,62,64.98,1006,0
20100426,62,64.9,62,64.5,1718,0
20100427,62,65,62,63.5,1640,0
20100428,62,63,58.01,61.1,7673,0
20100429,56.05,60.5,56.05,59.6,827,0
20100430,57.48,61.45,57.48,60.55,990,0
20100503,57.01,61.5,57.01,60.7,1088,0
20100504,57.67,60.7,57.67,60.1,1427,0
20100505,59.4,60.1,58.61,58.7,1486,0
20100506,56.53,60,56.53,57.2,2055,0
20100507,57.2,57.7,55.05,56.1,3252,0
20100510,53.3,58.7,53.3,57.8,1303,0
20100511,54.91,60.5,54.91,60,1841,0
20100512,56.53,60.9,56.53,60.9,311,0
20100513,57.48,61,57.48,61,304,0
20100514,57.95,61,57.95,60.05,1275,0
20100517,57.66,60.2,57.66,59.3,271,0
20100518,56.53,60,56.53,59.6,265,0
20100519,59.2,59.2,58.01,59.11,806,0
20100520,59.05,60.3,59,59.79,400,0
20100521,59.05,59.05,58,58,704,0
20100524,55.58,59.1,55.58,59.1,10,0
20100525,56.06,59.11,56.06,59,202,0
20100526,56.05,60.05,56.05,60.05,1187,0
20100527,57.05,60.09,57.05,60,390,0
20100528,57.09,60.1,57.09,59.5,240,0
20100531,59.4,61.5,59.3,61.35,950,0
20100601,58.43,61.98,58.43,61.35,400,0
20100602,58.23,61.35,58.23,59.5,1515,0
20100604,56.24,59.5,56.24,58.7,265,0
20100607,56.53,59.5,56.53,59.5,61,0
20100608,56.53,59.5,56.53,59.35,201,0
20100609,56.38,58.56,56.38,58.2,712,0
20100610,55.58,58,55.58,57.7,703,0
20100611,54.82,58,54.82,58,500,0
20100614,55.1,63.5,55.1,62,2736,0
20100615,58.9,62.8,58.9,62.8,250,0
20100616,58.24,63,58.24,61.5,1342,0
20100617,59.28,63.4,59.28,63.1,514,0
20100618,59.85,62.6,59.85,62.5,331,0
20100621,59.38,63.2,59.38,62,1564,0
20100622,58.9,61.8,58.9,61.8,111,0
20100623,58.71,62,58.71,61.41,288,0
20100624,58.34,61.9,58.34,61.9,398,0
20100625,58.81,62,58.81,61.5,315,0
20100628,58.9,61.8,58.9,61,2927,0
20100629,57.95,60,57.95,59.8,656,0
20100630,56.62,59.5,56.62,58,1333,0
20100701,55.1,59.01,55.1,59,2957,0
20100702,55.58,59.8,55.58,59.8,1420,0
20100705,56.34,62.98,56.34,62,950,0
20100706,58.71,62,58.71,61.9,877,0
20100707,58.81,61.6,58.81,61.6,993,0
20100708,58.33,60.9,58.33,60,230,0
20100709,57,60.8,57,60.8,740,0
20100712,57.76,61.6,57.76,60.3,708,0
20100713,57.29,60.9,57.29,60.22,666,0
20100714,60,60.49,59,59.1,1569,0
20100715,60,60,58.3,58.3,100,0
20100716,60,60,58.3,59,1490,0
20100719,60,60,58.5,58.55,76,0
20100720,60,60,58.5,59,2046,0
20100721,60,60,58.9,59.6,89,0
20100722,60,60,58.7,59.3,876,0
20100723,60,60,58.7,59.6,800,0
20100726,60,60,59.15,59.95,164,0
20100727,56.95,60,56.95,60,3715,0
20100728,57,60.3,57,59.5,4245,0
20100729,56.99,60,56.99,59.5,789,0
20100730,56.53,60,56.53,60,1760,0
20100802,56.24,60.1,56.24,59.32,1733,0
20100803,56.35,62.55,56.35,60.5,2235,0
20100804,57.48,61,57.48,60.9,618,0
20100805,57.19,60.2,57.19,59.9,588,0
20100806,56.99,60,56.99,59.91,550,0
20100809,56.81,60,56.81,60,158,0
20100810,56.24,59.99,56.24,59.99,600,0
20100811,56.99,60,56.99,59.3,1716,0
20100812,56.24,60,56.24,59,193,0
20100813,56.05,59.5,56.05,59.5,200,0
20100816,56.53,60,56.53,59.4,475,0
20100817,56.43,59.29,56.43,59.2,1214,0
20100818,56.24,59.6,56.24,59.6,555,0
20100819,55.86,59.39,55.86,59.39,95,0
20100823,55.96,59.8,55.96,58,2512,0
20100824,55.1,58.85,55.1,57.15,1463,0
20100825,54.29,56.45,54.29,56,709,0
20100826,53.2,58.41,53.2,58.41,1623,0
20100827,55.48,58.5,55.48,58.3,733,0
20100830,61.22,61.22,57.5,57.6,284,0
20100831,55.6,57.8,54.5,56.75,1133,0
20100901,53.91,59.5,53.91,57.11,2000,0
20100902,54.91,61.5,54.91,60.8,2760,0
20100903,57.76,62,57.76,61.2,656,0
20100906,58.14,61.5,58.14,60.5,629,0
20100907,58.41,60.5,58,59.2,1036,0
20100908,56.24,60,56.24,59.1,1539,0
20100909,56.05,59.5,56.05,57.99,966,0
20100910,55.09,58,55.09,57,755,0
20100913,54.15,57.5,54.15,57.4,180,0
20100914,56,57.85,56,57.85,290,0
20100915,54.96,57.99,54.96,56.8,1127,0
20100916,53.96,57.39,53.96,57.39,650,0
20100917,54.52,57.6,54.52,57.5,350,0
20100920,54.72,58,54.72,58,748,0
20100921,55.1,58,55.1,58,479,0
20100922,55.1,57.7,55.1,57.7,100,0
20100923,54.82,58,54.82,57.8,242,0
20100924,54.63,58.5,54.63,58.5,337,0
20100927,54.72,58.6,54.72,57.7,1330,0
20100928,54.1,58,54.1,57.7,183,0
20100929,54.86,57.9,54.86,57.5,203,0
20100930,54.1,58.01,54.1,58.01,1745,0
20101001,54.82,58,54.82,57.2,769,0
20101004,54.34,57.7,54.34,57.5,114,0
20101005,54.34,58,54.34,57.5,405,0
20101006,54.34,58,54.34,57.8,718,0
20101007,54.91,57.49,54.91,56.1,2756,0
20101008,53.3,56.55,53.3,56.55,439,0
20101011,55,56.1,55,56.1,255,0
20101012,55,55.9,55,55.45,320,0
20101013,55,55.89,55,55.55,1093,0
20101014,55.5,57.6,55.2,55.2,2389,0
20101015,55.2,57,55.2,56.3,2433,0
20101018,55.2,57.6,55.2,57.2,2257,0
20101019,55.2,59.3,55.2,58.95,2053,0
20101020,55.99,61.2,55.99,60.4,3571,0
20101021,57.47,61.6,57.47,61.49,1232,0
20101022,58.41,62.2,58.41,62.08,3054,0
20101025,58.97,61.6,58.97,60.95,2620,0
20101026,60,61,60,60.3,1454,0
20101027,57.28,61.08,57.28,61.08,367,0
20101028,58.02,61,58.02,60.85,714,0
20101029,57.75,60.85,57.75,60.5,557,0
20101101,57.88,60.45,57.88,59.9,430,0
20101102,57.88,60.4,57.88,59.9,193,0
20101103,57.88,60.3,57.88,60.3,260,0
20101104,57.88,60,57.88,59.2,2382,0
20101105,57.88,59.3,57.88,59.16,563,0
20101108,57.88,59.8,57.88,59.51,310,0
20101109,57.88,60,57.88,59.8,820,0
20101110,57.88,60,57.88,59,664,0
20101111,57.88,60,57.88,59.5,1440,0
20101112,57.88,60.95,57.88,60.9,2571,0
20101115,60.99,61.4,59.2,61.12,1882,0
20101116,58.05,61.48,58.05,61.1,1568,0
20101117,58.04,60.6,58.04,60.1,576,0
20101118,57.88,60.99,57.88,60.01,608,0
20101119,57.88,61.1,57.88,60.6,2352,0
20101122,60.9,60.9,57.88,60.8,520,0
20101123,57.88,61,57.88,59.5,1465,0
20101124,57.88,59.9,57.88,59.4,430,0
20101125,56.14,59.1,56.14,58.4,4574,0
20101126,56.5,59.1,56.5,58.09,628,0
20101129,56.5,59.1,56.5,58.45,515,0
20101130,56.5,59.15,56.5,57.7,564,0
20101201,56.5,59.14,56.5,58.5,1925,0
20101202,56.5,59.45,56.5,59.45,691,0
20101203,56.5,59.8,56.5,59.8,1955,0
20101206,56.8,60,56.8,59.5,2210,0
20101207,58.5,59.8,58.5,59.7,469,0
20101208,58.7,59.81,58.7,59.1,337,0
20101209,58.7,59.8,58.69,59.5,892,0
20101210,58.7,59,58.6,58.6,666,0
20101213,57.5,60.5,57.5,60.4,1734,0
20101214,57.5,61.95,57.5,61.95,2677,0
20101215,58.84,61.8,58.84,61.8,1448,0
20101216,58.42,62.1,58.42,61.3,907,0
20101217,58.23,61.95,58.23,61.3,1162,0
20101220,58.83,66,57.5,64,9126,0
20101221,61.17,64.6,61.17,64.3,2930,0
20101222,61.08,64.5,61.08,64.5,2401,0
20101223,67.74,67.74,64.19,64.2,2061,0
20101227,61.09,65.5,61.09,64.5,758,0
20101228,61.55,65.25,61.55,64.3,1371,0
20101229,61.08,64.9,61.08,64,719,0
20101230,61.65,65.49,61.65,64,1245,0
20110103,60.79,64.8,60.79,64.8,1271,0
20110104,61.55,64.86,61.55,64.5,2265,0
20110105,61.27,64.5,61.27,64.5,719,0
20110106,61.27,64.98,61.27,64,1115,0
20110107,60.7,64.45,60.7,64.4,1016,0
20110110,60.46,65.9,60.46,65.9,1161,0
20110111,62.6,66.5,62.6,65.7,2228,0
20110112,62.41,66.29,62.41,65.5,1251,0
20110113,61.74,65.8,61.74,65.4,943,0
20110114,62.12,66.15,62.12,66.15,777,0
20110117,62.83,66.3,62.83,65,3023,0
20110118,62.1,65.4,62.1,65.02,4288,0
20110119,62.1,65.4,62.1,65.01,1463,0
20110120,62.1,65.7,62.1,64.5,1480,0
20110121,62.41,65,62.41,64.83,1095,0
20110124,62.1,65,62.1,64,640,0
20110125,62.1,64,62.1,63.3,1267,0
20110126,62.1,64.01,62.1,63.9,691,0
20110127,65,65.1,63.3,65.1,811,0
20110128,65,65.3,64,64.5,1304,0
20110131,65,65.1,63.6,64.9,1020,0
20110201,61.65,65.5,61.65,65.5,859,0
20110202,62.22,65.99,62.22,65.99,2594,0
20110203,62.68,65.4,62.68,64.79,1112,0
20110204,61.74,65.95,61.74,65.65,2479,0
20110207,62.36,66,62.36,65.85,1575,0
20110208,62.55,66.25,62.55,65.93,500,0
20110209,62.62,66.39,62.62,66,1326,0
20110210,66,66.9,65.8,66.09,1927,0
20110211,66,67.5,66,67.5,1328,0
20110214,66,67.85,66,67.7,891,0
20110215,66,68.81,66,68.3,1544,0
20110216,66,70.05,66,70.05,578,0
20110217,66.54,71.6,66.3,69.7,1179,0
20110218,66.5,73.5,66.5,73.5,3062,0
20110221,69.82,74.7,69.82,72.8,1982,0
20110222,68.88,73.5,68.88,70.51,1897,0
20110223,66.97,71.55,66.97,70.5,1340,0
20110224,66.97,70,66.97,68.19,1467,0
20110225,65.54,69.9,65.54,69.7,1434,0
20110228,66.21,70.55,66.21,70.55,775,0
20110301,67.01,71.55,67.01,70.3,1088,0
20110302,66.78,70.21,66.78,70.19,288,0
20110303,66.67,72.7,66.67,72.38,1204,0
20110304,68.75,73.5,68.75,73,1090,0
20110307,69.34,72.01,69.34,70.4,996,0
20110308,66.87,70.95,66.87,70.5,210,0
20110309,66.97,70.95,66.97,69,580,0
20110310,65.54,69.45,65.54,69.1,405,0
20110311,65.97,69.35,65.97,67.9,1170,0
20110314,64.5,67.95,64.5,67.85,3743,0
20110315,64.45,65.51,63.2,65,5937,0
20110316,61.74,67.32,61.74,66.49,2623,0
20110317,63.07,66.5,63.07,66.49,1049,0
20110318,62.6,67.89,62.6,67,966,0
20110321,63.64,68,63.64,67.9,1319,0
20110322,64.5,68,64.5,68,350,0
20110323,64.49,68.5,64.49,68.5,753,0
20110324,65.07,70,65.07,69.39,1460,0
20110325,65.53,70.3,65.53,69.8,369,0
20110328,66.3,70,66.3,69.95,1169,0
20110329,66.44,71.5,66.44,70.8,672,0
20110330,67.25,70.41,67.25,70.4,90,0
20110331,66.87,70.01,66.87,70,143,0
20110401,66.49,71.8,66.49,71.1,305,0
20110404,67.46,71.99,67.46,70.5,1411,0
20110405,66.97,71.47,66.97,70.75,1045,0
20110406,67.2,72,67.2,72,604,0
20110407,68.39,71.85,68.39,71,497,0
20110408,67.92,71.9,67.92,71.6,757,0
20110411,68.01,71.8,68.01,69.95,605,0
20110412,66.44,70.95,66.44,69.15,342,0
20110413,65.68,69.89,65.68,69.89,73,0
20110414,65.53,69,65.53,69,642,0
20110415,65.54,70.2,65.54,69.2,770,0
20110418,65.73,70.1,65.73,69.9,214,0
20110419,66.4,72,66.4,71.1,2252,0
20110420,67.54,74.5,67.54,73.21,2801,0
20110421,69.78,79.2,69.78,78.5,4782,0
20110426,73.66,79.5,73.66,79,2965,0
20110427,75.04,79,75.04,77.55,2283,0
20110428,73.66,78.5,73.66,77.55,773,0
20110429,73.66,78,73.66,77.5,685,0
20110502,73.62,78.45,73.62,77.51,940,0
20110503,73.62,78.5,73.62,78.49,752,0
20110504,74.56,79.6,74.56,79.49,2997,0
20110505,75.51,79.9,75.51,79.5,4472,0
20110506,75.52,83.5,75.52,79.98,1143,0
20110509,75.97,79.98,75.97,77.6,3009,0
20110510,75.52,79,75.52,78.8,1840,0
20110511,75.52,79.4,75.52,78,2853,0
20110512,75.52,78.5,75.52,78.5,824,0
20110513,75.52,78.5,75.52,78.2,1190,0
20110516,75.52,80,75.52,79.1,3053,0
20110517,75.52,79.9,75.52,79.9,1666,0
20110518,75.52,82.96,75.52,79.3,3137,0
20110519,75.52,80.4,75.52,80.4,3131,0
20110520,76.37,81,76.37,80.4,2610,0
20110523,76.94,81.5,76.94,79.5,4296,0
20110524,75.99,82,75.99,81.9,4179,0
20110525,77.61,85.5,77.61,84,5631,0
20110526,79.7,89.5,79.7,85.7,7452,0
20110527,81.41,87.14,81.41,86.4,2298,0
20110530,82.07,88,82.07,87.2,2842,0
20110531,82.83,88,82.83,87.8,645,0
20110601,87,90,86.49,87.5,1778,0
20110602,86.49,87.2,86.3,86.49,76,0
20110603,86.55,87.3,86.4,86.52,646,0
20110606,87.5,87.5,86.49,87,1941,0
20110607,86.2,88,86.19,88,2082,0
20110608,87.39,87.45,81.86,82,6834,0
20110609,81.89,82.79,81,82.17,3106,0
20110610,81.79,82.24,80.98,82.24,1747,0
20110613,82.03,82.5,82.01,82.49,923,0
20110614,82.45,85.52,82.45,85.52,1744,0
20110615,84.05,86.54,83.95,85.61,1024,0
20110616,85.6,85.8,84.5,84.52,2489,0
20110617,84.5,85.5,84,84,1002,0
20110620,83.85,85.5,83,85.3,1302,0
20110621,84.93,87.2,84.93,86.98,2248,0
20110622,86.5,87.89,86.02,87.89,4167,0
20110623,87.1,87.75,87,87.32,957,0
20110624,86.3,88.8,86.3,87.52,2695,0
20110627,88.65,88.65,86.8,87,1798,0
20110628,86.8,88.3,86.8,86.8,1265,0
20110629,86.01,87.5,86,86,4018,0
20110630,86.99,88.6,85.8,86,2103,0
20110701,88.61,89.49,88,88.6,1733,0
20110704,88.75,89.49,87.4,87.8,3581,0
20110705,88.5,88.98,86.75,88.5,2773,0
20110706,86.98,87.2,85.45,87,1888,0
20110707,85.55,87,85.5,85.55,1292,0
20110708,82.5,86,82,82.5,3195,0
20110711,84.5,84.52,77,82.1,5990,0
20110712,80.02,81.52,77.99,81,3327,0
20110713,82.44,83.5,81,82,865,0
20110714,83,84.78,83,84,1318,0
20110715,84,86,83,84,1457,0
20110718,84.5,84.52,83,83,1179,0
20110719,80.5,83.5,80,80,1758,0
20110720,82,83.2,82,82,826,0
20110721,81.6,82.5,81.6,82,645,0
20110722,82,82.6,76.06,81.8,8402,0
20110725,81.01,82,78.28,81.01,1451,0
20110726,80.01,80.2,77.05,80,2381,0
20110727,78.5,79.45,78,78.5,717,0
20110728,76.05,78.01,76.05,77.5,921,0
20110729,77.5,78.99,77,77.5,4988,0
20110801,80.5,82,78.5,79,1850,0
20110802,80.75,80.75,77.8,80.75,492,0
20110803,75,78.5,70,75,11283,0
20110804,72.5,75,71,72.5,2633,0
20110805,65.5,73.5,60,70.99,10069,0
20110808,67.1,67.1,62.5,63.25,4823,0
20110809,63.21,77.76,63,76.99,5928,0
20110810,73.5,77,70,70,1798,0
20110811,71,73.99,64,71,2293,0
20110812,72,73.99,67.99,67.99,1467,0
20110815,71.15,74,71,71,720,0
20110816,73.5,73.5,70.2,71,1358,0
20110817,70.2,71,69,70.2,1182,0
20110818,68,70.5,67.5,67.99,756,0
20110819,67.5,71.48,64.05,64.5,704,0
20110822,65,69.99,63.4,65,2317,0
20110823,69.75,72.99,69.75,70,1852,0
20110824,69,72,69,69,36,0
20110825,71.98,71.99,68.01,68.01,120,0
20110826,71.99,71.99,68,71.99,185,0
20110829,71.1,72.6,71.1,72.01,647,0
20110830,72.99,73.2,71,73,1211,0
20110831,74,75,72.6,74.99,1871,0
20110901,74,74.99,74,74.99,440,0
20110902,74.2,74.99,74,74.3,363,0
20110905,74,74.89,70.11,72.01,2441,0
20110906,71.9,73,71.9,72.15,1362,0
20110907,72.7,74.51,71.9,74.49,1161,0
20110908,74.49,74.49,73.51,74.01,626,0
20110909,74.49,74.51,70,71,4512,0
20110912,71,71.5,69.1,69.9,1564,0
20110913,73,73,70,70.3,1409,0
20110914,72,72,70,70,500,0
20110915,71.1,74,71.1,73.1,1302,0
20110916,73.5,74.89,72.3,72.3,1153,0
20110919,72,74,72,73,570,0
20110920,73,74.05,72.2,74.05,438,0
20110921,73,74.01,71.25,72.8,633,0
20110922,70.1,71.9,70.1,70.3,626,0
20110923,69.6,71.42,67.2,69,2085,0
20110926,70.5,70.51,68.52,70,659,0
20110927,71,71.98,69.5,71,1464,0
20110928,70,70.51,69,69.3,750,0
20110929,69.55,69.55,68.2,68.95,476,0
20110930,68.05,69.64,61,65,5200,0
20111003,64,64.9,64,64.5,250,0
20111004,63.98,64.99,63,64.99,1209,0
20111005,64.98,65.5,62.9,64,1735,0
20111006,64,65.5,64,65.5,1049,0
20111007,64.48,65.49,64.48,65,1707,0
20111010,64.99,67.5,64.48,65.01,2463,0
20111011,68.49,68.5,65,67,1040,0
20111012,66.5,68.48,66.5,68.48,939,0
20111013,67.12,68.5,67.12,68,911,0
20111014,68.5,71,67.75,70.98,1170,0
20111017,70.5,72,70.5,71.99,675,0
20111018,71.02,72.01,68.6,68.6,910,0
20111019,68,70,68,68,254,0
20111020,68.35,69,68,68.35,300,0
20111021,67,69.95,66.15,69,380,0
20111024,66.5,69.5,66.5,67.51,300,0
20111025,67.5,70.5,67.5,70,1518,0
20111026,70,70.51,69.05,70.5,996,0
20111027,68.6,72.1,68.6,72,1341,0
20111028,71.5,75,71.5,74.5,939,0
20111031,74,75.08,72,74.4,614,0
20111101,72.4,72.79,72,72.4,121,0
20111102,72.4,72.4,69.5,71.5,167,0
20111103,70,72,69.5,71.29,422,0
20111104,75,75,72,74.01,576,0
20111107,73,73.29,73,73,503,0
20111108,72.8,74,71.3,73.25,546,0
20111109,72,74,72,72.05,173,0
20111110,71.8,73,71.8,72.3,241,0
20111111,70.2,72.3,70.2,71,146,0
20111114,70.5,71.5,69,71,1192,0
20111115,70,71.5,70,71.5,207,0
20111116,70.5,72.3,70.5,72.3,300,0
20111117,71,72.91,71,72.3,651,0
20111118,72.5,72.5,71,71.9,273,0
20111121,71.9,72.89,71.5,71.5,952,0
20111122,71,72.88,68,71,5311,0
20111123,70,70.98,68.02,69.9,272,0
20111124,68.2,70.45,68.2,70,453,0
20111125,70,71,69.9,71,357,0
20111128,70,71,70,70.21,265,0
20111129,70.2,70.99,70.2,70.2,51,0
20111130,70.2,71.5,70,71.5,414,0
20111201,70.5,72.5,70,70.58,962,0
20111202,71,71,69.5,70.5,624,0
20111205,70.999,70.999,69.5,70.47,371,0
20111206,70.45,71,70,71,795,0
20111207,71.01,72.899,71.01,71.03,107,0
20111208,71.01,72.899,71.01,72,212,0
20111209,71.5,72.9,71.5,71.8,826,0
20111212,71.2,72.1,71.2,71.39,453,0
20111213,71.4,72.2,71.2,71.3,559,0
20111214,72.3,72.3,67,69,1076,0
20111215,69,69.02,67.5,68,650,0
20111216,67.5,69.6,67.5,69.6,364,0
20111220,69,69.88,69,69.88,219,0
20111221,69,70.499,69,70.1,288,0
20111222,69.5,70.28,69.5,69.98,186,0
20111223,69,70,69,70,344,0
20111227,69,70.49,69,70.49,273,0
20111228,70,70.02,70,70,144,0
20111229,69.5,70.49,69.5,70.49,213,0
20111230,69.5,70,66,66,2619,0
20120102,68.5,70.75,66.9,70.75,961,0
20120103,69,72,68.5,70.95,973,0
20120104,70.5,71.93,70.5,71.7,521,0
20120105,71.9,72.38,70.5,71,834,0
20120106,70.5,71.1,70.5,71.1,297,0
20120109,72.98,74.78,70.5,74.78,2306,0
20120110,74.499,76,70.56,74,2219,0
20120111,73.7,74.93,72.49,74.93,686,0
20120112,74,75.5,73.5,74.999,995,0
20120113,75,75,74.5,75,247,0
20120116,74.7,75.55,74.5,75.3,316,0
20120117,74.55,76,74.55,75.99,714,0
20120118,75.9,78.3,75.9,78.3,1848,0
20120119,79.1,81.5,77,79.85,3506,0
20120120,80,81.75,77.819,81.5,2572,0
20120123,79,84.369,78.941,80.001,2974,0
20120124,79.51,81.769,79.51,80.376,1467,0
20120125,80.226,80.23,79.02,79.02,968,0
20120126,79.2,81,78.6,80.463,1227,0
20120127,81.66,81.68,78.78,81.21,1503,0
20120130,80.45,81.95,80.45,81.949,921,0
20120131,80.65,82,80.65,81.8,705,0
20120201,81.24,84,81.24,81.998,1887,0
20120202,82.99,84,81.95,83.908,1820,0
20120203,82.72,83.999,82.61,83.62,933,0
20120206,83,84.399,82.8,82.8,812,0
20120207,82.8,82.9,79.95,82,2443,0
20120208,80.24,83.77,80.24,83.59,865,0
20120209,84,84,82,83.85,1395,0
20120210,81.9,84,81.9,83.945,852,0
20120213,83.5,84.249,80.36,82.7,1004,0
20120214,81.39,82.784,74,78.71,8843,0
20120215,79.21,80.6,78.01,80.392,1948,0
20120216,80,81.363,80,81.149,310,0
20120217,80.1,81.368,80.1,81.368,643,0
20120220,81.14,82.5,80.782,81.88,1345,0
20120221,83.83,83.83,80.15,80.152,663,0
20120222,80.2,81.115,80.151,81.115,624,0
20120223,80.346,81.448,80.21,81.448,1939,0
20120224,80.25,82.29,80.1,80.93,1482,0
20120227,80.9,82.063,80.9,82,866,0
20120228,82.5,83.839,82,83.5,1681,0
20120229,83.07,83.84,83.001,83.14,2783,0
20120301,83,83.067,83,83,498,0
20120302,84.15,84.15,83,83.15,254,0
20120305,83,83.78,83,83.5,1481,0
20120306,82.93,83.5,81.262,81.747,1707,0
20120307,83.27,83.27,81.21,82.673,1310,0
20120308,82.47,84.999,82.46,84.999,2169,0
20120309,83.48,85.5,83.48,83.5,601,0
20120312,84.499,84.499,82.5,82.653,1028,0
20120313,82.8,84,82.8,82.816,112,0
20120314,83.2,84.587,82.8,83.166,1129,0
20120315,83.24,85.48,83.23,85.48,2025,0
20120316,84.75,85.799,84.649,85.1,1092,0
20120319,84.9,86,84.9,85,1913,0
20120320,84.9,85.799,84.9,85,407,0
20120321,84.9,85.8,84.88,85.5,1566,0
20120322,84.9,89.5,84.9,88.299,4146,0
20120323,88.85,89.5,87,89.5,2496,0
20120326,90,91.806,88,90.51,2963,0
20120327,90.001,90.7,89.7,90,1078,0
20120328,89.894,90.5,88.934,89.68,1870,0
20120329,89.16,90.37,89.07,89.59,2555,0
20120330,89.9,90.3,85.501,88.199,2291,0
20120402,87.3,88.24,86.075,88.12,1293,0
20120403,88,88.9,86.51,87,576,0
20120404,86.5,88,86.5,87.87,865,0
20120405,87.613,89,86.58,88.45,2398,0
20120410,87.98,89,87.2,88.003,1466,0
20120411,86.7,89.14,86.52,87.041,1324,0
20120412,87.108,89.993,87.02,89.993,1825,0
20120413,89.96,90.522,89.5,90.11,2515,0
20120416,90.9,91,89.561,90.98,1573,0
20120417,90.98,90.999,88,90,1612,0
20120418,91.299,91.5,89.31,91.366,2058,0
20120419,90.52,91.499,89.5,90.932,700,0
20120420,90.5,91.5,90.01,91.3,1839,0
20120423,89.61,91.5,88,90.153,1797,0
20120424,90.1,91.889,89.601,90.885,2237,0
20120425,90.684,90.684,88.97,90.5,641,0
20120426,91.58,91.889,90,90.98,376,0
20120427,91.4,93.999,89.613,91,1015,0
20120430,89.293,92.276,89.293,91.4,745,0
20120502,91.5,91.88,89.5,90.172,1601,0
20120503,90.071,91.53,88.011,90,2016,0
20120504,88.01,90.602,88.01,90,322,0
20120507,89.6,90.999,88.501,90.98,1630,0
20120508,90,91.23,88.55,88.98,1894,0
20120509,88.01,88.55,88.01,88.501,441,0
20120510,88.99,91.307,88.5,90.2,1833,0
20120511,89.23,90.5,89,90,298,0
20120514,90,91,89.01,90.7,626,0
20120515,89.6,90.25,88.62,88.62,690,0
20120516,88.7,90.39,88.7,88.82,935,0
20120517,88.79,89.6,88.79,89.58,152,0
20120518,88.95,90,88.501,88.55,1038,0
20120521,88.52,89.899,88.5,89.5,1546,0
20120522,89,89.6,88.55,89.6,766,0
20120523,88.501,90.199,88.23,88.23,675,0
20120524,88.57,90.19,88.5,88.5,2367,0
20120525,88.5,90.2,88.5,90.2,388,0
20120528,90.49,90.49,88.53,90,260,0
20120529,88.53,93.25,88.525,90.5,2839,0
20120530,90.5,94.5,89,89.8,3625,0
20120531,89.5,90.999,88.501,88.501,2893,0
20120601,88.51,90.8,88.51,88.6,1968,0
20120604,89.73,89.739,88.502,88.51,1542,0
20120605,88.2,88.53,85.2,86.2,6024,0
20120606,86.5,87.12,86,86.5,2468,0
20120607,87,88.989,86.5,87.75,7442,0
20120608,86.75,89,86.75,88.6,1948,0
20120611,88.95,90,88.25,89.01,3337,0
20120612,89,89.5,88.5,88.53,1454,0
20120613,88.5,89.38,88.001,89.3,2729,0
20120614,88.01,89.39,88,89.295,1369,0
20120615,88.25,89.599,88.25,88.65,1354,0
20120618,89.2,90.23,89.2,89.5,5547,0
20120619,89.2,91.399,89.2,89.5,3463,0
20120620,90,90.78,89.7,90.5,1579,0
20120621,90.4,90.799,90,90.41,1490,0
20120622,90.6,90.619,90.001,90.58,1656,0
20120625,90,91.349,89.501,90.599,2008,0
20120626,90.5,90.55,90,90.53,1533,0
20120627,91.349,91.35,90.02,91.35,2054,0
20120628,91.399,91.5,90,91.499,1220,0
20120629,91.601,91.99,90,91.43,2200,0
20120702,91.43,94.499,90.1,93.02,8122,0
20120703,92.78,93.1,92.001,92.998,4104,0
20120704,92.998,95,91.5,94.499,7565,0
20120705,86,89,85.27,87.98,7361,0
20120706,89.7,89.989,87.1,88.2,3236,0
20120709,89.99,89.99,87.1,88.45,1657,0
20120710,88.98,90.7,88.001,90,4248,0
20120711,88.02,90.299,88,89.2,834,0
20120712,89,90.294,89,90.2,900,0
20120713,90.2,91,88.12,90.899,1038,0
20120716,89,89.999,88.011,89.999,668,0
20120717,89.44,89.9,88.002,89.3,883,0
20120718,91,91,88.5,88.6,513,0
20120719,88.55,89.799,88.49,88.52,1215,0
20120720,88.52,89.78,88.5,89.47,663,0
20120723,89.749,89.78,88.1,88.12,2104,0
20120724,88.12,89,87.95,88.1,636,0
20120725,88,89.449,87.85,88.021,367,0
20120726,89,89,87,87.349,2710,0
20120727,88.999,89.35,87.1,88.101,752,0
20120730,88,89.449,87.001,88,3213,0
20120731,88,88.5,87,88.2,987,0
20120801,87.05,89.48,86.9,87.5,960,0
20120802,87,89.65,86.9,88.5,828,0
20120803,89.499,89.499,86.9,88.5,1224,0
20120806,88.12,89,86.9,88.4,499,0
20120807,87.05,87.51,86.011,87,3167,0
20120808,86.011,87.5,86.01,86.52,719,0
20120809,86.6,87.999,86.5,87.001,961,0
20120810,87,87.5,86.35,87.45,975,0
20120813,86.501,87.999,86,87.999,199,0
20120814,86.502,88.88,86.5,87.5,643,0
20120815,87.84,88,85.49,88,460,0
20120816,86.97,88.5,86.65,87.201,819,0
20120817,87.98,89.5,86.97,88.25,3336,0
20120820,87.301,87.98,86.55,87.98,946,0
20120821,87.34,87.998,86.55,87.998,176,0
20120822,86.97,88,86.97,87.899,871,0
20120823,87.34,87.899,86.55,87.301,603,0
20120824,87.3,87.34,87.17,87.34,100,0
20120827,87.32,88,87,87.899,914,0
20120828,87.3,89.45,86.87,89.45,868,0
20120829,89.499,89.499,87.311,88.8,432,0
20120830,87.9,88.4,87.26,87.26,527,0
20120831,87.5,88.5,87.26,87.42,1657,0
20120903,87.6,88,85.01,85.01,1211,0
20120904,85.01,87,82,82.03,2890,0
20120905,83,86,83,85.5,1095,0
20120906,84.99,85.5,84.22,84.4,212,0
20120907,84.3,86.1,84,84.999,1094,0
20120910,84.999,84.999,84.001,84.6,1060,0
20120911,84.501,84.999,84.5,84.999,439,0
20120912,84.7,85.2,84.5,84.501,2170,0
20120913,85,86.9,84.5,86.3,805,0
20120914,84.5,87.999,84.5,87.999,2471,0
20120917,86.99,88.5,85.501,87.48,2439,0
20120918,87,87.65,85.5,87.65,1032,0
20120919,87.48,88.15,86,88.15,2162,0
20120920,87.12,88.989,87,88.989,1136,0
20120921,88,89.81,86.5,89.7,2019,0
20120924,89.7,89.9,88.5,89.05,1934,0
20120925,89.2,90.15,87.56,89,5746,0
20120926,88.5,89.999,86.68,89.989,463,0
20120927,88.05,88.94,86.48,88.8,218,0
20120928,86.48,89,86.48,88.5,1033,0
20121001,87.47,89.999,87.47,89.999,1942,0
20121002,89.9,90.15,87.51,89.999,836,0
20121003,88.001,89.999,86.97,89.901,733,0
20121004,90.01,90.01,88.85,89.9,2352,0
20121005,89.5,89.999,88.301,88.301,992,0
20121008,89.5,89.999,88,88.97,2498,0
20121009,88,89.75,86.97,89.5,471,0
20121010,89.4,89.999,88.46,89.399,677,0
20121011,89.4,90.299,88.36,90.299,4181,0
20121012,88.31,90.2,87.28,90,1003,0
20121015,89,90,88.15,89.302,992,0
20121016,88.302,90.5,88.302,90.5,579,0
20121017,88.511,90.6,88.511,90.3,366,0
20121018,90.01,91.498,88.85,89.9,1164,0
20121019,89.001,90.48,88.85,89.101,144,0
20121022,89.1,91.198,88.95,90.1,730,0
20121023,88.95,91.196,88.95,90.2,303,0
20121024,90,90,88.95,90,325,0
20121025,90.899,90.9,88.95,90.88,425,0
20121026,90,91,88.95,90.8,402,0
20121029,89.1,90.7,88.95,90.699,116,0
20121030,89.1,90.8,88.95,89.7,355,0
20121031,90.15,90.71,88.95,90.71,294,0
20121101,90.37,90.699,90.2,90.37,655,0
20121102,90.3,90.4,89.65,89.65,703,0
20121105,89.98,90.65,89.65,90,1735,0
20121106,89.9,89.999,89.65,89.999,200,0
20121107,89.6,90,89.6,89.999,1150,0
20121108,90,90.699,89.6,89.8,1212,0
20121109,89.751,89.999,88,88,769,0
20121112,88.7,90.5,88.5,89,498,0
20121113,87.611,89.6,87.611,88.51,627,0
20121114,87.55,89,87.55,88.999,357,0
20121115,88.5,89.3,87.85,88.5,881,0
20121116,89,89,87.5,87.52,1382,0
20121119,87.35,88.6,87.35,88.6,178,0
20121120,87.52,88.98,87.35,88.02,347,0
20121121,88,90,87.35,89,851,0
20121122,89.5,90.25,87.35,90,448,0
20121123,88.85,89.95,88.85,88.85,144,0
20121126,88.85,90.699,88.85,89.8,1066,0
20121127,89.8,90.99,88.85,90.9,2556,0
20121128,90,91,89.35,89.9,538,0
20121129,88.85,90.5,88.85,90.5,235,0
20121130,90.68,90.68,88.85,90.5,893,0
20121203,90.2,90.7,89.01,90.68,1441,0
20121204,90,90.699,89.6,90.68,134,0
20121205,88.6,90.699,88.6,90.6,1425,0
20121206,90.68,90.68,90,90.49,429,0
20121207,90.02,90.85,90,90.85,1550,0
20121210,90.699,90.91,90.001,90.001,2498,0
20121211,90.85,90.85,89.3,89.8,2372,0
20121212,89.5,90.85,89.5,90.85,1135,0
20121213,90,90.9,89.5,89.7,1600,0
20121214,89.7,90.51,88.85,90,1264,0
20121217,90,91.15,89.05,90.9,2297,0
20121218,90.35,91.36,90.35,91.24,2232,0
20121219,91.35,91.599,90.5,91.5,3087,0
20121220,91.599,91.899,90.4,91.75,4040,0
20121221,91.7,91.8,89.95,91.8,1116,0
20121227,91.58,91.799,90.18,91.799,2087,0
20121228,91.78,91.999,91.36,91.5,1421,0
20130102,91.85,97,91.001,94,1424,0
20130103,91.85,94,91.501,94,1896,0
20130104,94.499,94.499,92.85,93.9,2173,0
20130107,94,94.65,93,94.48,1472,0
20130108,93.35,95.5,93.35,95.48,2027,0
20130109,95.2,104.949,94.9,99.8,4193,0
20130110,99,106.999,98.58,102,4254,0
20130111,101.501,105,101.35,103.499,2646,0
20130114,101.72,106.989,101.72,106.68,3700,0
20130115,106.68,106.68,104,104.8,1130,0
20130116,104.02,105.944,103.06,103.79,1241,0
20130117,102.6,105.88,102.45,105.88,1304,0
20130118,103.25,105.797,103.25,105.15,1627,0
20130121,105.798,106.19,102.6,103.98,1762,0
20130122,102.6,104,100,102.1,2226,0
20130123,101.1,105.7,99.85,103.85,1647,0
20130124,105,107.74,103.35,106.3,2284,0
20130125,106.48,108.4,105.85,108.23,2275,0
20130128,108.24,110,106,108.099,985,0
20130129,105.95,108.248,105.95,106.01,1686,0
20130130,105.99,107.5,103,105.1,3175,0
20130131,102.73,105.1,102.5,103.8,3718,0
20130201,102.35,106.5,102.35,106.5,682,0
20130204,108,108.35,104.001,106,1894,0
20130205,105,107.5,104.001,107.099,895,0
20130206,104.602,107.1,104.602,106.8,790,0
20130207,105,107.1,105,107,746,0
20130208,105,107.999,105,107.98,1212,0
20130211,106.35,109.5,106.35,108,1211,0
20130212,107,108.46,106.85,108.001,1067,0
20130213,108,109.999,106.1,109,4236,0
20130214,108,110.01,106.501,109.99,1067,0
20130215,109.99,110.4,107.02,110,862,0
20130218,108.85,110.499,108.501,109.9,870,0
20130219,108.35,110.5,108.35,110.299,1138,0
20130220,111.25,111.999,110,111.999,1645,0
20130221,111,112,109.011,112,3767,0
20130222,111.02,115.22,109.763,111.32,1020,0
20130225,114,119.499,111.1,115.97,3439,0
20130226,117,117.95,111.553,115.95,1570,0
20130227,113.202,117.949,113.19,117.05,1050,0
20130228,115,118,115,118,1636,0
20130301,116.35,119.51,116.35,118.8,931,0
20130304,115,119.499,115,117.52,1135,0
20130305,115,119.7,115,119.499,1637,0
20130306,117.23,119.999,117.23,119.5,1035,0
20130307,119.97,124.999,117.85,123.75,4554,0
20130308,120.09,124.997,110.5,114.01,7188,0
20130311,115,121.5,114.5,120.7,5057,0
20130312,116.33,120.979,116.33,117.4,981,0
20130313,120.48,120.999,115.97,119.501,880,0
20130314,119.35,120.937,116.6,119.9,1762,0
20130315,118.315,120.847,117.85,120,1053,0
20130318,120.969,121.8,117.59,120.869,2360,0
20130319,120.25,121.15,117.622,119,1706,0
20130320,119.81,120.997,117.47,120.24,718,0
20130321,117.55,121.4,117.55,120.001,2972,0
20130322,119.45,123.99,119.45,122.5,1667,0
20130325,124,125,119.75,124.95,2864,0
20130326,122,127.5,122,127.5,3068,0
20130327,128.25,131.8,128.1,130.94,4831,0
20130328,131.2,136,129.85,133.81,2927,0
20130402,136.5,144,134.1,142.85,5285,0
20130403,142.85,143.99,139.001,141.1,4681,0
20130404,140.999,143,138.35,141,1704,0
20130405,142.5,142.5,130,141,7469,0
20130408,136.2,141.999,135.6,139.45,3394,0
20130409,137.9,141.497,135.46,137.3,2116,0
20130410,139.9,139.99,134.85,139.99,1877,0
20130411,139.8,142.51,139.8,142,2893,0
20130412,141.35,142,140.35,141.49,1590,0
20130415,140.5,140.95,135,139.08,2637,0
20130416,138.45,141.337,135.9,137.9,1684,0
20130417,140.8,140.8,136.35,137.06,1495,0
20130418,137,137,128,132.5,6019,0
20130419,130.1,135.5,128.1,135.3,1367,0
20130422,132.85,139.95,132.85,139,1982,0
20130423,137.9,140,132,138,3131,0
20130424,136.72,139.96,135.35,139.96,583,0
20130425,137.85,140.05,136.1,137.7,706,0
20130426,136.8,138.8,136.35,137,643,0
20130429,136.93,139.2,135.2,135.5,2121,0
20130430,138.4,139.05,135.25,137.89,1065,0
20130502,137.75,137.95,135.35,137,994,0
20130503,137.85,141.5,135,138.35,2737,0
20130506,140.25,140.25,137.25,138.749,1485,0
20130507,136.5,140.49,136.5,139,1490,0
20130508,139.8,141.4,137.85,140,1276,0
20130509,139.75,141.4,139.75,141.4,747,0
20130510,141.4,142,139.75,140.52,3585,0
20130513,139.85,141.84,139.02,141.84,2132,0
20130514,140.5,141.84,139.35,140.31,1019,0
20130515,141.95,143.45,139.85,143.44,2862,0
20130516,143.4,143.998,141.05,141.82,1401,0
20130517,140.59,143.95,140,143.5,1407,0
20130520,144,145,142,144.8,1032,0
20130521,144.95,149,142.07,148.3,4212,0
20130522,146,153.45,146,152.98,5593,0
20130523,152.85,154.99,147.1,152.1,4505,0
20130524,153.95,161.8,152.45,157.9,4741,0
20130527,159.85,174.9,159.85,168,9696,0
20130528,169.45,170.999,160.05,165.1,5282,0
20130529,163,168,161.09,162.5,5718,0
20130530,160.501,161,147,153,7811,0
20130531,154,162,151.85,155.35,6392,0
20130603,163,163,154.5,158.5,3534,0
20130604,154.35,158,152,154,1937,0
20130605,152.501,155.15,151.25,151.75,2751,0
20130606,153,153.35,137.15,143.1,9440,0
20130607,141,150.97,141,150.97,3089,0
20130610,150,154.7,147.85,154.59,5841,0
20130611,153.1,155,150.1,153,4121,0
20130612,151.5,154.95,151.5,154.9,2439,0
20130613,152.35,156,151.5,155.849,4250,0
20130614,155.849,155.849,152.35,155.3,1338,0
20130617,154.999,154.999,153.25,154,1202,0
20130618,154,155.2,153.85,154.5,1906,0
20130619,155,155.5,153.4,155.05,4329,0
20130620,153.55,156.55,153,153.801,2022,0
20130621,154,156,153.5,153.5,1554,0
20130624,154.95,155,147,148,3793,0
20130625,147.15,152.999,146.95,152.95,2353,0
20130626,150.85,153.5,150.85,153,2421,0
20130627,152.95,154,150.35,153.499,1360,0
20130628,153.76,157.1,152.82,156.79,1678,0
20130701,156.65,161,155.2,159.5,2585,0
20130702,159.5,163.2,156.85,163.2,2108,0
20130703,162.1,163.99,152.7,156.5,3147,0
20130704,142.35,155.979,142.35,150.15,5332,0
20130705,153.5,153.5,140,144.1,3394,0
20130708,142.25,146,131.35,134.95,11610,0
20130709,134,135.75,121.5,123,14549,0
20130710,121,128.7,121,127.88,8970,0
20130711,128.5,132.999,125.85,132.999,9303,0
20130712,131.999,132,129,129.86,4853,0
20130715,130.45,134,128.55,134,4870,0
20130716,132.5,139.399,131.85,138.5,2889,0
20130717,135.5,139.5,132.55,135.99,1152,0
20130718,134.6,137.49,133.36,134.85,1107,0
20130719,137.49,137.49,134.35,134.5,595,0
20130722,136,142.5,135.15,142.5,6624,0
20130723,143,150,139.85,148.5,4334,0
20130724,148.9,150,145.5,146,2125,0
20130725,146.28,148.11,145.85,147,2272,0
20130726,148,148.11,145.85,148,1647,0
20130729,148.1,150,146.7,148.29,2396,0
20130730,149,152,147.85,152,1911,0
20130731,151.999,154.2,149.59,153.05,2282,0
20130801,154.55,155.5,150,151.95,4591,0
20130802,153.9,155,150.85,152.35,1326,0
20130805,154,154.99,151.85,153.7,2186,0
20130806,153.5,155,142,142.89,4965,0
20130807,144,147,140.25,141.001,4645,0
20130808,142,143.9,140.5,142.5,2109,0
20130809,141.5,143,141.35,141.85,2234,0
20130812,144,144.9,139.22,142.45,3640,0
20130813,141.5,143.72,140.85,143.72,1376,0
20130814,143.6,143.6,140.06,143.5,795,0
20130815,141,142.88,140.4,142,1314,0
20130816,140.15,142,140,140.95,2078,0
20130819,141.95,143.99,140.8,141.7,2633,0
20130820,143.2,143.2,137,141.99,3346,0
20130821,141,142.51,139.95,142.2,1536,0
20130822,144,145,142.45,144.75,775,0
20130823,144.949,149.45,143,144.85,3197,0
20130826,145.001,149.01,144.15,147.999,2075,0
20130827,145.55,147,141.5,141.5,2821,0
20130828,141.5,145.36,140.6,143.3,1186,0
20130829,140.4,147,140.4,141.9,1567,0
20130830,143.5,143.5,140.4,140.85,1139,0
20130902,142.95,145,139.85,145,786,0
20130903,141,145,140.85,142.651,604,0
20130904,142.15,145.49,141.85,145.43,1082,0
20130905,145.43,146.26,144.55,145.1,781,0
20130906,144.65,148,144.65,147.09,734,0
20130909,145.85,148.15,145.85,146,2118,0
20130910,145.5,147.999,145.1,147.5,1767,0
20130911,146.5,148,146.35,147.899,320,0
20130912,146.5,148.999,146.35,148.1,1399,0
20130913,147.79,147.999,146.35,146.35,104,0
20130916,147.9,148.79,146.6,146.6,1488,0
20130917,147,147.99,141.1,147.5,2546,0
20130918,147.2,147.999,144.85,146.95,1175,0
20130919,145.85,148.79,145.85,147.999,1276,0
20130920,147,147.05,144.52,147,1755,0
20130923,147.99,155.15,144.85,153.5,4373,0
20130924,153.499,155.51,151.15,154.3,4074,0
20130925,156.98,156.98,153,154.9,2658,0
20130926,154.21,155,152.5,154.9,2035,0
20130927,154,155.1,153,153.95,2097,0
20130930,154.01,156.5,153,154,2721,0
20131001,157,157,152.66,155,3791,0
20131002,154.999,156.49,153.15,155,2827,0
20131003,155,156,153.5,155.1,1281,0
20131004,153.5,156,152.95,154,2798,0
20131007,154.9,155.15,153.11,154.1,2441,0
20131008,153.1,154.95,153.09,154.25,1227,0
20131009,153,154.9,153,154.3,1848,0
20131010,153,154.95,152.85,154,1598,0
20131011,153.8,154.96,152.85,154.15,1059,0
20131014,154.999,154.999,152.25,153,1821,0
20131015,154,154,151,153.35,1751,0
20131016,151.51,153.3,151.35,152.2,1570,0
20131017,151.55,154.95,151.55,154.2,2575,0
20131018,152.3,154.25,152.15,152.85,1285,0
20131021,153.01,154.999,152.35,153.1,1501,0
20131022,152.6,154.8,151.3,152.99,1774,0
20131023,152.9,154.19,152,153,2108,0
20131024,152,154.999,152,154.34,1669,0
20131025,154.999,154.999,153.15,153.3,2212,0
20131028,152.8,154.39,152.65,154.39,2115,0
20131029,153,154.599,152.05,152.5,2053,0
20131030,152.95,154,152.05,154,1463,0
20131031,152.05,154.45,152.05,154.45,1494,0
20131101,152.35,154.5,152.35,153.85,762,0
20131104,154.49,160.5,153,158.4,3107,0
20131105,160.5,160.51,156,156.49,1830,0
20131106,155.85,159.999,155.85,155.99,762,0
20131107,159.95,160,156.85,158.8,1589,0
20131108,159.75,161.14,158.35,161.14,1473,0
20131111,159.97,159.99,157.85,159.45,1653,0
20131112,159.49,160.5,157.35,159.94,1623,0
20131113,157.55,159.96,157.55,158.9,695,0
20131114,157.07,159.85,157.07,158.99,685,0
20131115,156.85,159,155.51,157.35,2368,0
20131118,158,159.15,157.49,157.861,1938,0
20131119,158.999,159,157.85,157.89,641,0
20131120,158,158.199,157.72,157.92,655,0
20131121,157.72,159.6,157.72,157.92,2047,0
20131122,157.72,158.98,156.65,156.65,2743,0
20131125,154.85,157,152.52,153.55,2964,0
20131126,153.26,155.5,152.5,155.5,1621,0
20131127,153.5,156,153.35,153.501,434,0
20131128,152.85,154.48,151.51,153.5,2350,0
20131129,152.99,157,151.85,157,2172,0
20131202,153.36,157.5,153.36,156.999,2627,0
20131203,157,157.01,152.201,152.99,1265,0
20131204,152.55,152.55,138,147.6,12379,0
20131205,148,151,144,148,2924,0
20131206,147.35,153.51,147.35,152.6,720,0
20131209,151.05,154,151,152.901,981,0
20131210,152.9,153.71,151.5,151.5,1000,0
20131211,152.51,155.9,149.49,152.99,1269,0
20131212,152.99,152.99,150.01,150.8,1028,0
20131213,150.5,152.5,150,152.5,2189,0
20131216,151,153,149.99,152,994,0
20131217,152.1,152.1,149.99,150.5,1056,0
20131218,149.001,151.51,148.99,149.51,718,0
20131219,150.01,151,149.02,149.13,1375,0
20131220,149.999,152.99,149,152,1440,0
20131223,151.25,153,149.3,150.5,1457,0
20131227,151.1,154,149.991,150,1516,0
20131230,150.05,152,150.05,151.49,774,0
20140102,151.999,152.5,150,150,696,0
20140103,150.05,152,150,150.61,692,0
20140106,151.5,152,150.39,151.9,879,0
20140107,151,151.999,150,151.999,1181,0
20140108,151,153.5,151,151.5,1489,0
20140109,151.2,154.5,151.2,153,1684,0
20140110,154.999,155.05,152,154.9,978,0
20140113,156.4,158,154,156,2042,0
20140114,154.75,161,154,160,1726,0
20140115,159.5,160.51,157,160.51,2559,0
20140116,159.5,160.9,157.55,158.66,971,0
20140117,159.25,160.9,158.1,160.9,1684,0
20140120,160.85,162.99,159.95,160,1089,0
20140121,160.03,162.99,159.55,159.95,1120,0
20140122,159.6,162,157.5,161.6,1945,0
20140123,159.5,160.5,158.15,159.51,955,0
20140124,160.01,160.25,158.51,160.25,1589,0
20140127,162.9,162.95,159.5,161.4,2207,0
20140128,161.49,162.98,160.99,162.95,2308,0
20140129,162,164.45,160.5,161.73,1719,0
20140130,161.98,164,160,162.01,946,0
20140131,164.5,164.5,162,163,679,0
20140203,162.5,162.8,158.15,160.5,1209,0
20140204,157,157.85,150,154.9,4912,0
20140205,153,155.95,153,155.1,290,0
20140206,155,157.51,155,157.1,1040,0
20140207,155.1,158,155,155.899,759,0
20140210,155.21,159.9,155,159,1316,0
20140211,157.74,159,155.1,159,2395,0
20140212,156.5,160,156,156.5,1240,0
20140213,158,158,156,157.7,709,0
20140214,156.5,158,156.5,156.5,946,0
20140217,156.99,157.5,155,156.8,1179,0
20140218,156,158,156,156.45,1424,0
20140219,156.02,157,156,156.9,749,0
20140220,155.9,158,155.01,156.4,1594,0
20140221,156.95,158,155.5,156.75,403,0
20140224,156,158,155.5,158,1124,0
20140225,158.25,158.98,156,156,1213,0
20140226,156.2,157.99,156.15,156.15,467,0
20140227,157.08,157.95,154.52,155.05,1106,0
20140228,155.5,157,154.5,155.05,1185,0
20140303,154.93,156,151.05,151.5,2006,0
20140304,152.5,158.5,151.5,158.41,3091,0
20140305,157.5,157.749,154,154.2,1983,0
20140306,154.5,157,153.55,155.1,1755,0
20140307,155,155,153.25,155,870,0
20140310,154.3,154.95,151.21,151.5,2296,0
20140311,152.85,154.5,151.2,152,888,0
20140312,152.05,155.5,152.05,155,284,0
20140313,153,155.45,152.18,152.38,1658,0
20140314,153.28,153.28,140.7,149.25,8230,0
20140317,149.5,155.49,149,153.28,1947,0
20140318,150.05,155.14,150.05,154.1,748,0
20140319,155,157.95,154,156,1467,0
20140320,157,158.5,156,156.93,341,0
20140321,157.18,159.3,156,157,585,0
20140324,157.93,160.1,157.93,158.05,1254,0
20140325,157.01,159,157.01,158.05,433,0
20140326,158.9,159.8,157,157.52,1129,0
20140327,158.75,159.49,157,157,112,0
20140328,157,159.489,157,158.25,292,0
20140331,158.43,159.45,157.1,157.5,265,0
20140401,158.48,159.45,157.5,158.5,1346,0
20140402,157.51,160.2,157.51,160.15,1166,0
20140403,159.93,160.24,157.51,159,575,0
20140404,157.5,160.24,157.5,159.001,638,0
20140407,161.49,161.49,159,160.24,1042,0
20140408,160.24,161.05,159,159.05,847,0
20140409,159,161.48,159,159,191,0
20140410,160,162.99,159,161.55,1174,0
20140411,161.26,162.999,159.515,160.78,850,0
20140414,159,161,157.561,159,1871,0
20140415,158,160,158,158.01,859,0
20140416,159.01,160.5,157.51,158,500,0
20140417,157.5,159.5,157.5,158.53,476,0
20140422,157.53,161,157.5,160,1412,0
20140423,160.5,161.51,159.99,160.001,752,0
20140424,160,161.5,159.64,160.001,1151,0
20140425,160,160.95,158,159,1284,0
20140428,159,162.2,158,161.1,1177,0
20140429,161,162.8,160,162.8,645,0
20140430,161,163.8,160.05,160.55,1448,0
20140502,164,164.45,160.04,163.48,704,0
20140505,163,164.99,161.1,163.1,1005,0
20140506,163.1,164.95,162,163.1,803,0
20140507,163.1,164.95,162.5,163.25,794,0
20140508,163.55,164.999,162.11,164,599,0
20140509,164,164.95,163,164.5,544,0
20140512,164.5,164.96,162.35,164.1,618,0
20140513,164.25,165,163.95,164.2,1742,0
20140514,164,171.5,163,169.62,2156,0
20140515,170,173.1,167,173.1,1955,0
20140516,171.64,171.64,168.01,168.05,677,0
20140519,169.05,172.9,168.05,170.36,970,0
20140520,170,173.5,168.9,169.6,2548,0
20140521,169,170.01,164,165.5,2100,0
20140522,165.5,167,165.5,166.9,2014,0
20140523,166.25,167.5,165.5,166.5,2028,0
20140526,167,168.499,166.5,167.5,1402,0
20140527,167.63,169.2,165.9,169.2,2556,0
20140528,169.95,171.9,167.56,170.99,958,0
20140529,169.52,171.49,167.55,171,227,0
20140530,169.53,171.26,167.55,171.2,1051,0
20140602,171.23,172.9,170,170.05,2597,0
20140603,171.7,174.43,170.5,174.43,1238,0
20140604,172.63,173.9,171.15,173.899,927,0
20140605,172.5,175,172.5,175,1117,0
20140606,174.3,176,174,176,1255,0
20140609,175.25,180,174,174,607,0
20140610,173.5,184.95,173.5,182.99,4109,0
20140611,181.5,187,180,184.95,2563,0
20140612,189,189,180.25,186.3,5770,0
20140613,188.25,188.58,184.54,185,1329,0
20140616,186.5,188.45,185,186.5,1661,0
20140617,186.95,189.99,185,186.1,1463,0
20140618,188.01,189.99,186.02,188.45,2049,0
20140619,187.52,189.499,186.9,186.9,1268,0
20140620,187.02,187.02,185.251,185.55,2922,0
20140623,186,186.01,185.25,185.25,1604,0
20140624,185.25,189,185.1,189,955,0
20140625,187.89,189.25,185.26,187.5,1070,0
20140626,187.26,188.5,185.26,187.5,689,0
20140627,187.5,188.7,186,186.95,2165,0
20140630,186.35,188.49,186,186.1,1415,0
20140701,186.5,187.99,185,187,2275,0
20140702,186.999,186.999,175.5,180.2,2931,0
20140703,175,182,165,180.2,4530,0
20140704,180.24,187.98,180.1,182.43,1398,0
20140707,180,184.74,179.61,183.25,2592,0
20140708,184.39,184.39,182,182,888,0
20140709,182.21,184.09,180,181,778,0
20140710,181.93,183.49,180,181,1942,0
20140711,181,183.5,181,181.7,1287,0
20140714,181,183,181,182.46,562,0
20140715,182.46,183,181,181.06,1345,0
20140716,182.53,183.2,181.06,181.6,125,0
20140717,182.75,183,181.5,181.5,122,0
20140718,181.5,182.8,181,181,611,0
20140721,183.1,184.11,181,181.2,287,0
20140722,182.61,184.1,181.12,181.12,850,0
20140723,182.61,183,180,180,886,0
20140724,181.95,183.8,177.101,180,3652,0
20140725,180.25,180.9,177.101,178.4,625,0
20140728,179.05,179.05,167.48,174.45,5162,0
20140729,174.5,174.5,170.05,172,1475,0
20140730,172,172.999,168.99,170.1,1477,0
20140731,170.53,172,150,154,12476,0
20140801,155,160,150.101,155.5,10073,0
20140804,156,166.5,154.5,164,5024,0
20140805,167.5,177.5,164,171.2,1835,0
20140806,174.55,178.45,168.55,174,1773,0
20140807,172.5,174.8,160.55,164.32,1619,0
20140808,163.4,166.19,160.001,162.41,2740,0
20140811,164,171.499,163.5,169,1472,0
20140812,169.9,171.479,169,169,428,0
20140813,170.13,171.25,169,171.25,759,0
20140814,170.18,171.5,169.1,171.5,1001,0
20140815,170.75,174.9,169,174.3,1558,0
20140818,172.76,174,171,173.5,589,0
20140819,173.5,174.99,172.01,172.6,1777,0
20140820,174.189,176.25,170.255,175.9,1288,0
20140821,174.5,176.49,172.5,174.1,748,0
20140822,176.489,176.489,174.1,175.38,494,0
20140825,176.5,176.5,174.15,174.8,675,0
20140826,175.35,176.5,174.2,176,1219,0
20140827,176.49,176.499,174.15,174.27,795,0
20140828,174.101,174.49,170.35,171.77,1415,0
20140829,171.6,175.495,170.2,173.15,1280,0
20140901,173.15,174.999,170.01,173.5,1193,0
20140902,174,174.99,173,173.1,849,0
20140903,173,174.999,173,173.5,426,0
20140904,174,175,173,175,1026,0
20140905,175,176,173,175.48,869,0
20140908,175.5,176.95,174.55,175,1177,0
20140909,175.85,176.7,174.5,176.69,553,0
20140910,176.5,176.7,173.8,175.1,1204,0
20140911,175.25,176.48,173.99,176.45,268,0
20140912,175.25,177.499,174,176.5,368,0
20140915,177.3,178.9,176.55,178.9,1333,0
20140916,178.75,179.49,177.62,177.9,575,0
20140917,178.75,179.49,178,178.5,466,0
20140918,178.75,179.51,178,179,546,0
20140919,179.85,179.99,176.51,177.35,783,0
20140922,178,180,176.501,177,1131,0
20140923,178.25,178.25,174.85,174.85,1182,0
20140924,176.5,176.5,173.01,174.1,355,0
20140925,175.01,175.99,173.02,174.1,78,0
20140926,175.05,175.05,173,173.2,898,0
20140929,173.3,175.05,170.99,174.32,758,0
20140930,171,174.95,171,174.11,484,0
20141001,172.55,174.95,169.01,170.707,1239,0
20141002,170.5,173.95,169,169,1620,0
20141006,169.9,172.49,169,169.1,477,0
20141007,170,171.25,164.5,165.62,2436,0
20141008,168.63,172,164.23,170.01,752,0
20141009,165.85,171.84,165.7,167,1340,0
20141010,167,168.95,151.99,155,7456,0
20141013,156,158,152.501,152.8,6353,0
20141014,154.4,156.5,152.51,156.5,1836,0
20141015,155,159,150.1,150.27,2629,0
20141016,151.3,155,140.05,144.419,7810,0
20141017,147.9,159.018,145.49,156.7,2945,0
20141020,157.999,158.499,153.08,153.796,1251,0
20141021,154.5,159.2,153,157.617,703,0
20141022,157.4,163,157.4,160.021,1360,0
20141023,161.75,162,158.5,161,289,0
20141024,162.64,164.2,158.5,162.5,835,0
20141027,164.45,164.45,161,162.5,163,0
20141028,163.75,165.5,161.803,161.803,785,0
20141029,164.38,165.95,162,163.05,535,0
20141030,165.38,166.76,162,165.1,214,0
20141031,164.88,166.7,163,165,335,0
20141103,166.35,166.7,164.3,164.8,940,0
20141104,163.99,168.01,163,165.063,283,0
20141105,164,170,164,168.01,570,0
20141106,168.95,172,166,168.657,623,0
20141107,170.75,172.48,169,169.409,429,0
20141110,172.49,172.5,166.5,168.5,1456,0
20141111,170,172.49,167.5,169,55,0
20141112,167,176.5,167,171.1,610,0
20141113,173.14,175.95,168,169.334,1092,0
20141114,171,174,168,172,344,0
20141117,173,173.95,169.5,170.071,954,0
20141118,172,174.5,169.99,174.5,793,0
20141119,174.5,175,172.1,172.458,832,0
20141120,175.01,175.01,168.05,169.1,743,0
20141121,170.99,172.35,168.99,170.05,586,0
20141124,171.9,173,169,170.5,1487,0
20141125,170,170.5,169.02,169.1,1172,0
20141126,169.6,170.4,168,168,1515,0
20141127,167.5,168.05,165,166.05,2470,0
20141128,166.5,167,164.01,165,1976,0
20141201,168,169.35,165,167,971,0
20141202,167,168.99,165.01,165.01,781,0
20141203,164.99,167,160.9,163,2894,0
20141204,163.2,166.79,162.3,165,1444,0
20141205,164.65,166,162.5,164.5,977,0
20141208,165,165.5,164.001,164.5,1654,0
20141209,164,165.01,162.3,163,1298,0
20141210,164.5,165.5,163.49,163.9,531,0
20141211,164.2,165.45,162.4,163.79,954,0
20141212,162.3,165.49,162.3,165.49,585,0
20141215,164.5,167.99,163,163.9,1754,0
20141216,163.3,166.99,160,162.159,1358,0
20141217,161.8,166.99,159.99,160.1,1010,0
20141218,166.499,166.499,160,161.45,1183,0
20141219,164.25,165,160.05,162.5,1104,0
20141222,160.5,164.5,160.5,162,987,0
20141223,162.5,164.95,162.5,162.695,233,0
20141229,164.99,164.99,162.5,162.639,863,0
20141230,163.65,163.65,160.51,161.8,448,0
20150102,163.5,164,160.6,162.5,1331,0
20150105,162.51,163,160,160.77,688,0
20150106,160.6,163,160.6,161.07,411,0
20150107,162.95,163,159,160,1925,0
20150108,161.05,162,160.09,160.7,829,0
20150109,162,162.95,160.1,161.011,948,0
20150112,161.49,163.87,161.05,162.87,944,0
20150113,161.5,168.5,161.5,167.077,1352,0
20150114,166.2,168.399,163.189,164.5,690,0
20150115,165,168.38,164.75,165.144,1254,0
20150116,166.9,168,164.8,166,386,0
20150119,168.91,169.01,167,167.36,746,0
20150120,168,168.99,167,167,635,0
20150121,167.5,168.999,167,167.368,437,0
20150122,168,168.99,167,168.2,790,0
20150123,168,170.01,166,166.717,2756,0
20150126,169,169.9,166,169.05,2604,0
20150127,169.4,169.95,166.7,167.369,1935,0
20150128,168.26,171.99,166.51,169.334,1633,0
20150129,172,175,168.05,173.304,1743,0
20150130,176,176,169.7,172.18,1046,0
20150202,172.95,174.9,171,174,461,0
20150203,174,174.95,173.126,174,1721,0
20150204,174.94,179.375,174,176.306,2889,0
20150205,176,179.99,174.85,179.5,2932,0
20150206,179.75,180,175.165,175.165,2161,0
20150209,177.39,179.95,174.8,179,1067,0
20150210,175.5,179.9,175.5,177,1409,0
20150211,177,178,175.037,175.037,234,0
20150212,176.5,177.5,175,175.37,559,0
20150213,175,176,171.15,171.8,2553,0
20150216,171.21,174.745,171.2,171.693,1254,0
20150217,172.5,174.75,171.921,174.318,375,0
20150218,172.5,177,172.5,174.661,2343,0
20150219,172.5,176.95,172.5,176.5,229,0
20150220,172.55,177.445,172.55,175,642,0
20150223,177,177.99,172.95,174.465,1833,0
20150224,174,177.8,174,174.164,512,0
20150225,174.3,176,174,174.4,423,0
20150226,174.5,175.874,172.501,173.5,1146,0
20150227,173.15,175.2,173.15,175.05,527,0
20150302,173,176,173,174.44,1863,0
20150303,173.12,176.26,173,174.5,900,0
20150304,173.2,175.37,171.3,171.84,751,0
20150305,175.35,175.35,171.3,172.52,455,0
20150306,173.999,178.5,173.25,176.184,3686,0
20150309,177.75,178.873,176.2,176.5,1313,0
20150310,176.5,179.1,176.5,176.52,2015,0
20150311,178.9,184.9,177,180,2358,0
20150312,180,184.5,177,182.442,1007,0
20150313,177.01,184.5,177,178.74,572,0
20150316,184.5,184.5,177.15,181,975,0
20150317,184.4,184.5,180.01,181.9,822,0
20150318,182.03,183.2,180,180.42,424,0
20150319,183,190,179.01,187.62,7784,0
20150320,186,194,186,192.85,2218,0
20150323,194.8,194.99,190.13,190.8,2924,0
20150324,191,194.9,190.25,191.7,2691,0
20150325,190,194.99,190,192.5,1323,0
20150326,193.23,194.5,190.5,191.59,1879,0
20150327,193,195,191,193.26,1045,0
20150330,194.99,201.99,192,196.52,2542,0
20150331,195.5,201.65,195.5,200.5,3175,0
20150401,200.5,201.79,196,196.33,1383,0
20150402,201.79,201.9,199,200.3,697,0
20150407,201.79,203,201.05,201.05,936,0
20150408,202,202,199.9,201.77,1688,0
20150409,199.9,204.6,199.9,204.6,694,0
20150410,202,203.99,201,201.7,621,0
20150413,203.8,204.8,201.5,202,1285,0
20150414,205.99,208,202.05,207.95,753,0
20150415,204.1,211,204.1,211,460,0
20150416,207.21,211.01,204.11,207,2078,0
20150417,204.11,208.99,200,200,1354,0
20150420,205.95,207.9,203.45,203.58,212,0
20150421,205,210.9,205,210,936,0
20150422,207,211.5,207,211.45,291,0
20150423,208.51,210.99,205.01,210.62,885,0
20150424,206,210,206,210,452,0
20150427,210,210.99,207,210.95,542,0
20150428,209,214,208.13,210,1279,0
20150429,207,210,206,207,1346,0
20150430,206,207.75,205.01,205.01,783,0
20150504,206,206.87,202.01,204,555,0
20150505,202.51,206.8,202.51,203,139,0
20150506,202.5,207.85,202.5,203,527,0
20150507,203,205.37,203,204.37,366,0
20150508,202.6,206.45,202.6,204.49,296,0
20150511,203.01,208.5,203.01,205.63,377,0
20150512,206,208.45,203.1,208.45,875,0
20150513,205.5,208,203,206,843,0
20150514,203.05,205.5,203.05,205,170,0
20150515,203.5,207.5,203.5,207.5,83,0
20150518,208.44,208.45,205.13,208.45,407,0
20150519,206,208.45,205,208.45,806,0
20150520,205.75,209.78,205.75,209.78,195,0
20150521,206.2,208.49,206.2,208.49,199,0
20150522,206.52,210,206.52,209.2,492,0
20150526,208.2,210,208.2,209.96,496,0
20150527,210,211.11,208.63,211.11,725,0
20150528,208.7,211.99,208.7,209.13,789,0
20150529,209,212.44,209,211,102,0
20150601,211,211.95,209.13,211.45,189,0
20150602,211.99,223.4,211.99,219.62,2418,0
20150603,213,219,213,218,244,0
20150604,218.95,218.95,218.95,218.95,5,0
20150605,216,218.49,216,218.49,73,0
20150608,215.05,218,215.05,215.5,527,0
20150609,217.96,217.96,215.11,215.11,818,0
20150610,215.15,217.89,215.11,215.11,155,0
20150611,215.15,217.89,215.15,216.01,317,0
20150612,216,218.7,215.6,217.95,927,0
20150615,215.5,218.37,213.02,213.02,990,0
20150616,213.1,216,213.1,216,856,0
20150617,219,219,215.05,217.9,315,0
20150618,214,217,213.05,215.35,616,0
20150619,213,216.8,212.2,214.4,493,0
20150622,214.55,217.89,214.55,217.8,767,0
20150623,217.05,217.99,216.13,217.99,509,0
20150624,217.99,218,217,218,362,0
20150625,216.15,218,216.15,217.98,462,0
20150626,217.23,217.97,217.23,217.97,115,0
20150629,217,217.97,215.35,217.5,1900,0
20150630,218.8,219.57,218.51,218.51,903,0
20150701,218.5,221,218.5,219.5,963,0
20150702,219.5,219.9,217.63,219.9,450,0
20150703,219.01,219.9,219.01,219.9,1038,0
20150706,219.89,219.9,217.41,218.13,1443,0
20150707,218.13,219.5,217.15,219.5,756,0
20150708,219.49,219.9,217.13,217.2,1404,0
20150709,217.4,217.4,196.55,209.94,1323,0
20150710,209.95,213.95,205.02,207.05,1271,0
20150713,207.04,207.04,205,206.93,732,0
20150714,205.99,211.99,205.01,211.99,871,0
20150715,205.1,212,205.1,208,303,0
20150716,207,210.6,206.15,209.99,1152,0
20150717,206.15,209.99,206.15,209.99,145,0
20150720,206,208,200.5,207.4,1762,0
20150721,205.05,207.87,204,205,620,0
20150722,203.33,204.35,203.33,204,304,0
20150723,207,208.87,205.05,207.35,422,0
20150724,205,208.99,204.01,207.65,331,0
20150727,203.05,203.05,195.9,202.99,764,0
20150728,197.5,200,197,200,897,0
20150729,198.25,199,198.25,199,110,0
20150730,201.8,201.8,199.51,200.05,821,0
20150731,200,202,200,201,14,0
20150803,203,203,198.01,202.85,213,0
20150804,200.82,203.87,200.82,203.87,73,0
20150805,201,204.87,201,201.2,450,0
20150806,202,205.01,202,204.7,700,0
20150807,202.22,209,202.22,206.85,93,0
20150810,202,208.72,202,203.15,495,0
20150811,202,204.95,202,204.95,164,0
20150812,202.5,205,202.5,204.99,685,0
20150813,202.5,208,202.5,208,1101,0
20150814,202.5,210,202.5,207,1210,0
20150817,211.1,214.3,209,209,776,0
20150818,208,212.45,208,209.1,400,0
20150819,206,209.5,206,209.5,301,0
20150820,206.01,208.87,203.5,203.5,359,0
20150821,203,206,200,201,971,0
20150824,198,199.25,170.05,180.83,4812,0
20150825,178.1,197,178.1,192.01,1180,0
20150826,195.5,199.1,195,197.13,391,0
20150827,193,202.3,193,202.3,508,0
20150828,199,204.5,199,201.14,232,0
20150831,201.98,205,200.1,204.8,183,0
20150901,198,205,198,204,958,0
20150902,203.99,206.95,203.95,206.95,664,0
20150903,200,209.95,200,209.95,285,0
20150904,202.05,204.99,200.55,204.99,275,0
20150907,203,206,203,206,117,0
20150908,204,210,204,209.55,792,0
20150909,208.5,213.99,208.5,212.49,153,0
20150910,209,209.99,209,209.99,20,0
20150911,208.5,209.99,207.05,207.05,85,0
20150914,207,207,205.99,205.99,224,0
20150915,200.51,205.99,200.51,205.95,183,0
20150916,201,206,201,205.87,322,0
20150917,204,204.55,204,204.55,100,0
20150918,204,206,204,206,80,0
20150921,205.99,205.99,204.01,204.01,120,0
20150922,202,205.98,202,205.98,20,0
20150923,200.6,205.87,200.51,205.87,52,0
20150924,200.5,200.55,197.05,198.13,232,0
20150925,197,204.88,197,204.88,302,0
20150928,200.02,205.95,200.02,204.05,957,0
20150929,203,205.87,203,204,197,0
20150930,203,205.87,203,205.8,155,0
20151002,201.5,204.85,201.5,202.5,170,0
20151005,201.5,206,201.5,206,96,0
20151006,201.5,205.87,201.5,205.5,63,0
20151007,202,205.37,202,203,92,0
20151008,202,205,202,205,40,0
20151009,203,205.5,203,205.5,162,0
20151012,203,205.37,203,204,396,0
20151013,203.2,204,202.05,203,514,0
20151014,203,203,201.99,202,291,0
20151015,201.5,204,201.5,201.51,219,0
20151016,201.5,201.6,201.5,201.6,510,0
20151019,201.5,201.51,201,201,174,0
20151020,201,201.95,201,201.95,154,0
20151021,200,202,198.1,198.1,686,0
20151022,198.1,201.95,198.1,200.05,80,0
20151023,200,201.9,200,201.85,584,0
20151026,201,201,200.05,200.05,135,0
20151027,201.8,201.8,200.1,200.1,106,0
20151028,200,201,200,201,158,0
20151029,201.3,202.17,201,201,210,0
20151030,200,203.88,200,203.88,225,0
20151102,203.88,203.88,203.5,203.5,25,0
20151103,200.05,203.49,200.05,202.99,153,0
20151104,200,203,200,201,75,0
20151105,200.05,202.99,200.05,202.99,35,0
20151106,201.5,203,201.5,203,257,0
20151109,200.01,202,200.01,202,70,0
20151110,200,203.5,200,203.5,220,0
20151111,200,204,200,204,10,0
20151112,200,202.5,200,202.5,100,0
20151113,202.5,202.5,201.5,202,180,0
20151116,201,204,201,203.98,270,0
20151117,200.65,204,200.6,204,160,0
20151118,201,201,201,201,60,0
20151119,202,204,202,202,186,0
20151120,204.9,205.49,202,202.03,145,0
20151123,202.02,205.49,202.02,205,59,0
20151124,205.5,207.3,202.2,207.3,372,0
20151125,203,212.45,203,211.95,907,0
20151126,209,212.4,208.5,212,386,0
20151127,208,212.99,208,209.36,231,0
20151130,208,214.3,208,214.28,324,0
20151201,209,214.9,209,210,570,0
20151202,214.99,214.99,211,211,96,0
20151203,213,214.97,213,213.51,698,0
20151204,213,214.88,211.05,211.05,124,0
20151207,211.01,213.49,211.01,213.49,345,0
20151208,210,214.97,210,214.9,307,0
20151209,210.1,215,210.1,215,858,0
20151210,210,215,209,212,766,0
20151211,214.99,214.99,212.56,214,362,0
20151214,212.57,215,212.57,214.06,167,0
20151215,214,214.98,211.2,214,950,0
20151216,211,214,211,214,105,0
20151217,214.95,214.95,212,212.55,292,0
20151218,212.5,214.99,211.5,214.9,176,0
20151221,214,214.38,212.55,212.56,224,0
20151222,214.99,214.99,212,212,64,0
20151223,210,214.68,210,214.68,125,0
20151228,213.95,214.94,213.95,214.7,248,0
20151229,214.15,214.7,214.15,214.39,321,0
20151230,214.1,214.68,214.001,214.68,202,0
20160104,214.9,214.94,214.001,214.94,371,0
20160105,214.46,215,212.96,214.45,927,0
20160106,211.5,211.72,211.5,211.7,68,0
20160107,211.7,214.999,206.2,214.999,903,0
20160108,210,214.95,210,210.5,677,0
20160111,211.99,214.99,210.501,212.501,703,0
20160112,212.55,214.97,212.55,214,339,0
20160113,211,214.98,211,214.88,615,0
20160114,211.7,213,211.7,211.75,194,0
20160115,211.7,214.89,211,211,527,0
20160118,211,211,201.05,201.05,1183,0
20160119,201.1,209.99,201.1,209,233,0
20160120,209.9,210,201,201,283,0
20160121,201,209.95,201,208,206,0
20160122,202.01,209.5,202.01,202.5,383,0
20160125,202.01,207,202.01,207,359,0
20160126,203.55,208,203.05,203.05,335,0
20160127,207,209,204.35,204.35,133,0
20160128,203.35,206,203.05,206,108,0
20160129,203.5,207,203.5,207,189,0
20160201,203.55,208,199.05,201,1191,0
20160202,199,201.5,199,201.5,1,0
20160203,200.49,205.999,200.49,205.999,53,0
20160204,202,205.999,202,205.99,82,0
20160205,202,202.5,202,202.5,20,0
20160208,205.999,205.999,197.46,200,922,0
20160209,197.6,206,197.6,203.999,972,0
20160210,200,204,200,202,490,0
20160211,201.01,203.999,201.01,202,105,0
20160212,201.01,206.5,199.1,202,849,0
20160215,206.799,206.9,201.05,204.9,75,0
20160216,201,204.999,201,201.101,26,0
20160217,201.1,205.89,201.1,205.89,298,0
20160218,203,206.99,203,206.99,11,0
20160219,203,207.95,203,207.95,166,0
20160222,207.95,212.49,205.05,208.7,500,0
20160223,207.1,211.99,207.1,211.99,1081,0
20160224,211.999,211.999,207.101,207.101,346,0
20160225,207,211.99,207,207.05,268,0
20160226,207.5,208,206.1,208,530,0
20160229,211.99,211.99,207,207.99,106,0
20160301,204,205.5,204,205,149,0
20160303,205,209.999,203.35,203.35,170,0
20160304,203.5,207.999,203,207.999,505,0
20160307,206,207.99,205,207.99,1007,0
20160308,206,207.99,205.05,207,700,0
20160309,206.799,206.799,201.999,202,802,0
20160310,201,206.75,201,201.05,378,0
20160311,201.15,205.89,201.15,205.5,95,0
20160314,205.899,205.9,203.51,203.55,248,0
20160315,205,205.88,201.05,205.8,398,0
20160316,201.05,206.249,201.05,206.249,375,0
20160317,201.05,207.25,201.05,206.499,1326,0
20160318,206.499,209.95,205.999,205.999,998,0
20160321,206.5,209.5,204.56,206,883,0
20160322,207.999,208,207.5,207.999,583,0
20160323,207.5,207.5,203.95,204,1056,0
20160324,203.999,203.999,198,202,2566,0
20160329,204.899,205,202,204.89,338,0
20160330,204.9,209.999,204.45,209.999,281,0
20160331,205,209.9,205,205.5,173,0
20160401,209.399,209.999,205,209.499,432,0
20160404,209.7,209.999,208.1,209.95,1063,0
20160405,208,211,208,211,570,0
20160406,210,211,210,210.5,421,0
20160407,208.5,210.99,208.5,210.99,249,0
20160408,211.8,214.98,210,210,1002,0
20160411,210,215.95,210,212.5,745,0
20160412,213,216.85,213,216.1,389,0
20160413,219.549,219.549,213.9,217.9,138,0
20160414,214,221.74,214,220.999,812,0
20160415,217,221.7,217,219.999,52,0
20160418,219.99,221.699,217,221.65,493,0
20160419,221.699,222,218.11,218.11,555,0
20160420,218.1,221.999,218.1,221.999,166,0
20160421,218.1,223.99,218.1,223.99,261,0
20160422,223.98,223.98,220.001,223.98,272,0
20160425,222.76,223.75,220,223.7,319,0
20160426,220,223.98,220,223.98,188,0
20160427,221.42,225,221.42,225,692,0
20160428,222,225,222,225,190,0
20160429,224.999,225,223.13,223.501,876,0
20160502,223.12,226.9,223.12,224,350,0
20160503,229.899,229.9,225,225,673,0
20160504,224.999,225,223.121,224.95,404,0
20160505,223.12,224.999,223.12,224.95,239,0
20160506,224.999,229.899,223.13,227,865,0
20160509,228.95,229.489,225.1,229.45,786,0
20160510,225.3,229.49,225.3,229.48,353,0
20160511,229.49,238.99,229.05,233.99,650,0
20160512,234,235,233,234.99,1833,0
20160513,230,238.45,230,233.5,2608,0
20160517,235.001,238.499,227.5,233.9,380,0
20160518,228.1,237.95,228.1,237.479,587,0
20160519,235.5,239.5,235.01,235.1,1161,0
20160520,238.999,249.99,236.05,245.5,613,0
20160523,247.99,249,242.05,246.001,846,0
20160524,248.99,251.75,246.001,250,1645,0
20160525,250,254,249.51,251.95,734,0
20160526,248,252,248,251.99,390,0
20160527,249,251.99,248.01,249.001,500,0
20160530,251.9,253.99,250.05,253.85,106,0
20160531,250.5,253.89,250.5,253.889,352,0
20160601,252,253.9,250,253.899,1198,0
20160602,251.11,253.89,250.05,250.05,556,0
20160603,253.55,253.99,250.5,253.5,555,0
20160606,253.99,254,251.001,251.001,238,0
20160607,251,254,251,254,186,0
20160608,251.1,254.999,251.1,254.999,425,0
20160609,253.61,259.49,253.61,258.95,395,0
20160610,253.61,259.5,253.61,259.5,245,0
20160613,259.9,259.999,251.3,254.15,804,0
20160614,256,256,250.5,252,1207,0
20160615,254.8,254.8,241.28,250.05,1931,0
20160616,247.05,254.95,247.001,253.95,329,0
20160617,248.1,254.199,248.1,250.05,424,0
20160620,254.19,254.98,250.01,254.98,523,0
20160621,252,257.999,252,257.999,234,0
20160622,255,259,255,259,44,0
20160623,255,259.999,255,259.5,944,0
20160624,250.05,259.499,242.01,259.499,2084,0
20160627,259.3,259.999,255.05,256.1,485,0
20160628,258,265.699,257,257.55,969,0
20160629,258,268,258,268,242,0
20160630,260,267.929,260,263,652,0
20160701,265,267.9,263,266.97,1412,0
20160704,268,268.999,263.05,268.95,1629,0
20160705,268.5,272.999,268,269,896,0
20160706,268.999,269.88,266.15,266.5,1174,0
20160707,252.2,270,240.65,263,1226,0
20160708,260,264.95,260,263.999,272,0
20160711,262,265.98,260.05,265,558,0
20160712,260.5,267.895,260.5,267.895,453,0
20160713,260.5,267.899,260.5,266.9,174,0
20160714,265,273.99,265,270,849,0
20160715,270,273.95,262.05,269.99,716,0
20160718,262,269.98,262,269.949,183,0
20160719,265.1,269.9,265.1,268,527,0
20160720,266.7,269.9,265,269.9,385,0
20160721,262.5,269.98,262.5,269.9,779,0
20160722,265,268.9,265,268.9,60,0
20160725,267.999,271.979,266.01,270,154,0
20160726,266.1,268.05,266,266,287,0
20160727,266,269.499,262.001,262.001,316,0
20160728,262,268.69,262,263.05,266,0
20160729,262.1,268.65,252.1,261.9,450,0
20160801,255,268.395,252.05,268.395,198,0
20160802,267.999,268.599,260.1,268.599,534,0
20160803,266.01,269.9,266.01,269.499,312,0
20160804,267,269,267,269,628,0
20160805,268,269.499,267.35,269.499,474,0
20160808,269.069,269.069,262.1,268,316,0
20160809,262.1,268,262.1,262.1,305,0
20160810,262.5,268.999,261.901,268.899,377,0
20160811,262.1,264.999,262.1,262.51,205,0
20160812,268.6,268.6,265,265,78,0
20160815,265,268.5,265,267.99,181,0
20160816,268.49,268.49,265.15,265.15,332,0
20160817,268.4,268.4,263.15,268.25,125,0
20160818,265,268.1,265,268,100,0
20160819,265.1,268.1,265,265,320,0
20160822,265,268.09,262.35,268.09,171,0
20160823,262.35,264.95,262.35,262.35,152,0
20160824,261.9,265,261.9,265,235,0
20160825,265,265,262.55,262.6,110,0
20160826,262.5,264.999,262.5,264,48,0
20160829,262.5,265.9,262.5,262.6,183,0
20160830,262.6,264.999,262.6,264.999,3,0
20160831,262.6,267.99,262.6,267.85,802,0
20160901,267,267.85,267,267,243,0
20160902,266,266.799,266,266.05,53,0
20160905,265.3,267,262.6,266.999,451,0
20160906,262.6,267.499,262.6,267.499,900,0
20160907,262.6,267.88,262.6,267.51,584,0
20160908,267.6,270,263.1,270,905,0
20160909,263.659,273.99,263.659,271,498,0
20160912,272.4,272.4,267.05,271.5,452,0
20160913,271.89,271.89,270.1,270.1,70,0
20160914,270,271.94,270,271.94,541,0
20160915,270,272.9,270,272.9,430,0
20160916,272,272,270.003,270.003,35,0
20160919,275,280.4,275,278.6,373,0
20160920,274.021,279.99,274.021,279.99,461,0
20160921,278,281,278,281,274,0
20160922,281,293.487,281,281.05,565,0
20160923,281,285,276,284.999,326,0
20160926,284,284.99,276.15,283.99,211,0
20160927,280,283.799,275,283.699,382,0
20160928,280,285,279.99,282.95,601,0
20160929,282.999,288.5,282.999,285,604,0
20160930,284.8,286.99,280.95,286.99,172,0
20161004,282.1,286.98,282.1,284.999,797,0
20161005,284.95,284.998,282.56,284.998,192,0
20161006,286.898,291.499,286.88,290.01,482,0
20161007,290,292.999,285.15,285.15,116,0
20161010,286.05,297.9,286.05,297.9,1419,0
20161011,297.9,298.5,289.91,293,211,0
20161012,296.95,297.989,293.3,297,456,0
20161013,295,297.989,293.35,297.989,604,0
20161014,295,297.989,295,297.95,135,0
20161017,297.9,297.99,295,296.95,668,0
20161018,294,297.98,294,297.9,891,0
20161019,294.1,295.95,292.599,292.599,667,0
20161020,289.5,292.6,287.751,290.99,441,0
20161021,292.55,294.999,285.1,291.998,429,0
20161024,291.998,291.998,288.201,288.201,795,0
20161025,293,296.999,293,296.8,181,0
20161026,296.798,296.798,290.2,290.2,89,0
20161027,290.501,296.999,290.501,296.999,384,0
20161028,290.5,297.45,290.5,297.4,308,0
20161031,291,297.499,291,297.499,454,0
20161101,292.7,298.6,292.7,293.51,334,0
20161102,293.5,299.99,293.5,294.1,60,0
20161103,293.55,298.499,293.55,296.5,324,0
20161104,294.1,296.99,294.1,296.99,101,0
20161107,294.15,299.98,294.15,299.9,1015,0
20161108,297,299.98,295,299.98,758,0
20161109,296,299.96,260,299.96,4989,0
20161110,299,305.05,285,291.5,4090,0
20161111,290.6,300,290.6,299.99,303,0
20161114,292.3,299.95,292.2,297,466,0
20161115,292.501,297.49,292.501,297.35,94,0
20161116,295,296.49,292.5,293,588,0
20161117,292.4,296.45,292.4,292.6,162,0
20161118,292.5,296.48,290.701,290.701,370,0
20161121,291.5,291.5,286.01,287.1,896,0
20161122,287.1,290.95,285.6,288,273,0
20161123,287,289,285,285,280,0
20161124,285.001,287.95,282.05,283.01,168,0
20161125,284,291.95,284,291.89,363,0
20161128,291.51,291.875,280.33,282.95,3412,0
20161129,280.002,280.002,275.6,280,932,0
20161130,275.6,279.998,263.1,269.998,1317,0
20161201,265,272.999,265,272.95,1287,0
20161202,265,286.99,265,286.499,1126,0
20161205,275.05,288.999,275.05,288.799,653,0
20161206,288.799,289,286.001,288.999,350,0
20161207,288.998,290,286.001,289.94,625,0
20161208,289.05,289.949,284,289.949,634,0
20161209,288,289.949,286,286.15,396,0
20161212,289,289.94,286.05,289.94,446,0
20161213,286,289.939,284.05,284.51,302,0
20161214,289.939,289.939,284.51,287.999,128,0
20161215,288.999,288.999,287.99,288.999,142,0
20161216,284.6,288.9,284.6,288.9,324,0
20161219,285.05,288.9,285,288.9,3531,0
20161220,284.601,288.899,284.601,287,177,0
20161221,286.001,288.49,286.001,286.55,120,0
20161222,288,288.88,285.501,287,499,0
20161223,287.5,287.5,284.61,284.61,1489,0
20161227,284.61,288.8,280,288.8,944,0
20161228,279.5,287.95,279.5,287.89,704,0
20161229,280,281,275.05,280,230,0
20161230,275.001,276.05,269.99,271,2455,0
20170102,279,283.2,275.004,283,360,0
20170103,284.8,284.8,276.002,283.24,218,0
20170104,276.1,283.8,276.1,279.95,163,0
20170105,276.101,279.998,272.5,272.5,287,0
20170106,275,279.998,272.1,279.99,47,0
20170109,279.99,279.99,272.55,279.9,396,0
20170110,279.998,280,277.001,279.9,1041,0
20170111,279.9,279.9,277.1,278.001,813,0
20170112,278,278.95,278,278.9,189,0
20170113,277,279.99,277,279.99,26,0
20170116,279,281.999,277.001,280,313,0
20170117,277,279.95,271.1,275,915,0
20170118,280,280,275.2,275.2,565,0
20170119,276,283.4,276,283.4,375,0
20170120,276,283.39,276,280,589,0
20170123,279.999,279.999,275.55,275.55,174,0
20170124,275,279.997,273,276.5,827,0
20170125,275.1,279.99,272.01,279.499,375,0
20170126,273,279.45,271.7,277.89,824,0
20170127,273,279.45,272.3,279,134,0
20170130,272.5,279.95,272.5,275,246,0
20170131,274.5,277.49,270.05,270.05,999,0
20170201,270,274.498,270,271.98,744,0
20170202,270,272.49,270,272.45,452,0
20170203,270,273.499,270,272,914,0
20170206,274.98,274.99,272,274.95,146,0
20170207,272,275.05,270.05,275.05,471,0
20170208,272,274.73,270.02,274.699,504,0
20170209,272,275.95,272,275.9,225,0
20170210,273.001,275.95,273,273.1,246,0
20170213,275.99,275.99,273,274.45,821,0
20170214,274.49,274.49,272.8,272.8,310,0
20170215,274.499,274.499,272.76,274.49,160,0
20170216,274,274.5,274,274.499,864,0
20170217,274,274.499,273,273,130,0
20170220,274.499,274.99,273.05,274.99,971,0
20170221,274.25,275.998,270.13,272.999,973,0
20170222,272.001,274.988,272.001,274.988,428,0
20170223,272.5,275.959,272.001,273.99,689,0
20170224,272,273.95,270.6,273.05,462,0
20170227,273.9,273.95,273,273.9,344,0
20170228,274.8,275.7,274.01,275.7,32,0
20170301,275.798,275.798,270.491,270.491,174,0
20170302,273,275,270.6,272.2,1008,0
20170303,272.5,274.8,272.3,274.59,163,0
20170306,272.3,274.9,272.3,273.8,269,0
20170307,274.5,275.6,273.28,275.5,136,0
20170308,273.2,279.9,273.2,275.95,495,0
20170309,279.5,279.5,275.9,276,298,0
20170310,276,279.3,275.9,279,112,0
20170313,276.001,279.09,276.001,279,97,0
20170314,276,279.05,276,276.05,171,0
20170315,276.501,279.95,275.62,275.62,450,0
20170316,275.7,279.9,275.7,279.9,1127,0
20170317,277,279.988,276.05,279.9,169,0
20170320,276.1,278,276,278,432,0
20170321,275.6,279.988,275.6,276.05,99,0
20170322,275.6,292.458,275.6,286,1037,0
20170323,286.278,286.278,286.1,286.1,238,0
