Date,Open,High,Low,Close,Volume,OpenInt
20090406,0.009,0.009,0.008,0.008,792,0
20090408,0.008,0.01,0.007,0.01,420,0
20090409,0.01,0.01,0.007,0.007,115,0
20090414,0.01,0.018,0.01,0.018,1040,0
20090416,0.019,0.019,0.006,0.006,4600,0
20090417,0.017,0.017,0.006,0.006,2000,0
20090420,0.018,0.018,0.018,0.018,3600,0
20090421,0.018,0.018,0.012,0.012,2200,0
20090422,0.016,0.016,0.015,0.016,770,0
20090423,0.016,0.017,0.015,0.015,350,0
20090424,0.017,0.018,0.015,0.016,10095,0
20090429,0.015,0.016,0.015,0.016,200,0
20090430,0.016,0.018,0.01,0.011,2000,0
20090505,0.014,0.016,0.014,0.016,10050,0
20090506,0.018,0.022,0.018,0.022,115050,0
20090507,0.022,0.022,0.013,0.013,84,0
20090508,0.013,0.016,0.013,0.014,230,0
20090511,0.014,0.017,0.01,0.017,1200,0
20090513,0.016,0.021,0.014,0.014,139625,0
20090514,0.014,0.02,0.012,0.02,6838,0
20090515,0.014,0.02,0.012,0.014,300,0
20090518,0.014,0.014,0.012,0.014,120,0
20090519,0.014,0.014,0.01,0.014,11270,0
20090520,0.014,0.014,0.011,0.014,580,0
20090522,0.013,0.014,0.007,0.007,600,0
20090525,0.014,0.014,0.014,0.014,6000,0
20090526,0.014,0.014,0.013,0.014,200,0
20090527,0.014,0.014,0.011,0.014,140,0
20090528,0.014,0.014,0.007,0.007,100,0
20090529,0.013,0.014,0.013,0.014,100,0
20090601,0.014,0.014,0.011,0.011,3500,0
20090602,0.013,0.014,0.011,0.014,4440,0
20090603,0.014,0.014,0.013,0.014,510,0
20090604,0.014,0.014,0.011,0.014,400,0
20090605,0.014,0.014,0.014,0.014,1000,0
20090608,0.014,0.015,0.013,0.015,10550,0
20090609,0.015,0.015,0.011,0.014,100,0
20090610,0.014,0.015,0.011,0.015,100,0
20090611,0.014,0.022,0.011,0.015,6215,0
20090612,0.022,0.022,0.011,0.014,35635,0
20090616,0.013,0.014,0.011,0.014,300,0
20090618,0.013,0.013,0.011,0.011,130,0
20090622,0.013,0.014,0.006,0.006,600,0
20090625,0.013,0.014,0.006,0.014,13300,0
20090630,0.013,0.014,0.013,0.014,85,0
20090701,0.014,0.014,0.009,0.009,20100,0
20090702,0.009,0.01,0.005,0.007,600,0
20090703,0.007,0.008,0.007,0.008,300,0
20090706,0.008,0.01,0.007,0.01,61160,0
20090708,0.01,0.011,0.007,0.011,500,0
20090713,0.01,0.01,0.007,0.007,500,0
20090714,0.01,0.01,0.007,0.007,20,0
20090715,0.01,0.011,0.01,0.011,380,0
20090716,0.011,0.011,0.011,0.011,1050,0
20090717,0.011,0.011,0.006,0.011,1400,0
20090720,0.011,0.011,0.011,0.011,220,0
20090722,0.011,0.011,0.011,0.011,190,0
20090724,0.011,0.012,0.011,0.012,5740,0
20090728,0.011,0.012,0.007,0.007,100,0
20090729,0.012,0.012,0.011,0.011,10120,0
20090730,0.011,0.011,0.008,0.008,50,0
20090731,0.008,0.01,0.005,0.009,570,0
20090803,0.009,0.017,0.009,0.017,1600,0
20090804,0.017,0.023,0.017,0.023,1030,0
20090805,0.009,0.03,0.009,0.01,51334,0
20090806,0.017,0.017,0.005,0.007,20000,0
20090807,0.008,0.01,0.006,0.009,41600,0
20090810,0.005,0.01,0.005,0.01,800,0
20090811,0.01,0.011,0.006,0.01,16080,0
20090812,0.009,0.01,0.008,0.009,800,0
20090813,0.009,0.011,0.007,0.007,500,0
20090814,0.011,0.011,0.007,0.009,1670,0
20090818,0.008,0.009,0.007,0.009,486,0
20090819,0.009,0.009,0.006,0.009,200,0
20090820,0.009,0.009,0.006,0.009,1420,0
20090821,0.009,0.009,0.006,0.009,350,0
20090824,0.009,0.018,0.006,0.018,100550,0
20090825,0.018,0.02,0.013,0.013,160570,0
20090826,0.013,0.013,0.007,0.007,150,0
20090827,0.013,0.014,0.008,0.014,700,0
20090831,0.014,0.014,0.007,0.012,3205,0
20090901,0.012,0.012,0.011,0.011,100,0
20090902,0.011,0.012,0.011,0.011,1510,0
20090903,0.011,0.012,0.011,0.011,3876,0
20090904,0.011,0.012,0.011,0.011,4000,0
20090907,0.011,0.012,0.01,0.01,128,0
20090908,0.01,0.012,0.005,0.011,268,0
20090909,0.011,0.012,0.011,0.011,220,0
20090910,0.011,0.012,0.006,0.012,36334,0
20090914,0.013,0.014,0.006,0.014,100,0
20090915,0.014,0.014,0.007,0.007,650,0
20090917,0.013,0.013,0.007,0.011,2420,0
20090918,0.013,0.013,0.007,0.011,2450,0
20090921,0.012,0.013,0.007,0.012,735,0
20090922,0.012,0.013,0.007,0.013,570,0
20090923,0.013,0.013,0.007,0.013,155,0
20090924,0.014,0.014,0.007,0.013,312,0
20090928,0.013,0.013,0.007,0.013,420,0
20090929,0.014,0.014,0.007,0.007,400,0
20090930,0.014,0.014,0.007,0.013,400,0
20091002,0.012,0.013,0.007,0.013,300,0
20091005,0.014,0.014,0.007,0.013,998,0
20091006,0.014,0.014,0.007,0.013,55,0
20091007,0.014,0.014,0.007,0.013,590,0
20091008,0.014,0.014,0.007,0.013,187,0
20091009,0.014,0.014,0.007,0.007,500,0
20091013,0.012,0.013,0.007,0.013,2000,0
20091014,0.012,0.012,0.007,0.007,150,0
20091015,0.013,0.013,0.007,0.013,25500,0
20091019,0.013,0.013,0.007,0.013,200,0
20091021,0.013,0.013,0.007,0.013,8470,0
20091022,0.014,0.014,0.007,0.013,1820,0
20091023,0.019,0.019,0.007,0.014,1030,0
20091027,0.013,0.013,0.007,0.013,200,0
20091028,0.014,0.014,0.007,0.013,18359,0
20091029,0.014,0.014,0.007,0.013,320,0
20091103,0.013,0.013,0.007,0.013,16209,0
20091104,0.013,0.013,0.007,0.013,150,0
20091105,0.014,0.014,0.007,0.013,5220,0
20091106,0.024,0.024,0.007,0.007,2052,0
20091109,0.012,0.012,0.007,0.007,150,0
20091110,0.013,0.021,0.007,0.021,8183,0
20091111,0.013,0.019,0.012,0.012,685,0
20091112,0.013,0.013,0.013,0.013,480,0
20091113,0.013,0.013,0.013,0.013,235,0
20091116,0.012,0.013,0.012,0.013,5694,0
20091117,0.013,0.013,0.007,0.012,680,0
20091118,0.012,0.02,0.007,0.02,350,0
20091119,0.012,0.013,0.012,0.013,200,0
20091123,0.013,0.013,0.007,0.007,2420,0
20091124,0.012,0.015,0.007,0.015,475,0
20091125,0.015,0.015,0.007,0.007,120,0
20091126,0.012,0.012,0.007,0.011,953523,0
20091127,0.01,0.012,0.007,0.011,60160,0
20091130,0.012,0.012,0.006,0.006,720,0
20091201,0.011,0.011,0.005,0.005,120830,0
20091202,0.005,0.011,0.005,0.011,390,0
20091203,0.011,0.013,0.011,0.011,14331,0
20091204,0.011,0.011,0.011,0.011,380,0
20091208,0.01,0.015,0.01,0.011,20220,0
20091209,0.01,0.011,0.01,0.011,350,0
20091210,0.011,0.011,0.007,0.011,335,0
20091211,0.011,0.011,0.006,0.011,875,0
20091214,0.011,0.011,0.006,0.011,573,0
20091215,0.01,0.014,0.006,0.014,654950,0
20091216,0.01,0.011,0.01,0.01,3300,0
20091217,0.01,0.012,0.006,0.012,11640,0
20091218,0.011,0.012,0.006,0.012,200,0
20091221,0.011,0.012,0.01,0.011,44045,0
20091222,0.01,0.01,0.007,0.01,120,0
20091228,0.012,0.013,0.006,0.013,70530,0
20091229,0.012,0.013,0.012,0.012,12153,0
20091230,0.011,0.012,0.006,0.011,100,0
20100104,0.011,0.013,0.01,0.01,2157,0
20100105,0.009,0.012,0.006,0.012,2185,0
20100106,0.011,0.011,0.006,0.009,327170,0
20100107,0.008,0.011,0.006,0.009,494690,0
20100108,0.008,0.008,0.006,0.006,2013,0
20100111,0.006,0.009,0.006,0.009,30100,0
20100112,0.008,0.01,0.006,0.009,142300,0
20100113,0.008,0.009,0.006,0.007,240570,0
20100114,0.006,0.009,0.006,0.008,2090,0
20100115,0.007,0.009,0.006,0.008,1480,0
20100118,0.007,0.009,0.007,0.008,800,0
20100119,0.007,0.008,0.007,0.007,1120,0
20100120,0.007,0.008,0.007,0.008,700,0
20100121,0.007,0.008,0.007,0.007,130455,0
20100122,0.007,0.008,0.007,0.008,475,0
20100125,0.007,0.009,0.007,0.008,694,0
20100126,0.007,0.008,0.004,0.007,657,0
20100127,0.007,0.008,0.007,0.008,240,0
20100128,0.007,0.008,0.007,0.007,14021,0
20100129,0.007,0.008,0.007,0.008,12600,0
20100201,0.007,0.007,0.006,0.006,2537,0
20100202,0.005,0.007,0.005,0.006,486,0
20100203,0.005,0.007,0.005,0.006,1655,0
20100204,0.005,0.007,0.005,0.007,125,0
20100205,0.006,0.007,0.006,0.007,400,0
20100209,0.012,0.012,0.005,0.006,10110,0
20100210,0.005,0.01,0.003,0.01,225300,0
20100211,0.01,0.011,0.005,0.007,647729,0
20100212,0.004,0.01,0.004,0.009,100976,0
20100215,0.004,0.01,0.004,0.007,133,0
20100216,0.004,0.007,0.004,0.007,2418,0
20100217,0.004,0.007,0.004,0.006,100,0
20100218,0.004,0.007,0.004,0.007,400,0
20100219,0.004,0.007,0.004,0.007,300,0
20100222,0.004,0.007,0.004,0.007,2500,0
20100223,0.004,0.007,0.004,0.007,300,0
20100224,0.004,0.007,0.004,0.005,470,0
20100225,0.004,0.007,0.004,0.007,365,0
20100226,0.004,0.007,0.004,0.007,10170,0
20100301,0.004,0.007,0.003,0.003,150,0
20100302,0.004,0.004,0.003,0.003,500,0
20100303,0.004,0.007,0.003,0.007,200,0
20100304,0.004,0.007,0.004,0.007,400,0
20100308,0.006,0.01,0.005,0.01,13383,0
20100309,0.003,0.01,0.003,0.006,100,0
20100310,0.003,0.006,0.003,0.006,150,0
20100311,0.003,0.009,0.003,0.005,100,0
20100312,0.003,0.007,0.003,0.007,78300,0
20100315,0.004,0.009,0.004,0.007,15705,0
20100317,0.003,0.009,0.003,0.009,100200,0
20100318,0.005,0.009,0.005,0.007,410,0
20100319,0.004,0.009,0.004,0.006,45000,0
20100322,0.003,0.009,0.003,0.007,1440,0
20100323,0.004,0.007,0.004,0.007,7091,0
20100324,0.004,0.007,0.004,0.007,200,0
20100325,0.006,0.008,0.006,0.008,1210,0
20100326,0.004,0.009,0.004,0.008,395,0
20100329,0.009,0.009,0.006,0.008,1450,0
20100330,0.008,0.008,0.006,0.007,155674,0
20100331,0.006,0.008,0.006,0.008,125000,0
20100401,0.004,0.008,0.004,0.008,225396,0
20100406,0.004,0.008,0.004,0.008,370,0
20100407,0.003,0.009,0.003,0.009,300403,0
20100408,0.005,0.01,0.005,0.008,200120,0
20100409,0.004,0.01,0.004,0.007,450,0
20100412,0.004,0.01,0.004,0.005,400120,0
20100413,0.005,0.008,0.005,0.008,620100,0
20100414,0.004,0.01,0.004,0.007,4150,0
20100415,0.004,0.008,0.004,0.007,500,0
20100416,0.004,0.008,0.004,0.008,50350,0
20100419,0.004,0.008,0.004,0.005,745,0
20100420,0.004,0.007,0.004,0.007,150660,0
20100421,0.004,0.009,0.004,0.009,200200,0
20100422,0.005,0.008,0.005,0.008,220,0
20100423,0.004,0.008,0.004,0.008,170,0
20100428,0.007,0.01,0.007,0.007,600,0
20100429,0.005,0.01,0.005,0.007,200,0
20100503,0.004,0.01,0.004,0.007,50,0
20100504,0.004,0.01,0.004,0.009,7241,0
20100505,0.007,0.01,0.007,0.008,100000,0
20100506,0.009,0.009,0.007,0.008,101823,0
20100507,0.008,0.008,0.007,0.008,770,0
20100510,0.007,0.008,0.005,0.007,444,0
20100511,0.007,0.008,0.005,0.008,1534,0
20100512,0.007,0.008,0.005,0.008,700,0
20100514,0.007,0.008,0.007,0.008,73,0
20100517,0.008,0.009,0.006,0.009,6980,0
20100518,0.005,0.009,0.005,0.009,420,0
20100519,0.005,0.009,0.004,0.004,565,0
20100524,0.008,0.008,0.008,0.008,65000,0
20100525,0.007,0.007,0.006,0.006,100,0
20100527,0.005,0.008,0.005,0.008,250000,0
20100528,0.007,0.008,0.005,0.008,200,0
20100531,0.007,0.009,0.006,0.006,6850,0
20100601,0.005,0.008,0.005,0.008,110,0
20100607,0.004,0.008,0.004,0.007,180200,0
20100609,0.003,0.007,0.003,0.007,100,0
20100614,0.005,0.008,0.005,0.007,5325,0
20100615,0.009,0.009,0.006,0.007,31120,0
20100616,0.004,0.007,0.004,0.005,1980,0
20100618,0.004,0.007,0.004,0.007,520,0
20100621,0.004,0.008,0.004,0.004,500,0
20100622,0.004,0.005,0.004,0.005,20,0
20100624,0.004,0.005,0.004,0.005,100,0
20100625,0.004,0.004,0.004,0.004,350,0
20100629,0.004,0.007,0.004,0.007,300350,0
20100630,0.004,0.007,0.004,0.004,120,0
20100701,0.004,0.007,0.004,0.007,250,0
20100706,0.003,0.007,0.003,0.006,5000,0
20100707,0.003,0.007,0.003,0.005,950,0
20100708,0.003,0.009,0.003,0.009,113320,0
20100712,0.004,0.007,0.004,0.006,713,0
20100714,0.003,0.007,0.003,0.007,200,0
20100715,0.003,0.007,0.003,0.007,170,0
20100716,0.004,0.007,0.004,0.007,50,0
20100719,0.004,0.007,0.004,0.005,250,0
20100720,0.003,0.007,0.003,0.007,250,0
20100721,0.004,0.007,0.004,0.007,200,0
20100727,0.003,0.007,0.003,0.007,100,0
20100729,0.003,0.007,0.003,0.006,50,0
20100730,0.003,0.007,0.003,0.007,10000,0
20100802,0.003,0.006,0.003,0.006,382,0
20100803,0.003,0.007,0.003,0.006,600,0
20100804,0.004,0.007,0.004,0.007,4195,0
20100805,0.004,0.007,0.004,0.007,180,0
20100806,0.004,0.007,0.003,0.003,650,0
20100809,0.004,0.006,0.003,0.006,100,0
20100810,0.003,0.006,0.003,0.003,70,0
20100811,0.003,0.007,0.003,0.007,5000,0
20100812,0.004,0.006,0.003,0.003,290,0
20100813,0.003,0.006,0.003,0.006,320,0
20100816,0.006,0.007,0.006,0.007,480,0
20100819,0.003,0.007,0.003,0.007,2870,0
20100820,0.004,0.007,0.004,0.007,100,0
20100823,0.007,0.007,0.004,0.006,10,0
20100824,0.003,0.006,0.003,0.006,2700,0
20100825,0.006,0.007,0.006,0.007,213,0
20100826,0.004,0.011,0.004,0.011,35520,0
20100827,0.006,0.01,0.006,0.009,10420,0
20100901,0.003,0.008,0.003,0.008,628173,0
20100902,0.004,0.013,0.004,0.013,1478299,0
20100903,0.007,0.012,0.007,0.01,570070,0
20100906,0.005,0.012,0.005,0.011,120200,0
20100907,0.006,0.012,0.006,0.01,250850,0
20100908,0.005,0.009,0.005,0.008,20000,0
20100910,0.004,0.011,0.004,0.011,40120,0
20100913,0.006,0.011,0.006,0.009,82450,0
20100914,0.005,0.012,0.005,0.012,33100,0
20100915,0.006,0.009,0.006,0.008,75,0
20100916,0.004,0.012,0.004,0.012,14237,0
20100917,0.006,0.019,0.006,0.019,3359205,0
20100920,0.01,0.024,0.01,0.022,519513,0
20100921,0.011,0.019,0.011,0.017,10500,0
20100922,0.009,0.024,0.009,0.018,634569,0
20100923,0.009,0.02,0.009,0.018,115926,0
20100924,0.009,0.022,0.009,0.014,377219,0
20100927,0.007,0.014,0.007,0.014,20440,0
20100928,0.007,0.019,0.007,0.019,1325857,0
20100929,0.01,0.024,0.01,0.024,923986,0
20100930,0.012,0.033,0.012,0.019,246620,0
20101001,0.01,0.021,0.01,0.016,106500,0
20101004,0.014,0.022,0.013,0.015,5200,0
20101005,0.014,0.016,0.011,0.016,10207,0
20101006,0.014,0.022,0.013,0.015,252720,0
20101007,0.014,0.017,0.012,0.014,41050,0
20101008,0.015,0.017,0.009,0.014,118520,0
20101011,0.015,0.017,0.009,0.015,50000,0
20101012,0.014,0.017,0.009,0.013,18100,0
20101014,0.014,0.017,0.009,0.013,2340,0
20101015,0.014,0.017,0.009,0.009,105,0
20101018,0.014,0.017,0.009,0.017,148000,0
20101019,0.01,0.017,0.01,0.017,41310,0
20101020,0.014,0.028,0.012,0.028,1123511,0
20101021,0.023,0.025,0.014,0.024,202318,0
20101022,0.014,0.023,0.013,0.018,200370,0
20101025,0.014,0.026,0.014,0.026,155649,0
20101026,0.028,0.029,0.014,0.026,266900,0
20101027,0.014,0.026,0.014,0.025,50000,0
20101028,0.014,0.025,0.014,0.024,100820,0
20101029,0.014,0.025,0.014,0.023,100207,0
20101101,0.012,0.025,0.012,0.025,51031,0
20101102,0.013,0.025,0.013,0.025,7850,0
20101103,0.013,0.025,0.013,0.021,86473,0
20101104,0.011,0.021,0.011,0.018,100620,0
20101105,0.009,0.021,0.009,0.011,127920,0
20101108,0.008,0.014,0.008,0.014,7900,0
20101109,0.007,0.012,0.007,0.012,320,0
20101110,0.012,0.015,0.012,0.015,50675,0
20101111,0.008,0.021,0.008,0.013,160,0
20101112,0.008,0.013,0.008,0.013,100,0
20101115,0.021,0.021,0.013,0.013,75,0
20101116,0.008,0.013,0.008,0.013,28300,0
20101118,0.007,0.015,0.007,0.015,120,0
20101119,0.008,0.015,0.008,0.015,400,0
20101122,0.008,0.015,0.008,0.015,3030,0
20101123,0.008,0.016,0.008,0.013,81353,0
20101125,0.006,0.013,0.006,0.013,530,0
20101126,0.007,0.013,0.007,0.013,70,0
20101129,0.007,0.013,0.007,0.013,500,0
20101130,0.007,0.013,0.007,0.013,50,0
20101201,0.007,0.013,0.007,0.012,2450,0
20101202,0.006,0.014,0.006,0.014,31750,0
20101206,0.006,0.016,0.006,0.016,138540,0
20101207,0.008,0.024,0.008,0.024,1362500,0
20101208,0.012,0.024,0.012,0.018,212100,0
20101209,0.009,0.023,0.009,0.021,61400,0
20101210,0.011,0.021,0.011,0.021,1886,0
20101213,0.011,0.021,0.011,0.019,4220,0
20101214,0.01,0.022,0.01,0.021,66806,0
20101215,0.011,0.026,0.011,0.021,73120,0
20101216,0.011,0.021,0.011,0.021,10220,0
20101217,0.011,0.021,0.011,0.021,5450,0
20101220,0.011,0.02,0.011,0.018,90100,0
20101221,0.009,0.021,0.009,0.019,87926,0
20101222,0.01,0.02,0.01,0.019,1050,0
20101223,0.028,0.028,0.015,0.019,81245,0
20101227,0.01,0.021,0.01,0.021,372710,0
20101228,0.01,0.02,0.01,0.019,1100,0
20101229,0.01,0.02,0.01,0.019,450,0
20101230,0.01,0.02,0.01,0.018,170,0
20110103,0.018,0.02,0.012,0.013,1196,0
20110104,0.018,0.018,0.013,0.013,480,0
20110105,0.018,0.019,0.014,0.019,80361,0
20110106,0.01,0.024,0.01,0.02,30700,0
20110107,0.01,0.019,0.01,0.016,2790,0
20110110,0.01,0.019,0.01,0.019,925,0
20110111,0.01,0.022,0.01,0.019,8100,0
20110112,0.01,0.019,0.01,0.019,12636,0
20110113,0.01,0.019,0.01,0.019,4051,0
20110114,0.01,0.019,0.01,0.019,387230,0
20110117,0.01,0.019,0.01,0.019,40440,0
20110118,0.01,0.019,0.01,0.019,744,0
20110119,0.011,0.022,0.011,0.02,81431,0
20110120,0.011,0.022,0.011,0.017,151627,0
20110121,0.011,0.018,0.011,0.018,2600,0
20110124,0.011,0.018,0.011,0.017,21500,0
20110125,0.011,0.022,0.011,0.022,24570,0
20110127,0.011,0.018,0.011,0.018,5792,0
20110128,0.011,0.018,0.011,0.018,150,0
20110131,0.011,0.018,0.011,0.016,847,0
20110201,0.016,0.018,0.012,0.018,72990,0
20110202,0.016,0.021,0.012,0.019,13338,0
20110203,0.016,0.022,0.015,0.022,131152,0
20110204,0.011,0.027,0.011,0.024,223900,0
20110207,0.012,0.027,0.012,0.021,46200,0
20110208,0.011,0.026,0.011,0.018,6520,0
20110209,0.011,0.022,0.011,0.022,150,0
20110210,0.011,0.024,0.011,0.024,12126,0
20110211,0.012,0.026,0.012,0.026,147295,0
20110214,0.013,0.027,0.013,0.023,17200,0
20110215,0.012,0.027,0.012,0.023,3480,0
20110216,0.015,0.027,0.012,0.012,220,0
20110217,0.02,0.026,0.02,0.026,250985,0
20110218,0.027,0.034,0.022,0.027,433480,0
20110221,0.027,0.028,0.023,0.026,315150,0
20110222,0.028,0.028,0.02,0.025,67660,0
20110223,0.028,0.028,0.022,0.022,100120,0
20110224,0.028,0.028,0.022,0.022,40700,0
20110225,0.022,0.027,0.019,0.022,45260,0
20110228,0.022,0.027,0.013,0.022,18150,0
20110301,0.022,0.022,0.011,0.022,30350,0
20110302,0.022,0.022,0.011,0.019,3000,0
20110303,0.022,0.026,0.011,0.026,141100,0
20110304,0.022,0.026,0.013,0.025,31249,0
20110307,0.013,0.023,0.013,0.022,12120,0
20110308,0.012,0.024,0.012,0.024,16578,0
20110309,0.022,0.024,0.012,0.024,120,0
20110310,0.012,0.024,0.012,0.022,92120,0
20110311,0.022,0.022,0.011,0.022,150,0
20110314,0.022,0.023,0.011,0.023,34851,0
20110315,0.022,0.022,0.012,0.018,253369,0
20110316,0.022,0.022,0.018,0.018,440,0
20110317,0.018,0.019,0.015,0.015,270,0
20110321,0.018,0.019,0.015,0.019,20350,0
20110322,0.018,0.019,0.014,0.019,60015,0
20110323,0.018,0.019,0.014,0.019,170,0
20110324,0.018,0.018,0.015,0.018,101124,0
20110325,0.018,0.018,0.016,0.016,800,0
20110328,0.018,0.018,0.017,0.018,2170,0
20110329,0.018,0.018,0.013,0.013,250,0
20110330,0.018,0.018,0.018,0.018,1572,0
20110331,0.018,0.018,0.013,0.018,3050,0
20110401,0.018,0.018,0.015,0.015,3250,0
20110404,0.018,0.018,0.013,0.018,1375,0
20110405,0.018,0.018,0.016,0.018,488,0
20110406,0.018,0.018,0.016,0.017,100,0
20110407,0.017,0.023,0.017,0.023,130,0
20110408,0.017,0.02,0.017,0.02,870,0
20110411,0.017,0.02,0.015,0.02,2270,0
20110412,0.017,0.02,0.015,0.019,50240,0
20110413,0.017,0.019,0.015,0.019,100,0
20110414,0.017,0.019,0.015,0.015,225,0
20110415,0.017,0.019,0.015,0.019,29100,0
20110420,0.017,0.019,0.015,0.018,16418,0
20110421,0.018,0.019,0.018,0.018,93100,0
20110426,0.018,0.018,0.017,0.018,450,0
20110428,0.018,0.018,0.015,0.017,57000,0
20110503,0.018,0.018,0.01,0.01,5290,0
20110505,0.016,0.018,0.016,0.018,5500,0
20110506,0.016,0.018,0.016,0.018,520,0
20110509,0.015,0.018,0.015,0.018,4120,0
20110510,0.017,0.019,0.015,0.019,6923,0
20110511,0.017,0.018,0.017,0.018,10000,0
20110512,0.017,0.02,0.017,0.02,1050,0
20110516,0.017,0.02,0.017,0.02,45080,0
20110517,0.02,0.02,0.017,0.018,850,0
20110518,0.02,0.02,0.015,0.018,5000,0
20110519,0.015,0.018,0.015,0.018,160,0
20110520,0.017,0.021,0.015,0.018,34716,0
20110523,0.017,0.017,0.013,0.013,10000,0
20110524,0.007,0.017,0.007,0.017,335,0
20110525,0.008,0.017,0.008,0.017,1000,0
20110526,0.012,0.017,0.012,0.017,370,0
20110527,0.012,0.017,0.012,0.017,230,0
20110530,0.012,0.017,0.012,0.015,1670,0
20110531,0.012,0.023,0.012,0.023,170120,0
20110601,0.015,0.017,0.012,0.017,5542,0
20110602,0.012,0.016,0.012,0.015,320,0
20110606,0.016,0.017,0.012,0.016,100,0
20110607,0.016,0.017,0.012,0.016,115,0
20110608,0.016,0.017,0.013,0.017,5800,0
20110609,0.017,0.019,0.014,0.017,3123,0
20110615,0.017,0.017,0.013,0.017,191521,0
20110616,0.017,0.017,0.012,0.017,120,0
20110617,0.017,0.017,0.014,0.017,3200,0
20110620,0.014,0.017,0.014,0.017,5050,0
20110621,0.014,0.017,0.012,0.017,275,0
20110624,0.014,0.017,0.012,0.012,675,0
20110627,0.014,0.017,0.012,0.015,146,0
20110628,0.016,0.017,0.014,0.015,970,0
20110629,0.014,0.017,0.014,0.015,15100,0
20110630,0.014,0.016,0.012,0.015,101,0
20110701,0.014,0.015,0.014,0.015,320,0
20110704,0.014,0.015,0.014,0.015,366,0
20110705,0.014,0.015,0.012,0.015,143,0
20110706,0.014,0.015,0.012,0.015,4365,0
20110707,0.014,0.015,0.014,0.015,600,0
20110708,0.014,0.015,0.012,0.015,120,0
20110711,0.014,0.015,0.013,0.015,1100,0
20110712,0.014,0.016,0.014,0.015,3950,0
20110713,0.014,0.018,0.014,0.015,12200,0
20110714,0.018,0.018,0.012,0.015,120,0
20110715,0.014,0.018,0.014,0.015,10800,0
20110719,0.017,0.017,0.014,0.015,50,0
20110720,0.017,0.017,0.014,0.015,380,0
20110721,0.017,0.017,0.014,0.015,1500,0
20110722,0.017,0.018,0.014,0.015,35200,0
20110725,0.018,0.018,0.014,0.015,2988,0
20110726,0.017,0.017,0.014,0.015,300,0
20110727,0.014,0.016,0.014,0.015,300,0
20110728,0.014,0.016,0.014,0.015,4800,0
20110729,0.014,0.016,0.012,0.015,235,0
20110801,0.015,0.015,0.008,0.015,20180,0
20110802,0.014,0.015,0.01,0.015,480,0
20110804,0.014,0.015,0.01,0.015,227,0
20110805,0.014,0.015,0.01,0.015,540,0
20110808,0.014,0.015,0.012,0.015,350,0
20110809,0.014,0.015,0.011,0.015,92956,0
20110810,0.014,0.015,0.011,0.015,80000,0
20110811,0.011,0.013,0.011,0.011,32700,0
20110812,0.013,0.013,0.008,0.011,500,0
20110815,0.013,0.014,0.008,0.011,1000,0
20110818,0.011,0.013,0.011,0.011,9000,0
20110822,0.013,0.014,0.011,0.011,179200,0
20110823,0.013,0.013,0.011,0.011,100,0
20110829,0.013,0.013,0.011,0.012,8120,0
20110901,0.011,0.013,0.011,0.011,150,0
20110905,0.011,0.013,0.011,0.012,350,0
20110906,0.011,0.013,0.011,0.012,200,0
20110908,0.013,0.013,0.011,0.012,300,0
20110909,0.011,0.013,0.011,0.011,250,0
20110912,0.013,0.013,0.011,0.012,890,0
20110913,0.013,0.014,0.011,0.014,920,0
20110915,0.014,0.014,0.011,0.014,670,0
20110916,0.014,0.014,0.011,0.014,500,0
20110919,0.014,0.014,0.011,0.014,120,0
20110920,0.011,0.014,0.011,0.011,110230,0
20110921,0.014,0.014,0.01,0.014,31000,0
20110922,0.014,0.014,0.011,0.014,60,0
20110923,0.014,0.014,0.011,0.014,40025,0
20110929,0.013,0.013,0.011,0.012,2120,0
20111003,0.013,0.013,0.011,0.013,12878,0
20111006,0.013,0.013,0.007,0.013,50100,0
20111007,0.013,0.015,0.01,0.013,120,0
20111010,0.013,0.015,0.01,0.013,70050,0
20111011,0.01,0.015,0.01,0.013,780,0
20111012,0.013,0.013,0.01,0.01,425,0
20111013,0.01,0.011,0.01,0.011,480,0
20111017,0.01,0.011,0.01,0.011,4241,0
20111019,0.01,0.011,0.01,0.011,400,0
20111020,0.01,0.011,0.01,0.01,120,0
20111026,0.01,0.011,0.01,0.011,1692,0
20111027,0.01,0.011,0.007,0.007,1380,0
20111028,0.01,0.01,0.007,0.01,226,0
20111031,0.01,0.011,0.007,0.01,300745,0
20111101,0.008,0.014,0.008,0.009,500,0
20111103,0.01,0.01,0.008,0.008,25,0
20111104,0.009,0.01,0.009,0.01,50,0
20111107,0.009,0.01,0.009,0.01,150,0
20111108,0.01,0.01,0.009,0.009,600,0
20111109,0.009,0.01,0.009,0.009,300,0
20111110,0.01,0.01,0.009,0.01,600,0
20111111,0.009,0.01,0.009,0.009,10000,0
20111114,0.01,0.01,0.009,0.009,90,0
20111115,0.01,0.01,0.006,0.006,100425,0
20111117,0.011,0.011,0.007,0.009,40,0
20111118,0.007,0.009,0.007,0.007,30,0
20111122,0.007,0.009,0.007,0.009,200,0
20111123,0.007,0.009,0.007,0.009,320,0
20111124,0.007,0.009,0.007,0.007,30,0
20111125,0.007,0.009,0.007,0.009,1800,0
20111128,0.007,0.009,0.007,0.007,30,0
20111129,0.007,0.009,0.007,0.007,100,0
20111130,0.007,0.008,0.007,0.008,312,0
20111201,0.007,0.009,0.007,0.009,120,0
20111202,0.007,0.009,0.007,0.009,120,0
20111205,0.007,0.01,0.007,0.008,24190,0
20111206,0.008,0.012,0.008,0.011,55000,0
20111208,0.009,0.012,0.008,0.008,130,0
20111209,0.01,0.01,0.007,0.01,125,0
20111212,0.01,0.013,0.007,0.008,630,0
20111213,0.01,0.012,0.008,0.012,25388,0
20111214,0.01,0.012,0.007,0.01,100,0
20111215,0.01,0.012,0.007,0.012,950,0
20111216,0.01,0.012,0.007,0.012,250,0
20111219,0.01,0.012,0.008,0.01,6350,0
20111220,0.01,0.011,0.007,0.011,30600,0
20111221,0.011,0.011,0.009,0.011,45,0
20111222,0.009,0.011,0.009,0.011,375,0
20111223,0.009,0.011,0.009,0.011,150,0
20111227,0.011,0.011,0.008,0.008,3380,0
20111228,0.011,0.011,0.009,0.009,430,0
20111229,0.009,0.01,0.009,0.01,165,0
20111230,0.009,0.01,0.008,0.008,200,0
20120102,0.009,0.009,0.008,0.008,600,0
20120103,0.008,0.009,0.008,0.009,500,0
20120104,0.009,0.01,0.008,0.008,520,0
20120105,0.009,0.009,0.008,0.009,20,0
20120111,0.009,0.011,0.008,0.011,12631,0
20120112,0.011,0.011,0.007,0.01,13041,0
20120113,0.01,0.01,0.007,0.01,3583,0
20120116,0.01,0.01,0.007,0.01,1990,0
20120117,0.01,0.01,0.008,0.01,675,0
20120118,0.01,0.01,0.008,0.01,225,0
20120119,0.01,0.011,0.008,0.011,67421,0
20120120,0.008,0.01,0.008,0.01,250,0
20120123,0.01,0.01,0.008,0.008,710,0
20120124,0.009,0.01,0.009,0.01,1000,0
20120125,0.009,0.01,0.008,0.009,31100,0
20120126,0.01,0.01,0.008,0.01,606,0
20120127,0.009,0.01,0.008,0.01,4200,0
20120130,0.009,0.01,0.008,0.01,1230,0
20120131,0.009,0.01,0.008,0.01,50,0
20120201,0.011,0.012,0.008,0.012,50217,0
20120203,0.011,0.012,0.008,0.011,770,0
20120206,0.011,0.012,0.008,0.012,23104,0
20120207,0.011,0.012,0.009,0.012,51330,0
20120208,0.009,0.012,0.008,0.009,130,0
20120209,0.008,0.008,0.007,0.008,5325,0
20120210,0.012,0.012,0.008,0.012,520,0
20120213,0.009,0.012,0.008,0.012,87,0
20120214,0.012,0.012,0.008,0.012,180,0
20120215,0.012,0.012,0.008,0.012,180,0
20120216,0.012,0.015,0.008,0.009,100128,0
20120217,0.01,0.01,0.008,0.009,200,0
20120220,0.01,0.01,0.008,0.009,40340,0
20120221,0.008,0.01,0.008,0.008,200,0
20120222,0.009,0.01,0.008,0.008,1550,0
20120223,0.008,0.01,0.008,0.009,520,0
20120224,0.008,0.01,0.008,0.008,1355,0
20120227,0.01,0.01,0.008,0.008,125,0
20120228,0.01,0.01,0.008,0.01,5985,0
20120229,0.01,0.01,0.008,0.01,67720,0
20120302,0.01,0.011,0.008,0.011,10100,0
20120305,0.01,0.011,0.008,0.011,6192,0
20120306,0.01,0.011,0.008,0.008,100,0
20120307,0.011,0.011,0.01,0.01,251,0
20120308,0.01,0.011,0.008,0.011,1440,0
20120309,0.008,0.01,0.008,0.008,240,0
20120312,0.01,0.011,0.007,0.011,200,0
20120314,0.01,0.01,0.008,0.008,50,0
20120316,0.01,0.012,0.007,0.012,10236,0
20120319,0.01,0.011,0.007,0.008,310,0
20120320,0.01,0.012,0.007,0.011,20130,0
20120322,0.01,0.011,0.007,0.011,1918,0
20120323,0.01,0.011,0.008,0.011,275,0
20120326,0.01,0.011,0.008,0.011,1660,0
20120328,0.01,0.01,0.008,0.008,580,0
20120329,0.01,0.011,0.007,0.011,1400,0
20120330,0.01,0.011,0.007,0.011,1020,0
20120402,0.007,0.01,0.007,0.008,400,0
20120404,0.008,0.01,0.008,0.008,100,0
20120405,0.008,0.014,0.005,0.014,100,0
20120410,0.009,0.014,0.009,0.013,400,0
20120411,0.008,0.013,0.008,0.008,5120,0
20120412,0.008,0.009,0.005,0.009,275,0
20120413,0.008,0.013,0.005,0.013,120,0
20120416,0.013,0.013,0.013,0.013,2000,0
20120417,0.008,0.013,0.008,0.009,1100,0
20120418,0.008,0.009,0.005,0.009,730,0
20120420,0.008,0.009,0.005,0.009,200,0
20120423,0.008,0.009,0.005,0.009,160,0
20120424,0.008,0.009,0.005,0.009,1150,0
20120425,0.008,0.009,0.005,0.009,50,0
20120426,0.008,0.009,0.005,0.008,1115,0
20120427,0.008,0.009,0.005,0.009,312,0
20120430,0.008,0.009,0.005,0.005,720,0
20120502,0.009,0.009,0.009,0.009,9921,0
20120503,0.008,0.009,0.008,0.009,100,0
20120507,0.009,0.009,0.008,0.009,25275,0
20120510,0.008,0.009,0.008,0.008,100,0
20120511,0.008,0.009,0.005,0.008,30,0
20120514,0.008,0.009,0.005,0.005,1680,0
20120516,0.008,0.008,0.005,0.005,120,0
20120517,0.008,0.009,0.005,0.009,120,0
20120523,0.008,0.009,0.005,0.009,504,0
20120530,0.008,0.009,0.005,0.005,900,0
20120601,0.008,0.011,0.005,0.011,300,0
20120604,0.007,0.008,0.007,0.007,75,0
20120605,0.008,0.009,0.006,0.007,120400,0
20120606,0.007,0.008,0.007,0.007,546,0
20120611,0.008,0.008,0.004,0.007,190,0
20120612,0.007,0.008,0.004,0.007,1180,0
20120615,0.007,0.008,0.004,0.007,2645,0
20120618,0.007,0.008,0.004,0.007,200,0
20120619,0.007,0.008,0.004,0.007,300,0
20120620,0.007,0.008,0.004,0.008,120,0
20120621,0.007,0.008,0.004,0.005,700,0
20120622,0.007,0.007,0.004,0.007,310,0
20120625,0.007,0.008,0.004,0.005,537,0
20120626,0.007,0.008,0.005,0.008,3500,0
20120627,0.008,0.008,0.005,0.007,240,0
20120628,0.007,0.008,0.005,0.008,1500,0
20120629,0.007,0.008,0.005,0.007,200,0
20120702,0.002,0.008,0.002,0.006,350,0
20120703,0.007,0.007,0.006,0.006,20000,0
20120704,0.006,0.007,0.006,0.006,60,0
20120705,0.007,0.008,0.007,0.007,120,0
20120706,0.007,0.008,0.006,0.006,51500,0
20120709,0.006,0.007,0.006,0.007,2205,0
20120710,0.006,0.007,0.006,0.007,100,0
20120712,0.006,0.007,0.006,0.006,240,0
20120713,0.006,0.007,0.006,0.006,320,0
20120716,0.006,0.007,0.006,0.006,350,0
20120718,0.006,0.007,0.006,0.007,550,0
20120719,0.006,0.008,0.006,0.006,10700,0
20120720,0.006,0.007,0.006,0.007,920,0
20120723,0.006,0.007,0.006,0.007,60050,0
20120730,0.007,0.008,0.007,0.008,943,0
20120731,0.007,0.008,0.007,0.008,2250,0
20120801,0.007,0.007,0.006,0.007,488,0
20120802,0.006,0.008,0.006,0.008,2112,0
20120803,0.007,0.008,0.007,0.008,1140,0
20120806,0.008,0.009,0.008,0.008,19753,0
20120807,0.008,0.009,0.008,0.009,3570,0
20120808,0.008,0.009,0.008,0.009,500,0
20120809,0.008,0.009,0.007,0.007,425,0
20120810,0.008,0.01,0.008,0.008,140,0
20120813,0.008,0.009,0.007,0.007,500,0
20120814,0.008,0.009,0.008,0.009,100,0
20120820,0.008,0.009,0.007,0.007,150,0
20120821,0.008,0.009,0.007,0.007,230,0
20120822,0.006,0.008,0.006,0.007,1770,0
20120823,0.006,0.008,0.006,0.007,330,0
20120824,0.006,0.008,0.006,0.007,1770,0
20120827,0.006,0.007,0.006,0.007,7750,0
20120828,0.006,0.007,0.006,0.007,340,0
20120829,0.006,0.007,0.006,0.007,312,0
20120830,0.006,0.007,0.006,0.006,320,0
20120831,0.006,0.007,0.006,0.007,25,0
20120903,0.006,0.007,0.006,0.007,365,0
20120906,0.006,0.007,0.006,0.007,500,0
20120910,0.006,0.007,0.006,0.007,1100,0
20120911,0.006,0.01,0.006,0.007,20820,0
20120912,0.006,0.007,0.006,0.007,500,0
20120913,0.006,0.007,0.006,0.007,170,0
20120914,0.006,0.007,0.006,0.007,100,0
20120917,0.006,0.007,0.006,0.007,520,0
20120918,0.006,0.007,0.006,0.007,100,0
20120919,0.006,0.007,0.006,0.007,1890,0
20120920,0.006,0.007,0.006,0.007,2500,0
20120921,0.007,0.01,0.006,0.01,40120,0
20120924,0.006,0.007,0.006,0.007,620,0
20120925,0.006,0.011,0.006,0.011,1920,0
20120926,0.006,0.011,0.006,0.008,200,0
20120927,0.006,0.008,0.006,0.007,400,0
20120928,0.006,0.006,0.006,0.006,10110,0
20121002,0.006,0.008,0.006,0.008,6120,0
20121004,0.007,0.008,0.005,0.006,320,0
20121005,0.007,0.008,0.003,0.008,430,0
20121008,0.006,0.008,0.004,0.008,50241,0
20121009,0.007,0.01,0.006,0.01,50100,0
20121011,0.006,0.014,0.006,0.008,2250,0
20121012,0.014,0.014,0.006,0.008,1100,0
20121017,0.007,0.008,0.006,0.008,3040,0
20121018,0.007,0.009,0.006,0.009,40000,0
20121023,0.006,0.006,0.003,0.003,550,0
20121024,0.006,0.008,0.006,0.008,120,0
20121026,0.007,0.008,0.006,0.008,750,0
20121029,0.007,0.008,0.006,0.008,5890,0
20121030,0.008,0.008,0.007,0.007,430,0
20121031,0.007,0.007,0.007,0.007,184,0
20121101,0.006,0.007,0.006,0.007,540,0
20121102,0.003,0.007,0.003,0.006,400,0
20121105,0.007,0.007,0.006,0.007,460,0
20121107,0.006,0.007,0.006,0.007,40,0
20121108,0.008,0.008,0.008,0.008,100450,0
20121109,0.003,0.008,0.003,0.008,4,0
20121112,0.006,0.008,0.006,0.008,465,0
20121113,0.008,0.008,0.008,0.008,51900,0
20121114,0.008,0.008,0.008,0.008,610,0
20121116,0.008,0.008,0.008,0.008,177,0
20121119,0.002,0.008,0.002,0.008,750,0
20121120,0.002,0.008,0.002,0.008,600,0
20121121,0.002,0.008,0.002,0.008,23870,0
20121122,0.002,0.008,0.002,0.008,370,0
20121127,0.002,0.008,0.002,0.008,20,0
20121128,0.008,0.008,0.008,0.008,50,0
20121129,0.006,0.008,0.006,0.008,700,0
20121130,0.008,0.008,0.008,0.008,300,0
20121203,0.002,0.008,0.002,0.008,1510,0
20121204,0.002,0.008,0.002,0.008,5070,0
20121206,0.002,0.008,0.002,0.008,50300,0
20121207,0.002,0.008,0.002,0.005,51095,0
20121210,0.008,0.008,0.008,0.008,233,0
20121211,0.002,0.008,0.002,0.008,299400,0
20121212,0.002,0.008,0.002,0.008,5480,0
20121213,0.004,0.009,0.004,0.008,4120,0
20121214,0.002,0.009,0.002,0.009,396460,0
20121217,0.005,0.008,0.005,0.008,710,0
20121218,0.002,0.008,0.002,0.008,370,0
20121220,0.002,0.008,0.002,0.005,100,0
20121221,0.002,0.008,0.002,0.008,100,0
20121227,0.005,0.008,0.005,0.008,3870,0
20121228,0.004,0.008,0.004,0.008,670,0
20130102,0.002,0.008,0.002,0.008,2246,0
20130103,0.002,0.008,0.002,0.008,542,0
20130104,0.004,0.008,0.004,0.008,11120,0
20130107,0.005,0.008,0.004,0.004,230771,0
20130108,0.003,0.004,0.003,0.004,1880,0
20130109,0.003,0.005,0.003,0.005,120,0
20130110,0.004,0.005,0.003,0.003,1520,0
20130111,0.003,0.004,0.002,0.004,201500,0
20130114,0.005,0.005,0.002,0.005,685,0
20130115,0.003,0.005,0.003,0.005,100,0
20130116,0.003,0.006,0.003,0.006,10420,0
20130117,0.005,0.006,0.005,0.006,2455,0
20130118,0.005,0.007,0.005,0.007,217220,0
20130121,0.006,0.008,0.005,0.005,41945,0
20130122,0.007,0.008,0.006,0.008,3865,0
20130123,0.006,0.008,0.006,0.008,161,0
20130124,0.006,0.008,0.006,0.008,860,0
20130125,0.006,0.008,0.005,0.005,1212,0
20130128,0.006,0.008,0.005,0.008,96433,0
20130130,0.006,0.008,0.005,0.008,700,0
20130131,0.006,0.008,0.005,0.005,2727,0
20130201,0.003,0.007,0.003,0.007,420,0
20130205,0.006,0.01,0.006,0.01,4987,0
20130207,0.006,0.007,0.006,0.007,757,0
20130208,0.006,0.007,0.005,0.007,80,0
20130212,0.004,0.008,0.004,0.008,6030,0
20130213,0.006,0.008,0.004,0.008,250,0
20130215,0.006,0.007,0.004,0.006,550,0
20130218,0.006,0.007,0.004,0.006,700,0
20130219,0.006,0.007,0.005,0.007,75,0
20130220,0.006,0.007,0.005,0.006,1538,0
20130221,0.006,0.007,0.005,0.007,190,0
20130222,0.006,0.007,0.005,0.005,300,0
20130225,0.006,0.007,0.004,0.004,424,0
20130226,0.006,0.006,0.004,0.006,400,0
20130227,0.005,0.006,0.004,0.005,322,0
20130228,0.006,0.006,0.004,0.005,22008,0
20130301,0.002,0.01,0.002,0.01,5000,0
20130304,0.002,0.005,0.002,0.005,960,0
20130305,0.003,0.012,0.003,0.012,5270,0
20130306,0.003,0.005,0.003,0.005,240,0
20130307,0.004,0.007,0.003,0.007,2450,0
20130308,0.003,0.005,0.003,0.003,340,0
20130311,0.004,0.007,0.004,0.007,8300,0
20130313,0.005,0.005,0.004,0.004,120,0
20130314,0.005,0.005,0.004,0.005,2830,0
20130315,0.005,0.005,0.004,0.005,164740,0
20130318,0.005,0.006,0.004,0.006,100,0
20130319,0.006,0.006,0.004,0.006,4620,0
20130320,0.005,0.006,0.004,0.006,1030,0
20130322,0.005,0.006,0.004,0.006,150,0
20130325,0.006,0.006,0.004,0.004,18244,0
20130326,0.005,0.006,0.004,0.006,385,0
20130327,0.005,0.006,0.004,0.006,6031,0
20130328,0.004,0.006,0.004,0.004,1825,0
20130402,0.005,0.006,0.003,0.006,66,0
20130403,0.003,0.006,0.003,0.006,400,0
20130404,0.005,0.006,0.004,0.006,50,0
20130408,0.005,0.009,0.003,0.006,306,0
20130409,0.004,0.006,0.004,0.006,80,0
20130410,0.003,0.006,0.003,0.006,5070,0
20130411,0.005,0.006,0.003,0.005,120,0
20130416,0.004,0.005,0.003,0.005,280,0
20130418,0.005,0.006,0.003,0.006,160,0
20130422,0.003,0.006,0.003,0.004,14,0
20130423,0.005,0.005,0.003,0.005,500,0
20130424,0.004,0.006,0.003,0.006,224,0
20130426,0.004,0.005,0.003,0.003,120,0
20130502,0.002,0.004,0.002,0.003,100,0
20130503,0.004,0.004,0.002,0.002,1180,0
20130506,0.002,0.005,0.002,0.005,800,0
20130509,0.002,0.005,0.002,0.005,20,0
20130510,0.003,0.005,0.003,0.005,170,0
20130513,0.004,0.005,0.003,0.003,450,0
20130514,0.003,0.005,0.002,0.005,19800,0
20130515,0.004,0.005,0.002,0.002,185,0
20130516,0.002,0.004,0.002,0.004,2125,0
20130517,0.003,0.004,0.002,0.002,170,0
20130521,0.002,0.005,0.002,0.005,74473,0
20130522,0.002,0.006,0.002,0.006,100,0
20130523,0.002,0.005,0.002,0.002,600,0
20130527,0.002,0.005,0.002,0.005,450,0
20130528,0.002,0.005,0.002,0.005,9270,0
20130529,0.002,0.005,0.002,0.003,35405,0
20130531,0.003,0.003,0.002,0.002,120,0
20130603,0.003,0.005,0.003,0.005,520,0
20130604,0.004,0.005,0.003,0.003,257,0
20130605,0.003,0.005,0.003,0.005,650,0
20130606,0.004,0.005,0.003,0.005,550,0
20130610,0.004,0.005,0.003,0.005,260,0
20130612,0.004,0.005,0.003,0.005,835,0
20130614,0.004,0.005,0.003,0.003,8,0
20130617,0.004,0.005,0.003,0.005,4000,0
20130618,0.004,0.005,0.003,0.005,1220,0
20130619,0.004,0.005,0.003,0.005,1350,0
20130620,0.003,0.006,0.003,0.006,60,0
20130621,0.004,0.008,0.003,0.008,100000,0
20130626,0.003,0.005,0.003,0.005,120,0
20130627,0.004,0.005,0.003,0.005,170,0
20130701,0.002,0.004,0.002,0.003,810,0
20130702,0.003,0.005,0.002,0.005,510,0
20130703,0.004,0.005,0.004,0.005,1120,0
20130704,0.004,0.004,0.002,0.002,150,0
20130708,0.002,0.004,0.002,0.004,230,0
20130710,0.004,0.005,0.002,0.005,200,0
20130711,0.004,0.004,0.004,0.004,120,0
20130712,0.004,0.004,0.002,0.004,12418,0
20130715,0.003,0.005,0.002,0.005,10100,0
20130716,0.003,0.005,0.003,0.005,3715,0
20130717,0.004,0.004,0.003,0.003,150,0
20130718,0.003,0.005,0.002,0.005,220,0
20130719,0.004,0.005,0.003,0.003,500,0
20130723,0.003,0.005,0.002,0.005,120,0
20130724,0.003,0.005,0.003,0.005,50,0
20130725,0.003,0.004,0.003,0.003,370,0
20130729,0.003,0.005,0.002,0.005,1845,0
20130731,0.003,0.004,0.002,0.002,100,0
20130801,0.003,0.003,0.002,0.003,1800,0
20130802,0.003,0.004,0.002,0.002,2600,0
20130805,0.004,0.004,0.002,0.003,995,0
20130806,0.003,0.004,0.002,0.004,270,0
20130807,0.003,0.004,0.002,0.002,2000,0
20130808,0.003,0.006,0.002,0.006,1100,0
20130809,0.003,0.004,0.002,0.002,1600,0
20130812,0.003,0.005,0.002,0.005,3475,0
20130814,0.005,0.005,0.002,0.002,100,0
20130815,0.002,0.002,0.002,0.002,1829,0
20130819,0.002,0.002,0.002,0.002,200,0
20130820,0.002,0.005,0.002,0.005,1749,0
20130821,0.003,0.004,0.003,0.003,100,0
20130823,0.004,0.004,0.002,0.002,100,0
20130826,0.002,0.003,0.002,0.003,200000,0
20130827,0.004,0.006,0.003,0.006,120,0
20130828,0.005,0.008,0.004,0.006,44350,0
20130829,0.005,0.008,0.005,0.008,15900,0
20130830,0.006,0.007,0.005,0.005,220,0
20130902,0.007,0.007,0.004,0.005,900,0
20130903,0.003,0.007,0.003,0.004,1050,0
20130905,0.004,0.004,0.004,0.004,1050,0
20130906,0.007,0.007,0.004,0.005,200,0
20130909,0.004,0.007,0.004,0.005,3120,0
20130910,0.005,0.006,0.004,0.005,164056,0
20130911,0.005,0.005,0.003,0.005,330,0
20130912,0.004,0.004,0.003,0.003,370,0
20130913,0.004,0.004,0.003,0.003,130,0
20130916,0.003,0.003,0.003,0.003,2000,0
20130917,0.004,0.005,0.003,0.005,180,0
20130918,0.005,0.011,0.003,0.011,20300,0
20130919,0.003,0.011,0.003,0.003,1000,0
20130920,0.011,0.011,0.003,0.003,30304,0
20130923,0.011,0.011,0.003,0.005,75,0
20130924,0.005,0.005,0.003,0.005,1150,0
20130925,0.003,0.005,0.003,0.005,20,0
20130926,0.011,0.011,0.003,0.005,1300,0
20130927,0.011,0.011,0.003,0.004,100,0
20130930,0.011,0.011,0.003,0.005,80,0
20131001,0.004,0.005,0.003,0.005,290,0
20131002,0.004,0.005,0.003,0.003,870,0
20131003,0.004,0.005,0.003,0.005,120,0
20131004,0.004,0.005,0.003,0.005,370,0
20131007,0.004,0.005,0.003,0.003,150,0
20131008,0.004,0.004,0.002,0.002,80,0
20131009,0.004,0.004,0.002,0.002,470,0
20131010,0.003,0.003,0.002,0.002,60,0
20131014,0.004,0.004,0.002,0.003,40120,0
20131015,0.004,0.004,0.002,0.002,420,0
20131016,0.003,0.003,0.002,0.003,20100,0
20131017,0.003,0.004,0.002,0.004,725,0
20131018,0.002,0.004,0.002,0.002,1650,0
20131021,0.004,0.004,0.002,0.002,290,0
20131022,0.003,0.004,0.002,0.004,350,0
20131024,0.003,0.004,0.002,0.004,75470,0
20131025,0.003,0.006,0.002,0.002,41500,0
20131028,0.003,0.003,0.002,0.002,1945,0
20131029,0.003,0.003,0.002,0.002,200,0
20131031,0.002,0.002,0.002,0.002,4840,0
20131104,0.004,0.005,0.003,0.005,740,0
20131105,0.003,0.005,0.003,0.005,2366,0
20131106,0.003,0.005,0.003,0.003,70,0
20131107,0.004,0.004,0.003,0.003,150,0
20131108,0.004,0.005,0.003,0.005,60,0
20131111,0.004,0.005,0.003,0.003,8927,0
20131113,0.003,0.005,0.003,0.005,520,0
20131114,0.003,0.005,0.003,0.005,200,0
20131115,0.004,0.004,0.004,0.004,12200,0
20131118,0.004,0.006,0.004,0.005,3140,0
20131119,0.005,0.005,0.004,0.004,200,0
20131120,0.005,0.007,0.004,0.007,1501,0
20131121,0.004,0.005,0.004,0.004,500,0
20131122,0.004,0.006,0.004,0.004,170,0
20131125,0.005,0.006,0.004,0.006,200,0
20131126,0.005,0.005,0.004,0.004,400,0
20131127,0.005,0.006,0.004,0.004,1395,0
20131128,0.004,0.006,0.004,0.006,10025,0
20131129,0.004,0.006,0.004,0.006,270,0
20131202,0.002,0.005,0.002,0.002,615,0
20131203,0.004,0.004,0.002,0.004,20140,0
20131204,0.002,0.005,0.002,0.005,2120,0
20131205,0.004,0.005,0.003,0.005,600,0
20131209,0.005,0.005,0.003,0.005,1816,0
20131210,0.005,0.007,0.004,0.004,577,0
20131211,0.005,0.005,0.004,0.005,2152,0
20131212,0.005,0.007,0.005,0.006,353,0
20131213,0.007,0.007,0.005,0.005,120,0
20131216,0.007,0.007,0.005,0.006,300,0
20131218,0.005,0.007,0.005,0.007,80320,0
20131219,0.007,0.007,0.005,0.005,2360,0
20131223,0.016,0.016,0.005,0.005,5700,0
20131227,0.006,0.007,0.005,0.007,55068,0
20131230,0.005,0.008,0.004,0.004,520,0
20140102,0.003,0.007,0.002,0.007,10065,0
20140103,0.005,0.01,0.005,0.009,977680,0
20140106,0.005,0.008,0.005,0.006,95,0
20140107,0.005,0.007,0.004,0.006,287,0
20140108,0.005,0.007,0.004,0.006,3100,0
20140109,0.005,0.007,0.004,0.006,2000,0
20140110,0.005,0.007,0.004,0.006,660,0
20140115,0.006,0.007,0.004,0.006,640,0
20140116,0.007,0.007,0.004,0.006,1720,0
20140117,0.005,0.007,0.005,0.006,95,0
20140120,0.005,0.007,0.005,0.005,2550,0
20140121,0.005,0.007,0.004,0.007,100590,0
20140122,0.006,0.007,0.004,0.006,345,0
20140123,0.005,0.007,0.005,0.007,320,0
20140124,0.007,0.008,0.005,0.008,77190,0
20140127,0.005,0.008,0.005,0.007,414670,0
20140128,0.005,0.007,0.005,0.007,1815,0
20140129,0.005,0.007,0.004,0.007,62962,0
20140130,0.007,0.007,0.004,0.007,200,0
20140131,0.005,0.007,0.004,0.006,500,0
20140203,0.007,0.008,0.003,0.008,280,0
20140204,0.005,0.01,0.004,0.008,17977,0
20140205,0.006,0.007,0.004,0.006,217,0
20140206,0.007,0.007,0.004,0.006,120,0
20140207,0.005,0.007,0.004,0.007,140,0
20140210,0.007,0.007,0.004,0.006,510,0
20140211,0.005,0.007,0.004,0.006,150,0
20140212,0.006,0.007,0.004,0.007,525,0
20140213,0.007,0.007,0.004,0.005,310,0
20140214,0.005,0.007,0.004,0.007,711,0
20140217,0.005,0.007,0.004,0.006,3960,0
20140218,0.005,0.007,0.004,0.005,736,0
20140219,0.005,0.007,0.004,0.007,195,0
20140221,0.007,0.007,0.004,0.007,575,0
20140224,0.005,0.007,0.004,0.007,450,0
20140225,0.007,0.007,0.005,0.006,2462,0
20140226,0.005,0.007,0.005,0.005,1165,0
20140227,0.005,0.007,0.005,0.005,300,0
20140228,0.006,0.007,0.005,0.007,472,0
20140303,0.007,0.007,0.004,0.005,270,0
20140304,0.008,0.008,0.005,0.005,3391,0
20140307,0.005,0.007,0.003,0.004,2175,0
20140310,0.007,0.007,0.003,0.004,350,0
20140311,0.005,0.005,0.003,0.004,600,0
20140313,0.005,0.007,0.003,0.007,120,0
20140314,0.005,0.007,0.005,0.007,50,0
20140317,0.007,0.007,0.004,0.004,300,0
20140318,0.007,0.007,0.003,0.004,350,0
20140319,0.005,0.005,0.003,0.004,1525,0
20140320,0.007,0.007,0.003,0.007,1375,0
20140321,0.007,0.007,0.004,0.004,120,0
20140324,0.004,0.004,0.003,0.004,1300,0
20140325,0.004,0.004,0.003,0.004,830,0
20140327,0.007,0.007,0.003,0.004,500,0
20140328,0.004,0.007,0.003,0.007,65,0
20140331,0.007,0.007,0.004,0.004,50,0
20140408,0.007,0.007,0.003,0.004,2885,0
20140409,0.005,0.005,0.003,0.004,500,0
20140410,0.004,0.004,0.003,0.004,575,0
20140414,0.004,0.007,0.003,0.007,250,0
20140415,0.004,0.007,0.004,0.004,100,0
20140416,0.007,0.007,0.003,0.004,100,0
20140428,0.004,0.004,0.003,0.004,10105,0
20140429,0.007,0.007,0.003,0.004,10720,0
20140430,0.005,0.005,0.003,0.004,350,0
20140502,0.004,0.007,0.003,0.007,210,0
20140505,0.004,0.007,0.004,0.004,1120,0
20140506,0.004,0.004,0.003,0.004,1412,0
20140507,0.004,0.005,0.003,0.005,15446,0
20140508,0.007,0.007,0.003,0.004,360,0
20140509,0.007,0.007,0.003,0.007,1573,0
20140514,0.007,0.007,0.004,0.004,11000,0
20140515,0.007,0.007,0.003,0.004,935,0
20140516,0.007,0.007,0.003,0.004,10120,0
20140519,0.007,0.007,0.003,0.004,40,0
20140522,0.007,0.007,0.003,0.004,3055,0
20140523,0.007,0.007,0.003,0.004,739,0
20140527,0.007,0.007,0.003,0.004,690,0
20140528,0.007,0.007,0.003,0.007,120,0
20140529,0.007,0.007,0.007,0.007,500,0
20140530,0.006,0.006,0.004,0.004,737,0
20140602,0.006,0.006,0.003,0.005,220,0
20140603,0.005,0.005,0.003,0.003,200,0
20140604,0.005,0.005,0.003,0.003,270,0
20140606,0.005,0.005,0.003,0.003,400,0
20140610,0.005,0.005,0.003,0.003,200,0
20140612,0.003,0.003,0.003,0.003,100800,0
20140616,0.005,0.005,0.003,0.003,350,0
20140617,0.005,0.005,0.002,0.003,200,0
20140623,0.005,0.005,0.002,0.003,570,0
20140624,0.003,0.003,0.002,0.003,1190,0
20140625,0.003,0.003,0.002,0.003,620,0
20140626,0.005,0.005,0.002,0.003,50,0
20140627,0.003,0.005,0.002,0.005,3000,0
20140630,0.005,0.007,0.003,0.003,1193,0
20140702,0.006,0.006,0.003,0.003,950,0
20140703,0.006,0.006,0.003,0.003,330,0
20140704,0.006,0.006,0.002,0.006,650,0
20140707,0.006,0.006,0.003,0.003,1250,0
20140708,0.006,0.006,0.002,0.003,75,0
20140709,0.006,0.006,0.002,0.003,660,0
20140711,0.003,0.006,0.002,0.006,565,0
20140714,0.006,0.006,0.006,0.006,150,0
20140715,0.006,0.006,0.003,0.003,10326,0
20140717,0.006,0.006,0.002,0.003,600,0
20140718,0.003,0.003,0.002,0.003,170,0
20140721,0.006,0.006,0.003,0.003,1300,0
20140723,0.006,0.006,0.003,0.003,150,0
20140724,0.006,0.006,0.003,0.003,700,0
20140725,0.006,0.006,0.003,0.003,11200,0
20140728,0.006,0.006,0.003,0.003,23406,0
20140731,0.003,0.003,0.003,0.003,550,0
20140801,0.003,0.003,0.003,0.003,164444,0
20140804,0.003,0.003,0.002,0.003,239,0
20140805,0.006,0.006,0.002,0.003,20,0
20140807,0.006,0.006,0.002,0.003,50,0
20140808,0.006,0.006,0.002,0.003,90,0
20140811,0.006,0.006,0.002,0.003,120,0
20140812,0.006,0.006,0.002,0.003,4650,0
20140814,0.006,0.006,0.002,0.003,320,0
20140815,0.006,0.006,0.002,0.006,150,0
20140818,0.006,0.006,0.003,0.003,60,0
20140819,0.006,0.006,0.002,0.003,340,0
20140820,0.003,0.003,0.002,0.003,60,0
20140821,0.006,0.006,0.002,0.003,585,0
20140822,0.003,0.007,0.002,0.007,300,0
20140826,0.007,0.007,0.004,0.004,200,0
20140827,0.007,0.007,0.003,0.004,250,0
20140828,0.004,0.004,0.003,0.004,6390,0
20140829,0.007,0.007,0.003,0.007,20,0
20140901,0.006,0.006,0.003,0.003,3000,0
20140902,0.004,0.004,0.002,0.003,820,0
20140904,0.005,0.005,0.003,0.004,1490,0
20140908,0.005,0.005,0.003,0.004,820,0
20140909,0.004,0.005,0.003,0.004,20,0
20140910,0.005,0.005,0.003,0.004,820,0
20140911,0.005,0.005,0.003,0.004,36313,0
20140912,0.007,0.007,0.005,0.006,1746540,0
20140915,0.007,0.008,0.006,0.006,62870,0
20140917,0.008,0.008,0.005,0.006,765,0
20140918,0.008,0.008,0.006,0.008,241440,0
20140919,0.008,0.008,0.005,0.008,995,0
20140923,0.008,0.008,0.006,0.006,103409,0
20140924,0.007,0.007,0.004,0.004,226,0
20140925,0.007,0.007,0.004,0.007,152390,0
20140926,0.007,0.008,0.005,0.006,2000,0
20140930,0.007,0.007,0.005,0.006,20130,0
20141006,0.007,0.007,0.005,0.006,150,0
20141007,0.006,0.007,0.006,0.007,10190,0
20141008,0.007,0.007,0.006,0.006,1200,0
20141010,0.007,0.007,0.005,0.006,110025,0
20141013,0.007,0.007,0.005,0.006,50482,0
20141016,0.007,0.007,0.005,0.005,42624,0
20141020,0.006,0.006,0.004,0.004,11250,0
20141021,0.006,0.006,0.004,0.004,850,0
20141022,0.007,0.007,0.004,0.004,1000,0
20141024,0.006,0.007,0.003,0.007,39,0
20141027,0.007,0.007,0.004,0.004,20,0
20141028,0.006,0.006,0.003,0.004,220,0
20141029,0.006,0.006,0.003,0.004,200,0
20141031,0.006,0.006,0.004,0.004,240,0
20141105,0.004,0.006,0.004,0.004,325,0
20141106,0.004,0.006,0.004,0.004,220,0
20141107,0.004,0.006,0.004,0.004,120,0
20141110,0.006,0.006,0.004,0.004,220,0
20141111,0.006,0.006,0.004,0.004,200,0
20141112,0.004,0.006,0.004,0.004,30666,0
20141113,0.004,0.006,0.003,0.003,15000,0
20141118,0.007,0.007,0.003,0.003,20100,0
20141120,0.005,0.005,0.003,0.003,2500,0
20141121,0.003,0.005,0.003,0.005,450,0
20141124,0.005,0.005,0.003,0.003,990,0
20141125,0.005,0.005,0.003,0.003,650,0
20141126,0.005,0.005,0.003,0.003,300,0
20141127,0.005,0.005,0.003,0.003,500,0
20141128,0.005,0.005,0.003,0.003,150150,0
20141201,0.004,0.004,0.002,0.003,120,0
20141202,0.004,0.004,0.002,0.002,61720,0
20141203,0.003,0.003,0.002,0.003,1045,0
20141204,0.004,0.004,0.002,0.003,15100,0
20141205,0.004,0.004,0.002,0.003,100,0
20141208,0.005,0.005,0.003,0.004,40,0
20141209,0.004,0.005,0.003,0.005,240,0
20141210,0.005,0.005,0.003,0.004,5990,0
20141211,0.005,0.005,0.003,0.004,5700,0
20141212,0.004,0.005,0.003,0.004,95,0
20141215,0.004,0.005,0.003,0.004,1870,0
20141216,0.003,0.003,0.003,0.003,10120,0
20141218,0.004,0.005,0.003,0.005,7420,0
20141219,0.005,0.006,0.004,0.004,22630,0
20141222,0.004,0.005,0.003,0.005,775,0
20141223,0.005,0.005,0.003,0.004,200090,0
20141229,0.004,0.004,0.003,0.003,1300,0
20150102,0.002,0.007,0.002,0.007,275515,0
20150105,0.007,0.008,0.004,0.006,133000,0
20150106,0.006,0.007,0.005,0.007,382100,0
20150107,0.009,0.01,0.006,0.007,230850,0
20150108,0.008,0.009,0.005,0.006,63670,0
20150112,0.008,0.008,0.004,0.005,20290,0
20150113,0.005,0.005,0.004,0.005,11135,0
20150114,0.007,0.007,0.004,0.005,46959,0
20150115,0.008,0.008,0.004,0.005,985,0
20150119,0.008,0.008,0.004,0.004,1170,0
20150120,0.007,0.007,0.004,0.004,125,0
20150121,0.004,0.004,0.004,0.004,150822,0
20150122,0.006,0.006,0.004,0.004,400,0
20150123,0.006,0.006,0.004,0.004,1320,0
20150126,0.006,0.006,0.004,0.004,4057,0
20150127,0.004,0.006,0.004,0.004,2460,0
20150128,0.004,0.006,0.004,0.004,515,0
20150129,0.006,0.006,0.004,0.004,3080,0
20150130,0.006,0.006,0.004,0.004,1990,0
20150202,0.006,0.006,0.004,0.004,1100,0
20150203,0.004,0.005,0.004,0.004,370,0
20150204,0.01,0.01,0.004,0.004,970,0
20150205,0.004,0.005,0.004,0.004,450,0
20150206,0.005,0.005,0.004,0.004,170,0
20150209,0.005,0.005,0.004,0.004,520,0
20150210,0.004,0.006,0.004,0.004,15387,0
20150211,0.006,0.006,0.004,0.006,275300,0
20150212,0.006,0.006,0.004,0.005,50500,0
20150213,0.005,0.006,0.004,0.005,2370,0
20150216,0.006,0.006,0.004,0.005,14314,0
20150217,0.005,0.006,0.004,0.004,34450,0
20150218,0.004,0.006,0.004,0.004,250,0
20150219,0.004,0.007,0.004,0.007,222500,0
20150220,0.007,0.008,0.004,0.007,144082,0
20150223,0.007,0.007,0.005,0.005,520,0
20150224,0.005,0.007,0.004,0.005,1332,0
20150225,0.005,0.007,0.004,0.005,36747,0
20150226,0.005,0.007,0.004,0.005,6396,0
20150227,0.005,0.007,0.004,0.005,592,0
20150302,0.005,0.007,0.004,0.004,8920,0
20150303,0.005,0.007,0.004,0.007,442,0
20150304,0.005,0.007,0.004,0.005,11282,0
20150305,0.005,0.006,0.004,0.005,800,0
20150306,0.005,0.005,0.004,0.005,22400,0
20150309,0.005,0.007,0.004,0.005,620,0
20150310,0.005,0.007,0.004,0.005,1445,0
20150311,0.005,0.007,0.004,0.004,680,0
20150312,0.005,0.005,0.004,0.004,282,0
20150313,0.007,0.007,0.004,0.007,1600,0
20150316,0.004,0.007,0.004,0.004,2450,0
20150317,0.004,0.004,0.004,0.004,1300,0
20150318,0.006,0.006,0.004,0.004,1250,0
20150319,0.004,0.006,0.004,0.004,4100,0
20150320,0.004,0.004,0.004,0.004,400050,0
20150323,0.004,0.006,0.004,0.004,240,0
20150324,0.004,0.006,0.004,0.004,532,0
20150325,0.004,0.004,0.004,0.004,9621,0
20150326,0.004,0.006,0.004,0.004,400,0
20150331,0.004,0.006,0.004,0.004,6800,0
20150401,0.004,0.006,0.004,0.004,230,0
20150402,0.004,0.006,0.004,0.004,1250,0
20150407,0.004,0.007,0.004,0.007,48640,0
20150408,0.004,0.005,0.004,0.005,60,0
20150413,0.004,0.005,0.004,0.005,200,0
20150414,0.004,0.004,0.004,0.004,400,0
20150415,0.004,0.005,0.004,0.004,18932,0
20150416,0.004,0.005,0.004,0.005,580,0
20150417,0.004,0.005,0.004,0.004,1200,0
20150420,0.007,0.007,0.004,0.004,100280,0
20150421,0.004,0.004,0.004,0.004,200,0
20150422,0.004,0.004,0.004,0.004,120,0
20150424,0.004,0.008,0.004,0.008,125080,0
20150427,0.004,0.004,0.004,0.004,170,0
20150428,0.004,0.005,0.004,0.005,1000,0
20150504,0.004,0.004,0.004,0.004,200,0
20150505,0.004,0.005,0.004,0.005,50,0
20150506,0.005,0.005,0.005,0.005,31450,0
20150507,0.004,0.004,0.004,0.004,400,0
20150511,0.004,0.004,0.004,0.004,29300,0
20150512,0.004,0.004,0.004,0.004,100,0
20150513,0.004,0.004,0.004,0.004,150,0
20150518,0.004,0.004,0.004,0.004,687,0
20150519,0.004,0.005,0.004,0.005,119,0
20150520,0.004,0.005,0.004,0.005,200,0
20150521,0.004,0.005,0.004,0.005,50,0
20150522,0.004,0.004,0.004,0.004,2411,0
20150526,0.004,0.005,0.004,0.004,630,0
20150527,0.004,0.004,0.004,0.004,450,0
20150528,0.004,0.004,0.004,0.004,793,0
20150529,0.004,0.004,0.004,0.004,800,0
20150601,0.004,0.005,0.004,0.005,130,0
20150602,0.004,0.004,0.004,0.004,180,0
20150603,0.004,0.005,0.004,0.005,5420,0
20150604,0.006,0.006,0.006,0.006,3000,0
20150605,0.004,0.004,0.004,0.004,150,0
20150608,0.005,0.005,0.005,0.005,10360,0
20150609,0.004,0.004,0.004,0.004,155,0
20150610,0.004,0.004,0.004,0.004,115,0
20150611,0.004,0.004,0.004,0.004,550,0
20150612,0.004,0.005,0.004,0.005,325,0
20150615,0.004,0.004,0.004,0.004,170,0
20150616,0.004,0.004,0.004,0.004,1226,0
20150617,0.004,0.004,0.004,0.004,10075,0
20150618,0.004,0.004,0.004,0.004,250,0
20150624,0.004,0.005,0.004,0.005,750,0
20150625,0.004,0.004,0.004,0.004,200,0
20150626,0.004,0.004,0.004,0.004,100,0
20150629,0.004,0.004,0.004,0.004,720,0
20150630,0.004,0.004,0.004,0.004,50,0
20150701,0.004,0.005,0.004,0.005,13520,0
20150703,0.004,0.005,0.004,0.005,170,0
20150707,0.004,0.004,0.004,0.004,10000,0
20150708,0.004,0.004,0.004,0.004,50,0
20150709,0.004,0.004,0.004,0.004,180,0
20150710,0.004,0.004,0.004,0.004,1350,0
20150714,0.004,0.004,0.004,0.004,11,0
20150715,0.004,0.004,0.004,0.004,1000,0
20150716,0.004,0.004,0.004,0.004,640,0
20150717,0.004,0.005,0.004,0.005,485,0
20150720,0.004,0.005,0.004,0.004,210,0
20150723,0.004,0.004,0.004,0.004,960,0
20150724,0.004,0.004,0.004,0.004,150,0
20150727,0.004,0.004,0.004,0.004,100,0
20150728,0.004,0.005,0.004,0.005,1228,0
20150730,0.004,0.005,0.004,0.004,672,0
20150805,0.004,0.005,0.004,0.005,70,0
20150806,0.004,0.004,0.004,0.004,7452,0
20150807,0.004,0.005,0.004,0.005,70,0
20150811,0.005,0.005,0.004,0.005,2055,0
20150813,0.004,0.005,0.004,0.005,725,0
20150814,0.004,0.005,0.004,0.004,2500,0
20150817,0.004,0.006,0.004,0.006,4000,0
20150820,0.004,0.004,0.003,0.003,55000,0
20150821,0.003,0.004,0.003,0.004,450,0
20150824,0.003,0.003,0.003,0.003,180,0
20150825,0.003,0.004,0.003,0.003,1100,0
20150826,0.003,0.004,0.003,0.004,1200,0
20150828,0.003,0.003,0.003,0.003,240,0
20150831,0.003,0.004,0.003,0.004,295,0
20150903,0.003,0.003,0.003,0.003,20,0
20150908,0.003,0.003,0.003,0.003,14317,0
20150909,0.003,0.003,0.003,0.003,225,0
20150914,0.003,0.003,0.003,0.003,1435,0
20150915,0.003,0.005,0.003,0.004,176000,0
20150921,0.003,0.004,0.003,0.004,80,0
20150922,0.003,0.004,0.003,0.004,250,0
20150923,0.003,0.003,0.003,0.003,120,0
20150924,0.003,0.003,0.003,0.003,50,0
20150925,0.003,0.003,0.003,0.003,50,0
20150928,0.003,0.003,0.003,0.003,1000,0
20150929,0.003,0.003,0.003,0.003,5000,0
20150930,0.003,0.004,0.003,0.004,60,0
20151002,0.003,0.003,0.003,0.003,120,0
20151008,0.003,0.004,0.003,0.004,218,0
20151012,0.003,0.004,0.003,0.004,35400,0
20151013,0.003,0.004,0.003,0.003,140,0
20151014,0.003,0.004,0.003,0.004,187,0
20151015,0.003,0.003,0.003,0.003,100,0
20151016,0.006,0.006,0.006,0.006,15000,0
20151019,0.005,0.005,0.004,0.004,8510,0
20151020,0.003,0.004,0.003,0.004,100,0
20151021,0.003,0.004,0.003,0.004,500,0
20151022,0.003,0.004,0.003,0.004,8275,0
20151023,0.003,0.003,0.003,0.003,20300,0
20151026,0.003,0.003,0.003,0.003,200,0
20151027,0.003,0.003,0.003,0.003,2000,0
20151028,0.003,0.003,0.003,0.003,300,0
20151030,0.003,0.003,0.003,0.003,22,0
20151102,0.003,0.003,0.003,0.003,100,0
20151103,0.003,0.003,0.003,0.003,700,0
20151112,0.003,0.003,0.003,0.003,755,0
20151116,0.001,0.002,0.001,0.002,265,0
20151123,0.002,0.002,0.002,0.002,200,0
20151125,0.002,0.003,0.002,0.003,50,0
20151130,0.002,0.003,0.002,0.003,50147,0
20151202,0.002,0.002,0.002,0.002,17320,0
20151204,0.002,0.002,0.002,0.002,10330,0
20151209,0.002,0.003,0.002,0.003,150,0
20151211,0.002,0.002,0.002,0.002,100,0
20151216,0.002,0.002,0.002,0.002,225,0
20151217,0.002,0.002,0.002,0.002,500,0
20151223,0.002,0.002,0.002,0.002,22050,0
20151228,0.002,0.002,0.002,0.002,1510,0
20151229,0.002,0.003,0.002,0.003,500,0
20151230,0.002,0.003,0.002,0.003,120,0
20160104,0.002,0.003,0.002,0.003,175,0
20160111,0.002,0.002,0.002,0.002,6,0
20160112,0.002,0.003,0.002,0.003,100,0
20160114,0.002,0.002,0.002,0.002,580,0
20160119,0.002,0.002,0.002,0.002,10500,0
20160121,0.002,0.002,0.002,0.002,120,0
20160125,0.002,0.002,0.002,0.002,300,0
20160126,0.002,0.002,0.002,0.002,148,0
20160127,0.002,0.003,0.002,0.003,1400,0
20160128,0.002,0.002,0.002,0.002,660,0
20160129,0.002,0.002,0.002,0.002,700,0
20160201,0.002,0.002,0.002,0.002,56825,0
20160204,0.002,0.003,0.002,0.003,250,0
20160205,0.002,0.002,0.002,0.002,1190,0
20160208,0.002,0.002,0.002,0.002,10100,0
20160210,0.002,0.003,0.002,0.003,13,0
20160215,0.002,0.003,0.002,0.003,500,0
20160216,0.003,0.004,0.003,0.003,106570,0
20160218,0.003,0.003,0.003,0.003,60530,0
20160219,0.002,0.003,0.002,0.003,50,0
20160222,0.002,0.002,0.002,0.002,650,0
20160223,0.002,0.002,0.002,0.002,100,0
20160224,0.002,0.003,0.002,0.003,120,0
20160226,0.002,0.002,0.002,0.002,110,0
20160301,0.002,0.002,0.002,0.002,1250,0
20160302,0.002,0.004,0.002,0.004,359455,0
20160304,0.003,0.005,0.003,0.004,160000,0
20160307,0.003,0.004,0.003,0.003,60050,0
20160309,0.002,0.003,0.002,0.002,2120,0
20160311,0.002,0.002,0.002,0.002,126,0
20160314,0.002,0.002,0.002,0.002,7000,0
20160315,0.002,0.002,0.002,0.002,1700,0
20160316,0.002,0.003,0.002,0.003,276,0
20160321,0.002,0.002,0.002,0.002,60,0
20160322,0.002,0.002,0.002,0.002,140,0
20160324,0.002,0.002,0.002,0.002,70,0
20160331,0.002,0.002,0.002,0.002,100,0
20160401,0.002,0.008,0.002,0.008,100000,0
20160406,0.003,0.008,0.003,0.008,28000,0
20160407,0.003,0.004,0.003,0.004,130,0
20160408,0.003,0.004,0.003,0.004,351,0
20160411,0.003,0.005,0.003,0.005,100704,0
20160414,0.006,0.006,0.004,0.004,100040,0
20160415,0.004,0.006,0.004,0.006,50100,0
20160418,0.005,0.006,0.005,0.006,51480,0
20160421,0.005,0.005,0.005,0.005,193,0
20160422,0.005,0.006,0.005,0.006,420,0
20160425,0.005,0.006,0.005,0.006,270,0
20160426,0.005,0.006,0.005,0.006,120,0
20160502,0.005,0.005,0.005,0.005,210,0
20160503,0.005,0.005,0.005,0.005,60,0
20160504,0.005,0.005,0.005,0.005,15000,0
20160506,0.005,0.006,0.005,0.006,8504,0
20160509,0.006,0.006,0.006,0.006,200,0
20160510,0.005,0.005,0.005,0.005,600,0
20160512,0.005,0.006,0.005,0.006,325,0
20160513,0.005,0.006,0.005,0.006,200,0
20160524,0.005,0.005,0.005,0.005,276,0
20160531,0.005,0.005,0.005,0.005,100,0
20160601,0.005,0.005,0.005,0.005,10000,0
20160602,0.002,0.002,0.002,0.002,50,0
20160606,0.002,0.007,0.002,0.007,7700,0
20160607,0.002,0.002,0.002,0.002,200,0
20160608,0.002,0.002,0.002,0.002,141,0
20160609,0.003,0.003,0.003,0.003,11300,0
20160616,0.003,0.003,0.003,0.003,150,0
20160620,0.003,0.003,0.003,0.003,50000,0
20160621,0.003,0.004,0.003,0.004,52400,0
20160622,0.003,0.008,0.003,0.004,75360,0
20160623,0.003,0.004,0.003,0.004,320,0
20160627,0.003,0.003,0.003,0.003,550,0
20160629,0.003,0.003,0.003,0.003,120,0
20160630,0.003,0.004,0.003,0.004,121,0
20160706,0.003,0.003,0.003,0.003,220,0
20160707,0.003,0.006,0.003,0.006,50656,0
20160708,0.003,0.006,0.003,0.006,196527,0
20160711,0.004,0.004,0.004,0.004,50,0
20160712,0.004,0.004,0.004,0.004,120,0
20160713,0.003,0.003,0.003,0.003,100,0
20160714,0.003,0.005,0.003,0.003,52975,0
20160718,0.003,0.005,0.003,0.005,50120,0
20160719,0.003,0.005,0.003,0.005,200,0
20160720,0.004,0.004,0.004,0.004,500,0
20160721,0.004,0.006,0.004,0.006,51000,0
20160722,0.003,0.003,0.003,0.003,250,0
20160725,0.003,0.003,0.003,0.003,150,0
20160726,0.003,0.003,0.003,0.003,150,0
20160801,0.004,0.004,0.004,0.004,500,0
20160803,0.004,0.006,0.004,0.004,112200,0
20160804,0.003,0.004,0.003,0.004,220,0
20160808,0.003,0.003,0.003,0.003,50,0
20160809,0.003,0.004,0.003,0.004,5696,0
20160811,0.003,0.006,0.003,0.006,74201,0
20160815,0.003,0.003,0.003,0.003,70,0
20160823,0.003,0.004,0.003,0.004,90,0
20160824,0.003,0.004,0.003,0.004,200,0
20160829,0.003,0.003,0.003,0.003,13159,0
20160830,0.003,0.004,0.003,0.004,100,0
20160831,0.003,0.004,0.003,0.004,2330,0
20160902,0.003,0.003,0.003,0.003,243,0
20160905,0.003,0.005,0.003,0.005,90000,0
20160907,0.003,0.004,0.003,0.004,1145,0
20160908,0.004,0.006,0.004,0.006,10400,0
20160909,0.003,0.003,0.003,0.003,100,0
20160912,0.003,0.003,0.003,0.003,50,0
20160919,0.003,0.003,0.003,0.003,175,0
20160920,0.003,0.004,0.003,0.004,150,0
20160921,0.003,0.005,0.003,0.005,60000,0
20160922,0.003,0.003,0.003,0.003,815,0
20160923,0.003,0.003,0.003,0.003,200,0
20160928,0.003,0.004,0.003,0.004,200,0
20160930,0.003,0.007,0.003,0.007,149035,0
20161004,0.003,0.003,0.003,0.003,81220,0
20161005,0.003,0.003,0.003,0.003,800,0
20161006,0.003,0.003,0.003,0.003,3495,0
20161007,0.003,0.003,0.003,0.003,50,0
20161011,0.003,0.003,0.003,0.003,120,0
20161012,0.003,0.003,0.003,0.003,200,0
20161013,0.003,0.006,0.003,0.006,53020,0
20161014,0.003,0.005,0.003,0.005,145,0
20161018,0.004,0.004,0.004,0.004,335,0
20161021,0.005,0.006,0.005,0.006,435,0
20161024,0.005,0.005,0.005,0.005,740,0
20161025,0.005,0.005,0.005,0.005,50,0
20161026,0.005,0.006,0.005,0.006,1070,0
20161027,0.005,0.005,0.005,0.005,265,0
20161028,0.005,0.005,0.005,0.005,240,0
20161103,0.005,0.005,0.004,0.004,80,0
20161104,0.004,0.004,0.004,0.004,150,0
20161108,0.004,0.004,0.004,0.004,2150,0
20161109,0.004,0.004,0.004,0.004,120,0
20161110,0.004,0.004,0.004,0.004,50,0
20161111,0.009,0.009,0.004,0.008,71850,0
20161114,0.004,0.004,0.004,0.004,100,0
20161115,0.004,0.005,0.004,0.005,950,0
20161116,0.005,0.007,0.005,0.006,50700,0
20161117,0.005,0.006,0.005,0.006,100,0
20161121,0.005,0.005,0.005,0.005,4210,0
20161125,0.005,0.005,0.005,0.005,500,0
20161129,0.005,0.005,0.005,0.005,80000,0
20161130,0.005,0.005,0.005,0.005,150,0
20161201,0.005,0.005,0.005,0.005,130,0
20161202,0.005,0.006,0.005,0.006,80,0
20161206,0.005,0.005,0.005,0.005,50,0
20161209,0.005,0.005,0.005,0.005,260,0
20161212,0.005,0.008,0.005,0.007,121430,0
20161213,0.005,0.005,0.005,0.005,312,0
20161214,0.005,0.006,0.005,0.006,20130,0
20161219,0.006,0.006,0.005,0.005,10500,0
20161221,0.005,0.006,0.005,0.005,130300,0
20161222,0.004,0.004,0.004,0.004,100,0
20161227,0.004,0.005,0.004,0.005,400,0
20161228,0.004,0.008,0.004,0.004,1000,0
20161229,0.004,0.005,0.004,0.005,1650,0
20161230,0.004,0.005,0.004,0.005,370,0
20170103,0.004,0.005,0.004,0.004,270560,0
20170104,0.004,0.005,0.004,0.005,1075,0
20170105,0.004,0.007,0.004,0.007,8324,0
20170106,0.005,0.005,0.005,0.005,120,0
20170109,0.005,0.005,0.005,0.005,70,0
20170110,0.005,0.005,0.005,0.005,3750,0
20170111,0.005,0.005,0.005,0.005,240,0
20170112,0.005,0.007,0.005,0.006,141387,0
20170116,0.005,0.006,0.005,0.005,370,0
20170117,0.005,0.006,0.005,0.006,50000,0
20170118,0.005,0.006,0.005,0.006,40850,0
20170119,0.005,0.007,0.005,0.007,441210,0
20170120,0.004,0.005,0.004,0.005,250,0
20170123,0.004,0.004,0.004,0.004,70,0
20170124,0.004,0.004,0.004,0.004,500,0
20170126,0.004,0.005,0.004,0.005,100,0
20170127,0.005,0.005,0.005,0.005,200,0
20170130,0.005,0.005,0.005,0.005,1993,0
20170201,0.005,0.005,0.005,0.005,120,0
20170203,0.006,0.006,0.006,0.006,170,0
20170206,0.007,0.007,0.005,0.005,7240,0
20170207,0.005,0.006,0.005,0.006,424,0
20170208,0.005,0.007,0.005,0.007,20000,0
20170209,0.006,0.007,0.006,0.006,77420,0
20170210,0.006,0.007,0.006,0.007,77200,0
20170213,0.005,0.007,0.005,0.007,1000,0
20170214,0.005,0.007,0.005,0.007,102000,0
20170215,0.005,0.006,0.005,0.005,175,0
20170216,0.005,0.006,0.005,0.006,100,0
20170217,0.005,0.006,0.005,0.006,1360,0
20170220,0.005,0.007,0.005,0.007,2620,0
20170221,0.005,0.007,0.005,0.007,6500,0
20170222,0.005,0.006,0.005,0.006,100,0
20170223,0.005,0.005,0.005,0.005,920,0
20170224,0.005,0.006,0.005,0.006,25000,0
20170302,0.005,0.007,0.005,0.006,64012,0
20170303,0.005,0.006,0.005,0.006,500,0
20170306,0.005,0.006,0.005,0.006,260,0
20170307,0.005,0.006,0.005,0.006,730,0
20170309,0.005,0.006,0.005,0.006,100100,0
20170314,0.005,0.006,0.005,0.006,5400,0
20170316,0.005,0.006,0.005,0.006,140,0
20170317,0.005,0.006,0.005,0.006,120,0
20170320,0.005,0.006,0.005,0.006,500,0
20170322,0.005,0.007,0.005,0.006,76380,0
20170323,0.005,0.007,0.005,0.006,165500,0
