Date,Open,High,Low,Close,Volume,OpenInt
20090406,8.46,8.58,8.141,8.58,363,0
20090407,8.38,9.378,8.38,9.019,8658,0
20090408,9.138,9.976,8.58,8.58,5669,0
20090409,8.58,8.819,8.42,8.779,1216,0
20090414,8.779,8.859,8.261,8.5,1887,0
20090415,8.5,8.779,8.261,8.34,1260,0
20090416,8.34,8.939,8.34,8.46,789,0
20090417,8.699,8.699,8.42,8.42,536,0
20090420,8.58,8.699,8.261,8.699,1571,0
20090421,8.46,8.979,8.101,8.739,9703,0
20090422,8.58,9.178,8.34,9.138,7104,0
20090423,9.138,9.138,8.739,9.138,872,0
20090424,9.138,9.258,8.699,9.019,2400,0
20090427,9.019,9.338,8.779,9.258,3566,0
20090428,9.258,10.016,9.099,9.298,9811,0
20090429,9.178,9.378,8.979,9.059,6125,0
20090430,9.099,10.136,8.779,10.136,9721,0
20090504,10.136,10.176,9.298,10.096,5010,0
20090505,10.176,11.174,9.777,10.775,4412,0
20090506,10.775,11.174,9.897,10.695,1146,0
20090507,10.695,10.695,10.056,10.376,1399,0
20090508,10.376,10.376,10.056,10.136,643,0
20090511,10.136,10.376,9.338,9.697,4563,0
20090512,9.697,9.697,9.138,9.458,3926,0
20090513,9.458,9.577,9.338,9.378,836,0
20090514,9.338,9.617,9.059,9.418,826,0
20090515,9.418,9.577,9.258,9.378,576,0
20090518,9.378,10.176,9.338,10.016,2845,0
20090519,10.016,10.016,9.657,9.657,501,0
20090520,9.657,9.697,9.059,9.697,1554,0
20090521,9.697,9.697,9.218,9.218,50,0
20090522,9.378,9.498,9.099,9.099,476,0
20090525,9.099,9.178,8.979,9.138,664,0
20090526,9.138,9.577,8.979,8.979,749,0
20090527,8.979,9.258,8.979,9.019,200,0
20090528,9.019,9.138,8.859,8.859,1930,0
20090529,8.859,8.939,8.46,8.779,2240,0
20090601,8.779,9.019,8.54,8.779,157,0
20090602,8.779,8.779,8.46,8.62,1202,0
20090603,8.62,9.338,8.58,9.099,932,0
20090604,9.099,9.338,8.46,9.338,1340,0
20090605,9.338,9.378,8.859,9.178,964,0
20090608,9.178,9.498,8.939,9.298,1252,0
20090609,9.298,9.298,8.899,9.178,341,0
20090610,9.178,9.338,8.899,9.338,456,0
20090611,9.338,9.338,8.699,9.178,12,0
20090612,9.178,9.178,8.899,8.979,1353,0
20090615,8.699,8.979,8.699,8.979,75,0
20090616,8.979,8.979,8.46,8.699,612,0
20090617,8.699,8.899,8.58,8.58,375,0
20090618,8.58,8.859,8.58,8.739,927,0
20090623,8.779,8.859,8.46,8.58,1823,0
20090624,8.58,8.779,8.141,8.141,2371,0
20090625,8.141,8.779,8.101,8.141,2078,0
20090626,8.141,8.42,8.101,8.42,316,0
20090629,8.181,8.221,8.141,8.141,626,0
20090701,8.38,8.38,8.141,8.141,826,0
20090702,8.141,8.181,8.061,8.101,1244,0
20090703,8.101,8.3,8.061,8.181,538,0
20090706,8.181,8.3,7.303,7.901,4435,0
20090707,7.901,8.5,7.183,8.261,1329,0
20090708,7.981,8.38,7.103,8.061,7873,0
20090709,8.061,8.3,7.582,8.3,701,0
20090710,8.3,8.66,7.981,8.5,1904,0
20090713,8.5,8.5,7.981,8.38,764,0
20090714,8.38,8.5,7.702,7.702,1303,0
20090715,7.981,8.061,7.383,8.061,2335,0
20090716,8.061,8.061,7.462,7.702,1701,0
20090717,7.702,7.901,7.422,7.901,607,0
20090720,7.901,7.981,7.582,7.981,1690,0
20090721,7.941,8.021,7.941,7.981,2754,0
20090722,7.981,8.38,7.782,8.021,3353,0
20090723,8.021,8.38,7.662,8.221,2167,0
20090724,8.221,8.221,7.702,7.981,3459,0
20090727,7.981,8.061,7.702,7.981,4014,0
20090728,7.981,7.981,7.622,7.981,250,0
20090729,7.981,8.141,7.582,8.141,1691,0
20090730,8.141,8.141,7.582,7.782,2663,0
20090731,7.782,7.941,7.622,7.622,630,0
20090803,7.622,7.861,7.582,7.742,488,0
20090804,7.742,7.941,7.662,7.662,636,0
20090805,7.662,8.181,7.662,7.861,2578,0
20090806,8.061,8.859,8.061,8.699,2413,0
20090807,8.699,8.699,7.981,8.3,1851,0
20090810,8.261,9.019,8.061,8.62,6709,0
20090811,8.58,9.498,8.34,9.138,2845,0
20090812,8.899,9.537,8.66,9.537,3340,0
20090813,9.537,9.737,9.059,9.577,3119,0
20090814,9.577,9.577,8.66,9.258,2138,0
20090817,9.258,9.258,8.261,8.939,6259,0
20090818,8.939,9.577,8.54,9.298,3664,0
20090819,9.298,9.298,8.3,8.38,2892,0
20090820,8.38,8.859,8.3,8.859,877,0
20090821,8.859,8.859,8.42,8.42,754,0
20090824,8.42,8.58,8.34,8.38,1409,0
20090825,8.38,8.58,8.34,8.34,1403,0
20090826,8.34,8.34,7.822,7.981,10221,0
20090827,7.981,8.54,7.782,8.54,1433,0
20090828,8.54,8.58,8.141,8.58,119,0
20090831,8.58,8.58,8.021,8.181,1663,0
20090901,8.181,8.3,8.021,8.3,1019,0
20090902,8.3,8.3,7.861,8.181,399,0
20090903,8.181,8.261,7.981,8.181,250,0
20090904,8.181,8.54,7.861,8.3,2030,0
20090907,8.3,8.34,8.021,8.061,576,0
20090908,8.061,8.101,8.061,8.061,350,0
20090909,8.061,8.261,7.981,8.221,1278,0
20090910,8.221,8.221,7.861,8.181,3728,0
20090914,7.981,8.54,7.981,8.54,791,0
20090915,8.54,8.54,7.981,8.221,1777,0
20090916,8.221,8.34,7.981,8.021,1488,0
20090917,8.021,8.46,7.981,8.181,388,0
20090918,8.181,8.3,8.181,8.261,213,0
20090921,8.3,8.34,8.021,8.34,1536,0
20090922,8.141,8.38,8.021,8.34,816,0
20090923,8.3,8.58,8.021,8.54,7875,0
20090924,8.66,9.258,8.38,9.099,9955,0
20090925,9.218,9.258,8.819,9.138,9160,0
20090928,9.258,9.657,8.819,9.657,4403,0
20090929,9.897,11.573,9.897,11.573,44803,0
20090930,11.732,12.77,10.854,11.613,15133,0
20091001,11.772,11.772,10.415,10.814,7029,0
20091002,10.655,11.932,10.575,11.573,11013,0
20091005,11.732,12.57,11.533,12.411,5623,0
20091006,12.57,13.648,11.852,13.129,17113,0
20091007,13.289,13.329,12.091,12.371,9094,0
20091008,12.73,13.728,12.57,13.568,13181,0
20091009,13.768,13.768,12.052,13.448,6125,0
20091012,13.648,13.648,12.411,12.77,7125,0
20091013,12.57,12.929,11.972,12.57,2535,0
20091014,12.69,12.69,12.171,12.371,8134,0
20091015,12.411,12.57,12.171,12.491,3939,0
20091016,12.65,12.77,12.291,12.53,1583,0
20091019,12.69,12.69,10.775,11.932,12719,0
20091020,12.091,12.091,10.894,11.972,7636,0
20091021,12.171,12.171,11.852,11.972,687,0
20091022,12.171,12.171,11.453,11.453,904,0
20091023,11.613,11.732,10.775,10.974,7211,0
20091026,10.974,11.732,10.974,11.613,4073,0
20091027,10.974,11.653,10.974,11.134,1578,0
20091028,11.293,11.293,10.256,10.854,6617,0
20091029,11.014,11.493,10.934,11.493,2400,0
20091030,11.333,11.932,11.293,11.573,4358,0
20091102,11.732,11.732,9.577,11.533,1532,0
20091103,11.692,11.692,9.577,10.615,5985,0
20091104,10.455,10.894,10.336,10.775,1932,0
20091105,10.934,11.293,10.655,10.974,3107,0
20091106,11.134,11.373,10.894,11.373,651,0
20091109,11.174,12.929,11.054,12.291,6144,0
20091110,12.131,12.929,11.852,12.451,3744,0
20091111,12.61,12.61,12.171,12.171,639,0
20091112,11.972,12.331,10.854,11.573,1998,0
20091113,11.413,11.812,11.333,11.573,2255,0
20091116,11.972,11.972,10.575,10.974,7243,0
20091117,10.615,11.373,10.575,11.134,826,0
20091118,10.974,11.533,10.256,10.934,6065,0
20091119,10.775,12.371,10.775,11.333,3678,0
20091120,11.174,11.772,11.174,11.253,2509,0
20091123,11.094,11.493,10.575,11.214,3781,0
20091124,11.054,11.772,11.054,11.533,1239,0
20091125,11.373,11.573,10.615,11.293,1242,0
20091126,11.134,12.171,11.134,11.732,1517,0
20091127,11.573,11.573,10.854,11.253,5131,0
20091130,11.573,11.573,10.695,10.775,1470,0
20091201,10.615,11.054,10.615,10.775,1140,0
20091202,10.615,11.134,10.415,10.814,2849,0
20091203,10.655,11.533,10.655,11.333,2088,0
20091204,11.174,11.972,11.174,11.772,2574,0
20091207,11.293,11.573,11.214,11.413,1736,0
20091208,11.253,11.253,11.054,11.214,1171,0
20091209,11.054,11.253,11.054,11.214,325,0
20091210,11.054,11.253,10.775,10.775,67,0
20091211,11.054,11.214,11.054,11.054,652,0
20091214,10.894,11.573,10.894,11.373,844,0
20091215,11.214,11.573,11.174,11.373,965,0
20091216,11.253,11.573,11.134,11.333,2662,0
20091217,10.775,11.772,10.775,11.732,1927,0
20091218,11.134,12.77,11.134,12.291,5776,0
20091221,11.692,12.371,11.692,12.211,3511,0
20091222,11.613,12.451,11.613,11.932,609,0
20091223,11.453,12.052,11.453,11.812,1477,0
20091228,12.371,12.371,11.653,11.932,2534,0
20091229,11.333,12.77,11.333,12.371,7585,0
20091230,11.772,12.371,11.772,12.371,2119,0
20100104,11.772,12.666,11.772,12.251,1633,0
20100105,11.653,13.037,11.653,12.766,3758,0
20100106,12.127,13.52,12.127,13.488,3859,0
20100107,12.814,13.528,12.814,12.945,2941,0
20100108,12.299,15.08,12.299,14.286,6969,0
20100111,13.572,14.366,12.774,14.047,4620,0
20100112,13.345,14.961,13.345,14.326,2338,0
20100113,13.612,14.366,12.411,14.167,1519,0
20100114,13.46,14.326,13.209,13.967,2707,0
20100115,13.269,14.326,13.169,13.48,2653,0
20100118,12.806,13.568,12.806,13.341,298,0
20100119,12.674,13.341,12.411,13.169,2239,0
20100120,12.51,13.341,12.51,13.105,1954,0
20100121,12.57,13.109,12.211,12.989,2771,0
20100122,12.339,13.009,12.311,13.009,1032,0
20100125,12.371,13.169,11.976,12.451,290,0
20100126,11.812,12.77,11.812,12.77,112,0
20100127,12.131,13.368,12.131,13.329,2025,0
20100128,12.65,15.643,11.373,11.988,16069,0
20100129,11.972,12.69,11.413,12.69,2150,0
20100201,12.052,12.475,11.393,11.932,5365,0
20100202,11.972,13.368,11.972,13.356,3578,0
20100203,12.69,13.568,12.69,12.957,1410,0
20100204,13.181,13.181,12.57,12.61,1152,0
20100205,11.972,12.586,11.972,12.175,2127,0
20100208,12.131,12.387,11.573,11.573,2655,0
20100209,11.932,12.411,11.573,12.371,576,0
20100210,12.163,12.383,11.932,12.383,709,0
20100211,11.932,12.77,11.932,12.554,1879,0
20100212,11.932,12.57,11.932,12.371,626,0
20100215,12.371,12.371,11.772,12.183,2332,0
20100216,11.932,12.491,11.573,11.968,3578,0
20100217,11.373,12.331,11.373,11.972,4310,0
20100218,11.373,12.171,11.373,12.171,3503,0
20100219,11.573,12.131,11.573,12.131,1656,0
20100222,11.533,12.367,11.533,12.291,914,0
20100223,11.692,12.295,11.692,12.012,1534,0
20100224,11.413,12.411,11.413,12.371,3117,0
20100225,11.772,12.53,11.772,12.012,918,0
20100226,11.413,12.331,11.413,12.331,542,0
20100301,11.732,12.123,11.732,11.852,3938,0
20100302,11.253,11.932,11.253,11.613,8310,0
20100303,11.253,11.617,11.253,11.373,772,0
20100304,11.214,11.613,11.214,11.393,1301,0
20100305,11.373,11.972,11.253,11.573,6147,0
20100308,11.732,11.772,11.373,11.569,776,0
20100309,10.974,11.577,10.974,11.377,1060,0
20100310,11.377,11.573,10.615,10.966,8248,0
20100311,10.415,11.253,10.415,11.214,1568,0
20100312,10.655,11.174,10.419,10.495,11993,0
20100315,9.976,10.954,9.976,10.771,6892,0
20100316,10.216,10.958,10.216,10.958,4360,0
20100317,10.415,11.174,10.415,10.982,1955,0
20100318,10.415,10.854,9.98,9.98,162,0
20100319,10.296,10.814,10.296,10.655,2423,0
20100322,10.136,11.13,10.136,11.094,2317,0
20100323,10.575,11.13,10.575,11.13,988,0
20100324,10.575,11.154,10.419,10.695,4659,0
20100325,10.515,10.735,10.415,10.647,4016,0
20100326,9.976,10.974,9.976,10.735,8050,0
20100329,10.791,10.791,10.495,10.735,5661,0
20100330,10.216,10.966,10.216,10.966,8547,0
20100331,10.415,11.401,10.415,10.906,4222,0
20100401,10.376,11.389,10.376,11.389,468,0
20100406,10.814,11.553,10.814,11.293,2141,0
20100407,10.735,11.373,10.735,11.329,11857,0
20100408,10.775,11.573,10.775,11.573,13495,0
20100409,11.014,11.972,10.974,11.972,16277,0
20100412,11.373,12.77,11.373,12.67,63473,0
20100413,12.052,12.678,11.772,11.952,19259,0
20100414,12.77,12.77,11.932,12.171,7123,0
20100415,12.171,12.171,11.736,11.812,8793,0
20100416,11.373,12.012,11.373,11.772,6783,0
20100419,11.174,12.171,10.914,12.052,9891,0
20100420,11.453,12.012,11.214,11.361,3727,0
20100421,10.974,11.521,10.974,11.349,2452,0
20100422,10.974,11.349,10.974,11.174,3968,0
20100423,10.974,11.178,10.858,11.102,2845,0
20100426,10.974,12.012,10.974,12.012,4142,0
20100427,11.413,12.127,11.413,11.812,1684,0
20100428,11.373,11.373,10.854,11.373,6120,0
20100429,10.814,11.289,10.495,11.289,707,0
20100430,10.735,11.573,10.06,10.415,13198,0
20100503,9.897,11.158,9.661,10.703,13804,0
20100504,10.176,10.974,10.176,10.571,987,0
20100505,10.455,11.373,9.976,10.336,4515,0
20100506,9.817,10.471,9.617,10.04,2096,0
20100507,10.172,10.304,9.218,9.577,7996,0
20100510,9.099,11.373,9.099,10.276,2605,0
20100511,9.777,10.934,9.777,10.934,1879,0
20100512,10.376,11.13,10.376,11.13,1663,0
20100513,10.575,11.253,10.575,11.253,1315,0
20100514,10.695,11.333,10.575,10.695,1636,0
20100517,10.176,11.293,9.577,10.535,1376,0
20100518,10.016,11.214,10.016,11.014,1837,0
20100519,10.455,11.134,10.22,10.627,2818,0
20100520,10.096,10.695,10.008,10.256,2099,0
20100521,9.737,10.627,9.541,10.627,2131,0
20100524,10.096,10.655,10.096,10.495,1835,0
20100525,10,10.6,9.84,10.04,172,0
20100526,10.06,10.4,9.52,10.4,2053,0
20100527,9.8,10.8,9.8,10.8,1357,0
20100528,10.28,10.988,10.28,10.792,2753,0
20100531,10.4,10.96,10.24,10.424,1787,0
20100601,9.92,11.2,9.92,10.44,2144,0
20100602,9.92,10.88,9.92,10.88,3262,0
20100603,10.28,10.92,10.28,10.604,2639,0
20100604,10.28,11.2,10.28,10.76,1333,0
20100607,10.4,10.88,10.4,10.58,3766,0
20100608,10.04,10.868,10.04,10.72,3777,0
20100609,9.92,10.84,9.92,10.444,5035,0
20100610,9.92,11,9.92,10.448,3065,0
20100611,9.92,10.84,9.92,10.36,10302,0
20100614,9.92,10.796,9.8,10.72,5052,0
20100615,9.92,11.112,9.8,11.08,12071,0
20100616,9.92,11.2,9.8,11.176,29725,0
20100617,9.92,11.32,9.92,11.32,15809,0
20100618,10,11.16,10,11,4058,0
20100621,10,11.076,10,10.644,5143,0
20100622,11,11,9.92,10.3,14256,0
20100623,11.12,11.12,10.12,10.6,858,0
20100624,11,11,10,10.4,1618,0
20100625,11,11,9.8,10.2,8576,0
20100628,11,11,10.04,10.396,596,0
20100629,11,11,10.004,10.004,2332,0
20100630,11,11,9.8,9.96,2750,0
20100701,11,11,9.68,10,1688,0
20100702,11,11,9.2,9.204,12117,0
20100705,11,11,9.2,10,3456,0
20100706,10.8,10.8,9.4,9.4,4646,0
20100707,10.8,10.8,9.52,10,2520,0
20100708,10.8,10.8,9.664,9.952,1612,0
20100709,10.8,10.8,9.62,10.36,882,0
20100712,9.8,10.8,9.6,9.62,1574,0
20100713,9.6,10,9.6,9.796,1388,0
20100714,9.6,10.2,9.468,9.86,3587,0
20100715,9.532,10.356,9.532,9.64,2545,0
20100716,9.6,9.96,8.92,9.28,5584,0
20100719,9.6,9.952,8.96,9.88,697,0
20100720,9.88,9.88,9.4,9.6,1730,0
20100721,9.6,9.6,8.8,9.4,4545,0
20100722,9.6,9.64,9.2,9.6,2604,0
20100723,9.6,10.208,9.324,10.208,2580,0
20100726,10,10.392,9.6,9.6,3680,0
20100727,10,10.2,9.64,10.196,5583,0
20100728,10,10.68,10,10.68,4334,0
20100729,10,12,10,11.72,30348,0
20100730,12,12.4,11.04,11.4,7628,0
20100802,11.68,12,11,12,11503,0
20100803,11.8,12,11,11.5,4360,0
20100804,11.28,12.32,11.28,12.2,1671,0
20100805,11.28,12.2,11.28,11.8,2473,0
20100806,11.56,11.96,11.32,11.76,4722,0
20100809,11.36,11.84,11.2,11.8,1844,0
20100810,11.16,12.4,11.16,12,4756,0
20100811,11.8,12.16,11.44,11.708,6123,0
20100812,11.4,11.996,11.24,11.4,2100,0
20100813,11.4,11.8,10.2,10.204,11714,0
20100816,10,10.8,10,10.4,5430,0
20100817,10.04,10.72,10.04,10.564,5357,0
20100818,10.48,10.88,10.444,10.56,2056,0
20100819,10.04,10.796,10.04,10.52,3031,0
20100820,10.2,10.8,10.2,10.304,1626,0
20100823,10.2,10.712,10.2,10.4,1162,0
20100824,10,10.58,9.72,10.052,6747,0
20100825,9.72,10.12,9.64,9.64,380,0
20100826,10.08,10.08,9.44,9.88,2831,0
20100827,9.56,10.56,9.56,10.072,2907,0
20100830,9.44,10,9.44,10,150,0
20100831,9.48,10,9.44,9.44,990,0
20100901,9.44,10.036,9.4,9.92,1719,0
20100902,9.64,10,9.64,9.88,587,0
20100903,9.48,10.6,9.48,10.42,4807,0
20100906,9.92,10.92,9.92,10.8,1665,0
20100907,10.16,10.86,10.16,10.4,1750,0
20100908,10.2,10.88,10.12,10.52,2288,0
20100909,10.36,10.52,10.224,10.224,637,0
20100910,10.12,10.52,10.12,10.424,392,0
20100913,10.24,10.5,10,10.5,3108,0
20100914,9.8,10.556,9.8,10.284,566,0
20100915,9.96,10.716,9.96,10.6,1850,0
20100916,10.2,10.716,10.04,10.16,6354,0
20100917,10.16,10.4,9.84,10.08,1197,0
20100920,9.96,10.72,9.68,10.328,5500,0
20100921,10.48,10.96,10.328,10.52,3041,0
20100922,10.24,10.724,10.044,10.4,4545,0
20100923,10.04,10.72,10.04,10.4,1076,0
20100924,10.04,10.64,10.04,10.084,291,0
20100927,10.08,10.676,10,10.204,3606,0
20100928,10.52,10.56,9.96,9.96,2217,0
20100929,10,10.44,9.764,10.36,1358,0
20100930,9.96,10.36,9.96,10.36,1396,0
20101001,10.32,10.32,9.8,10.084,1497,0
20101004,10.04,10.36,9.8,10.08,2167,0
20101005,9.88,10.316,9.8,9.96,1356,0
20101006,9.88,10.308,9.564,10,6907,0
20101007,9.52,10.156,9.52,9.8,4281,0
20101008,9.64,10,9.44,9.76,1437,0
20101011,9.68,10,9.68,9.832,1600,0
20101012,9.48,9.92,9.48,9.6,3416,0
20101013,9.36,9.96,9.332,9.6,1159,0
20101014,9.56,9.92,9.56,9.8,1483,0
20101015,9.56,10.04,9.56,10.04,2794,0
20101018,9.52,9.888,9.52,9.6,651,0
20101019,9.48,9.996,9.2,9.996,7525,0
20101020,9.48,9.84,9.36,9.36,140,0
20101021,9.56,10.156,9.56,9.6,2206,0
20101022,9.6,9.76,9.12,9.248,3282,0
20101025,9.52,9.52,8.4,9.428,9201,0
20101026,9.2,9.52,9,9.432,3911,0
20101027,8.88,9.596,8.8,9.356,1341,0
20101028,8.96,9.32,8.6,9.12,1387,0
20101029,8.8,9.4,8.8,9.2,2075,0
20101101,8.92,9.72,8.92,9.712,2172,0
20101102,9.08,9.6,8.972,8.972,2667,0
20101103,9.04,9.712,8.972,9.08,203,0
20101104,9,9.8,8.84,9.8,925,0
20101105,9.16,9.68,8.88,9.32,1070,0
20101108,9.12,9.228,8.728,8.88,4010,0
20101109,8.52,9.2,8.52,8.892,4531,0
20101110,8.72,9.12,8.596,9.12,351,0
20101111,8.84,9.16,8.72,8.804,892,0
20101112,8.76,9.276,8.76,9.2,961,0
20101115,8.8,9.4,8.8,9.124,3706,0
20101116,8.96,9.476,8.84,8.892,2465,0
20101117,9,9.2,8.6,9.2,803,0
20101118,8.804,9.2,8.8,9.04,725,0
20101119,8.804,9.204,8.804,9,1019,0
20101122,8.844,9.12,8.8,9.04,637,0
20101123,8.764,9.592,8.764,9.396,3301,0
20101124,9.004,9.756,9.004,9.756,1476,0
20101125,9.364,9.74,9.284,9.616,3629,0
20101126,9.164,9.72,9.164,9.396,3162,0
20101129,9.516,9.716,9.2,9.716,255,0
20101130,9.28,9.796,9.124,9.792,3483,0
20101201,9.4,10.04,6.4,9.24,10939,0
20101202,8.808,9.44,8.324,8.76,8579,0
20101203,8.5,8.76,8.4,8.48,4519,0
20101206,8.364,8.76,8,8.48,2315,0
20101207,8.404,8.76,8.244,8.244,1762,0
20101208,8.36,8.76,8,8.4,2169,0
20101209,8.284,8.96,8.12,8.68,2360,0
20101210,8.568,8.996,8.468,8.996,2561,0
20101213,8.6,9.188,8.52,9.16,755,0
20101214,8.96,9.16,8.74,8.8,1270,0
20101215,8.684,9.04,8.6,8.88,2823,0
20101216,8.604,8.996,8.6,8.64,2480,0
20101217,8.564,8.752,8.48,8.752,3944,0
20101220,8.404,9.2,8.2,9.2,8637,0
20101221,8.72,9.2,8.72,9.04,4817,0
20101222,8.848,8.944,8.524,8.604,2538,0
20101223,8.804,9.116,8.544,9.116,4651,0
20101227,8.724,9.08,8.504,8.504,1136,0
20101228,8.604,9.08,8.24,8.98,6488,0
20101229,8.84,9.14,8.68,9.14,2673,0
20101230,8.644,8.96,8.52,8.64,5483,0
20110103,8.644,9.08,8.56,8.644,2570,0
20110104,8.644,8.84,8.36,8.408,3145,0
20110105,8.364,8.76,8.364,8.6,1187,0
20110106,8.364,8.76,8.312,8.444,976,0
20110107,8.364,8.76,7.6,8.2,9531,0
20110110,7.728,8.4,7.728,8.2,2710,0
20110111,8.04,8.8,8.04,8.208,2138,0
20110112,8.084,8.584,8.084,8.584,2173,0
20110113,8.284,8.6,8.24,8.296,1146,0
20110114,8.184,8.892,8.184,8.892,4459,0
20110117,8.724,8.96,8.22,8.4,3675,0
20110118,8.2,8.52,8.2,8.32,1019,0
20110119,8.204,8.52,8.204,8.4,614,0
20110120,8.248,8.52,8.248,8.32,375,0
20110121,8.084,8.52,8.084,8.52,3086,0
20110124,8.044,8.44,8.044,8.204,571,0
20110125,8.124,8.48,8.124,8.2,208,0
20110126,8.124,8.796,8.124,8.644,3507,0
20110127,8.204,8.68,8.2,8.352,1216,0
20110128,8.204,8.476,8.16,8.476,1722,0
20110131,8.2,8.596,8.16,8.596,284,0
20110201,8.168,8.596,7.808,8,2252,0
20110202,7.888,8.436,7.888,8.204,1471,0
20110203,8.084,8.78,8,8.78,2490,0
20110204,8.204,8.628,8,8.592,1452,0
20110207,8.264,8.44,7.8,8,8005,0
20110208,7.804,8.4,7.804,8.2,5499,0
20110209,8,8.48,8,8.48,2142,0
20110210,7.924,8.352,7.924,8.2,450,0
20110211,8.004,8.436,8.004,8.436,1463,0
20110214,8.044,8.436,8.044,8.2,500,0
20110215,8.044,8.32,8.044,8.092,2177,0
20110216,8.016,8.356,8.016,8.204,2220,0
20110217,7.964,8.204,7.964,8.2,1609,0
20110218,7.972,8.38,7.972,8.352,3175,0
20110221,8.2,8.6,8.104,8.28,2166,0
20110222,7.932,8.204,7.932,8.2,1316,0
20110223,8.2,8.436,8.052,8.204,975,0
20110224,8.052,8.44,8.044,8.044,1826,0
20110225,8.044,8.78,8.044,8.78,3009,0
20110228,8.372,8.76,8.12,8.76,2416,0
20110301,8.372,8.88,8.224,8.716,3701,0
20110302,8.4,8.716,7.84,8.2,4888,0
20110303,7.6,8.4,7.6,8.4,615,0
20110304,8.28,8.592,8.084,8.4,331,0
20110307,8.164,8.32,8,8.32,682,0
20110308,8.092,8.32,8,8.32,39,0
20110309,8.28,8.596,8,8.4,25,0
20110310,8.28,8.6,7.844,8,1527,0
20110311,8.28,8.388,7.8,7.812,1956,0
20110314,8.224,8.224,7.64,7.8,2775,0
20110315,7.688,7.688,6.4,7.16,8418,0
20110316,7.236,7.68,6.8,7.244,3969,0
20110317,7.236,7.6,7.12,7.6,2242,0
20110318,7.244,7.32,7.2,7.244,2255,0
20110321,7.244,8,7.04,7.72,2395,0
20110322,7.676,7.8,7.04,7.28,1497,0
20110323,7.676,7.676,7.24,7.56,25,0
20110324,7.56,7.56,7.204,7.48,462,0
20110325,7.56,7.56,7.08,7.396,784,0
20110328,7.476,7.476,7,7.16,1091,0
20110329,7.2,7.36,6.884,7.2,1423,0
20110330,7.2,7.76,7,7.72,3795,0
20110331,7.52,8.16,7.44,7.92,3289,0
20110401,7.844,8,7.72,7.72,531,0
20110404,7.844,7.844,7.08,7.4,2226,0
20110405,7.4,7.4,6.8,7.196,3490,0
20110406,7.4,7.4,6.6,7.196,1187,0
20110407,7.316,7.316,6.684,6.684,1476,0
20110408,7,7.36,6.6,7.36,1930,0
20110411,6.8,7.32,6.644,7.32,900,0
20110412,6.884,7.08,6.884,6.884,457,0
20110413,6.884,7.12,6.6,6.924,707,0
20110414,6.884,7.08,6.6,7.08,1483,0
20110415,6.884,7.076,6.768,7.072,844,0
20110418,6.872,7,6.804,6.996,1160,0
20110419,6.684,6.996,6.6,6.804,1500,0
20110420,6.684,6.884,6.6,6.68,1385,0
20110421,6.88,6.912,6.48,6.908,1640,0
20110426,6.88,7.2,6.536,6.84,1584,0
20110427,6.88,6.996,6.62,6.92,767,0
20110428,6.88,6.88,6.62,6.64,637,0
20110429,6.84,6.84,5.408,5.492,39346,0
20110502,5.324,5.8,5.12,5.52,6826,0
20110503,5.556,5.556,5.08,5.08,3387,0
20110504,5.28,5.4,4.244,4.808,10284,0
20110505,4.64,5.04,4.4,4.716,3655,0
20110506,4.516,4.776,4.4,4.596,5963,0
20110509,4.708,5.28,4.36,5.28,4726,0
20110510,5,5.44,4.88,5.42,2544,0
20110511,5.236,5.592,4.96,5.28,4188,0
20110512,5.28,5.36,5.08,5.36,625,0
20110513,5.28,5.28,5,5.12,735,0
20110516,4.84,5.28,4.84,5,312,0
20110517,4.8,5.2,4.604,4.836,1587,0
20110518,4.956,4.956,4.484,4.756,5293,0
20110519,4.712,5.132,4.404,5.132,4205,0
20110520,4.604,5.1,4.6,4.76,401,0
20110523,4.764,4.8,4.404,4.8,207,0
20110524,4.324,5.58,4.324,5.2,3705,0
20110525,5.004,5.44,4.4,4.72,4272,0
20110526,4.44,4.92,4.42,4.58,3107,0
20110527,4.56,4.72,4.4,4.5,4760,0
20110530,4.252,4.5,3.6,3.844,8547,0
20110531,4.5,4.5,3.752,4.06,3522,0
20110601,4.06,4.592,3.812,4.592,11284,0
20110602,4.2,4.48,3.924,4.256,1598,0
20110603,4.096,4.24,3.924,4.204,982,0
20110606,4.004,4.24,3.848,4.22,5030,0
20110607,3.844,4.204,3.844,4.1,12019,0
20110608,4.1,4.32,3.556,4.068,5399,0
20110609,3.788,4.12,3.788,4.068,1278,0
20110610,4.068,4.26,3.888,4.16,1993,0
20110613,4,4.16,3.856,4.044,520,0
20110614,4.044,4.048,3.856,4.048,1006,0
20110615,4.048,4.16,3.92,3.968,2723,0
20110616,3.972,4.024,3.768,3.92,1600,0
20110617,3.928,4,3.836,3.88,554,0
20110620,3.88,4.036,3.768,3.88,528,0
20110621,3.88,4.036,3.788,3.88,415,0
20110622,3.88,3.916,3.76,3.764,1157,0
20110623,3.76,3.92,3.68,3.764,500,0
20110624,3.76,3.88,3.68,3.84,3105,0
20110627,3.84,3.84,3.592,3.704,1507,0
20110628,3.764,3.764,3.432,3.764,1147,0
20110629,3.512,3.644,3.428,3.428,3723,0
20110630,3.644,4.092,3.52,3.524,6401,0
20110701,3.996,3.996,3.644,3.9,2252,0
20110704,3.864,4.08,3.76,3.844,750,0
20110705,3.772,3.924,3.68,3.68,430,0
20110706,3.708,3.8,3.6,3.62,270,0
20110707,3.528,3.96,3.44,3.444,4599,0
20110708,3.828,4.1,3.72,3.736,1789,0
20110711,3.988,4.084,3.84,3.868,887,0
20110712,3.92,4.08,3.796,3.796,4109,0
20110713,3.708,3.872,3.52,3.544,3312,0
20110714,3.748,3.748,3.592,3.66,550,0
20110715,3.524,3.66,3.44,3.56,4053,0
20110718,3.6,3.6,3.336,3.44,1069,0
20110719,3.476,3.716,3.324,3.44,1335,0
20110720,3.552,3.72,3.48,3.492,956,0
20110721,3.516,3.68,3.364,3.504,375,0
20110722,3.48,3.72,3.444,3.484,1913,0
20110725,3.48,3.596,3.2,3.4,10507,0
20110726,3.204,3.42,2.964,3.2,3475,0
20110727,3.284,3.284,3.084,3.204,1162,0
20110728,3.048,3.316,2.94,3.048,1005,0
20110729,3.236,3.32,2.94,3.16,1916,0
20110801,3.232,3.368,3.084,3.156,735,0
20110802,3.284,3.368,2.88,3.28,4674,0
20110803,3.004,3.16,2.768,3.004,1940,0
20110804,3,3.044,2.82,3,1545,0
20110805,2.84,3.04,2.72,2.88,1062,0
20110808,2.88,3.6,2.72,2.84,5525,0
20110809,3.516,3.516,2.72,3.352,1437,0
20110810,3.124,3.2,2.604,3.048,2480,0
20110811,3,3.32,2.84,3,1020,0
20110812,3,3.68,3,3,4350,0
20110815,3.38,3.4,3.164,3.3,2833,0
20110816,3.24,3.4,3.088,3.164,3192,0
20110817,3.28,3.44,3.2,3.2,688,0
20110818,3.36,3.38,3.28,3.332,1475,0
20110819,3.3,3.3,3.048,3.076,2115,0
20110822,3,3.16,3,3,900,0
20110823,3.12,3.156,3.04,3.12,70,0
20110825,3,3.476,3,3,3112,0
20110826,3.32,3.78,3.24,3.6,5115,0
20110829,3.64,4.36,3.484,4.36,3793,0
20110830,4.256,5.16,4.12,4.4,19094,0
20110831,4.28,4.28,3.904,4.16,2903,0
20110901,4.16,4.24,4,4.048,2523,0
20110902,3.952,4.12,3.68,3.788,2266,0
20110905,3.64,3.728,3.62,3.72,1445,0
20110907,3.544,3.72,3.46,3.596,3465,0
20110908,3.68,4.04,3.592,3.72,3106,0
20110909,3.76,3.772,1.96,3.7,5152,0
20110912,3.68,3.68,3.28,3.66,5411,0
20110913,3.64,3.82,3.552,3.68,190,0
20110914,3.66,3.82,3.572,3.8,6560,0
20110915,3.76,3.768,3.56,3.768,1365,0
20110916,3.68,3.768,3.448,3.656,2085,0
20110919,3.568,4.36,3.444,4.2,4282,0
20110920,3.84,4.4,3.84,4.136,3233,0
20110921,4.036,4.132,3.94,4.056,495,0
20110922,3.96,4.068,3.88,4.068,8312,0
20110923,3.972,4.04,3.844,3.96,2775,0
20110926,4,4,3.8,3.804,4433,0
20110927,3.8,4,3.708,3.944,2350,0
20110929,3.812,3.84,3.72,3.828,4125,0
20110930,3.82,3.82,3.62,3.744,37,0
20111004,3.708,3.88,3.62,3.796,1023,0
20111006,3.72,4,3.72,3.896,1616,0
20111007,3.9,4.08,3.8,3.952,1576,0
20111010,3.9,4.02,3.752,3.8,1695,0
20111011,3.708,3.88,3.62,3.764,793,0
20111012,3.672,3.88,3.584,3.784,712,0
20111013,3.692,3.8,3.6,3.78,4988,0
20111014,3.688,3.776,3.6,3.728,1449,0
20111018,3.552,3.796,3.468,3.796,959,0
20111019,3.76,3.8,3.672,3.672,789,0
20111020,3.68,3.708,3.592,3.704,150,0
20111021,3.68,4.08,3.592,4,12696,0
20111024,3.92,4.2,3.788,3.972,1483,0
20111025,3.96,4.04,3.944,3.944,1774,0
20111026,3.848,4.2,3.756,4.2,1604,0
20111027,4.12,4.3,4.024,4.3,596,0
20111028,4.196,4.52,4.196,4.516,11671,0
20111031,4.404,5.04,4.304,4.664,7309,0
20111101,4.84,4.88,4.452,4.6,3145,0
20111102,4.488,4.6,4.268,4.268,10250,0
20111103,4.216,4.88,3.96,4.48,21271,0
20111104,4.372,4.72,4.268,4.412,676,0
20111107,4.268,4.368,4.16,4.232,967,0
20111108,4.132,5,4.032,4.96,9203,0
20111109,4.84,5.48,4.404,4.828,1398,0
20111110,4.712,4.82,4.592,4.592,835,0
20111111,4.48,4.72,4.36,4.48,250,0
20111114,4.372,4.8,4.272,4.68,650,0
20111115,4.568,4.9,4.46,4.8,387,0
20111116,4.684,4.8,4.56,4.672,1600,0
20111117,4.56,4.6,4.44,4.564,82,0
20111118,4.456,4.54,4.344,4.54,800,0
20111122,4.324,4.428,4.224,4.32,900,0
20111123,4.216,4.44,4.12,4.372,415,0
20111124,4.268,4.796,4.16,4.404,500,0
20111125,4,4.432,3.904,4.432,2193,0
20111128,4.324,4.52,4.22,4.324,692,0
20111129,4.22,4.424,4.12,4.424,1287,0
20111130,4.316,4.412,4.2,4.412,125,0
20111201,4.308,5.28,4.2,4.98,3097,0
20111202,4.64,4.88,4.64,4.836,565,0
20111205,4.72,4.832,4.56,4.56,617,0
20111206,4.596,4.68,4.4,4.6,1400,0
20111207,4.492,4.52,4.308,4.352,3952,0
20111208,4.24,4.64,4.148,4.416,4006,0
20111212,4.4,4.6,4.28,4.4,2875,0
20111213,4.32,4.408,4.24,4.364,5060,0
20111214,4.32,4.4,4.244,4.4,1416,0
20111215,4.32,4.4,4.2,4.264,1300,0
20111216,4.188,4.404,4.116,4.36,3379,0
20111219,4.28,4.352,4.2,4.28,502,0
20111220,4.2,4.4,4.128,4.244,1597,0
20111221,4.168,4.4,4.08,4.252,2404,0
20111222,4.176,4.548,4.1,4.176,955,0
20111223,4.1,4.376,4.032,4.376,600,0
20111227,4.296,4.44,4.22,4.36,1879,0
20111228,4.284,4.52,4.2,4.424,143,0
20111229,4.348,4.68,4.264,4.564,3098,0
20111230,4.484,4.68,4.4,4.56,110,0
20120102,4.4,4.52,4.32,4.52,957,0
20120103,4.44,4.6,4.4,4.6,2250,0
20120104,4.52,4.536,4.436,4.46,1803,0
20120105,4.404,4.48,4.4,4.444,1373,0
20120106,4.404,4.48,4.4,4.44,337,0
20120109,4.4,4.46,4.4,4.46,1354,0
20120110,4.44,4.44,4.4,4.4,750,0
20120111,4.4,4.4,4.092,4.092,1640,0
20120112,4.092,4.092,3.6,3.788,1489,0
20120113,3.788,4,3.604,3.964,567,0
20120116,3.996,4.4,3.92,4.4,3390,0
20120117,4.4,4.6,4.4,4.44,4153,0
20120118,4.4,4.48,3.6,4.38,6497,0
20120119,4.08,4.756,4,4.756,4424,0
20120120,4.756,4.756,4.42,4.464,1047,0
20120123,4.42,4.524,4.36,4.436,2600,0
20120124,4.4,4.436,4.36,4.412,1000,0
20120125,4.36,4.412,4.36,4.412,1,0
20120126,4.36,4.416,4.36,4.416,401,0
20120127,4.364,4.416,4.36,4.36,1137,0
20120130,4.36,4.464,4.36,4.36,1458,0
20120131,4.36,4.364,4.36,4.364,636,0
20120201,4.364,4.468,4.32,4.4,1037,0
20120202,4.4,4.404,4.32,4.404,338,0
20120203,4.404,4.404,4.32,4.36,2338,0
20120206,4.36,4.364,4.36,4.364,800,0
20120207,4.364,4.364,4.32,4.36,2321,0
20120208,4.4,4.656,4.4,4.656,625,0
20120209,4.636,4.64,4.4,4.404,1437,0
20120210,4.404,4.404,4.4,4.404,1254,0
20120213,4.4,4.44,4.28,4.428,1932,0
20120214,4.428,4.428,4.32,4.36,1080,0
20120215,4.32,4.36,4.32,4.324,503,0
20120216,4.32,4.324,4.32,4.324,132,0
20120217,4.324,4.428,4.32,4.428,125,0
20120220,4.324,4.44,4.28,4.44,2556,0
20120221,4.404,4.44,4.36,4.4,1853,0
20120222,4.368,4.512,4.36,4.38,801,0
20120223,4.38,4.4,4.32,4.4,633,0
20120224,4.36,4.42,4.32,4.42,3562,0
20120227,4.4,4.796,4.28,4.74,5641,0
20120228,4.796,4.796,4.44,4.54,2812,0
20120229,4.548,4.548,4.4,4.456,750,0
20120301,4.404,4.476,4.4,4.476,500,0
20120302,4.44,4.548,4.36,4.508,1482,0
20120305,4.508,4.508,4.4,4.44,1102,0
20120306,4.404,4.44,4.4,4.44,1762,0
20120307,4.44,4.44,4.4,4.404,37,0
20120308,4.404,4.564,4.32,4.564,1336,0
20120309,4.56,4.564,4.404,4.444,267,0
20120312,4.404,4.46,4.4,4.46,1000,0
20120313,4.44,4.46,4.4,4.444,281,0
20120314,4.404,4.46,4.36,4.46,3543,0
20120315,4.44,4.46,4.4,4.4,1726,0
20120316,4.4,4.46,4.4,4.42,1236,0
20120319,4.404,4.484,4.4,4.484,645,0
20120320,4.48,4.484,4.404,4.444,322,0
20120321,4.404,4.44,4.4,4.44,750,0
20120322,4.404,4.44,4.4,4.4,1765,0
20120323,4.4,4.4,4.32,4.4,750,0
20120327,4.4,4.524,4.4,4.524,650,0
20120328,4.488,4.524,4.48,4.504,211,0
20120329,4.488,4.504,4.44,4.504,462,0
20120330,4.484,4.504,4.44,4.46,975,0
20120402,4.44,4.46,4.28,4.3,250,0
20120403,4.28,4.444,4.24,4.444,457,0
20120404,4.4,4.456,4.4,4.456,1320,0
20120405,4.4,4.456,3.96,4.392,19004,0
20120410,4.48,4.48,4.32,4.36,737,0
20120411,4.32,4.42,4.32,4.42,662,0
20120412,4.4,4.456,4.32,4.456,1175,0
20120413,4.4,4.456,4.4,4.456,812,0
20120416,4.4,4.456,4.36,4.42,775,0
20120417,4.4,4.42,4.4,4.42,54,0
20120418,4.404,4.6,4.36,4.54,2612,0
20120419,4.488,4.54,4.36,4.44,300,0
20120420,4.404,4.46,4.4,4.44,625,0
20120423,4.44,4.508,4.4,4.44,2062,0
20120424,4.4,4.46,4.36,4.46,675,0
20120425,4.44,4.46,4.4,4.456,758,0
20120426,4.5,4.5,4.4,4.456,1381,0
20120427,4.404,4.456,4.4,4.452,2335,0
20120430,4.4,5.6,4.4,5.28,14234,0
20120502,5.24,5.24,5.08,5.088,1328,0
20120503,5.08,5.092,5.08,5.092,433,0
20120504,5.08,5.092,4.4,4.4,3680,0
20120507,4.4,4.5,4.4,4.46,867,0
20120508,4.44,4.46,4.36,4.432,25,0
20120509,4.4,4.456,4.4,4.456,517,0
20120510,4.4,4.456,4.4,4.456,1274,0
20120511,4.404,4.456,4.4,4.456,30,0
20120514,4.404,4.456,4.4,4.456,2,0
20120515,4.4,4.456,4.4,4.456,888,0
20120516,4.4,4.456,4.4,4.4,2061,0
20120517,4.4,4.456,4.364,4.456,610,0
20120521,4.4,4.456,4.056,4.228,9925,0
20120522,4.32,4.456,4.24,4.456,1587,0
20120523,4.4,4.476,4.4,4.476,31,0
20120524,4.44,4.476,4.4,4.476,17,0
20120525,4.44,4.476,4.4,4.456,37,0
20120528,4.404,4.456,4.36,4.456,2142,0
20120529,4.4,4.508,4.4,4.508,172,0
20120531,4.508,4.508,4.4,4.456,68,0
20120604,4.404,4.456,4.4,4.436,1300,0
20120605,4.4,4.436,4.32,4.372,3531,0
20120606,4.32,4.424,4.32,4.412,2009,0
20120607,4.36,4.4,4.312,4.312,350,0
20120608,4.396,4.4,4.32,4.38,578,0
20120611,4.38,4.416,4.36,4.416,4900,0
20120612,4.364,4.416,4.26,4.26,500,0
20120613,4.28,4.28,4.024,4.12,1275,0
20120615,4.12,4.28,4,4.28,642,0
20120618,4.28,4.384,4.16,4.34,400,0
20120619,4.384,4.384,4.224,4.304,139,0
20120621,4.224,4.276,4.084,4.092,561,0
20120622,4.084,4.18,4,4.18,125,0
20120626,4.2,4.252,4.16,4.252,1,0
20120627,4.2,4.252,4.2,4.252,750,0
20120628,4.2,4.3,4.2,4.272,280,0
20120629,4.3,4.3,4,4.1,1526,0
20120702,4.1,4.1,4,4.048,1250,0
20120703,4,4.096,4,4.068,500,0
20120704,4.04,4.068,4,4.048,1875,0
20120705,4,4.096,4,4.096,625,0
20120706,4.096,4.096,4,4.096,880,0
20120709,4.096,4.096,3.96,4.028,2932,0
20120710,4,4.04,3.968,4.028,305,0
20120711,4,4.028,3.96,4.02,500,0
20120712,4,4.048,3.96,4.048,1126,0
20120713,4,4.048,3.944,4,876,0
20120716,3.944,4,3.748,3.868,314,0
20120717,3.88,3.88,3.708,3.82,687,0
20120718,3.8,3.852,3.76,3.848,600,0
20120719,3.88,3.88,3.8,3.86,335,0
20120720,3.876,3.876,3.8,3.868,352,0
20120723,3.84,3.868,3.62,3.656,787,0
20120724,3.62,3.708,3.532,3.708,842,0
20120725,3.688,3.708,3.56,3.688,37,0
20120727,3.888,4,3.888,3.896,537,0
20120730,3.896,3.984,3.712,3.888,941,0
20120731,3.888,3.888,3.704,3.704,312,0
20120801,3.704,3.704,3.568,3.656,137,0
20120802,3.656,3.68,3.44,3.56,1432,0
20120803,3.48,3.68,3.392,3.6,2023,0
20120806,3.68,3.68,3.42,3.544,531,0
20120807,3.544,3.628,3.34,3.596,723,0
20120808,3.628,3.628,3.44,3.464,68,0
20120809,3.44,3.524,3.268,3.524,1438,0
20120810,3.524,3.524,3.348,3.52,1250,0
20120813,3.52,3.82,3.344,3.636,3075,0
20120814,3.64,3.64,3.24,3.58,3047,0
20120815,3.56,3.58,3.416,3.416,144,0
20120817,3.416,3.444,3.336,3.444,75,0
20120820,3.44,3.68,3.356,3.356,1081,0
20120821,3.356,3.436,3.28,3.4,1250,0
20120822,3.36,3.436,3.2,3.24,762,0
20120823,3.24,3.24,3.164,3.228,61,0
20120824,3.176,3.256,3.104,3.232,686,0
20120827,3.256,3.256,3.14,3.212,881,0
20120828,3.14,3.212,3.108,3.212,18,0
20120829,3.18,3.212,3.084,3.084,1343,0
20120830,3.116,3.116,2.8,3.056,5167,0
20120831,3.072,3.072,2.96,2.964,687,0
20120903,2.96,3.032,2.892,2.972,543,0
20120904,2.892,3.06,2.848,2.956,1282,0
20120905,2.988,2.988,2.912,2.972,1437,0
20120906,2.98,3.16,2.908,3.16,1302,0
20120907,3.16,3.16,2.8,2.92,4260,0
20120910,2.924,2.924,2.56,2.804,4366,0
20120911,2.8,3.056,2.656,2.956,3245,0
20120912,2.92,2.988,2.852,2.964,742,0
20120913,2.988,2.992,2.916,2.96,317,0
20120914,2.992,3.24,2.96,3.224,3962,0
20120917,3.24,4.36,3.168,4.156,6260,0
20120918,4.156,4.156,3.824,4.108,957,0
20120919,4.064,4.108,3.976,4.064,587,0
20120920,4.064,4.064,3.672,3.764,1100,0
20120921,3.76,3.984,3.672,3.852,62,0
20120924,3.852,3.852,3.652,3.652,900,0
20120925,3.672,3.672,3.5,3.5,1110,0
20120926,3.5,3.5,3.368,3.368,542,0
20120927,3.416,3.416,3.244,3.352,352,0
20120928,3.336,3.352,3.244,3.324,137,0
20121001,3.284,3.324,3.204,3.284,6,0
20121002,3.236,3.26,3.164,3.26,1637,0
20121003,3.24,3.26,3.168,3.248,50,0
20121005,3.22,3.24,3.148,3.24,625,0
20121008,3.24,3.24,3.048,3.144,1119,0
20121010,3.12,3.144,2.992,3.124,62,0
20121012,3.104,3.148,2.992,3.148,12,0
20121015,3.108,3.148,2.996,3.14,250,0
20121016,3.18,3.28,3.108,3.244,760,0
20121017,3.276,3.32,3.204,3.32,1397,0
20121018,3.284,3.32,3.164,3.204,137,0
20121019,3.204,3.216,3.1,3.216,162,0
20121023,3.216,3.248,3.144,3.164,1000,0
20121024,3.196,3.24,3.008,3.164,1112,0
20121025,3.196,3.196,3.008,3.14,400,0
20121026,3.12,3.14,2.96,2.964,965,0
20121029,2.96,3.08,2.852,3.024,25,0
20121030,3.008,3.072,2.892,3.06,1680,0
20121031,3.072,3.072,2.916,2.924,935,0
20121102,2.916,2.924,2.808,2.92,687,0
20121105,2.92,3.176,2.852,3.152,2156,0
20121106,3.18,3.18,3.104,3.124,87,0
20121107,3.12,3.124,2.976,3.02,92,0
20121108,2.984,3.02,2.908,2.912,1897,0
20121109,2.72,2.84,2.652,2.808,1727,0
20121112,2.776,2.912,2.708,2.808,3026,0
20121114,2.84,2.844,2.68,2.776,3875,0
20121115,2.744,2.776,2.676,2.732,3312,0
20121116,2.752,2.752,2.684,2.724,1120,0
20121119,2.604,2.724,2.44,2.68,2729,0
20121120,2.68,2.68,2.44,2.44,1601,0
20121121,2.44,2.72,2.376,2.672,3477,0
20121122,2.652,2.7,2.576,2.684,284,0
20121123,2.68,2.684,2.28,2.524,7120,0
20121126,2.512,2.524,2.356,2.484,2070,0
20121127,2.484,2.484,2.424,2.444,537,0
20121128,2.444,2.52,2.348,2.52,837,0
20121129,2.44,2.64,2.44,2.58,3987,0
20121130,2.664,2.8,2.56,2.744,2202,0
20121203,2.704,2.744,2.56,2.62,250,0
20121204,2.62,2.62,2.56,2.6,237,0
20121205,2.58,2.62,2.56,2.56,655,0
20121206,2.56,2.6,2.46,2.56,1312,0
20121207,2.56,2.68,2.46,2.676,1228,0
20121210,2.676,2.676,2.48,2.512,2525,0
20121211,2.5,2.872,2.46,2.872,6306,0
20121212,2.76,2.828,2.656,2.668,5111,0
20121213,2.696,2.696,2.564,2.592,654,0
20121214,2.564,2.632,2.52,2.632,306,0
20121217,2.6,2.64,2.52,2.572,800,0
20121218,2.44,2.572,2.44,2.532,2326,0
20121219,2.52,2.532,2.436,2.496,3276,0
20121220,2.44,2.5,2.4,2.496,1976,0
20121221,2.496,2.496,2.396,2.496,487,0
20121227,2.42,2.556,2.36,2.556,5459,0
20121228,2.552,2.556,2.46,2.54,111,0
20130102,2.3,2.4,2.04,2.4,2982,0
20130103,2.36,2.68,2.36,2.552,5692,0
20130104,2.52,2.8,2.5,2.66,4143,0
20130107,2.66,2.66,2.476,2.476,1800,0
20130108,2.44,2.48,2.4,2.428,2271,0
20130109,2.4,3.24,2.36,3.24,20976,0
20130110,3.24,3.36,2.64,3.032,11381,0
20130111,2.952,2.952,2.64,2.844,812,0
20130114,2.76,3.256,2.76,3.124,6890,0
20130115,2.84,3.68,2.8,3.296,7185,0
20130116,3.296,3.76,3.176,3.76,2200,0
20130117,3.6,4.32,3.56,3.796,12201,0
20130118,3.748,3.932,3.62,3.84,1578,0
20130121,3.748,4.12,3.62,4.016,1262,0
20130122,3.92,4.3,3.788,4.156,5390,0
20130123,4.056,4.28,3.92,4.036,2125,0
20130124,3.94,4.04,3.804,3.912,35,0
20130125,3.86,4.12,3.572,3.572,1530,0
20130128,3.856,3.856,3.64,3.74,800,0
20130129,3.764,3.852,3.58,3.704,1140,0
20130131,3.64,3.72,3.216,3.44,2397,0
20130201,3.252,3.52,3.212,3.52,387,0
20130204,3.436,3.624,3.26,3.336,1375,0
20130205,3.236,3.336,3.2,3.2,130,0
20130206,3.34,3.36,3.12,3.2,1050,0
20130207,3.28,3.76,2.88,3.512,6235,0
20130208,3.448,3.52,3.348,3.364,1150,0
20130211,3.304,3.508,3.204,3.508,54,0
20130212,3.444,3.72,3.32,3.72,1715,0
20130213,3.56,3.72,3.456,3.56,297,0
20130214,3.496,3.564,3.392,3.528,50,0
20130215,3.464,3.72,3.364,3.476,2250,0
20130218,3.372,3.56,3.352,3.44,1285,0
20130219,3.44,3.5,3.34,3.5,815,0
20130220,3.396,3.52,3.376,3.52,650,0
20130221,3.316,3.512,3.216,3.368,6231,0
20130222,3.308,3.72,3.208,3.376,3196,0
20130225,3.376,3.472,3.356,3.472,250,0
20130226,3.412,3.46,3.312,3.42,475,0
20130227,3.36,3.672,3.26,3.608,1962,0
20130228,3.504,3.544,3.36,3.52,500,0
20130301,3.48,3.48,3.312,3.412,738,0
20130304,3.312,3.412,3.252,3.368,541,0
20130305,3.328,3.4,3.328,3.4,300,0
20130306,3.34,3.436,3.244,3.436,808,0
20130307,3.376,3.4,3.2,3.34,238,0
20130308,3.244,3.32,3.084,3.116,2318,0
20130311,3.04,3.204,3,3.12,1912,0
20130312,3.064,3.3,2.888,2.888,642,0
20130313,3.04,3.22,3,3.2,1500,0
20130314,3.144,3.36,3.08,3.256,1977,0
20130315,3.196,3.38,3.1,3.38,3400,0
20130318,3.36,3.42,3.24,3.42,2222,0
20130319,3.36,3.48,3.212,3.48,2445,0
20130320,3.416,3.54,3.316,3.54,350,0
20130321,3.476,3.5,3.372,3.4,250,0
20130322,3.436,3.48,3.28,3.34,1973,0
20130326,3.22,3.276,3.12,3.124,500,0
20130327,3.144,3.2,3.08,3.08,527,0
20130328,3.12,3.196,3.04,3.1,1127,0
20130402,3.14,3.176,3.012,3.1,857,0
20130403,3.064,3.16,3.048,3.12,25,0
20130404,3.048,3.104,2.8,2.824,5740,0
20130405,2.772,2.876,2.684,2.764,102,0
20130408,2.724,2.764,2.48,2.564,2624,0
20130409,2.56,2.764,2.52,2.692,502,0
20130410,2.596,2.732,2.552,2.732,396,0
20130411,2.56,2.604,2.52,2.564,1906,0
20130412,2.48,2.6,2.396,2.6,350,0
20130415,2.436,2.648,2.396,2.648,387,0
20130416,2.6,2.64,2.46,2.64,350,0
20130417,2.556,2.6,2.44,2.6,333,0
20130418,2.528,2.556,2.36,2.52,520,0
20130419,2.476,2.56,2.36,2.516,1644,0
20130422,2.472,2.476,2.32,2.416,500,0
20130423,2.304,2.5,2.264,2.356,3768,0
20130424,2.316,2.892,2.2,2.8,4456,0
20130425,2.752,2.752,2.32,2.516,7701,0
20130426,2.472,2.516,2.276,2.4,9412,0
20130429,2.444,2.48,2.04,2.24,10198,0
20130430,2.14,2.28,2.04,2.044,2287,0
20130502,2.12,2.264,1.92,2.008,10698,0
20130503,1.964,2.28,1.72,1.76,14111,0
20130506,1.76,1.916,1.6,1.764,16355,0
20130507,1.8,2.54,1.504,2.16,22662,0
20130508,2.12,2.28,2.076,2.12,3304,0
20130509,2.04,2.44,1.96,2.44,2786,0
20130510,2,2.36,1.96,2.36,2978,0
20130513,2.164,2.36,2.072,2.36,708,0
20130514,2.112,2.476,2.024,2.256,1987,0
20130515,2.204,2.44,2.112,2.232,630,0
20130516,2.208,2.4,2.116,2.4,455,0
20130517,2.344,2.344,2.24,2.256,95,0
20130521,2.34,2.52,2.204,2.476,5537,0
20130522,2.376,2.416,2.312,2.32,456,0
20130523,2.272,2.592,2.256,2.48,4149,0
20130524,2.42,2.768,2.32,2.72,4016,0
20130527,2.784,2.848,2.46,2.5,3982,0
20130528,2.42,2.6,2.324,2.476,60,0
20130529,2.416,2.6,2.32,2.444,4870,0
20130531,2.332,2.444,2.228,2.424,1043,0
20130603,2.64,2.64,2.236,2.616,1875,0
20130604,2.556,2.6,2.236,2.512,253,0
20130605,2.464,2.508,2.46,2.508,1047,0
20130606,2.464,2.6,2.46,2.6,312,0
20130607,2.464,2.652,2.46,2.6,775,0
20130610,2.588,2.588,2.48,2.5,300,0
20130611,2.56,2.64,2.48,2.604,4542,0
20130613,2.5,2.56,2.464,2.476,35,0
20130614,2.464,2.64,2.464,2.488,4071,0
20130617,2.464,2.6,2.464,2.48,1530,0
20130618,2.464,2.58,2.464,2.48,375,0
20130619,2.464,2.552,2.464,2.464,625,0
20130620,2.404,2.524,2.404,2.468,612,0
20130621,2.408,2.58,2.308,2.5,1000,0
20130624,2.6,2.6,2.452,2.452,1075,0
20130626,2.34,2.696,2.236,2.6,5132,0
20130627,2.68,3.28,2.56,2.8,9520,0
20130628,2.5,2.668,2.24,2.404,1125,0
20130701,2.348,2.56,2.252,2.36,2550,0
20130702,2.292,2.344,2.2,2.2,281,0
20130703,2.2,2.36,2,2,1520,0
20130704,1.956,2.344,1.956,2.004,25,0
20130705,2,2.52,1.86,2.24,6225,0
20130708,2.24,2.4,2.024,2.4,2026,0
20130709,2.2,2.5,2.04,2.28,3307,0
20130710,2.116,2.5,2.028,2.32,767,0
20130711,2.264,2.42,2.172,2.28,447,0
20130712,2.212,2.44,2.12,2.196,1310,0
20130715,2.28,2.28,2.04,2.12,1750,0
20130716,2.4,2.4,2.12,2.16,512,0
20130717,2.108,2.236,2.02,2.096,887,0
20130718,2.184,2.252,2.092,2.136,112,0
20130719,2.12,2.72,2.032,2.344,16283,0
20130722,2.288,2.48,2.008,2.08,6022,0
20130723,2.08,2.236,2.04,2.044,2185,0
20130724,2.076,2.32,1.992,2.184,2255,0
20130725,2.184,2.32,2.128,2.132,4,0
20130726,2.132,2.2,2.08,2.12,965,0
20130729,2.072,2.32,1.988,2.32,1085,0
20130730,2.104,2.196,2.052,2.084,650,0
20130731,2.04,2.316,2.04,2.108,8,0
20130801,2.12,2.28,2.008,2.088,828,0
20130802,2.044,2.316,1.96,2.04,305,0
20130805,2.116,2.244,2.028,2.12,435,0
20130806,2.076,2.32,1.992,2.1,46,0
20130807,2.056,2.316,2,2.2,2975,0
20130808,2.148,2.348,2.056,2.224,2790,0
20130809,2.172,2.316,2.028,2.048,1244,0
20130812,2.076,2.316,1.992,2.104,165,0
20130813,2.06,2.316,1.9,2.1,2438,0
20130814,2.132,2.208,1.8,2.04,8081,0
20130815,1.996,2.2,1.86,2.08,9339,0
20130816,1.88,2.16,1.804,1.84,8995,0
20130819,1.92,2.028,1.88,1.96,6254,0
20130820,1.964,1.964,1.804,1.872,12703,0
20130821,1.84,1.84,1.64,1.84,1500,0
20130822,1.88,1.9,1.768,1.9,44,0
20130823,1.88,1.98,1.604,1.64,5820,0
20130826,1.92,2.28,1.76,2.28,5525,0
20130827,1.996,2.12,1.8,1.824,12055,0
20130829,1.8,1.996,1.684,1.808,3230,0
20130830,1.808,1.98,1.76,1.76,324,0
20130902,1.8,1.98,1.76,1.82,2276,0
20130903,1.8,1.98,1.76,1.804,473,0
20130904,1.8,1.98,1.76,1.92,727,0
20130905,1.76,1.98,1.76,1.76,1465,0
20130906,1.8,1.96,1.76,1.96,2541,0
20130909,1.76,1.96,1.76,1.8,10,0
20130910,1.8,2,1.76,1.996,5510,0
20130911,1.996,1.996,1.904,1.904,450,0
20130912,1.996,1.996,1.76,1.76,520,0
20130913,1.78,1.82,1.76,1.76,250,0
20130916,1.76,1.82,1.644,1.8,6717,0
20130917,1.56,1.832,1.56,1.8,1388,0
20130918,1.76,1.944,1.568,1.944,1124,0
20130919,1.568,1.8,1.568,1.656,506,0
20130920,1.76,1.804,1.568,1.568,1485,0
20130923,1.64,1.8,1.6,1.64,14,0
20130924,1.6,1.8,1.6,1.8,1015,0
20130925,1.72,1.996,1.72,1.76,2289,0
20130926,1.76,1.996,1.6,1.64,703,0
20130927,1.76,1.76,1.6,1.76,1067,0
20130930,1.68,1.76,1.64,1.76,5384,0
20131001,1.6,1.88,1.16,1.444,1315,0
20131002,1.72,1.912,1.4,1.8,2938,0
20131003,1.68,1.96,1.48,1.684,150,0
20131004,1.52,1.684,1.48,1.684,575,0
20131007,1.72,1.8,1.56,1.6,1390,0
20131008,1.76,1.8,1.636,1.636,637,0
20131009,1.8,1.804,1.64,1.64,500,0
20131010,1.8,1.924,1.64,1.64,1000,0
20131014,1.72,2,1.688,1.772,5532,0
20131015,1.8,1.92,1.68,1.92,625,0
20131016,1.72,1.84,1.652,1.796,152,0
20131017,1.692,1.8,1.652,1.652,250,0
20131018,1.72,2.16,1.64,1.84,7836,0
20131021,1.92,2.064,1.84,2.012,3044,0
20131022,2.012,2.16,1.928,2.16,2707,0
20131023,2.08,2.4,1.92,1.92,1452,0
20131024,2.16,2.212,2.068,2.172,2382,0
20131025,2.172,2.172,1.88,1.9,1431,0
20131028,2.04,2.12,1.88,1.88,769,0
20131029,2.08,2.08,1.76,1.884,1230,0
20131030,1.884,2.004,1.728,1.88,7765,0
20131031,1.88,2.124,1.84,1.92,692,0
20131101,1.88,1.94,1.72,1.88,250,0
20131104,1.936,2,1.88,2,126,0
20131105,1.84,1.936,1.84,1.88,511,0
20131106,1.84,2,1.816,1.816,26,0
20131107,1.996,2,1.816,1.856,735,0
20131108,1.996,1.996,1.696,1.88,875,0
20131111,1.992,1.992,1.656,1.844,87,0
20131112,1.992,1.996,1.684,1.704,2162,0
20131113,1.584,1.92,1.52,1.916,1055,0
20131114,1.56,1.92,1.52,1.576,3827,0
20131115,1.576,1.84,1.576,1.64,250,0
20131118,1.58,1.76,1.56,1.76,4193,0
20131119,1.56,1.8,1.54,1.8,237,0
20131120,1.6,1.76,1.58,1.68,30,0
20131121,1.616,1.68,1.496,1.496,207,0
20131122,1.56,1.76,1.304,1.376,5087,0
20131125,1.416,1.8,1.376,1.8,2313,0
20131126,1.76,1.76,1.304,1.736,1061,0
20131127,1.66,1.76,1.32,1.32,100,0
20131128,1.32,1.76,1.32,1.76,300,0
20131129,1.528,1.76,1.488,1.66,2012,0
20131202,1.58,1.776,1.58,1.776,2456,0
20131203,1.66,1.788,1.576,1.788,1412,0
20131204,1.536,1.66,1.536,1.604,235,0
20131205,1.6,1.76,1.6,1.76,34,0
20131209,1.66,1.76,1.54,1.54,9534,0
20131210,1.5,1.76,1.5,1.68,1680,0
20131212,1.592,1.6,1.46,1.5,143,0
20131213,1.592,1.62,1.464,1.464,106,0
20131216,1.5,1.6,1.464,1.592,75,0
20131217,1.56,1.6,1.488,1.6,2627,0
20131218,1.452,1.62,1.452,1.604,1375,0
20131219,1.52,1.604,1.52,1.56,1103,0
20131220,1.484,1.6,1.484,1.56,4306,0
20131223,1.5,1.56,1.44,1.464,3630,0
20131227,1.56,1.84,1.4,1.56,5695,0
20131230,1.56,1.56,1.4,1.48,20,0
20140102,1.56,1.756,1.4,1.672,7025,0
20140103,1.7,1.7,1.476,1.64,4387,0
20140106,1.56,1.56,1.52,1.56,2000,0
20140107,1.52,1.62,1.444,1.62,1862,0
20140109,1.62,1.624,1.444,1.484,551,0
20140110,1.48,1.788,1.48,1.788,1091,0
20140113,1.676,1.792,1.544,1.792,3611,0
20140114,1.56,1.84,1.48,1.716,11185,0
20140115,1.484,1.712,1.464,1.672,6937,0
20140116,1.6,1.672,1.528,1.62,2660,0
20140117,1.56,1.8,1.44,1.44,14998,0
20140120,1.4,1.564,1.36,1.5,3511,0
20140121,1.528,1.756,1.5,1.756,21382,0
20140122,1.6,1.736,1.504,1.708,73,0
20140123,1.62,1.756,1.576,1.64,4275,0
20140124,1.62,1.708,1.596,1.64,162,0
20140127,1.64,1.712,1.512,1.636,1599,0
20140128,1.516,1.668,1.512,1.576,1525,0
20140129,1.496,1.604,1.496,1.508,1512,0
20140130,1.4,1.628,1.36,1.588,1625,0
20140131,1.52,1.64,1.52,1.62,1950,0
20140203,1.612,1.612,1.444,1.56,1125,0
20140204,1.572,1.64,1.56,1.632,2518,0
20140205,1.572,1.632,1.56,1.616,750,0
20140206,1.564,1.644,1.564,1.644,756,0
20140207,1.584,1.672,1.568,1.652,306,0
20140210,1.632,1.672,1.54,1.672,2076,0
20140211,1.6,1.78,1.572,1.78,475,0
20140212,1.6,1.86,1.6,1.796,1802,0
20140213,1.808,2,1.664,1.784,2931,0
20140214,1.884,1.884,1.708,1.708,1400,0
20140217,1.708,1.84,1.596,1.84,962,0
20140218,1.676,1.916,1.676,1.916,28,0
20140219,1.644,1.916,1.644,1.768,137,0
20140221,1.768,1.768,1.648,1.648,12,0
20140224,1.576,1.84,1.576,1.76,1886,0
20140225,1.768,1.916,1.648,1.72,1345,0
20140226,1.648,1.764,1.604,1.636,475,0
20140227,1.736,1.756,1.636,1.636,502,0
20140228,1.756,1.772,1.6,1.72,1159,0
20140303,1.72,1.72,1.56,1.56,1010,0
20140304,1.672,1.8,1.56,1.62,10700,0
20140305,1.62,1.768,1.568,1.6,1355,0
20140306,1.6,1.76,1.6,1.62,125,0
20140307,1.7,1.972,1.604,1.624,1980,0
20140310,1.7,1.736,1.588,1.68,1750,0
20140311,1.696,1.736,1.612,1.684,3538,0
20140312,1.684,1.8,1.68,1.704,25,0
20140314,1.72,1.84,1.684,1.78,1829,0
20140317,1.684,1.792,1.68,1.684,62,0
20140318,1.792,1.792,1.684,1.684,125,0
20140319,1.684,1.764,1.584,1.584,1321,0
20140321,1.676,1.708,1.572,1.68,125,0
20140324,1.74,1.74,1.576,1.6,1005,0
20140326,1.6,1.74,1.596,1.62,1791,0
20140327,1.672,1.72,1.62,1.628,25,0
20140328,1.628,1.72,1.6,1.68,56,0
20140331,1.68,1.72,1.596,1.604,50,0
20140401,1.692,1.72,1.56,1.568,775,0
20140402,1.692,1.72,1.484,1.484,2000,0
20140403,1.484,1.72,1.484,1.604,1650,0
20140404,1.696,1.696,1.444,1.52,15138,0
20140407,1.484,1.556,1.444,1.508,447,0
20140408,1.508,1.6,1.276,1.276,8295,0
20140409,1.4,1.596,1.276,1.328,3125,0
20140410,1.328,1.572,1.328,1.572,1000,0
20140411,1.28,1.52,1.12,1.12,150,0
20140414,1.12,1.556,1.12,1.292,787,0
20140415,1.292,1.8,1.04,1.8,20740,0
20140416,1.544,1.8,1.364,1.648,2525,0
20140417,1.648,1.724,1.34,1.552,1252,0
20140422,1.344,1.648,1.344,1.344,800,0
20140423,1.504,1.648,1.344,1.344,1552,0
20140424,1.348,1.648,1.344,1.344,2754,0
20140425,1.344,1.604,1.344,1.408,500,0
20140428,1.5,1.592,1.32,1.368,2531,0
20140429,1.464,1.556,1.372,1.508,3750,0
20140430,1.504,1.556,1.348,1.348,995,0
20140502,1.42,1.68,1.348,1.528,3187,0
20140505,1.396,1.524,1.396,1.44,1400,0
20140506,1.444,1.596,1.376,1.376,126,0
20140507,1.476,1.52,1.368,1.384,518,0
20140508,1.5,1.64,1.388,1.404,475,0
20140512,1.524,1.556,1.38,1.388,254,0
20140513,1.488,1.704,1.38,1.596,7982,0
20140515,1.508,1.624,1.476,1.516,244,0
20140516,1.564,1.564,1.356,1.356,1225,0
20140519,1.456,1.556,1.356,1.372,150,0
20140520,1.372,1.556,1.372,1.452,25,0
20140521,1.512,1.556,1.436,1.436,1250,0
20140522,1.5,1.72,1.44,1.6,6118,0
20140523,1.608,1.924,1.564,1.588,9625,0
20140526,1.708,1.892,1.592,1.84,2775,0
20140527,1.768,1.92,1.604,1.608,4586,0
20140528,1.692,2,1.612,1.84,4981,0
20140529,1.68,1.92,1.496,1.656,4645,0
20140530,1.656,1.756,1.496,1.556,7,0
20140602,1.664,1.76,1.56,1.588,801,0
20140603,1.752,1.836,1.588,1.68,201,0
20140604,1.768,1.772,1.6,1.6,2258,0
20140606,1.692,1.764,1.6,1.6,4661,0
20140609,1.652,1.78,1.496,1.52,6000,0
20140610,1.608,1.796,1.48,1.6,875,0
20140611,1.6,1.916,1.6,1.652,150,0
20140612,1.652,1.836,1.604,1.604,1525,0
20140613,1.748,1.756,1.6,1.696,2661,0
20140616,1.2,1.6,1.2,1.6,197,0
20140617,1.675,1.675,1.44,1.441,2067,0
20140618,1.471,1.5,1.441,1.471,181,0
20140619,1.471,1.5,1.291,1.317,9054,0
20140620,1.317,1.4,1.317,1.332,280,0
20140623,1.376,1.4,1.332,1.377,1676,0
20140624,1.438,1.46,1.331,1.364,5391,0
20140625,1.364,1.41,1.36,1.36,1908,0
20140626,1.36,1.41,1.25,1.26,2337,0
20140627,1.26,1.37,1.26,1.366,549,0
20140630,1.401,1.42,1.26,1.3,344,0
20140701,1.415,1.415,1.25,1.251,149,0
20140702,1.356,1.38,1.251,1.32,418,0
20140703,1.42,1.42,1.31,1.32,88,0
20140704,1.41,1.41,1.32,1.375,5,0
20140707,1.32,1.41,1.31,1.31,50,0
20140708,1.31,1.405,1.31,1.31,206,0
20140709,1.31,1.365,1.29,1.32,231,0
20140710,1.37,1.37,1.24,1.33,2273,0
20140711,1.375,1.375,1.25,1.375,50,0
20140714,1.33,1.375,1.21,1.321,1504,0
20140716,1.251,1.348,1.251,1.29,2500,0
20140717,1.29,1.355,1.29,1.3,2375,0
20140718,1.3,1.36,1.29,1.29,96,0
20140721,1.29,1.355,1.28,1.28,1050,0
20140722,1.31,1.33,1.251,1.251,916,0
20140723,1.361,1.361,1.251,1.33,176,0
20140724,1.4,1.4,1.292,1.292,50,0
20140725,1.395,1.395,1.291,1.291,125,0
20140728,1.221,1.312,1.191,1.292,7137,0
20140730,1.271,1.55,1.271,1.42,20528,0
20140731,1.505,1.505,1.4,1.4,192,0
20140801,1.4,1.515,1.34,1.34,2100,0
20140804,1.34,1.47,1.29,1.29,62,0
20140805,1.29,1.47,1.26,1.295,3500,0
20140806,1.295,1.47,1.295,1.31,1965,0
20140807,1.31,1.45,1.31,1.357,2175,0
20140808,1.474,1.49,1.357,1.44,800,0
20140811,1.56,1.86,1.44,1.86,1998,0
20140812,1.831,2.434,1.691,2.434,9503,0
20140813,2.25,2.5,1.75,1.76,23789,0
20140814,1.885,2.04,1.661,1.75,6200,0
20140815,1.75,1.835,1.6,1.685,5084,0
20140818,1.72,1.77,1.6,1.641,985,0
20140819,1.757,1.757,1.641,1.671,201,0
20140820,1.705,1.71,1.631,1.642,2500,0
20140825,1.665,1.71,1.611,1.626,200,0
20140829,1.695,1.71,1.6,1.656,412,0
20140901,1.691,1.71,1.576,1.591,2112,0
20140903,1.615,1.694,1.59,1.595,123,0
20140904,1.629,1.629,1.54,1.552,1043,0
20140905,1.586,1.629,1.52,1.573,700,0
20140908,1.608,1.629,1.49,1.508,624,0
20140910,1.521,1.596,1.5,1.52,2425,0
20140911,1.593,1.62,1.53,1.571,663,0
20140915,1.616,1.656,1.55,1.569,1350,0
20140917,1.615,1.616,1.53,1.546,349,0
20140918,1.58,1.619,1.45,1.493,4310,0
20140922,1.56,1.597,1.5,1.55,1725,0
20140923,1.585,1.597,1.45,1.486,225,0
20140924,1.558,1.596,1.35,1.444,3550,0
20140925,1.515,1.551,1.41,1.435,917,0
20140926,1.505,1.505,1.432,1.432,200,0
20140929,1.466,1.502,1.44,1.477,500,0
20140930,1.494,1.494,1.437,1.47,42,0
20141001,1.492,1.499,1.44,1.47,1075,0
20141002,1.483,1.52,1.42,1.464,1123,0
20141007,1.518,1.518,1.39,1.486,1252,0
20141008,1.521,1.521,1.39,1.435,1500,0
20141010,1.479,1.515,1.29,1.327,7100,0
20141013,1.429,1.429,1.331,1.352,156,0
20141014,1.386,1.429,1.35,1.352,261,0
20141015,1.386,1.429,1.257,1.295,6821,0
20141016,1.342,1.408,1.1,1.1,2868,0
20141017,1.31,1.341,1.246,1.246,62,0
20141020,1.36,1.36,1.136,1.136,5934,0
20141021,1.245,1.285,1.181,1.207,5575,0
20141022,1.274,1.305,1.203,1.203,243,0
20141023,1.296,1.3,1.246,1.246,1012,0
20141024,1.27,1.32,1.234,1.234,1400,0
20141027,1.315,1.35,1.268,1.268,303,0
20141028,1.32,1.39,1.304,1.312,1959,0
20141029,1.401,1.401,1.315,1.315,1806,0
20141030,1.405,1.405,1.279,1.279,691,0
20141105,1.331,1.406,1.304,1.304,863,0
20141106,1.355,1.406,1.288,1.288,178,0
20141107,1.368,1.401,1.316,1.316,2032,0
20141110,1.406,1.406,1.266,1.266,3697,0
20141111,1.383,1.401,1.277,1.277,43,0
20141112,1.334,1.4,1.275,1.275,1493,0
20141113,1.393,1.4,1.268,1.268,1250,0
20141117,1.348,1.398,1.316,1.32,616,0
20141118,1.356,1.398,1.32,1.32,143,0
20141119,1.356,1.398,1.321,1.34,625,0
20141120,1.344,1.398,1.34,1.34,475,0
20141121,1.362,1.398,1.34,1.34,220,0
20141124,1.389,1.4,1.34,1.34,50,0
20141125,1.4,1.4,1.351,1.361,1225,0
20141126,1.411,1.411,1.361,1.361,681,0
20141127,1.42,1.42,1.361,1.378,662,0
20141128,1.426,1.426,1.343,1.343,20,0
20141201,1.433,1.433,1.306,1.306,650,0
20141202,1.398,1.419,1.365,1.371,190,0
20141203,1.414,1.45,1.35,1.388,8142,0
20141204,1.481,1.481,1.38,1.38,287,0
20141205,1.445,1.62,1.4,1.507,11011,0
20141208,1.6,1.6,1.502,1.502,175,0
20141209,1.557,1.596,1.505,1.505,127,0
20141211,1.597,1.597,1.49,1.49,1006,0
20141212,1.556,1.595,1.46,1.49,350,0
20141215,1.504,1.562,1.45,1.45,1922,0
20141216,1.507,1.562,1.4,1.45,3030,0
20141217,1.466,1.539,1.45,1.45,664,0
20141218,1.497,1.533,1.46,1.46,1964,0
20141219,1.51,1.533,1.46,1.46,250,0
20141222,1.461,1.526,1.39,1.39,4533,0
20141223,1.464,1.526,1.4,1.401,4624,0
20141229,1.486,1.521,1.41,1.42,134,0
20141230,1.47,1.505,1.376,1.41,329,0
20150102,1.391,1.459,1.332,1.332,185,0
20150106,1.43,1.466,1.351,1.367,750,0
20150107,1.381,1.451,1.321,1.415,2247,0
20150108,1.465,1.67,1.411,1.586,9168,0
20150109,1.6,1.669,1.551,1.551,3429,0
20150112,1.621,1.662,1.558,1.558,403,0
20150114,1.626,1.626,1.533,1.533,270,0
20150115,1.6,1.703,1.561,1.621,4000,0
20150116,1.717,1.75,1.629,1.629,10983,0
20150119,1.649,1.706,1.59,1.598,2937,0
20150120,1.635,1.65,1.559,1.559,2699,0
20150122,1.603,1.658,1.563,1.563,976,0
20150123,1.673,1.673,1.559,1.559,851,0
20150127,1.6,1.64,1.48,1.483,2830,0
20150128,1.533,1.61,1.5,1.523,1500,0
20150129,1.605,1.659,1.541,1.541,718,0
20150130,1.635,1.659,1.549,1.549,50,0
20150202,1.636,1.636,1.509,1.509,2641,0
20150203,1.576,1.615,1.51,1.53,6,0
20150204,1.604,1.636,1.54,1.561,2524,0
20150205,1.611,1.651,1.51,1.512,225,0
20150206,1.608,1.611,1.528,1.528,2661,0
20150209,1.622,1.649,1.56,1.562,620,0
20150210,1.605,1.777,1.591,1.667,3828,0
20150211,1.764,1.764,1.632,1.632,1457,0
20150212,1.703,1.746,1.658,1.658,62,0
20150213,1.709,1.782,1.671,1.683,5625,0
20150216,1.781,1.796,1.67,1.682,8762,0
20150217,1.728,1.995,1.728,1.879,16143,0
20150218,1.972,2.5,1.972,2.323,12479,0
20150219,2.398,2.458,2.16,2.16,10134,0
20150220,2.231,2.341,2.164,2.164,5855,0
20150223,2.225,2.335,2.167,2.167,1500,0
20150224,2.221,2.332,2.109,2.109,4143,0
20150225,2.173,2.263,2.11,2.177,2976,0
20150226,2.24,2.25,2.16,2.202,6100,0
20150227,2.186,2.333,2.129,2.129,7498,0
20150302,2.179,2.24,1.9,1.986,18064,0
20150303,2.011,2.111,1.97,1.97,1000,0
20150305,2.064,2.155,2,2.036,20,0
20150306,2.073,2.124,2.036,2.036,325,0
20150309,2.069,2.147,2.036,2.062,553,0
20150310,2.069,2.28,2.04,2.168,8233,0
20150311,2.218,2.26,2.161,2.174,2000,0
20150312,2.21,2.235,2.11,2.121,2045,0
20150316,2.153,2.21,2.08,2.12,25,0
20150317,2.124,2.21,2.08,2.105,251,0
20150318,2.147,2.21,2.121,2.14,2480,0
20150319,2.095,2.197,2.095,2.109,237,0
20150320,2.152,2.206,2.08,2.08,1650,0
20150323,2.195,2.2,2.102,2.102,3045,0
20150324,2.14,2.235,2.105,2.105,250,0
20150325,2.14,3.239,2.14,3.239,47556,0
20150326,3,3.309,2.69,2.982,14551,0
20150327,2.985,3.149,2.664,2.768,12669,0
20150330,2.646,2.9,2.513,2.55,1597,0
20150331,2.53,3.047,2.53,2.879,9637,0
20150401,3.3,3.3,2.812,2.909,3155,0
20150402,2.81,3.159,2.81,2.946,3221,0
20150407,3.1,3.5,3.1,3.5,5230,0
20150408,3.36,3.5,3.36,3.5,738,0
20150409,3.5,3.5,3.05,3.06,4861,0
20150410,3.19,3.19,2.98,3.1,2796,0
20150413,3.1,3.1,2.98,2.98,6101,0
20150414,3.079,3.079,3.079,3.079,391,0
20150415,3.189,3.19,3.189,3.19,1500,0
20150416,3.01,3.2,3.01,3.06,5387,0
20150417,3.2,3.2,2.99,2.99,2500,0
20150420,2.9,2.999,2.9,2.999,2781,0
20150421,2.9,2.9,2.79,2.79,2125,0
20150422,2.869,2.949,2.81,2.81,6895,0
20150423,2.9,2.9,2.84,2.84,2056,0
20150424,2.93,2.93,2.9,2.9,2800,0
20150427,2.95,3.19,2.95,3.19,3871,0
20150428,3.2,3.2,3.08,3.12,1676,0
20150429,3.024,3.2,3.024,3.2,1974,0
20150430,3.2,3.3,3.14,3.295,4155,0
20150504,3.41,3.5,3.19,3.25,4843,0
20150505,3.36,3.36,3.22,3.22,1056,0
20150506,3.151,3.32,3.15,3.32,1024,0
20150507,3.21,3.21,3.18,3.18,875,0
20150508,3.279,3.28,3.22,3.28,4381,0
20150511,3.35,3.35,3.17,3.17,858,0
20150512,3.2,3.2,3.15,3.15,578,0
20150513,3.15,3.26,3.15,3.26,2750,0
20150514,3.3,3.3,3.3,3.3,17,0
20150515,3.191,3.191,3.15,3.15,2507,0
20150518,3.04,3.04,3.038,3.038,276,0
20150519,3.14,3.43,3.14,3.26,9122,0
20150520,3.22,3.22,3.2,3.2,1580,0
20150521,3.319,3.47,3.31,3.47,7183,0
20150522,3.47,3.47,3.35,3.47,1250,0
20150526,3.35,3.53,3.35,3.53,2010,0
20150527,3.4,3.5,3.4,3.5,583,0
20150528,3.57,3.61,3.57,3.61,2869,0
20150529,3.66,3.67,3.66,3.67,585,0
20150601,3.57,3.75,3.57,3.75,3991,0
20150602,3.77,4.11,3.65,4.11,4687,0
20150603,3.97,4.1,3.91,4.08,10542,0
20150604,3.99,4.1,3.3,3.78,33174,0
20150605,3.78,3.896,3.78,3.896,1396,0
20150608,3.761,3.899,3.69,3.899,5593,0
20150609,3.9,4,3.76,3.76,1177,0
20150610,3.89,3.89,3.8,3.8,700,0
20150611,3.8,3.8,3.8,3.8,27,0
20150612,3.799,3.799,3.66,3.66,415,0
20150615,3.531,3.531,3.4,3.5,4226,0
20150617,3.38,3.38,3.33,3.33,2550,0
20150618,3.25,3.25,3.08,3.08,6072,0
20150619,3.199,3.2,3.1,3.1,1470,0
20150622,3.011,3.011,3.01,3.01,162,0
20150623,3.01,3.01,2.94,2.94,1300,0
20150624,3.029,3.1,3.029,3.1,4000,0
20150625,3.2,3.2,3.2,3.2,2000,0
20150626,3.27,3.27,3.27,3.27,500,0
20150701,3.051,3.051,3.05,3.05,116,0
20150702,3.05,3.16,3.05,3.16,406,0
20150703,3.27,3.27,3.27,3.27,250,0
20150706,3.295,3.38,3.295,3.38,1500,0
20150707,3.5,3.73,3.42,3.56,3700,0
20150708,3.43,3.43,3.43,3.43,551,0
20150710,3.4,3.69,3.4,3.69,1318,0
20150713,3.69,3.75,3.69,3.75,1287,0
20150714,3.62,3.62,3.54,3.54,2800,0
20150715,3.66,3.66,3.66,3.66,100,0
20150716,3.53,3.53,3.53,3.53,617,0
20150717,3.65,3.65,3.53,3.53,1100,0
20150720,3.64,3.64,3.64,3.64,447,0
20150721,3.75,3.75,3.75,3.75,712,0
20150722,3.62,3.75,3.62,3.75,2155,0
20150723,3.75,3.75,3.75,3.75,1100,0
20150724,3.75,3.75,3.65,3.75,601,0
20150727,3.65,3.65,3.65,3.65,162,0
20150730,3.55,3.55,3.55,3.55,500,0
20150731,3.45,3.45,3.45,3.45,1000,0
20150804,3.42,3.42,3.42,3.42,500,0
20150805,3.33,3.352,3.33,3.35,770,0
20150807,3.351,3.351,3.348,3.348,781,0
20150810,3.34,3.34,3.34,3.34,320,0
20150811,3.419,3.45,3.419,3.45,1613,0
20150814,3.424,3.43,3.251,3.251,1075,0
20150818,3.34,3.349,3.15,3.349,2365,0
20150824,3.04,3.04,2.9,2.9,5379,0
20150825,2.998,2.998,2.77,2.77,2232,0
20150826,2.86,2.86,2.86,2.86,100,0
20150827,2.96,2.96,2.84,2.84,266,0
20150831,2.84,2.84,2.84,2.84,57,0
20150902,2.68,2.68,2.5,2.5,3762,0
20150903,2.64,2.64,2.64,2.64,414,0
20150908,2.59,2.87,2.59,2.79,4085,0
20150911,2.649,2.659,2.649,2.659,298,0
20150915,2.579,2.58,2.579,2.58,212,0
20150916,2.5,2.67,2.5,2.55,1115,0
20150917,2.504,2.504,2.504,2.504,1555,0
20150918,2.461,2.461,2.46,2.46,2214,0
20150921,2.5,2.559,2.37,2.559,3600,0
20150924,2.273,2.43,2.272,2.43,14078,0
20150925,2.509,2.59,2.509,2.59,3390,0
20150929,2.441,2.441,2.44,2.44,600,0
20150930,2.519,2.6,2.519,2.6,1116,0
20151001,2.64,2.64,2.64,2.64,600,0
20151005,2.58,2.58,2.58,2.58,645,0
20151008,2.43,2.43,2.43,2.43,2000,0
20151009,2.34,2.47,2.34,2.47,700,0
20151012,2.465,2.55,2.465,2.55,2350,0
20151013,2.611,2.7,2.611,2.7,1074,0
20151014,2.78,3.63,2.78,3.63,4653,0
20151015,3.022,3.15,3,3.149,3102,0
20151016,3.15,3.95,3.15,3.66,10429,0
20151019,3.75,4.2,3.75,3.8,23972,0
20151020,3.929,3.929,3.75,3.75,1040,0
20151021,3.62,3.777,3.549,3.549,1916,0
20151022,3.45,3.45,3.449,3.449,1129,0
20151023,3.6,3.6,3.25,3.55,2750,0
20151026,3.49,3.49,3.27,3.27,2400,0
20151027,3.35,3.501,3.29,3.29,4811,0
20151028,3.201,3.201,3.2,3.2,1076,0
20151030,3.32,3.43,3.32,3.43,450,0
20151102,3.47,3.47,3.47,3.47,1000,0
20151103,3.47,3.47,3.47,3.47,125,0
20151104,3.49,3.49,3.49,3.49,100,0
20151105,3.37,3.371,3.37,3.37,300,0
20151110,3.499,3.499,3.499,3.499,375,0
20151111,3.381,3.381,3.381,3.381,1909,0
20151112,3.4,3.5,3.4,3.5,1250,0
20151116,3.45,3.45,3.35,3.36,2700,0
20151118,3.419,3.419,3.419,3.419,711,0
20151120,3.4,3.4,3.4,3.4,68,0
20151123,3.401,3.41,3.4,3.41,162,0
20151124,3.41,3.41,3.41,3.41,100,0
20151125,3.4,3.45,3.4,3.45,455,0
20151126,3.45,3.5,3.45,3.5,2165,0
20151127,3.5,3.5,3.5,3.5,423,0
20151130,3.4,3.4,3.4,3.4,6,0
20151201,3.4,3.5,3.35,3.35,5595,0
20151203,3.3,3.33,3.3,3.3,2650,0
20151204,3.2,3.29,3.18,3.29,4810,0
20151207,3.33,3.72,3.33,3.55,5498,0
20151208,3.48,3.57,3.451,3.451,3566,0
20151209,3.411,3.411,3.41,3.41,200,0
20151210,3.58,3.58,3.58,3.58,2000,0
20151211,3.605,3.88,3.605,3.66,10508,0
20151214,3.66,3.795,3.66,3.795,1449,0
20151215,3.8,4.12,3.8,3.9,16284,0
20151216,3.95,4.18,3.95,4.12,27013,0
20151217,4.2,4.269,4.1,4.24,4818,0
20151218,4.25,4.5,4.25,4.25,18994,0
20151221,4.4,4.49,4.38,4.4,22258,0
20151222,4.48,4.92,4.48,4.92,8231,0
20151223,5,5.3,4.761,5.25,18256,0
20151228,5.245,5.55,4.71,4.96,47825,0
20151229,4.959,5.59,4.893,4.893,29135,0
20151230,5.02,5.42,4.9,5.42,16624,0
20160104,5.9,6.9,5.599,6.73,39693,0
20160105,7.14,8.98,7.1,7.79,60712,0
20160106,7.95,7.99,7.55,7.9,18374,0
20160107,7.81,7.81,6.61,7.155,27483,0
20160108,7.3,7.8,7.3,7.589,20921,0
20160111,7.95,7.99,7.7,7.95,23035,0
20160112,7.983,7.99,7.75,7.75,9665,0
20160113,7.898,7.898,7.611,7.88,5380,0
20160114,7.949,7.949,7.101,7.45,17009,0
20160115,7.55,7.55,6.45,6.71,18127,0
20160118,6.701,6.9,6.505,6.697,12674,0
20160119,6.7,7.15,6.7,7.1,6814,0
20160120,7.039,7.039,6.62,6.78,6535,0
20160121,6.9,7.049,6.9,7.049,4073,0
20160122,7.05,7.05,6.69,6.851,2784,0
20160125,6.899,6.899,6.829,6.829,619,0
20160126,6.68,6.68,6.679,6.679,500,0
20160127,6.529,6.65,6.05,6.154,8818,0
20160128,5.68,6.096,4.95,5.245,47476,0
20160129,5.244,5.409,5.01,5.409,10880,0
20160201,5.41,5.945,5.41,5.85,5890,0
20160202,5.801,5.932,5.311,5.798,15671,0
20160203,5.65,5.8,5.55,5.55,6878,0
20160204,5.7,5.7,5.6,5.6,1105,0
20160205,5.6,5.779,5.481,5.779,4776,0
20160208,5.629,5.629,5.201,5.201,7135,0
20160209,5.35,5.4,5.2,5.2,1750,0
20160210,5.2,5.42,5.2,5.207,5051,0
20160211,5.207,5.207,5.206,5.206,40,0
20160212,5.299,5.356,4.94,5.06,11420,0
20160215,5.1,5.36,5.1,5.36,4680,0
20160216,5.25,5.44,5.105,5.105,11873,0
20160217,5.245,5.749,5.201,5.6,2024,0
20160218,5.55,5.745,5.55,5.73,2127,0
20160219,5.8,6.149,5.5,5.6,17608,0
20160222,5.78,5.9,5.7,5.75,8020,0
20160223,5.895,5.895,5.895,5.895,20,0
20160224,5.745,5.85,5.3,5.3,13665,0
20160225,5.45,5.5,5.45,5.5,23,0
20160226,5.411,5.424,5.41,5.424,1027,0
20160229,5.351,5.351,5.35,5.35,1000,0
20160301,5.311,5.311,5.31,5.31,500,0
20160302,5.291,5.291,5.101,5.151,7418,0
20160303,5.1,5.379,5.1,5.379,585,0
20160304,5.26,5.412,5.25,5.25,3600,0
20160307,5.16,5.16,5.111,5.112,1200,0
20160308,5.112,5.112,5.112,5.112,1400,0
20160309,5.25,5.25,5.08,5.249,2830,0
20160310,5.25,5.25,5.02,5.1,11957,0
20160311,5.01,5.01,4.717,4.802,11121,0
20160314,4.75,4.75,4.75,4.75,356,0
20160315,4.89,4.89,4.89,4.89,200,0
20160316,5.03,5.697,5.03,5.501,17834,0
20160317,5.598,5.697,5.171,5.397,24298,0
20160318,5.41,5.65,5.301,5.59,16138,0
20160321,5.938,7.02,5.711,7.02,37442,0
20160322,6.7,6.874,6.001,6.001,52224,0
20160323,6.001,6.339,5.98,6.339,11310,0
20160324,6.37,6.428,5.8,5.85,24057,0
20160329,6.04,6.348,6.04,6.3,6947,0
20160330,6.342,6.383,6.32,6.32,2516,0
20160331,6.3,6.776,6.3,6.519,12522,0
20160401,6.543,6.543,6.515,6.521,4836,0
20160404,6.669,6.9,6.57,6.71,7074,0
20160405,6.55,6.55,6.111,6.249,8214,0
20160406,6.398,6.398,6.389,6.389,267,0
20160407,6.398,6.438,6.438,6.438,300,0
20160408,6.299,6.3,6.12,6.12,1647,0
20160411,6,6.289,6,6.289,2126,0
20160412,6.139,6.139,6.1,6.1,1125,0
20160413,6.159,6.16,6.041,6.041,640,0
20160414,5.906,6.159,5.906,6.049,621,0
20160418,6.104,6.2,6.104,6.2,616,0
20160419,6.1,6.1,6.05,6.05,2800,0
20160420,5.9,5.95,5.9,5.9,3105,0
20160421,5.95,6.05,5.95,6.05,831,0
20160422,6.199,6.248,6.108,6.108,3337,0
20160426,5.961,5.961,5.961,5.961,1180,0
20160427,5.832,5.832,5.804,5.804,2594,0
20160428,5.99,5.99,5.99,5.99,1700,0
20160429,6.1,6.429,6.1,6.429,3800,0
20160502,6.45,6.45,6.34,6.419,2498,0
20160503,6.325,6.325,5.946,6.3,16464,0
20160504,6.3,6.379,6.3,6.3,9454,0
20160506,6.35,6.35,6.35,6.35,236,0
20160509,6.47,6.47,6.35,6.4,1264,0
20160510,6.2,6.2,6.2,6.2,1500,0
20160511,6.066,6.066,6.014,6.014,675,0
20160513,5.9,6.003,5.9,6.003,233,0
20160518,5.83,5.901,5.69,5.901,1056,0
20160519,5.839,5.839,5.609,5.609,2290,0
20160520,5.649,5.649,5.486,5.486,1950,0
20160523,5.45,5.45,5.441,5.441,1818,0
20160524,5.267,5.555,5.201,5.203,5148,0
20160525,5.342,5.342,5.342,5.342,200,0
20160526,5.22,5.22,5.22,5.22,700,0
20160527,5.249,5.379,5.249,5.379,1291,0
20160530,5.32,5.32,5.25,5.25,400,0
20160531,5.2,5.386,5.2,5.386,366,0
20160601,5.241,5.241,5.241,5.241,50,0
20160603,5.341,5.341,5.341,5.341,1500,0
20160606,5.196,5.339,5.196,5.339,611,0
20160607,5.14,5.15,5.1,5.15,3797,0
20160608,5.13,5.13,4.999,4.999,3536,0
20160609,4.95,4.95,4.68,4.68,5727,0
20160610,4.75,4.75,4.611,4.698,3428,0
20160613,4.631,4.631,4.6,4.606,450,0
20160614,4.549,4.549,4.549,4.549,561,0
20160615,4.55,4.55,4.55,4.55,963,0
20160616,4.561,4.561,4.472,4.472,1440,0
20160620,4.45,4.65,4.45,4.65,1547,0
20160621,4.551,4.695,4.551,4.695,2,0
20160622,4.551,4.551,4.551,4.551,1,0
20160623,4.55,4.55,4.423,4.423,1474,0
20160624,4.29,4.29,3.9,4.233,13462,0
20160627,4.381,4.381,4.349,4.35,203,0
20160628,4.221,4.221,4.203,4.203,1099,0
20160629,4.249,4.249,4.249,4.249,100,0
20160630,4.25,4.25,4.25,4.25,400,0
20160701,4.17,4.33,4.17,4.33,355,0
20160704,4.399,4.399,4.399,4.399,745,0
20160705,4.35,4.35,4.29,4.29,1776,0
20160706,4.25,4.25,4.25,4.25,112,0
20160707,4.505,4.505,4.505,4.505,488,0
20160711,4.303,4.5,4.303,4.5,1673,0
20160712,4.57,4.595,4.569,4.595,1540,0
20160713,4.594,4.88,4.594,4.88,6538,0
20160714,4.943,5.057,4.943,5.039,3812,0
20160715,5.102,5.102,5.102,5.102,2212,0
20160718,5.279,5.33,5.279,5.33,2245,0
20160719,5.33,5.749,5.33,5.451,7604,0
20160720,5.451,5.451,5.451,5.451,1000,0
20160721,5.489,5.489,5.399,5.399,132,0
20160725,5.4,5.4,5.224,5.224,432,0
20160726,5.23,5.23,5.23,5.23,200,0
20160727,5.373,5.373,5.373,5.373,636,0
20160729,5.381,5.408,5.251,5.251,2740,0
20160801,5.55,5.687,5.496,5.55,7020,0
20160802,5.43,5.7,5.43,5.53,1885,0
20160803,5.398,5.42,5.347,5.42,2690,0
20160804,5.419,5.56,5.282,5.56,2914,0
20160805,5.5,5.579,5.5,5.5,1588,0
20160808,5.406,5.406,5.391,5.391,1518,0
20160809,5.36,5.549,5.344,5.344,1122,0
20160810,5.36,5.5,5.36,5.5,1568,0
20160811,5.53,5.53,5.357,5.5,498,0
20160816,5.524,5.524,5.356,5.515,1670,0
20160822,5.4,5.4,5.355,5.355,450,0
20160823,5.356,5.4,5.355,5.38,2076,0
20160824,5.32,5.49,5.32,5.489,1500,0
20160825,5.515,5.544,5.515,5.544,610,0
20160826,5.401,5.401,5.247,5.247,3352,0
20160829,5.242,5.37,5.241,5.37,2202,0
20160830,5.423,5.424,5.305,5.305,2700,0
20160831,5.305,5.305,4.95,4.95,4321,0
20160902,4.803,5.099,4.756,4.801,3966,0
20160905,4.8,4.88,4.8,4.8,1200,0
20160906,4.65,4.65,4.441,4.629,5074,0
20160907,4.44,4.708,4.439,4.7,1540,0
20160908,4.759,4.886,4.759,4.886,3314,0
20160909,4.8,5.2,4.8,5.05,11598,0
20160912,5.05,5.1,5.05,5.1,1048,0
20160913,5.16,5.21,5.16,5.21,1500,0
20160914,5.287,5.288,5.287,5.288,1726,0
20160915,5.103,5.35,5.103,5.3,5578,0
20160916,5.25,5.25,5.108,5.108,190,0
20160919,5.061,5.16,5.061,5.16,181,0
20160923,5.057,5.057,5.056,5.056,2300,0
20160926,4.859,4.859,4.859,4.859,1,0
20160927,5.05,5.05,5.05,5.05,275,0
20160928,5.119,5.119,5.119,5.119,35,0
20160929,5.011,5.011,5.01,5.01,537,0
20161004,4.861,4.861,4.86,4.86,2276,0
20161005,4.891,4.891,4.891,4.891,225,0
20161010,4.82,5.51,4.82,5.299,31008,0
20161011,5.25,5.55,5.249,5.36,11376,0
20161012,5.51,5.51,5.51,5.51,500,0
20161013,5.45,5.48,5.367,5.367,3557,0
20161014,5.44,5.44,5.44,5.44,1,0
20161017,5.44,5.44,5.365,5.365,2510,0
20161018,5.365,5.37,5.365,5.37,280,0
20161019,5.365,5.395,5.35,5.35,12675,0
20161020,5.48,5.48,5.4,5.4,264,0
20161021,5.4,5.4,5.37,5.4,1850,0
20161024,5.4,5.401,5.374,5.374,5457,0
20161025,6.26,6.438,6.06,6.15,18136,0
20161026,6.249,6.7,6.151,6.151,11399,0
20161027,6.301,6.301,6.2,6.2,5888,0
20161028,6.35,6.46,6.2,6.46,6762,0
20161031,6.35,6.35,6.35,6.35,2227,0
20161101,6.497,6.497,6.35,6.35,3102,0
20161102,6.35,6.35,6.25,6.25,5500,0
20161103,6.25,6.25,6.25,6.25,587,0
20161104,6.4,6.4,6.3,6.3,256,0
20161107,6.25,6.25,6.25,6.25,2325,0
20161108,6.25,6.398,6.25,6.398,3366,0
20161109,6.361,6.361,6.359,6.36,4053,0
20161110,6.45,6.509,6.45,6.509,2700,0
20161114,6.401,6.401,6.4,6.4,2033,0
20161115,6.549,6.599,6.4,6.4,2000,0
20161116,6.4,6.549,6.4,6.549,30,0
20161117,6.4,6.4,6.4,6.4,560,0
20161118,6.4,6.4,6.182,6.182,3350,0
20161121,6.35,6.35,6.35,6.35,800,0
20161122,6.25,6.25,6.24,6.24,600,0
20161123,6.14,6.14,5.853,5.888,6839,0
20161124,6.02,6.15,6.02,6.15,3389,0
20161125,6.1,6.2,6.05,6.1,5469,0
20161128,6.1,6.25,6,6.1,18899,0
20161129,6.001,6.05,6.001,6.05,324,0
20161130,6.05,6.35,5.95,6,21238,0
20161201,6,6.186,5.98,6.186,3283,0
20161202,6.041,6.041,6.041,6.041,300,0
20161205,6.149,6.15,6.149,6.15,1535,0
20161206,6.1,6.15,6.019,6.15,1399,0
20161207,6.15,6.15,6.053,6.104,945,0
20161208,6.14,6.14,6.14,6.14,15,0
20161209,6.195,6.317,6.195,6.22,7708,0
20161212,6.122,6.214,6.122,6.214,683,0
20161213,6.25,6.25,6.188,6.188,1147,0
20161214,6.188,6.2,6.1,6.129,4273,0
20161215,6.15,6.277,6.13,6.277,1103,0
20161216,6.134,6.134,6.132,6.132,950,0
20161219,6.11,6.503,6.101,6.503,54040,0
20161220,6.45,6.5,6.45,6.5,3236,0
20161221,6.51,6.51,6.51,6.51,1752,0
20161222,6.525,6.525,6.525,6.525,1050,0
20161223,6.51,6.58,6.5,6.58,7149,0
20161227,6.51,6.55,6.51,6.51,4622,0
20161228,6.55,6.55,6.501,6.503,3105,0
20161229,6.51,6.51,6.503,6.503,2098,0
20161230,6.51,6.51,6.503,6.503,1389,0
20170102,6.55,6.55,6.5,6.5,5126,0
20170103,6.648,6.65,6.501,6.501,3451,0
20170104,6.501,6.53,6.501,6.53,2674,0
20170105,6.501,6.53,6.501,6.53,2080,0
20170106,6.501,6.53,6.5,6.5,6975,0
20170109,6.5,6.75,6.5,6.75,17873,0
20170110,6.5,6.51,6.5,6.5,1328,0
20170111,6.5,6.5,6.5,6.5,18,0
20170113,6.5,6.75,6.5,6.75,2330,0
20170116,6.75,6.75,6.498,6.498,6230,0
20170117,6.556,6.56,6.487,6.487,1266,0
20170118,6.567,6.568,6.5,6.5,5630,0
20170120,6.5,6.541,6.5,6.533,2099,0
20170123,6.549,6.549,6.549,6.549,50,0
20170125,6.54,6.551,6.54,6.551,800,0
20170126,6.55,6.55,6.5,6.5,2301,0
20170127,6.75,6.75,6.639,6.749,7823,0
20170130,6.6,6.608,6.6,6.608,181,0
20170131,6.65,6.65,6.6,6.6,2270,0
20170201,6.55,6.55,6.401,6.5,2205,0
20170202,6.551,6.551,6.55,6.55,903,0
20170206,6.55,6.55,6.55,6.55,2244,0
20170207,6.485,6.649,6.485,6.5,252,0
20170210,6.5,6.619,6.5,6.619,399,0
20170214,6.619,6.62,6.619,6.62,219,0
20170215,6.501,6.501,6.501,6.501,160,0
20170216,6.502,7.419,6.501,7.419,7497,0
20170217,7.27,7.849,7.27,7.31,6121,0
20170220,7.25,7.46,7.25,7.25,2732,0
20170221,7.15,7.15,7.1,7.1,1128,0
20170222,7.284,7.312,7.25,7.25,4625,0
20170223,7.349,7.349,7.194,7.264,2575,0
20170224,7.158,7.158,7.158,7.158,1000,0
20170227,7.12,7.12,7.12,7.12,94,0
20170228,7.237,7.237,7.237,7.237,120,0
20170301,7.12,7.12,7.12,7.12,200,0
20170302,7.179,7.179,7.179,7.179,80,0
20170303,7.3,7.3,6.88,6.88,2679,0
20170306,6.999,7,6.999,7,1526,0
20170307,6.989,6.99,6.95,6.95,823,0
20170308,6.98,6.98,6.98,6.98,700,0
20170310,6.95,6.95,6.831,6.831,1294,0
20170313,6.75,6.899,6.72,6.899,2047,0
20170314,6.782,6.782,6.782,6.782,635,0
20170315,6.799,6.8,6.799,6.8,1352,0
20170316,6.859,6.859,6.73,6.775,792,0
20170317,6.859,6.99,6.859,6.99,5628,0
20170320,7.03,7.1,6.974,6.974,1388,0
20170321,7.181,7.249,7,7,2668,0
20170322,6.95,6.95,6.95,6.95,750,0
20170323,6.95,6.964,6.95,6.964,308,0
