Date,Open,High,Low,Close,Volume,OpenInt
20090406,6.1026,6.1685,5.9614,6.1309,252,0
20090407,5.9614,6.0932,5.9519,6.0932,47,0
20090408,6.0932,6.1685,5.9048,6.1026,21,0
20090409,6.1685,6.1685,5.8484,5.9143,211,0
20090414,5.9801,5.9801,5.7447,5.8672,3988,0
20090415,5.933,6.1214,5.7447,6.0649,1291,0
20090416,6.0649,6.1214,5.8013,6.1214,160,0
20090417,6.1214,6.3475,5.9425,6.0743,2421,0
20090420,6.2062,6.2062,6.0649,6.1403,2229,0
20090421,6.0743,6.1403,6.0743,6.1403,106,0
20090422,5.933,6.1685,5.933,6.1685,478,0
20090423,6.1309,6.1685,6.1214,6.1685,940,0
20090424,6.1214,6.1685,6.1214,6.1685,160,0
20090427,6.1214,6.2062,6.1214,6.1685,320,0
20090428,6.1309,6.2062,6.1214,6.1403,318,0
20090429,6.2062,6.2062,6.0649,6.1685,1005,0
20090430,6.1214,6.3381,6.1214,6.3381,646,0
20090504,6.3381,6.7242,6.1309,6.7242,2549,0
20090505,6.6206,6.7242,6.6206,6.6959,1964,0
20090506,6.6582,6.7335,6.6582,6.7242,660,0
20090507,6.7335,7.082,6.6582,6.9407,2128,0
20090511,6.7806,6.9219,6.3098,6.451,2964,0
20090513,6.3098,6.3098,6.0272,6.1214,1061,0
20090519,5.8389,6.0649,5.8389,5.9801,4351,0
20090520,5.9708,5.999,5.8484,5.999,848,0
20090521,5.933,6.0649,5.933,6.0649,464,0
20090522,5.933,6.1968,5.933,6.0649,533,0
20090525,5.933,6.0932,5.933,6.0932,2,0
20090527,6.0743,6.4981,5.9614,6.4134,925,0
20090528,6.4981,6.4981,6.3475,6.3475,432,0
20090601,6.2062,6.3286,6.0649,6.1873,110,0
20090603,6.0461,6.178,6.0272,6.1591,258,0
20090604,6.0272,6.1873,6.0272,6.1214,1178,0
20090605,6.1591,6.3568,6.0272,6.3568,3942,0
20090610,6.2156,6.4039,6.2156,6.3757,42,0
20090611,6.4039,6.4039,6.1214,6.3757,531,0
20090615,6.2627,6.3475,6.1214,6.3098,53,0
20090617,6.2156,6.4793,6.1214,6.1403,2065,0
20090618,6.1214,6.1403,5.8954,6.1214,804,0
20090619,6.1214,6.1214,5.9801,5.9801,318,0
20090623,6.0272,6.0743,5.7165,6.0743,671,0
20090625,5.9143,6.0461,5.6694,5.6694,170,0
20090701,5.933,5.933,5.6694,5.7918,170,0
20090702,5.9237,6.4039,5.6694,6.4039,25282,0
20090703,6.1214,6.7712,5.9801,6.6206,1370,0
20090706,6.6206,6.6206,6.451,6.451,695,0
20090708,6.3852,6.4981,6.3852,6.4039,536,0
20090710,6.3852,6.6394,6.3852,6.3852,961,0
20090713,6.3852,6.4699,6.2439,6.3568,536,0
20090716,6.0743,6.1968,5.933,6.1214,2974,0
20090717,6.0272,6.1591,5.8954,5.933,2124,0
20090720,5.933,6.0838,5.7165,5.8389,558,0
20090721,5.9614,6.0838,5.8389,5.8389,1667,0
20090722,5.8389,6.0085,5.8295,5.8295,3722,0
20090724,5.8295,6.0085,5.8295,5.8577,127,0
20090728,5.886,6.0085,5.886,5.933,658,0
20090730,6.0085,6.3192,6.0085,6.3192,531,0
20090731,6.3192,6.3192,6.178,6.2156,5378,0
20090804,6.2156,6.4039,6.2156,6.2156,2389,0
20090805,6.2156,6.4039,5.8295,6.1309,2867,0
20090806,6.1309,6.2533,5.9896,6.2533,340,0
20090807,6.2533,6.3098,6.112,6.3098,488,0
20090810,6.1685,6.451,6.1591,6.451,531,0
20090811,6.3098,6.3192,6.3098,6.3098,318,0
20090812,6.3098,6.3098,6.0272,6.1591,3615,0
20090813,6.1591,6.3004,5.8295,5.8295,2484,0
20090814,5.8295,6.0838,5.8295,5.8295,1061,0
20090817,5.8295,5.9237,5.6694,5.8295,1073,0
20090818,5.8295,5.9237,5.7165,5.7165,16,0
20090819,5.7165,5.9237,5.7165,5.7447,297,0
20090820,5.7259,5.9237,5.7259,5.7447,16,0
20090821,5.7447,6.1214,5.7353,6.1214,2124,0
20090824,6.1214,6.2156,5.7447,5.7447,2999,0
20090826,5.7353,5.9801,5.7353,5.8389,531,0
20090827,5.8389,5.9801,5.7353,5.7447,1959,0
20090831,5.999,6.2627,5.999,6.2627,106,0
20090901,6.2627,6.3945,6.1214,6.3945,58,0
20090902,6.1214,6.2439,5.9801,6.2439,58,0
20090903,6.2439,6.2439,5.9614,6.2344,58,0
20090904,6.1026,6.2251,5.9614,6.2251,58,0
20090908,6.0838,6.2062,5.9425,6.2062,117,0
20090911,5.933,6.3004,5.8013,6.3004,377,0
20090914,6.1685,6.1873,6.0556,6.1873,58,0
20090916,6.0461,6.178,5.9143,6.1214,5426,0
20090917,6.1214,6.3475,6.1214,6.2156,1061,0
20090923,5.773,6.0743,5.7353,5.933,6116,0
20090925,5.886,5.9896,5.7353,5.9896,16,0
20090928,5.8201,6.0085,5.7542,6.0085,16,0
20090929,6.0932,6.0932,5.8766,5.933,265,0
20090930,6.1591,6.1968,5.933,6.1968,16,0
20091001,6.0178,6.0556,5.8013,6.0556,16,0
20091005,6.0085,6.0085,5.7447,5.7447,5431,0
20091006,5.8295,5.8295,5.6976,5.7918,637,0
20091007,5.8766,5.933,5.7918,5.7918,239,0
20091012,6.0649,6.0649,5.933,5.933,743,0
20091015,6.0649,6.0649,5.7918,5.7918,2134,0
20091019,5.8766,5.8766,5.7918,5.7918,770,0
20091021,5.8766,5.8766,5.7918,5.7918,584,0
20091022,5.8766,6.0461,5.7918,6.0461,850,0
20091023,6.1309,6.3568,5.9143,6.2156,7980,0
20091028,6.0178,6.0178,5.66,5.66,2151,0
20091029,5.7447,5.9143,5.66,5.66,876,0
20091030,5.9143,5.9519,5.7824,5.7824,318,0
20091103,5.8672,5.886,5.6411,5.886,743,0
20091105,5.8389,5.8672,5.5093,5.7447,478,0
20091111,5.9708,5.9708,5.8389,5.886,318,0
20091112,5.8013,5.886,5.8013,5.886,439,0
20091113,5.8013,6.5923,5.8013,6.5923,1807,0
20091116,6.4416,6.4416,6.1309,6.1309,68,0
20091117,6.2062,6.3568,6.2062,6.2439,53,0
20091118,6.1497,6.5923,5.9614,6.5923,572,0
20091119,6.4981,6.7242,6.4416,6.4416,86,0
20091120,6.3475,6.5829,6.3004,6.3004,212,0
20091123,6.2062,6.3286,6.1591,6.3286,318,0
20091125,6.0932,6.2533,5.9801,6.1214,106,0
20091127,5.9425,6.2062,5.9425,5.9425,41,0
20091130,5.8577,6.1685,5.7447,5.7447,2071,0
20091201,5.66,5.7824,5.6505,5.7447,3015,0
20091202,5.66,5.7824,5.6505,5.7447,2761,0
20091203,5.66,5.7353,5.5847,5.6505,2179,0
20091204,5.5658,5.7353,5.5658,5.6976,1147,0
20091207,5.6034,5.6505,5.6034,5.6034,3717,0
20091208,5.5658,5.6505,5.5658,5.5847,2124,0
20091209,5.5658,5.7071,5.5658,5.6976,584,0
20091210,5.6129,5.7071,5.6129,5.6411,637,0
20091211,5.5563,5.6505,5.5563,5.6505,531,0
20091214,5.5658,5.6411,5.2267,5.4528,3325,0
20091215,5.368,5.5376,5.2456,5.5376,764,0
20091216,5.4151,5.5281,5.4151,5.5281,250,0
20091217,5.255,5.5187,5.255,5.5187,212,0
20091218,5.2456,5.5187,5.2456,5.5187,478,0
20091221,5.2456,5.7071,5.2456,5.7071,921,0
20091222,5.4246,5.5752,5.2738,5.5752,323,0
20091223,5.2927,5.5187,5.2927,5.4528,425,0
20091228,5.7165,5.7165,5.2927,5.4622,702,0
20091230,5.255,5.5376,5.255,5.5281,106,0
20100104,5.2644,5.5281,5.2644,5.2917,53,0
20100105,5.142,5.6505,5.142,5.5563,393,0
20100106,5.2785,5.7071,5.2785,5.7071,637,0
20100107,5.4217,5.6505,5.4217,5.6034,1168,0
20100108,5.3237,5.6505,5.3237,5.6505,743,0
20100111,5.368,5.7447,5.368,5.7447,1869,0
20100112,5.4575,5.6505,5.4575,5.6505,563,0
20100114,5.368,5.8738,5.368,5.8738,1274,0
20100115,5.5799,5.8738,5.5799,5.6505,1158,0
20100118,5.368,5.9105,5.368,5.9048,318,0
20100119,5.6101,6.1309,5.6101,6.1309,425,0
20100120,5.8248,6.0367,5.8248,5.999,340,0
20100121,5.6996,6.0272,5.6383,6.0272,1486,0
20100126,5.4716,5.9105,5.4716,5.6505,1720,0
20100203,5.2833,5.6505,5.2267,5.4622,2496,0
20100204,5.1891,5.5941,5.1891,5.3491,690,0
20100205,5.0855,5.5941,5.0855,5.481,3497,0
20100208,5.2174,5.4857,5.2174,5.4857,425,0
20100211,5.0102,5.8389,5.0102,5.8389,743,0
20100212,5.547,5.8201,5.547,5.8201,106,0
20100215,5.5281,6.0272,5.5281,6.0272,212,0
20100218,5.4716,5.9076,5.4716,5.9076,531,0
20100219,5.6129,5.8879,5.6129,5.8389,425,0
20100222,5.547,5.8879,5.547,5.708,106,0
20100224,5.368,5.7777,5.368,5.7071,106,0
20100226,5.368,5.7777,5.368,5.6505,106,0
20100301,5.3775,5.7777,5.3775,5.4622,1911,0
20100302,5.1891,5.6034,5.1891,5.6034,3079,0
20100308,5.481,5.7542,5.481,5.5941,4778,0
20100309,5.4434,5.7447,5.4434,5.7447,2654,0
20100310,5.7447,5.8831,5.7447,5.7447,9397,0
20100311,5.6157,5.7447,5.4895,5.7419,1061,0
20100312,5.4528,5.8954,5.4528,5.7626,2549,0
20100315,5.6505,5.7542,5.4716,5.7542,53,0
20100316,5.4622,5.7636,5.4622,5.7636,1444,0
20100317,5.4716,5.7542,5.4716,5.7542,276,0
20100322,5.4622,6.1026,5.4622,6.1026,1073,0
20100323,5.8013,6.1309,5.8013,6.1309,1115,0
20100324,5.8201,6.6018,5.8201,6.6018,3482,0
20100325,6.451,6.7335,6.451,6.7335,7715,0
20100326,6.3945,7.0255,6.3945,6.7335,2786,0
20100329,6.6394,6.7806,6.6394,6.6488,960,0
20100330,6.3192,6.7335,6.3192,6.6394,5008,0
20100331,6.3098,6.7335,6.3098,6.6394,302,0
20100401,6.3098,6.6394,6.3098,6.6357,727,0
20100406,6.3004,6.7835,6.3004,6.7835,318,0
20100407,6.4416,6.7806,6.4416,6.6394,637,0
20100408,6.3098,6.7882,6.3098,6.7882,21,0
20100409,6.451,6.7806,6.451,6.7335,212,0
20100412,6.4416,6.9219,6.4416,6.9219,235,0
20100413,6.4416,6.9125,6.4416,6.9125,1505,0
20100414,6.564,6.9219,6.564,6.9219,1505,0
20100415,6.6111,6.9314,6.6111,6.9314,268,0
20100416,6.6111,6.7751,6.5923,6.6206,95,0
20100419,6.6111,6.7307,6.4323,6.6959,2854,0
20100420,6.3568,6.7806,6.3568,6.6865,1354,0
20100421,6.3568,6.7995,6.3568,6.6959,1088,0
20100423,6.3568,6.7806,6.3568,6.7806,892,0
20100428,6.4416,6.8372,6.3945,6.7806,11287,0
20100429,6.0838,6.6921,6.0838,6.6111,823,0
20100430,6.2815,6.7411,6.2815,6.6865,255,0
20100503,6.4039,7.7695,6.4039,7.534,24566,0
20100504,7.1573,7.4399,7.1573,7.4399,1146,0
20100505,7.3645,7.534,7.3645,7.534,265,0
20100506,7.1573,7.4022,7.1573,7.2704,7255,0
20100507,7.1009,7.3928,7.1009,7.3928,2727,0
20100510,7.2986,7.6282,7.0255,7.6282,4460,0
20100511,7.1762,7.7224,7.1762,7.6706,14666,0
20100512,7.2892,7.6471,7.2892,7.534,16934,0
20100513,7.1573,7.5586,7.1573,7.3928,212,0
20100514,7.1762,7.6659,7.1762,7.6659,3347,0
20100517,7.2798,7.6753,7.2798,7.6753,12010,0
20100518,7.2892,7.6659,6.9785,7.4399,15308,0
20100519,7.2722,7.5811,7.1084,7.4399,6969,0
20100520,7.2044,7.4352,7.2044,7.3928,1678,0
20100521,7.2044,8.1933,7.2044,8.1462,19216,0
20100524,7.7412,8.1462,7.7036,7.9635,287,0
20100525,7.5624,7.9588,7.5624,7.7695,10712,0
20100526,7.3834,7.9578,7.3834,7.9107,4672,0
20100527,7.5153,8.4287,7.5153,8.4287,7327,0
20100528,8.1933,9.2293,8.0049,9.2273,6848,0
20100531,9.1351,9.1351,8.4946,8.4946,1329,0
20100601,8.0709,8.9467,8.0709,8.6641,2842,0
20100602,8.231,8.6425,8.2178,8.2403,6764,0
20100603,7.826,8.3637,7.826,8.3345,4057,0
20100607,7.7978,8.5041,7.7978,8.5041,21,0
20100608,7.7978,8.5041,7.7978,8.5041,21,0
20100609,8.0803,8.6519,8.0803,8.3553,180,0
20100610,7.9391,8.4946,7.9391,8.4946,363,0
20100611,8.0709,8.6641,8.0709,8.6641,75,0
20100615,7.7978,8.5257,7.7978,8.5257,635,0
20100616,8.0991,8.7678,8.0991,8.7678,10229,0
20100617,8.3251,8.796,8.3251,8.57,9942,0
20100618,8.1462,8.7112,8.1462,8.7112,1911,0
20100621,8.2781,8.6718,8.2781,8.6641,9447,0
20100624,8.1462,8.6736,8.1462,8.5888,515,0
20100625,8.1556,8.6718,8.1556,8.6641,318,0
20100628,8.231,8.6718,8.231,8.57,388,0
20100629,8.1839,8.6718,8.1839,8.57,1449,0
20100630,8.1462,8.6641,8.1462,8.6641,1061,0
20100701,8.231,8.9467,8.231,8.9467,12035,0
20100702,8.3534,8.9373,8.3534,8.781,637,0
20100705,8.344,8.9336,8.344,8.9279,2895,0
20100706,8.4853,8.9231,8.4853,8.7226,931,0
20100708,8.2781,8.7819,8.2781,8.7112,416,0
20100709,8.2781,8.7819,8.2781,8.7583,3292,0
20100712,8.3251,8.7819,8.3251,8.7207,286,0
20100713,8.2874,8.7819,8.2874,8.7112,1177,0
20100714,8.2781,8.7819,8.2781,8.7583,77,0
20100715,8.165,8.7819,8.165,8.5983,1083,0
20100719,8.165,8.7583,8.165,8.4099,626,0
20100720,8.165,8.667,8.165,8.6641,87,0
20100721,8.052,8.667,8.052,8.0925,2167,0
20100723,7.8636,8.2743,7.8636,7.9296,148,0
20100726,7.6848,8.2743,7.6848,8.0991,212,0
20100727,7.6941,8.2743,7.6941,8.1933,531,0
20100728,7.6941,8.2743,7.6941,8.0991,582,0
20100729,7.6941,8.1933,7.6941,7.9296,4705,0
20100730,7.534,8.1933,7.534,7.9391,75,0
20100802,7.5435,8.1161,7.4116,7.7695,11839,0
20100803,7.4682,7.7695,7.4682,7.7224,1720,0
20100806,7.3363,7.9052,7.3363,7.9052,550,0
20100809,7.5058,7.9004,7.5058,7.9004,172,0
20100810,7.3363,8.052,7.3363,8.052,850,0
20100811,7.6471,7.9202,7.6471,7.9202,106,0
20100812,7.5247,8.0991,7.5247,8.0991,637,0
20100813,7.6941,8.1462,7.6941,7.9673,510,0
20100816,7.7412,8.0991,7.7412,8.0049,2999,0
20100819,7.3174,8.4758,7.3174,8.1942,582,0
20100820,7.6094,8.4758,7.6094,7.8354,7,0
20100824,7.6094,8.0049,7.6094,7.9578,427,0
20100826,7.4305,7.8768,7.4305,7.7036,212,0
20100827,7.4869,8.1368,7.4869,8.1368,446,0
20100830,7.7319,8.0991,7.7319,8.0991,1061,0
20100831,7.6941,8.2874,7.6941,8.2874,359,0
20100901,7.8731,8.3816,7.8731,8.3816,3083,0
20100902,7.9673,8.1933,7.9673,8.1086,160,0
20100903,7.7036,8.0991,7.7036,8.0991,1433,0
20100908,7.6941,8.2874,7.6941,8.2874,454,0
20100909,7.6941,8.0991,7.6941,8.0991,1061,0
20100913,7.6941,8.5182,7.6941,8.5182,160,0
20100914,7.6941,8.4711,7.6941,8.4711,160,0
20100917,8.1462,8.7396,8.1462,8.5427,717,0
20100920,8.1179,8.3505,8.1179,8.165,148,0
20100922,7.6941,8.2395,7.6941,8.0991,53,0
20100924,7.6941,8.2979,7.6941,8.2979,53,0
20100928,7.7036,8.2395,7.7036,8.1179,27,0
20100930,7.6941,8.4758,7.6941,8.4758,320,0
20101004,7.5247,8.0954,7.5247,7.9578,85,0
20101005,7.6094,8.0954,7.6094,8.0332,403,0
20101007,7.6094,8.0991,7.6094,8.0991,1014,0
20101011,7.6941,8.0991,7.6941,8.0049,13183,0
20101013,7.6094,8.2874,7.6094,8.0049,653,0
20101014,7.6094,8.3722,7.6094,8.3722,5,0
20101015,7.9578,8.4758,7.9578,8.3911,871,0
20101018,7.8731,8.2819,7.8731,8.0991,212,0
20101022,7.6941,8.7396,7.6941,8.7396,408,0
20101025,8.3063,8.7396,8.3063,8.6641,531,0
20101027,8.3063,8.7396,8.3063,8.57,531,0
20101029,8.0049,8.7396,8.0049,8.7112,2426,0
20101101,8.3063,8.57,8.3063,8.3816,138,0
20101102,8.1462,8.7396,8.1462,8.7396,425,0
20101103,8.3063,8.7583,8.3063,8.7583,2442,0
20101104,8.3251,8.7583,8.3251,8.6641,1061,0
20101105,8.3158,8.9279,8.3158,8.7301,1168,0
20101108,8.4853,9.3794,8.4758,9.1699,17733,0
20101109,8.7112,9.1351,8.6641,8.9938,3371,0
20101110,8.5417,9.3238,8.5417,9.201,1646,0
20101111,8.7396,9.2424,8.7396,8.7772,8600,0
20101112,8.5417,9.3238,8.5417,9.1068,9407,0
20101116,8.6454,9.0409,8.6454,8.9467,3518,0
20101118,8.4099,9.2443,8.4099,9.2443,1274,0
20101123,8.813,9.2764,8.813,9.2293,318,0
20101124,8.7678,9.2764,8.7678,9.0221,1778,0
20101125,8.5709,9.2293,8.5709,9.0221,605,0
20101126,8.7678,9.2293,8.7678,8.9467,1061,0
20101130,8.5888,9.0692,8.5888,9.0004,2439,0
20101201,8.4993,9.0955,8.4993,9.0955,276,0
20101202,8.5888,9.0955,8.5888,9.0645,531,0
20101203,8.634,9.0645,8.634,8.9467,531,0
20101206,8.4993,9.3706,8.4993,9.2754,11612,0
20101207,8.9024,9.3892,8.9024,9.1794,573,0
20101208,8.7207,9.3843,8.7207,9.1303,7539,0
20101209,8.634,9.2575,8.634,9.2575,718,0
20101210,8.7141,9.2575,8.6641,8.9383,5946,0
20101213,8.4993,9.1822,8.4993,9.0645,2826,0
20101220,8.5446,9.3892,8.5446,9.2944,1805,0
20101221,8.9204,9.4078,8.9204,9.3023,639,0
20101223,9.588,9.588,9.088,9.1351,1,0
20101227,8.6425,9.511,8.6425,9.511,5414,0
20101228,8.9383,9.606,8.9383,9.4058,1281,0
20101229,8.9383,9.7,8.9383,9.4019,10088,0
20101230,8.9383,9.606,8.9383,9.4078,1061,0
20110103,9.1256,9.681,9.1256,9.578,5469,0
20110104,9.1256,9.738,9.1256,9.715,3988,0
20110105,9.2509,9.715,9.2509,9.691,106,0
20110110,8.8516,9.643,8.8516,9.643,237,0
20110111,9.0899,9.728,9.0899,9.728,106,0
20110112,9.1709,9.87,8.9561,9.4556,31551,0
20110114,8.9467,9.4693,8.9467,9.3667,531,0
20110124,8.9467,9.549,8.9467,9.549,265,0
20110125,9.0361,9.549,9.0361,9.4879,42,0
20110126,8.9467,9.554,8.9467,9.503,1417,0
20110127,8.9467,9.7,8.9467,9.7,5,0
20110128,9.2151,9.7,9.2151,9.3355,181,0
20110131,8.9467,9.2764,8.9467,9.1822,3260,0
20110201,8.7235,9.4175,8.7235,9.4175,956,0
20110202,8.9467,9.4146,8.9467,9.3306,1837,0
20110203,8.8629,9.3286,8.8629,9.2791,160,0
20110204,8.7678,9.2791,8.7678,9.2556,552,0
20110207,8.7235,9.3286,8.7235,9.2791,420,0
20110209,8.7235,9.4742,8.7235,9.4742,1274,0
20110210,8.8573,9.4742,8.8573,9.4742,265,0
20110214,8.8573,9.4742,8.8573,9.4742,2124,0
20110215,8.8573,9.4742,8.8573,9.4273,393,0
20110216,8.8573,9.4273,8.8573,9.2528,2331,0
20110217,8.813,9.484,8.813,9.484,5485,0
20110221,8.8573,9.4791,8.8573,9.4791,945,0
20110222,8.9467,9.4928,8.9467,9.4078,317,0
20110223,9.4078,9.526,8.8573,9.526,53,0
20110224,8.9467,9.898,8.9467,9.611,10,0
20110225,9.2151,9.611,9.2151,9.611,1922,0
20110228,9.0456,9.611,9.0456,9.611,286,0
20110301,9.611,9.658,9.0456,9.658,531,0
20110302,9.1256,9.715,9.1256,9.715,318,0
20110307,9.0814,9.719,9.0814,9.658,175,0
20110310,9.653,9.879,9.1709,9.799,483,0
20110314,9.3853,9.728,9.3706,9.719,265,0
20110315,9.719,9.719,9.233,9.591,1763,0
20110316,9.0899,9.62,9.0899,9.62,1125,0
20110317,9.62,9.879,8.9919,9.639,4533,0
20110318,9.0899,9.691,9.0899,9.691,546,0
20110321,9.1351,9.747,9.1351,9.747,1757,0
20110324,9.743,9.879,9.1256,9.879,3394,0
20110325,9.879,9.879,9.3853,9.803,10,0
20110328,9.803,9.879,9.2424,9.799,2642,0
20110329,9.799,9.875,9.3765,9.837,525,0
20110330,9.837,9.935,9.3804,9.935,1699,0
20110331,9.3853,10.124,9.3853,10.124,106,0
20110401,9.4361,10.152,9.4361,10.147,160,0
20110404,10.147,10.453,9.484,10.453,292,0
20110405,10.453,10.453,9.935,10.453,648,0
20110406,9.935,10.877,9.935,10.793,1205,0
20110407,10.331,10.877,10.331,10.543,626,0
20110408,10.02,10.698,10.02,10.274,160,0
20110411,10.274,10.289,9.757,10.289,626,0
20110412,10.289,10.289,9.615,10.086,690,0
20110413,9.531,10.298,9.531,10.298,239,0
20110415,9.625,10.139,9.625,9.982,186,0
20110419,9.3316,10.02,9.3316,10.02,212,0
20110420,9.3277,10.054,9.3277,10.054,117,0
20110421,9.4742,10.406,9.4742,10.406,318,0
20110426,10.406,10.406,9.634,10.134,106,0
20110427,10.134,10.501,9.625,10.501,478,0
20110428,10.501,10.689,9.935,10.689,10,0
20110429,10.501,10.868,10.152,10.854,3720,0
20110502,10.321,10.929,10.321,10.929,165,0
20110503,10.321,10.995,10.321,10.995,743,0
20110504,10.995,10.995,10.378,10.995,1061,0
20110505,10.378,11.376,10.378,10.995,425,0
20110506,10.378,11.019,10.378,10.995,4,0
20110509,10.995,11.052,10.473,11.052,212,0
20110511,10.378,11.296,10.378,11.296,600,0
20110512,11.296,11.296,10.651,10.887,203,0
20110513,10.378,10.943,10.378,10.887,106,0
20110516,10.397,11.019,10.397,10.887,3458,0
20110517,10.294,10.934,10.294,10.845,55,0
20110518,10.845,10.943,10.388,10.859,106,0
20110520,10.294,10.83,10.294,10.769,425,0
20110523,10.769,10.769,10.294,10.76,212,0
20110524,10.134,10.76,10.134,10.689,1211,0
20110526,10.152,10.689,10.152,10.524,233,0
20110601,10.02,11.019,10.02,10.675,4532,0
20110602,10.114,10.812,10.114,10.74,142,0
20110603,10.274,10.74,10.274,10.618,378,0
20110606,10.618,10.689,10.152,10.524,4083,0
20110607,10.002,10.548,10.002,10.543,2124,0
20110608,10.02,10.543,10.02,10.359,4353,0
20110614,10.51,10.51,9.088,9.888,7131,0
20110615,9.7,9.935,9.7,9.795,106,0
20110617,9.747,10.039,9.728,9.785,1381,0
20110620,9.7,9.87,9.7,9.87,106,0
20110621,9.747,10.171,9.747,10.171,1444,0
20110629,9.982,10.077,9.982,9.982,1434,0
20110630,9.982,10.312,9.982,9.982,1700,0
20110707,10.171,10.242,10.171,10.171,650,0
20110711,10.194,10.242,10.171,10.171,833,0
20110712,10.242,10.242,10.077,10.171,4173,0
20110714,10.199,10.359,10.086,10.209,1831,0
20110715,10.341,10.341,10.19,10.19,212,0
20110718,10.341,10.548,10.19,10.378,1093,0
20110719,10.463,10.548,10.378,10.378,1318,0
20110720,10.426,10.877,10.378,10.52,2274,0
20110721,10.727,10.727,10.473,10.473,372,0
20110722,10.548,10.713,10.468,10.642,1061,0
20110725,10.713,10.732,10.642,10.642,168,0
20110726,10.642,10.82,10.642,10.642,1116,0
20110727,10.76,10.76,10.642,10.642,5197,0
20110728,10.642,10.887,10.642,10.642,17901,0
20110729,10.67,11.066,10.67,10.67,500,0
20110803,10.905,10.905,10.566,10.905,297,0
20110804,10.491,10.83,10.359,10.491,850,0
20110805,10.67,10.877,10.359,10.67,704,0
20110808,10.463,10.642,10.359,10.463,2827,0
20110809,10.359,10.406,9.4175,10.359,6217,0
20110811,9.511,9.799,9.511,9.511,106,0
20110812,9.653,10.011,9.653,9.653,1068,0
20110815,9.982,10.336,9.982,9.982,143,0
20110816,10.274,10.312,10.105,10.19,265,0
20110819,9.982,10.134,9.1822,9.3238,6957,0
20110822,9.3179,9.549,9.1351,9.1351,2156,0
20110823,9.4175,9.795,9.4175,9.4175,32,0
20110825,9.606,9.846,9.559,9.606,53,0
20110829,9.846,9.888,9.606,9.747,318,0
20110831,9.606,9.982,9.606,9.771,106,0
20110902,9.7,9.842,9.7,9.842,175,0
20110905,9.7,9.7,9.4644,9.681,2389,0
20110906,9.606,9.747,9.4644,9.7,1168,0
20110915,9.606,9.935,9.606,9.818,27,0
20110916,9.818,9.818,9.606,9.747,265,0
20110919,9.747,9.747,9.606,9.676,779,0
20110920,9.606,9.676,9.606,9.676,425,0
20110922,9.606,9.606,9.536,9.536,623,0
20110923,9.4644,9.4644,9.3238,9.4644,106,0
20110926,9.3238,9.4644,9.1859,9.3238,743,0
20111003,9.1351,9.3238,9.1351,9.2726,186,0
20111005,9.1351,9.1351,9.0004,9.0004,318,0
20111006,9.0098,9.0098,8.2639,8.2639,2824,0
20111007,8.7396,8.8713,8.6294,8.7763,4608,0
20111012,8.7772,8.8573,8.7678,8.8573,212,0
20111013,8.7772,9.3238,8.7678,9.3238,1775,0
20111014,9.0927,9.54,9.0927,9.3599,212,0
20111017,9.3599,9.4976,9.2226,9.232,63,0
20111021,9.2226,9.4175,9.2226,9.4175,211,0
20111024,9.2866,9.4879,9.2764,9.4879,872,0
20111026,9.4175,9.4273,9.2387,9.3238,3054,0
20111027,9.2773,9.3238,9.1587,9.1587,212,0
20111101,9.2001,9.511,9.0927,9.3482,2777,0
20111102,9.3482,9.4078,9.2679,9.3433,37,0
20111104,9.2679,9.3433,9.1313,9.1614,85,0
20111107,9.1351,9.549,9.1313,9.545,964,0
20111108,9.653,9.653,9.248,9.2604,510,0
20111109,9.1351,9.3843,9.0004,9.1351,218,0
20111110,9.0032,9.3169,9.0004,9.2265,444,0
20111111,9.1822,9.588,9.1351,9.588,281,0
20111114,9.588,9.588,9.3071,9.3071,223,0
20111121,9.3042,9.3325,9.1351,9.3189,1086,0
20111124,9.2857,9.4156,9.2764,9.4156,212,0
20111125,9.2764,9.3687,9.2764,9.3687,291,0
20111130,9.2857,9.625,9.2764,9.625,504,0
20111205,9.7,9.705,8.9467,9.2057,5840,0
20111206,9.0409,9.2293,9.0409,9.1765,233,0
20111207,9.0503,9.606,9.0409,9.606,425,0
20111212,9.559,9.95,9.559,9.95,425,0
20111213,9.568,9.888,9.559,9.888,5,0
20111216,9.559,9.653,9.559,9.653,5,0
20111220,9.559,9.705,9.559,9.559,265,0
20111222,9.606,9.757,9.606,9.757,107,0
20111229,9.898,10.83,9.898,10.83,53,0
20120102,10.67,10.68,10.67,10.67,26,0
20120104,10.171,10.181,10.171,10.171,106,0
20120106,10.03,10.03,10.02,10.02,1,0
20120109,9.7,9.888,9.7,9.842,1401,0
20120110,9.7,9.986,9.695,9.982,214,0
20120112,9.837,9.846,9.795,9.795,659,0
20120118,9.803,10.171,9.795,10.02,2451,0
20120119,10.086,10.83,9.87,10.83,425,0
20120123,10.68,10.83,10.67,10.736,136,0
20120124,10.576,10.68,10.422,10.422,318,0
20120125,10.421,10.877,10.421,10.83,716,0
20120127,10.717,11.113,10.713,10.981,2432,0
20120130,10.972,10.981,10.972,10.981,276,0
20120131,10.981,11.141,10.972,10.981,1424,0
20120201,10.986,11.207,10.976,11.141,2496,0
20120206,11.113,11.122,11.113,11.113,106,0
20120209,11.113,11.122,11.113,11.113,212,0
20120210,11.113,11.122,11.066,11.113,446,0
20120213,11.113,11.197,10.948,11.122,3451,0
20120215,10.901,11.104,10.901,10.905,85,0
20120216,10.934,10.934,10.769,10.772,322,0
20120302,10.774,10.897,10.769,10.897,212,0
20120309,10.774,10.783,10.359,10.538,377,0
20120312,10.538,10.859,10.359,10.548,5,0
20120313,10.548,10.91,10.453,10.736,165,0
20120314,10.576,10.943,10.576,10.887,2218,0
20120315,10.736,11.113,10.722,11.113,923,0
20120316,11.113,11.159,10.943,11.159,53,0
20120319,10.943,11.113,10.622,10.642,1395,0
20120320,10.651,10.962,10.651,10.962,5,0
20120321,10.99,11.456,10.8,11.273,5654,0
20120322,11.113,11.301,10.802,11.136,2177,0
20120323,11.136,11.536,10.802,11.254,4502,0
20120326,11.311,11.65,11.301,11.301,5516,0
20120327,11.132,11.461,11.132,11.461,145,0
20120328,11.301,11.471,11.122,11.301,2867,0
20120329,11.301,11.301,10.67,10.83,2229,0
20120330,10.651,11.301,10.651,11.301,1386,0
20120402,11.136,11.536,10.97,11.291,1308,0
20120403,11.127,11.301,11.089,11.089,191,0
20120404,11.136,11.291,11.122,11.122,197,0
20120405,11.127,11.301,11.122,11.254,533,0
20120410,11.099,11.348,11.084,11.301,1805,0
20120411,11.132,11.193,11.066,11.066,170,0
20120413,11.066,11.301,11.066,11.132,2177,0
20120416,11.301,11.301,10.755,10.755,2442,0
20120417,10.605,10.755,10.359,10.359,908,0
20120418,10.453,10.765,10.453,10.765,584,0
20120419,10.605,10.99,10.605,10.99,420,0
20120420,10.67,10.99,10.67,10.99,10,0
20120423,10.83,10.877,10.558,10.874,857,0
20120424,10.727,11.034,10.713,11.034,478,0
20120425,10.981,11.301,10.967,11.298,1528,0
20120426,11.132,11.301,11.132,11.301,318,0
20120430,11.132,11.678,11.132,11.678,49628,0
20120502,11.513,11.513,11.339,11.339,1104,0
20120503,11.494,11.494,11.169,11.171,531,0
20120504,11.004,11.159,10.83,10.83,4247,0
20120507,10.981,11.151,10.67,11.151,765,0
20120509,10.162,11.019,10.162,10.915,610,0
20120510,10.755,11.074,10.75,10.91,350,0
20120511,11.066,11.301,10.91,11.301,1132,0
20120514,11.291,11.65,11.113,11.113,2984,0
20120515,10.952,11.273,10.948,11.104,277,0
20120516,11.104,11.32,10.948,11.169,659,0
20120517,11.151,11.169,10.995,10.995,170,0
20120518,11.169,11.169,10.529,10.529,951,0
20120521,10.374,10.882,10.224,10.859,297,0
20120523,10.698,10.708,9.4644,10.124,12751,0
20120531,10.359,10.548,10.359,10.388,1593,0
20120601,10.393,10.736,10.388,10.736,850,0
20120604,10.585,10.734,10.576,10.576,1316,0
20120605,10.421,10.585,10.416,10.453,308,0
20120611,10.444,10.783,10.266,10.303,1413,0
20120612,10.077,10.35,9.982,9.982,350,0
20120614,9.888,10.176,9.888,9.964,1020,0
20120615,10.039,10.284,9.606,9.785,1969,0
20120618,9.785,10.1,9.785,9.785,5,0
20120619,9.785,10.077,9.596,10.077,1290,0
20120620,9.799,10.049,9.606,9.606,2394,0
20120621,9.596,9.738,9.4556,9.4556,850,0
20120622,9.606,9.728,9.606,9.606,921,0
20120628,9.606,10.359,9.606,10.359,531,0
20120702,10.214,10.924,10.204,10.765,733,0
20120704,10.774,10.915,10.744,10.915,372,0
20120705,10.755,10.905,10.75,10.755,10,0
20120709,10.765,10.924,10.75,10.755,16,0
20120710,10.765,10.765,10.439,10.51,838,0
20120711,10.585,10.613,10.284,10.285,10,0
20120712,10.284,10.605,10.284,10.284,5,0
20120716,10.585,10.585,10.134,10.134,1093,0
20120719,10.152,10.426,10.152,10.152,212,0
20120720,10.294,10.294,10.002,10.256,106,0
20120723,10.294,10.294,10.1,10.104,318,0
20120724,9.955,10.242,9.927,10.218,1083,0
20120725,10.242,10.242,10.067,10.067,212,0
20120727,10.02,10.02,9.7,9.7,3610,0
20120730,9.832,9.935,9.606,9.888,2719,0
20120731,9.898,10.011,9.87,10.011,170,0
20120802,10.185,10.321,9.832,10.321,27,0
20120806,10.298,10.298,9.634,10.204,175,0
20120808,10.204,10.204,9.634,10.152,106,0
20120809,10.204,10.266,9.643,10.223,488,0
20120813,10.242,10.242,9.634,10.242,101,0
20120815,10.152,10.204,9.842,10.015,2229,0
20120816,9.888,10.284,9.842,10.134,637,0
20120821,9.982,10.218,9.879,10.204,233,0
20120824,9.982,10.359,9.879,10.185,1093,0
20120827,10.086,10.289,10.086,10.289,318,0
20120828,10.162,10.331,10.11,10.256,1321,0
20120829,10.227,10.312,10.16,10.162,112,0
20120831,10.007,10.162,9.982,10.011,478,0
20120904,9.766,10.011,9.766,9.87,53,0
20120905,9.775,9.87,9.4175,9.705,2569,0
20120910,9.7,9.927,9.7,9.927,3440,0
20120911,9.785,9.927,9.511,9.747,2124,0
20120912,9.747,9.893,9.559,9.893,212,0
20120913,9.653,10.039,9.653,10.039,170,0
20120914,10.039,10.185,9.795,10.185,318,0
20120917,10.185,10.185,9.882,10.03,202,0
20120919,10.03,10.03,9.743,9.761,80,0
20120925,9.771,9.907,9.531,9.907,212,0
20120927,9.663,10.091,9.625,10.091,212,0
20120928,10.049,10.11,9.813,10.11,212,0
20121001,10.11,10.11,9.87,10.03,541,0
20121004,10.077,10.077,9.568,9.795,1699,0
20121008,9.771,9.964,9.771,9.898,212,0
20121009,9.719,9.898,9.719,9.884,212,0
20121012,9.93,9.935,9.747,9.888,106,0
20121015,9.879,9.879,9.7,9.771,212,0
20121018,9.7,9.992,9.4459,9.992,216,0
20121019,9.992,9.992,9.747,9.865,841,0
20121022,9.865,9.922,9.795,9.922,428,0
20121023,9.922,9.982,9.757,9.982,568,0
20121025,9.832,9.982,9.7,9.846,106,0
20121026,9.846,10.129,9.606,9.992,247,0
20121029,9.992,10.157,9.747,10.039,318,0
20121031,9.888,10.105,9.795,10.105,106,0
20121101,9.927,10.453,9.879,10.453,212,0
20121102,10.317,10.321,10.011,10.086,771,0
20121105,10.086,10.086,9.888,10.011,531,0
20121106,9.935,10.317,9.832,10.317,178,0
20121108,10.181,10.369,9.927,10.294,637,0
20121109,10.266,10.453,10.214,10.378,1709,0
20121113,10.199,10.378,9.935,10.1,680,0
20121114,10.077,10.359,9.973,10.204,541,0
20121115,10.204,10.356,10.054,10.204,584,0
20121116,10.204,10.453,10.049,10.147,1316,0
20121119,10.049,10.359,9.959,10.114,2841,0
20121121,10.049,10.294,10.049,10.294,69,0
20121122,10.049,10.266,10.049,10.218,5638,0
20121127,10.124,10.481,10.124,10.481,314,0
20121128,10.266,10.51,10.124,10.51,212,0
20121129,10.124,10.595,10.124,10.52,1821,0
20121130,10.52,11.229,10.435,10.713,20074,0
20121203,10.736,10.745,10.124,10.732,1576,0
20121204,10.566,10.736,10.566,10.732,7380,0
20121206,10.576,10.877,10.359,10.802,2601,0
20121207,10.642,10.972,10.642,10.939,5787,0
20121210,10.939,10.939,10.359,10.548,21237,0
20121211,10.388,10.887,10.388,10.887,212,0
20121212,10.124,10.924,10.124,10.807,106,0
20121213,10.807,10.924,10.605,10.765,675,0
20121214,10.765,10.765,10.171,10.548,106,0
20121217,10.312,10.478,10.171,10.478,212,0
20121218,10.321,10.633,10.321,10.633,212,0
20121219,10.633,11.221,10.473,10.986,9801,0
20121220,10.986,11.249,10.882,11.066,471,0
20121221,10.473,11.113,10.218,11.08,10,0
20121227,11.08,11.226,10.788,10.788,795,0
20121228,10.788,11.282,10.74,11.282,4725,0
20130102,11.113,11.291,11.113,11.216,151,0
20130103,11.122,11.301,11.122,11.221,1636,0
20130104,11.132,11.301,11.122,11.197,2465,0
20130107,11.197,11.301,10.453,11.249,6159,0
20130108,11.197,11.301,11.134,11.136,6401,0
20130109,11.136,11.301,10.967,11.301,425,0
20130111,11.132,11.503,11.132,11.503,7114,0
20130114,11.348,11.527,11.348,11.508,4916,0
20130115,11.348,11.508,10.83,11.301,4110,0
20130116,11.301,11.49,11.132,11.49,2952,0
20130117,11.32,11.772,11.32,11.735,1593,0
20130118,11.603,11.914,11.578,11.829,5667,0
20130121,11.914,12.054,11.782,11.984,1267,0
20130122,11.984,12.29,11.914,12.092,5324,0
20130123,12.261,13.185,12.083,12.807,5907,0
20130124,12.62,13.185,12.615,13.039,7533,0
20130125,13.039,13.166,12.931,13.006,664,0
20130128,12.817,13.039,12.257,12.994,4459,0
20130129,12.996,13.053,12.807,12.859,510,0
20130130,12.864,12.864,12.807,12.807,316,0
20130131,12.807,13.044,12.807,12.864,2187,0
20130201,12.855,12.996,12.836,12.996,3817,0
20130204,12.902,12.907,12.855,12.902,2654,0
20130205,12.817,13.109,12.817,12.817,106,0
20130206,12.817,12.907,12.817,12.817,796,0
20130207,12.949,12.949,12.756,12.758,350,0
20130208,12.572,12.949,12.387,12.949,855,0
20130211,12.761,12.912,12.756,12.912,323,0
20130212,12.902,12.907,12.902,12.902,212,0
20130213,12.902,12.907,12.709,12.712,318,0
20130214,12.902,12.987,12.709,12.799,756,0
20130215,12.61,12.907,12.605,12.723,42,0
20130219,12.892,12.987,12.7,12.775,903,0
20130220,12.799,12.897,12.619,12.619,393,0
20130221,12.62,12.897,12.525,12.525,95,0
20130222,12.337,12.855,12.337,12.667,1161,0
20130225,12.667,12.901,12.662,12.901,605,0
20130226,12.714,12.977,12.709,12.977,446,0
20130227,12.995,12.996,12.804,12.807,825,0
20130228,12.807,12.991,12.804,12.807,393,0
20130301,12.62,12.996,12.615,12.996,78,0
20130304,12.807,12.991,12.615,12.615,78,0
20130305,12.62,12.987,12.615,12.615,212,0
20130306,12.431,12.855,12.426,12.62,5713,0
20130307,12.568,12.806,12.431,12.806,531,0
20130308,12.62,12.62,12.431,12.431,212,0
20130311,12.62,12.62,12.253,12.431,828,0
20130312,12.253,12.801,12.253,12.801,245,0
20130313,12.61,13.091,12.431,12.897,1274,0
20130314,12.902,12.959,12.897,12.959,280,0
20130315,12.767,12.902,12.577,12.579,1061,0
20130318,12.902,12.902,12.248,12.617,1274,0
20130319,12.799,12.799,12.054,12.478,2824,0
20130320,12.657,12.657,12.243,12.243,42,0
20130321,12.243,12.605,12.243,12.243,175,0
20130322,12.243,12.605,12.224,12.328,849,0
20130325,12.149,12.507,12.054,12.101,170,0
20130326,12.333,12.333,12.054,12.054,2384,0
20130327,12.229,12.229,11.914,12.054,1869,0
20130328,12.054,12.243,12.054,12.149,106,0
20130402,12.243,12.478,12.054,12.478,1821,0
20130404,12.299,12.714,12.29,12.337,743,0
20130405,12.243,12.807,12.243,12.563,1433,0
20130408,12.422,12.431,12.248,12.248,265,0
20130410,12.426,12.615,12.248,12.615,212,0
20130411,12.431,12.695,12.426,12.695,12,0
20130412,12.507,12.572,12.393,12.393,318,0
20130416,12.243,12.62,12.224,12.62,658,0
20130419,12.511,12.714,12.243,12.714,177,0
20130422,12.525,12.667,12.337,12.525,701,0
20130425,12.525,12.53,12.525,12.525,265,0
20130426,12.525,12.53,12.507,12.525,531,0
20130429,12.53,12.545,12.525,12.545,85,0
20130430,12.525,12.704,12.34,12.34,1858,0
20130506,12.253,12.525,12.243,12.431,850,0
20130507,12.253,12.525,12.243,12.384,1381,0
20130508,12.384,12.902,12.202,12.233,6997,0
20130509,12.238,12.243,12.149,12.233,2311,0
20130510,12.149,12.431,12.149,12.375,8698,0
20130513,12.243,12.384,12.062,12.328,7017,0
20130514,12.341,12.341,12.158,12.158,483,0
20130516,12.168,12.341,12.168,12.168,2765,0
20130517,12.168,12.238,11.922,11.922,637,0
20130520,12.097,12.168,11.922,11.922,223,0
20130521,11.96,12.38,11.96,12.375,4162,0
20130522,12.196,12.379,12.191,12.379,160,0
20130523,12.233,12.403,12.196,12.202,4043,0
20130524,12.29,12.384,12.29,12.384,3397,0
20130527,12.206,12.295,11.784,12.054,3176,0
20130528,11.782,12.129,11.777,11.922,1165,0
20130529,11.922,12.149,11.922,12.139,3897,0
20130530,11.96,12.129,11.951,11.96,467,0
20130531,12.049,12.149,11.772,11.97,10249,0
20130603,11.97,12.049,11.914,12.036,1455,0
20130604,12.041,12.041,11.63,11.63,1911,0
20130605,11.49,11.777,11.49,11.772,1093,0
20130606,11.922,11.922,11.49,11.866,5049,0
20130607,11.687,11.951,11.603,11.951,792,0
20130610,11.772,12.045,11.772,11.772,2591,0
20130611,11.687,11.772,11.395,11.678,5363,0
20130612,11.767,11.767,11.207,11.207,4088,0
20130613,11.296,11.296,10.948,11.273,1699,0
20130614,11.296,11.301,11.104,11.301,2789,0
20130617,11.296,11.296,11.132,11.179,6,0
20130618,11.207,11.296,10.209,11.125,6610,0
20130619,10.924,11.277,10.764,11.104,13671,0
20130620,10.943,12.129,10.939,12.101,2124,0
20130621,12.196,12.243,10.943,11.536,10956,0
20130624,11.875,11.875,11.536,11.583,2707,0
20130625,11.536,11.866,11.49,11.866,4353,0
20130626,11.603,12.045,11.598,11.79,7574,0
20130627,11.748,12.045,11.617,12.045,5776,0
20130628,11.866,12.036,11.621,12.036,160,0
20130701,11.89,11.96,11.621,11.914,1864,0
20130702,11.917,12.054,11.621,12.054,977,0
20130703,11.885,11.917,11.621,11.885,106,0
20130704,11.917,12.049,11.706,12.049,148,0
20130705,12.049,12.101,11.706,12.101,5946,0
20130708,12.092,12.092,11.706,11.914,85,0
20130709,12.049,12.092,11.706,11.914,160,0
20130710,12.248,12.431,11.706,12.224,1381,0
20130711,12.248,12.248,11.706,12.243,106,0
20130712,12.248,12.253,11.706,12.253,318,0
20130715,12.238,12.422,11.706,12.238,885,0
20130718,12.243,12.243,11.706,12.092,531,0
20130719,12.238,12.238,11.706,12.097,4,0
20130725,12.111,12.111,12.054,12.092,212,0
20130730,12.111,12.111,12.054,12.054,1035,0
20130731,12.092,12.111,11.867,11.867,548,0
20130805,11.927,11.931,11.583,11.931,212,0
20130806,11.965,11.965,11.96,11.965,212,0
20130807,11.405,11.965,11.405,11.96,261,0
20130808,11.96,11.965,11.784,11.784,322,0
20130814,11.965,11.965,11.866,11.866,16,0
20130815,11.965,12.06,11.866,12.06,743,0
20130816,12.149,12.431,11.875,11.875,3269,0
20130819,12.253,12.545,12.248,12.535,3403,0
20130820,12.426,12.426,12.172,12.173,148,0
20130821,12.426,12.61,12.172,12.525,2409,0
20130822,12.426,12.431,12.384,12.384,8017,0
20130823,12.426,12.657,12.384,12.478,7440,0
20130826,12.652,12.657,12.29,12.654,1597,0
20130827,12.634,12.634,11.583,12.149,7985,0
20130828,11.97,12.328,11.866,11.866,398,0
20130830,11.866,12.219,11.678,11.678,1061,0
20130902,11.678,12.022,11.678,11.772,53,0
20130903,11.772,12.022,11.772,11.772,376,0
20130904,11.772,12.022,11.603,11.63,425,0
20130905,11.63,11.942,11.63,11.63,53,0
20130906,11.63,11.942,11.63,11.63,2336,0
20130910,11.405,11.795,11.405,11.63,438,0
20130911,11.63,11.795,11.612,11.612,10,0
20130912,11.405,11.96,11.405,11.784,212,0
20130913,11.782,11.965,11.63,11.788,330,0
20130916,11.79,12.054,11.787,11.914,1277,0
20130917,11.917,12.422,11.914,12.238,528,0
20130918,12.243,12.243,11.914,11.914,537,0
20130919,11.914,13.42,11.914,13.42,9105,0
20130920,13.425,13.425,12.29,13.091,4025,0
20130923,13.091,13.091,12.243,12.714,4778,0
20130924,12.897,13.043,12.525,12.85,2018,0
20130925,12.855,13.044,12.657,13.043,1211,0
20130926,12.864,13.104,12.675,12.675,1348,0
20130927,12.657,13.138,12.657,12.931,2442,0
20131001,11.772,13.091,11.772,13.091,1168,0
20131003,13.081,13.081,11.772,12.968,53,0
20131004,12.968,13.119,12.968,13.119,711,0
20131007,13.119,13.147,12.968,13.043,2200,0
20131008,12.968,13.637,12.968,13.218,5424,0
20131010,11.772,13.599,11.772,13.298,1061,0
20131011,13.303,13.609,13.298,13.399,1406,0
20131014,13.42,13.609,13.185,13.185,3070,0
20131016,13.514,13.599,13.307,13.42,1280,0
20131017,13.557,13.844,13.401,13.639,5090,0
20131018,13.637,13.839,13.439,13.655,552,0
20131021,13.839,13.839,13.185,13.185,4839,0
20131022,13.185,13.655,13.185,13.42,425,0
20131023,13.566,13.863,13.42,13.444,3525,0
20131024,13.566,13.655,13.42,13.42,1500,0
20131025,13.566,13.806,13.42,13.454,1200,0
20131029,13.185,13.566,13.185,13.42,265,0
20131030,13.42,13.891,13.278,13.373,4837,0
20131031,13.569,14.004,13.392,13.966,4480,0
20131101,13.966,14.691,13.966,14.597,2426,0
20131104,14.871,16.292,14.739,15.539,25527,0
20131105,15.445,15.673,14.39,15.017,11964,0
20131106,15.021,15.529,14.796,15.529,3324,0
20131107,15.304,16.01,15.299,15.633,10406,0
20131108,15.633,15.652,14.268,15.257,13204,0
20131111,15.482,16.01,15.247,15.963,13240,0
20131112,16.01,16.01,14.734,15.058,8156,0
20131113,14.974,15.068,14.616,14.616,3304,0
20131114,14.616,15.068,14.616,14.88,4805,0
20131115,15.068,15.285,14.88,15.068,7539,0
20131118,15.21,15.35,15.058,15.068,3377,0
20131119,15.068,15.068,14.861,14.861,265,0
20131120,15.058,15.058,14.837,14.837,2761,0
20131121,14.861,15.058,14.616,14.616,106,0
20131122,14.616,14.993,13.185,14.315,17204,0
20131125,14.315,14.597,14.243,14.243,3927,0
20131126,14.315,15.04,14.315,15.04,1176,0
20131127,14.315,14.315,14.315,14.315,75,0
20131128,14.315,14.333,14.315,14.315,32,0
20131129,14.315,14.673,14.315,14.672,507,0
20131202,14.974,14.974,14.033,14.315,789,0
20131203,14.325,14.974,14.315,14.88,1685,0
20131204,14.315,15.058,14.315,15.058,335,0
20131205,14.315,15.087,13.948,14.611,2126,0
20131206,13.938,15.031,13.938,14.22,160,0
20131209,14.597,14.597,14.145,14.145,2426,0
20131210,14.22,14.597,14.126,14.597,653,0
20131212,14.315,14.687,14.126,14.22,2322,0
20131213,14.56,14.56,14.22,14.22,106,0
20131216,14.564,14.564,14.23,14.315,372,0
20131217,14.616,14.616,14.23,14.23,307,0
20131218,14.225,14.644,13.562,14.644,4065,0
20131219,14.644,14.644,14.22,14.221,1073,0
20131223,14.22,14.4,13.562,14.315,743,0
20131227,14.23,14.471,14.126,14.315,2367,0
20131230,14.23,14.602,14.145,14.268,1021,0
20140102,14.23,14.946,14.23,14.579,106,0
20140103,14.597,14.828,14.597,14.597,318,0
20140106,14.926,14.926,14.22,14.221,1274,0
20140107,14.597,14.926,14.22,14.926,2139,0
20140108,14.597,14.926,14.315,14.926,2484,0
20140109,14.597,14.828,14.597,14.597,1593,0
20140110,14.597,14.781,14.503,14.503,9,0
20140113,14.597,15.068,13.891,14.833,11376,0
20140114,14.791,15.068,14.512,14.597,3207,0
20140115,14.597,15.068,14.503,15.068,8357,0
20140116,14.833,15.294,14.503,15.294,1684,0
20140117,15.063,15.068,14.833,14.833,743,0
20140120,15.063,15.313,14.833,15.313,3529,0
20140121,15.304,15.445,15.285,15.313,1556,0
20140122,15.445,15.492,15.21,15.219,3566,0
20140123,15.35,15.539,15.257,15.445,9400,0
20140124,15.374,15.751,15.21,15.751,743,0
20140127,15.539,15.751,15.158,15.35,1567,0
20140129,15.21,15.534,15.162,15.525,637,0
20140130,15.525,15.525,15.068,15.36,704,0
20140131,14.833,15.36,14.833,14.833,425,0
20140204,15.21,15.21,14.833,15.195,265,0
20140205,14.838,15.21,14.833,15.016,1120,0
20140207,15.539,15.624,14.833,15.44,170,0
20140210,15.365,15.435,15.106,15.106,1858,0
20140211,15.106,15.228,14.833,15.068,2389,0
20140214,15.257,15.257,15.096,15.257,265,0
20140217,15.233,15.233,15.068,15.115,32,0
20140218,15.068,15.257,15.05,15.257,635,0
20140219,15.115,15.397,15.068,15.397,584,0
20140220,15.346,15.346,14.644,14.739,3345,0
20140221,15.092,15.538,14.833,15.228,1529,0
20140224,14.833,15.393,14.833,15.393,850,0
20140225,15.257,15.35,14.88,15.35,5115,0
20140226,15.162,15.445,15.068,15.257,1409,0
20140227,15.304,15.304,15.068,15.068,53,0
20140228,15.304,15.534,15.068,15.304,10,0
20140303,15.379,15.539,15.068,15.125,3016,0
20140305,15.261,15.539,15.125,15.125,1243,0
20140306,15.332,15.539,15.115,15.266,2309,0
20140307,15.327,15.539,15.125,15.162,3361,0
20140310,15.35,15.539,15.125,15.21,3717,0
20140311,15.374,15.539,15.21,15.21,7,0
20140312,15.21,15.539,15.21,15.35,7,0
20140313,15.21,15.539,15.21,15.35,308,0
20140314,15.35,15.492,15.21,15.35,285,0
20140317,15.212,15.868,15.125,15.21,4461,0
20140318,15.515,15.841,15.21,15.539,194,0
20140319,15.515,15.549,15.125,15.21,405,0
20140320,15.52,15.821,15.21,15.657,1361,0
20140321,15.657,15.803,15.397,15.397,1964,0
20140324,15.605,15.605,15.397,15.397,113,0
20140325,15.397,15.783,15.397,15.397,160,0
20140326,15.397,15.539,15.397,15.397,160,0
20140327,15.469,15.539,15.397,15.397,796,0
20140331,15.544,15.633,15.125,15.125,2467,0
20140401,15.195,15.482,14.894,15.115,117,0
20140402,15.21,15.294,15.096,15.294,76,0
20140403,15.162,15.322,14.833,15.068,584,0
20140407,15.162,15.304,15.05,15.073,135,0
20140408,15.073,15.162,14.796,14.833,1008,0
20140409,15.073,15.36,14.833,14.833,372,0
20140411,14.955,15.303,14.833,14.833,3260,0
20140414,14.899,15.162,14.833,15.021,245,0
20140415,15.045,15.242,14.833,14.833,32,0
20140416,15.045,15.633,14.871,15.304,7327,0
20140417,15.445,15.633,15.205,15.29,1070,0
20140422,14.899,15.586,14.899,15.162,1061,0
20140423,15.21,15.586,14.842,14.842,148,0
20140425,14.899,15.529,14.842,14.842,127,0
20140428,15.078,15.482,14.833,14.833,2713,0
20140429,14.96,15.294,14.833,14.838,138,0
20140502,15.073,15.304,14.833,15.068,828,0
20140507,15.068,15.294,15.05,15.05,131,0
20140508,15.068,15.304,15.05,15.257,323,0
20140509,15.28,15.28,15.05,15.186,160,0
20140512,14.533,15.304,14.126,15.05,3210,0
20140513,14.828,15.304,14.828,15.05,378,0
20140514,15.308,15.318,14.579,14.974,4598,0
20140515,15.068,15.068,14.456,14.597,1603,0
20140516,14.884,15.058,14.701,14.88,382,0
20140519,14.884,15.162,14.701,14.88,1831,0
20140520,14.88,15.05,14.701,14.701,133,0
20140521,14.88,15.058,14.691,14.701,741,0
20140522,14.884,15.067,14.701,14.701,1316,0
20140523,14.884,15.06,14.701,14.701,297,0
20140527,14.748,14.871,14.616,14.616,106,0
20140528,14.819,14.871,14.607,14.696,1486,0
20140529,14.696,14.776,14.607,14.696,160,0
20140530,14.696,14.776,14.598,14.616,1061,0
20140602,14.579,14.776,14.38,14.616,106,0
20140603,14.691,14.691,14.597,14.644,160,0
20140604,14.691,14.691,14.644,14.644,424,0
20140605,14.691,14.739,14.626,14.644,651,0
20140606,14.691,14.729,14.644,14.654,863,0
20140609,14.696,14.786,14.654,14.654,1593,0
20140610,14.719,14.785,14.202,14.503,4089,0
20140611,14.503,14.587,14.033,14.126,2479,0
20140612,14.126,14.541,14.126,14.136,265,0
20140613,14.132,14.541,14.132,14.136,330,0
20140616,14.343,14.55,14.136,14.136,742,0
20140620,14.343,14.55,14.136,14.136,276,0
20140623,14.145,14.541,14.126,14.136,2491,0
20140624,14.343,14.541,14.126,14.126,2124,0
20140625,14.338,14.541,14.126,14.315,320,0
20140626,14.338,14.541,14.126,14.126,125,0
20140627,14.338,14.541,14.126,14.338,509,0
20140701,14.343,14.541,13.891,14.126,2521,0
20140702,14.55,14.597,14.136,14.136,4579,0
20140703,14.367,14.644,14.136,14.579,4184,0
20140704,14.649,14.871,14.456,14.781,4513,0
20140707,14.503,14.721,14.362,14.362,457,0
20140708,14.173,14.823,14.173,14.503,425,0
20140709,14.664,14.823,14.503,14.503,531,0
20140710,14.664,14.664,14.136,14.136,531,0
20140711,14.456,14.776,14.136,14.46,1440,0
20140714,14.46,14.786,14.136,14.46,453,0
20140715,14.46,14.786,14.136,14.136,484,0
20140716,14.46,14.541,14.136,14.145,340,0
20140718,14.348,14.503,14.193,14.193,318,0
20140723,14.193,14.494,14.193,14.193,170,0
20140728,14.409,14.539,14.202,14.202,531,0
20140729,14.409,14.597,14.194,14.202,658,0
20140731,14.395,14.587,14.126,14.126,2816,0
20140801,14.126,14.245,12.714,13.552,3830,0
20140804,14.258,14.258,13.453,13.453,591,0
20140805,13.981,14.362,12.243,13.679,6940,0
20140806,13.684,14.202,13.655,13.655,21,0
20140807,14.033,14.315,12.977,12.977,2945,0
20140808,13.627,14.023,12.977,13.665,223,0
20140811,13.985,14.409,13.655,14.033,1061,0
20140812,13.726,14.362,13.679,13.679,21,0
20140813,13.999,14.315,13.655,13.655,338,0
20140815,13.985,14.296,13.806,14.22,743,0
20140825,14.31,14.329,14.136,14.22,1120,0
20140827,14.126,14.305,13.938,14.22,1061,0
20140828,14.126,14.315,13.938,13.938,2069,0
20140829,14.141,14.432,13.938,14.432,595,0
20140902,14.108,14.305,13.901,14.126,53,0
20140903,14.268,14.305,13.749,13.806,940,0
20140904,14.033,14.305,13.749,13.844,567,0
20140905,14.079,14.305,13.844,14.145,478,0
20140909,14.277,14.31,13.976,13.976,53,0
20140912,14.145,14.305,13.976,13.976,1061,0
20140915,13.976,14.305,13.749,13.938,393,0
20140918,14.126,14.305,13.844,13.844,442,0
20140919,14.033,14.036,13.844,14.033,531,0
20140923,13.985,14.22,13.844,13.844,354,0
20140924,14.211,14.555,13.844,13.844,180,0
20140925,14.211,14.216,13.844,13.844,42,0
20140929,13.938,14.183,13.844,13.844,711,0
20141002,13.929,13.929,13.749,13.749,111,0
20141006,13.797,13.929,13.797,13.797,19,0
20141007,13.863,13.863,13.749,13.839,316,0
20141008,13.839,13.839,13.278,13.288,584,0
20141009,13.604,13.806,12.243,12.243,2423,0
20141010,12.78,13.208,12.337,12.356,1200,0
20141013,12.61,12.61,12.054,12.257,885,0
20141014,12.493,12.61,12.054,12.337,4039,0
20141015,12.587,12.61,12.211,12.211,1246,0
20141016,12.535,12.61,12.054,12.096,1110,0
20141017,12.153,12.243,12.064,12.146,3664,0
20141020,12.153,12.553,12.064,12.379,12912,0
20141021,12.553,12.553,12.054,12.112,9025,0
20141022,12.054,12.323,12.054,12.149,3424,0
20141023,11.914,12.328,11.914,12.219,637,0
20141024,12.206,12.337,12.149,12.202,160,0
20141027,12.337,12.337,12.149,12.177,3117,0
20141028,12.219,12.253,12.149,12.159,1540,0
20141029,12.196,12.431,12.149,12.182,7831,0
20141030,12.243,12.29,12.149,12.196,1274,0
20141031,12.243,12.384,12.196,12.297,2920,0
20141103,12.417,12.525,12.403,12.431,4643,0
20141104,12.403,12.568,12.403,12.422,42,0
20141105,12.488,12.572,12.403,12.443,882,0
20141106,12.465,12.525,12.403,12.44,690,0
20141107,12.473,12.473,12.384,12.407,1189,0
20141110,12.488,12.572,12.337,12.488,595,0
20141111,12.502,12.568,12.384,12.457,255,0
20141113,12.502,12.502,12.384,12.409,320,0
20141114,12.478,12.902,12.384,12.761,6550,0
20141119,12.714,12.902,12.478,12.739,1076,0
20141120,12.714,12.807,12.525,12.656,212,0
20141121,12.714,12.902,12.525,12.79,478,0
20141124,12.784,12.921,12.667,12.798,1274,0
20141128,12.996,13.1,12.902,12.997,265,0
20141201,12.902,13.071,12.714,12.854,53,0
20141203,12.794,13.655,12.79,13.321,4124,0
20141204,13.547,13.957,13.156,13.261,1093,0
20141205,13.547,13.547,13.156,13.297,1051,0
20141208,13.425,13.425,13.194,13.231,1328,0
20141209,13.156,13.368,13.156,13.256,53,0
20141210,13.265,13.392,13.156,13.239,1561,0
20141211,13.236,13.316,13.156,13.231,450,0
20141212,13.246,13.246,12.714,12.714,1664,0
20141215,13.156,13.185,12.714,12.728,1896,0
20141216,12.667,13.185,12.667,12.945,332,0
20141217,12.723,13.185,12.723,12.932,318,0
20141218,12.954,13.185,12.723,12.996,4191,0
20141219,12.954,13.185,12.723,12.949,903,0
20141222,12.912,13.138,12.902,13.006,318,0
20141223,13.133,13.138,13.038,13.038,1805,0
20141229,13.091,13.138,12.761,12.803,478,0
20141230,12.859,12.996,12.723,12.859,398,0
20150102,12.996,12.996,12.525,12.754,1,0
20150105,12.817,13.166,12.243,12.243,824,0
20150106,12.996,13.156,12.807,12.807,344,0
20150108,13.016,13.016,12.243,12.243,4710,0
20150109,12.973,12.996,12.629,12.896,391,0
20150112,12.62,12.996,12.62,12.807,648,0
20150113,12.714,12.996,12.714,12.912,597,0
20150114,13.016,13.016,12.714,12.928,160,0
20150115,12.714,13.016,12.714,12.846,1136,0
20150116,12.977,13.016,12.714,12.907,425,0
20150119,12.714,13.016,12.629,12.697,1690,0
20150120,12.761,13.043,12.714,12.864,1389,0
20150121,13.373,13.378,12.695,12.756,9294,0
20150122,12.912,12.944,12.497,12.859,4262,0
20150123,13.029,13.363,12.705,13.043,2367,0
20150126,13.274,13.373,12.629,13.043,4712,0
20150127,12.69,13.373,12.69,13.152,2737,0
20150128,13.171,13.312,12.64,13.011,223,0
20150129,13.058,13.185,12.639,12.936,690,0
20150130,12.977,13.316,12.629,13.085,690,0
20150202,13.034,13.373,12.592,13.205,3326,0
20150203,12.902,13.425,12.902,13.324,2562,0
20150204,13.415,13.483,13.153,13.314,2147,0
20150205,13.156,13.43,13.059,13.283,599,0
20150206,13.312,13.514,13.062,13.284,440,0
20150209,13.312,13.383,13.058,13.263,1588,0
20150210,13.053,13.462,12.987,13.209,3351,0
20150211,13.236,13.298,12.912,13.119,3571,0
20150212,13.194,13.373,12.665,12.987,5334,0
20150213,12.714,13.274,12.714,12.807,11391,0
20150216,13.278,13.278,12.243,13.171,1056,0
20150217,12.902,13.278,12.902,13.125,425,0
20150218,12.902,13.373,12.902,13.237,2012,0
20150219,12.996,13.278,12.996,13.125,146,0
20150223,12.996,13.278,12.996,13.072,1086,0
20150224,12.996,13.278,12.996,13.104,1392,0
20150225,12.996,13.278,12.996,13.081,7990,0
20150226,12.996,13.278,12.62,12.62,1899,0
20150227,12.996,13.278,12.996,13.175,1321,0
20150302,12.996,13.278,12.996,13.129,1314,0
20150303,13.034,13.278,13.007,13.12,1159,0
20150304,12.996,13.278,12.62,12.769,297,0
20150305,12.996,13.278,12.62,13.038,541,0
20150306,12.996,13.401,12.62,13.311,2319,0
20150309,13.303,13.472,12.62,12.62,3355,0
20150310,13.26,13.373,13.028,13.168,866,0
20150311,13.199,13.383,13.01,13.278,1821,0
20150312,13.048,13.378,12.996,13.16,1472,0
20150313,13.208,13.51,12.996,13.361,2859,0
20150316,13.439,13.872,13.314,13.505,7675,0
20150317,13.702,13.774,13.467,13.59,1216,0
20150318,13.627,14.88,13.467,14.88,6493,0
20150319,14.88,14.88,14.325,14.513,5445,0
20150320,14.245,14.786,14.145,14.454,9159,0
20150323,14.315,14.621,14.145,14.193,3630,0
20150324,14.145,14.503,14.051,14.438,451,0
20150325,14.193,14.677,14.023,14.368,4354,0
20150326,14.494,14.88,14.197,14.375,15596,0
20150327,14.517,14.757,14.315,14.674,1733,0
20150330,14.4,15.233,14.362,15.043,15537,0
20150331,14.573,15.991,14.573,15.229,10550,0
20150401,15.219,15.304,14.807,15.045,1345,0
20150402,14.796,15.37,14.796,15.068,1250,0
20150407,15.577,15.868,15.577,15.868,618,0
20150408,15.577,15.727,15.134,15.134,1911,0
20150409,15.407,15.539,15.125,15.534,1184,0
20150410,15.539,15.906,15.534,15.821,6653,0
20150413,15.868,15.868,15.529,15.821,1922,0
20150414,15.586,15.774,15.539,15.774,984,0
20150415,15.586,15.629,15.482,15.586,2936,0
20150416,15.52,15.868,15.304,15.304,2156,0
20150417,15.167,15.215,14.974,14.974,4048,0
20150420,15.247,15.35,14.983,15.35,3040,0
20150421,15.068,15.346,14.908,15.162,3553,0
20150422,15.27,15.27,14.88,14.88,2198,0
20150423,14.931,14.931,14.926,14.926,670,0
20150424,15.068,15.068,14.988,14.993,2647,0
20150427,15.068,15.068,14.993,15.068,2649,0
20150428,14.993,15.539,14.88,15.172,6800,0
20150429,15.35,15.539,15.257,15.539,2685,0
20150430,15.539,15.539,15.158,15.162,3261,0
20150504,15.238,15.774,15.162,15.162,6711,0
20150505,15.374,15.374,14.121,14.503,14071,0
20150506,14.484,14.503,14.126,14.126,2473,0
20150507,14.033,14.079,14.033,14.079,2475,0
20150508,14.197,14.409,14.197,14.409,2259,0
20150511,14.616,14.974,14.414,14.672,5605,0
20150512,14.456,14.456,14.39,14.39,1576,0
20150513,14.595,15.015,14.595,14.693,3071,0
20150514,14.947,14.947,14.947,14.947,17,0
20150515,14.517,14.654,14.517,14.654,2610,0
20150518,14.659,14.708,14.659,14.708,314,0
20150519,14.752,14.752,14.498,14.752,2038,0
20150520,14.542,14.752,14.542,14.752,205,0
20150521,14.664,14.664,14.664,14.664,256,0
20150522,14.654,14.752,14.654,14.752,482,0
20150526,14.659,14.659,14.654,14.654,1150,0
20150528,14.796,14.796,14.605,14.605,370,0
20150529,14.747,14.81,14.747,14.791,1300,0
20150602,14.703,14.703,14.703,14.703,512,0
20150603,14.605,14.605,14.493,14.493,522,0
20150605,14.556,14.556,14.488,14.488,233,0
20150609,14.488,14.488,14.41,14.41,350,0
20150610,14.41,14.41,14.112,14.112,2285,0
20150611,14.082,14.239,14.077,14.077,3054,0
20150612,14.102,14.102,14.077,14.077,1179,0
20150615,14.214,14.234,14.214,14.234,563,0
20150616,14.121,14.209,14.077,14.165,942,0
20150618,14.165,14.165,14.077,14.077,629,0
20150619,14.077,14.077,14.077,14.077,1551,0
20150622,13.887,13.887,13.379,13.599,4842,0
20150623,13.843,13.843,13.843,13.843,102,0
20150625,13.916,13.916,13.916,13.916,14,0
20150626,13.867,13.97,13.867,13.97,512,0
20150629,13.579,13.584,13.54,13.54,1400,0
20150630,13.623,13.623,13.623,13.623,7,0
20150701,13.662,13.965,13.662,13.965,1425,0
20150702,13.921,13.921,13.921,13.921,10,0
20150703,13.965,13.97,13.965,13.97,215,0
20150706,13.677,13.682,13.677,13.677,97,0
20150707,13.921,13.921,13.921,13.921,72,0
20150708,13.97,13.97,13.97,13.97,556,0
20150709,13.682,14.117,13.682,14.117,58,0
20150710,13.867,14.121,13.867,14.121,1123,0
20150713,14.048,14.121,12.593,13.179,7206,0
20150714,13.188,13.188,12.446,12.456,1146,0
20150715,12.68,13.438,12.646,13.237,1641,0
20150716,13.237,13.428,13.237,13.428,212,0
20150717,13.188,13.281,12.895,13.281,850,0
20150720,13.042,13.188,13.037,13.188,2764,0
20150721,13.052,13.052,13.052,13.052,409,0
20150722,13.13,13.433,13.13,13.237,3397,0
20150723,13.374,13.374,13.247,13.247,1058,0
20150724,13.086,13.086,13.081,13.081,307,0
20150728,12.871,12.871,12.856,12.856,589,0
20150729,13.013,13.228,12.964,12.964,1750,0
20150730,13.12,13.32,13.12,13.208,4148,0
20150731,13.374,13.374,13.374,13.374,389,0
20150803,13.526,13.526,13.526,13.526,24,0
20150804,13.516,13.692,13.516,13.579,1484,0
20150805,13.667,13.667,13.667,13.667,10,0
20150806,13.667,13.667,13.667,13.667,51,0
20150807,13.667,13.667,13.667,13.667,102,0
20150810,13.628,13.628,13.628,13.628,51,0
20150811,13.423,13.423,13.418,13.418,1118,0
20150812,13.096,13.096,13.057,13.057,358,0
20150813,13.355,13.355,13.355,13.355,129,0
20150817,13.11,13.11,12.895,12.895,2122,0
20150818,12.988,12.993,12.988,12.993,2047,0
20150820,12.705,12.798,12.69,12.69,1248,0
20150821,12.251,12.251,12.114,12.114,870,0
20150824,11.967,11.967,11.723,11.723,1511,0
20150825,11.928,12.212,11.928,12.212,1689,0
20150826,12.07,12.397,12.07,12.397,307,0
20150827,12.983,12.983,12.514,12.514,5199,0
20150828,12.744,12.744,12.744,12.744,12,0
20150831,12.744,12.744,12.744,12.744,215,0
20150902,12.412,12.744,12.412,12.744,113,0
20150903,12.744,12.744,12.744,12.744,10,0
20150904,12.412,12.749,12.412,12.749,1228,0
20150907,12.7,12.705,12.7,12.7,1254,0
20150909,12.563,12.563,12.563,12.563,819,0
20150910,12.451,12.744,12.451,12.744,768,0
20150911,12.744,12.749,12.744,12.749,115,0
20150917,12.519,12.646,12.519,12.646,116,0
20150918,12.519,12.519,12.407,12.5,1396,0
20150921,12.309,12.602,12.28,12.602,1228,0
20150922,12.265,12.265,12.065,12.065,1533,0
20150923,12.256,12.256,12.246,12.246,53,0
20150924,12.212,12.212,12.212,12.212,154,0
20150928,12.094,12.094,12.094,12.094,205,0
20150929,12.202,12.202,12.202,12.202,51,0
20151002,11.982,11.982,11.972,11.972,1362,0
20151005,11.909,11.977,11.87,11.977,2077,0
20151006,11.87,11.977,11.87,11.977,1932,0
20151009,11.972,12.016,11.972,12.016,41,0
20151012,11.972,11.972,11.967,11.967,31,0
20151013,11.967,11.967,11.967,11.967,15,0
20151014,11.972,11.972,11.967,11.967,20,0
20151015,11.972,11.972,11.972,11.972,143,0
20151016,12.187,12.187,12.187,12.187,20,0
20151019,11.972,12.016,11.918,12.016,1893,0
20151020,12.231,12.231,12.231,12.231,205,0
20151021,12.26,12.26,12.26,12.26,102,0
20151022,12.26,12.436,12.26,12.436,461,0
20151023,12.436,12.456,12.436,12.456,337,0
20151027,12.558,12.558,12.558,12.558,111,0
20151028,12.475,12.475,12.475,12.475,102,0
20151030,12.373,12.373,12.368,12.368,369,0
20151102,12.275,12.597,12.27,12.597,532,0
20151103,12.275,12.275,12.27,12.27,757,0
20151104,12.275,12.275,12.27,12.27,280,0
20151105,12.27,12.309,12.27,12.309,221,0
20151106,12.314,12.534,12.314,12.534,1024,0
20151109,12.329,12.358,12.309,12.329,3068,0
20151110,12.368,12.368,12.368,12.368,124,0
20151112,12.431,12.431,12.309,12.402,7054,0
20151113,12.314,12.314,12.309,12.309,5759,0
20151116,12.085,12.085,12.085,12.085,819,0
20151117,12.085,12.085,12.085,12.085,409,0
20151119,12.099,12.099,12.099,12.099,171,0
20151120,12.104,12.104,12.104,12.104,921,0
20151123,12.207,12.212,12.002,12.002,1658,0
20151124,12.148,12.148,12.148,12.148,15,0
20151125,11.967,11.967,11.967,11.967,51,0
20151126,11.928,11.967,11.928,11.967,1039,0
20151130,12.153,12.158,12.153,12.158,1126,0
20151201,12.158,12.163,11.938,12.06,3913,0
20151204,11.992,11.992,11.733,11.733,8417,0
20151207,12.045,12.05,12.041,12.05,1763,0
20151208,12.065,12.065,12.065,12.065,51,0
20151209,11.787,12.109,11.787,11.87,1414,0
20151211,11.875,11.875,11.87,11.87,749,0
20151214,11.777,11.777,11.723,11.723,1478,0
20151215,11.811,11.811,11.811,11.811,471,0
20151216,11.723,11.87,11.332,11.537,6423,0
20151217,11.518,11.518,11.518,11.518,154,0
20151221,11.577,11.879,11.577,11.879,1116,0
20151222,11.816,11.816,11.664,11.664,1956,0
20151223,11.66,11.674,11.66,11.674,4624,0
20151228,11.728,11.772,11.723,11.733,969,0
20151229,11.816,11.918,11.796,11.918,1460,0
20151230,12.065,12.216,12.065,12.216,369,0
20160104,11.962,11.962,11.958,11.958,2284,0
20160105,11.821,11.821,11.821,11.821,512,0
20160107,11.723,11.87,11.723,11.87,659,0
20160111,11.914,11.914,11.914,11.914,332,0
20160112,11.914,11.914,11.914,11.914,102,0
20160113,11.845,11.918,11.743,11.743,757,0
20160114,11.733,12.216,11.733,12.216,4553,0
20160115,12.226,12.226,12.016,12.016,1843,0
20160118,11.821,11.821,11.821,11.821,617,0
20160120,12.036,12.226,12.016,12.212,5536,0
20160121,12.016,12.016,12.016,12.016,128,0
20160122,12.202,12.202,12.202,12.202,223,0
20160125,11.772,11.87,11.723,11.723,2580,0
20160126,11.728,11.728,11.728,11.728,1022,0
20160129,11.821,11.87,11.821,11.821,1305,0
20160202,12.036,12.036,12.036,12.036,409,0
20160203,12.143,12.143,11.918,11.918,2278,0
20160208,12.016,12.016,11.967,11.967,6142,0
20160209,11.972,11.972,11.87,11.967,4049,0
20160210,12.016,12.021,12.016,12.016,7341,0
20160211,12.016,12.016,12.016,12.016,4197,0
20160212,12.016,12.016,12.016,12.016,51,0
20160216,12.06,12.236,12.06,12.236,868,0
20160218,12.212,12.456,12.212,12.456,2039,0
20160219,12.368,12.368,12.368,12.368,10,0
20160225,12.212,12.212,12.212,12.212,102,0
20160226,12.207,12.212,12.172,12.172,9784,0
20160307,12.212,12.212,12.212,12.212,614,0
20160309,12.016,12.016,12.016,12.016,61,0
20160311,12.172,12.212,12.172,12.212,205,0
20160314,12.212,12.212,12.212,12.212,1024,0
20160315,12.202,12.202,12.202,12.202,102,0
20160316,12.212,12.651,12.212,12.505,14771,0
20160317,12.358,12.593,12.358,12.593,563,0
20160318,12.495,12.495,12.495,12.495,2,0
20160321,12.27,12.27,12.27,12.27,819,0
20160322,12.309,12.309,12.309,12.309,272,0
20160330,12.309,12.309,12.309,12.309,256,0
20160331,12.299,12.309,12.055,12.055,3851,0
20160401,12.192,12.192,12.016,12.016,3240,0
20160404,12.212,12.216,12.212,12.216,614,0
20160405,12.29,12.299,12.011,12.011,2651,0
20160406,11.87,11.87,11.87,11.87,994,0
20160407,12.065,12.065,12.065,12.065,115,0
20160411,12.163,12.207,12.163,12.207,3516,0
20160412,12.207,12.51,11.948,12.309,4568,0
20160413,12.475,12.475,12.114,12.309,7907,0
20160414,12.309,12.583,12.309,12.583,3648,0
20160415,12.651,13.125,12.622,13.125,3227,0
20160418,13.184,13.188,12.7,12.7,2047,0
20160420,12.69,12.69,12.69,12.69,219,0
20160421,12.866,12.866,12.71,12.71,502,0
20160422,12.881,12.881,12.881,12.881,754,0
20160425,12.539,12.842,12.539,12.842,1861,0
20160426,12.847,12.851,12.847,12.851,115,0
20160427,12.861,12.861,12.861,12.861,256,0
20160428,12.505,12.505,12.436,12.436,1382,0
20160502,12.544,12.651,12.544,12.651,358,0
20160503,12.583,12.583,12.583,12.583,31,0
20160504,12.422,12.832,12.422,12.832,1254,0
20160505,12.656,12.656,12.656,12.656,497,0
20160506,12.656,12.656,12.651,12.651,1053,0
20160509,12.637,12.964,12.632,12.964,3332,0
20160510,12.964,12.964,12.964,12.964,102,0
20160511,13.052,13.076,12.7,12.7,5306,0
20160512,12.7,12.7,12.7,12.7,3697,0
20160513,12.705,12.705,12.705,12.705,826,0
20160517,12.7,12.744,12.524,12.524,2100,0
20160518,12.705,12.705,12.705,12.705,102,0
20160519,12.729,12.744,12.7,12.7,2751,0
20160520,12.7,13.005,12.7,13,5836,0
20160523,13,13.005,12.845,13,8798,0
20160524,13,13.15,12.995,13.15,5810,0
20160525,13.155,13.34,13.07,13.3,19029,0
20160527,13.575,13.575,13.575,13.575,670,0
20160531,13.485,13.485,13.485,13.485,70,0
20160601,13.495,13.705,13.495,13.705,217,0
20160602,13.695,13.695,13.695,13.695,120,0
20160603,13.495,13.6,13.485,13.6,2483,0
20160606,13.405,13.405,13.405,13.405,1173,0
20160607,13.405,13.405,13.405,13.405,200,0
20160608,13.4,13.4,13.215,13.23,623,0
20160610,13.23,13.23,13.045,13.045,800,0
20160613,13,13.135,13,13.135,864,0
20160614,13,13,13,13,993,0
20160615,13.005,13.005,13,13.005,495,0
20160616,13.005,13.005,13.005,13.005,143,0
20160617,13,13.23,13,13.23,2022,0
20160621,13.445,13.81,13.445,13.81,19978,0
20160623,14.04,14.41,14.035,14.275,2342,0
20160624,13.98,13.98,13.73,13.73,1772,0
20160627,13.535,13.61,13.53,13.61,702,0
20160628,13.61,13.61,13.61,13.61,297,0
20160630,13.45,13.45,13.445,13.445,1047,0
20160701,13.3,13.3,13.3,13.3,550,0
20160705,13.6,13.95,13.6,13.95,1235,0
20160711,13.605,13.605,13.6,13.6,1023,0
20160712,13.545,13.95,13.545,13.84,6987,0
20160713,13.74,13.74,13.525,13.525,292,0
20160715,13.85,13.85,13.85,13.85,77,0
20160718,13.51,13.51,13.51,13.51,611,0
20160721,13.605,13.605,13.605,13.605,28,0
20160722,13.4,13.4,13.4,13.4,150,0
20160725,13.605,13.605,13.605,13.605,508,0
20160727,13.475,13.475,13.475,13.475,75,0
20160729,13.56,13.56,13.56,13.56,495,0
20160801,13.59,13.59,13.56,13.56,510,0
20160802,13.56,13.56,13.56,13.56,58,0
20160803,13.56,13.56,13.56,13.56,250,0
20160804,13.56,13.56,13.56,13.56,150,0
20160805,13.56,13.835,13.56,13.835,592,0
20160808,13.52,13.52,13.435,13.435,1592,0
20160809,13.645,13.645,13.645,13.645,200,0
20160810,13.63,13.63,13.63,13.63,197,0
20160812,13.645,13.65,13.645,13.65,1000,0
20160815,13.445,13.46,13.445,13.46,1149,0
20160816,13.6,13.6,13.41,13.41,1588,0
20160817,13.52,13.59,13.49,13.49,1831,0
20160818,13.5,13.5,13.5,13.5,150,0
20160819,13.59,13.59,13.59,13.59,161,0
20160822,13.51,13.51,13.51,13.51,561,0
20160823,13.49,13.49,13.49,13.49,400,0
20160825,13.5,13.5,13.5,13.5,198,0
20160829,13.505,13.505,13.505,13.505,400,0
20160830,13.5,13.6,13.5,13.6,600,0
20160831,13.6,13.6,13.4,13.575,1350,0
20160901,13.6,13.6,13.5,13.5,640,0
20160902,13.62,13.655,13.62,13.655,1750,0
20160906,13.7,13.7,13.7,13.7,150,0
20160907,13.42,13.42,13.295,13.295,950,0
20160908,13.3,13.3,13.3,13.3,59,0
20160919,13.155,13.155,13.155,13.155,75,0
20160922,13.215,13.52,13.215,13.52,1100,0
20160926,13.5,13.5,13.21,13.21,750,0
20160927,13.42,13.42,13.42,13.42,1000,0
20160928,13.38,13.38,13.38,13.38,19,0
20160929,13.38,13.385,13.38,13.385,626,0
20160930,13.38,13.38,13.38,13.38,781,0
20161006,13.45,13.45,13.45,13.45,363,0
20161007,13.5,13.55,13.5,13.55,500,0
20161011,13.78,13.8,13.78,13.8,573,0
20161012,14.085,14.085,14.085,14.085,14,0
20161013,13.625,13.625,13.555,13.555,1500,0
20161014,13.8,13.8,13.8,13.8,173,0
20161017,13.69,13.69,13.5,13.5,5031,0
20161018,13.5,13.65,13.5,13.65,5700,0
20161019,13.505,13.505,13.505,13.505,269,0
20161020,13.5,13.5,13.5,13.5,400,0
20161021,13.5,13.565,13.5,13.565,1380,0
20161024,13.65,13.795,13.57,13.655,1025,0
20161025,13.61,13.61,13.605,13.605,997,0
20161026,13.57,13.57,13.57,13.57,75,0
20161027,13.75,13.785,13.75,13.785,750,0
20161028,13.605,13.605,13.6,13.6,500,0
20161031,13.615,13.615,13.615,13.615,3,0
20161101,13.6,14.25,13.6,14.25,665,0
20161102,14.04,14.04,13.57,13.8,3440,0
20161104,13.7,13.935,13.7,13.935,630,0
20161107,13.73,13.935,13.73,13.935,1220,0
20161110,13.57,13.57,13.57,13.57,146,0
20161115,13.775,13.855,13.775,13.855,220,0
20161116,13.655,13.655,13.585,13.585,370,0
20161117,13.58,13.65,13.57,13.65,348,0
20161118,13.65,13.65,13.65,13.65,150,0
20161121,13.795,13.845,13.795,13.845,1400,0
20161122,13.65,13.905,13.645,13.905,1744,0
20161125,13.57,13.57,13.5,13.5,6873,0
20161130,13.5,13.5,13.5,13.5,500,0
20161201,13.5,13.5,13.5,13.5,1150,0
20161202,13.5,13.5,13.5,13.5,963,0
20161205,13.645,13.645,13.645,13.645,20,0
20161206,13.65,13.65,13.65,13.65,200,0
20161207,13.52,13.65,13.52,13.65,145,0
20161209,13.65,13.71,13.65,13.71,496,0
20161212,13.71,13.71,13.71,13.71,50,0
20161213,13.8,13.8,13.8,13.8,128,0
20161215,13.71,13.71,13.09,13.09,4659,0
20161216,13.34,13.675,13.34,13.45,3697,0
20161219,13.36,13.36,13.08,13.08,2380,0
20161220,13.1,13.1,13,13.1,1040,0
20161223,13.21,13.21,13.21,13.21,150,0
20161227,13.1,13.15,13.1,13.15,1388,0
20161228,13.2,13.65,13.2,13.65,2676,0
20161230,13.695,13.695,13.3,13.3,5232,0
20170103,13.885,14.405,13.505,13.505,2516,0
20170105,13.35,13.35,13.35,13.35,200,0
20170106,13.595,13.595,13.595,13.595,300,0
20170109,13.4,13.4,13.4,13.4,75,0
20170110,13.35,13.35,13.35,13.35,1487,0
20170111,13.4,13.4,13.3,13.3,1000,0
20170112,13.3,13.589,13.3,13.589,74,0
20170113,13.599,13.599,13.599,13.599,1,0
20170116,13.5,14,13.5,14,909,0
20170117,13.5,14.749,13.5,14.3,1450,0
20170118,14.037,14.9,14.037,14.49,1120,0
20170120,13.51,14.5,13.51,14.235,2588,0
20170123,13.8,14.25,13.8,13.983,3166,0
20170124,13.725,13.725,13.72,13.72,250,0
20170125,13.51,13.515,13.51,13.515,200,0
20170126,13.844,14.105,13.6,13.845,1124,0
20170127,13.66,14.13,13.66,14.13,410,0
20170130,13.87,14.125,13.87,14.125,90,0
20170201,13.66,14.15,13.66,14.15,78,0
20170202,13.889,14,13.56,14,3700,0
20170203,14.01,14.011,14.01,14.011,230,0
20170206,14.01,14.011,14.01,14.011,1250,0
20170207,14.01,14.01,14,14,1500,0
20170208,14.01,14.01,14.01,14.01,1002,0
20170210,14.01,14.101,14.01,14.101,100,0
20170214,14.33,14.59,14.33,14.331,6200,0
20170215,14.34,14.44,14.11,14.37,5378,0
20170216,14.37,14.79,14.37,14.79,1400,0
20170217,14.43,14.782,14.43,14.782,100,0
20170220,14.78,15,14.78,15,7821,0
20170221,14.78,15.5,14.78,14.781,6425,0
20170222,14.8,14.9,14.8,14.9,599,0
20170224,14.78,14.78,14.78,14.78,1328,0
20170228,15.01,15.1,15.01,15.05,3384,0
20170301,15.05,15.99,15.05,15.8,1750,0
20170302,15.75,15.89,15.75,15.75,557,0
20170303,15.75,15.75,14.991,15.356,990,0
20170307,14.75,14.751,14.75,14.751,20,0
20170308,14.75,15.11,14.75,15.11,70,0
20170309,14.8,15.161,14.8,15.161,200,0
20170310,15.3,15.31,15.3,15.31,100,0
20170313,15.3,15.673,15.3,15.301,85,0
20170314,15.3,15.351,15.3,15.35,950,0
20170315,15.3,15.65,15.3,15.65,500,0
20170316,15.3,16.3,15.3,16.3,10000,0
20170317,16.3,16.3,15.903,15.903,5250,0
20170320,15.515,16.3,15.515,16.299,13252,0
20170321,15.901,16.289,15.5,16.25,2724,0
20170322,15.854,15.898,15.52,15.898,1440,0
