Date,Open,High,Low,Close,Volume,OpenInt
20090406,0.442,0.65,0.442,0.55,3050,0
20090414,0.44,0.6,0.44,0.5,16320,0
20090415,0.5,0.55,0.5,0.53,3188,0
20090416,0.502,0.54,0.5,0.54,76,0
20090417,0.502,0.54,0.5,0.54,990,0
20090420,0.5,0.54,0.5,0.54,450,0
20090424,0.5,0.601,0.5,0.601,6533,0
20090507,0.601,0.72,0.6,0.72,9000,0
20090508,0.61,0.72,0.6,0.64,10,0
20090511,0.6,0.651,0.6,0.64,3050,0
20090514,0.6,0.65,0.6,0.625,300,0
20090515,0.61,0.639,0.6,0.625,646,0
20090518,0.61,0.65,0.61,0.65,4000,0
20090520,0.61,0.65,0.61,0.63,1430,0
20090522,0.611,0.611,0.61,0.61,18,0
20090526,0.61,0.611,0.61,0.611,18,0
20090529,0.613,0.665,0.61,0.665,5000,0
20090602,0.63,0.7,0.625,0.7,695,0
20090605,0.63,0.7,0.625,0.625,3500,0
20090608,0.621,0.65,0.61,0.63,100,0
20090609,0.613,0.7,0.6,0.65,500,0
20090610,0.604,0.74,0.6,0.64,81,0
20090619,0.6,0.64,0.6,0.64,1500,0
20090624,0.602,0.63,0.6,0.6,1449,0
20090626,0.6,0.69,0.6,0.6,165,0
20090708,0.56,0.75,0.56,0.65,11000,0
20090709,0.57,0.75,0.561,0.75,14000,0
20090713,0.743,0.75,0.561,0.75,10000,0
20090714,0.752,0.8,0.561,0.701,2510,0
20090715,0.756,0.89,0.67,0.7,22000,0
20090717,0.753,0.89,0.67,0.89,800,0
20090721,0.753,0.885,0.67,0.885,120,0
20090728,0.754,0.85,0.67,0.78,7220,0
20090804,0.78,0.85,0.67,0.8,5000,0
20090810,0.84,0.84,0.84,0.84,5000,0
20090811,0.803,0.849,0.77,0.8,2721,0
20090814,1,1,0.71,0.79,2600,0
20090817,0.714,0.8,0.714,0.799,434,0
20090818,0.79,0.79,0.78,0.78,2000,0
20090824,0.72,0.79,0.71,0.71,500,0
20090825,0.68,0.77,0.68,0.69,165,0
20090908,0.611,0.69,0.61,0.61,1001,0
20090909,0.564,0.645,0.564,0.645,1700,0
20090910,0.61,0.645,0.605,0.63,100,0
20090911,0.55,0.63,0.55,0.63,1800,0
20090914,0.595,0.63,0.595,0.6,660,0
20090917,0.611,0.611,0.6,0.6,500,0
20090918,0.601,0.61,0.59,0.6,465,0
20090921,0.59,0.689,0.57,0.689,3700,0
20090922,0.613,0.69,0.613,0.689,8000,0
20090923,0.61,0.69,0.61,0.69,3000,0
20090929,0.7,0.8,0.62,0.62,3,0
20090930,0.62,0.8,0.61,0.61,330,0
20091001,0.62,0.65,0.52,0.571,2497,0
20091008,0.56,0.68,0.55,0.68,1500,0
20091009,0.55,0.7,0.55,0.603,839,0
20091013,0.6,0.68,0.6,0.68,1500,0
20091016,0.602,0.61,0.6,0.61,300,0
20091019,0.561,0.62,0.56,0.58,330,0
20091020,0.65,0.65,0.56,0.62,800,0
20091021,0.56,0.7,0.56,0.7,100,0
20091103,0.473,0.6,0.44,0.443,5000,0
20091106,0.381,0.78,0.381,0.78,30000,0
20091109,0.75,0.98,0.5,0.98,2300,0
20091111,0.75,0.75,0.5,0.75,854,0
20091112,0.75,0.75,0.5,0.75,10146,0
20091113,0.7,0.75,0.5,0.75,729,0
20091116,0.65,0.7,0.6,0.7,114,0
20091124,0.661,0.76,0.66,0.7,165,0
20091125,0.71,0.9,0.71,0.9,1000,0
20091127,0.71,0.84,0.71,0.84,3300,0
20091130,0.77,0.84,0.71,0.84,100,0
20091201,0.77,0.77,0.5,0.59,330,0
20091202,0.66,0.9,0.6,0.9,830,0
20091207,0.7,0.75,0.67,0.75,1,0
20091208,0.7,0.71,0.67,0.69,100,0
20091211,0.7,0.71,0.66,0.671,625,0
20091214,0.7,0.71,0.67,0.7,6864,0
20091218,0.683,0.71,0.683,0.701,1000,0
20091221,0.701,0.711,0.7,0.711,660,0
20091222,0.711,0.711,0.7,0.701,213,0
20091223,0.703,0.78,0.7,0.78,1500,0
20091228,0.72,0.72,0.7,0.701,330,0
20091229,0.702,0.77,0.7,0.77,3000,0
20100107,0.66,0.71,0.66,0.66,660,0
20100108,0.663,0.8,0.66,0.8,165,0
20100111,0.665,0.71,0.66,0.67,2060,0
20100113,0.601,0.71,0.601,0.63,60,0
20100118,0.623,0.83,0.623,0.82,5632,0
20100119,0.72,0.75,0.65,0.66,21000,0
20100122,0.65,0.67,0.64,0.64,18900,0
20100125,0.65,0.75,0.64,0.75,10033,0
20100201,0.64,0.718,0.64,0.718,250,0
20100202,0.64,0.7,0.64,0.649,1500,0
20100203,0.641,0.65,0.64,0.64,12000,0
20100205,0.6,0.65,0.59,0.59,1990,0
20100208,0.61,0.65,0.57,0.649,712,0
20100215,0.572,0.6,0.52,0.52,132,0
20100219,0.52,0.62,0.52,0.62,23310,0
20100301,0.49,0.6,0.47,0.59,181,0
20100305,0.493,0.749,0.49,0.719,1450,0
20100308,0.492,0.9,0.492,0.9,9950,0
20100309,0.9,0.9,0.79,0.9,3800,0
20100310,0.85,0.851,0.85,0.85,8465,0
20100319,0.811,0.86,0.811,0.86,500,0
20100322,0.88,0.881,0.87,0.881,825,0
20100323,0.86,1.2,0.86,1.2,9787,0
20100325,1.27,1.27,1.2,1.2,19035,0
20100326,0.882,1.2,0.882,1.15,26754,0
20100329,0.905,1.2,0.901,0.901,1248,0
20100330,0.908,1.2,0.908,0.911,548,0
20100331,1.15,1.15,0.93,0.95,5813,0
20100406,0.926,1.15,0.92,1,11100,0
20100407,0.922,1.15,0.92,0.92,2398,0
20100408,0.926,1.15,0.926,1.1,5581,0
20100412,0.941,1.149,0.93,1.149,2020,0
20100415,1.002,1.002,0.97,1.001,10,0
20100421,0.955,1,0.95,0.952,84,0
20100422,0.996,1.389,0.95,1.02,2300,0
20100426,1.039,1.338,1,1.031,594,0
20100427,1.048,1.135,1.048,1.135,800,0
20100428,1.108,1.279,1.1,1.268,2805,0
20100429,1.193,1.193,1.03,1.03,3566,0
20100430,1.049,1.13,0.9,0.95,32300,0
20100503,0.981,1.05,0.951,0.951,11700,0
20100505,0.95,1.02,0.901,0.901,6065,0
20100506,0.91,0.97,0.899,0.899,12410,0
20100507,0.837,0.92,0.8,0.85,6000,0
20100510,0.869,0.92,0.79,0.849,3500,0
20100512,0.763,0.92,0.76,0.82,5100,0
20100513,0.727,0.81,0.727,0.8,1495,0
20100514,0.737,0.8,0.737,0.74,270,0
20100517,0.74,0.8,0.74,0.8,5000,0
20100518,0.757,0.82,0.75,0.82,27830,0
20100519,0.805,0.82,0.78,0.82,472,0
20100521,0.775,0.86,0.775,0.86,4002,0
20100525,0.75,0.83,0.75,0.83,200,0
20100527,0.78,0.8,0.75,0.8,8000,0
20100531,0.792,0.83,0.77,0.77,10,0
20100609,0.776,0.81,0.77,0.81,1700,0
20100610,0.778,0.78,0.778,0.78,60,0
20100616,0.781,0.781,0.78,0.78,99,0
20100617,0.8,0.82,0.78,0.82,7515,0
20100621,0.793,0.85,0.78,0.85,2186,0
20100622,0.83,0.85,0.75,0.75,14456,0
20100623,0.716,0.795,0.716,0.77,25818,0
20100625,0.718,0.78,0.71,0.78,10205,0
20100628,0.72,0.78,0.72,0.723,500,0
20100707,0.72,0.75,0.71,0.71,330,0
20100712,0.72,0.75,0.72,0.75,10760,0
20100713,0.718,0.72,0.718,0.72,81,0
20100714,0.726,0.726,0.72,0.722,330,0
20100719,0.726,0.8,0.66,0.76,5977,0
20100722,0.705,0.8,0.705,0.8,12000,0
20100723,0.791,0.869,0.79,0.869,1499,0
20100726,0.794,0.868,0.79,0.866,2600,0
20100728,0.793,1.02,0.79,0.994,9640,0
20100729,0.922,0.922,0.92,0.92,2060,0
20100730,0.858,0.88,0.858,0.88,2200,0
20100802,0.851,0.889,0.82,0.889,2070,0
20100805,0.858,0.935,0.85,0.935,200,0
20100809,0.86,0.86,0.801,0.801,3250,0
20100811,0.819,0.83,0.819,0.822,7700,0
20100818,0.818,0.851,0.818,0.851,30,0
20100820,0.852,0.87,0.85,0.851,900,0
20100824,0.844,0.9,0.844,0.9,2590,0
20100831,0.84,0.9,0.84,0.9,300,0
20100901,0.844,0.97,0.7,0.91,33632,0
20100902,0.889,0.89,0.88,0.88,1000,0
20100903,0.831,0.9,0.83,0.9,16727,0
20100906,0.903,0.903,0.87,0.87,18000,0
20100920,0.86,0.86,0.84,0.84,396,0
20100921,0.86,0.93,0.85,0.85,496,0
20100922,0.86,0.87,0.85,0.87,15500,0
20100923,0.84,0.84,0.8,0.8,10000,0
20100927,0.81,0.88,0.8,0.88,3000,0
20100928,0.85,0.85,0.69,0.85,1215,0
20100929,0.822,0.822,0.82,0.82,300,0
20100930,0.822,0.9,0.822,0.9,1500,0
20101001,0.9,0.9,0.75,0.85,29100,0
20101005,0.85,0.851,0.85,0.851,81,0
20101007,0.85,0.851,0.85,0.85,29000,0
20101008,0.81,0.81,0.8,0.8,165,0
20101013,0.82,0.821,0.69,0.69,495,0
20101018,0.82,0.821,0.82,0.82,297,0
20101020,0.82,0.821,0.82,0.821,660,0
20101021,0.82,0.85,0.82,0.85,15000,0
20101026,0.82,0.85,0.82,0.849,4706,0
20101027,0.82,0.821,0.82,0.821,990,0
20101102,0.82,0.82,0.82,0.82,500,0
20101105,0.801,0.801,0.8,0.8,5000,0
20101108,0.82,0.85,0.82,0.85,5668,0
20101109,0.85,0.89,0.85,0.851,550,0
20101110,0.85,0.9,0.85,0.9,8355,0
20101111,0.9,0.9,0.85,0.851,4096,0
20101112,0.85,0.91,0.85,0.91,17355,0
20101117,0.87,0.879,0.85,0.85,440,0
20101118,0.87,0.88,0.85,0.87,4283,0
20101122,0.87,0.87,0.87,0.87,50,0
20101123,0.87,0.871,0.87,0.871,100,0
20101124,0.87,0.87,0.85,0.85,20000,0
20101125,0.85,0.95,0.85,0.95,200,0
20101126,0.87,0.949,0.87,0.871,365,0
20101129,0.87,0.921,0.87,0.921,264,0
20101130,0.92,0.921,0.92,0.92,3750,0
20101201,0.92,0.921,0.92,0.921,165,0
20101202,0.9,0.94,0.9,0.94,5500,0
20101203,0.92,1.25,0.92,1.25,87630,0
20101206,1.26,1.46,1.26,1.3,19290,0
20101207,1.15,1.3,1.15,1.28,6205,0
20101208,1.2,1.251,1.189,1.189,11400,0
20101209,1.12,1.19,1.12,1.12,15498,0
20101210,1.12,1.201,0.966,1.2,51455,0
20101213,1.14,1.14,1.13,1.13,10000,0
20101214,1.12,1.195,1.07,1.1,11844,0
20101215,1.06,1.1,1.06,1.1,14000,0
20101216,1.09,1.091,1.09,1.091,550,0
20101217,1.09,1.09,1.02,1.05,40000,0
20101220,1.01,1.13,1.01,1.13,6210,0
20101221,1.07,1.18,1.05,1.05,19416,0
20101222,1.1,1.168,1.08,1.149,95314,0
20101223,1.101,1.139,1.1,1.125,49163,0
20101227,1.122,1.161,1.12,1.161,5165,0
20101228,1.15,1.15,1.15,1.15,100,0
20101230,1.15,1.23,1.15,1.15,19830,0
20110103,1.12,1.148,1,1,11053,0
20110104,1.01,1.07,0.98,1.011,2750,0
20110105,1.01,1.01,0.96,0.98,14000,0
20110106,0.962,1,0.93,0.95,4665,0
20110107,0.9,0.9,0.83,0.86,40100,0
20110110,0.85,0.895,0.84,0.895,2880,0
20110111,0.852,0.895,0.85,0.85,10208,0
20110113,0.85,0.861,0.831,0.861,735,0
20110114,0.85,0.9,0.85,0.88,5000,0
20110117,0.83,0.87,0.83,0.86,16900,0
20110118,0.83,0.889,0.83,0.861,51052,0
20110119,0.88,0.931,0.88,0.93,3500,0
20110120,0.9,0.97,0.9,0.97,1000,0
20110125,0.91,0.91,0.86,0.86,30150,0
20110128,0.86,0.861,0.855,0.861,66,0
20110202,0.86,0.86,0.86,0.86,330,0
20110207,0.86,0.93,0.86,0.93,140,0
20110208,0.86,0.91,0.85,0.9,30066,0
20110209,0.86,0.93,0.86,0.93,20079,0
20110210,0.861,0.929,0.86,0.929,13,0
20110214,0.882,0.9,0.88,0.9,3500,0
20110215,0.882,0.882,0.872,0.881,11374,0
20110218,0.882,0.882,0.88,0.882,79,0
20110221,0.882,0.883,0.88,0.883,1279,0
20110222,0.882,0.885,0.88,0.885,23000,0
20110223,0.901,0.901,0.88,0.886,990,0
20110224,0.885,0.95,0.88,0.95,15464,0
20110225,0.895,0.93,0.895,0.93,1500,0
20110301,0.9,0.97,0.9,0.97,10,0
20110307,0.905,0.95,0.9,0.906,2365,0
20110309,0.905,0.91,0.905,0.905,50,0
20110310,0.905,0.91,0.9,0.906,990,0
20110311,0.905,0.91,0.85,0.85,50,0
20110314,0.905,0.91,0.9,0.905,5000,0
20110315,0.86,0.861,0.86,0.86,1500,0
20110316,0.86,0.861,0.85,0.86,9800,0
20110317,0.85,0.851,0.85,0.851,330,0
20110318,0.85,0.861,0.85,0.861,5400,0
20110321,0.86,0.86,0.86,0.86,5000,0
20110322,0.86,0.94,0.86,0.94,1000,0
20110323,0.93,0.93,0.93,0.93,825,0
20110328,0.87,0.915,0.86,0.915,30125,0
20110401,0.87,0.89,0.87,0.87,700,0
20110404,0.87,0.91,0.87,0.87,2500,0
20110405,0.87,0.94,0.87,0.94,3030,0
20110406,0.92,0.92,0.901,0.901,1803,0
20110407,0.9,0.901,0.9,0.901,1117,0
20110408,0.9,0.901,0.9,0.901,1000,0
20110411,0.9,0.92,0.9,0.9,6166,0
20110412,0.9,0.901,0.87,0.901,2510,0
20110414,0.9,0.901,0.9,0.901,2300,0
20110418,0.9,0.901,0.89,0.89,9000,0
20110428,0.88,0.91,0.88,0.9,6380,0
20110429,0.89,0.9,0.87,0.899,9500,0
20110502,0.89,0.93,0.885,0.921,8850,0
20110503,0.92,0.989,0.92,0.989,3290,0
20110505,0.941,0.941,0.94,0.941,1485,0
20110509,0.94,1.14,0.94,1.14,7000,0
20110510,1.14,1.29,1.02,1.26,90732,0
20110511,1.25,1.26,1.18,1.25,60100,0
20110512,1.22,1.28,1.22,1.251,14831,0
20110513,1.25,1.29,1.21,1.28,3871,0
20110516,1.25,1.3,1.25,1.3,24765,0
20110517,1.25,1.3,1.25,1.281,10300,0
20110518,1.28,1.32,1.279,1.3,82722,0
20110519,1.28,1.31,1.28,1.3,15047,0
20110520,1.3,1.31,1.29,1.29,1071,0
20110523,1.3,1.33,1.3,1.3,6250,0
20110524,1.3,1.309,1.3,1.301,6316,0
20110525,1.3,1.349,1.3,1.301,3383,0
20110526,1.3,1.339,1.3,1.339,4265,0
20110530,1.28,1.34,1.23,1.34,12100,0
20110531,1.25,1.349,1.25,1.271,2050,0
20110601,1.3,1.301,1.3,1.3,3916,0
20110602,1.315,1.32,1.315,1.315,400,0
20110603,1.301,1.312,1.3,1.312,400,0
20110607,1.32,1.321,1.32,1.321,149,0
20110608,1.32,1.434,1.32,1.425,3330,0
20110609,1.386,1.42,1.386,1.42,7500,0
20110610,1.42,1.42,1.37,1.419,8590,0
20110613,1.42,1.42,1.37,1.37,600,0
20110614,1.42,1.42,1.389,1.39,14000,0
20110615,1.389,1.39,1.389,1.389,255,0
20110616,1.389,1.39,1.36,1.36,6400,0
20110617,1.329,1.418,1.329,1.418,1100,0
20110620,1.336,1.4,1.336,1.352,400,0
20110621,1.352,1.354,1.35,1.354,100,0
20110622,1.353,1.4,1.35,1.4,20000,0
20110627,1.356,1.36,1.356,1.356,3000,0
20110629,1.356,1.36,1.356,1.356,3,0
20110630,1.356,1.4,1.356,1.356,7838,0
20110707,1.356,1.36,1.356,1.356,1156,0
20110708,1.356,1.36,1.35,1.356,231,0
20110711,1.356,1.36,1.356,1.356,1016,0
20110712,1.356,1.36,1.356,1.356,1000,0
20110715,1.27,1.39,1.27,1.27,500,0
20110719,1.302,1.303,1.3,1.302,1560,0
20110720,1.31,1.35,1.3,1.31,1130,0
20110725,1.312,1.4,1.31,1.311,5000,0
20110726,1.322,1.4,1.32,1.322,150,0
20110727,1.323,1.373,1.154,1.323,33154,0
20110728,1.155,1.273,1.155,1.16,8850,0
20110802,1.155,1.16,1.155,1.155,1000,0
20110804,1.167,1.167,1.058,1.075,132,0
20110808,0.958,1.14,0.948,0.958,1901,0
20110810,1.05,1.05,1.05,1.05,10000,0
20110811,1,1.02,0.95,0.95,1246,0
20110815,1.04,1.252,1.04,1.04,23650,0
20110816,1.19,1.19,1.19,1.19,500,0
20110817,1.14,1.14,1.14,1.14,495,0
20110829,1.18,1.279,1.18,1.25,300,0
20110830,1.25,1.3,1.25,1.25,1132,0
20110901,1.25,1.25,1.139,1.139,2461,0
20110902,1.043,1.147,1.04,1.147,1000,0
20110905,1.043,1.147,1.04,1.123,4000,0
20110909,1.123,1.2,1.12,1.143,16620,0
20110912,1.143,1.17,1.14,1.169,5400,0
20110916,1.09,1.15,1.09,1.15,3000,0
20110922,1.15,1.15,1.15,1.15,4200,0
20110923,1.157,1.157,1.15,1.15,2000,0
20110928,1.16,1.161,1.16,1.161,106,0
20110929,1.16,1.269,1.16,1.269,2000,0
20110930,1.269,1.27,1.269,1.269,1500,0
20111006,1.16,1.23,1.16,1.23,5000,0
20111010,1.2,1.23,1.2,1.23,10000,0
20111011,1.2,1.2,1.2,1.2,400,0
20111012,1.16,1.2,1.16,1.2,917,0
20111013,1.2,1.25,1.2,1.25,10888,0
20111014,1.25,1.26,1.25,1.26,19428,0
20111017,1.251,1.251,1.25,1.251,3500,0
20111018,1.25,1.26,1.25,1.26,15600,0
20111019,1.25,1.251,1.25,1.251,500,0
20111020,1.25,1.26,1.25,1.26,25000,0
20111021,1.25,1.26,1.25,1.26,15000,0
20111024,1.25,1.251,1.25,1.251,660,0
20111025,1.25,1.251,1.25,1.251,800,0
20111026,1.25,1.25,1.25,1.25,5000,0
20111027,1.25,1.254,1.25,1.254,125,0
20111028,1.25,1.254,1.24,1.254,514,0
20111031,1.25,1.251,1.24,1.251,2014,0
20111102,1.25,1.25,1.25,1.25,6000,0
20111108,1.2,1.2,1.16,1.16,1500,0
20111115,1.18,1.181,1.18,1.181,99,0
20111123,1.18,1.181,1.18,1.181,217,0
20111128,1.18,1.181,1.18,1.18,1630,0
20111202,1.25,1.25,1.2,1.201,350,0
20111205,1.201,1.201,1.16,1.16,350,0
20111207,1.16,1.161,1.16,1.16,10863,0
20111208,1.16,1.16,1.16,1.16,7500,0
20111209,1.16,1.16,1.16,1.16,2500,0
20111213,1.1,1.1,1.03,1.03,10000,0
20111219,1.05,1.07,1.05,1.07,10000,0
20111228,1.055,1.15,1.055,1.15,896,0
20111230,1.055,1.16,1.055,1.06,500,0
20120109,1.04,1.105,1.04,1.105,1500,0
20120110,1.105,1.11,1.046,1.046,15,0
20120125,1.05,1.05,1.04,1.04,1287,0
20120126,1.05,1.051,1.05,1.051,1302,0
20120127,1.05,1.154,1.05,1.154,3954,0
20120130,1.065,1.16,1.055,1.159,810,0
20120131,1.065,1.13,1.055,1.066,3129,0
20120202,1.07,1.07,1.065,1.066,99,0
20120203,1.084,1.16,1.08,1.16,7626,0
20120206,1.11,1.262,1.108,1.2,1350,0
20120207,1.18,1.296,1.18,1.22,2310,0
20120208,1.18,1.296,1.18,1.296,50,0
20120210,1.18,1.18,1.18,1.18,330,0
20120213,1.16,1.16,1.16,1.16,543,0
20120214,1.11,1.113,1.11,1.113,6,0
20120223,1.14,1.23,1.14,1.23,4000,0
20120224,1.206,1.3,1.206,1.3,4500,0
20120228,1.305,1.31,1.305,1.305,81,0
20120301,1.305,1.31,1.305,1.305,660,0
20120302,1.279,1.28,1.269,1.269,165,0
20120307,1.279,1.367,1.276,1.276,6530,0
20120308,1.236,1.29,1.236,1.257,3060,0
20120309,1.26,1.26,1.257,1.257,165,0
20120314,1.247,1.25,1.2,1.247,10000,0
20120315,1.247,1.25,1.247,1.247,792,0
20120319,1.17,1.232,1.15,1.15,517,0
20120323,1.1,1.155,1.1,1.125,500,0
20120326,1.125,1.17,1.125,1.17,350,0
20120328,1.125,1.149,1.125,1.149,846,0
20120329,1.125,1.13,1.05,1.05,3000,0
20120330,1,1.101,1,1.098,584,0
20120402,1.196,1.212,1.098,1.212,3410,0
20120403,1.28,1.28,1.16,1.16,1000,0
20120405,1.16,1.16,1.16,1.16,114,0
20120412,1.156,1.213,1.156,1.213,3310,0
20120413,1.156,1.213,1.156,1.213,150,0
20120416,1.181,1.181,1.18,1.181,330,0
20120417,1.181,1.181,1.18,1.181,247,0
20120418,1.18,1.181,1.18,1.181,330,0
20120419,1.181,1.181,1.18,1.181,90,0
20120420,1.181,1.181,1.18,1.181,1300,0
20120426,1.151,1.208,1.15,1.208,90,0
20120427,1.201,1.201,1.2,1.201,500,0
20120502,1.122,1.122,1.12,1.122,3,0
20120509,1.146,1.18,1.136,1.136,81,0
20120516,1.146,1.18,1.146,1.146,81,0
20120517,1.14,1.195,1.14,1.195,200,0
20120523,1.14,1.195,1.14,1.195,1700,0
20120531,1.19,1.195,1.19,1.195,1700,0
20120604,1.214,1.449,1.15,1.449,1600,0
20120605,1.247,1.285,1.15,1.285,665,0
20120613,1.235,1.253,1.235,1.253,650,0
20120627,1.24,1.253,1.24,1.252,66,0
20120628,1.25,1.252,1.24,1.252,1400,0
20120720,1.183,1.183,1.18,1.183,363,0
20120723,1.135,1.248,1.135,1.183,2753,0
20120726,1.152,1.238,1.15,1.238,3200,0
20120801,1.204,1.324,1.2,1.324,1000,0
20120802,1.24,1.324,1.24,1.24,1320,0
20120810,1.05,1.35,0.96,1.35,2837,0
20120814,1.15,1.3,1.15,1.151,330,0
20120816,1.2,1.25,1.2,1.22,4400,0
20120817,1.2,1.25,1.2,1.25,1000,0
20120820,1.15,1.161,1.15,1.161,765,0
20120821,1.11,1.25,1.11,1.161,4125,0
20120822,1.112,1.315,1.112,1.315,1000,0
20120829,1.191,1.2,1.191,1.2,33,0
20120903,1.219,1.25,1.219,1.25,1500,0
20120906,1.219,1.219,1.219,1.219,81,0
20120917,1.09,1.198,1.09,1.185,1299,0
20120918,1.185,1.185,1.185,1.185,165,0
20120919,1.109,1.185,1.052,1.052,1980,0
20120920,1.023,1.56,1.023,1.233,11470,0
20120924,1.374,1.374,1.294,1.336,3260,0
20120926,1.24,1.24,1.24,1.24,165,0
20120927,1.218,1.218,1.218,1.218,231,0
20121002,1.218,1.218,1.218,1.218,165,0
20121004,1.218,1.218,1.218,1.218,904,0
20121008,1.141,1.141,1.141,1.141,120,0
20121016,1.18,1.45,1.15,1.209,41100,0
20121018,1.15,1.306,1.15,1.306,1023,0
20121019,1.189,1.3,1.189,1.25,1700,0
20121024,1.18,1.295,1.18,1.295,4500,0
20121030,1.18,1.26,1.15,1.26,278,0
20121102,1.15,1.21,1.15,1.21,2330,0
20121106,1.21,1.21,1.21,1.21,330,0
20121108,1.16,1.275,1.16,1.275,1197,0
20121109,1.16,1.16,1.16,1.16,6,0
20121119,1.16,1.16,1.16,1.16,264,0
20121126,1.15,1.22,1.148,1.22,1000,0
20121129,1.148,1.148,1.148,1.148,990,0
20121205,1.134,1.246,1.134,1.246,20,0
20121213,1.034,1.14,1.034,1.135,9096,0
20121214,1.045,1.2,1.045,1.2,3219,0
20121217,1.09,1.191,1.09,1.19,2909,0
20121218,1.058,1.229,1.058,1.141,600,0
20121219,1.04,1.14,1.04,1.111,3300,0
20121220,1.01,1.111,1.01,1.111,330,0
20121227,1.1,1.11,1.01,1.11,246,0
20121228,1.01,1.22,1.01,1.22,415,0
20130104,1.1,1.11,1.07,1.07,7626,0
20130108,1.1,1.179,1.075,1.075,2165,0
20130109,1.1,1.101,1.074,1.101,126,0
20130114,1.073,1.179,0.973,1.179,569,0
20130117,1.073,1.073,0.973,1.05,8548,0
20130118,0.973,1.12,0.973,1.12,1500,0
20130122,0.94,1.12,0.94,1.12,2000,0
20130123,0.941,1.042,0.941,1.042,330,0
20130125,0.941,1.041,0.941,1.031,81,0
20130128,0.941,1.041,0.941,1.041,1071,0
20130131,0.923,1.024,0.923,1.023,36,0
20130201,1.023,1.103,0.923,1.103,2824,0
20130204,0.942,1.109,0.942,1.012,594,0
20130212,1.011,1.012,1.011,1.012,90,0
20130215,1.011,1.012,1.011,1.012,165,0
20130221,1.011,1.012,1.011,1.012,165,0
20130225,1.011,1.012,1.011,1.012,495,0
20130228,1.01,1.013,1.01,1.013,330,0
20130311,1.01,1.011,1,1.011,858,0
20130313,1.01,1.011,1.01,1.011,396,0
20130318,1.01,1.011,1,1,121,0
20130321,1.01,1.011,1.01,1.011,40,0
20130325,1.01,1.011,1.01,1.01,300,0
20130328,1.01,1.011,1.01,1.011,420,0
20130402,1.01,1.011,1.01,1.01,396,0
20130408,1.01,1.011,1.01,1.011,300,0
20130409,1.01,1.01,1,1,357,0
20130412,1.011,1.012,1.011,1.012,357,0
20130417,1.011,1.05,1.01,1.01,22824,0
20130422,0.972,0.972,0.916,0.916,3193,0
20130423,0.824,0.99,0.824,0.99,5000,0
20130510,0.94,0.941,0.94,0.941,1320,0
20130513,0.94,0.94,0.94,0.94,2550,0
20130521,0.99,0.99,0.99,0.99,3600,0
20130522,0.87,0.871,0.87,0.871,330,0
20130528,0.87,1,0.87,0.99,1330,0
20130529,0.99,1,0.87,1,1500,0
20130531,0.87,0.99,0.87,0.99,1165,0
20130604,0.701,0.99,0.701,0.99,1120,0
20130610,0.801,0.98,0.801,0.98,365,0
20130611,0.801,0.979,0.801,0.979,35,0
20130614,0.801,0.801,0.73,0.73,9000,0
20130617,0.73,0.978,0.73,0.968,5400,0
20130619,0.731,0.969,0.731,0.9,1200,0
20130625,0.85,0.85,0.85,0.85,9000,0
20130626,0.751,0.752,0.751,0.752,1320,0
20130708,0.741,0.742,0.741,0.742,396,0
20130715,0.741,0.742,0.741,0.742,264,0
20130716,0.741,0.9,0.731,0.731,2500,0
20130719,0.801,0.85,0.801,0.85,1231,0
20130722,0.801,0.802,0.801,0.802,660,0
20130726,0.801,0.831,0.801,0.801,9000,0
20130731,0.83,0.9,0.801,0.9,4000,0
20130802,0.83,0.852,0.801,0.852,330,0
20130806,0.851,0.852,0.851,0.852,165,0
20130812,0.85,0.85,0.83,0.83,23435,0
20130813,0.83,0.83,0.701,0.83,5565,0
20130815,0.81,0.81,0.81,0.81,1200,0
20130827,0.81,0.849,0.81,0.849,1000,0
20130828,0.81,0.811,0.81,0.811,990,0
20130829,0.81,0.811,0.81,0.811,330,0
20130903,0.81,0.81,0.81,0.81,3000,0
20130905,0.81,1.064,0.81,1.064,1,0
20130910,0.86,0.861,0.86,0.861,24,0
20130912,0.86,0.861,0.86,0.861,1731,0
20130916,0.86,0.88,0.86,0.88,6000,0
20130920,0.86,0.86,0.86,0.86,2000,0
20130925,0.82,0.86,0.82,0.86,7000,0
20131009,0.82,0.82,0.82,0.82,4500,0
20131011,0.8,0.801,0.8,0.801,528,0
20131014,0.8,0.8,0.702,0.702,11500,0
20131015,0.751,0.751,0.75,0.75,132,0
20131017,0.75,0.751,0.75,0.751,660,0
20131018,0.75,0.751,0.75,0.751,495,0
20131023,0.75,0.75,0.75,0.75,10000,0
20131104,0.75,0.75,0.75,0.75,660,0
20131105,0.75,0.751,0.75,0.751,114,0
20131106,0.75,0.751,0.75,0.751,858,0
20131107,0.75,0.75,0.75,0.75,10000,0
20131112,0.7,0.701,0.7,0.701,330,0
20131115,0.7,0.701,0.7,0.7,1452,0
20131118,0.7,0.701,0.7,0.7,764,0
20131120,0.7,0.701,0.7,0.701,1650,0
20131121,0.7,0.701,0.7,0.7,66,0
20131127,0.7,0.701,0.7,0.701,222,0
20131202,0.64,0.641,0.64,0.641,81,0
20131203,0.64,0.701,0.64,0.701,375,0
20131204,0.7,0.83,0.7,0.83,66330,0
20131206,0.7,0.7,0.69,0.69,330,0
20131209,0.7,0.75,0.7,0.7,495,0
20131211,0.7,0.88,0.7,0.701,2170,0
20131213,0.7,0.701,0.7,0.701,1383,0
20131219,0.7,0.701,0.7,0.701,660,0
20131220,0.7,0.701,0.7,0.701,660,0
20131223,0.7,0.7,0.63,0.63,1500,0
20131227,0.63,0.75,0.63,0.75,1000,0
20140102,0.627,0.628,0.627,0.627,50,0
20140103,0.627,0.65,0.627,0.65,5000,0
20140106,0.627,0.629,0.627,0.627,3250,0
20140107,0.453,0.86,0.453,0.858,8200,0
20140110,0.65,0.65,0.65,0.65,1000,0
20140114,0.65,0.808,0.65,0.808,1218,0
20140115,0.65,0.651,0.65,0.651,660,0
20140116,0.65,0.805,0.65,0.805,3000,0
20140120,0.65,0.799,0.65,0.655,3000,0
20140124,0.66,0.67,0.66,0.66,165,0
20140127,0.67,0.67,0.66,0.661,165,0
20140129,0.7,0.701,0.7,0.701,165,0
20140131,0.7,0.701,0.7,0.701,42,0
20140204,0.66,0.66,0.551,0.551,858,0
20140210,0.555,0.56,0.555,0.56,495,0
20140224,0.65,0.651,0.65,0.65,379,0
20140225,0.65,0.65,0.552,0.552,8993,0
20140226,0.56,0.65,0.56,0.56,2000,0
20140228,0.56,0.6,0.56,0.56,108,0
20140317,0.649,0.649,0.56,0.6,1150,0
20140318,0.56,0.631,0.56,0.6,3929,0
20140324,0.6,0.65,0.6,0.6,5000,0
20140325,0.6,0.65,0.6,0.6,8000,0
20140327,0.6,0.6,0.45,0.56,1000,0
20140328,0.56,0.561,0.45,0.56,1500,0
20140331,0.45,0.561,0.45,0.561,2500,0
20140401,0.45,0.513,0.45,0.513,1000,0
20140409,0.571,0.571,0.571,0.571,800,0
20140410,0.7,0.7,0.571,0.601,1000,0
20140411,0.601,0.602,0.601,0.601,66,0
20140414,0.602,0.61,0.602,0.61,99,0
20140416,0.602,0.66,0.602,0.602,1500,0
20140425,0.602,0.699,0.602,0.602,100,0
20140430,0.602,0.7,0.602,0.602,500,0
20140506,0.55,0.71,0.55,0.55,36,0
20140507,0.551,0.71,0.55,0.55,1800,0
20140508,0.555,0.71,0.522,0.55,15,0
20140509,0.555,0.71,0.522,0.55,246,0
20140512,0.6,0.701,0.6,0.7,830,0
20140513,0.7,0.7,0.531,0.531,165,0
20140515,0.555,0.555,0.55,0.55,165,0
20140519,0.555,0.71,0.55,0.55,165,0
20140527,0.555,0.627,0.53,0.55,81,0
20140529,0.6,0.7,0.6,0.6,3000,0
20140530,0.6,0.7,0.6,0.61,2500,0
20140602,0.53,0.601,0.53,0.6,81,0
20140612,0.6,0.601,0.6,0.601,660,0
20140623,0.65,0.65,0.64,0.65,939,0
20140625,0.655,0.655,0.65,0.65,630,0
20140627,0.65,0.651,0.65,0.65,1104,0
20140701,0.601,0.612,0.601,0.611,165,0
20140702,0.611,0.838,0.611,0.611,67,0
20140707,0.626,0.65,0.626,0.65,1200,0
20140708,0.65,0.65,0.64,0.65,330,0
20140709,0.65,0.65,0.65,0.65,330,0
20140715,0.626,0.627,0.626,0.626,81,0
20140717,0.626,0.626,0.616,0.626,180,0
20140722,0.626,0.627,0.626,0.626,180,0
20140723,0.626,0.627,0.626,0.627,660,0
20140725,0.631,0.631,0.621,0.631,66,0
20140728,0.631,0.632,0.631,0.631,300,0
20140729,0.631,0.632,0.631,0.631,66,0
20140731,0.631,0.632,0.631,0.631,198,0
20140807,0.631,0.631,0.53,0.53,2500,0
20140815,0.53,0.53,0.473,0.5,900,0
20140820,0.474,0.6,0.474,0.513,1000,0
20140826,0.52,0.55,0.52,0.52,165,0
20140827,0.45,0.68,0.45,0.59,1165,0
20140828,0.719,0.719,0.62,0.62,1000,0
20140901,0.62,0.748,0.62,0.63,12000,0
20140902,0.62,0.739,0.62,0.65,2179,0
20140903,0.62,0.624,0.62,0.623,165,0
20140904,0.62,0.651,0.62,0.65,50,0
20140909,0.62,0.621,0.62,0.62,660,0
20140917,0.65,0.651,0.65,0.65,1500,0
20140918,0.65,0.758,0.65,0.65,150,0
20141010,0.57,0.571,0.57,0.57,165,0
20141013,0.51,0.57,0.5,0.57,825,0
20141015,0.57,0.571,0.568,0.568,600,0
20141017,0.57,0.664,0.56,0.664,618,0
20141022,0.51,0.635,0.51,0.635,618,0
20141031,0.57,0.641,0.57,0.641,500,0
20141113,0.6,0.648,0.56,0.648,165,0
20141120,0.6,0.665,0.6,0.665,165,0
20141128,0.6,0.687,0.6,0.687,825,0
20141201,0.6,0.689,0.6,0.669,2000,0
20141203,0.6,0.778,0.51,0.542,4481,0
20141205,0.56,0.587,0.54,0.587,7198,0
20141209,0.542,0.571,0.542,0.571,2839,0
20141210,0.56,0.64,0.56,0.598,250,0
20141211,0.561,0.64,0.51,0.55,1000,0
20141212,0.561,0.562,0.55,0.55,39,0
20141229,0.561,0.612,0.55,0.553,5360,0
20150105,0.59,0.61,0.59,0.59,2850,0
20150106,0.59,0.59,0.53,0.53,2000,0
20150108,0.55,0.55,0.55,0.55,2000,0
20150109,0.55,0.593,0.55,0.593,3000,0
20150115,0.55,0.58,0.55,0.58,198,0
20150119,0.55,0.645,0.55,0.595,300,0
20150122,0.55,0.584,0.55,0.584,99,0
20150126,0.55,0.585,0.55,0.585,165,0
20150128,0.55,0.583,0.55,0.583,165,0
20150129,0.55,0.586,0.54,0.586,330,0
20150130,0.55,0.58,0.55,0.58,330,0
20150203,0.311,0.55,0.311,0.533,858,0
20150204,0.52,0.572,0.52,0.572,250,0
20150206,0.52,0.556,0.52,0.556,495,0
20150209,0.52,0.591,0.515,0.591,165,0
20150210,0.56,0.598,0.56,0.598,165,0
20150218,0.56,0.651,0.56,0.651,1066,0
20150220,0.56,0.633,0.56,0.633,165,0
20150304,0.53,0.7,0.53,0.556,1,0
20150305,0.53,0.586,0.53,0.586,3,0
20150309,0.53,0.536,0.53,0.531,330,0
20150311,0.53,0.536,0.53,0.531,165,0
20150316,0.53,0.55,0.53,0.531,3300,0
20150318,0.5,0.585,0.5,0.518,10417,0
20150320,0.471,0.669,0.471,0.623,6256,0
20150327,0.6,0.633,0.6,0.633,99,0
20150330,0.6,0.636,0.591,0.636,300,0
20150401,0.571,0.615,0.542,0.613,500,0
20150402,0.571,0.605,0.571,0.586,7889,0
20150407,0.551,0.694,0.551,0.694,400,0
20150408,0.562,0.568,0.562,0.568,900,0
20150415,0.6,0.606,0.6,0.606,330,0
20150422,0.61,0.616,0.61,0.616,40,0
20150513,0.611,0.611,0.611,0.611,150,0
20150519,0.65,0.7,0.65,0.7,15,0
20150526,0.65,0.788,0.65,0.65,100,0
20150529,0.65,0.656,0.65,0.656,660,0
20150604,0.65,0.775,0.65,0.775,150,0
20150605,0.65,0.661,0.65,0.661,165,0
20150609,0.65,0.66,0.65,0.66,330,0
20150615,0.65,0.764,0.65,0.764,1340,0
20150624,0.66,0.666,0.66,0.666,100,0
20150630,0.66,0.666,0.66,0.666,7500,0
20150701,0.614,0.696,0.614,0.696,1746,0
20150703,0.53,0.571,0.53,0.571,990,0
20150713,0.56,0.566,0.56,0.566,3795,0
20150714,0.56,0.566,0.56,0.566,48,0
20150715,0.56,0.57,0.56,0.57,514,0
20150716,0.6,0.6,0.565,0.565,972,0
20150722,0.605,0.605,0.605,0.605,1236,0
20150724,0.56,0.566,0.56,0.566,207,0
20150728,0.56,0.561,0.56,0.561,990,0
20150807,0.58,0.586,0.58,0.586,30,0
20150813,0.6,0.733,0.6,0.733,300,0
20150819,0.58,0.581,0.58,0.581,1000,0
20150820,0.58,0.586,0.58,0.581,315,0
20150903,0.6,0.605,0.6,0.605,1660,0
20151002,0.551,0.551,0.55,0.55,2955,0
20151006,0.53,0.595,0.53,0.59,4666,0
20151007,0.6,0.615,0.6,0.615,12000,0
20151009,0.62,0.645,0.62,0.645,3000,0
20151012,0.62,0.645,0.62,0.645,3000,0
20151013,0.62,0.627,0.62,0.627,330,0
20151014,0.62,0.65,0.62,0.65,5000,0
20151016,0.655,0.661,0.655,0.661,165,0
20151019,0.655,0.661,0.655,0.661,990,0
20151023,0.655,0.689,0.655,0.689,2000,0
20151026,0.655,0.689,0.655,0.689,2000,0
20151027,0.7,0.706,0.7,0.706,3950,0
20151028,0.7,0.7,0.7,0.7,3000,0
20151104,0.69,0.705,0.69,0.7,10937,0
20151105,0.55,0.765,0.55,0.765,14280,0
20151106,0.65,0.656,0.65,0.656,1155,0
20151111,0.65,0.652,0.65,0.652,66,0
20151202,0.7,0.701,0.7,0.701,126,0
20151204,0.7,0.7,0.7,0.7,2310,0
20151211,0.7,0.7,0.7,0.7,1396,0
20151214,0.7,0.7,0.7,0.7,1294,0
20151216,0.55,0.551,0.55,0.551,1650,0
20151223,0.68,0.749,0.68,0.749,6289,0
20151228,0.73,0.75,0.73,0.75,10246,0
20160115,0.681,0.729,0.681,0.729,1000,0
20160122,0.68,0.73,0.68,0.73,12000,0
20160203,0.7,0.701,0.7,0.701,330,0
20160204,0.701,0.701,0.701,0.701,912,0
20160223,0.72,0.721,0.72,0.721,640,0
20160229,0.72,0.721,0.72,0.721,750,0
20160323,0.65,0.651,0.65,0.651,110,0
20160330,0.77,0.77,0.67,0.67,3200,0
20160401,0.6,0.656,0.6,0.656,1250,0
20160404,0.5,0.555,0.5,0.541,2376,0
20160408,0.65,0.65,0.65,0.65,1000,0
20160413,0.55,0.7,0.55,0.7,2933,0
20160420,0.65,0.65,0.65,0.65,1000,0
20160422,0.55,0.551,0.55,0.551,63,0
20160502,0.6,0.75,0.5,0.5,5000,0
20160525,0.501,0.75,0.501,0.75,16906,0
20160602,0.7,0.7,0.7,0.7,1,0
20160606,0.501,0.749,0.501,0.749,40,0
20160607,0.501,0.749,0.501,0.749,200,0
20160609,0.501,0.75,0.501,0.75,5000,0
20160613,0.75,0.751,0.75,0.751,676,0
20160614,0.75,0.949,0.75,0.949,700,0
20160621,0.75,0.93,0.75,0.93,6600,0
20160623,0.75,0.93,0.75,0.93,5000,0
20160628,0.75,0.95,0.75,0.76,1590,0
20160629,0.75,0.751,0.75,0.751,99,0
20160713,0.75,0.75,0.75,0.75,5000,0
20160714,0.8,0.801,0.8,0.801,198,0
20160718,0.8,0.98,0.8,0.98,4350,0
20160720,0.801,0.801,0.801,0.801,330,0
20160725,0.8,0.9,0.8,0.9,7700,0
20160726,0.8,0.801,0.8,0.801,165,0
20160804,0.75,0.751,0.75,0.751,495,0
20160815,0.751,0.751,0.751,0.751,315,0
20160823,0.76,0.761,0.76,0.761,1320,0
20160829,0.88,0.88,0.76,0.76,10,0
20160906,0.76,0.9,0.76,0.77,2300,0
20160907,0.77,0.771,0.77,0.771,333,0
20160919,0.78,0.791,0.78,0.791,550,0
20160930,0.83,0.914,0.83,0.914,300,0
20161004,0.83,0.831,0.83,0.831,33,0
20161007,0.85,0.851,0.85,0.851,165,0
20161010,0.939,0.939,0.86,0.86,1000,0
20161021,0.86,0.861,0.86,0.861,180,0
20161101,0.75,0.761,0.75,0.761,1000,0
20161107,0.76,0.761,0.76,0.761,165,0
20161108,0.76,0.76,0.76,0.76,3300,0
20161117,0.76,0.761,0.76,0.761,66,0
20161121,0.76,1.3,0.76,1.3,14770,0
20161122,1.2,1.3,1.2,1.24,170680,0
20161123,1.22,1.3,1.22,1.265,22100,0
20161124,1.27,1.294,1.266,1.266,8200,0
20161125,1.265,1.266,1.2,1.2,19350,0
20161129,1.23,1.295,1.2,1.23,11165,0
20161130,1.25,1.25,1.25,1.25,5000,0
20161201,1.15,1.28,1.15,1.245,16350,0
20161202,1.25,1.25,1.155,1.155,16500,0
20161206,1.15,1.151,1.15,1.151,132,0
20161207,1.15,1.151,1.15,1.151,650,0
20161212,1.15,1.15,1.15,1.15,5000,0
20161214,1.13,1.151,1.13,1.13,20200,0
20161216,0.951,1.298,0.95,0.95,21000,0
20161220,0.852,0.853,0.852,0.853,471,0
20161221,0.852,0.853,0.85,0.852,25100,0
20161222,0.857,0.857,0.84,0.84,14266,0
20161223,0.821,0.851,0.821,0.851,3066,0
20161227,1.1,1.1,0.851,0.851,290,0
20161230,0.85,0.851,0.85,0.851,165,0
20170104,0.851,0.851,0.851,0.851,253,0
20170106,0.85,0.851,0.85,0.851,99,0
20170109,0.851,0.851,0.851,0.851,1330,0
20170110,0.85,0.851,0.85,0.851,615,0
20170113,0.85,0.851,0.85,0.85,4500,0
20170116,0.999,0.999,0.821,0.822,635,0
20170130,0.831,0.831,0.831,0.831,330,0
20170207,0.861,0.862,0.861,0.862,81,0
20170210,0.87,0.871,0.87,0.871,165,0
20170227,0.87,0.871,0.87,0.871,8,0
20170321,0.87,0.871,0.87,0.871,165,0
