Date,Open,High,Low,Close,Volume,OpenInt
20090406,3.966,4.1825,3.966,4.1825,4138,0
20090407,3.9955,4.2317,3.9955,4.0546,412,0
20090408,3.9955,4.1333,3.9955,4.0939,1147,0
20090409,4.0349,4.2809,4.0349,4.0841,393,0
20090414,3.9561,4.0939,3.9561,4.0349,4166,0
20090415,3.9463,4.1726,3.9463,4.0349,2545,0
20090416,3.9561,4.1038,3.9561,4.0841,11009,0
20090417,4.1825,4.2809,4.1333,4.2317,4297,0
20090420,4.1136,4.3203,4.1136,4.1333,6841,0
20090421,4.1431,4.3301,4.1431,4.212,5347,0
20090422,4.1923,5.2945,4.1923,4.8025,57608,0
20090423,4.7533,4.8222,4.6253,4.773,24424,0
20090424,4.4876,5.265,4.4876,5.2552,39195,0
20090427,5.0091,5.4028,4.9304,5.265,63210,0
20090428,5.078,5.265,5.078,5.1568,27593,0
20090429,5.078,5.2847,5.0584,5.0584,15052,0
20090430,5.0879,5.3536,5.0682,5.2355,43591,0
20090504,5.3241,5.7275,5.2552,5.4717,56153,0
20090505,5.4225,5.7275,5.3634,5.7079,38129,0
20090506,5.6587,5.7177,5.452,5.6488,23053,0
20090507,5.4717,5.6488,5.4323,5.5799,14118,0
20090508,5.5307,5.6095,5.452,5.5602,17238,0
20090511,5.7177,5.8948,5.511,5.698,38406,0
20090512,5.5898,6.0917,5.5898,6.0425,22057,0
20090513,5.9342,6.3475,5.826,6.1015,61123,0
20090514,6.0228,6.4952,5.9637,6.4656,53950,0
20090515,6.505,7.4793,6.259,7.2825,112494,0
20090518,7.2234,7.5285,7.0167,7.4202,75921,0
20090519,7.4301,7.745,7.3317,7.745,85577,0
20090520,7.8729,7.8729,7.3317,7.4596,72478,0
20090521,7.4301,7.558,7.2628,7.2628,6029,0
20090522,7.4891,7.5777,6.8888,7.3317,57103,0
20090525,7.2037,7.5974,7.184,7.5974,21118,0
20090526,7.3513,8.0599,7.3513,8.0599,105838,0
20090527,7.9615,8.365,7.9024,8.2666,59025,0
20090528,8.1386,8.4142,8.1386,8.3158,84469,0
20090529,8.2666,8.4142,8.1189,8.4142,32006,0
20090601,8.365,8.4437,8.178,8.3158,11140,0
20090602,8.1091,8.365,8.1091,8.2666,23423,0
20090603,8.2862,8.2862,7.9615,8.0205,44207,0
20090604,8.0009,8.2174,7.4891,7.8729,59427,0
20090605,7.8139,7.8139,7.1348,7.4399,18113,0
20090608,7.312,7.8139,7.312,7.8139,31392,0
20090609,7.7548,8.3059,7.5777,8.3059,19115,0
20090610,8.2567,8.2666,7.9713,7.9713,14222,0
20090611,7.9418,8.1091,7.6269,7.8237,6772,0
20090612,7.7155,8.0205,7.5777,7.745,19272,0
20090615,7.5285,7.5777,7.4005,7.4005,9298,0
20090616,7.4793,7.7647,7.4596,7.4891,13481,0
20090617,7.7548,7.7548,6.692,7.0856,23074,0
20090618,7.7548,7.7548,7.3809,7.4793,10913,0
20090619,7.3809,8.1189,7.3809,7.7745,48811,0
20090622,7.3809,7.8532,7.2431,7.2431,39022,0
20090623,7.3809,7.6663,7.3809,7.5777,33040,0
20090624,7.3809,7.7745,7.3809,7.6761,21331,0
20090625,7.6367,7.6958,7.5875,7.6367,7121,0
20090626,7.6367,7.8729,7.6269,7.7942,20771,0
20090629,7.3317,7.8631,7.3317,7.6663,11162,0
20090630,7.3317,7.8237,7.3317,7.6761,8786,0
20090701,7.3317,7.6958,7.3317,7.6958,13060,0
20090702,7.3317,7.6072,7.3317,7.4596,26430,0
20090703,7.3317,7.5482,7.3317,7.4005,12931,0
20090706,7.4498,7.7253,7.4498,7.6564,25397,0
20090707,7.3317,7.991,7.3317,7.7253,65332,0
20090708,7.3317,7.7745,7.3317,7.5777,15182,0
20090709,7.3317,7.6564,7.3317,7.5974,5020,0
20090710,7.3317,7.6958,7.3317,7.6466,9849,0
20090713,7.3317,7.6466,7.3317,7.5777,9260,0
20090714,7.3317,8.2666,7.3317,7.9812,34348,0
20090715,8.1682,8.4634,8.0205,8.4142,63854,0
20090716,8.1682,8.3551,8.1682,8.1977,16729,0
20090717,8.1682,8.3748,8.1682,8.2666,33050,0
20090720,8.1682,8.9358,8.1682,8.9161,107487,0
20090721,8.6602,9.1031,8.6602,9.0539,76365,0
20090722,9.0932,9.0932,8.6504,8.857,37450,0
20090723,8.9948,9.1227,8.7094,8.9259,21691,0
20090724,8.9062,8.9062,8.6602,8.6602,22233,0
20090727,8.6504,8.8472,8.552,8.8472,19177,0
20090728,8.5618,9.0834,8.5618,9.0834,36818,0
20090729,8.6602,8.9751,8.6602,8.857,9948,0
20090730,8.7094,9.0047,8.6996,8.9358,19786,0
20090731,8.8472,8.857,8.6701,8.8472,14780,0
20090803,8.857,9.0047,8.7783,9.0047,21520,0
20090804,8.8866,9.2507,8.7783,9.0932,57103,0
20090805,9.1818,9.2605,9.1031,9.1523,25048,0
20090806,9.1031,9.2507,8.9554,9.0539,13590,0
20090807,9.1031,9.3393,9.0539,9.3393,45459,0
20090810,9.2015,9.3688,9.1031,9.3491,51411,0
20090811,9.3491,9.418,9.1818,9.3196,29678,0
20090812,9.3491,9.3688,9.1621,9.1621,13613,0
20090813,9.1523,9.3786,9.1523,9.3491,7349,0
20090814,9.2802,9.4475,9.1916,9.4475,20852,0
20090817,9.1916,9.4475,9.1916,9.3688,29435,0
20090818,9.1621,9.3688,9.1621,9.3491,24906,0
20090819,9.2802,9.3983,9.2605,9.3491,17983,0
20090820,9.2015,9.4377,9.2015,9.2212,3803,0
20090821,9.1621,9.4475,9.1424,9.3688,38365,0
20090824,9.4475,9.4672,9.3491,9.3786,14470,0
20090825,9.2605,9.4475,9.2605,9.4475,52339,0
20090826,9.3491,9.4672,9.172,9.4672,104851,0
20090827,9.3393,9.4869,9.2999,9.3688,114868,0
20090828,9.2507,9.4278,9.2507,9.2507,79775,0
20090831,9.2015,9.91,9.2015,9.792,87804,0
20090901,9.861,9.89,9.3491,9.3589,29732,0
20090902,9.3688,9.3983,8.5815,8.9358,61997,0
20090903,8.9554,9.1523,8.4732,9.1523,25231,0
20090904,8.9554,9.2507,8.9554,9.2113,7022,0
20090907,9.1523,9.1621,8.7094,8.7094,23292,0
20090908,8.7193,8.9948,8.3748,8.6012,13886,0
20090909,8.4634,8.6602,7.9024,8.0501,90495,0
20090910,8.0304,8.3945,8.0205,8.2567,19337,0
20090911,8.1288,8.5126,7.9024,8.0205,27623,0
20090914,7.9024,8.1091,7.5777,7.7548,32006,0
20090915,7.6564,7.8631,7.5678,7.5678,31413,0
20090916,7.6072,7.8237,7.5777,7.8237,33313,0
20090917,7.7548,8.1682,7.5777,8.0697,56309,0
20090918,8.0894,8.4634,7.9713,8.3355,30650,0
20090921,8.178,8.5224,8.0304,8.3551,59898,0
20090922,8.2961,8.5126,8.2174,8.4339,28472,0
20090923,8.3355,8.4634,8.2174,8.2174,20263,0
20090924,8.2075,8.2961,7.932,8.0304,15093,0
20090925,8.0107,8.0107,7.7548,7.7745,13647,0
20090928,7.8237,7.8729,7.7253,7.7745,15248,0
20090929,7.8631,8.0501,7.7745,8.0107,11135,0
20090930,7.991,8.3453,7.8729,8.3453,19041,0
20091001,8.1878,8.5028,8.1878,8.2764,21861,0
20091002,8.1288,8.4339,8.0796,8.3256,24040,0
20091005,8.1977,8.3355,8.0501,8.1583,5323,0
20091006,8.1583,8.237,8.0697,8.0894,7562,0
20091007,8.0894,8.0894,7.5875,7.7647,36915,0
20091008,7.8532,8.0501,7.7351,7.8237,10696,0
20091009,7.7942,8.3453,7.7942,8.2469,45834,0
20091012,8.3158,8.365,8.1485,8.3158,23118,0
20091013,8.2174,8.365,8.0697,8.1977,15747,0
20091014,8.2174,8.3551,8.0599,8.0894,18623,0
20091015,8.1091,8.3059,7.8828,8.0107,24431,0
20091016,8.1386,8.1386,7.8729,7.9221,14036,0
20091019,7.9418,8.3847,7.9418,8.2764,56452,0
20091020,8.4339,8.857,8.2666,8.798,69485,0
20091021,8.857,9.0932,8.857,9.0932,43645,0
20091022,8.9751,9.044,8.7193,8.857,12690,0
20091023,8.9358,9.0047,8.8374,8.8472,9229,0
20091026,8.8078,8.9358,8.4339,8.4339,26202,0
20091027,8.4535,8.7881,8.365,8.6602,49778,0
20091028,8.7193,8.7193,7.8729,7.9221,97224,0
20091029,7.9123,7.9123,7.0364,7.6367,101026,0
20091030,7.6072,7.8237,7.5285,7.5285,23699,0
20091102,7.4005,7.7647,7.4005,7.7647,21999,0
20091103,7.6761,8.2469,7.6761,8.2469,31951,0
20091104,8.1878,8.7586,8.1878,8.7586,54333,0
20091105,8.7586,8.8078,8.5913,8.7094,40569,0
20091106,8.7193,8.7586,8.611,8.6701,37483,0
20091109,8.7389,8.857,8.5815,8.7783,33008,0
20091110,8.857,8.857,8.6405,8.7193,11621,0
20091111,8.6897,8.8472,8.5224,8.5224,8108,0
20091112,8.5126,8.7783,8.4142,8.5028,13711,0
20091113,8.4634,8.7094,8.4142,8.4732,7364,0
20091116,8.5716,8.5716,8.2272,8.5126,26494,0
20091117,8.3847,8.857,8.3158,8.798,121532,0
20091118,8.798,9.1129,8.798,9.1129,60091,0
20091119,9.0047,9.1424,8.9554,9.0145,16929,0
20091120,9.0342,9.1031,9.0047,9.0932,12200,0
20091123,9.2113,9.2113,9.0047,9.0539,24560,0
20091124,9.1031,9.2015,9.0047,9.0637,34101,0
20091125,9.3294,9.3294,8.985,9.1031,23068,0
20091126,8.9554,9.0932,8.857,8.9948,22942,0
20091127,8.857,8.9554,8.6602,8.6701,23721,0
20091130,8.7881,8.9554,8.611,8.8472,13682,0
20091201,8.8275,8.9456,8.611,8.6897,14046,0
20091202,8.6602,8.857,8.5618,8.5815,12127,0
20091203,8.5618,8.6602,8.4634,8.5028,12213,0
20091204,8.3748,8.8177,8.3748,8.6602,9605,0
20091207,8.5815,8.7586,8.5815,8.7291,19418,0
20091208,8.6012,8.8472,8.6012,8.8078,16123,0
20091209,8.6897,8.7586,8.6602,8.7389,6937,0
20091210,8.6996,8.7586,8.6208,8.6208,2917,0
20091211,8.5913,8.8374,8.5913,8.8374,5217,0
20091214,8.8472,8.857,8.6897,8.857,18325,0
20091215,8.7783,8.798,8.6405,8.798,5764,0
20091216,8.6602,8.7586,8.611,8.6307,5846,0
20091217,8.4831,8.6602,8.365,8.4043,7608,0
20091218,8.3945,8.5323,8.3158,8.4142,9003,0
20091221,8.3551,8.5618,8.3551,8.3551,7192,0
20091222,8.3256,8.4831,8.2469,8.2469,5137,0
20091223,8.2174,8.7488,8.2174,8.7389,21947,0
20091228,8.7783,8.857,8.611,8.6208,30893,0
20091229,8.6504,8.8078,8.6208,8.8078,11675,0
20091230,8.6504,8.8177,8.6307,8.7094,6321,0
20100104,8.7252,9.2507,8.5618,8.9751,29457,0
20100105,8.9682,9.974,8.9682,9.644,85660,0
20100106,9.595,10.018,9.595,10.008,37306,0
20100107,9.89,9.94,9.2999,9.643,50936,0
20100108,9.4898,9.674,9.4081,9.674,40591,0
20100111,9.477,9.91,9.1729,9.477,65163,0
20100112,9.2999,9.4475,9.1641,9.3983,26873,0
20100113,9.3294,9.556,9.1129,9.4967,16902,0
20100114,9.743,9.743,9.1139,9.3511,44175,0
20100115,9.3501,9.595,9.3402,9.4957,115020,0
20100118,9.4869,9.4869,9.1031,9.4583,14275,0
20100119,9.2015,9.2841,9.0735,9.1336,8164,0
20100120,9.1031,9.3393,9.0932,9.0932,20883,0
20100121,9.3491,9.3983,8.7094,8.8078,28120,0
20100122,8.6996,8.9761,8.6996,8.8472,43886,0
20100125,8.798,8.9554,8.7586,8.7586,32268,0
20100126,8.5421,8.7586,8.4959,8.5126,15403,0
20100127,8.6956,8.7586,8.1189,8.5618,46991,0
20100128,8.4831,8.8285,8.4732,8.5618,7835,0
20100129,8.5421,8.857,8.5421,8.8561,13040,0
20100201,8.7488,8.857,8.7488,8.857,4903,0
20100202,8.857,8.857,8.6799,8.7104,3762,0
20100203,8.7291,9.2586,8.7261,8.9554,8060,0
20100204,8.9466,9.2015,8.7094,8.7586,9795,0
20100205,8.6602,9.2015,8.5126,9.2015,29387,0
20100208,9.1729,9.3983,9.1729,9.3491,38483,0
20100209,9.3579,9.3579,9.1887,9.2713,7750,0
20100210,9.2428,9.3983,9.2428,9.29,10146,0
20100211,9.3442,9.4377,9.3422,9.4377,6717,0
20100212,9.294,9.3491,8.985,9.1523,8199,0
20100215,9.0657,9.2113,8.9062,9.0145,2769,0
20100216,9.0834,9.3294,9.0243,9.2507,3137,0
20100217,9.1916,9.2507,9.1523,9.1995,4193,0
20100218,9.1444,9.3196,9.1355,9.2999,9491,0
20100219,9.1641,9.3294,9.1523,9.2605,5811,0
20100222,9.2851,9.3983,9.2605,9.3333,10786,0
20100223,9.3589,9.3589,9.044,9.3393,19090,0
20100224,9.2625,9.3589,9.1828,9.3491,13295,0
20100225,9.1651,9.4967,9.1651,9.3491,10663,0
20100226,9.3107,9.4465,9.2507,9.2605,5605,0
20100301,9.2605,9.3491,9.2212,9.3491,11701,0
20100302,9.2704,9.3983,9.2507,9.3579,7982,0
20100303,9.2408,9.4957,9.2408,9.4347,17564,0
20100304,9.4337,9.546,9.2802,9.4475,22184,0
20100305,9.64,9.64,9.2999,9.3393,17137,0
20100308,9.3491,9.4957,9.231,9.4957,24862,0
20100309,9.1985,9.4967,9.1985,9.3688,4697,0
20100310,9.2143,9.4475,9.2143,9.3688,8882,0
20100311,9.2428,9.4672,9.2428,9.4268,6795,0
20100312,9.3885,9.4967,9.3688,9.3983,24460,0
20100315,9.2408,9.4967,9.2408,9.3501,21421,0
20100316,9.3786,9.4967,9.3786,9.4967,4626,0
20100317,9.3983,9.531,9.3983,9.4967,9389,0
20100318,9.526,9.615,9.4081,9.595,21443,0
20100319,9.564,9.564,9.3983,9.546,19568,0
20100322,9.507,9.585,9.3993,9.585,7560,0
20100323,9.3826,9.546,9.3826,9.545,13727,0
20100324,9.4249,9.546,9.4249,9.4475,6818,0
20100325,9.416,9.543,9.416,9.4298,6032,0
20100326,9.4318,9.516,9.4278,9.4288,5890,0
20100329,9.4564,9.516,9.29,9.3491,21127,0
20100330,9.2871,9.506,9.2507,9.2999,24001,0
20100331,9.4869,9.68,9.2704,9.556,42825,0
20100401,9.479,10.225,9.418,10.136,118703,0
20100406,10.038,10.904,9.881,10.678,96444,0
20100407,10.579,11.12,10.333,11.061,66082,0
20100408,10.87,11.465,10.737,11.209,65846,0
20100409,11.052,11.726,11.052,11.563,56193,0
20100412,11.524,11.691,11.298,11.504,37426,0
20100413,11.18,11.48,10.697,11.012,59494,0
20100414,10.958,11.091,10.717,10.815,13366,0
20100415,10.702,10.973,10.702,10.776,10801,0
20100416,10.555,10.943,10.555,10.628,42516,0
20100419,10.535,10.791,10.338,10.382,22697,0
20100420,10.392,11.022,10.392,11.022,25139,0
20100421,10.914,11.219,10.747,11.071,31322,0
20100422,10.978,11.465,10.432,10.874,97203,0
20100423,10.712,10.825,10.363,10.771,39158,0
20100426,10.781,11.022,10.633,10.924,24070,0
20100427,10.914,11.421,10.845,11.12,32836,0
20100428,10.934,11.032,9.3491,10.727,126309,0
20100429,10.756,11.12,10.382,10.737,27539,0
20100430,10.707,11.317,10.707,11.022,25427,0
20100503,11.022,11.755,11.022,11.554,18509,0
20100504,11.278,11.711,11.12,11.312,25795,0
20100505,11.13,11.76,10.845,11.514,62433,0
20100506,11.175,11.613,11.022,11.421,56173,0
20100507,11.209,11.608,10.825,11.17,63601,0
20100510,11.111,11.554,10.53,11.416,43752,0
20100511,11.229,11.573,11.14,11.317,17696,0
20100512,11.145,12.055,11.145,11.952,35951,0
20100513,11.952,11.987,11.809,11.903,6117,0
20100514,11.74,12.129,11.701,11.878,51256,0
20100517,11.711,12.242,11.711,12.183,22271,0
20100518,12.134,12.252,11.868,12.041,4433,0
20100519,11.854,12.429,11.593,12.429,49886,0
20100520,12.174,12.429,11.927,11.927,28932,0
20100521,11.883,12.301,11.883,12.046,25589,0
20100524,11.903,12.193,11.903,12.193,7992,0
20100525,11.809,12.203,11.711,11.809,26991,0
20100526,11.75,12.282,11.711,12.124,19617,0
20100527,12.292,12.301,12.006,12.233,10344,0
20100528,12.07,12.351,12.07,12.242,5447,0
20100531,12.316,12.508,12.085,12.449,16682,0
20100601,12.267,12.764,12.193,12.685,26916,0
20100602,12.518,12.793,12.518,12.793,11994,0
20100603,12.882,12.882,12.597,12.695,14809,0
20100604,12.666,12.867,12.498,12.503,26517,0
20100607,12.247,12.695,12.247,12.547,30694,0
20100608,12.469,12.715,12.242,12.597,14319,0
20100609,12.602,12.695,12.252,12.351,22512,0
20100610,12.252,12.498,12.252,12.498,3473,0
20100611,12.479,12.577,12.252,12.252,15846,0
20100614,12.292,12.41,12.11,12.41,3995,0
20100615,12.198,12.301,12.006,12.154,13741,0
20100616,12.188,12.267,11.755,12.026,22902,0
20100617,11.868,12.223,11.868,12.223,21990,0
20100618,12.001,12.203,11.996,12.154,5017,0
20100621,12.292,12.292,11.819,11.977,7903,0
20100622,11.755,12.016,11.755,11.908,2588,0
20100623,11.814,11.996,10.85,11.111,74270,0
20100624,11.007,11.111,10.624,11.071,23541,0
20100625,10.874,11.494,10.825,11.485,16026,0
20100628,11.18,12.159,11.18,12.159,36531,0
20100629,11.839,12.326,11.775,12.105,41048,0
20100630,11.957,12.193,11.859,12.134,26563,0
20100701,11.809,12.533,11.809,12.282,19323,0
20100702,12.134,12.547,12.134,12.272,12482,0
20100705,12.203,12.287,12.105,12.257,3618,0
20100706,12.193,12.292,12.055,12.203,8915,0
20100707,11.893,12.242,11.893,12.154,4858,0
20100708,12.085,12.99,12.085,12.912,31849,0
20100709,12.828,12.985,12.72,12.843,4105,0
20100712,12.68,12.813,12.326,12.454,22619,0
20100713,12.228,12.483,12.036,12.183,9649,0
20100714,12.134,12.178,11.854,12.011,631,0
20100715,11.691,12.006,11.416,11.426,21753,0
20100716,11.263,11.8,11.263,11.583,20347,0
20100719,11.46,11.613,10.993,10.993,8031,0
20100720,11.037,11.957,11.022,11.8,28531,0
20100721,11.691,11.898,11.416,11.416,15220,0
20100722,11.194,11.662,11.194,11.622,18220,0
20100723,11.49,11.75,11.49,11.613,17883,0
20100726,11.524,11.76,11.514,11.617,14720,0
20100727,11.49,11.957,11.49,11.736,6617,0
20100728,11.647,11.987,11.647,11.898,27453,0
20100729,11.691,12.05,11.691,11.908,6561,0
20100730,11.977,12.203,11.76,12.031,13612,0
20100802,12.021,12.282,12.021,12.213,8451,0
20100803,12.075,12.159,11.75,11.75,7388,0
20100804,11.736,11.809,11.416,11.672,15686,0
20100805,11.524,12.006,11.524,12.006,19119,0
20100806,11.78,12.252,11.662,12.218,21210,0
20100809,12.252,12.252,12.006,12.154,7770,0
20100810,11.952,12.262,11.859,12.031,10132,0
20100811,11.952,12.237,11.952,12.154,1423,0
20100812,11.952,12.178,11.952,12.006,4508,0
20100813,12.006,12.154,11.839,12.075,6122,0
20100816,11.927,12.105,11.898,11.918,5912,0
20100817,11.804,12.075,11.804,11.942,871,0
20100818,11.726,12.498,11.726,12.277,36676,0
20100819,12.262,12.483,12.183,12.4,16044,0
20100820,12.277,12.498,12.203,12.4,5412,0
20100823,12.356,12.454,12.011,12.36,5271,0
20100824,12.124,12.297,11.809,12.188,4933,0
20100825,11.972,12.213,11.78,11.972,9465,0
20100826,11.878,12.252,11.809,12.252,15589,0
20100827,12.085,12.252,12.006,12.154,7707,0
20100830,12.105,12.449,12.105,12.449,9176,0
20100831,12.439,12.439,12.282,12.4,3286,0
20100901,12.297,12.439,12.252,12.252,2060,0
20100902,12.095,12.39,12.095,12.233,708,0
20100903,12.085,12.449,12.085,12.292,9139,0
20100906,12.336,12.685,12.336,12.685,14882,0
20100907,12.405,12.971,12.405,12.705,42389,0
20100908,12.503,12.823,12.503,12.754,6733,0
20100909,12.439,13.66,12.439,13.625,38076,0
20100910,13.527,13.679,13.197,13.354,18667,0
20100913,13.335,13.581,13.335,13.581,21777,0
20100914,13.522,13.679,13.364,13.679,25297,0
20100915,13.63,13.679,13.207,13.207,20246,0
20100916,13.286,13.512,13.089,13.187,7166,0
20100917,13.187,13.468,13.049,13.286,17030,0
20100920,13.286,13.778,13.286,13.778,50865,0
20100921,13.709,14.26,13.532,13.709,37421,0
20100922,13.635,14.073,13.6,13.886,17336,0
20100923,13.886,14.063,13.787,14.063,9229,0
20100924,13.994,13.994,13.65,13.65,1693,0
20100927,13.876,14.368,13.876,14.191,44762,0
20100928,14.122,14.732,13.679,14.127,67872,0
20100929,14.117,14.27,14.068,14.265,14874,0
20100930,14.211,14.265,14.033,14.25,14630,0
20101001,14.156,14.265,14.033,14.078,5082,0
20101004,14.24,14.27,14.033,14.132,19347,0
20101005,14.088,14.216,13.925,14.038,10321,0
20101006,14.102,14.373,14.102,14.348,47849,0
20101007,14.289,14.565,14.073,14.565,52749,0
20101008,14.614,14.658,14.299,14.609,39233,0
20101011,14.565,14.757,14.565,14.757,19822,0
20101012,14.658,14.939,14.644,14.762,37174,0
20101013,14.752,15.303,14.634,15.293,28717,0
20101014,15.16,15.49,15.086,15.278,19538,0
20101015,15.303,15.864,15.269,15.864,22369,0
20101018,15.598,16.72,15.598,16.72,53385,0
20101019,16.312,16.582,15.5,15.8,46789,0
20101020,15.8,16.139,15.657,16.13,16950,0
20101021,15.943,16.139,15.559,15.785,15610,0
20101022,15.785,16.007,15.106,15.401,25175,0
20101025,15.406,15.588,14.821,15.254,47885,0
20101026,15.259,15.259,14.909,15.249,8376,0
20101027,15.052,15.229,14.959,15.165,9445,0
20101028,15.037,15.249,14.86,15.249,19019,0
20101029,15.101,15.618,15.101,15.401,31840,0
20101101,15.446,15.672,15.382,15.549,5221,0
20101102,15.372,15.908,15.254,15.677,60361,0
20101103,15.446,15.746,15.401,15.706,24467,0
20101104,15.529,16.326,15.495,16.326,30454,0
20101105,16.09,16.189,15.529,15.746,40054,0
20101108,15.559,15.943,15.47,15.736,13735,0
20101109,15.716,16.139,15.598,15.943,35661,0
20101110,15.825,16.007,15.746,15.805,14410,0
20101111,15.874,16.218,15.844,16.218,28120,0
20101112,15.987,16.08,15.854,16.016,7093,0
20101115,15.889,16.041,15.746,15.987,7478,0
20101116,15.8,16.026,15.549,15.549,18907,0
20101117,15.588,15.726,15.549,15.549,16980,0
20101118,15.5,15.746,15.5,15.608,11906,0
20101119,15.544,15.746,15.259,15.451,9156,0
20101122,15.377,15.795,15.377,15.657,24019,0
20101123,15.608,15.79,15.254,15.519,9966,0
20101124,15.382,15.844,15.313,15.657,20820,0
20101125,15.756,15.943,15.647,15.933,16862,0
20101126,15.859,16.139,15.697,16.139,41078,0
20101129,16.09,16.828,15.972,16.73,48156,0
20101130,16.686,17.616,16.641,17.409,94827,0
20101201,17.316,17.566,17.025,17.389,27470,0
20101202,17.355,17.793,16.632,16.956,60624,0
20101203,16.804,17.586,16.641,17.586,28961,0
20101206,17.704,17.945,17.202,17.945,35672,0
20101207,17.714,18.354,17.586,17.96,23262,0
20101208,17.832,18.137,17.379,17.763,37783,0
20101209,17.67,17.812,17.222,17.611,15387,0
20101210,17.616,17.67,16.996,17.074,22501,0
20101213,17.015,17.714,16.828,17.557,32761,0
20101214,17.714,17.714,17.025,17.242,45770,0
20101215,17.006,17.419,16.932,17.183,19412,0
20101216,16.863,17.084,16.75,17.084,8549,0
20101217,16.681,16.927,15.903,16.479,43944,0
20101220,16.085,16.878,15.451,16.568,67277,0
20101221,16.277,17.517,16.248,17.163,29034,0
20101222,17.05,17.714,16.942,17.694,36275,0
20101223,17.463,17.68,17.34,17.635,10903,0
20101227,17.616,17.714,17.227,17.685,19681,0
20101228,17.478,17.714,17.379,17.379,14062,0
20101229,17.33,17.719,17.33,17.685,33284,0
20101230,17.488,17.685,17.468,17.566,8036,0
20110103,17.32,17.694,17.183,17.512,10481,0
20110104,17.192,17.493,17.015,17.493,22933,0
20110105,17.202,17.537,17.124,17.517,16268,0
20110106,17.281,17.414,16.454,17.055,27513,0
20110107,17.025,17.296,16.991,16.996,10437,0
20110110,16.814,17.222,16.814,16.902,9242,0
20110111,16.799,17.192,16.533,16.597,32352,0
20110112,16.494,16.73,16.238,16.287,27080,0
20110113,16.194,16.381,15.736,16.041,42805,0
20110114,15.81,16.12,15.795,16.041,15022,0
20110117,15.834,16.135,15.834,15.903,22290,0
20110118,15.849,17.517,15.849,17.483,52288,0
20110119,17.252,17.517,17.178,17.355,22783,0
20110120,17.192,17.291,16.464,16.632,24187,0
20110121,16.361,16.779,16.238,16.464,14171,0
20110124,16.164,16.641,16.144,16.144,4144,0
20110125,16.046,16.435,15.775,16.233,16475,0
20110126,15.751,16.612,15.751,16.533,22245,0
20110127,16.302,16.819,16.248,16.819,11720,0
20110128,16.563,16.799,16.499,16.799,6333,0
20110131,16.484,16.779,16.007,16.189,9942,0
20110201,15.977,16.484,15.977,16.336,15141,0
20110202,16.223,16.641,16.223,16.445,12599,0
20110203,16.351,16.922,16.351,16.612,11259,0
20110204,16.572,17.517,16.572,17.517,30856,0
20110207,17.271,17.675,17.222,17.675,31062,0
20110208,17.296,17.694,17.296,17.606,13650,0
20110209,17.286,17.709,16.981,17.709,15930,0
20110210,17.345,17.872,17.345,17.872,32945,0
20110211,17.468,18.068,17.468,17.96,30640,0
20110214,17.768,18.767,17.768,18.698,47081,0
20110215,18.383,18.792,18.216,18.216,56576,0
20110216,18.167,18.511,17.812,18.157,30458,0
20110217,17.763,18.098,17.571,17.571,8920,0
20110218,17.468,17.763,17.379,17.389,12271,0
20110221,17.911,17.911,17.065,17.301,23482,0
20110222,17.261,17.261,16.632,16.681,30193,0
20110223,16.602,17.124,16.592,16.592,18614,0
20110224,16.518,16.927,15.992,15.992,31240,0
20110225,16.105,16.735,15.992,16.715,19065,0
20110228,16.39,17.212,16.39,17.212,17264,0
20110301,16.843,17.596,16.843,17.458,14368,0
20110302,17.232,17.384,17.01,17.01,7921,0
20110303,17.222,17.557,16.937,17.252,3535,0
20110304,17.006,17.704,17.006,17.498,28501,0
20110307,17.138,17.704,17.138,17.153,13801,0
20110308,17.301,17.542,16.971,17.143,12704,0
20110309,16.996,17.611,15.539,17.611,130538,0
20110310,17.345,17.714,17.025,17.242,26411,0
20110311,17.261,17.468,16.533,16.681,17644,0
20110314,16.371,16.725,15.746,16.287,52138,0
20110315,15.451,15.943,14.27,15.746,108638,0
20110316,15.647,16.139,15.549,15.844,21637,0
20110317,15.844,16.73,15.746,16.681,33828,0
20110318,16.351,17.222,16.351,16.641,30054,0
20110321,16.602,17.419,16.602,17.419,18470,0
20110322,17.109,19.131,16.927,18.501,76607,0
20110323,18.472,18.993,17.812,18.846,50744,0
20110324,18.664,19.19,18.664,18.91,50103,0
20110325,18.688,18.993,18.118,18.324,41840,0
20110328,18.452,18.698,18.186,18.693,52769,0
20110329,19.19,19.682,18.895,19.294,180212,0
20110330,18.964,19.584,18.964,19.535,98544,0
20110331,19.003,19.653,19.003,19.653,40354,0
20110401,19.082,19.668,19.082,19.668,32507,0
20110404,19.584,20.027,19.485,19.515,62037,0
20110405,19.436,20.637,19.436,20.46,55514,0
20110406,20.568,20.568,19.682,19.682,37437,0
20110407,19.564,19.781,19.313,19.505,28299,0
20110408,19.535,19.727,18.797,19.358,46970,0
20110411,19.21,19.682,19.003,19.505,18932,0
20110412,19.451,19.663,18.747,18.747,15025,0
20110413,18.767,19.19,18.767,18.974,39100,0
20110414,18.915,19.166,18.895,19.023,13540,0
20110415,19.166,19.289,18.752,19.239,39664,0
20110418,19.008,19.584,18.797,19.19,59091,0
20110419,18.915,19.584,18.915,19.584,22107,0
20110420,19.466,20.209,19.294,20.209,68253,0
20110421,19.638,20.568,19.638,20.415,33154,0
20110426,20.765,21.626,19.426,19.741,91093,0
20110427,19.682,20.863,19.485,20.027,44719,0
20110428,20.13,20.273,19.392,19.535,46972,0
20110429,19.727,20.027,19.382,20.007,19854,0
20110502,19.471,20.076,19.471,19.682,33475,0
20110503,19.505,20.312,19.318,20.105,30090,0
20110504,19.918,20.243,19.732,19.987,11538,0
20110505,19.741,20.086,19.249,19.584,22555,0
20110506,19.549,20.292,19.549,19.879,16942,0
20110509,19.835,20.588,19.835,20.588,25297,0
20110510,20.174,22.133,20.174,21.478,53147,0
20110511,21.144,21.897,21.144,21.158,33315,0
20110512,20.962,21.257,19.505,20.829,46074,0
20110513,20.342,21.355,20.342,20.922,16969,0
20110516,20.553,21.026,20.553,20.765,16060,0
20110517,20.706,21.06,20.666,20.824,21794,0
20110518,20.711,21.06,20.13,20.588,33268,0
20110519,20.13,20.765,20.11,20.568,10543,0
20110520,20.273,20.627,19.545,19.948,15898,0
20110523,19.835,20.174,18.551,19.584,39812,0
20110524,19.382,20.42,19.092,19.82,25186,0
20110525,19.722,19.978,19.53,19.766,10492,0
20110526,19.638,19.978,19.638,19.978,7554,0
20110527,19.904,20.666,19.682,20.47,26011,0
20110530,20.42,21.158,20.125,21.154,33795,0
20110531,20.922,21.35,20.716,21.011,22236,0
20110601,20.666,21.158,20.666,20.962,19814,0
20110602,20.809,21.385,20.273,21.385,21410,0
20110603,21.139,22.704,21.006,22.517,39958,0
20110606,22.487,22.605,20.824,21.513,41611,0
20110607,21.031,21.66,21.031,21.163,16068,0
20110608,21.537,21.537,20.627,21.021,15925,0
20110609,20.829,21.296,19.653,20.42,32620,0
20110610,20.278,20.657,19.195,19.239,51854,0
20110613,19.151,19.545,19.151,19.545,4803,0
20110614,19.436,20.376,19.161,19.446,39208,0
20110615,19.682,19.756,19.279,19.382,21218,0
20110616,19.195,20.174,19.19,19.736,38276,0
20110617,19.717,20.174,19.584,19.968,39487,0
20110620,19.83,20.224,19.717,19.973,17125,0
20110621,19.702,20.135,19.682,19.928,14962,0
20110622,19.732,20.317,19.732,20.115,9450,0
20110623,19.918,20.199,19.756,19.884,13186,0
20110624,19.756,20.214,19.732,20.214,9009,0
20110627,19.83,20.224,19.682,19.83,12457,0
20110628,19.559,20.145,19.559,19.559,7882,0
20110629,19.815,19.997,19.682,19.751,27551,0
20110630,19.663,19.948,19.584,19.584,7725,0
20110701,19.741,20.962,19.727,19.741,26185,0
20110704,20.494,21.178,20.494,21.109,15356,0
20110705,20.893,22.482,20.893,20.893,42431,0
20110706,22.088,22.831,21.355,22.812,45662,0
20110707,22.964,22.964,21.705,22.295,19318,0
20110708,22.684,22.782,22.246,22.438,51722,0
20110711,22.585,22.782,21.026,22.418,61138,0
20110712,21.144,21.749,20.174,21.144,47480,0
20110713,21.493,22.438,21.439,21.493,20455,0
20110714,22.192,22.521,21.409,22.138,24121,0
20110715,21.651,22.433,21.375,21.665,16969,0
20110718,21.665,21.946,21.099,21.665,28976,0
20110719,20.991,21.355,20.745,20.789,37261,0
20110720,20.962,21.237,20.568,20.819,44739,0
20110721,20.834,21.134,20.371,20.78,28889,0
20110722,20.661,21.144,20.179,20.514,18305,0
20110725,20.371,20.863,20.037,20.14,26107,0
20110726,20.814,21.306,20.588,20.588,19290,0
20110727,20.986,21.06,19.436,20.922,77308,0
20110728,19.348,19.633,17.95,18.875,108566,0
20110729,18.875,18.944,18.137,18.305,68396,0
20110801,18.895,19.835,18.295,19.446,34776,0
20110802,18.378,18.708,16.484,18.378,94490,0
20110803,16.632,17.616,15.844,17.271,132344,0
20110804,16.897,17.616,16.007,16.282,75450,0
20110805,15.254,15.859,14.073,15.244,253078,0
20110808,15.057,15.598,14.201,14.909,98419,0
20110809,14.624,16.336,13.861,14.954,108032,0
20110810,16.533,18.108,14.762,15.475,105430,0
20110811,16.336,16.809,15.003,16.056,34033,0
20110812,16.272,17.694,16.272,17.694,25824,0
20110815,17.074,18.698,17.074,17.694,30928,0
20110816,18.118,18.118,17.222,17.694,23227,0
20110817,17.862,17.911,17.04,17.532,15267,0
20110818,16.873,17.507,16.632,16.873,55248,0
20110819,16.843,17.025,15.342,16.843,56823,0
20110822,15.672,16.681,15.278,16.577,22312,0
20110823,16.095,17.158,16.095,16.095,13942,0
20110824,16.489,17.173,16.066,16.617,21192,0
20110825,17.124,17.124,16.43,16.617,16391,0
20110826,16.395,17.173,15.844,16.937,21281,0
20110829,16.764,17.192,16.543,17.192,6218,0
20110830,16.927,17.074,16.656,16.927,9709,0
20110831,16.72,17.124,16.72,17.124,24443,0
20110901,16.774,17.778,16.73,17.566,35466,0
20110902,17.212,17.704,16.715,16.986,32264,0
20110905,16.75,17.222,15.982,16.287,26431,0
20110906,16.1,17.222,16.046,16.307,30773,0
20110907,16.351,16.651,16.061,16.533,19850,0
20110908,16.597,16.597,15.78,16.233,35735,0
20110909,15.839,16.061,15.441,15.628,22209,0
20110912,15.475,15.5,14.57,14.762,34639,0
20110913,15.023,15.593,14.521,15.593,26873,0
20110914,15.052,16.927,15.003,16.199,37996,0
20110915,15.977,16.882,15.977,16.489,15495,0
20110916,16.312,19.19,16.139,18.526,131297,0
20110919,18.28,19.18,18.059,18.496,46885,0
20110920,18.526,18.846,18.265,18.413,27538,0
20110921,18.29,18.487,17.419,17.419,18522,0
20110922,17.375,17.473,16.73,17.055,11644,0
20110923,16.868,17.375,16.218,16.489,26284,0
20110926,16.302,16.627,15.067,16.262,35531,0
20110927,16.115,18.127,16.115,17.857,18964,0
20110928,17.168,17.945,17.055,17.133,17590,0
20110929,16.666,17.704,16.666,17.335,19047,0
20110930,17.409,18.191,16.971,18.177,42511,0
20111003,17.566,17.763,16.297,16.445,18601,0
20111004,16.435,16.715,15.47,15.953,45114,0
20111005,16.007,16.956,16.007,16.882,15875,0
20111006,16.587,17.389,16.587,17.355,10549,0
20111007,17.133,17.517,16.887,17.05,12508,0
20111010,16.932,17.173,16.691,16.927,13846,0
20111011,16.74,17.995,16.74,17.124,36940,0
20111012,16.971,17.468,16.937,17.306,9154,0
20111013,17.094,17.448,16.563,17.448,20385,0
20111014,17.394,17.463,16.996,17.217,8422,0
20111017,17.335,18.054,16.932,17.665,52845,0
20111018,17.689,17.911,17.419,17.552,10851,0
20111019,17.586,17.611,17.222,17.286,15219,0
20111020,17.355,17.576,16.882,16.981,17546,0
20111021,17.035,17.999,16.981,17.64,18669,0
20111024,17.891,17.999,17.212,17.335,9428,0
20111025,17.109,17.635,17.099,17.547,11824,0
20111026,17.448,17.665,17.06,17.375,14113,0
20111027,17.365,17.522,16.784,17.271,45201,0
20111028,17.483,17.655,15.982,16.848,68136,0
20111031,16.661,17.124,16.336,16.73,18713,0
20111101,16.262,17.05,15.549,16.887,33384,0
20111102,16.951,16.986,16.41,16.499,10678,0
20111103,16.115,16.681,15.82,16.12,30206,0
20111104,16.13,16.509,16.12,16.509,30933,0
20111107,16.361,16.464,15.948,16.199,40576,0
20111108,16.184,16.474,15.943,16.415,15526,0
20111109,16.568,16.656,16.1,16.184,16828,0
20111110,16.169,16.73,15.746,16.366,15435,0
20111111,16.282,16.474,16.189,16.346,10260,0
20111114,16.632,16.656,16.061,16.061,11267,0
20111115,16.184,16.287,15.593,15.726,30260,0
20111116,15.588,15.77,15.352,15.574,11050,0
20111117,15.46,15.662,14.973,15.205,17407,0
20111118,15.091,15.229,13.979,14.604,95571,0
20111121,14.481,14.644,14.073,14.511,48249,0
20111122,14.535,14.89,14.275,14.811,49682,0
20111123,14.639,15.155,14.466,14.658,59123,0
20111124,14.649,14.86,14.196,14.27,11335,0
20111125,14.161,14.294,13.827,14.265,29725,0
20111128,14.353,14.752,13.945,14.575,28964,0
20111129,14.432,14.585,13.979,14.491,37744,0
20111130,14.54,14.909,14.171,14.781,48840,0
20111201,14.767,15.254,14.466,14.604,20986,0
20111202,14.54,14.762,14.122,14.171,43546,0
20111205,14.112,14.565,13.778,13.802,30597,0
20111206,13.792,13.827,13.163,13.438,121138,0
20111207,13.605,14.043,13.345,14.043,83739,0
20111208,14.029,14.732,13.991,14.053,44861,0
20111209,14.004,14.535,13.994,14.462,11135,0
20111212,14.28,14.476,13.669,13.807,22655,0
20111213,13.866,14.211,13.733,13.802,7887,0
20111214,13.66,14.147,13.482,13.768,35499,0
20111215,13.669,13.912,13.669,13.891,6691,0
20111216,13.896,14.024,13.738,13.817,12957,0
20111219,13.787,14.516,13.684,13.94,13331,0
20111220,13.876,14.959,13.817,14.924,10511,0
20111221,14.757,14.94,14.27,14.398,12176,0
20111222,14.388,14.407,14.161,14.407,15761,0
20111223,14.407,14.708,14.378,14.585,6205,0
20111227,14.54,14.662,14.27,14.55,10956,0
20111228,14.403,14.476,13.674,13.915,19580,0
20111229,13.733,13.979,13.733,13.93,6205,0
20111230,13.792,14.506,13.792,14.486,24705,0
20120102,14.363,15.446,14.361,14.855,19890,0
20120103,14.727,15.328,14.575,15.205,16170,0
20120104,15.091,15.293,14.033,14.28,37864,0
20120105,14.235,14.594,13.974,14.25,61554,0
20120106,14.161,14.324,14.112,14.181,7724,0
20120109,13.955,14.289,13.955,14.24,5387,0
20120110,14.161,14.27,14.137,14.206,15103,0
20120111,14.043,14.147,13.778,13.935,19603,0
20120112,14.089,14.26,13.556,13.738,46951,0
20120113,13.596,14.024,13.596,13.851,15842,0
20120116,13.822,14.22,13.822,13.896,19440,0
20120117,13.92,15.101,13.856,14.506,122934,0
20120118,14.466,15.047,14.319,15.008,64700,0
20120119,14.917,15.249,14.762,14.88,18245,0
20120120,15.064,15.588,14.959,15.51,16520,0
20120123,15.451,16.287,15.401,15.972,115615,0
20120124,16.002,16.071,15.258,15.78,79861,0
20120125,15.78,15.938,15.387,15.652,27784,0
20120126,15.773,16.238,15.652,16.066,52252,0
20120127,16.066,16.449,15.854,16.179,51366,0
20120130,16.139,16.986,16.139,16.897,50214,0
20120131,16.838,17.124,16.386,16.646,34664,0
20120201,16.627,16.868,16.469,16.868,24026,0
20120202,16.646,17.379,16.646,16.946,31300,0
20120203,16.932,17.324,16.779,17.261,41055,0
20120206,16.966,17.685,16.907,17.512,36920,0
20120207,17.601,17.935,17.074,17.798,50110,0
20120208,17.842,18.004,17.517,18.004,31752,0
20120209,17.94,18.157,17.714,18.078,23811,0
20120210,17.99,18.157,17.238,17.591,45386,0
20120213,17.788,18.216,17.685,18.078,22687,0
20120214,18.078,18.305,17.94,18.152,26128,0
20120215,18.344,18.403,17.222,17.537,43528,0
20120216,17.576,18.059,17.271,17.901,17107,0
20120217,18.103,18.103,17.558,17.67,25971,0
20120220,17.812,18.6,17.665,18.511,23518,0
20120221,18.558,18.851,18.344,18.565,25946,0
20120222,18.565,18.565,17.586,17.606,21286,0
20120223,17.714,18.009,17.699,17.901,13117,0
20120224,17.862,18.354,17.862,18.182,12440,0
20120227,17.927,18.206,17.557,17.798,23612,0
20120228,17.744,18.057,17.586,17.694,24433,0
20120229,17.655,17.763,16.809,17.276,80773,0
20120301,17.114,18.088,17.114,18.088,27801,0
20120302,18.039,18.118,17.739,17.744,7218,0
20120305,17.852,18.108,16.976,17.086,21397,0
20120306,16.897,17.143,16.09,16.454,109226,0
20120307,16.238,16.828,16.046,16.454,67966,0
20120308,16.459,16.966,16.458,16.907,17171,0
20120309,16.828,17.065,16.661,16.769,10718,0
20120312,16.651,17.094,16.632,16.956,34120,0
20120313,16.986,17.34,16.976,17.247,18310,0
20120314,17.281,17.419,16.946,17.163,42313,0
20120315,17.089,17.373,16.641,17.207,51618,0
20120316,17.281,17.281,16.73,16.73,65974,0
20120319,16.636,17.045,16.425,16.686,31569,0
20120320,16.681,16.853,16.425,16.607,14550,0
20120321,16.538,16.868,16.536,16.577,22590,0
20120322,16.563,16.799,16.087,16.208,37378,0
20120323,16.12,16.617,16.051,16.218,16969,0
20120326,16.386,16.996,16.144,16.882,34125,0
20120327,16.907,17.173,16.779,16.932,32322,0
20120328,16.878,17.006,16.587,16.587,8445,0
20120329,16.553,16.971,16.454,16.479,12223,0
20120330,16.523,16.681,16.42,16.533,8539,0
20120402,16.477,16.845,16.341,16.612,12715,0
20120403,16.577,16.779,16.381,16.381,11525,0
20120404,16.366,16.655,16.164,16.282,18639,0
20120405,16.189,16.705,16.189,16.238,10799,0
20120410,16.041,16.277,15.706,15.77,21229,0
20120411,15.736,16.194,15.599,15.997,10068,0
20120412,15.923,16.248,15.921,16.085,8633,0
20120413,16.169,16.194,15.967,16.056,14020,0
20120416,15.79,16.164,15.726,15.785,19367,0
20120417,15.721,15.967,15.702,15.741,14354,0
20120418,15.854,15.987,15.699,15.756,9927,0
20120419,15.972,15.987,15.074,15.116,66216,0
20120420,15.121,15.549,15.077,15.342,24529,0
20120423,15.51,15.51,15.19,15.234,13546,0
20120424,15.126,15.352,15.023,15.096,17461,0
20120425,15.086,15.278,14.427,14.968,56321,0
20120426,15.077,17.153,15.067,16.863,110105,0
20120427,16.996,17.226,16.641,16.759,20282,0
20120430,16.917,17.069,16.71,16.71,5517,0
20120502,16.715,16.942,16.504,16.848,12076,0
20120503,16.833,16.917,16.007,16.007,9669,0
20120504,15.844,16.228,15.618,15.638,11764,0
20120507,15.2,15.726,15.052,15.643,18904,0
20120508,15.692,15.882,15.362,15.362,12644,0
20120509,15.352,15.515,14.909,15.195,25907,0
20120510,15.106,15.347,14.973,15.042,15635,0
20120511,14.89,15.082,14.644,14.9,26390,0
20120514,14.496,14.875,14.466,14.801,27154,0
20120515,14.767,14.988,14.713,14.988,8248,0
20120516,14.658,14.772,14.555,14.555,24770,0
20120517,14.516,14.732,14.422,14.422,3757,0
20120518,14.102,14.506,14.102,14.28,11328,0
20120521,14.186,14.466,14.129,14.309,13486,0
20120522,14.368,14.516,14.25,14.407,10732,0
20120523,14.137,14.59,14.137,14.59,10266,0
20120524,14.398,14.86,14.137,14.653,23769,0
20120525,14.708,14.949,14.658,14.673,25095,0
20120528,14.762,14.975,14.713,14.831,3462,0
20120529,14.88,15.825,14.811,15.662,27887,0
20120530,15.574,16.13,15.524,15.913,37308,0
20120531,15.795,16.12,15.647,15.884,17004,0
20120601,15.8,15.997,15.155,15.672,59112,0
20120604,15.155,15.603,14.924,15.229,33444,0
20120605,15.254,15.347,14.959,15.308,15783,0
20120606,15.293,15.396,15.089,15.089,23168,0
20120607,14.963,15.696,14.909,15.608,12813,0
20120608,15.382,15.795,15.052,15.377,18832,0
20120611,15.574,15.736,15.49,15.49,10830,0
20120612,15.401,15.505,14.767,14.811,7464,0
20120613,14.565,14.914,14.565,14.791,13148,0
20120614,14.486,14.821,14.403,14.422,10285,0
20120615,14.255,14.703,14.25,14.575,57509,0
20120618,14.55,15.106,14.55,14.978,7912,0
20120619,14.658,15.077,14.658,15.042,7382,0
20120620,14.649,15.269,14.649,15.229,11817,0
20120621,14.89,15.396,14.89,15.195,3537,0
20120622,14.973,15.342,14.949,14.954,5733,0
20120625,14.855,15.057,14.747,14.811,9209,0
20120626,14.772,15.057,14.653,14.949,13970,0
20120627,14.944,15.057,14.762,14.963,15179,0
20120628,14.929,15.165,14.885,14.929,14816,0
20120629,15.219,15.618,15.032,15.618,12789,0
20120702,15.411,15.82,15.209,15.731,17192,0
20120703,15.697,15.923,15.603,15.77,16554,0
20120704,15.697,15.918,15.579,15.829,4652,0
20120705,15.736,16.248,15.726,16.208,28823,0
20120706,16.172,16.612,15.431,15.524,15932,0
20120709,15.352,15.938,15.352,15.898,6812,0
20120710,15.795,16.459,15.598,16.139,16980,0
20120711,15.992,16.326,15.962,16.159,8111,0
20120712,16.016,16.479,15.898,16.44,11055,0
20120713,16.358,16.528,15.992,16.184,25773,0
20120716,16.085,16.258,15.992,16.09,8123,0
20120717,15.967,16.548,15.967,16.548,7967,0
20120718,16.469,16.632,15.943,16.248,15551,0
20120719,16.194,16.459,16.159,16.312,4927,0
20120720,16.104,16.405,15.844,15.903,7424,0
20120723,15.702,16.139,15.702,16.031,15626,0
20120724,16.015,16.166,15.687,15.815,9133,0
20120725,15.702,16.435,15.579,16.307,14637,0
20120726,16.287,16.528,16.031,16.346,12237,0
20120727,16.346,17.025,16.282,16.922,25259,0
20120730,16.853,17.035,16.764,16.794,12071,0
20120731,17.06,17.06,16.564,16.564,8753,0
20120801,16.494,16.726,16.459,16.528,7098,0
20120802,16.449,17.109,15.992,16.016,36323,0
20120803,15.923,16.676,15.923,16.179,10112,0
20120806,16.046,16.971,16.046,16.769,11018,0
20120807,16.844,17.124,16.691,17.104,10365,0
20120808,17.104,17.104,16.789,16.976,4435,0
20120809,16.976,16.976,16.779,16.853,3303,0
20120810,16.659,17.104,16.651,17.025,7746,0
20120813,16.863,17.207,16.838,16.976,9704,0
20120814,17.02,17.055,16.484,16.814,21864,0
20120815,16.681,16.833,16.558,16.607,3357,0
20120816,16.568,16.819,16.553,16.74,4349,0
20120817,16.651,16.976,16.533,16.937,20777,0
20120820,16.853,16.996,16.425,16.72,15377,0
20120821,16.656,16.809,16.65,16.745,5184,0
20120822,16.592,16.745,15.953,16.144,12809,0
20120823,16.149,16.671,15.46,15.672,14840,0
20120824,15.747,16.607,15.697,16.435,10659,0
20120827,16.435,16.73,16.238,16.326,5562,0
20120828,16.44,16.558,16.189,16.41,17605,0
20120829,16.331,16.41,16.086,16.179,1775,0
20120830,16.041,16.238,16.021,16.1,6236,0
20120831,16.021,16.238,15.992,16.016,4070,0
20120903,15.889,16.312,15.768,15.844,17064,0
20120904,15.687,15.992,15.687,15.943,3099,0
20120905,15.869,16.415,15.854,16.351,7596,0
20120906,16.282,16.351,15.992,16.184,6365,0
20120907,16.11,16.292,16.026,16.233,25793,0
20120910,16.135,16.292,15.706,15.928,17776,0
20120911,15.775,16.031,15.775,15.933,17696,0
20120912,15.854,15.933,15.677,15.751,22543,0
20120913,15.662,16.179,15.631,16.056,51673,0
20120914,16.095,16.322,15.834,15.918,14993,0
20120917,15.79,16.12,15.79,15.982,19361,0
20120918,15.795,16.233,15.746,16.233,16871,0
20120919,16.194,16.666,15.795,16.474,12762,0
20120920,16.331,16.474,15.992,16.046,6554,0
20120921,15.995,16.09,15.737,15.775,16573,0
20120924,15.638,15.938,15.583,15.839,14583,0
20120925,15.731,15.977,15.667,15.884,8296,0
20120926,15.652,15.884,15.405,15.588,8982,0
20120927,15.51,16.036,15.51,15.795,18201,0
20120928,15.795,16.154,15.726,16.154,6815,0
20121001,15.928,16.11,15.608,15.672,10139,0
20121002,15.475,15.756,15.475,15.574,16731,0
20121003,15.574,15.943,15.411,15.829,11522,0
20121004,15.726,16.238,15.726,16.071,10091,0
20121005,16.021,16.356,15.795,16.277,18004,0
20121008,16.228,16.404,16.09,16.154,4977,0
20121009,16.051,16.454,16.046,16.297,9235,0
20121010,16.12,16.376,15.992,16.056,16143,0
20121011,15.943,16.11,15.652,15.726,10968,0
20121012,15.474,16.071,15.195,15.544,20979,0
20121015,15.451,15.746,15.441,15.672,12417,0
20121016,15.649,15.827,15.342,15.559,21201,0
20121017,15.559,15.618,15.352,15.539,15421,0
20121018,15.468,15.598,15.362,15.441,5707,0
20121019,15.441,15.441,15.067,15.17,15231,0
20121022,15.077,15.19,14.556,14.644,35497,0
20121023,14.58,15.077,14.516,14.781,41847,0
20121024,14.747,15.096,14.663,14.747,34729,0
20121025,14.678,14.767,14.614,14.717,22485,0
20121026,14.575,14.973,14.491,14.772,19039,0
20121029,14.678,15.042,14.427,14.555,34916,0
20121030,14.535,14.599,14.22,14.59,52244,0
20121031,14.516,14.693,14.457,14.526,28945,0
20121101,14.462,14.634,14.452,14.56,17070,0
20121102,14.491,14.727,14.466,14.53,10726,0
20121105,14.393,14.949,14.299,14.845,62464,0
20121106,14.934,15.126,14.698,15.101,19909,0
20121107,15.057,15.283,14.963,15.219,17951,0
20121108,15.171,15.352,14.742,14.914,10648,0
20121109,14.914,15.492,14.752,15.318,18636,0
20121112,15.519,15.688,15.136,15.416,24155,0
20121113,15.416,15.451,15.18,15.298,26023,0
20121114,15.19,15.401,14.762,14.767,9547,0
20121115,14.767,15.124,14.614,15.057,29155,0
20121116,15.057,15.057,14.56,14.614,12640,0
20121119,14.624,14.908,14.614,14.845,13428,0
20121120,14.609,14.772,14.102,14.23,42847,0
20121121,14.122,14.426,14.122,14.304,11417,0
20121122,14.26,14.437,14.186,14.353,12187,0
20121123,14.284,15.091,14.284,15.091,20411,0
20121126,14.714,15.077,14.663,14.949,9763,0
20121127,14.909,15.008,14.767,14.836,11765,0
20121128,14.722,14.86,14.368,14.781,8539,0
20121129,14.737,14.895,14.516,14.781,14051,0
20121130,14.693,14.914,14.644,14.914,10005,0
20121203,14.769,14.929,14.545,14.713,21560,0
20121204,14.614,14.713,14.412,14.698,12994,0
20121205,14.653,14.9,14.437,14.599,26486,0
20121206,14.53,14.811,14.53,14.713,38471,0
20121207,14.521,14.762,14.496,14.639,21386,0
20121210,14.471,14.768,14.358,14.403,9911,0
20121211,14.263,14.762,14.107,14.565,33014,0
20121212,14.353,14.934,14.353,14.85,31748,0
20121213,15.052,15.077,14.758,14.904,20451,0
20121214,14.752,15.923,14.752,15.431,85283,0
20121217,15.283,15.5,15.037,15.205,7299,0
20121218,15.052,15.549,15.052,15.51,24873,0
20121219,15.362,15.659,15.273,15.392,43311,0
20121220,15.2,15.746,15.2,15.539,19709,0
20121221,15.298,15.549,15.259,15.342,36093,0
20121227,15.342,15.485,15.205,15.401,11949,0
20121228,15.155,15.5,15.155,15.16,5365,0
20130102,15.308,15.618,15.057,15.495,6071,0
20130103,15.254,15.667,15.057,15.667,12531,0
20130104,15.431,15.687,15.251,15.495,8101,0
20130107,14.87,15.529,14.87,15.362,18047,0
20130108,15.126,15.549,15.126,15.421,4279,0
20130109,15.219,15.539,15.219,15.352,10486,0
20130110,15.141,15.451,14.959,15.16,20602,0
20130111,14.959,15.261,14.86,14.9,10195,0
20130114,14.9,15.687,14.737,15.564,55975,0
20130115,15.333,15.667,15.333,15.505,17351,0
20130116,15.283,15.667,15.283,15.579,19164,0
20130117,15.579,17.254,15.352,16.971,102690,0
20130118,17.124,17.124,16.632,16.789,48912,0
20130121,16.627,16.95,16.061,16.203,85414,0
20130122,16.203,16.504,16.016,16.43,23066,0
20130123,16.223,16.907,16.223,16.513,38591,0
20130124,16.599,16.863,16.292,16.71,26252,0
20130125,16.548,16.912,16.548,16.646,28088,0
20130128,16.553,17.163,16.553,17.074,38430,0
20130129,16.937,17.242,16.878,17.06,19410,0
20130130,16.922,17.173,16.878,16.991,26413,0
20130131,16.819,17.065,16.523,16.976,30545,0
20130201,17.145,17.202,16.681,16.863,11192,0
20130204,16.705,17.084,16.533,16.533,16067,0
20130205,16.563,16.755,16.317,16.533,11412,0
20130206,16.459,16.641,16.208,16.208,12923,0
20130207,16.164,16.341,16.026,16.031,14681,0
20130208,16.012,16.381,16.012,16.125,17646,0
20130211,16.1,16.622,15.992,16.582,23321,0
20130212,16.538,16.927,16.449,16.887,24826,0
20130213,16.819,17.069,16.73,17.035,14297,0
20130214,16.981,17.055,16.666,16.774,15213,0
20130215,16.661,16.882,16.632,16.72,13174,0
20130218,16.696,16.73,16.513,16.518,7377,0
20130219,16.509,16.838,16.435,16.7,10766,0
20130220,16.691,16.837,16.184,16.184,15577,0
20130221,16.13,16.356,15.908,16.149,27834,0
20130222,16.11,16.367,15.943,16.243,31761,0
20130225,16.292,16.469,16.041,16.041,11605,0
20130226,15.938,16.395,15.938,16.248,27818,0
20130227,16.233,16.454,16.1,16.208,4962,0
20130228,16.43,16.614,15.972,15.972,7553,0
20130301,15.913,16.193,15.303,15.48,25752,0
20130304,15.426,16.213,15.155,15.992,14047,0
20130305,16.026,16.13,15.8,15.8,23586,0
20130306,15.78,16.125,15.775,15.854,31591,0
20130307,15.794,15.943,15.51,15.569,12143,0
20130308,15.554,15.874,15.401,15.569,15400,0
20130311,15.524,15.559,14.752,15.106,72149,0
20130312,15.106,15.475,15.067,15.352,28571,0
20130313,15.337,15.47,15.062,15.19,39220,0
20130314,15.18,15.352,14.918,14.973,29730,0
20130315,14.978,16.351,14.978,15.995,141173,0
20130318,15.8,16.016,15.785,15.879,13361,0
20130319,15.854,16.115,15.746,15.849,20434,0
20130320,15.81,16.504,15.81,16.253,64127,0
20130321,16.235,16.44,16.071,16.292,20854,0
20130322,16.238,16.419,16.007,16.007,13103,0
20130325,16.021,16.376,15.953,15.977,18000,0
20130326,15.957,16.071,15.775,15.775,10000,0
20130327,15.766,15.938,15.333,15.337,23619,0
20130328,15.308,15.559,15.293,15.382,12958,0
20130402,15.514,15.79,15.057,15.677,30138,0
20130403,15.621,15.716,15.436,15.519,10391,0
20130404,15.623,15.746,15.308,15.441,11919,0
20130405,15.431,15.495,15.057,15.165,12544,0
20130408,15.229,15.647,15.205,15.239,9197,0
20130409,15.234,15.372,15.096,15.106,4881,0
20130410,15.249,15.692,15.096,15.377,12039,0
20130411,15.396,15.588,15.249,15.347,12545,0
20130412,15.251,15.401,14.934,14.944,22948,0
20130415,14.821,15.746,14.811,15.269,38218,0
20130416,15.219,15.524,15.214,15.451,9930,0
20130417,15.436,15.918,15.323,15.337,66044,0
20130418,15.328,15.643,15.254,15.411,10934,0
20130419,15.416,15.672,15.416,15.544,7466,0
20130422,15.539,15.756,15.411,15.756,9147,0
20130423,15.677,15.756,15.529,15.687,13837,0
20130424,15.677,15.839,15.515,15.519,6249,0
20130425,15.515,15.692,15.323,15.333,5090,0
20130426,15.283,15.638,15.116,15.234,11007,0
20130429,15.224,15.741,15.224,15.598,28786,0
20130430,15.608,15.745,15.51,15.598,12314,0
20130502,15.524,15.672,15.352,15.549,12447,0
20130503,15.606,15.606,15.264,15.539,20396,0
20130506,15.515,15.628,15.116,15.136,23240,0
20130507,15.116,15.298,14.973,15.096,27696,0
20130508,14.821,15.244,14.801,15.086,6734,0
20130509,15.062,15.5,14.959,15.2,20125,0
20130510,15.185,15.401,15.096,15.101,19896,0
20130513,15.195,15.323,14.947,15.106,18989,0
20130514,15.195,15.303,15.096,15.2,18173,0
20130515,15.224,15.293,15.047,15.264,21092,0
20130516,15.086,15.254,14.988,15.16,17965,0
20130517,15.195,15.195,14.329,14.708,57463,0
20130520,14.568,15.067,14.565,14.968,13490,0
20130521,14.988,15.106,14.85,14.865,8273,0
20130522,14.924,15.082,14.629,14.653,33553,0
20130523,14.659,14.801,14.496,14.658,31957,0
20130524,14.668,14.796,14.452,14.663,38507,0
20130527,14.522,14.713,14.496,14.663,9259,0
20130528,14.663,15.519,14.644,15.214,59185,0
20130529,15.224,15.485,15.057,15.273,60304,0
20130530,15.239,15.298,15.141,15.146,7295,0
20130531,15.057,15.372,14.845,15.19,12824,0
20130603,15.155,15.219,14.85,14.86,26761,0
20130604,14.865,15.214,14.844,14.845,34749,0
20130605,14.762,15.111,14.737,14.737,6521,0
20130606,14.717,15.131,14.713,14.732,23703,0
20130607,14.732,15.042,14.693,14.89,17432,0
20130610,14.875,15.106,14.693,14.796,20868,0
20130611,15.004,15.057,14.742,14.845,14970,0
20130612,14.801,15.116,14.791,14.959,22113,0
20130613,14.86,14.998,14.683,14.949,18113,0
20130614,14.988,15.057,14.762,14.954,13421,0
20130617,14.914,15.205,14.865,15.146,25164,0
20130618,15.062,15.214,14.949,15.018,11160,0
20130619,14.988,15.062,14.732,14.914,16522,0
20130620,14.796,14.963,14.663,14.663,15209,0
20130621,14.649,14.959,14.649,14.663,67721,0
20130624,14.801,14.968,14.637,14.663,34504,0
20130625,14.639,14.959,14.585,14.713,17232,0
20130626,14.762,14.88,13.974,14.27,38956,0
20130627,14.181,14.968,14.171,14.801,45153,0
20130628,14.791,14.872,14.634,14.649,18218,0
20130701,14.722,14.929,14.521,14.526,26920,0
20130702,14.486,14.649,14.122,14.393,37478,0
20130703,14.27,14.634,14.24,14.314,10176,0
20130704,14.245,14.762,14.245,14.658,40271,0
20130705,14.56,14.742,14.56,14.629,19120,0
20130708,14.663,14.742,14.319,14.329,26868,0
20130709,14.275,14.673,14.275,14.329,20326,0
20130710,14.186,14.398,14.128,14.28,9204,0
20130711,14.166,14.555,14.166,14.363,11193,0
20130712,14.368,14.516,14.358,14.407,11559,0
20130715,14.403,14.511,14.201,14.201,25235,0
20130716,14.181,14.368,14.073,14.329,13138,0
20130717,14.304,14.526,14.28,14.383,10392,0
20130718,14.348,14.516,14.329,14.348,13495,0
20130719,14.442,14.501,14.299,14.403,8643,0
20130722,14.493,14.516,14.28,14.422,22062,0
20130723,14.395,14.516,14.388,14.466,9273,0
20130724,14.446,14.511,14.319,14.329,22760,0
20130725,14.303,14.506,14.245,14.329,20673,0
20130726,14.368,14.407,14.23,14.235,8507,0
20130729,14.294,14.301,13.689,13.94,44500,0
20130730,13.905,14.024,12.749,12.774,103213,0
20130731,12.754,13.202,12.744,12.931,32783,0
20130801,12.961,13.458,12.958,13.187,20277,0
20130802,13.211,13.581,12.951,13,38473,0
20130805,12.99,13.089,12.793,12.813,14858,0
20130806,12.926,13.094,12.725,12.961,14481,0
20130807,12.926,13.241,12.793,13.187,29653,0
20130808,13.202,13.446,13.187,13.359,14524,0
20130809,13.212,13.532,13.207,13.423,6648,0
20130812,13.413,13.679,13.413,13.605,15052,0
20130813,13.728,13.827,13.584,13.787,7892,0
20130814,13.807,13.827,13.684,13.689,6362,0
20130815,13.728,13.728,13.389,13.389,10148,0
20130816,13.522,13.522,13.266,13.364,11773,0
20130819,13.384,13.433,13.339,13.354,7013,0
20130820,13.286,13.418,13.182,13.182,20582,0
20130821,13.236,13.32,13.158,13.172,10658,0
20130822,13.187,13.354,13.128,13.207,33527,0
20130823,13.522,13.522,13.207,13.315,5715,0
20130826,13.364,13.541,13.192,13.192,21240,0
20130827,13.399,13.399,12.607,12.725,67108,0
20130828,12.725,12.897,12.301,12.754,87168,0
20130829,12.99,13.335,12.695,13.103,96377,0
20130830,13.374,13.482,13.089,13.418,30736,0
20130902,13.433,13.492,13.177,13.177,13017,0
20130903,13.246,13.463,13.183,13.271,11280,0
20130904,13.276,13.423,13.089,13.133,9036,0
20130905,13.384,13.384,13.097,13.231,16315,0
20130906,13.295,13.523,13.158,13.374,24095,0
20130909,13.566,13.61,13.345,13.433,9785,0
20130910,13.62,13.901,13.433,13.497,25837,0
20130911,13.581,13.714,13.477,13.477,11599,0
20130912,13.6,13.851,13.453,13.64,30808,0
20130913,13.778,13.822,13.187,13.374,24973,0
20130916,13.581,13.759,13.527,13.566,29269,0
20130917,13.684,13.689,13.532,13.586,9629,0
20130918,13.63,13.63,13.502,13.507,6987,0
20130919,13.694,13.778,13.351,13.354,16625,0
20130920,13.581,13.581,13.335,13.335,34025,0
20130923,13.364,13.433,13.138,13.34,15543,0
20130924,12.306,12.685,11.195,11.662,400962,0
20130925,11.465,11.686,11.224,11.273,157239,0
20130926,11.362,11.411,11.14,11.194,95086,0
20130927,11.317,11.731,11.224,11.672,200178,0
20130930,11.76,11.859,11.524,11.79,85160,0
20131001,11.859,11.929,11.711,11.765,34189,0
20131002,11.878,11.888,11.711,11.755,19302,0
20131003,11.937,11.937,11.672,11.8,10840,0
20131004,11.849,11.873,11.58,11.627,24143,0
20131007,11.8,11.828,11.544,11.681,33990,0
20131008,11.755,11.868,11.539,11.539,46057,0
20131009,11.632,11.711,11.514,11.613,54143,0
20131010,11.711,11.774,11.48,11.75,24912,0
20131011,11.78,11.82,11.632,11.637,23120,0
20131014,11.77,11.957,11.652,11.809,19208,0
20131015,11.809,11.908,11.711,11.775,74005,0
20131016,11.809,11.864,11.686,11.721,30720,0
20131017,11.8,11.878,11.667,11.74,56431,0
20131018,11.859,11.991,11.75,11.819,35073,0
20131021,11.898,11.972,11.804,11.859,41809,0
20131022,11.908,12.38,11.898,12.272,78627,0
20131023,12.4,12.72,12.178,12.479,75883,0
20131024,12.597,12.666,12.272,12.346,41766,0
20131025,12.346,12.479,12.247,12.39,15602,0
20131028,12.498,12.597,12.129,12.129,16340,0
20131029,12.301,12.301,11.868,11.932,30105,0
20131030,11.967,12.178,11.859,11.878,36338,0
20131031,11.868,12.301,11.804,12.065,28903,0
20131101,12.006,12.178,12.006,12.114,21589,0
20131104,12.164,12.405,12.119,12.242,39798,0
20131105,12.242,12.306,12.154,12.277,39389,0
20131106,12.292,12.508,12.213,12.439,25766,0
20131107,12.39,12.547,12.38,12.429,19220,0
20131108,12.449,12.449,12.169,12.174,18684,0
20131111,12.311,12.567,12.144,12.424,35972,0
20131112,12.479,12.695,12.203,12.41,19252,0
20131113,12.4,12.508,12.282,12.365,12642,0
20131114,12.547,12.588,12.282,12.292,14882,0
20131115,12.336,12.42,12.198,12.198,15610,0
20131118,12.237,12.356,12.124,12.242,29517,0
20131119,12.223,12.311,12.139,12.174,8520,0
20131120,12.257,12.321,12.139,12.262,14849,0
20131121,12.346,12.351,12.041,12.041,27424,0
20131122,12.031,12.169,11.809,11.819,27046,0
20131125,11.809,12.351,11.785,12.134,31756,0
20131126,12.075,12.277,11.79,11.908,43916,0
20131127,11.819,12.203,11.819,11.893,20457,0
20131128,11.898,12.218,11.839,12.218,23186,0
20131129,12.198,12.341,12.07,12.306,14079,0
20131202,12.351,12.513,12.233,12.311,34397,0
20131203,12.321,12.547,12.169,12.257,57262,0
20131204,12.262,12.321,12.144,12.233,33897,0
20131205,12.159,12.321,11.947,11.947,25920,0
20131206,12.046,12.399,11.908,12.331,25335,0
20131209,12.41,12.483,12.301,12.38,12058,0
20131210,12.39,12.477,12.301,12.385,17693,0
20131211,12.375,12.547,12.36,12.37,25009,0
20131212,12.336,12.474,12.085,12.105,17478,0
20131213,11.991,12.237,11.829,11.937,34821,0
20131216,12.036,12.381,11.893,12.301,8873,0
20131217,12.105,12.391,12.105,12.3,48721,0
20131218,12.38,12.38,11.991,12.233,11530,0
20131219,12.311,12.346,12.11,12.233,23808,0
20131220,12.247,12.301,12.198,12.252,15023,0
20131223,12.429,12.547,12.277,12.479,52772,0
20131227,12.547,12.774,12.4,12.656,85747,0
20131230,12.784,13.335,12.695,13.335,27471,0
20140102,13.192,13.679,13.069,13.177,62282,0
20140103,13.133,13.577,13.133,13.354,24722,0
20140106,13.384,13.581,13.384,13.399,26267,0
20140107,13.522,13.97,13.394,13.655,158883,0
20140108,13.709,13.974,13.625,13.896,37507,0
20140109,13.925,14.343,13.801,14.083,75339,0
20140110,14.255,14.27,13.837,14.004,54632,0
20140113,14.083,14.25,13.989,14.166,16038,0
20140114,14.171,14.259,14.078,14.127,21530,0
20140115,14.191,14.334,14.107,14.284,46887,0
20140116,14.176,14.27,13.971,14.029,27429,0
20140117,14.009,14.166,13.379,13.689,108318,0
20140120,13.63,13.876,13.231,13.231,28182,0
20140121,13.202,13.709,13.202,13.635,40348,0
20140122,13.645,13.763,13.482,13.537,8754,0
20140123,13.502,13.625,13.261,13.261,21310,0
20140124,13.261,13.409,12.995,13.064,67082,0
20140127,13.143,13.413,12.784,13.286,44273,0
20140128,13.266,13.507,13.266,13.507,22008,0
20140129,13.345,13.615,13.276,13.512,40027,0
20140130,13.458,13.576,13.453,13.517,33498,0
20140131,13.468,13.65,13.428,13.497,26550,0
20140203,13.468,13.556,13.423,13.423,10360,0
20140204,13.468,13.541,13.34,13.482,30078,0
20140205,13.453,13.561,13.35,13.468,27088,0
20140206,13.453,13.802,13.453,13.694,44016,0
20140207,13.694,13.827,13.655,13.763,32055,0
20140210,13.812,13.94,13.709,13.802,38612,0
20140211,13.817,14.156,13.815,13.989,24144,0
20140212,13.96,14.156,13.96,13.994,17762,0
20140213,13.96,14.27,13.918,13.974,50331,0
20140214,14.033,14.117,13.933,14.014,24607,0
20140217,14.033,14.241,13.945,14.127,26491,0
20140218,14.132,14.137,13.965,13.984,8773,0
20140219,13.994,14.147,13.946,13.974,33168,0
20140220,13.994,14.007,13.822,13.891,28692,0
20140221,13.896,14.093,13.895,13.989,11033,0
20140224,13.901,14.073,13.832,13.832,14719,0
20140225,13.93,14.053,13.778,13.891,29332,0
20140226,13.856,14.082,13.846,13.95,24293,0
20140227,14.014,14.083,13.925,13.984,12157,0
20140228,14.014,14.093,13.97,13.984,23648,0
20140303,14.014,14.014,13.664,13.669,32690,0
20140304,13.802,14.024,13.683,13.94,9752,0
20140305,13.802,14.004,13.802,13.846,13303,0
20140306,13.807,13.896,13.704,13.704,12997,0
20140307,13.807,13.871,13.6,13.704,17853,0
20140310,13.778,13.778,13.197,13.394,25240,0
20140311,13.507,13.64,13.286,13.3,9603,0
20140312,13.394,13.433,13.217,13.231,17323,0
20140313,13.379,13.379,13.094,13.094,6867,0
20140314,13.133,13.231,12.98,13.02,24411,0
20140317,13.049,13.236,12.815,13.02,7264,0
20140318,13.089,13.6,13.015,13.566,32561,0
20140319,13.551,13.596,13.394,13.512,31441,0
20140320,13.468,13.714,13.074,13.172,59502,0
20140321,13.3,13.3,12.311,12.602,103636,0
20140324,12.7,12.897,12.568,12.685,22458,0
20140325,12.685,12.907,12.577,12.853,17989,0
20140326,12.823,13.177,12.68,13.089,14057,0
20140327,13.079,13.399,12.936,13.271,28191,0
20140328,13.261,13.709,13.118,13.571,23750,0
20140331,13.335,13.699,13.266,13.276,15866,0
20140401,13.345,13.482,13.251,13.276,34064,0
20140402,13.345,13.364,13.094,13.177,22274,0
20140403,13.163,13.31,13.148,13.217,3078,0
20140404,13.202,13.394,13.187,13.305,8262,0
20140407,13.241,13.428,13.241,13.256,11285,0
20140408,13.241,13.477,13.241,13.295,13422,0
20140409,13.286,13.487,13.236,13.384,21942,0
20140410,13.32,13.423,13.246,13.246,25654,0
20140411,13.32,13.32,12.813,12.99,12680,0
20140414,13.123,13.123,12.838,12.838,20366,0
20140415,12.971,13.108,12.793,12.843,23534,0
20140416,12.985,12.99,12.833,12.833,11941,0
20140417,12.818,12.99,12.597,12.725,35981,0
20140422,12.843,13.089,12.611,12.725,22298,0
20140423,12.843,12.857,12.607,12.616,12991,0
20140424,12.774,12.774,12.503,12.503,15574,0
20140425,12.631,12.666,12.38,12.385,5680,0
20140428,12.38,12.508,12.174,12.223,18759,0
20140429,12.272,12.685,12.272,12.474,50555,0
20140430,12.547,12.917,12.331,12.833,61526,0
20140502,12.833,13.084,12.68,12.68,16311,0
20140505,12.808,12.808,12.469,12.572,14711,0
20140506,12.7,13.049,12.56,12.902,52457,0
20140507,12.892,13.094,12.793,12.843,37895,0
20140508,12.892,13.217,12.744,12.744,19377,0
20140509,12.862,12.921,12.72,12.754,6760,0
20140512,12.862,12.966,12.725,12.73,12394,0
20140513,12.818,12.818,12.538,12.562,23810,0
20140514,12.695,12.769,12.552,12.552,7427,0
20140515,12.523,12.666,12.087,12.178,14794,0
20140516,12.351,12.351,12.006,12.055,34726,0
20140519,12.1,12.193,11.962,12.055,10045,0
20140520,12.1,12.415,12.036,12.237,35182,0
20140521,12.252,12.356,12.149,12.154,2384,0
20140522,12.252,12.582,12.148,12.483,52394,0
20140523,12.479,12.793,12.4,12.73,33103,0
20140526,12.784,12.867,12.626,12.803,20534,0
20140527,12.793,13.172,12.793,13.113,25405,0
20140528,13.108,13.778,13.044,13.286,67641,0
20140529,13.231,13.453,13.229,13.394,6446,0
20140530,13.379,13.891,13.379,13.783,69383,0
20140602,13.886,14.073,13.605,13.979,59500,0
20140603,13.915,14.309,13.763,13.91,59922,0
20140604,13.915,14.029,13.812,13.935,66722,0
20140605,13.92,14.12,13.891,14.053,27911,0
20140606,14.122,14.427,13.945,14.427,58544,0
20140609,14.299,14.545,14.299,14.545,22920,0
20140610,14.412,14.457,14.176,14.181,21001,0
20140611,14.171,14.329,13.861,13.861,21818,0
20140612,13.655,14.22,13.655,13.999,37533,0
20140613,13.787,14.22,13.787,14.171,26848,0
20140616,13.974,14.171,13.856,13.856,22781,0
20140617,13.842,14.319,13.841,14.191,41959,0
20140618,13.979,14.073,13.851,13.866,20783,0
20140619,13.851,14.063,13.758,13.758,10439,0
20140620,13.876,14.004,13.723,13.787,44027,0
20140623,13.876,13.876,13.704,13.723,16351,0
20140624,13.699,13.856,13.477,13.541,12239,0
20140625,13.679,13.679,13.118,13.227,15863,0
20140626,13.359,13.359,12.607,12.739,23693,0
20140627,12.793,12.941,12.725,12.877,10128,0
20140630,12.872,13.113,12.749,12.749,7829,0
20140701,12.734,13.015,12.734,12.966,5874,0
20140702,12.951,13.113,12.95,12.99,4729,0
20140703,12.941,13.133,12.902,12.995,8751,0
20140704,12.98,13.127,12.951,12.983,2296,0
20140707,12.867,13.005,12.779,12.784,27001,0
20140708,12.867,12.867,12.41,12.508,17125,0
20140709,12.483,12.715,12.483,12.621,6331,0
20140710,12.626,12.726,12.301,12.474,25732,0
20140711,12.498,12.637,12.36,12.37,1932,0
20140714,12.498,12.641,12.351,12.552,5565,0
20140715,12.498,12.67,12.463,12.552,5464,0
20140716,12.513,12.843,12.385,12.734,39447,0
20140717,12.72,13.059,12.641,12.897,36321,0
20140718,12.887,13.089,12.744,12.941,75273,0
20140721,12.936,13.167,12.715,13.148,39077,0
20140722,13.128,13.374,13.126,13.236,9932,0
20140723,13.212,13.492,13.212,13.359,16067,0
20140724,13.34,13.581,13.29,13.492,15967,0
20140725,13.477,13.482,12.754,12.754,16167,0
20140728,12.744,12.882,12.646,12.69,6171,0
20140729,12.818,12.892,12.434,12.533,16341,0
20140730,12.616,12.616,12.301,12.306,26504,0
20140731,12.267,12.483,11.937,11.982,111909,0
20140801,11.868,12.252,11.662,12.06,33702,0
20140804,12.036,12.105,11.927,11.927,15302,0
20140805,12.036,12.178,11.74,11.962,11653,0
20140806,12.036,12.124,11.942,11.982,12800,0
20140807,12.036,12.188,11.937,11.957,9112,0
20140808,11.996,12.193,11.829,12.11,30215,0
20140811,12.129,12.429,12.09,12.149,5808,0
20140812,12.139,12.272,12.09,12.095,13300,0
20140813,12.178,12.203,12.021,12.021,8709,0
20140814,12.149,12.193,11.932,12.026,12369,0
20140815,12.149,12.193,11.996,12.144,24068,0
20140818,12.203,12.272,11.918,12.174,11554,0
20140819,12.203,12.252,12.105,12.129,3980,0
20140820,12.203,12.292,12.124,12.287,3902,0
20140821,12.233,12.247,12.06,12.09,13320,0
20140822,12.218,12.218,12.05,12.06,16790,0
20140825,12.183,12.203,12.031,12.129,6979,0
20140826,12.183,12.282,11.991,11.991,54186,0
20140827,12.095,12.095,11.903,11.918,6842,0
20140828,12.036,12.036,11.745,11.785,13398,0
20140829,11.755,12.006,11.396,11.509,39357,0
20140901,11.588,11.637,11.047,11.248,13734,0
20140902,11.239,11.367,11.061,11.209,11669,0
20140903,11.165,11.48,11.037,11.48,34317,0
20140904,11.396,11.465,11.102,11.347,14226,0
20140905,11.396,11.691,11.341,11.598,13409,0
20140908,11.593,11.711,11.454,11.622,7415,0
20140909,11.598,11.908,11.44,11.455,9792,0
20140910,11.416,11.544,11.327,11.401,12915,0
20140911,11.509,11.544,11.248,11.278,17517,0
20140912,11.224,11.534,11.224,11.307,7611,0
20140915,11.268,11.529,11.268,11.401,10823,0
20140916,11.386,11.529,11.371,11.499,10960,0
20140917,11.46,11.563,11.381,11.435,22189,0
20140918,11.43,11.514,11.367,11.367,31415,0
20140919,11.312,11.44,11.18,11.209,58254,0
20140922,11.327,11.558,11.199,11.435,29507,0
20140923,11.426,11.775,11.411,11.706,76239,0
20140924,11.696,11.8,11.578,11.578,4567,0
20140925,11.549,11.785,11.494,11.494,29684,0
20140926,11.47,11.598,11.47,11.494,5206,0
20140929,11.396,11.514,11.395,11.44,8405,0
20140930,11.455,11.529,11.401,11.401,6052,0
20141001,11.371,11.514,11.348,11.408,16861,0
20141002,11.357,11.544,11.357,11.48,18674,0
20141003,11.46,11.588,11.435,11.588,61,0
20141006,11.46,11.563,11.367,11.397,6817,0
20141007,11.46,11.46,11.007,11.007,14928,0
20141008,10.879,11.234,10.117,10.481,60060,0
20141009,10.289,10.825,10.289,10.422,46860,0
20141010,10.628,10.811,10.294,10.784,26101,0
20141013,10.668,10.914,10.569,10.769,9702,0
20141014,10.668,10.968,10.637,10.817,36352,0
20141015,10.619,10.938,10.619,10.822,52145,0
20141016,10.668,10.879,10.579,10.744,123656,0
20141017,10.668,10.884,10.377,10.657,45459,0
20141020,10.446,10.687,10.333,10.387,7971,0
20141021,10.254,10.776,10.166,10.577,47856,0
20141022,10.358,10.776,10.357,10.695,37715,0
20141023,10.56,10.943,10.446,10.625,44840,0
20141024,10.56,10.776,10.432,10.558,9197,0
20141027,10.727,10.727,10.387,10.654,76909,0
20141028,10.727,10.914,10.441,10.889,18758,0
20141029,10.727,10.973,10.715,10.839,13653,0
20141030,10.747,10.973,10.747,10.877,31243,0
20141031,10.747,10.973,10.692,10.89,9953,0
20141103,10.747,11.017,10.707,10.896,14665,0
20141104,10.776,11.16,10.761,11.16,13721,0
20141105,10.914,11.472,10.914,11.444,24676,0
20141106,11.219,11.795,11.189,11.769,15751,0
20141107,11.681,11.731,10.358,10.574,87944,0
20141110,10.692,10.845,10.426,10.821,19163,0
20141111,10.692,10.86,10.584,10.803,17412,0
20141112,10.707,11.012,10.706,10.925,12410,0
20141113,10.973,11.298,10.742,11.084,29533,0
20141114,10.973,11.13,10.742,10.778,20166,0
20141117,10.879,10.879,10.382,10.439,48842,0
20141118,10.333,10.705,10.235,10.51,41204,0
20141119,10.53,11.002,10.299,10.912,54184,0
20141120,10.737,11.317,10.737,11.192,48077,0
20141121,10.997,11.219,10.835,10.888,15419,0
20141124,10.796,11.052,10.796,10.87,39134,0
20141125,10.924,10.958,10.702,10.904,162499,0
20141126,10.924,11.15,10.845,11.029,12107,0
20141127,10.904,11.224,10.904,11.046,38076,0
20141128,11.032,11.76,11.032,11.667,26333,0
20141201,11.568,12.011,11.327,11.945,25768,0
20141202,11.898,12.139,11.603,12.09,21779,0
20141203,12.05,12.07,11.753,11.954,16711,0
20141204,12.05,12.127,11.809,12.089,12503,0
20141205,12.07,12.198,11.936,12.067,6195,0
20141208,11.987,12.793,11.985,12.388,34665,0
20141209,12.287,12.297,11.667,11.753,26370,0
20141210,11.972,12.006,11.641,11.728,15811,0
20141211,11.849,12.237,11.567,11.903,31470,0
20141212,11.849,11.923,11.616,11.616,11556,0
20141215,11.475,11.839,11.475,11.656,41906,0
20141216,11.8,11.8,11.313,11.386,18616,0
20141217,11.307,11.598,11.307,11.56,32839,0
20141218,11.357,11.809,11.357,11.641,16453,0
20141219,11.465,11.859,11.464,11.669,20632,0
20141222,11.583,11.829,11.508,11.805,8206,0
20141223,11.696,11.893,11.643,11.727,17075,0
20141229,11.696,11.952,11.593,11.775,5647,0
20141230,11.696,11.74,11.475,11.716,8415,0
20150102,11.696,11.918,11.568,11.775,10309,0
20150105,11.647,11.947,11.645,11.702,11577,0
20150106,11.696,11.809,11.614,11.685,4380,0
20150107,11.657,11.819,11.596,11.608,3727,0
20150108,11.613,11.696,11.435,11.538,4490,0
20150109,11.46,11.809,11.46,11.571,28300,0
20150112,11.435,11.947,11.435,11.786,55460,0
20150113,11.76,12.154,11.745,12.004,20416,0
20150114,11.76,12.105,11.745,11.98,5842,0
20150115,11.834,12.213,11.834,12.165,22454,0
20150116,12.07,12.193,11.785,11.965,19234,0
20150119,11.809,12.104,11.416,11.749,14870,0
20150120,11.647,11.996,11.645,11.825,7833,0
20150121,11.696,11.982,11.695,11.769,5014,0
20150122,11.972,11.972,11.637,11.701,3207,0
20150123,11.627,11.957,11.603,11.736,25629,0
20150126,11.691,12.233,11.592,12.19,16050,0
20150127,12.055,12.282,12.006,12.212,15248,0
20150128,12.105,12.183,12.041,12.14,1768,0
20150129,12.105,12.178,11.92,12.116,3168,0
20150130,12.105,12.326,12.034,12.295,13455,0
20150202,12.228,12.636,12.006,12.264,11781,0
20150203,12.228,12.301,11.812,11.967,12045,0
20150204,11.755,12.112,11.755,12.069,4308,0
20150205,12.06,12.105,11.893,12.071,4684,0
20150206,12.06,12.105,11.873,12.072,5675,0
20150209,11.962,12.095,11.927,12.002,14550,0
20150210,11.868,12.1,11.868,11.991,44767,0
20150211,11.898,12.036,11.898,11.935,2055,0
20150212,11.868,12.065,11.868,12.04,22769,0
20150213,12.055,12.07,11.938,11.994,6533,0
20150216,11.868,12.174,11.868,12.071,11814,0
20150217,11.972,12.055,11.908,12.037,3062,0
20150218,11.868,12.174,11.868,12.09,21805,0
20150219,12.114,12.114,11.644,11.804,14583,0
20150220,11.937,12.065,11.563,11.957,21978,0
20150223,11.903,12.39,11.903,12.321,40211,0
20150224,12.252,12.921,12.25,12.721,26668,0
20150225,12.587,12.882,12.586,12.712,16379,0
20150226,12.562,13.01,12.56,12.704,14775,0
20150227,12.749,12.941,12.734,12.827,11284,0
20150302,12.749,12.833,12.449,12.755,7146,0
20150303,12.611,12.803,12.595,12.655,6158,0
20150304,12.547,12.838,12.331,12.466,14315,0
20150305,12.602,12.602,12.114,12.291,12124,0
20150306,12.065,12.493,12.055,12.303,13668,0
20150309,12.375,12.552,12.188,12.426,6426,0
20150310,12.444,12.543,12.36,12.54,11525,0
20150311,12.444,12.715,12.388,12.577,25405,0
20150312,12.518,12.877,12.518,12.806,5044,0
20150313,12.695,13.008,12.651,12.73,8771,0
20150316,12.616,12.695,12.105,12.105,24090,0
20150317,12.095,12.405,11.873,11.966,16070,0
20150318,11.859,12.233,11.859,12.222,6463,0
20150319,12.169,12.552,12.108,12.343,16682,0
20150320,12.237,12.479,11.795,11.967,19404,0
20150323,11.79,12.218,11.632,11.765,31022,0
20150324,12.016,12.016,11.627,11.863,5371,0
20150325,12.016,12.395,11.775,12.132,25582,0
20150326,12.301,12.301,11.76,11.815,26363,0
20150327,12.006,12.041,11.711,11.87,14240,0
20150330,12.006,12.041,11.711,11.853,11750,0
20150331,11.726,12.006,11.724,11.797,9718,0
20150401,11.701,11.995,11.699,11.791,6912,0
20150402,11.701,11.991,11.701,11.874,7954,0
20150407,11.908,12.252,11.898,12.252,15739,0
20150408,11.809,12.228,11.809,12.134,13337,0
20150409,12.252,12.38,12.242,12.351,12273,0
20150410,12.242,12.301,12.154,12.154,4979,0
20150413,12.242,12.242,11.967,11.967,5126,0
20150414,12.144,12.144,11.755,11.755,7169,0
20150415,11.814,11.893,11.711,11.868,6001,0
20150416,12.006,12.006,11.809,11.859,5250,0
20150417,12.011,12.011,11.711,11.775,7631,0
20150420,11.809,11.864,11.731,11.864,3954,0
20150421,12.006,12.006,11.8,11.8,2545,0
20150422,11.947,11.947,11.8,11.873,3051,0
20150423,11.873,11.873,11.8,11.839,4995,0
20150424,11.888,11.888,11.765,11.878,1722,0
20150427,11.711,11.888,11.711,11.824,6127,0
20150428,11.78,11.996,11.681,11.701,25556,0
20150429,11.809,11.873,11.745,11.859,6094,0
20150430,11.918,11.918,11.632,11.632,19247,0
20150504,11.681,11.809,11.622,11.622,4168,0
20150505,11.775,11.918,11.524,11.524,6650,0
20150506,11.583,11.686,11.563,11.563,2011,0
20150507,11.549,11.613,11.494,11.549,5746,0
20150508,11.445,11.613,11.396,11.396,7537,0
20150511,11.307,11.544,11.278,11.499,14137,0
20150512,11.514,11.558,11.504,11.558,1782,0
20150513,11.593,11.593,11.367,11.485,2250,0
20150514,11.43,11.499,11.43,11.435,319,0
20150515,11.43,11.499,11.416,11.416,443,0
20150518,11.435,11.47,11.322,11.322,5119,0
20150519,11.317,11.337,11.116,11.116,13465,0
20150520,11.219,11.219,11.066,11.066,10305,0
20150521,11.071,11.106,10.914,10.958,18318,0
20150522,11.022,11.13,11.007,11.066,20304,0
20150526,11.12,11.17,11.002,11.155,9052,0
20150527,11.116,11.145,11.081,11.101,7094,0
20150528,11.12,11.12,10.874,10.874,7685,0
20150529,10.825,10.924,10.806,10.806,12949,0
20150601,10.825,10.934,10.806,10.929,9777,0
20150602,10.865,10.865,10.678,10.678,10794,0
20150603,10.845,11.022,10.727,10.87,10969,0
20150604,10.874,10.909,10.825,10.909,5937,0
20150605,10.924,11.12,10.879,10.879,5395,0
20150608,11.022,11.022,10.825,10.845,3653,0
20150609,10.968,10.968,10.825,10.919,12298,0
20150610,10.874,10.924,10.697,10.845,20925,0
20150611,10.874,10.874,10.619,10.619,4597,0
20150612,10.653,10.776,10.555,10.678,7280,0
20150615,10.722,10.737,10.555,10.555,2811,0
20150616,10.574,10.668,10.432,10.432,7276,0
20150617,10.564,10.589,10.496,10.496,2578,0
20150618,10.535,10.584,10.279,10.279,9369,0
20150619,10.323,10.451,10.097,10.097,11531,0
20150622,10.038,10.776,10.038,10.437,35169,0
20150623,10.574,10.624,10.432,10.579,7367,0
20150624,10.624,10.648,10.525,10.648,8883,0
20150625,10.579,10.628,10.437,10.574,4520,0
20150626,10.53,10.628,10.432,10.456,4319,0
20150629,9.762,10.574,9.743,10.2,20169,0
20150630,10.589,10.589,10.186,10.186,8244,0
20150701,10.609,10.609,10.441,10.53,12111,0
20150702,10.53,10.628,10.501,10.628,12259,0
20150703,10.589,10.678,10.56,10.56,3768,0
20150706,10.973,10.973,10.678,10.825,19582,0
20150707,11.022,11.12,10.879,10.968,28503,0
20150708,11.022,11.022,10.855,11.007,13784,0
20150709,11.017,11.061,10.865,10.865,12711,0
20150710,11.022,11.022,10.934,10.934,7262,0
20150713,11.17,11.298,11.002,11.194,28417,0
20150714,11.298,11.386,11.125,11.219,15323,0
20150715,11.598,11.598,11.071,11.071,5809,0
20150716,11.155,11.219,11.022,11.219,11548,0
20150717,11.224,11.268,11.17,11.224,5180,0
20150720,11.386,11.563,11.229,11.317,37095,0
20150721,11.367,11.46,11.278,11.421,17190,0
20150722,11.342,11.544,11.298,11.544,4703,0
20150723,11.514,11.74,11.514,11.74,9077,0
20150724,11.519,11.804,11.519,11.711,16688,0
20150727,11.809,11.809,11.598,11.598,8998,0
20150728,11.696,11.982,11.529,11.691,23242,0
20150729,11.711,11.711,11.494,11.509,8611,0
20150730,11.583,11.598,11.263,11.263,10489,0
20150731,11.465,11.465,11.219,11.258,7932,0
20150803,11.514,11.736,11.465,11.736,6990,0
20150804,11.731,11.987,11.731,11.987,15372,0
20150805,11.864,12.188,11.859,12.134,12713,0
20150806,12.124,12.498,12.114,12.306,24948,0
20150807,12.006,12.513,12.006,12.513,17543,0
20150810,12.213,12.336,12.006,12.252,9865,0
20150811,12.252,12.252,11.962,11.962,3747,0
20150812,11.908,11.952,11.524,11.524,18061,0
20150813,11.613,11.893,11.573,11.804,15972,0
20150814,11.996,11.996,11.809,11.996,6506,0
20150817,11.662,12.198,11.662,11.937,6592,0
20150818,11.819,11.903,11.681,11.691,3905,0
20150819,11.677,11.947,11.376,11.376,10365,0
20150820,11.367,11.539,11.258,11.258,9394,0
20150821,11.022,11.071,10.874,10.874,13579,0
20150824,10.835,10.914,10.579,10.579,28856,0
20150825,11.12,11.12,10.722,10.825,11181,0
20150826,10.963,11.165,10.835,11.061,5936,0
20150827,11.622,11.622,11.263,11.263,4931,0
20150828,11.229,11.288,11.229,11.288,72,0
20150831,10.934,11.504,10.934,11.499,6825,0
20150901,11.258,11.307,11.032,11.13,6815,0
20150902,11.214,11.637,11.214,11.563,18733,0
20150903,11.696,11.957,11.647,11.957,10967,0
20150904,11.957,11.957,11.622,11.844,3958,0
20150907,11.696,11.8,11.529,11.534,18210,0
20150908,11.514,11.755,11.514,11.637,4109,0
20150909,11.79,11.79,11.558,11.642,603,0
20150910,11.652,11.652,11.327,11.327,2510,0
20150911,11.509,11.509,11.14,11.14,4682,0
20150914,11.224,11.514,11.12,11.421,13684,0
20150915,11.613,11.711,11.411,11.44,11175,0
20150916,11.603,11.913,11.524,11.632,14848,0
20150917,11.721,11.721,11.46,11.46,884,0
20150918,11.647,11.765,11.647,11.745,13293,0
20150921,11.75,11.75,11.524,11.617,424,0
20150922,11.563,11.745,11.563,11.711,3808,0
20150923,11.706,11.706,11.435,11.435,4474,0
20150924,11.435,11.859,11.435,11.711,20521,0
20150925,11.681,11.864,11.681,11.8,3784,0
20150928,11.868,11.868,11.593,11.76,10959,0
20150929,11.696,11.854,11.593,11.854,4328,0
20150930,11.918,11.918,11.637,11.809,5320,0
20151001,11.809,11.809,10.899,10.899,171000,0
20151002,11.101,11.307,10.909,11.022,47437,0
20151005,11.106,11.504,11.106,11.504,27160,0
20151006,11.554,11.745,11.46,11.573,9536,0
20151007,11.696,11.731,11.613,11.706,9371,0
20151008,11.711,11.809,11.652,11.809,12788,0
20151009,11.731,11.809,11.731,11.809,14411,0
20151012,11.809,11.809,11.77,11.809,6230,0
20151013,11.77,11.809,11.696,11.809,14992,0
20151014,11.632,11.75,11.632,11.75,2524,0
20151015,11.775,11.809,11.681,11.809,3951,0
20151016,11.809,11.809,11.75,11.809,10066,0
20151019,11.908,12.306,11.908,12.252,31174,0
20151020,12.247,12.252,12.119,12.203,11703,0
20151021,12.208,12.208,11.878,11.878,10471,0
20151022,11.957,12.139,11.913,12.095,7792,0
20151023,12.203,12.449,11.859,12.449,18412,0
20151026,12.449,12.449,11.932,11.932,10871,0
20151027,12.006,12.262,11.977,12.262,3998,0
20151028,12.297,12.356,12.134,12.356,7429,0
20151029,12.301,12.641,12.301,12.597,50029,0
20151030,12.306,12.607,12.306,12.607,8263,0
20151102,12.4,12.577,12.4,12.498,8635,0
20151103,12.469,12.695,12.469,12.646,10200,0
20151104,12.774,12.774,12.597,12.734,16417,0
20151105,12.784,12.99,12.784,12.921,11109,0
20151106,12.941,13.079,12.941,13.079,11014,0
20151109,13.089,13.433,13.044,13.404,20353,0
20151110,13.433,13.728,13.02,13.281,26681,0
20151111,13.286,13.507,13.187,13.187,11511,0
20151112,13.192,13.379,13.143,13.374,11944,0
20151113,13.236,13.532,13.231,13.507,4127,0
20151116,13.089,13.482,12.99,13.482,7495,0
20151117,13.512,13.63,13.438,13.62,22991,0
20151118,13.62,13.62,13.138,13.207,6660,0
20151119,13.118,13.281,13.118,13.197,4278,0
20151120,13.551,13.551,13.138,13.187,8246,0
20151123,13.182,13.192,12.38,12.38,21744,0
20151124,12.38,12.744,12.38,12.646,10310,0
20151125,12.646,13.044,12.646,13.044,11083,0
20151126,12.99,13.103,12.646,12.734,16600,0
20151127,12.98,12.98,12.734,12.784,12180,0
20151130,12.793,12.877,12.784,12.784,8248,0
20151201,12.966,12.971,12.803,12.848,3173,0
20151202,12.98,12.98,12.798,12.798,3008,0
20151203,12.892,12.966,12.803,12.818,3259,0
20151204,12.921,12.931,12.784,12.784,3646,0
20151207,12.784,12.877,12.784,12.853,2726,0
20151208,12.813,12.892,12.784,12.848,3766,0
20151209,12.793,12.897,12.784,12.784,3679,0
20151210,12.936,12.936,12.784,12.784,5746,0
20151211,12.882,12.882,12.744,12.744,11228,0
20151214,12.882,12.882,12.695,12.7,11858,0
20151215,12.789,12.793,12.695,12.793,2866,0
20151216,12.793,12.793,12.734,12.734,8759,0
20151217,12.695,12.882,12.695,12.793,11530,0
20151218,12.779,13.079,12.695,13.02,21612,0
20151221,13,13,12.793,12.793,3395,0
20151222,12.956,12.956,12.784,12.857,2135,0
20151223,12.818,12.867,12.803,12.813,1124,0
20151228,12.784,12.793,12.784,12.784,2343,0
20151229,12.793,12.793,12.695,12.695,7514,0
20151230,12.764,12.789,12.695,12.695,3906,0
20160104,12.793,13.468,12.695,13.468,17178,0
20160105,13.286,13.315,13.059,13.315,10944,0
20160106,13.453,13.517,13.182,13.187,8708,0
20160107,13.167,13.167,12.695,12.813,11072,0
20160108,12.793,13.044,12.793,13.03,2839,0
20160111,12.872,12.936,12.823,12.862,3292,0
20160112,12.941,13.148,12.912,12.99,22193,0
20160113,12.956,13.108,12.946,13.108,10059,0
20160114,13.079,13.079,12.892,12.892,17401,0
20160115,12.862,12.98,12.818,12.951,7826,0
20160118,12.98,12.98,12.774,12.774,7038,0
20160119,12.912,13.089,12.892,12.892,13910,0
20160120,12.985,12.99,12.695,12.695,12331,0
20160121,12.872,12.872,12.72,12.793,7533,0
20160122,12.857,12.892,12.793,12.887,4480,0
20160125,12.813,12.892,12.813,12.862,3283,0
20160126,12.892,13.02,12.828,12.985,1110,0
20160127,12.99,13.02,12.892,12.912,1704,0
20160128,12.995,13.02,12.897,12.985,2447,0
20160129,12.995,13.138,12.951,13.113,4874,0
20160201,13.172,13.172,12.941,13.079,8909,0
20160202,13.089,13.108,12.99,13.025,2174,0
20160203,12.941,13.138,12.941,12.985,3898,0
20160204,13.074,13.074,12.931,12.931,1009,0
20160205,13.01,13.133,12.946,12.956,6951,0
20160208,12.931,12.956,12.297,12.297,9636,0
20160209,11.957,12.744,11.918,12.562,37951,0
20160210,12.793,12.793,12.479,12.547,10111,0
20160211,12.68,12.7,12.449,12.7,8357,0
20160212,12.498,12.774,12.498,12.769,7300,0
20160215,12.803,13.089,12.803,13.089,13863,0
20160216,13.158,13.187,12.971,13.138,6635,0
20160217,13.138,13.138,13.044,13.089,7749,0
20160218,13.187,13.335,13.167,13.236,6888,0
20160219,13.04,13.281,13.04,13.118,250,0
20160222,13.089,13.369,13.089,13.29,9598,0
20160223,13.241,13.423,13.177,13.227,9950,0
20160224,13.089,13.187,13.089,13.089,12667,0
20160225,13.118,13.187,13.059,13.172,8386,0
20160226,13.172,13.172,13.089,13.089,12624,0
20160229,13.172,13.512,13.138,13.512,17815,0
20160301,13.566,13.6,13.453,13.482,2631,0
20160302,13.477,13.546,13.246,13.246,5099,0
20160303,13.241,13.704,13.177,13.704,15427,0
20160304,13.728,14.457,13.63,14.26,55123,0
20160307,14.211,14.235,14.078,14.161,5235,0
20160308,14.132,14.171,13.906,13.906,12589,0
20160309,13.876,14.166,13.876,14.166,17306,0
20160310,14.038,14.122,13.994,14.122,10806,0
20160311,13.876,14.073,13.876,13.979,4210,0
20160314,13.955,14.063,13.866,13.866,7543,0
20160315,14.024,14.024,13.881,13.881,2254,0
20160316,14.073,14.073,13.866,13.974,3551,0
20160317,13.965,13.965,13.778,13.945,5043,0
20160318,13.92,13.925,13.906,13.925,1017,0
20160321,14.073,14.073,13.915,13.97,10342,0
20160322,13.974,13.974,13.433,13.901,18283,0
20160323,13.896,13.896,13.586,13.586,10305,0
20160324,13.546,13.546,13.32,13.32,9079,0
20160329,13.404,13.428,13.163,13.163,11681,0
20160330,13.163,13.463,13.163,13.187,17012,0
20160331,13.256,13.359,13.133,13.187,26767,0
20160401,13.35,13.507,13.256,13.507,11739,0
20160404,13.236,13.61,13.236,13.581,9354,0
20160405,13.463,13.527,13.433,13.492,1360,0
20160406,13.477,13.477,13.236,13.236,3970,0
20160407,13.236,13.32,13.138,13.241,6657,0
20160408,13.143,13.271,13.138,13.138,10608,0
20160411,13.281,13.281,13.236,13.236,4037,0
20160412,13.236,13.241,12.872,12.872,8853,0
20160413,12.607,12.651,12.331,12.464,41556,0
20160414,12.498,12.498,12.405,12.498,2593,0
20160415,12.449,12.488,12.351,12.415,3555,0
20160418,12.518,12.764,12.508,12.651,9596,0
20160419,12.685,12.99,12.685,12.764,2569,0
20160420,12.793,12.838,12.744,12.779,829,0
20160421,12.784,12.818,12.646,12.739,4620,0
20160422,12.72,13.148,12.72,13.148,12642,0
20160425,12.956,13.128,12.956,13.128,9065,0
20160426,13.177,13.448,13.138,13.354,5258,0
20160427,13.276,13.379,13.231,13.231,2694,0
20160428,13.187,13.364,12.744,12.744,26456,0
20160429,12.744,12.941,12.744,12.793,4418,0
20160502,13.236,13.236,12.946,12.956,11175,0
20160503,12.976,12.98,12.498,12.498,8145,0
20160504,12.4,12.995,12.4,12.843,9713,0
20160505,12.803,12.897,12.661,12.803,5111,0
20160506,12.897,12.897,12.72,12.72,5170,0
20160509,12.67,12.941,12.636,12.838,25043,0
20160510,12.995,13.138,12.759,12.941,16476,0
20160511,13.059,13.256,13.059,13.143,4685,0
20160512,13.069,13.29,13.01,13.01,13496,0
20160513,12.985,13.15,12.895,12.895,1750,0
20160517,13.03,13.35,13,13.25,6169,0
20160518,13.115,13.225,13,13,1334,0
20160519,13.105,13.2,13,13.2,792,0
20160520,13.105,13.115,13.105,13.115,718,0
20160523,13.1,13.285,12.98,12.98,5472,0
20160524,13,13,12.895,12.895,3750,0
20160525,12.915,13.025,12.915,13,2491,0
20160526,13.005,13.195,13,13,1021,0
20160527,13,13.095,13,13,842,0
20160530,13.005,13.15,13.005,13.095,5231,0
20160531,13.1,13.19,13.1,13.13,162,0
20160601,13.13,13.195,13.12,13.12,357,0
20160602,13.1,13.15,13.1,13.13,698,0
20160603,13.07,13.2,13.01,13.01,10976,0
20160606,13.01,13.105,13.01,13.04,7388,0
20160607,13,13.105,13,13.01,6642,0
20160608,13.005,13.2,13,13.115,39816,0
20160609,13,13.24,13,13.12,5514,0
20160610,13.015,13.21,13.015,13.15,24835,0
20160613,13.15,13.34,13.01,13.115,18252,0
20160614,13.1,13.155,13.07,13.07,36981,0
20160615,13.15,13.295,13.13,13.15,2503,0
20160616,13.02,13.34,13.02,13.02,5555,0
20160617,13.1,13.21,13.045,13.1,4830,0
20160620,13.29,13.3,13.11,13.11,10469,0
20160621,13.15,13.15,13.115,13.12,1630,0
20160622,13.11,13.145,13.005,13.01,967,0
20160623,13,13.13,13,13.05,1919,0
20160624,12.9,13.1,12,12.8,11164,0
20160627,12.5,12.885,12.5,12.67,4885,0
20160628,12.685,13.14,12.63,12.9,9890,0
20160629,13.095,13.095,12.9,12.98,6969,0
20160630,13.2,13.2,12.63,12.65,10992,0
20160701,12.765,13.1,12.765,13.1,4738,0
20160704,13.35,13.35,13,13.125,2104,0
20160705,13.105,13.35,13.1,13.3,7821,0
20160706,13.205,13.335,13.095,13.21,2499,0
20160707,13.395,13.655,13.29,13.385,1921,0
20160708,13.425,13.885,13.345,13.885,20259,0
20160711,13.685,13.995,13.685,13.98,6046,0
20160712,14,14.165,13.85,13.85,8425,0
20160713,13.85,13.85,13.8,13.85,7574,0
20160714,13.85,14.145,13.85,14.06,5182,0
20160715,14.085,14.085,13.865,13.985,2750,0
20160718,13.81,13.975,13.8,13.835,7071,0
20160719,13.855,13.855,13.8,13.85,3233,0
20160720,13.85,13.855,13.615,13.855,3187,0
20160721,13.83,13.91,13.765,13.9,1018,0
20160722,13.83,13.9,13.755,13.9,731,0
20160725,13.765,13.87,13.73,13.75,2049,0
20160726,13.785,13.825,13.655,13.68,2283,0
20160727,13.66,13.745,13.3,13.6,22999,0
20160728,13.62,13.75,13.5,13.74,4240,0
20160729,13.685,13.8,13.685,13.745,1634,0
20160801,13.7,13.84,13.505,13.745,5916,0
20160802,13.7,13.72,13.5,13.67,11657,0
20160803,13.67,13.755,13.635,13.65,7230,0
20160804,13.505,13.75,13.505,13.695,8908,0
20160805,13.555,13.85,13.555,13.85,6937,0
20160808,13.75,13.83,13.59,13.75,7009,0
20160809,13.745,13.835,13.7,13.8,9092,0
20160810,13.82,14,13.8,13.805,10448,0
20160811,14.05,14.05,13.89,13.92,3400,0
20160812,13.92,14,13.92,14,11137,0
20160815,13.95,14,13.95,13.95,3981,0
20160816,13.95,14,13.825,14,4762,0
20160817,13.95,13.99,13.85,13.85,4929,0
20160818,13.755,13.97,13.75,13.9,2084,0
20160819,13.7,13.775,13.64,13.775,1460,0
20160822,13.66,13.895,13.66,13.82,2236,0
20160823,13.615,13.895,13.615,13.83,4060,0
20160824,13.62,13.78,13.62,13.75,1382,0
20160825,13.7,13.7,13.41,13.54,3560,0
20160826,13.415,13.49,13.385,13.385,2302,0
20160829,13.385,13.49,13.305,13.335,2856,0
20160830,13.385,13.79,13.385,13.65,5062,0
20160831,13.6,13.87,13.6,13.83,8290,0
20160901,13.825,13.825,13.745,13.79,9517,0
20160902,13.725,13.725,13.625,13.625,314,0
20160905,13.38,13.73,13.38,13.665,3769,0
20160906,13.64,13.835,13.64,13.8,4235,0
20160907,13.85,13.87,13.675,13.8,8897,0
20160908,13.82,13.87,13.82,13.82,2791,0
20160909,13.825,13.865,13.725,13.8,3429,0
20160912,13.4,13.86,13.4,13.75,2626,0
20160913,13.685,13.835,13.685,13.76,1216,0
20160914,13.675,13.865,13.675,13.72,1613,0
20160915,13.7,13.7,13.4,13.56,11359,0
20160916,13.695,13.695,13.4,13.4,2592,0
20160919,13.5,13.7,13.405,13.7,2031,0
20160920,13.66,13.7,13.55,13.7,850,0
20160921,13.6,13.6,13.6,13.6,1063,0
20160922,13.7,13.7,13.555,13.565,2617,0
20160923,13.58,13.58,13.46,13.46,864,0
20160926,13.5,13.63,13.47,13.63,3090,0
20160927,13.5,13.5,13.28,13.315,3058,0
20160928,13.475,13.475,13.3,13.38,2200,0
20160929,13.35,13.4,13,13.22,20721,0
20160930,13.2,13.345,13.16,13.245,3033,0
20161004,13.245,13.25,13.06,13.06,5657,0
20161005,13.06,13.3,13.045,13.115,971,0
20161006,13.105,13.305,13.105,13.2,1852,0
20161007,13.06,13.2,13.06,13.105,2493,0
20161010,13.065,13.065,12.9,12.955,5526,0
20161011,13,13,12.775,12.78,3091,0
20161012,12.895,12.895,12.63,12.63,4241,0
20161013,12.61,12.61,12.4,12.4,6694,0
20161014,12.3,12.625,12.3,12.5,2313,0
20161017,12.4,12.4,12.375,12.375,356,0
20161018,12.3,12.6,12.24,12.24,2862,0
20161019,12.275,12.37,11.75,12.03,16461,0
20161020,11.9,12.2,11.9,11.905,9104,0
20161021,12,12.35,11.91,11.97,8786,0
20161024,12.335,12.335,12.065,12.28,3706,0
20161025,12.24,12.345,12.24,12.335,1019,0
20161026,12.06,12.395,12.06,12.35,5340,0
20161027,12.2,12.205,12.06,12.105,4349,0
20161028,12.01,12.23,12,12.005,8666,0
20161031,12.1,12.245,12.1,12.115,4034,0
20161101,12.105,12.105,12.005,12.005,1582,0
20161102,12,12.155,11.98,12.035,9328,0
20161103,12,12.105,12,12,4355,0
20161104,12,12.1,12,12,4686,0
20161107,12.01,12.15,12,12,6572,0
20161108,12,12.075,12,12,5419,0
20161109,12,12.23,12,12.065,2780,0
20161110,12.13,12.13,12,12,2409,0
20161111,12,12.06,11.91,11.97,9437,0
20161114,11.97,12.035,11.97,12.02,6271,0
20161115,12.02,12.04,12.02,12.04,281,0
20161116,11.98,12.005,11.96,11.995,9839,0
20161117,11.965,12.115,11.965,11.99,17942,0
20161118,11.96,12,11.96,11.96,773,0
20161121,11.96,12.33,11.955,12.2,59768,0
20161122,12.2,12.435,12.135,12.305,1424,0
20161123,12.105,12.19,12.05,12.19,1586,0
20161124,12,12.27,12,12.075,430,0
20161125,12.245,12.245,12.245,12.245,222,0
20161128,12.225,12.225,12.1,12.1,561,0
20161129,12.065,12.065,11.89,11.89,3916,0
20161130,11.83,12.05,11.71,11.9,3471,0
20161201,11.42,11.685,11.42,11.56,7250,0
20161202,11.45,11.59,11.45,11.475,986,0
20161205,11.555,11.65,11.35,11.35,4369,0
20161206,11.415,11.415,10.55,11.045,20166,0
20161207,11.1,11.15,10.99,11.035,4590,0
20161208,11.02,11.18,11.01,11.03,13136,0
20161209,11.145,11.22,11.11,11.19,14215,0
20161212,11.22,11.48,11.205,11.48,1592,0
20161213,11.4,11.485,11.4,11.48,4532,0
20161214,11.3,11.61,11.3,11.61,9658,0
20161215,11.595,11.8,11.595,11.77,6982,0
20161216,11.635,11.85,11.6,11.65,8365,0
20161219,11.745,11.75,11.7,11.7,9729,0
20161220,11.7,11.79,11.69,11.75,2030,0
20161221,11.75,12,11.7,11.95,13118,0
20161222,11.8,11.9,11.8,11.825,4839,0
20161223,11.76,12,11.76,12,1581,0
20161227,11.9,12.18,11.9,12.05,5101,0
20161228,12.045,12.175,12,12,8220,0
20161229,12,12.05,11.98,12.05,3925,0
20161230,12.1,12.2,12.05,12.2,8799,0
20170102,12,12.25,12,12.055,3967,0
20170103,12,12.18,12,12.145,7011,0
20170104,12.03,12.03,11.98,12.025,1722,0
20170105,11.95,12.03,11.885,12.03,3209,0
20170106,12.03,12.03,11.95,12.03,1290,0
20170109,12.15,12.15,11.95,11.955,1991,0
20170110,12.14,12.14,11.88,12.115,7511,0
20170111,12,12.05,11.87,11.995,7209,0
20170112,11.9,11.9,11.8,11.83,3949,0
20170113,11.5,11.83,11.5,11.83,1560,0
20170116,11.8,11.975,11.585,11.925,9603,0
20170117,11.975,12.095,11.925,12,6285,0
20170118,12.01,12.085,12,12,1713,0
20170119,12.01,12.24,11.845,11.92,15000,0
20170120,12.09,12.275,12,12.085,4535,0
20170123,12,12,11.8,11.8,2873,0
20170124,11.9,11.9,11.82,11.85,3381,0
20170125,11.9,11.9,11.56,11.8,23743,0
20170126,11.7,11.8,11.51,11.72,12214,0
20170127,11.63,11.74,11.63,11.69,5230,0
20170130,11.9,11.98,11.735,11.965,17494,0
20170131,12.085,12.085,11.755,11.89,6194,0
20170201,11.845,11.99,11.75,11.8,10094,0
20170202,11.8,12.04,11.8,11.985,5883,0
20170203,11.955,12.075,11.955,12.07,5943,0
20170206,11.95,12.075,11.95,12.05,2382,0
20170207,11.95,12,11.91,11.945,6891,0
20170208,11.905,11.95,11.9,11.95,5139,0
20170209,11.9,11.9,11.72,11.765,6932,0
20170210,11.78,11.895,11.78,11.78,5448,0
20170213,11.775,11.855,11.755,11.855,11917,0
20170214,11.765,11.895,11.76,11.815,4655,0
20170215,11.81,12.075,11.81,12,84104,0
20170216,12.005,12.06,11.995,12.055,28384,0
20170217,12.065,12.075,12,12.02,4370,0
20170220,12,12.075,12,12,8275,0
20170221,12,12.075,12,12,10166,0
20170222,12.07,12.55,12.04,12.42,34735,0
20170223,12.53,12.64,12.34,12.34,12462,0
20170224,12.5,12.5,12.22,12.335,2896,0
20170227,12.265,12.32,12.245,12.245,3476,0
20170228,12.27,12.3,12.26,12.3,2505,0
20170301,12.35,12.35,12.2,12.25,14050,0
20170302,12.11,12.27,12.11,12.225,3656,0
20170303,12.105,12.22,12.105,12.21,6181,0
20170306,12.15,12.23,12.15,12.22,4373,0
20170307,12.155,12.21,12.15,12.15,5097,0
20170308,12.155,12.155,12.1,12.105,2463,0
20170309,12.25,12.25,12.1,12.16,7593,0
20170310,12.205,12.275,12.15,12.2,4745,0
20170313,12.05,12.26,12.05,12.26,3869,0
20170314,12.165,12.165,12,12.015,26020,0
20170315,12,12.205,12,12.105,107683,0
20170316,12,12.19,12,12.19,32356,0
20170317,12.19,12.2,12.1,12.2,5192,0
20170320,12.1,12.18,12.075,12.18,3694,0
20170321,12.18,12.32,12.17,12.245,26229,0
20170322,12.245,12.25,12.165,12.245,4310,0
20170323,12.28,12.29,12.15,12.235,4310,0
