Date,Open,High,Low,Close,Volume,OpenInt
20090407,0.185,0.21,0.18,0.2,26000,0
20090409,0.16,0.2,0.16,0.2,9930,0
20090414,0.16,0.188,0.11,0.16,11999,0
20090415,0.13,0.17,0.13,0.165,5500,0
20090416,0.125,0.18,0.125,0.17,3200,0
20090417,0.13,0.21,0.11,0.18,3000,0
20090420,0.14,0.21,0.14,0.18,2000,0
20090422,0.14,0.22,0.12,0.2,6500,0
20090427,0.16,0.2,0.11,0.2,26300,0
20090428,0.14,0.2,0.11,0.18,6300,0
20090429,0.14,0.18,0.11,0.15,5000,0
20090430,0.11,0.22,0.11,0.22,36429,0
20090504,0.18,0.27,0.18,0.27,24980,0
20090505,0.249,0.37,0.22,0.25,8679,0
20090506,0.21,0.29,0.18,0.23,40050,0
20090507,0.19,0.27,0.18,0.24,29728,0
20090508,0.2,0.24,0.18,0.24,18600,0
20090511,0.189,0.24,0.189,0.21,6001,0
20090512,0.17,0.21,0.17,0.196,4496,0
20090513,0.181,0.22,0.17,0.206,10000,0
20090514,0.181,0.228,0.17,0.209,8055,0
20090515,0.188,0.24,0.18,0.215,41000,0
20090519,0.18,0.27,0.18,0.25,22000,0
20090520,0.205,0.26,0.19,0.221,3500,0
20090522,0.18,0.26,0.18,0.2,23000,0
20090525,0.182,0.26,0.181,0.217,66580,0
20090526,0.184,0.21,0.18,0.205,17100,0
20090527,0.18,0.195,0.17,0.195,2700,0
20090528,0.17,0.195,0.17,0.195,230,0
20090529,0.17,0.195,0.17,0.195,36710,0
20090602,0.15,0.21,0.15,0.19,11200,0
20090603,0.17,0.21,0.17,0.19,100,0
20090604,0.17,0.21,0.17,0.195,28000,0
20090605,0.17,0.22,0.17,0.205,12000,0
20090608,0.18,0.23,0.18,0.21,11500,0
20090610,0.182,0.23,0.182,0.225,4146,0
20090612,0.21,0.225,0.21,0.21,11738,0
20090615,0.18,0.28,0.18,0.21,61673,0
20090616,0.18,0.21,0.18,0.2,1502,0
20090617,0.18,0.21,0.18,0.206,42500,0
20090622,0.18,0.206,0.18,0.2,1500,0
20090626,0.18,0.238,0.18,0.205,12800,0
20090629,0.18,0.23,0.172,0.204,2500,0
20090703,0.18,0.21,0.18,0.198,7600,0
20090706,0.18,0.2,0.18,0.196,4200,0
20090707,0.18,0.2,0.18,0.2,1800,0
20090713,0.18,0.196,0.17,0.195,7000,0
20090717,0.18,0.195,0.18,0.195,7000,0
20090721,0.18,0.195,0.17,0.195,5000,0
20090727,0.18,0.2,0.17,0.175,24500,0
20090728,0.14,0.2,0.14,0.175,500,0
20090729,0.16,0.18,0.14,0.14,10108,0
20090730,0.113,0.2,0.1,0.18,3515,0
20090803,0.15,0.175,0.103,0.151,32,0
20090804,0.12,0.175,0.103,0.17,52,0
20090805,0.15,0.2,0.103,0.155,6000,0
20090806,0.12,0.17,0.103,0.15,52,0
20090807,0.11,0.18,0.107,0.16,19552,0
20090810,0.13,0.187,0.13,0.169,20000,0
20090812,0.14,0.198,0.14,0.165,2630,0
20090813,0.16,0.189,0.15,0.15,51420,0
20090814,0.189,0.19,0.127,0.179,3000,0
20090817,0.139,0.189,0.139,0.179,12000,0
20090818,0.165,0.19,0.16,0.185,22400,0
20090819,0.15,0.21,0.149,0.175,5600,0
20090821,0.15,0.21,0.15,0.175,4000,0
20090824,0.15,0.2,0.15,0.198,46500,0
20090825,0.158,0.2,0.14,0.174,41179,0
20090826,0.15,0.174,0.132,0.159,3779,0
20090827,0.128,0.21,0.128,0.165,56625,0
20090828,0.13,0.175,0.13,0.161,121284,0
20090831,0.133,0.165,0.133,0.165,40000,0
20090901,0.125,0.17,0.11,0.17,2000,0
20090902,0.17,0.17,0.11,0.141,380,0
20090903,0.12,0.155,0.12,0.155,190,0
20090904,0.14,0.155,0.111,0.14,144604,0
20090907,0.12,0.18,0.12,0.16,19700,0
20090908,0.13,0.16,0.121,0.155,6750,0
20090909,0.13,0.16,0.13,0.153,10000,0
20090910,0.126,0.156,0.125,0.155,23921,0
20090911,0.13,0.145,0.112,0.14,100,0
20090914,0.14,0.155,0.13,0.155,7099,0
20090915,0.14,0.17,0.13,0.157,17270,0
20090916,0.14,0.165,0.14,0.165,24250,0
20090917,0.15,0.179,0.15,0.165,19000,0
20090918,0.15,0.18,0.145,0.165,14500,0
20090921,0.15,0.18,0.145,0.165,500,0
20090922,0.15,0.17,0.144,0.17,22400,0
20090923,0.16,0.179,0.144,0.16,113300,0
20090924,0.139,0.175,0.132,0.155,10900,0
20090925,0.135,0.18,0.135,0.163,13297,0
20090928,0.15,0.166,0.139,0.166,428,0
20090930,0.15,0.165,0.139,0.165,5750,0
20091001,0.15,0.165,0.13,0.165,2500,0
20091002,0.15,0.165,0.139,0.165,11800,0
20091006,0.15,0.16,0.15,0.15,20000,0
20091008,0.14,0.16,0.14,0.16,900,0
20091013,0.14,0.18,0.14,0.16,5000,0
20091014,0.14,0.165,0.14,0.165,800,0
20091016,0.14,0.17,0.14,0.16,1500,0
20091019,0.14,0.17,0.14,0.163,1300,0
20091020,0.163,0.165,0.14,0.16,500,0
20091021,0.16,0.17,0.14,0.163,6771,0
20091022,0.163,0.163,0.14,0.16,200,0
20091023,0.14,0.163,0.14,0.163,354,0
20091026,0.14,0.163,0.14,0.163,1000,0
20091028,0.16,0.163,0.139,0.163,13600,0
20091029,0.14,0.163,0.14,0.163,10900,0
20091030,0.14,0.17,0.14,0.16,43029,0
20091102,0.155,0.18,0.125,0.16,500,0
20091103,0.155,0.163,0.123,0.163,175,0
20091104,0.155,0.18,0.138,0.163,6300,0
20091110,0.137,0.158,0.13,0.13,3000,0
20091111,0.13,0.132,0.13,0.132,110,0
20091112,0.13,0.132,0.13,0.132,1500,0
20091113,0.13,0.144,0.13,0.144,3000,0
20091116,0.13,0.158,0.13,0.158,5000,0
20091117,0.13,0.171,0.13,0.158,15110,0
20091130,0.125,0.148,0.125,0.148,428,0
20091201,0.125,0.148,0.115,0.136,2200,0
20091202,0.115,0.136,0.102,0.131,11866,0
20091203,0.13,0.138,0.117,0.138,2000,0
20091204,0.126,0.149,0.115,0.148,9841,0
20091207,0.126,0.15,0.126,0.15,801,0
20091211,0.126,0.141,0.115,0.141,199,0
20091217,0.13,0.144,0.102,0.139,200,0
20091221,0.126,0.141,0.101,0.141,2165,0
20091228,0.126,0.141,0.125,0.141,176,0
20091230,0.126,0.147,0.121,0.139,307,0
20100105,0.126,0.149,0.126,0.143,1300,0
20100106,0.126,0.151,0.124,0.151,1,0
20100107,0.126,0.15,0.124,0.15,550,0
20100112,0.126,0.148,0.123,0.139,11,0
20100113,0.126,0.147,0.124,0.139,1071,0
20100114,0.126,0.148,0.124,0.138,350,0
20100115,0.126,0.14,0.124,0.14,10594,0
20100120,0.14,0.145,0.13,0.14,9145,0
20100122,0.101,0.145,0.101,0.139,2000,0
20100126,0.1,0.145,0.1,0.133,30000,0
20100128,0.1,0.142,0.1,0.123,30000,0
20100129,0.1,0.148,0.1,0.13,105093,0
20100201,0.11,0.149,0.101,0.137,1000,0
20100202,0.123,0.137,0.101,0.126,7500,0
20100203,0.101,0.149,0.101,0.127,12100,0
20100204,0.103,0.15,0.103,0.13,12070,0
20100205,0.11,0.149,0.103,0.125,2000,0
20100208,0.1,0.149,0.1,0.127,24350,0
20100209,0.104,0.15,0.075,0.125,3081,0
20100210,0.1,0.145,0.1,0.129,1000,0
20100215,0.114,0.15,0.092,0.145,29443,0
20100216,0.114,0.145,0.113,0.14,15000,0
20100217,0.114,0.143,0.092,0.143,905,0
20100218,0.12,0.143,0.096,0.133,300,0
20100219,0.115,0.133,0.094,0.133,3000,0
20100222,0.114,0.133,0.092,0.133,1300,0
20100224,0.114,0.14,0.093,0.133,802,0
20100226,0.115,0.14,0.105,0.14,2,0
20100304,0.103,0.128,0.103,0.128,5000,0
20100318,0.105,0.14,0.103,0.14,29509,0
20100319,0.14,0.16,0.101,0.158,4750,0
20100322,0.14,0.158,0.14,0.158,100,0
20100323,0.14,0.159,0.14,0.159,61,0
20100324,0.142,0.17,0.106,0.158,580,0
20100325,0.14,0.18,0.106,0.18,624,0
20100326,0.107,0.158,0.105,0.149,1000,0
20100330,0.11,0.18,0.104,0.18,100,0
20100401,0.105,0.143,0.102,0.106,451,0
20100406,0.106,0.143,0.106,0.132,5000,0
20100415,0.12,0.17,0.107,0.131,110500,0
20100419,0.13,0.135,0.126,0.128,1600,0
20100421,0.13,0.155,0.121,0.143,1214,0
20100422,0.13,0.154,0.123,0.154,500,0
20100426,0.13,0.155,0.126,0.155,3000,0
20100428,0.142,0.142,0.13,0.141,1100,0
20100429,0.13,0.141,0.13,0.14,17000,0
20100430,0.13,0.13,0.115,0.125,15900,0
20100503,0.121,0.139,0.114,0.139,1346,0
20100507,0.12,0.132,0.115,0.125,440,0
20100511,0.124,0.143,0.108,0.143,15701,0
20100512,0.125,0.145,0.12,0.145,12,0
20100517,0.124,0.175,0.108,0.142,41000,0
20100520,0.124,0.137,0.115,0.137,1330,0
20100608,0.1,0.138,0.1,0.13,1000,0
20100609,0.1,0.138,0.1,0.13,1000,0
20100610,0.1,0.135,0.1,0.135,562,0
20100611,0.11,0.139,0.1,0.13,3000,0
20100614,0.1,0.149,0.1,0.125,1000,0
20100615,0.1,0.145,0.1,0.13,1000,0
20100617,0.1,0.149,0.1,0.13,1098,0
20100618,0.1,0.13,0.1,0.12,9901,0
20100621,0.1,0.125,0.1,0.125,1159,0
20100622,0.1,0.135,0.1,0.13,1000,0
20100623,0.11,0.13,0.1,0.13,37500,0
20100629,0.103,0.12,0.103,0.12,20,0
20100708,0.105,0.134,0.102,0.13,6930,0
20100709,0.105,0.159,0.105,0.123,2300,0
20100712,0.105,0.178,0.105,0.178,23800,0
20100713,0.14,0.14,0.102,0.102,990,0
20100714,0.11,0.128,0.11,0.128,45524,0
20100716,0.105,0.14,0.102,0.132,2200,0
20100719,0.11,0.153,0.11,0.133,9000,0
20100720,0.153,0.153,0.112,0.133,10200,0
20100726,0.112,0.142,0.112,0.142,400,0
20100727,0.13,0.142,0.13,0.142,4878,0
20100729,0.13,0.144,0.13,0.142,949,0
20100803,0.13,0.15,0.13,0.142,13000,0
20100805,0.13,0.17,0.13,0.145,19983,0
20100806,0.13,0.15,0.13,0.145,1000,0
20100810,0.13,0.154,0.13,0.144,20000,0
20100811,0.13,0.16,0.118,0.12,21100,0
20100812,0.12,0.145,0.12,0.124,3001,0
20100813,0.105,0.142,0.105,0.124,514,0
20100816,0.105,0.139,0.101,0.121,8400,0
20100817,0.102,0.14,0.102,0.125,900,0
20100818,0.11,0.14,0.11,0.12,47950,0
20100819,0.11,0.13,0.11,0.12,2000,0
20100820,0.11,0.127,0.11,0.119,148,0
20100831,0.116,0.126,0.11,0.124,102,0
20100910,0.11,0.126,0.11,0.124,200,0
20100916,0.11,0.126,0.11,0.124,1200,0
20100927,0.11,0.126,0.11,0.124,1900,0
20100928,0.11,0.138,0.102,0.12,10000,0
20101007,0.105,0.125,0.105,0.119,1000,0
20101012,0.105,0.125,0.105,0.108,400,0
20101014,0.105,0.125,0.101,0.106,335,0
20101021,0.101,0.149,0.101,0.145,127813,0
20101022,0.13,0.135,0.125,0.132,15200,0
20101026,0.126,0.145,0.125,0.145,5000,0
20101027,0.13,0.131,0.125,0.131,7000,0
20101101,0.115,0.125,0.11,0.116,2100,0
20101103,0.115,0.125,0.111,0.12,2000,0
20101104,0.111,0.129,0.111,0.129,6590,0
20101105,0.115,0.129,0.111,0.129,7000,0
20101108,0.111,0.15,0.11,0.115,70120,0
20101111,0.127,0.163,0.125,0.162,55297,0
20101112,0.135,0.148,0.125,0.148,12000,0
20101115,0.132,0.162,0.125,0.162,13000,0
20101123,0.14,0.15,0.14,0.15,122,0
20101124,0.142,0.142,0.135,0.14,26000,0
20101130,0.131,0.14,0.131,0.14,1723,0
20101202,0.125,0.16,0.125,0.15,1500,0
20101206,0.125,0.161,0.125,0.161,6500,0
20101208,0.126,0.159,0.126,0.159,7777,0
20101214,0.125,0.144,0.125,0.142,8200,0
20101215,0.125,0.142,0.125,0.142,4,0
20101220,0.125,0.142,0.125,0.142,1100,0
20101223,0.125,0.142,0.125,0.142,26000,0
20101227,0.125,0.142,0.101,0.111,118526,0
20101228,0.11,0.139,0.11,0.13,10000,0
20101230,0.111,0.128,0.111,0.111,751,0
20110103,0.111,0.149,0.081,0.122,15800,0
20110104,0.121,0.13,0.12,0.13,1350,0
20110105,0.12,0.13,0.12,0.13,8396,0
20110106,0.12,0.137,0.12,0.13,2000,0
20110107,0.12,0.142,0.12,0.142,30690,0
20110111,0.126,0.143,0.125,0.132,30000,0
20110112,0.121,0.132,0.121,0.131,1200,0
20110118,0.121,0.132,0.121,0.13,4400,0
20110119,0.121,0.13,0.12,0.13,1000,0
20110126,0.121,0.132,0.121,0.132,2750,0
20110201,0.12,0.131,0.112,0.131,2012,0
20110207,0.13,0.136,0.13,0.136,293,0
20110208,0.13,0.136,0.13,0.132,10000,0
20110209,0.122,0.132,0.122,0.126,121,0
20110210,0.122,0.126,0.112,0.126,500,0
20110214,0.122,0.126,0.122,0.123,100000,0
20110215,0.115,0.123,0.112,0.123,660,0
20110217,0.115,0.123,0.112,0.123,660,0
20110218,0.115,0.123,0.115,0.123,1000,0
20110225,0.115,0.123,0.115,0.123,880,0
20110301,0.115,0.123,0.115,0.123,3090,0
20110303,0.122,0.132,0.12,0.131,58,0
20110307,0.122,0.132,0.122,0.132,2000,0
20110308,0.122,0.132,0.12,0.121,19000,0
20110309,0.1,0.121,0.082,0.115,18000,0
20110310,0.081,0.121,0.081,0.12,2470,0
20110311,0.081,0.121,0.081,0.1,132,0
20110314,0.121,0.135,0.081,0.134,8058,0
20110315,0.135,0.135,0.081,0.082,8000,0
20110316,0.087,0.134,0.087,0.134,10108,0
20110317,0.09,0.102,0.09,0.102,690,0
20110331,0.091,0.101,0.091,0.101,5000,0
20110404,0.092,0.1,0.087,0.1,20760,0
20110405,0.08,0.095,0.075,0.095,27000,0
20110406,0.08,0.095,0.071,0.09,20000,0
20110407,0.09,0.09,0.055,0.055,53273,0
20110408,0.052,0.061,0.052,0.061,14429,0
20110411,0.06,0.089,0.06,0.08,17500,0
20110412,0.061,0.088,0.06,0.063,3300,0
20110413,0.061,0.07,0.06,0.065,21163,0
20110415,0.061,0.065,0.061,0.062,11500,0
20110418,0.06,0.062,0.06,0.061,500,0
20110421,0.061,0.079,0.06,0.079,2000,0
20110426,0.06,0.087,0.06,0.066,28200,0
20110427,0.061,0.11,0.061,0.11,85843,0
20110428,0.08,0.126,0.08,0.101,62352,0
20110429,0.102,0.118,0.102,0.111,19470,0
20110502,0.104,0.129,0.06,0.12,2000,0
20110503,0.09,0.12,0.072,0.1,33900,0
20110504,0.062,0.12,0.062,0.09,13000,0
20110505,0.062,0.124,0.062,0.09,3000,0
20110506,0.062,0.115,0.062,0.098,1800,0
20110509,0.063,0.114,0.063,0.08,34100,0
20110510,0.08,0.11,0.065,0.075,12664,0
20110511,0.065,0.11,0.063,0.098,7164,0
20110512,0.07,0.097,0.07,0.091,30750,0
20110513,0.085,0.093,0.085,0.093,100,0
20110516,0.085,0.099,0.075,0.099,30000,0
20110517,0.071,0.098,0.071,0.082,27414,0
20110518,0.074,0.086,0.074,0.086,1160,0
20110519,0.081,0.095,0.075,0.086,23000,0
20110520,0.075,0.086,0.075,0.078,57247,0
20110523,0.075,0.086,0.063,0.079,800,0
20110524,0.086,0.086,0.071,0.083,60,0
20110530,0.083,0.087,0.071,0.087,275,0
20110531,0.08,0.088,0.071,0.08,6865,0
20110601,0.087,0.088,0.073,0.088,325,0
20110602,0.087,0.088,0.071,0.079,325,0
20110603,0.079,0.085,0.071,0.077,13065,0
20110607,0.071,0.077,0.071,0.073,27470,0
20110608,0.072,0.073,0.062,0.073,236,0
20110609,0.073,0.073,0.062,0.07,12000,0
20110614,0.072,0.075,0.061,0.075,14550,0
20110615,0.075,0.082,0.067,0.082,60,0
20110616,0.082,0.082,0.062,0.073,20000,0
20110622,0.07,0.076,0.069,0.069,6500,0
20110623,0.069,0.076,0.067,0.075,1000,0
20110628,0.068,0.076,0.068,0.068,7521,0
20110630,0.076,0.076,0.067,0.068,1,0
20110704,0.075,0.076,0.06,0.06,5479,0
20110705,0.076,0.077,0.061,0.061,487,0
20110706,0.077,0.077,0.061,0.062,15487,0
20110707,0.03,0.03,0.03,0.03,72346,0
20110708,0.085,0.085,0.052,0.052,4000,0
20110711,0.086,0.086,0.071,0.075,30000,0
20110713,0.075,0.078,0.075,0.075,13000,0
20110725,0.075,0.078,0.07,0.07,10000,0
20110726,0.078,0.1,0.067,0.075,67975,0
20110727,0.086,0.099,0.071,0.071,8500,0
20110728,0.086,0.095,0.071,0.071,7714,0
20110801,0.088,0.1,0.077,0.077,10000,0
20110802,0.088,0.095,0.086,0.086,10000,0
20110804,0.09,0.09,0.08,0.082,12700,0
20110805,0.082,0.082,0.073,0.073,10205,0
20110809,0.086,0.086,0.063,0.073,25035,0
20110812,0.084,0.084,0.069,0.069,1800,0
20110815,0.084,0.084,0.064,0.064,10000,0
20110818,0.07,0.08,0.07,0.07,1000,0
20110819,0.069,0.08,0.069,0.069,3000,0
20110822,0.075,0.08,0.069,0.069,10000,0
20110907,0.075,0.076,0.075,0.076,4000,0
20110914,0.062,0.08,0.062,0.08,10411,0
20110915,0.065,0.081,0.065,0.081,1000,0
20110916,0.081,0.082,0.066,0.082,6000,0
20110923,0.074,0.078,0.064,0.07,4000,0
20110929,0.063,0.071,0.063,0.07,2500,0
20111005,0.063,0.074,0.063,0.074,4599,0
20111014,0.068,0.074,0.068,0.07,17200,0
20111024,0.071,0.071,0.062,0.069,660,0
20111028,0.072,0.078,0.064,0.072,17200,0
20111102,0.067,0.07,0.065,0.065,7410,0
20111107,0.062,0.085,0.062,0.085,27000,0
20111108,0.07,0.096,0.07,0.096,10000,0
20111109,0.082,0.084,0.082,0.084,1500,0
20111114,0.069,0.084,0.069,0.074,25000,0
20111124,0.069,0.078,0.069,0.072,10900,0
20111128,0.065,0.072,0.065,0.065,900,0
20111129,0.051,0.068,0.051,0.066,10600,0
20111206,0.067,0.078,0.055,0.072,5000,0
20111207,0.099,0.099,0.064,0.066,3000,0
20111208,0.053,0.069,0.053,0.069,3300,0
20111209,0.069,0.069,0.049,0.05,132430,0
20111213,0.055,0.06,0.055,0.055,4989,0
20111215,0.042,0.065,0.042,0.043,7000,0
20111216,0.032,0.055,0.032,0.042,800,0
20111219,0.055,0.057,0.032,0.057,401078,0
20111221,0.044,0.06,0.044,0.06,1900,0
20111222,0.042,0.061,0.042,0.061,2400,0
20111223,0.046,0.061,0.046,0.048,800,0
20111227,0.048,0.056,0.035,0.056,25842,0
20111228,0.043,0.057,0.043,0.057,400,0
20111230,0.057,0.057,0.057,0.057,2800,0
20120111,0.05,0.063,0.05,0.05,5000,0
20120123,0.051,0.068,0.047,0.053,3220,0
20120127,0.051,0.066,0.051,0.055,21195,0
20120201,0.048,0.075,0.048,0.075,10000,0
20120202,0.061,0.063,0.061,0.063,141,0
20120203,0.048,0.063,0.048,0.063,15900,0
20120207,0.056,0.063,0.056,0.057,36100,0
20120208,0.048,0.057,0.043,0.047,2142,0
20120213,0.049,0.057,0.049,0.053,220,0
20120214,0.053,0.053,0.042,0.053,5,0
20120215,0.042,0.063,0.042,0.063,16056,0
20120220,0.048,0.053,0.047,0.049,60,0
20120221,0.053,0.063,0.049,0.063,21044,0
20120222,0.063,0.082,0.049,0.068,31000,0
20120224,0.053,0.071,0.053,0.056,4000,0
20120313,0.062,0.069,0.062,0.063,99,0
20120314,0.069,0.077,0.048,0.071,3000,0
20120315,0.063,0.071,0.063,0.065,5000,0
20120326,0.06,0.075,0.06,0.061,6000,0
20120327,0.047,0.075,0.047,0.057,9000,0
20120328,0.042,0.072,0.042,0.051,6000,0
20120329,0.036,0.067,0.036,0.067,15000,0
20120402,0.054,0.069,0.054,0.055,4000,0
20120403,0.04,0.055,0.04,0.055,9000,0
20120404,0.081,0.081,0.053,0.069,17000,0
20120405,0.069,0.071,0.054,0.071,9000,0
20120410,0.071,0.071,0.056,0.062,19000,0
20120412,0.051,0.067,0.037,0.067,41903,0
20120413,0.053,0.055,0.04,0.055,21793,0
20120416,0.04,0.055,0.04,0.054,20000,0
20120417,0.039,0.054,0.039,0.051,2750,0
20120419,0.051,0.052,0.051,0.052,2000,0
20120425,0.052,0.052,0.052,0.052,1,0
20120430,0.055,0.06,0.055,0.06,8000,0
20120508,0.06,0.06,0.031,0.059,8000,0
20120509,0.044,0.06,0.044,0.06,6400,0
20120530,0.031,0.06,0.031,0.034,330,0
20120531,0.02,0.05,0.02,0.05,22891,0
20120612,0.031,0.062,0.031,0.062,3443,0
20120613,0.048,0.056,0.048,0.05,1660,0
20120625,0.034,0.051,0.021,0.021,1000,0
20120626,0.022,0.053,0.022,0.053,12177,0
20120702,0.053,0.058,0.031,0.058,6128,0
20120703,0.058,0.084,0.043,0.058,3000,0
20120704,0.069,0.071,0.055,0.071,8000,0
20120712,0.061,0.08,0.061,0.08,8000,0
20120716,0.066,0.081,0.066,0.067,1237,0
20120719,0.055,0.081,0.055,0.056,110,0
20120724,0.071,0.073,0.042,0.073,7000,0
20120726,0.059,0.084,0.059,0.084,2500,0
20120730,0.069,0.074,0.056,0.072,750,0
20120803,0.053,0.074,0.053,0.074,5000,0
20120807,0.075,0.086,0.06,0.08,800,0
20120808,0.08,0.08,0.071,0.077,5000,0
20120815,0.067,0.078,0.067,0.068,700,0
20120817,0.055,0.088,0.055,0.074,25500,0
20120822,0.061,0.1,0.061,0.1,20000,0
20120917,0.07,0.087,0.07,0.087,1360,0
20120919,0.072,0.102,0.072,0.088,16000,0
20120921,0.073,0.1,0.073,0.085,24000,0
20120925,0.07,0.073,0.07,0.07,5000,0
20120926,0.07,0.098,0.07,0.083,10200,0
20121001,0.07,0.08,0.07,0.08,20000,0
20121008,0.067,0.073,0.067,0.068,7000,0
20121009,0.053,0.084,0.053,0.07,21000,0
20121011,0.05,0.081,0.05,0.081,1500,0
20121016,0.07,0.07,0.067,0.068,10000,0
20121019,0.067,0.078,0.052,0.078,1000,0
20121022,0.064,0.074,0.06,0.07,23001,0
20121024,0.07,0.071,0.057,0.07,22000,0
20121026,0.07,0.07,0.055,0.056,106998,0
20121029,0.057,0.066,0.05,0.066,4000,0
20121101,0.056,0.069,0.056,0.059,10,0
20121102,0.059,0.063,0.059,0.063,9604,0
20121105,0.05,0.06,0.05,0.06,4,0
20121106,0.05,0.073,0.05,0.073,1000,0
20121107,0.059,0.073,0.055,0.06,60000,0
20121109,0.05,0.067,0.05,0.067,1000,0
20121112,0.06,0.06,0.05,0.06,1000,0
20121113,0.06,0.065,0.051,0.064,11500,0
20121115,0.066,0.066,0.053,0.053,1500,0
20121123,0.05,0.062,0.05,0.059,11192,0
20121126,0.051,0.059,0.05,0.058,33405,0
20121128,0.051,0.055,0.035,0.053,102000,0
20121130,0.045,0.053,0.026,0.026,50330,0
20121203,0.026,0.038,0.026,0.038,2500,0
20121204,0.038,0.053,0.029,0.039,2830,0
20121205,0.014,0.044,0.014,0.044,61235,0
20121206,0.06,0.06,0.029,0.029,45000,0
20121207,0.029,0.04,0.029,0.04,51235,0
20121210,0.029,0.045,0.029,0.03,12000,0
20121213,0.045,0.045,0.03,0.045,1750,0
20121214,0.03,0.04,0.03,0.031,30000,0
20121219,0.053,0.072,0.053,0.072,76100,0
20121220,0.057,0.057,0.042,0.057,15000,0
20121227,0.057,0.057,0.03,0.05,1000,0
20121228,0.035,0.065,0.035,0.057,38750,0
20130102,0.035,0.057,0.035,0.035,142,0
20130104,0.036,0.05,0.036,0.037,142,0
20130110,0.02,0.05,0.02,0.044,23284,0
20130111,0.04,0.05,0.04,0.043,7000,0
20130116,0.035,0.06,0.035,0.048,8065,0
20130117,0.048,0.048,0.03,0.03,1000,0
20130118,0.03,0.061,0.03,0.061,165765,0
20130121,0.061,0.07,0.033,0.055,234761,0
20130122,0.061,0.061,0.04,0.043,3000,0
20130123,0.035,0.058,0.035,0.041,27800,0
20130129,0.04,0.056,0.039,0.039,96014,0
20130201,0.055,0.055,0.041,0.053,33900,0
20130204,0.054,0.065,0.039,0.039,4500,0
20130206,0.039,0.043,0.039,0.043,3129,0
20130208,0.035,0.058,0.035,0.055,10000,0
20130211,0.04,0.058,0.04,0.042,30652,0
20130213,0.036,0.065,0.036,0.065,100000,0
20130219,0.043,0.045,0.043,0.045,1550,0
20130220,0.04,0.058,0.04,0.058,22222,0
20130222,0.044,0.059,0.044,0.058,28459,0
20130225,0.058,0.069,0.044,0.054,17500,0
20130306,0.04,0.058,0.036,0.05,310,0
20130308,0.04,0.058,0.04,0.049,2000,0
20130311,0.049,0.058,0.049,0.052,880,0
20130312,0.042,0.058,0.042,0.052,2024,0
20130314,0.042,0.058,0.042,0.042,1700,0
20130320,0.051,0.058,0.04,0.04,2000,0
20130326,0.04,0.058,0.04,0.052,13000,0
20130328,0.046,0.058,0.046,0.049,234,0
20130404,0.058,0.063,0.046,0.063,10000,0
20130405,0.058,0.058,0.05,0.051,500,0
20130411,0.051,0.058,0.04,0.04,3000,0
20130416,0.04,0.058,0.04,0.049,10,0
20130423,0.045,0.058,0.045,0.049,1100,0
20130425,0.045,0.058,0.04,0.04,110,0
20130429,0.04,0.058,0.04,0.046,12,0
20130502,0.04,0.058,0.04,0.05,1660,0
20130503,0.035,0.049,0.035,0.045,385,0
20130506,0.035,0.049,0.035,0.035,501,0
20130507,0.038,0.049,0.038,0.039,14102,0
20130508,0.04,0.044,0.039,0.043,150,0
20130509,0.039,0.05,0.039,0.039,2,0
20130513,0.04,0.044,0.039,0.039,825,0
20130529,0.044,0.044,0.038,0.038,10000,0
20130530,0.044,0.044,0.038,0.038,2000,0
20130531,0.039,0.044,0.039,0.044,1000,0
20130605,0.043,0.063,0.043,0.048,38484,0
20130610,0.044,0.044,0.044,0.044,1500,0
20130611,0.046,0.047,0.046,0.047,1500,0
20130617,0.044,0.07,0.044,0.062,20000,0
20130621,0.051,0.052,0.039,0.039,10800,0
20130626,0.04,0.048,0.04,0.048,12000,0
20130628,0.04,0.063,0.04,0.054,15309,0
20130703,0.051,0.064,0.039,0.064,10000,0
20130708,0.049,0.064,0.049,0.049,25000,0
20130709,0.049,0.051,0.049,0.049,10000,0
20130723,0.051,0.051,0.04,0.04,30,0
20130801,0.051,0.051,0.047,0.048,2000,0
20130807,0.048,0.051,0.047,0.047,10000,0
20130808,0.051,0.051,0.047,0.047,12000,0
20130813,0.047,0.051,0.047,0.051,1119,0
20130814,0.05,0.051,0.05,0.05,220,0
20130827,0.047,0.052,0.047,0.047,9265,0
20130904,0.048,0.052,0.048,0.049,275,0
20130909,0.048,0.052,0.048,0.048,2000,0
20130910,0.048,0.05,0.035,0.048,4433,0
20130912,0.048,0.05,0.048,0.048,786,0
20130916,0.048,0.05,0.035,0.035,393,0
20130923,0.048,0.049,0.048,0.048,1320,0
20130924,0.048,0.05,0.048,0.048,2120,0
20130926,0.048,0.05,0.048,0.05,2120,0
20130930,0.038,0.065,0.038,0.05,5000,0
20131001,0.05,0.05,0.05,0.05,3000,0
20131002,0.035,0.05,0.035,0.049,2000,0
20131007,0.041,0.049,0.04,0.042,30400,0
20131010,0.04,0.049,0.04,0.044,10000,0
20131014,0.049,0.057,0.042,0.042,11250,0
20131018,0.044,0.049,0.036,0.036,83386,0
20131024,0.042,0.047,0.041,0.041,15000,0
20131025,0.041,0.047,0.036,0.036,17,0
20131028,0.036,0.045,0.036,0.041,10000,0
20131029,0.035,0.049,0.035,0.037,10300,0
20131031,0.038,0.045,0.038,0.038,20000,0
20131108,0.038,0.045,0.038,0.04,990,0
20131120,0.039,0.039,0.039,0.039,10000,0
20131125,0.038,0.04,0.03,0.04,330,0
20131126,0.039,0.04,0.035,0.04,462,0
20131127,0.039,0.042,0.035,0.042,25000,0
20131128,0.04,0.042,0.035,0.042,220,0
20131129,0.04,0.04,0.035,0.04,550,0
20131203,0.039,0.042,0.035,0.042,23810,0
20131204,0.04,0.049,0.035,0.047,27000,0
20131205,0.045,0.045,0.037,0.04,11730,0
20131206,0.039,0.042,0.037,0.039,385,0
20131216,0.039,0.04,0.035,0.035,25000,0
20131217,0.035,0.04,0.035,0.037,1300,0
20131218,0.035,0.04,0.035,0.037,1710,0
20131230,0.04,0.041,0.04,0.041,94985,0
20140108,0.04,0.04,0.035,0.037,2500,0
20140113,0.035,0.04,0.035,0.04,500,0
20140116,0.03,0.04,0.03,0.035,26000,0
20140120,0.035,0.035,0.017,0.017,11832,0
20140121,0.035,0.04,0.025,0.04,20000,0
20140122,0.03,0.04,0.026,0.026,1220,0
20140127,0.032,0.033,0.032,0.032,110,0
20140128,0.026,0.033,0.026,0.027,1000,0
20140129,0.026,0.033,0.025,0.025,12000,0
20140130,0.026,0.031,0.024,0.031,4000,0
20140204,0.025,0.04,0.02,0.04,3000,0
20140211,0.03,0.03,0.021,0.021,5,0
20140212,0.03,0.031,0.029,0.03,4505,0
20140213,0.029,0.031,0.029,0.029,220,0
20140214,0.03,0.031,0.029,0.031,5,0
20140219,0.029,0.03,0.021,0.021,774,0
20140220,0.03,0.031,0.021,0.031,774,0
20140225,0.023,0.028,0.021,0.028,1,0
20140304,0.025,0.029,0.022,0.025,150,0
20140307,0.025,0.029,0.022,0.025,16408,0
20140310,0.025,0.029,0.022,0.025,850,0
20140314,0.028,0.028,0.021,0.022,10646,0
20140318,0.025,0.028,0.021,0.022,646,0
20140325,0.025,0.028,0.021,0.022,2066,0
20140328,0.025,0.025,0.021,0.025,30000,0
20140403,0.029,0.03,0.026,0.026,3602,0
20140407,0.027,0.038,0.026,0.038,2000,0
20140411,0.029,0.029,0.026,0.026,4605,0
20140430,0.027,0.029,0.021,0.026,600,0
20140506,0.027,0.029,0.021,0.022,1500,0
20140527,0.027,0.029,0.021,0.022,28,0
20140529,0.027,0.049,0.021,0.049,81634,0
20140617,0.037,0.037,0.024,0.024,106,0
20140620,0.033,0.033,0.022,0.024,500,0
20140627,0.021,0.033,0.021,0.021,6000,0
20140702,0.022,0.03,0.021,0.021,9000,0
20140704,0.028,0.028,0.021,0.021,4000,0
20140715,0.032,0.032,0.022,0.022,5,0
20140724,0.023,0.023,0.022,0.022,2500,0
20140728,0.022,0.03,0.022,0.022,5000,0
20140731,0.023,0.023,0.022,0.022,9000,0
20140815,0.03,0.03,0.023,0.023,1030,0
20140901,0.023,0.03,0.023,0.03,5000,0
20140904,0.023,0.032,0.023,0.031,115,0
20140905,0.022,0.046,0.021,0.03,30885,0
20140911,0.028,0.04,0.028,0.031,1000,0
20140912,0.03,0.046,0.03,0.046,132583,0
20140915,0.035,0.056,0.03,0.03,2000,0
20140916,0.042,0.042,0.03,0.03,800,0
20140917,0.042,0.055,0.036,0.055,5000,0
20140925,0.036,0.11,0.03,0.11,165947,0
20140926,0.085,0.124,0.047,0.047,335945,0
20140929,0.054,0.064,0.044,0.044,9700,0
20140930,0.054,0.054,0.04,0.044,22200,0
20141001,0.044,0.054,0.044,0.053,32000,0
20141002,0.055,0.055,0.043,0.049,21600,0
20141007,0.048,0.05,0.046,0.047,10000,0
20141010,0.039,0.05,0.039,0.046,9000,0
20141013,0.039,0.05,0.039,0.046,11000,0
20141014,0.043,0.05,0.043,0.043,36000,0
20141015,0.032,0.042,0.03,0.042,101000,0
20141016,0.032,0.05,0.027,0.03,60000,0
20141017,0.048,0.048,0.03,0.031,10,0
20141020,0.03,0.03,0.03,0.03,26271,0
20141021,0.044,0.044,0.03,0.03,16000,0
20141022,0.044,0.044,0.03,0.03,6281,0
20141023,0.043,0.043,0.029,0.03,11958,0
20141029,0.043,0.043,0.026,0.03,10000,0
20141107,0.043,0.043,0.031,0.031,5954,0
20141110,0.045,0.045,0.031,0.031,1,0
20141111,0.045,0.045,0.031,0.031,394,0
20141112,0.031,0.04,0.031,0.031,1,0
20141113,0.031,0.041,0.031,0.031,14391,0
20141119,0.031,0.031,0.031,0.031,22000,0
20141125,0.045,0.045,0.026,0.031,20,0
20141127,0.045,0.045,0.027,0.031,6882,0
20141128,0.031,0.056,0.031,0.056,234167,0
20141201,0.065,0.065,0.045,0.045,39000,0
20141202,0.053,0.065,0.033,0.036,10000,0
20141203,0.051,0.051,0.033,0.033,15000,0
20141209,0.065,0.065,0.031,0.038,10000,0
20141211,0.065,0.065,0.038,0.038,5000,0
20141212,0.065,0.065,0.034,0.038,5000,0
20141216,0.04,0.04,0.038,0.038,6000,0
20141229,0.06,0.06,0.038,0.038,363,0
20141230,0.046,0.046,0.032,0.032,5047,0
20150105,0.064,0.064,0.038,0.038,31000,0
20150106,0.035,0.038,0.035,0.038,130,0
20150107,0.057,0.057,0.038,0.038,13,0
20150109,0.04,0.04,0.038,0.038,15000,0
20150120,0.05,0.052,0.032,0.032,1142,0
20150126,0.044,0.044,0.032,0.033,400,0
20150127,0.049,0.049,0.032,0.034,2000,0
20150202,0.05,0.05,0.034,0.034,20000,0
20150204,0.045,0.045,0.034,0.034,10000,0
20150217,0.037,0.053,0.037,0.053,11000,0
20150220,0.04,0.053,0.034,0.034,4800,0
20150223,0.04,0.049,0.034,0.034,220,0
20150302,0.04,0.043,0.04,0.04,11000,0
20150316,0.04,0.053,0.04,0.04,10000,0
20150317,0.04,0.043,0.04,0.04,17,0
20150319,0.04,0.043,0.04,0.04,15400,0
20150325,0.043,0.043,0.04,0.04,1428,0
20150331,0.04,0.151,0.04,0.151,234711,0
20150401,0.151,0.184,0.12,0.125,77429,0
20150407,0.102,0.105,0.102,0.105,10000,0
20150408,0.087,0.139,0.087,0.139,5000,0
20150409,0.154,0.156,0.154,0.155,20208,0
20150410,0.156,0.156,0.156,0.156,15000,0
20150413,0.152,0.152,0.152,0.152,1008,0
20150416,0.152,0.152,0.152,0.152,4768,0
20150421,0.153,0.153,0.153,0.153,10000,0
20150423,0.154,0.154,0.154,0.154,10000,0
20150427,0.155,0.229,0.155,0.2,40876,0
20150428,0.189,0.189,0.189,0.189,19150,0
20150429,0.16,0.16,0.16,0.16,300,0
20150430,0.149,0.149,0.149,0.149,23076,0
20150505,0.141,0.141,0.141,0.141,5000,0
20150508,0.219,0.219,0.219,0.219,20000,0
20150513,0.152,0.152,0.151,0.151,5300,0
20150518,0.136,0.136,0.136,0.136,80,0
20150520,0.143,0.169,0.122,0.169,9997,0
20150526,0.15,0.18,0.15,0.18,3353,0
20150528,0.15,0.17,0.15,0.17,550,0
20150601,0.15,0.152,0.15,0.152,121,0
20150602,0.15,0.151,0.15,0.151,1000,0
20150605,0.15,0.155,0.15,0.155,100,0
20150609,0.179,0.179,0.179,0.179,4000,0
20150610,0.15,0.155,0.15,0.155,2500,0
20150611,0.15,0.177,0.15,0.177,28664,0
20150617,0.133,0.133,0.124,0.124,12233,0
20150622,0.125,0.125,0.125,0.125,2970,0
20150702,0.117,0.14,0.117,0.14,10000,0
20150710,0.146,0.146,0.146,0.146,5000,0
20150716,0.145,0.146,0.145,0.146,800,0
20150721,0.145,0.145,0.145,0.145,15000,0
20150723,0.116,0.192,0.116,0.124,5110,0
20150724,0.116,0.117,0.116,0.117,15000,0
20150731,0.114,0.114,0.114,0.114,11000,0
20150804,0.12,0.12,0.12,0.12,5710,0
20150818,0.105,0.105,0.095,0.095,9055,0
20150820,0.133,0.133,0.133,0.133,5000,0
20150824,0.12,0.13,0.12,0.13,81,0
20150826,0.12,0.177,0.12,0.177,10000,0
20150827,0.142,0.142,0.142,0.142,1,0
20150828,0.12,0.167,0.12,0.167,633,0
20150901,0.122,0.122,0.122,0.122,370,0
20150915,0.121,0.122,0.121,0.122,22000,0
20150923,0.138,0.138,0.122,0.122,15000,0
20151001,0.12,0.125,0.12,0.125,281,0
20151009,0.12,0.121,0.12,0.121,1000,0
20151012,0.12,0.121,0.12,0.121,6241,0
20151014,0.12,0.227,0.12,0.165,107035,0
20151015,0.165,0.2,0.146,0.159,71030,0
20151019,0.136,0.137,0.136,0.137,7000,0
20151020,0.131,0.168,0.131,0.168,2000,0
20151023,0.165,0.165,0.165,0.165,16000,0
20151026,0.143,0.167,0.143,0.167,1118,0
20151029,0.167,0.167,0.167,0.167,5000,0
20151104,0.146,0.19,0.146,0.19,23500,0
20151105,0.188,0.189,0.188,0.189,6500,0
20151106,0.152,0.175,0.152,0.155,9002,0
20151111,0.152,0.181,0.152,0.181,6500,0
20151123,0.162,0.162,0.16,0.16,5100,0
20151204,0.111,0.111,0.111,0.111,1000,0
20151207,0.112,0.112,0.112,0.112,265,0
20151214,0.17,0.17,0.17,0.17,5000,0
20151215,0.109,0.17,0.109,0.17,10500,0
20151222,0.115,0.115,0.115,0.115,1000,0
20151228,0.093,0.12,0.093,0.12,6654,0
20151229,0.12,0.13,0.12,0.13,5011,0
20160105,0.124,0.131,0.124,0.131,1500,0
20160106,0.124,0.131,0.124,0.131,2000,0
20160108,0.124,0.135,0.124,0.135,5,0
20160204,0.151,0.151,0.124,0.124,7700,0
20160205,0.121,0.145,0.121,0.145,10000,0
20160215,0.151,0.151,0.151,0.151,200,0
20160217,0.15,0.15,0.15,0.15,5000,0
20160229,0.12,0.122,0.12,0.122,5000,0
20160316,0.12,0.123,0.12,0.123,250,0
20160317,0.12,0.122,0.12,0.122,3500,0
20160321,0.12,0.122,0.12,0.122,3000,0
20160404,0.122,0.122,0.122,0.122,5000,0
20160407,0.12,0.14,0.12,0.14,11500,0
20160411,0.12,0.122,0.12,0.122,750,0
20160415,0.122,0.238,0.122,0.238,755,0
20160418,0.2,0.2,0.2,0.2,2000,0
20160419,0.152,0.152,0.151,0.151,7000,0
20160421,0.121,0.152,0.121,0.152,204,0
20160426,0.151,0.151,0.151,0.151,2000,0
20160504,0.152,0.152,0.152,0.152,3290,0
20160506,0.152,0.152,0.152,0.152,2000,0
20160526,0.151,0.151,0.151,0.151,4500,0
20160613,0.121,0.137,0.121,0.137,2300,0
20160620,0.137,0.137,0.137,0.137,1760,0
20160622,0.141,0.141,0.141,0.141,2000,0
20160627,0.121,0.139,0.121,0.139,5200,0
20160629,0.12,0.123,0.12,0.123,330,0
20160630,0.153,0.153,0.153,0.153,5500,0
20160706,0.12,0.12,0.12,0.12,61100,0
20160711,0.22,0.22,0.182,0.182,8000,0
20160712,0.219,0.219,0.219,0.219,3580,0
20160718,0.19,0.19,0.19,0.19,350,0
20160722,0.15,0.15,0.15,0.15,500,0
20160726,0.15,0.197,0.12,0.197,63107,0
20160729,0.18,0.18,0.18,0.18,6500,0
20160801,0.214,0.214,0.214,0.214,88,0
20160802,0.152,0.152,0.152,0.152,5,0
20160811,0.16,0.16,0.16,0.16,25000,0
20160815,0.132,0.132,0.132,0.132,2100,0
20160829,0.132,0.132,0.132,0.132,8000,0
20160927,0.132,0.132,0.132,0.132,600,0
20161004,0.102,0.102,0.102,0.102,2500,0
20161006,0.105,0.105,0.105,0.105,84,0
20161012,0.106,0.106,0.106,0.106,300,0
20161014,0.1,0.1,0.1,0.1,7000,0
20161026,0.147,0.147,0.147,0.147,8000,0
20161027,0.11,0.118,0.11,0.118,12000,0
20161028,0.089,0.105,0.086,0.105,23500,0
20161031,0.089,0.089,0.089,0.089,10000,0
20161107,0.119,0.119,0.119,0.119,10000,0
20161109,0.081,0.081,0.056,0.056,10500,0
20161111,0.044,0.044,0.044,0.044,26000,0
20161115,0.056,0.056,0.046,0.046,11000,0
20161116,0.049,0.049,0.049,0.049,300,0
20161123,0.045,0.046,0.045,0.046,844,0
20161128,0.045,0.046,0.045,0.046,73,0
20161205,0.046,0.046,0.046,0.046,6,0
20161214,0.04,0.04,0.04,0.04,735,0
20161219,0.041,0.041,0.041,0.041,1000,0
20161221,0.05,0.05,0.05,0.05,2000,0
20161222,0.041,0.041,0.041,0.041,3107,0
20161228,0.05,0.05,0.041,0.041,16680,0
20161229,0.051,0.051,0.051,0.051,5055,0
20170103,0.041,0.041,0.041,0.041,2200,0
20170104,0.041,0.041,0.041,0.041,1465,0
20170111,0.051,0.063,0.051,0.063,35482,0
20170112,0.042,0.042,0.042,0.042,577,0
20170113,0.055,0.055,0.055,0.055,250,0
20170117,0.068,0.068,0.068,0.068,14706,0
20170119,0.068,0.068,0.068,0.068,29812,0
20170120,0.039,0.039,0.039,0.039,64,0
20170123,0.048,0.048,0.048,0.048,245,0
20170130,0.039,0.039,0.039,0.039,1000,0
20170131,0.048,0.06,0.048,0.06,171867,0
20170202,0.012,0.012,0.012,0.012,220,0
20170203,0.08,0.08,0.08,0.08,8000,0
20170206,0.078,0.078,0.078,0.078,10,0
20170207,0.025,0.025,0.025,0.025,2000,0
20170221,0.031,0.063,0.031,0.063,46748,0
20170222,0.035,0.035,0.035,0.035,1020,0
20170301,0.04,0.04,0.04,0.04,102,0
20170302,0.045,0.086,0.045,0.086,34582,0
20170308,0.064,0.064,0.064,0.064,3000,0
