Date,Open,High,Low,Close,Volume,OpenInt
20090407,0.6,0.64,0.6,0.62,6,0
20090409,0.61,0.62,0.59,0.61,14,0
20090414,0.62,0.65,0.61,0.65,2,0
20090415,0.65,0.67,0.61,0.64,33,0
20090416,0.67,0.67,0.61,0.64,763,0
20090417,0.64,0.64,0.58,0.61,55,0
20090420,0.61,0.68,0.61,0.65,2241,0
20090421,0.63,0.65,0.61,0.65,44,0
20090422,0.61,0.7,0.61,0.7,6000,0
20090423,0.61,0.68,0.61,0.63,3000,0
20090424,0.61,0.95,0.61,0.95,17999,0
20090427,0.61,1,0.61,0.88,2580,0
20090428,0.88,0.91,0.84,0.88,2000,0
20090429,0.85,0.88,0.85,0.88,186,0
20090430,0.88,0.88,0.88,0.88,126,0
20090504,0.88,0.88,0.85,0.85,11,0
20090507,0.8,0.86,0.7,0.84,66,0
20090511,0.75,0.83,0.75,0.83,33,0
20090512,0.8,0.8,0.8,0.8,20,0
20090515,0.8,0.8,0.8,0.8,3,0
20090518,0.8,0.83,0.8,0.83,6,0
20090519,0.83,0.85,0.83,0.83,2200,0
20090522,0.8,0.85,0.8,0.8,6,0
20090525,0.85,0.9,0.83,0.83,27,0
20090526,0.9,0.9,0.83,0.83,2,0
20090527,0.83,0.83,0.8,0.83,1,0
20090529,0.85,0.88,0.83,0.83,4,0
20090604,0.91,0.95,0.88,0.91,175,0
20090605,0.95,0.95,0.86,0.86,1,0
20090609,0.9,0.9,0.85,0.88,13,0
20090610,0.85,0.95,0.85,0.93,854,0
20090612,0.95,0.95,0.9,0.9,60,0
20090615,0.9,0.97,0.9,0.97,2002,0
20090617,0.98,0.98,0.95,0.98,67,0
20090622,1.02,1.02,0.95,0.95,1008,0
20090624,0.98,0.98,0.95,0.95,6,0
20090626,0.98,0.98,0.95,0.95,2274,0
20090629,1,1,0.95,0.95,205,0
20090701,0.98,0.98,0.95,0.95,67,0
20090706,0.98,0.98,0.92,0.98,109,0
20090707,0.98,1,0.95,1,100,0
20090708,0.95,1,0.9,1,68,0
20090709,0.9,1,0.9,0.98,13,0
20090710,1,1.05,0.98,1.05,750,0
20090713,1,1.05,1,1,1000,0
20090714,1,1,1,1,60,0
20090715,1,1,1,1,119,0
20090717,1,1.02,1,1.02,4,0
20090720,1.02,1.07,1,1.03,676,0
20090721,1,1.03,0.98,1.03,1000,0
20090723,1,1.05,0.95,1,611,0
20090724,0.95,1.05,0.95,1.05,26,0
20090727,0.95,1.05,0.95,1,474,0
20090731,1,1,1,1,493,0
20090803,1,1,1,1,25,0
20090804,1,1.07,0.98,0.98,176,0
20090806,1,1.07,1,1.07,1,0
20090810,0.95,1.02,0.95,0.95,1220,0
20090811,0.9,1.02,0.9,1.02,13,0
20090814,1.07,1.07,0.96,1.03,3,0
20090817,1,1.03,0.96,0.96,36,0
20090819,1,1.03,0.96,1.03,4000,0
20090821,1,1.01,1,1.01,23,0
20090826,1,1.07,1,1,26,0
20090827,1,1.07,1,1,26,0
20090831,1,1.07,1,1.07,16,0
20090901,1,1.07,1,1,2000,0
20090907,0.85,0.99,0.85,0.99,4000,0
20090908,0.92,1,0.92,0.95,26,0
20090909,0.92,1.1,0.92,1.1,2060,0
20090910,0.95,1.02,0.9,0.9,58,0
20090911,0.9,0.97,0.9,0.97,100,0
20090914,1,1,0.9,0.99,1042,0
20090915,0.95,0.99,0.91,0.95,8,0
20090916,1,1,0.85,0.995,174,0
20090918,1,1,0.93,0.93,41,0
20090922,0.96,0.99,0.92,0.925,39,0
20090923,0.915,1,0.915,1,2013,0
20090924,1.01,1.01,0.92,0.99,541,0
20090925,1,1,0.92,0.99,25,0
20090928,1,1,0.92,0.92,4,0
20091001,0.964,1,0.92,1,200,0
20091002,0.936,0.99,0.92,0.92,16,0
20091008,1,1,0.9,0.92,147,0
20091009,1,1,0.92,0.99,66,0
20091012,1,1,0.92,0.92,218,0
20091013,0.906,0.99,0.906,0.99,559,0
20091014,0.92,1,0.92,1,15740,0
20091015,0.933,1,0.933,0.95,17,0
20091016,1.01,1.14,0.95,1.14,28587,0
20091019,1.15,1.25,0.95,1.2,15446,0
20091020,1.21,1.3,1.1,1.3,1108,0
20091021,1.26,1.26,1.09,1.1,850,0
20091022,1.21,1.21,1.1,1.1,2797,0
20091023,1.11,1.3,1.11,1.3,10500,0
20091026,1.18,1.35,1.18,1.35,2758,0
20091027,1.31,1.34,1.24,1.34,1530,0
20091028,1.31,1.31,1.22,1.22,2404,0
20091029,1.31,1.31,1.15,1.15,11,0
20091030,1.13,1.24,1.13,1.21,2012,0
20091102,1.18,1.27,1.17,1.24,5480,0
20091103,1.21,1.34,1.21,1.26,1509,0
20091104,1.28,1.28,1.2,1.2,4598,0
20091105,1.21,1.28,1.21,1.23,5,0
20091106,1.24,1.28,1.21,1.28,2500,0
20091109,1.27,1.4,1.24,1.4,25471,0
20091110,1.4,1.5,1.33,1.45,25788,0
20091111,1.47,1.55,1.32,1.45,7288,0
20091112,1.43,1.46,1.4,1.44,6964,0
20091113,1.44,1.44,1.34,1.34,4464,0
20091116,1.4,1.45,1.32,1.36,2201,0
20091117,1.38,1.5,1.36,1.5,10758,0
20091118,1.45,1.5,1.35,1.45,5232,0
20091119,1.48,1.5,1.4,1.45,1507,0
20091120,1.38,1.5,1.33,1.45,302,0
20091123,1.43,1.45,1.32,1.45,3656,0
20091124,1.43,1.44,1.34,1.44,1806,0
20091125,1.33,1.45,1.3,1.45,2429,0
20091126,1.41,1.41,1.18,1.18,17208,0
20091127,1.17,1.37,1.11,1.25,11737,0
20091201,1.18,1.23,1.12,1.23,1312,0
20091202,1.21,1.23,1.16,1.16,69,0
20091203,1.21,1.23,1.15,1.17,203,0
20091204,1.15,1.23,1.15,1.18,1800,0
20091207,1.18,1.2,1.12,1.14,1076,0
20091208,1.17,1.19,1.13,1.13,1164,0
20091209,1.11,1.17,1.07,1.15,5009,0
20091210,1.05,1.2,1.05,1.2,10,0
20091211,1.05,1.16,1.05,1.16,943,0
20091215,1,1.17,1,1.17,61,0
20091216,1.1,1.3,1.09,1.24,26728,0
20091217,1.22,1.33,1.22,1.32,3903,0
20091218,1.22,1.35,1.22,1.35,524,0
20091221,1.28,1.35,1.23,1.23,4979,0
20091222,1.28,1.28,1.2,1.2,1300,0
20091223,1.14,1.28,1.14,1.2,1073,0
20091228,1.26,1.26,1.2,1.2,1708,0
20091229,1.14,1.23,1.14,1.16,335,0
20091230,1.1,1.25,1.1,1.25,594,0
20100104,1.12,1.27,1.12,1.27,1841,0
20100105,1.21,1.23,1.19,1.19,149,0
20100106,1.131,1.33,1.131,1.33,536,0
20100107,1.264,1.35,1.26,1.3,7005,0
20100108,1.235,1.38,1.235,1.3,256,0
20100111,1.311,1.311,1.299,1.3,956,0
20100112,1.235,1.37,1.235,1.28,3350,0
20100113,1.216,1.36,1.216,1.24,6,0
20100114,1.292,1.3,1.24,1.25,1700,0
20100115,1.178,1.25,1.178,1.2,3178,0
20100118,1.14,1.2,1.14,1.18,2511,0
20100119,1.121,1.22,1.121,1.22,1639,0
20100120,1.121,1.16,1.121,1.14,3500,0
20100121,1.083,1.24,1.083,1.1,1097,0
20100122,1.045,1.22,1.045,1.22,1949,0
20100125,1.12,1.18,1.12,1.18,1013,0
20100126,1.12,1.22,1.12,1.22,4,0
20100127,1.12,1.22,1.12,1.22,3278,0
20100128,1.12,1.24,1.12,1.24,13,0
20100201,1.14,1.21,1.13,1.17,3037,0
20100202,1.07,1.25,1.07,1.23,905,0
20100204,1.12,1.24,1.12,1.23,4020,0
20100205,1.18,1.21,1.14,1.14,3,0
20100208,1.14,1.21,1.03,1.03,7183,0
20100209,1.14,1.15,1.05,1.08,6,0
20100210,1.1,1.17,1.06,1.14,32,0
20100211,1.14,1.17,1.1,1.1,2,0
20100212,1.1,1.17,1.1,1.1,26,0
20100215,1.1,1.17,1.1,1.17,1002,0
20100216,1.14,1.2,1.13,1.13,988,0
20100217,1.14,1.15,1.13,1.13,22,0
20100218,1.14,1.2,1.13,1.13,2089,0
20100219,1.14,1.14,1.05,1.05,7537,0
20100223,1.14,1.18,1.115,1.18,6,0
20100224,1.14,1.18,1.11,1.14,125,0
20100226,1.14,1.18,1.11,1.11,42,0
20100301,1.12,1.12,1.11,1.11,1,0
20100302,1.05,1.18,1.05,1.11,200,0
20100303,1.12,1.12,1.11,1.11,406,0
20100304,1.05,1.11,1.05,1.07,2408,0
20100308,1.15,1.15,1.05,1.08,755,0
20100309,1.03,1.15,1.03,1.08,37,0
20100310,1.03,1.08,1.03,1.08,2,0
20100311,1.03,1.2,1.03,1.2,8976,0
20100312,1.14,1.25,1.14,1.24,10056,0
20100315,1.14,1.2,1.1,1.14,1800,0
20100316,1.05,1.2,1.05,1.13,211,0
20100318,1.07,1.13,1.07,1.13,2000,0
20100322,1.12,1.18,1.1,1.15,17,0
20100323,1.12,1.25,1.12,1.25,197,0
20100324,1.14,1.201,1.13,1.18,522,0
20100325,1.18,1.3,1.14,1.24,11769,0
20100326,1.14,1.3,1.14,1.28,833,0
20100329,1.2,1.27,1.2,1.2,32,0
20100330,1.14,1.34,1.14,1.32,12429,0
20100331,1.25,1.52,1.25,1.52,24460,0
20100401,1.44,1.44,1.32,1.43,2440,0
20100406,1.33,1.46,1.33,1.4,8400,0
20100407,1.39,1.6,1.36,1.6,55586,0
20100408,1.52,1.75,1.52,1.63,21041,0
20100409,1.66,1.77,1.58,1.64,3540,0
20100412,1.5,1.75,1.5,1.68,9895,0
20100413,1.6,1.74,1.47,1.535,19517,0
20100414,1.46,1.6,1.46,1.531,20,0
20100415,1.45,1.65,1.45,1.63,6862,0
20100416,1.55,1.55,1.47,1.51,3864,0
20100419,1.43,1.56,1.43,1.47,1921,0
20100420,1.42,1.48,1.42,1.47,4,0
20100421,1.41,1.51,1.41,1.5,2,0
20100422,1.43,1.6,1.43,1.48,1400,0
20100423,1.42,1.49,1.42,1.48,38,0
20100426,1.42,1.59,1.42,1.59,7711,0
20100427,1.51,1.65,1.5,1.63,14981,0
20100428,1.55,1.67,1.55,1.64,3845,0
20100429,1.52,1.7,1.52,1.55,8252,0
20100503,1.62,1.62,1.59,1.59,5501,0
20100504,1.52,1.65,1.52,1.64,2788,0
20100505,1.55,1.56,1.5,1.5,5300,0
20100506,1.48,1.5,1.45,1.45,3788,0
20100507,1.35,1.5,1.35,1.4,89,0
20100510,1.33,1.4,1.33,1.4,46,0
20100512,1.38,1.54,1.38,1.54,30,0
20100513,1.43,1.53,1.43,1.43,33,0
20100514,1.36,1.43,1.36,1.43,28,0
20100517,1.36,1.45,1.36,1.45,2016,0
20100518,1.35,1.45,1.3,1.4,16715,0
20100519,1.29,1.35,1.25,1.34,587,0
20100520,1.24,1.35,1.24,1.3,500,0
20100521,1.24,1.39,1.24,1.39,1688,0
20100526,1.27,1.33,1.25,1.25,43,0
20100527,1.26,1.35,1.25,1.34,167,0
20100528,1.27,1.35,1.25,1.34,250,0
20100531,1.25,1.35,1.25,1.25,4,0
20100601,1.28,1.35,1.25,1.35,341,0
20100602,1.28,1.35,1.25,1.35,9091,0
20100603,1.2,1.4,1.2,1.35,439,0
20100604,1.28,1.5,1.28,1.4,6233,0
20100607,1.37,1.45,1.37,1.39,676,0
20100608,1.38,1.5,1.38,1.5,407,0
20100609,1.38,1.51,1.38,1.51,2997,0
20100610,1.38,1.52,1.38,1.52,4217,0
20100611,1.43,1.48,1.43,1.48,1000,0
20100614,1.37,1.53,1.37,1.48,2003,0
20100615,1.45,1.55,1.38,1.44,3299,0
20100616,1.38,1.5,1.38,1.45,13,0
20100618,1.38,1.5,1.38,1.43,5366,0
20100621,1.41,1.48,1.4,1.48,166,0
20100622,1.41,1.5,1.4,1.41,4804,0
20100623,1.38,1.5,1.38,1.48,4410,0
20100624,1.38,1.5,1.38,1.4,326,0
20100625,1.43,1.5,1.4,1.45,42,0
20100628,1.38,1.45,1.38,1.4,10,0
20100629,1.38,1.45,1.38,1.39,843,0
20100630,1.38,1.45,1.38,1.45,78,0
20100701,1.38,1.45,1.38,1.4,31,0
20100702,1.38,1.54,1.38,1.5,1032,0
20100705,1.38,1.46,1.38,1.46,1117,0
20100707,1.38,1.5,1.38,1.5,3811,0
20100708,1.38,1.472,1.38,1.472,825,0
20100709,1.38,1.45,1.38,1.4,6,0
20100712,1.38,1.5,1.38,1.5,359,0
20100713,1.39,1.46,1.39,1.41,539,0
20100714,1.34,1.5,1.34,1.35,3006,0
20100715,1.43,1.48,1.4,1.4,2410,0
20100716,1.41,1.5,1.4,1.42,2384,0
20100719,1.43,1.5,1.42,1.42,7112,0
20100720,1.43,1.5,1.42,1.42,1030,0
20100723,1.33,1.5,1.33,1.5,2150,0
20100726,1.43,1.5,1.42,1.42,23,0
20100727,1.38,1.42,1.38,1.42,1000,0
20100728,1.35,1.45,1.35,1.4,3500,0
20100729,1.38,1.45,1.35,1.45,2719,0
20100730,1.38,1.45,1.35,1.35,477,0
20100802,1.28,1.45,1.28,1.38,2656,0
20100803,1.31,1.4,1.31,1.4,25,0
20100804,1.33,1.4,1.33,1.4,316,0
20100805,1.33,1.4,1.33,1.4,8,0
20100806,1.33,1.4,1.33,1.4,2318,0
20100809,1.33,1.4,1.3,1.3,47,0
20100811,1.24,1.3,1.24,1.3,7,0
20100812,1.24,1.38,1.24,1.32,3021,0
20100813,1.31,1.32,1.31,1.32,2000,0
20100816,1.25,1.338,1.25,1.25,8,0
20100818,1.27,1.38,1.25,1.38,167,0
20100819,1.27,1.32,1.12,1.21,39,0
20100820,1.15,1.345,1.15,1.26,108,0
20100823,1.28,1.35,1.25,1.35,17,0
20100825,1.3,1.366,1.3,1.366,43,0
20100827,1.28,1.3,1.28,1.3,16,0
20100830,1.28,1.38,1.28,1.3,6800,0
20100831,1.24,1.45,1.24,1.45,1,0
20100901,1.33,1.44,1.33,1.44,2476,0
20100902,1.36,1.44,1.35,1.44,649,0
20100906,1.33,1.44,1.33,1.44,1000,0
20100908,1.38,1.45,1.38,1.38,86,0
20100909,1.31,1.45,1.31,1.38,74,0
20100910,1.31,1.45,1.31,1.45,1037,0
20100913,1.38,1.45,1.358,1.38,19,0
20100914,1.34,1.41,1.34,1.409,17,0
20100915,1.34,1.44,1.34,1.44,164,0
20100916,1.34,1.41,1.331,1.409,21,0
20100917,1.34,1.41,1.28,1.409,3802,0
20100920,1.34,1.44,1.33,1.44,5,0
20100921,1.34,1.43,1.33,1.41,32,0
20100922,1.36,1.44,1.33,1.43,4246,0
20100923,1.36,1.44,1.35,1.42,400,0
20100924,1.37,1.44,1.3,1.32,11584,0
20100927,1.29,1.36,1.26,1.26,66,0
20100928,1.29,1.49,1.26,1.49,1,0
20100930,1.35,1.44,1.27,1.44,157,0
20101001,1.35,1.372,1.308,1.31,13,0
20101004,1.3,1.37,1.3,1.306,9,0
20101005,1.3,1.37,1.3,1.3,1013,0
20101007,1.29,1.37,1.25,1.31,502,0
20101008,1.19,1.3,1.19,1.251,7,0
20101011,1.19,1.29,1.19,1.29,8581,0
20101012,1.14,1.29,1.14,1.205,3018,0
20101013,1.14,1.22,1.14,1.18,3556,0
20101018,1.14,1.191,1.14,1.19,3,0
20101019,1.13,1.29,1.13,1.29,783,0
20101020,1.13,1.29,1.13,1.29,17,0
20101021,1.13,1.19,1.13,1.19,11,0
20101022,1.13,1.19,1.13,1.19,1900,0
20101025,1.13,1.28,1.13,1.28,1748,0
20101026,1.09,1.35,1.09,1.35,24,0
20101028,1.05,1.12,1.05,1.12,42,0
20101029,1.06,1.157,1.06,1.157,24,0
20101101,1.06,1.12,1.06,1.11,32,0
20101102,1.06,1.121,1.06,1.121,3,0
20101103,1.05,1.13,1.05,1.13,800,0
20101104,1.06,1.121,1.06,1.1,61,0
20101105,1.05,1.25,1.05,1.11,55,0
20101108,1.05,1.25,1.05,1.25,66,0
20101109,1.06,1.26,1.06,1.26,2190,0
20101110,1.19,1.49,1.19,1.3,2554,0
20101111,1.23,1.35,1.19,1.25,1069,0
20101112,1.18,1.3,1.18,1.24,32,0
20101115,1.25,1.29,1.24,1.29,723,0
20101116,1.18,1.251,1.18,1.251,13,0
20101117,1.18,1.3,1.18,1.251,13,0
20101118,1.178,1.3,1.11,1.3,159,0
20101119,1.225,1.25,1.11,1.25,605,0
20101122,1.178,1.202,1.13,1.18,1003,0
20101123,1.111,1.45,1.111,1.3,15284,0
20101124,1.225,1.25,1.157,1.202,337,0
20101125,1.132,1.201,1.132,1.19,13,0
20101126,1.131,1.2,1.1,1.161,1000,0
20101129,1.13,1.2,1.13,1.16,1537,0
20101130,1.092,1.13,1.092,1.13,5,0
20101201,1.092,1.161,1.092,1.161,17,0
20101202,1.093,1.35,1.093,1.13,629,0
20101203,1.273,1.3,1.15,1.24,860,0
20101206,1.225,1.3,1.15,1.3,920,0
20101208,1.13,1.201,1.13,1.2,2150,0
20101209,1.13,1.246,1.13,1.236,2145,0
20101210,1.174,1.221,1.174,1.2,1868,0
20101213,1.149,1.25,1.149,1.25,263,0
20101214,1.178,1.251,1.178,1.25,11,0
20101215,1.178,1.251,1.178,1.251,171,0
20101217,1.178,1.25,1.178,1.25,500,0
20101220,1.178,1.26,1.178,1.2,6006,0
20101221,1.13,1.13,1.11,1.11,10,0
20101222,1.054,1.12,1.054,1.12,112,0
20101223,1.186,1.2,1.14,1.2,56,0
20101227,1.13,1.18,1.13,1.18,101,0
20101228,1.111,1.2,1.111,1.2,153,0
20101229,1.13,1.201,1.13,1.18,193,0
20110103,1.14,1.21,1.14,1.16,5,0
20110104,1.14,1.2,1.14,1.183,1126,0
20110105,1.114,1.17,1.114,1.17,513,0
20110106,1.102,1.19,1.102,1.18,2,0
20110107,1.111,1.2,1.111,1.2,508,0
20110110,1.102,1.2,1.102,1.2,36,0
20110111,1.13,1.17,1.13,1.15,11150,0
20110112,1.083,1.2,1.083,1.16,143,0
20110113,1.092,1.16,1.092,1.16,3,0
20110117,1.083,1.13,1.083,1.12,100,0
20110119,1.064,1.13,1.064,1.13,20,0
20110120,1.064,1.13,1.064,1.13,3,0
20110121,1.064,1.15,1.064,1.12,1502,0
20110124,1.083,1.13,1.083,1.126,423,0
20110125,1.06,1.15,1.06,1.15,7080,0
20110126,1.083,1.13,1.083,1.13,250,0
20110127,1.064,1.131,1.064,1.12,39,0
20110128,1.064,1.131,1.064,1.131,1003,0
20110201,1.064,1.141,1.064,1.141,61,0
20110202,1.074,1.141,1.074,1.131,2014,0
20110203,1.074,1.131,1.074,1.13,20,0
20110204,1.064,1.15,1.064,1.15,16,0
20110207,1.083,1.26,1.083,1.25,2037,0
20110208,1.178,1.178,1.15,1.15,133,0
20110209,1.083,1.151,1.083,1.131,1144,0
20110210,1.064,1.141,1.064,1.13,13,0
20110211,1.074,1.141,1.074,1.141,21,0
20110214,1.074,1.14,1.05,1.13,41,0
20110215,1.073,1.15,1.073,1.15,16,0
20110218,1.073,1.141,1.073,1.14,1344,0
20110221,1.073,1.132,1.073,1.121,1319,0
20110222,1.055,1.121,1.055,1.121,57,0
20110223,1.055,1.121,1.055,1.12,317,0
20110225,1.054,1.13,1.054,1.13,39,0
20110228,1.064,1.13,1.064,1.13,3,0
20110301,1.064,1.121,1.064,1.121,2,0
20110303,1.054,1.13,1.054,1.12,690,0
20110304,1.054,1.112,1.054,1.111,1460,0
20110309,1.064,1.13,1,1,7,0
20110310,1.064,1.15,1.064,1.1,2546,0
20110311,1.083,1.13,1.08,1.13,49,0
20110314,1.064,1.13,1,1.111,5088,0
20110315,1.045,1.112,1.045,1.112,793,0
20110316,1.046,1.112,1.046,1.1,259,0
20110317,1.046,1.12,1.046,1.111,2618,0
20110318,1.045,1.112,1.045,1.101,4,0
20110323,1.045,1.112,1.045,1.112,26,0
20110328,1.045,1.112,1.045,1.11,1,0
20110329,1.046,1.12,1.046,1.112,13,0
20110330,1.046,1.112,1.046,1.112,98,0
20110404,1.045,1.35,1.045,1.101,2531,0
20110405,1.273,1.273,1.11,1.25,150,0
20110406,1.178,1.178,1.101,1.15,13,0
20110407,1.083,1.16,1.083,1.16,3006,0
20110411,1.054,1.16,1.054,1.13,286,0
20110412,1.064,1.12,1.064,1.12,1482,0
20110418,1.045,1.13,1.045,1.13,10,0
20110419,1.064,1.12,1.064,1.12,40,0
20110420,1.054,1.12,1.054,1.11,3,0
20110421,1.054,1.13,1.054,1.13,41,0
20110426,1.064,1.13,1.064,1.13,7,0
20110429,1.064,1.12,1.064,1.12,1000,0
20110502,1.054,1.13,1.054,1.12,967,0
20110505,1.054,1.12,1.054,1.111,52,0
20110506,1.054,1.12,1.054,1.101,86,0
20110509,1.054,1.12,1.054,1.12,92,0
20110513,1.054,1.12,1.054,1.101,46,0
20110516,1.054,1.41,1.054,1.41,54956,0
20110517,1.311,1.57,1.12,1.48,34256,0
20110518,1.396,1.5,1.396,1.41,1643,0
20110519,1.415,1.55,1.35,1.475,22598,0
20110520,1.391,1.482,1.35,1.48,5455,0
20110523,1.396,1.44,1.36,1.4,3919,0
20110524,1.358,1.45,1.358,1.45,2648,0
20110525,1.368,1.469,1.368,1.45,8632,0
20110526,1.368,1.47,1.368,1.47,4299,0
20110527,1.387,1.41,1.37,1.41,5400,0
20110530,1.33,1.53,1.33,1.391,4983,0
20110531,1.311,1.475,1.12,1.411,3599,0
20110601,1.33,1.535,1.12,1.48,5620,0
20110602,1.396,1.489,1.396,1.41,773,0
20110603,1.405,1.53,1.405,1.44,1991,0
20110606,1.5,1.5,1.415,1.5,7022,0
20110607,1.52,1.52,1.434,1.45,521,0
20110608,1.434,1.519,1.434,1.44,20,0
20110609,1.396,1.51,1.396,1.47,320,0
20110610,1.51,1.51,1.45,1.51,1625,0
20110613,1.519,1.52,1.44,1.49,10788,0
20110614,1.49,1.54,1.44,1.524,3896,0
20110615,1.524,1.524,1.45,1.5,23,0
20110616,1.49,1.525,1.45,1.5,3335,0
20110617,1.5,1.5,1.44,1.5,934,0
20110620,1.49,1.5,1.44,1.44,7556,0
20110621,1.489,1.5,1.45,1.5,1000,0
20110622,1.499,1.634,1.44,1.634,5212,0
20110623,1.629,1.63,1.45,1.556,3602,0
20110624,1.557,1.66,1.45,1.65,9980,0
20110627,1.65,1.651,1.57,1.57,2111,0
20110628,1.639,1.649,1.57,1.639,1514,0
20110629,1.58,1.65,1.55,1.601,13250,0
20110630,1.61,1.61,1.524,1.524,3383,0
20110701,1.489,1.489,1.287,1.409,2650,0
20110704,1.414,1.414,1.222,1.273,1065,0
20110705,1.283,1.4,1.212,1.212,650,0
20110706,1.222,1.222,1.154,1.154,32,0
20110707,1.164,1.22,1.15,1.15,3501,0
20110708,1.18,1.236,1.15,1.15,840,0
20110711,1.16,1.22,1.12,1.121,1137,0
20110712,1.22,1.239,1.131,1.131,1500,0
20110713,1.18,1.2,1.121,1.121,21,0
20110714,1.14,1.2,1.12,1.121,19,0
20110715,1.132,1.205,1.121,1.121,3504,0
20110718,1.205,1.239,1.138,1.17,1069,0
20110719,1.179,1.2,1.121,1.121,92,0
20110720,1.132,1.2,1.121,1.121,16,0
20110721,1.132,1.2,1.121,1.14,12,0
20110722,1.132,1.2,1.121,1.121,4698,0
20110725,1.132,1.132,1.121,1.121,33,0
20110726,1.132,1.132,1.121,1.121,92,0
20110727,1.132,1.185,1.1,1.121,722,0
20110728,1.175,1.24,1.13,1.175,1500,0
20110801,1.239,1.239,1.131,1.17,2016,0
20110803,1.131,1.185,1.121,1.121,1975,0
20110804,1.185,1.185,1.121,1.121,35,0
20110805,1.132,1.15,1.12,1.121,3452,0
20110808,1.131,1.15,1.12,1.121,125,0
20110809,1.132,1.15,1.121,1.121,25,0
20110810,1.15,1.151,1.13,1.14,80,0
20110811,1.151,1.16,1.131,1.14,3111,0
20110812,1.131,1.15,1.121,1.121,1333,0
20110815,1.131,1.179,1.12,1.121,306,0
20110816,1.131,1.18,1.121,1.121,2000,0
20110817,1.18,1.3,1.121,1.121,5150,0
20110819,1.177,1.177,1.1,1.12,696,0
20110822,1.131,1.131,1,1.12,8330,0
20110824,1.109,1.12,1.08,1.08,306,0
20110826,1.1,1.1,1.08,1.08,40,0
20110829,1.091,1.101,1.08,1.101,4,0
20110902,1.091,1.101,1.091,1.1,1500,0
20110905,1.09,1.101,1.038,1.038,6820,0
20110906,1.1,1.1,1.038,1.097,253,0
20110907,1.097,1.1,1.035,1.094,109,0
20110908,1.094,1.1,1.032,1.092,206,0
20110909,1.092,1.1,1.03,1.089,891,0
20110912,1.09,1.09,0.98,1.038,312,0
20110913,1.038,1.086,0.98,1.035,1850,0
20110916,1.035,1.035,0.98,0.98,18,0
20110923,1.035,1.035,1,1,8,0
20110926,1.035,1.035,1,1.01,11783,0
20110928,1.01,1.059,1,1,500,0
20110930,1.059,1.109,1,1.047,1000,0
20111003,1.109,1.161,1.047,1.109,59,0
20111004,1.109,1.109,1.047,1.057,113,0
20111010,1.06,1.06,0.953,0.953,3450,0
20111011,1.01,1.059,0.953,1.009,1192,0
20111012,1.009,1.057,0.951,1.057,500,0
20111013,1.057,1.057,0.95,1.048,1035,0
20111014,1.048,1.1,0.987,1.1,1671,0
20111017,1.1,1.152,1.038,1.048,6,0
20111018,1.048,1.048,0.989,0.999,150,0
20111019,0.999,1.2,0.942,1.2,5150,0
20111021,1.19,1.2,1.079,1.14,956,0
20111024,1.14,1.2,1.025,1.025,500,0
20111025,1.086,1.2,1.025,1.035,48,0
20111027,1.086,1.2,1.023,1.03,5194,0
20111028,1.072,1.082,0.972,0.972,6,0
20111031,1.031,1.08,0.972,1.019,974,0
20111101,1.07,1.08,1,1.019,9000,0
20111104,1.08,1.08,1.019,1.078,566,0
20111108,1.078,1.078,1.017,1.027,139,0
20111110,1.027,1.03,0.97,0.97,1,0
20111111,1.027,1.07,0.97,1.015,1000,0
20111114,1.069,1.069,1.015,1.025,600,0
20111115,1.025,1.07,0.97,1.02,2014,0
20111116,1.02,1.037,0.97,1.037,1637,0
20111118,1.037,1.037,0.978,1.026,2033,0
20111122,1.026,1.026,0.95,1.005,9000,0
20111123,0.995,1.005,0.958,1,1003,0
20111125,0.989,1.046,0.952,1.046,1500,0
20111129,1.046,1.046,0.987,0.987,66,0
20111130,1.046,1.046,0.987,1.046,4,0
20111201,1.046,1.3,0.987,1.135,3872,0
20111202,1.135,1.135,1.071,1.081,200,0
20111205,1.071,1.081,1.04,1.06,34,0
20111206,1.05,1.06,1.04,1.06,45,0
20111208,1.06,1.06,1.05,1.05,92,0
20111209,1.05,1.06,1.04,1.04,118,0
20111212,1.06,1.06,1.04,1.06,6,0
20111213,1.06,1.07,1.041,1.07,1870,0
20111215,1.06,1.11,1.05,1.083,2220,0
20111216,1.083,1.083,1.057,1.057,15,0
20111219,1.057,1.073,1.03,1.032,180,0
20111220,1.032,1.07,1.007,1.04,4000,0
20111221,1.04,1.07,1.015,1.015,6,0
20111223,1.04,1.07,1.015,1.015,6,0
20111227,1.015,1.041,1,1.039,750,0
20111228,1.039,1.04,1.01,1.04,500,0
20111229,1.04,1.041,1.015,1.039,357,0
20120102,1.039,1.039,1.004,1.039,55,0
20120105,1.039,1.039,1.004,1.03,3,0
20120109,1.03,1.045,1,1.045,2000,0
20120110,1.035,1.045,1.02,1.02,6,0
20120112,1.02,1.02,0.99,1.02,13,0
20120113,1.02,1.02,0.99,1,33,0
20120116,1.02,1.04,1,1.04,2500,0
20120117,1.02,1.05,1,1.05,2113,0
20120118,1.05,1.05,1.025,1.025,13,0
20120119,1.025,1.03,1,1.03,5,0
20120123,1.04,1.04,1.015,1.04,45,0
20120124,1.04,1.04,0.99,1.01,2016,0
20120125,1.01,1.031,1,1.031,11,0
20120126,1.031,1.031,1,1.03,2149,0
20120127,1.03,1.03,1,1,13,0
20120130,1.041,1.041,1.015,1.03,1024,0
20120131,1.03,1.04,1.005,1.04,7,0
20120201,1.04,1.04,1.02,1.04,50,0
20120202,1.04,1.04,1,1,1033,0
20120203,1,1.048,0.966,1.013,2000,0
20120206,1.038,1.048,1.001,1.025,529,0
20120207,1.015,1.03,1,1.03,2,0
20120208,1.03,1.082,0.995,1.082,2915,0
20120209,1.082,1.2,1.071,1.12,16056,0
20120210,1.143,1.2,1.101,1.17,17185,0
20120213,1.19,1.219,1.17,1.18,7,0
20120214,1.219,1.219,1.18,1.19,4,0
20120215,1.19,1.19,1.12,1.123,44,0
20120216,1.161,1.54,1.123,1.54,8014,0
20120217,1.54,1.54,1.123,1.268,6353,0
20120220,1.268,1.268,1.228,1.23,46,0
20120221,1.268,1.268,1.228,1.238,13,0
20120222,1.238,1.238,1.198,1.208,33,0
20120227,1.22,1.25,1.21,1.23,134,0
20120228,1.23,1.23,1.21,1.23,130,0
20120229,1.23,1.23,1.21,1.23,50,0
20120301,1.23,1.23,1.161,1.199,346,0
20120302,1.199,1.228,1.16,1.199,1647,0
20120306,1.2,1.239,1.19,1.239,3334,0
20120308,1.23,1.249,1.21,1.23,12,0
20120309,1.26,1.26,1.21,1.21,36,0
20120313,1.229,1.23,1.171,1.19,1030,0
20120314,1.218,1.22,1.189,1.189,840,0
20120315,1.189,1.22,1.14,1.22,3050,0
20120316,1.219,1.222,1.18,1.183,7000,0
20120319,1.221,1.221,1.153,1.2,1828,0
20120320,1.2,1.2,1.161,1.2,13,0
20120321,1.2,1.2,1.161,1.2,188,0
20120322,1.2,1.2,1.161,1.2,9,0
20120323,1.2,1.28,1.16,1.233,62537,0
20120326,1.233,1.233,1.19,1.203,14,0
20120327,1.233,1.233,1.193,1.203,1670,0
20120328,1.194,1.194,1.127,1.127,1030,0
20120329,1.165,1.165,1.127,1.15,2,0
20120402,1.15,1.15,1.13,1.15,1030,0
20120403,1.15,1.15,1.12,1.14,11818,0
20120404,1.139,1.139,1.073,1.073,3066,0
20120405,1.11,1.14,1.073,1.14,6527,0
20120410,1.14,1.14,1.12,1.13,80,0
20120411,1.14,1.14,1.12,1.12,25,0
20120412,1.131,1.158,1.11,1.146,2730,0
20120413,1.146,1.173,1.11,1.173,1000,0
20120417,1.173,1.173,1.13,1.157,1271,0
20120418,1.157,1.157,1.119,1.129,28,0
20120419,1.129,1.158,1.11,1.158,4083,0
20120423,1.158,1.17,1.12,1.17,23,0
20120427,1.17,1.17,1.13,1.14,274,0
20120430,1.12,1.168,1.12,1.168,930,0
20120502,1.2,1.2,1.133,1.143,2444,0
20120507,1.143,1.143,1.106,1.116,58,0
20120514,1.116,1.12,1.08,1.12,4,0
20120515,1.12,1.12,1.083,1.083,13,0
20120516,1.12,1.12,1.067,1.067,10513,0
20120517,1.067,1.09,1.03,1.064,1413,0
20120521,1.04,1.05,1.03,1.03,666,0
20120522,1.05,1.075,1.03,1.075,393,0
20120523,1.075,1.075,1.039,1.05,933,0
20120524,1.05,1.05,1.03,1.05,8,0
20120529,1.04,1.065,1.04,1.065,50,0
20120531,1.065,1.08,1.04,1.041,7,0
20120601,1.041,1.075,0.943,1.015,7133,0
20120604,1.05,1.05,0.99,1,4233,0
20120605,1,1.048,0.97,1.048,2460,0
20120606,1.048,1.05,1.013,1.03,244,0
20120607,1.05,1.05,1.015,1.025,105,0
20120608,1.025,1.15,0.966,0.99,12551,0
20120612,1,1.024,0.99,1.01,1985,0
20120613,1.01,1.01,0.99,1,86,0
20120614,1.002,1.01,0.99,0.99,22,0
20120615,1.01,1.04,0.99,1.005,37,0
20120619,1.04,1.04,0.99,0.99,42,0
20120620,1.01,1.034,0.99,1.009,1000,0
20120625,1.009,1.009,0.99,1,1,0
20120627,1.02,1.02,0.99,1,1000,0
20120628,1,1.048,0.966,0.999,8006,0
20120703,0.98,1,0.97,1,5600,0
20120705,1,1.035,0.966,1,2150,0
20120706,1.035,1.035,0.976,0.976,6,0
20120709,1.01,1.01,0.976,1,1017,0
20120710,1,1,0.966,0.999,2507,0
20120711,0.999,0.999,0.965,0.999,11,0
20120713,0.989,1,0.975,1,2456,0
20120716,1,1.024,0.966,1.024,2120,0
20120720,1.024,1.04,0.99,1.04,2006,0
20120723,1.04,1.04,1.005,1.015,6,0
20120724,1.015,1.015,0.99,1.01,100,0
20120725,1.01,1.01,0.99,1.01,153,0
20120726,1.01,1.01,0.99,1.01,39,0
20120727,1.01,1.034,0.99,1.009,1738,0
20120730,1.009,1.03,0.99,1.005,36,0
20120802,1.005,1.03,0.991,1.03,66,0
20120803,1.03,1.03,0.995,1.03,43,0
20120806,1.03,1.03,0.96,1.001,211,0
20120807,1.03,1.03,0.979,1.03,184,0
20120813,1.03,1.03,0.979,1.03,84,0
20120814,1.03,1.055,1.01,1.03,900,0
20120815,1.055,1.06,1.03,1.03,9,0
20120816,1.03,1.034,1.011,1.03,2,0
20120817,1.03,1.075,1.01,1.075,7670,0
20120820,1.075,1.075,1.049,1.049,1870,0
20120821,1.049,1.049,1.024,1.024,6,0
20120822,1.024,1.06,1.011,1.06,10,0
20120823,1.06,1.06,1.035,1.035,870,0
20120827,1.06,1.06,1,1.012,61,0
20120828,1,1.036,1,1.02,806,0
20120830,1.02,1.02,0.982,0.982,10019,0
20120831,0.982,1.035,0.981,1.035,8956,0
20120903,1.035,1.035,1.01,1.01,2,0
20120904,1.015,1.015,0.982,0.982,39,0
20120905,0.982,1.005,0.981,0.982,35,0
20120906,0.982,0.982,0.962,0.981,5034,0
20120907,0.981,1.04,0.96,1.015,4996,0
20120910,1.044,1.044,0.98,1.004,9961,0
20120912,1.004,1.045,0.984,1.02,6981,0
20120913,1.02,1.02,0.98,0.98,26,0
20120914,0.996,1.03,0.976,1.02,2981,0
20120917,1.02,1.03,1,1.03,12,0
20120918,1.03,1.03,1.02,1.021,5,0
20120919,1.021,1.03,1.02,1.03,20,0
20120920,1.03,1.05,1.02,1.025,2129,0
20120924,1.025,1.025,1.02,1.02,26,0
20120926,1.02,1.02,1.02,1.02,1008,0
20120927,1.02,1.02,1,1,3,0
20121001,1,1,0.976,0.976,14,0
20121002,1.01,1.01,0.97,0.97,10,0
20121003,0.986,1,0.966,0.976,2,0
20121008,1,1,0.97,0.97,13,0
20121011,1,1,0.966,0.99,14,0
20121012,0.99,0.99,0.96,0.99,824,0
20121016,0.97,1.004,0.97,0.98,4320,0
20121017,0.98,0.98,0.96,0.972,65,0
20121018,0.976,1.025,0.956,1.025,351,0
20121019,1.025,1.025,0.976,0.976,956,0
20121022,0.976,0.98,0.956,0.98,11,0
20121023,0.98,0.98,0.96,0.97,8,0
20121024,0.98,0.98,0.95,0.98,3006,0
20121025,0.98,0.98,0.955,0.98,12,0
20121026,0.98,0.98,0.95,0.95,3,0
20121029,0.97,0.971,0.95,0.965,2663,0
20121030,0.965,0.965,0.945,0.965,3849,0
20121102,0.965,0.988,0.954,0.954,100,0
20121105,0.988,0.988,0.954,0.964,33,0
20121106,0.964,0.964,0.944,0.956,88,0
20121107,0.956,0.979,0.936,0.956,1306,0
20121109,0.956,0.956,0.936,0.955,25,0
20121112,0.956,0.956,0.936,0.955,100,0
20121113,0.96,0.98,0.94,0.98,1819,0
20121114,0.98,0.98,0.95,0.96,1,0
20121115,0.97,0.97,0.95,0.96,3500,0
20121119,0.96,0.961,0.94,0.961,5,0
20121120,0.961,0.965,0.941,0.965,1,0
20121122,0.96,0.975,0.94,0.95,1342,0
20121123,0.975,0.975,0.95,0.95,700,0
20121126,0.94,0.96,0.93,0.93,6000,0
20121127,0.93,0.931,0.9,0.9,3549,0
20121128,0.93,0.93,0.895,0.91,6600,0
20121129,0.9,0.91,0.888,0.91,50,0
20121130,0.91,0.915,0.873,0.893,4417,0
20121203,0.883,0.935,0.872,0.932,2726,0
20121204,0.932,0.95,0.91,0.95,1719,0
20121205,0.939,0.949,0.92,0.92,40,0
20121206,0.92,0.942,0.888,0.918,2954,0
20121207,0.918,0.939,0.886,0.895,1052,0
20121210,0.895,0.895,0.84,0.89,1476,0
20121211,0.9,0.927,0.89,0.91,1526,0
20121212,0.927,0.927,0.89,0.916,12,0
20121213,0.916,0.916,0.89,0.89,18,0
20121214,0.916,0.94,0.89,0.915,1042,0
20121217,0.915,0.932,0.9,0.932,656,0
20121218,0.92,0.92,0.89,0.908,20,0
20121219,0.92,0.95,0.9,0.946,4781,0
20121220,0.946,0.949,0.923,0.949,750,0
20121221,0.949,0.949,0.926,0.941,6,0
20130102,0.941,0.941,0.909,0.91,530,0
20130103,0.9,0.954,0.9,0.954,750,0
20130104,0.944,0.973,0.931,0.973,800,0
20130107,0.973,0.973,0.917,0.949,2250,0
20130108,0.939,0.949,0.926,0.926,64,0
20130109,0.926,0.948,0.894,0.925,556,0
20130110,0.925,0.96,0.893,0.92,4550,0
20130111,0.92,0.942,0.92,0.942,1002,0
20130114,0.964,0.965,0.893,0.965,53,0
20130115,0.965,0.965,0.942,0.965,3,0
20130116,0.965,0.965,0.941,0.941,1164,0
20130117,0.941,0.941,0.909,0.931,23,0
20130118,0.919,0.941,0.89,0.941,500,0
20130121,0.941,0.941,0.9,0.934,611,0
20130122,0.934,0.934,0.902,0.92,26,0
20130123,0.92,0.931,0.9,0.931,31,0
20130124,0.92,0.93,0.9,0.911,46,0
20130125,0.911,0.931,0.89,0.9,66,0
20130128,0.93,0.937,0.9,0.937,666,0
20130129,0.937,0.937,0.905,0.912,15,0
20130130,0.912,0.93,0.9,0.9,6,0
20130131,0.902,0.931,0.902,0.931,26,0
20130201,0.902,0.939,0.902,0.911,1537,0
20130204,0.901,0.934,0.901,0.912,287,0
20130205,0.902,0.912,0.902,0.911,6,0
20130206,0.911,0.973,0.9,0.973,2400,0
20130207,0.969,0.969,0.936,0.943,804,0
20130208,0.943,0.963,0.91,0.963,520,0
20130212,0.963,0.963,0.93,0.95,46,0
20130213,0.95,0.95,0.917,0.927,8,0
20130214,0.95,0.95,0.917,0.937,82,0
20130215,0.937,0.956,0.905,0.956,510,0
20130218,0.946,0.956,0.93,0.93,10,0
20130220,0.946,0.956,0.93,0.93,9,0
20130221,0.93,0.93,0.9,0.918,27,0
20130222,0.918,0.95,0.9,0.905,513,0
20130225,0.937,0.937,0.915,0.93,257,0
20130226,0.93,0.951,0.9,0.951,87,0
20130228,0.941,0.951,0.93,0.93,16,0
20130301,0.951,0.953,0.928,0.953,209,0
20130304,0.943,0.96,0.94,0.952,101,0
20130305,0.942,0.96,0.939,0.96,6,0
20130306,0.96,0.96,0.94,0.95,1000,0
20130307,0.95,0.95,0.927,0.95,5,0
20130308,0.94,0.95,0.925,0.93,1009,0
20130311,0.945,0.945,0.912,0.912,67,0
20130313,0.945,0.945,0.91,0.91,13,0
20130315,0.941,0.941,0.91,0.92,83,0
20130318,0.941,0.95,0.927,0.927,3,0
20130319,0.95,0.95,0.927,0.942,323,0
20130320,0.942,0.964,0.91,0.964,28,0
20130321,0.95,0.95,0.93,0.93,25,0
20130322,0.952,0.952,0.93,0.94,13,0
20130325,0.952,0.96,0.93,0.93,18,0
20130326,0.96,0.96,0.93,0.96,500,0
20130327,0.96,0.96,0.93,0.94,333,0
20130328,0.96,0.96,0.93,0.952,29,0
20130402,0.952,0.952,0.92,0.951,346,0
20130403,0.951,0.951,0.928,0.951,5,0
20130404,0.951,0.96,0.92,0.96,123,0
20130408,0.96,0.96,0.937,0.952,211,0
20130409,0.952,0.952,0.92,0.92,206,0
20130410,0.952,0.952,0.929,0.951,7,0
20130411,0.951,0.951,0.928,0.951,300,0
20130415,0.951,0.951,0.916,0.916,4426,0
20130416,0.916,0.916,0.894,0.894,74,0
20130417,0.916,0.938,0.894,0.938,1000,0
20130419,0.938,0.945,0.916,0.922,99,0
20130422,0.922,0.944,0.9,0.921,116,0
20130423,0.921,0.943,0.89,0.94,3006,0
20130424,0.94,0.963,0.918,0.963,500,0
20130425,0.959,0.959,0.914,0.936,6110,0
20130426,0.936,0.958,0.914,0.93,1020,0
20130429,0.958,0.958,0.935,0.935,50,0
20130430,0.935,0.935,0.913,0.925,1052,0
20130502,0.925,0.94,0.915,0.94,102,0
20130503,0.94,0.95,0.915,0.917,3016,0
20130506,0.949,0.949,0.916,0.926,298,0
20130507,0.926,0.926,0.915,0.926,6,0
20130508,0.926,0.926,0.915,0.925,137,0
20130509,0.925,0.947,0.915,0.947,11000,0
20130513,0.947,0.947,0.906,0.928,979,0
20130514,0.928,0.951,0.91,0.935,11034,0
20130515,0.935,0.935,0.93,0.93,2239,0
20130516,0.93,0.931,0.93,0.931,22,0
20130517,0.931,0.94,0.92,0.93,1901,0
20130521,0.95,0.95,0.95,0.95,2774,0
20130522,0.95,0.951,0.94,0.951,3,0
20130523,0.941,0.951,0.94,0.95,1019,0
20130524,0.95,0.951,0.94,0.951,6006,0
20130527,0.941,0.963,0.94,0.94,600,0
20130528,0.963,0.97,0.94,0.961,4102,0
20130529,0.961,0.969,0.938,0.969,108,0
20130530,0.959,0.97,0.946,0.97,2000,0
20130603,0.94,0.94,0.908,0.91,131,0
20130604,0.921,0.921,0.91,0.92,250,0
20130605,0.911,0.925,0.911,0.925,6,0
20130611,0.926,0.93,0.916,0.93,13,0
20130612,0.93,0.93,0.916,0.927,28,0
20130613,0.927,0.93,0.916,0.93,10,0
20130614,0.93,0.94,0.91,0.94,293,0
20130619,0.94,0.97,0.916,0.97,1000,0
20130620,0.969,0.969,0.95,0.961,133,0
20130624,0.961,0.961,0.928,0.96,268,0
20130701,0.93,0.93,0.916,0.92,9,0
20130702,0.93,0.935,0.916,0.935,1236,0
20130703,0.935,0.935,0.916,0.92,5,0
20130705,0.926,0.927,0.916,0.927,1000,0
20130708,0.927,0.927,0.916,0.925,2200,0
20130709,0.925,0.925,0.91,0.925,488,0
20130710,0.925,0.93,0.91,0.91,13,0
20130712,0.93,0.93,0.91,0.91,12,0
20130718,0.92,0.921,0.888,0.91,4,0
20130719,0.921,0.921,0.91,0.92,101,0
20130722,0.92,0.921,0.91,0.91,3,0
20130723,0.921,0.925,0.91,0.921,105,0
20130724,0.921,0.922,0.91,0.91,6,0
20130726,0.921,0.921,0.91,0.91,1,0
20130729,0.92,0.943,0.91,0.92,502,0
20130730,0.92,0.921,0.91,0.92,3,0
20130802,0.92,0.921,0.91,0.91,13,0
20130805,0.92,0.921,0.91,0.921,2666,0
20130806,0.921,0.922,0.91,0.92,69,0
20130807,0.92,0.942,0.91,0.93,1013,0
20130808,0.92,0.935,0.91,0.935,6070,0
20130813,0.935,0.935,0.92,0.93,82,0
20130815,0.93,0.93,0.92,0.925,48,0
20130819,0.93,0.93,0.92,0.921,13,0
20130820,0.921,0.93,0.92,0.93,5,0
20130823,0.92,0.921,0.92,0.92,53,0
20130826,0.92,0.925,0.92,0.925,36,0
20130827,0.925,0.93,0.92,0.93,2088,0
20130828,0.976,0.976,0.93,0.93,2505,0
20130829,0.922,0.922,0.92,0.922,601,0
20130830,0.922,0.922,0.92,0.922,111,0
20130902,0.922,0.922,0.89,0.915,2,0
20130903,0.915,0.922,0.901,0.922,7,0
20130909,0.921,0.921,0.911,0.921,2700,0
20130910,0.921,0.944,0.911,0.944,1146,0
20130911,0.944,0.955,0.911,0.932,1002,0
20130912,0.932,0.932,0.911,0.911,300,0
20130913,0.932,0.965,0.911,0.942,7089,0
20130916,0.945,0.945,0.91,0.92,1080,0
20130917,0.921,0.942,0.901,0.942,5370,0
20130918,0.942,0.942,0.91,0.92,3,0
20130919,0.92,0.93,0.9,0.93,16,0
20130920,0.975,0.975,0.92,0.947,13404,0
20130923,0.95,0.978,0.927,0.95,2511,0
20130924,0.95,0.975,0.927,0.945,2250,0
20130925,0.975,0.978,0.935,0.935,1026,0
20130926,0.95,0.978,0.95,0.955,2058,0
20130927,0.955,0.978,0.95,0.956,5013,0
20130930,0.956,0.96,0.935,0.96,13,0
20131001,0.954,0.975,0.921,0.975,1189,0
20131002,0.955,0.974,0.922,0.928,2037,0
20131003,0.93,0.952,0.91,0.952,2110,0
20131004,0.952,0.98,0.92,0.973,218,0
20131007,0.973,0.973,0.92,0.93,3951,0
20131008,0.96,0.972,0.93,0.939,1100,0
20131009,0.972,0.974,0.93,0.93,7510,0
20131010,0.945,0.97,0.92,0.94,4029,0
20131011,0.96,0.96,0.94,0.94,4108,0
20131014,0.95,0.95,0.92,0.931,16,0
20131015,0.94,0.96,0.927,0.937,2000,0
20131016,0.94,0.951,0.93,0.94,487,0
20131017,0.951,0.96,0.93,0.941,2598,0
20131018,0.94,0.968,0.93,0.93,1044,0
20131021,0.945,0.945,0.921,0.945,47,0
20131022,0.945,0.968,0.93,0.945,1000,0
20131023,0.968,0.968,0.935,0.94,19,0
20131024,0.968,0.97,0.935,0.937,1020,0
20131025,0.969,0.969,0.93,0.93,98,0
20131028,0.96,0.97,0.93,0.96,3601,0
20131029,0.95,0.96,0.93,0.93,6,0
20131030,0.941,0.941,0.93,0.941,16,0
20131031,0.941,0.974,0.925,0.925,100,0
20131101,0.925,0.97,0.925,0.925,1002,0
20131104,0.95,0.95,0.925,0.936,178,0
20131106,0.93,0.985,0.93,0.941,14140,0
20131107,0.951,0.952,0.941,0.952,6,0
20131111,0.941,0.994,0.941,0.961,1001,0
20131113,0.95,1,0.95,1,12059,0
20131114,0.99,1.03,0.98,1.03,21525,0
20131115,0.98,1.047,0.98,1.035,5107,0
20131118,1.01,1.047,1.01,1.047,5044,0
20131119,1.04,1.075,1.03,1.075,1000,0
20131120,1.08,1.09,1.06,1.071,7530,0
20131121,1.06,1.076,1.06,1.076,502,0
20131122,1.065,1.075,1.065,1.065,4,0
20131125,1.065,1.161,1.065,1.101,12436,0
20131126,1.1,1.199,1.09,1.199,1780,0
20131127,1.189,1.2,1.14,1.14,5000,0
20131128,1.14,1.27,1.14,1.221,3533,0
20131129,1.22,1.248,1.21,1.22,4398,0
20131202,1.17,1.22,1.09,1.2,9651,0
20131203,1.11,1.2,1.1,1.198,2553,0
20131204,1.1,1.199,1.1,1.11,500,0
20131205,1.11,1.19,1.1,1.189,1008,0
20131206,1.1,1.189,1.1,1.111,1535,0
20131209,1.11,1.21,1.1,1.187,1916,0
20131210,1.111,1.2,1.11,1.2,22250,0
20131211,1.2,1.251,1.181,1.251,16282,0
20131212,1.275,1.275,1.172,1.172,20741,0
20131213,1.211,1.211,1.172,1.201,5,0
20131216,1.211,1.211,1.172,1.199,3011,0
20131217,1.171,1.199,1.13,1.142,1000,0
20131218,1.142,1.199,1.142,1.175,7005,0
20131219,1.175,1.2,1.15,1.2,4473,0
20131220,1.15,1.2,1.15,1.2,3011,0
20131223,1.175,1.2,1.15,1.15,1006,0
20131227,1.151,1.199,1.15,1.15,1619,0
20131230,1.15,1.2,1.15,1.15,1087,0
20140102,1.203,1.3,1.2,1.2,2022,0
20140103,1.175,1.175,1.15,1.15,45,0
20140106,1.155,1.155,1.11,1.11,7,0
20140107,1.11,1.19,1.11,1.19,15501,0
20140108,1.11,1.19,1.11,1.11,1500,0
20140109,1.15,1.19,1.11,1.175,6017,0
20140110,1.112,1.19,1.112,1.112,1890,0
20140113,1.151,1.19,1.11,1.19,2018,0
20140114,1.155,1.19,1.12,1.19,9842,0
20140115,1.19,1.195,1.12,1.191,1348,0
20140116,1.195,1.22,1.12,1.16,7025,0
20140117,1.2,1.2,1.12,1.12,1000,0
20140120,1.21,1.25,1.101,1.111,9029,0
20140121,1.155,1.201,1.1,1.18,1563,0
20140122,1.124,1.27,1.11,1.201,106,0
20140123,1.2,1.25,1.19,1.225,1316,0
20140124,1.225,1.225,1.2,1.22,12,0
20140127,1.22,1.22,1.11,1.21,1084,0
20140128,1.21,1.21,1.19,1.21,111,0
20140129,1.21,1.21,1.11,1.155,1353,0
20140130,1.2,1.2,1.11,1.111,1033,0
20140131,1.11,1.2,1.11,1.199,2760,0
20140203,1.155,1.2,1.1,1.13,11220,0
20140204,1.1,1.159,1.001,1.125,8636,0
20140205,1.1,1.149,1.09,1.125,2603,0
20140206,1.1,1.197,1.09,1.197,5665,0
20140207,1.1,1.2,1.1,1.197,7157,0
20140210,1.15,1.26,1.1,1.26,32561,0
20140211,1.26,1.305,1.14,1.25,14208,0
20140214,1.2,1.225,1.2,1.225,47,0
20140217,1.225,1.275,1.19,1.275,4318,0
20140218,1.2,1.23,1.19,1.19,6,0
20140219,1.25,1.255,1.22,1.245,2503,0
20140220,1.25,1.255,1.23,1.25,27001,0
20140221,1.24,1.24,1.23,1.24,45,0
20140224,1.23,1.23,1.201,1.201,1,0
20140225,1.225,1.225,1.19,1.19,13,0
20140226,1.2,1.225,1.2,1.2,3,0
20140228,1.2,1.225,1.2,1.2,197,0
20140303,1.225,1.225,1.2,1.201,13,0
20140304,1.225,1.251,1.19,1.2,11075,0
20140305,1.225,1.225,1.2,1.2,73,0
20140306,1.2,1.23,1.02,1.12,7792,0
20140307,1.12,1.198,1.05,1.077,2000,0
20140310,1.15,1.201,1.127,1.201,9068,0
20140311,1.2,1.225,1.2,1.2,5,0
20140312,1.225,1.225,1.2,1.2,5,0
20140313,1.2,1.225,1.2,1.225,74,0
20140314,1.225,1.249,1.2,1.225,300,0
20140317,1.201,1.225,1.2,1.2,21,0
20140319,1.21,1.25,1.2,1.2,13000,0
20140320,1.225,1.225,1.2,1.225,10,0
20140321,1.225,1.225,1.1,1.12,32,0
20140324,1.175,1.23,1.12,1.14,1000,0
20140325,1.17,1.21,1.14,1.15,4001,0
20140326,1.17,1.23,1.17,1.21,6,0
20140327,1.23,1.235,1.02,1.21,6,0
20140328,1.22,1.225,1.22,1.225,2,0
20140331,1.225,1.225,1.22,1.22,6,0
20140403,1.215,1.22,1.21,1.22,14000,0
20140404,1.225,1.235,1.21,1.235,10000,0
20140408,1.235,1.235,1.21,1.22,212,0
20140410,1.22,1.235,1.22,1.22,2006,0
20140414,1.22,1.228,1.22,1.228,12356,0
20140416,1.228,1.228,1.1,1.1,9352,0
20140417,1.1,1.205,1.1,1.16,2000,0
20140422,1.15,1.219,1.045,1.11,5050,0
20140423,1.165,1.22,1.11,1.11,1050,0
20140424,1.22,1.22,1.14,1.143,2051,0
20140425,1.25,1.25,1.22,1.24,538,0
20140428,1.19,1.22,1.11,1.165,5216,0
20140429,1.183,1.2,1.165,1.165,1000,0
20140430,1.2,1.225,1.165,1.165,1000,0
20140502,1.2,1.2,1.165,1.183,1000,0
20140505,1.165,1.233,1.165,1.165,1088,0
20140506,1.165,1.201,1.165,1.165,136,0
20140508,1.198,1.201,1.165,1.165,6,0
20140509,1.198,1.2,1.165,1.183,717,0
20140513,1.2,1.2,1.165,1.165,18,0
20140514,1.2,1.2,1.165,1.165,1306,0
20140515,1.165,1.201,1.15,1.165,2015,0
20140516,1.165,1.2,1.165,1.17,5766,0
20140519,1.165,1.2,1.165,1.165,1000,0
20140520,1.199,1.2,1.165,1.165,1000,0
20140521,1.2,1.2,1.165,1.165,1000,0
20140522,1.165,1.199,1.165,1.165,1000,0
20140523,1.2,1.2,1.165,1.18,1130,0
20140526,1.18,1.2,1.165,1.165,3030,0
20140527,1.165,1.25,1.165,1.165,44300,0
20140528,1.333,1.35,1.2,1.275,633,0
20140530,1.275,1.275,1.229,1.229,4214,0
20140602,1.265,1.265,1.061,1.2,2101,0
20140603,1.225,1.25,1.2,1.2,1013,0
20140604,1.225,1.25,1.2,1.2,1120,0
20140605,1.25,1.25,1.2,1.2,1000,0
20140606,1.25,1.25,1.1,1.1,2100,0
20140610,1.25,1.25,1.105,1.117,1000,0
20140611,1.228,1.234,1.173,1.228,60,0
20140613,1.229,1.229,1.228,1.228,1015,0
20140616,1.229,1.229,1.128,1.128,1000,0
20140617,1.21,1.21,1.128,1.138,9000,0
20140618,1.24,1.24,1.138,1.138,1000,0
20140619,1.24,1.24,1.138,1.138,1000,0
20140620,1.24,1.24,1.138,1.138,1005,0
20140623,1.24,1.24,1.138,1.138,4000,0
20140624,1.24,1.24,1.13,1.138,1000,0
20140625,1.24,1.24,1.138,1.138,1000,0
20140626,1.189,1.24,1.138,1.138,2080,0
20140627,1.24,1.24,1.138,1.189,1000,0
20140630,1.189,1.24,1.138,1.138,1000,0
20140701,1.169,1.214,1.138,1.157,4023,0
20140702,1.2,1.2,1.157,1.157,2001,0
20140703,1.179,1.2,1.114,1.114,1249,0
20140704,1.179,1.2,1.157,1.179,3010,0
20140707,1.2,1.2,1.13,1.15,12745,0
20140709,1.2,1.245,1.2,1.24,70,0
20140710,1.245,1.245,1.24,1.24,32,0
20140714,1.24,1.24,1.153,1.177,2000,0
20140715,1.2,1.2,1.15,1.153,3288,0
20140716,1.197,1.24,1.153,1.153,1000,0
20140717,1.177,1.2,1.103,1.103,12315,0
20140718,1.2,1.2,1.103,1.103,1510,0
20140721,1.18,1.199,1.103,1.15,1213,0
20140722,1.2,1.2,1.13,1.13,1500,0
20140723,1.165,1.2,1.13,1.13,2513,0
20140724,1.165,1.23,1.13,1.148,2066,0
20140725,1.302,1.342,1.148,1.229,2159,0
20140728,1.305,1.305,1.229,1.243,1717,0
20140729,1.312,1.325,1.21,1.211,1513,0
20140730,1.3,1.325,1.21,1.211,2024,0
20140731,1.3,1.3,1.211,1.211,1222,0
20140801,1.3,1.3,1.211,1.211,1000,0
20140804,1.295,1.3,1.1,1.166,10924,0
20140805,1.29,1.29,1.121,1.14,1820,0
20140806,1.24,1.261,1.24,1.24,4,0
20140808,1.261,1.261,1.14,1.14,1013,0
20140811,1.28,1.28,1.1,1.275,2033,0
20140812,1.275,1.275,1.25,1.251,699,0
20140813,1.275,1.275,1.25,1.25,69,0
20140814,1.275,1.275,1.25,1.25,1000,0
20140815,1.25,1.27,1.25,1.27,19,0
20140818,1.275,1.281,1.24,1.24,16518,0
20140819,1.27,1.27,1.24,1.25,45500,0
20140820,1.25,1.35,1.25,1.25,8024,0
20140826,1.275,1.275,1.25,1.251,6,0
20140827,1.275,1.29,1.24,1.29,29000,0
20140829,1.275,1.275,1.25,1.27,6,0
20140901,1.295,1.295,1.23,1.25,4000,0
20140902,1.295,1.295,1.25,1.25,15,0
20140903,1.275,1.275,1.25,1.25,1500,0
20140904,1.275,1.275,1.25,1.25,278,0
20140905,1.25,1.265,1.22,1.265,5500,0
20140908,1.275,1.275,1.25,1.25,22,0
20140909,1.3,1.3,1.25,1.25,1002,0
20140910,1.275,1.29,1.25,1.25,2200,0
20140911,1.275,1.29,1.25,1.25,2803,0
20140912,1.275,1.29,1.25,1.25,1000,0
20140915,1.29,1.295,1.29,1.29,20,0
20140916,1.295,1.295,1.29,1.29,38,0
20140917,1.295,1.299,1.25,1.29,3007,0
20140918,1.29,1.295,1.25,1.25,1042,0
20140919,1.295,1.295,1.25,1.27,1033,0
20140922,1.295,1.295,1.25,1.265,2013,0
20140923,1.265,1.28,1.25,1.25,1000,0
20140924,1.25,1.29,1.25,1.25,1000,0
20140925,1.295,1.295,1.25,1.25,1336,0
20140926,1.29,1.295,1.25,1.25,1000,0
20140929,1.29,1.295,1.25,1.25,1000,0
20140930,1.27,1.289,1.25,1.25,1008,0
20141001,1.27,1.289,1.25,1.25,1006,0
20141002,1.29,1.29,1.25,1.25,1014,0
20141006,1.28,1.285,1.25,1.25,1502,0
20141007,1.29,1.29,1.24,1.268,2021,0
20141008,1.285,1.285,1.25,1.25,3051,0
20141009,1.28,1.28,1.25,1.25,1000,0
20141010,1.28,1.28,1.25,1.25,3500,0
20141013,1.28,1.28,1.24,1.25,6509,0
20141014,1.28,1.28,1.24,1.25,1066,0
20141015,1.28,1.28,1.158,1.158,2046,0
20141016,1.255,1.26,1.153,1.153,3090,0
20141017,1.26,1.26,1.16,1.16,10,0
20141020,1.255,1.259,1.157,1.157,10,0
20141021,1.255,1.255,1.156,1.156,9,0
20141023,1.265,1.265,1.25,1.25,25050,0
20141024,1.28,1.28,1.25,1.25,3350,0
20141027,1.28,1.28,1.25,1.25,43,0
20141028,1.265,1.279,1.24,1.25,40,0
20141029,1.305,1.305,1.25,1.25,83,0
20141103,1.29,1.29,1.25,1.25,12,0
20141104,1.28,1.285,1.25,1.25,19500,0
20141105,1.26,1.269,1.24,1.24,2494,0
20141106,1.25,1.27,1.24,1.24,1000,0
20141107,1.27,1.279,1.24,1.24,1003,0
20141110,1.265,1.275,1.24,1.24,33,0
20141112,1.27,1.275,1.24,1.24,2,0
20141113,1.275,1.28,1.24,1.24,2000,0
20141117,1.27,1.275,1.24,1.24,26,0
20141118,1.275,1.275,1.24,1.24,193,0
20141119,1.27,1.275,1.24,1.24,35,0
20141120,1.275,1.278,1.24,1.24,335,0
20141121,1.27,1.275,1.24,1.24,16,0
20141124,1.275,1.275,1.24,1.24,1000,0
20141125,1.265,1.28,1.24,1.24,3010,0
20141126,1.28,1.28,1.24,1.24,1036,0
20141127,1.265,1.28,1.24,1.24,3142,0
20141202,1.278,1.285,1.24,1.24,5572,0
20141203,1.25,1.29,1.24,1.24,4320,0
20141204,1.285,1.285,1.25,1.25,213,0
20141205,1.285,1.33,1.25,1.25,3264,0
20141208,1.285,1.285,1.25,1.25,157,0
20141209,1.28,1.289,1.25,1.25,96,0
20141210,1.285,1.285,1.25,1.25,30,0
20141212,1.28,1.285,1.25,1.25,788,0
20141215,1.25,1.288,1.25,1.25,1006,0
20141216,1.275,1.278,1.25,1.25,31,0
20141217,1.275,1.278,1.25,1.25,50,0
20141218,1.278,1.278,1.25,1.25,40,0
20141219,1.278,1.278,1.25,1.25,108,0
20141223,1.275,1.278,1.182,1.182,1000,0
20141229,1.229,1.28,1.148,1.17,2418,0
20141230,1.224,1.28,1.181,1.236,1030,0
20150102,1.287,1.313,1.108,1.108,1005,0
20150105,1.2,1.26,1.01,1.26,16506,0
20150106,1.26,1.297,1.26,1.26,3000,0
20150107,1.26,1.311,1.26,1.26,1572,0
20150108,1.361,1.375,1.26,1.291,2022,0
20150109,1.38,1.436,1.292,1.292,1000,0
20150112,1.38,1.442,1.366,1.366,7,0
20150113,1.38,1.447,1.348,1.348,6,0
20150114,1.448,1.448,1.349,1.349,7,0
20150115,1.38,1.452,1.349,1.349,36,0
20150119,1.381,1.453,1.334,1.334,2243,0
20150120,1.461,1.464,1.308,1.308,2351,0
20150121,1.42,1.5,1.364,1.364,3233,0
20150122,1.429,1.465,1.261,1.282,1030,0
20150123,1.385,1.385,1.168,1.168,11001,0
20150126,1.295,1.299,1.196,1.196,13,0
20150127,1.29,1.295,1.196,1.196,23,0
20150128,1.295,1.295,1.196,1.196,91,0
20150129,1.295,1.32,1.211,1.211,1019,0
20150130,1.31,1.31,1.191,1.191,1317,0
20150202,1.25,1.358,1.226,1.226,290,0
20150203,1.32,1.378,1.199,1.199,111,0
20150204,1.382,1.382,1.205,1.205,9,0
20150205,1.32,1.335,1.225,1.225,129,0
20150206,1.335,1.335,1.32,1.32,13,0
20150209,1.335,1.335,1.305,1.32,1000,0
20150210,1.33,1.34,1.208,1.208,1012,0
20150211,1.295,1.325,1.2,1.2,2826,0
20150212,1.29,1.315,1.215,1.215,3,0
20150213,1.31,1.315,1.23,1.23,1099,0
20150216,1.27,1.313,1.213,1.213,2336,0
20150217,1.306,1.313,1.198,1.198,2118,0
20150219,1.295,1.298,1.198,1.198,11,0
20150220,1.295,1.298,1.198,1.198,11,0
20150223,1.295,1.298,1.198,1.198,106,0
20150224,1.295,1.298,1.198,1.198,40,0
20150225,1.295,1.298,1.198,1.198,38,0
20150226,1.295,1.298,1.26,1.26,1000,0
20150227,1.275,1.278,1.179,1.179,4,0
20150303,1.275,1.278,1.172,1.172,1162,0
20150304,1.26,1.27,1.165,1.165,333,0
20150305,1.261,1.27,1.17,1.17,125,0
20150306,1.26,1.278,1.191,1.191,5,0
20150309,1.275,1.278,1.27,1.275,105,0
20150310,1.275,1.279,1.25,1.278,12013,0
20150311,1.279,1.279,1.179,1.179,1021,0
20150313,1.278,1.279,1.18,1.18,2047,0
20150316,1.278,1.28,1.26,1.279,1871,0
20150317,1.279,1.28,1.199,1.199,12,0
20150318,1.279,1.28,1.18,1.18,139,0
20150320,1.279,1.28,1.18,1.18,516,0
20150323,1.279,1.28,1.18,1.18,52,0
20150324,1.279,1.28,1.181,1.181,5,0
20150325,1.279,1.28,1.179,1.179,820,0
20150327,1.279,1.28,1.18,1.18,25,0
20150330,1.279,1.28,1.18,1.18,169,0
20150331,1.279,1.28,1.181,1.181,15,0
20150402,1.279,1.28,1.237,1.237,66,0
20150407,1.279,1.28,1.279,1.279,4006,0
20150408,1.277,1.3,1.277,1.3,16200,0
20150410,1.279,1.285,1.279,1.285,11,0
20150413,1.283,1.338,1.283,1.283,1154,0
20150415,1.283,1.319,1.283,1.303,1268,0
20150417,1.302,1.302,1.287,1.287,1156,0
20150420,1.261,1.305,1.261,1.305,1018,0
20150421,1.261,1.269,1.261,1.269,113,0
20150422,1.271,1.296,1.271,1.281,1348,0
20150423,1.281,1.281,1.281,1.281,80,0
20150424,1.261,1.294,1.261,1.294,156,0
20150430,1.263,1.263,1.263,1.263,6,0
20150504,1.263,1.263,1.263,1.263,3,0
20150507,1.26,1.261,1.26,1.261,61,0
20150508,1.261,1.261,1.26,1.26,1006,0
20150511,1.26,1.261,1.26,1.26,3025,0
20150513,1.261,1.261,1.26,1.26,3002,0
20150514,1.26,1.261,1.251,1.251,1104,0
20150522,1.263,1.268,1.26,1.26,3726,0
20150529,1.26,1.261,1.26,1.261,40,0
20150601,1.232,1.232,1.232,1.232,150,0
20150602,1.232,1.232,1.232,1.232,20,0
20150603,1.28,1.28,1.28,1.28,10000,0
20150604,1.235,1.239,1.235,1.239,42,0
20150608,1.243,1.243,1.243,1.243,1013,0
20150609,1.176,1.176,1.176,1.176,17,0
20150610,1.182,1.182,1.182,1.182,6,0
20150611,1.185,1.185,1.185,1.185,1000,0
20150615,1.136,1.136,1.131,1.131,40,0
20150616,1.134,1.134,1.134,1.134,2,0
20150617,1.13,1.131,1.13,1.131,1,0
20150618,1.13,1.131,1.13,1.131,30,0
20150619,1.13,1.168,1.13,1.168,1026,0
20150622,1.173,1.181,1.173,1.181,52,0
20150623,1.176,1.23,1.176,1.23,1833,0
20150624,1.176,1.184,1.176,1.184,13,0
20150625,1.182,1.182,1.182,1.182,13,0
20150629,1.188,1.188,1.188,1.188,6,0
20150630,1.188,1.277,1.188,1.277,10319,0
20150707,1.253,1.253,1.253,1.253,60,0
20150713,1.25,1.251,1.25,1.25,11338,0
20150715,1.25,1.25,1.243,1.25,10545,0
20150716,1.203,1.25,1.203,1.25,11710,0
20150717,1.253,1.29,1.253,1.29,230,0
20150720,1.253,1.253,1.253,1.253,6,0
20150721,1.253,1.253,1.253,1.253,10,0
20150722,1.253,1.253,1.253,1.253,1000,0
20150723,1.253,1.253,1.251,1.251,70,0
20150729,1.25,1.251,1.25,1.251,13,0
20150803,1.25,1.25,1.25,1.25,1000,0
20150805,1.25,1.251,1.25,1.251,1,0
20150806,1.25,1.251,1.25,1.251,6,0
20150807,1.251,1.251,1.251,1.251,50,0
20150810,1.25,1.25,1.25,1.25,10000,0
20150813,1.263,1.271,1.263,1.271,23,0
20150814,1.266,1.274,1.266,1.274,2,0
20150819,1.268,1.276,1.268,1.275,1759,0
20150820,1.184,1.192,1.184,1.192,2,0
20150826,1.143,1.143,1.124,1.124,2,0
20150827,1.124,1.22,1.124,1.22,1314,0
20150831,1.188,1.188,1.188,1.188,27,0
20150901,1.188,1.188,1.188,1.188,26,0
20150910,1.193,1.211,1.193,1.211,5,0
20150915,1.206,1.206,1.206,1.206,9,0
20150917,1.208,1.239,1.208,1.239,1196,0
20150918,1.208,1.25,1.208,1.25,5300,0
20150921,1.208,1.208,1.208,1.208,1,0
20150925,1.209,1.244,1.209,1.244,15,0
20150930,1.207,1.249,1.207,1.249,6000,0
20151001,1.252,1.26,1.252,1.26,42,0
20151005,1.255,1.263,1.255,1.263,7,0
20151009,1.259,1.259,1.259,1.259,177,0
20151014,1.261,1.261,1.261,1.261,132,0
20151015,1.251,1.251,1.251,1.251,20,0
20151019,1.25,1.25,1.25,1.25,1066,0
20151102,1.276,1.28,1.276,1.276,927,0
20151103,1.276,1.276,1.276,1.276,500,0
20151106,1.257,1.26,1.257,1.257,1625,0
20151109,1.257,1.257,1.257,1.257,33,0
20151110,1.257,1.257,1.257,1.257,17,0
20151112,1.251,1.329,1.251,1.258,1070,0
20151113,1.253,1.677,1.253,1.677,2142,0
20151116,1.35,1.384,1.251,1.251,2216,0
20151117,1.25,1.251,1.25,1.251,1033,0
20151119,1.25,1.251,1.25,1.251,2,0
20151120,1.25,1.32,1.25,1.32,57,0
20151201,1.25,1.251,1.25,1.251,24,0
20151202,1.25,1.251,1.25,1.251,29,0
20151208,1.25,1.251,1.25,1.251,8,0
20151209,1.25,1.301,1.25,1.301,2897,0
20151210,1.3,1.301,1.3,1.301,1,0
20151211,1.3,1.301,1.3,1.301,1,0
20151214,1.3,1.301,1.3,1.301,707,0
20151217,1.3,1.301,1.3,1.301,20,0
20151218,1.3,1.301,1.3,1.301,66,0
20151223,1.3,1.301,1.3,1.301,26,0
20151228,1.301,1.301,1.301,1.301,139,0
20160105,1.3,1.301,1.3,1.301,6,0
20160112,1.301,1.301,1.301,1.301,410,0
20160113,1.3,1.301,1.3,1.301,26,0
20160115,1.301,1.301,1.301,1.301,8,0
20160118,1.301,1.301,1.301,1.301,2,0
20160120,1.3,1.301,1.3,1.3,2500,0
20160122,1.3,1.3,1.3,1.3,2013,0
20160125,1.28,1.301,1.28,1.3,2002,0
20160126,1.28,1.401,1.28,1.4,5148,0
20160127,1.34,1.34,1.34,1.34,101,0
20160128,1.34,1.34,1.34,1.34,13,0
20160129,1.34,1.34,1.34,1.34,10,0
20160202,1.34,1.34,1.34,1.34,1,0
20160203,1.34,1.34,1.34,1.34,66,0
20160209,1.34,1.34,1.34,1.34,2,0
20160211,1.32,1.32,1.32,1.32,1280,0
20160212,1.3,1.301,1.3,1.301,29,0
20160215,1.3,1.301,1.3,1.301,20,0
20160216,1.3,1.301,1.3,1.301,33,0
20160217,1.3,1.301,1.3,1.301,13,0
20160218,1.3,1.301,1.3,1.301,15,0
20160229,1.301,1.301,1.301,1.301,6,0
20160301,1.3,1.301,1.3,1.301,6,0
20160303,1.3,1.3,1.28,1.28,5000,0
20160307,1.3,1.301,1.3,1.301,23,0
20160310,1.32,1.36,1.32,1.36,275,0
20160314,1.33,1.331,1.33,1.331,3,0
20160318,1.33,1.331,1.33,1.331,3,0
20160322,1.33,1.41,1.33,1.41,1792,0
20160323,1.41,1.41,1.41,1.41,701,0
20160324,1.4,1.45,1.4,1.45,759,0
20160329,1.41,1.6,1.41,1.46,1734,0
20160330,1.55,1.55,1.55,1.55,89,0
20160405,1.62,1.62,1.6,1.6,24334,0
20160411,1.57,1.57,1.57,1.57,701,0
20160412,1.52,1.52,1.4,1.5,2002,0
20160418,1.43,1.43,1.43,1.43,6,0
20160421,1.43,1.44,1.43,1.44,5,0
20160422,1.44,1.44,1.44,1.44,10,0
20160426,1.44,1.44,1.44,1.44,6,0
20160427,1.44,1.572,1.44,1.44,723,0
20160428,1.45,1.572,1.45,1.572,700,0
20160429,1.5,1.5,1.5,1.5,128,0
20160503,1.5,1.622,1.41,1.41,1220,0
20160509,1.41,1.532,1.41,1.532,224,0
20160510,1.44,1.44,1.44,1.44,26,0
20160511,1.44,1.44,1.44,1.44,26,0
20160517,1.451,1.451,1.451,1.451,4,0
20160519,1.45,1.562,1.45,1.562,487,0
20160520,1.662,1.712,1.662,1.712,197,0
20160523,1.604,1.65,1.554,1.65,450,0
20160524,1.559,1.559,1.53,1.53,678,0
20160527,1.469,1.584,1.44,1.584,52,0
20160530,1.44,1.499,1.44,1.499,64,0
20160602,1.381,1.381,1.38,1.38,3061,0
20160603,1.32,1.321,1.32,1.321,53,0
20160606,1.32,1.321,1.32,1.321,12,0
20160609,1.32,1.431,1.32,1.431,3875,0
20160610,1.43,1.43,1.43,1.43,1600,0
20160614,1.43,1.431,1.43,1.431,4,0
20160620,1.43,1.431,1.43,1.431,6,0
20160621,1.499,1.51,1.448,1.448,546,0
20160622,1.448,1.448,1.448,1.448,13,0
20160624,1.448,1.448,1.448,1.448,6,0
20160627,1.47,1.471,1.47,1.471,17,0
20160628,1.47,1.471,1.47,1.471,26,0
20160629,1.47,1.471,1.47,1.471,132,0
20160630,1.47,1.471,1.47,1.471,27,0
20160705,1.47,1.47,1.47,1.47,20,0
20160706,1.47,1.47,1.47,1.47,20,0
20160713,1.47,1.47,1.45,1.45,6271,0
20160715,1.43,1.539,1.43,1.539,2229,0
20160718,1.43,1.539,1.43,1.431,26,0
20160719,1.43,1.431,1.43,1.431,2,0
20160726,1.43,1.431,1.43,1.431,15,0
20160728,1.43,1.431,1.43,1.431,136,0
20160802,1.43,1.43,1.43,1.43,13,0
20160804,1.43,1.43,1.43,1.43,45,0
20160805,1.43,1.56,1.43,1.559,4345,0
20160808,1.43,1.559,1.43,1.559,150,0
20160809,1.43,1.43,1.43,1.43,13,0
20160811,1.43,1.43,1.43,1.43,316,0
20160815,1.43,1.43,1.43,1.43,25,0
20160816,1.43,1.43,1.43,1.43,10,0
20160818,1.43,1.43,1.43,1.43,38,0
20160819,1.43,1.43,1.43,1.43,73,0
20160822,1.43,1.43,1.38,1.38,2000,0
20160826,1.33,1.4,1.33,1.4,10000,0
20160829,1.32,1.33,1.32,1.33,17000,0
20160830,1.37,1.381,1.37,1.381,2,0
20160831,1.38,1.381,1.38,1.381,100,0
20160901,1.38,1.381,1.38,1.381,4,0
20160902,1.38,1.381,1.38,1.381,219,0
20160905,1.38,1.38,1.38,1.38,834,0
20160906,1.38,1.401,1.38,1.401,517,0
20160907,1.4,1.401,1.4,1.401,1,0
20160912,1.4,1.401,1.4,1.401,23,0
20160915,1.4,1.401,1.4,1.401,900,0
20160919,1.401,1.401,1.401,1.401,42,0
20160920,1.4,1.401,1.4,1.401,13,0
20160927,1.4,1.401,1.4,1.401,39,0
20160929,1.4,1.401,1.4,1.401,398,0
20160930,1.4,1.401,1.4,1.401,1,0
20161004,1.4,1.4,1.4,1.4,10,0
20161010,1.4,1.4,1.4,1.4,1,0
20161013,1.4,1.4,1.4,1.4,6,0
20161017,1.4,1.4,1.4,1.4,10,0
20161021,1.4,1.4,1.4,1.4,150,0
20161027,1.35,1.35,1.35,1.35,66,0
20161028,1.28,1.28,1.28,1.28,14,0
20161102,1.28,1.28,1.265,1.265,13,0
20161104,1.265,1.265,1.265,1.265,26,0
20161108,1.265,1.265,1.265,1.265,776,0
20161109,1.22,1.335,1.22,1.335,824,0
20161110,1.3,1.415,1.3,1.415,800,0
20161114,1.37,1.37,1.37,1.37,33,0
20161115,1.37,1.37,1.37,1.37,6,0
20161116,1.37,1.37,1.37,1.37,10,0
20161117,1.331,1.331,1.28,1.28,1505,0
20161118,1.255,1.338,1.255,1.338,800,0
20161121,1.275,1.275,1.275,1.275,19,0
20161122,1.275,1.275,1.221,1.275,1022,0
20161123,1.248,1.372,1.248,1.248,600,0
20161128,1.221,1.221,1.221,1.221,32,0
20161205,1.221,1.3,1.221,1.3,1147,0
20161206,1.3,1.301,1.3,1.301,21,0
20161207,1.3,1.301,1.3,1.301,66,0
20161209,1.3,1.301,1.3,1.301,19,0
20161212,1.3,1.34,1.3,1.34,20,0
20161213,1.339,1.34,1.339,1.34,6,0
20161215,1.339,1.34,1.339,1.34,766,0
20161216,1.34,1.34,1.34,1.34,250,0
20161219,1.339,1.431,1.339,1.431,1012,0
20161222,1.43,1.431,1.43,1.43,12600,0
20161223,1.43,1.431,1.43,1.431,2,0
20161229,1.43,1.431,1.43,1.431,74,0
20161230,1.43,1.431,1.43,1.431,74,0
20170103,1.36,1.36,1.34,1.34,6,0
20170106,1.34,1.34,1.34,1.34,1,0
20170110,1.32,1.321,1.32,1.321,40,0
20170112,1.32,1.45,1.32,1.45,3378,0
20170113,1.358,1.358,1.358,1.358,19,0
20170120,1.358,1.358,1.358,1.358,6,0
20170125,1.358,1.358,1.358,1.358,4,0
20170126,1.358,1.358,1.358,1.358,5,0
20170130,1.358,1.449,1.358,1.401,2448,0
20170131,1.358,1.358,1.358,1.358,200,0
20170201,1.358,1.358,1.358,1.358,13,0
20170202,1.358,1.358,1.358,1.358,46,0
20170207,1.358,1.358,1.18,1.29,5195,0
20170209,1.25,1.301,1.25,1.301,5,0
20170210,1.3,1.301,1.3,1.3,2039,0
20170213,1.251,1.301,1.251,1.301,213,0
20170214,1.3,1.3,1.3,1.3,6,0
20170215,1.3,1.301,1.3,1.301,35,0
20170216,1.3,1.3,1.3,1.3,1500,0
20170217,1.25,1.301,1.25,1.301,1000,0
20170220,1.301,1.37,1.301,1.367,809,0
20170222,1.367,1.48,1.367,1.48,2002,0
20170223,1.407,1.451,1.407,1.45,549,0
20170228,1.45,1.45,1.45,1.45,13,0
20170301,1.45,1.5,1.45,1.48,6500,0
20170302,1.45,1.45,1.45,1.45,10,0
20170303,1.45,1.55,1.45,1.45,486,0
20170309,1.5,1.501,1.5,1.501,200,0
20170310,1.5,1.501,1.5,1.501,32,0
20170314,1.5,1.6,1.5,1.6,800,0
20170315,1.6,1.606,1.6,1.606,6,0
20170317,1.605,1.649,1.605,1.63,7000,0
20170321,1.63,1.631,1.6,1.6,6800,0
20170323,1.55,1.551,1.55,1.551,143,0
