Date,Open,High,Low,Close,Volume,OpenInt
20090408,6.86,6.99,6.71,6.99,40,0
20090417,6.71,6.86,6.57,6.71,10,0
20090422,6.86,6.95,6.71,6.95,5,0
20090507,6.78,6.78,6.63,6.63,300,0
20090511,6.8,6.8,6.66,6.66,100,0
20090512,6.52,6.67,6.25,6.25,300,0
20090529,6.37,6.51,6.23,6.51,100,0
20090603,6.51,6.65,6.37,6.65,50,0
20090612,6.55,6.55,6.41,6.5,200,0
20090616,6.55,6.55,6.27,6.27,250,0
20090625,6.59,6.59,6.5,6.5,1000,0
20090708,6.5,6.5,6.36,6.36,20,0
20090714,6.37,6.37,6,6,200,0
20090715,6.37,6.37,5.97,5.97,390,0
20090720,5.4,6.2,5,5,100,0
20090722,4.5,6.2,4,4.15,200,0
20090723,4.15,4.15,3.5,3.5,1696,0
20090724,2.9,3.74,2.83,2.89,2760,0
20090727,2.8,2.9,2.7,2.75,590,0
20090728,2.75,2.81,2.69,2.75,400,0
20090729,2.81,2.81,2.75,2.75,40,0
20090731,2.78,2.96,2.75,2.96,1000,0
20090803,2.97,3.09,2.85,3.09,1094,0
20090804,3.09,3.27,3,3.27,461,0
20090805,3.28,4,3.19,3.48,280,0
20090806,3.73,3.87,3.65,3.87,1147,0
20090807,3.98,3.98,3.87,3.87,550,0
20090812,3.82,4.2,3.76,4.08,1251,0
20090813,4.09,6,3.98,5.83,2203,0
20090814,5.84,5.84,5.66,5.67,47,0
20090818,5.69,5.69,4.8,5.13,1200,0
20090819,5.13,5.13,4.7,4.91,296,0
20090824,4.83,4.83,4.5,4.6,754,0
20090825,4.6,4.7,4.5,4.6,100,0
20090828,4.6,4.8,4.5,4.8,167,0
20090831,4.81,4.95,4.71,4.95,93,0
20090901,4.95,5.09,3.8,4.05,1592,0
20090902,4.06,4.12,3.84,4.12,1160,0
20090903,4,4.24,4,4.24,50,0
20090908,5.15,6.7,5,6.7,900,0
20090909,6.51,6.51,5.83,5.83,1500,0
20090910,5.92,5.92,5.2,5.2,800,0
20090914,5.05,5.35,5.05,5.35,200,0
20090915,5.36,5.36,4.8,5.11,1100,0
20090917,5.5,5.94,5.3,5.76,3402,0
20090918,5.68,5.89,5.68,5.89,900,0
20090924,5.84,5.84,5.72,5.74,300,0
20090925,5.62,6.15,5.62,6.05,6200,0
20090928,6.1,6.15,6.02,6.15,200,0
20090929,6.1,6.1,6.02,6.02,400,0
20090930,6.02,6.09,6.02,6.02,1400,0
20091002,6,7.5,6,7.5,923,0
20091005,6.5,6.6,6,6,1025,0
20091006,6.02,6.15,5.9,6.02,235,0
20091008,5.9,6.16,5.9,6,220,0
20091009,5.9,6.15,5.9,6.02,180,0
20091012,6.03,7.02,5.9,6.23,1845,0
20091013,6.24,6.24,6.1,6.11,45,0
20091014,5.98,6.11,5.98,5.98,150,0
20091020,6.03,6.03,5.9,5.9,1000,0
20091023,5.91,5.91,5.78,5.78,100,0
20091028,5.68,6.3,5.68,6.15,1940,0
20091105,6.21,6.35,6.08,6.1,150,0
20091110,5.93,5.93,5.8,5.8,110,0
20091111,5.81,5.81,5.69,5.69,101,0
20091112,5.7,6,5.58,6,415,0
20091207,5.78,5.92,5.78,5.92,2,0
20091208,5.96,5.96,5.92,5.93,2,0
20091211,5.96,5.96,5.92,5.92,330,0
20091215,5.67,5.67,5.55,5.55,200,0
20091216,5.43,5.55,5.32,5.55,226,0
20091217,5.43,6,5.32,6,796,0
20091223,5.52,5.52,5.4,5.4,400,0
20091228,5.4,5.4,5,5.29,298,0
20091229,5.18,5.18,5.07,5.07,100,0
20100114,3.838,3.838,3.5,3.836,3347,0
20100115,3.73,3.97,3.73,3.97,472,0
20100118,3.749,4.089,3.749,4.089,312,0
20100119,4.175,4.18,4.175,4.175,826,0
20100120,4.175,4.175,4.03,4.03,712,0
20100127,4.03,4.04,4.03,4.04,44,0
20100128,4.03,4.04,4.03,4.04,130,0
20100202,4,4,3.999,4,1225,0
20100208,4.03,4.271,4.03,4.271,298,0
20100209,4.03,4.477,4.03,4.47,583,0
20100217,4.7,4.71,4.7,4.7,300,0
20100218,4.7,4.7,4.7,4.7,419,0
20100222,4.7,4.734,4.7,4.734,512,0
20100224,5.27,5.27,5.049,5.05,200,0
20100301,6.5,7,6.05,7,1047,0
20100302,7,7,6.8,6.8,786,0
20100303,7,7.155,7,7,572,0
20100304,7,7,7,7,972,0
20100308,6.697,6.697,6.358,6.36,744,0
20100309,6.221,6.221,6.05,6.05,650,0
20100310,5.918,6,5.789,5.917,357,0
20100316,5.77,5.897,5.77,5.897,208,0
20100317,5.85,6,5.85,6,1728,0
20100319,5.85,6,5.85,6,533,0
20100322,5.868,6,5.85,6,500,0
20100324,5.85,5.98,5.722,5.722,1000,0
20100325,5.75,5.877,5.75,5.877,214,0
20100329,5.623,6.03,5.5,6.03,203,0
20100330,5.8,6.5,5.8,6.5,1173,0
20100331,6.554,6.554,6.55,6.554,140,0
20100406,6.554,6.85,6.554,6.85,185,0
20100407,6.847,6.89,6.847,6.89,200,0
20100408,6.847,6.85,6.84,6.84,216,0
20100409,6.162,6.2,6.16,6.2,500,0
20100414,6.26,6.541,6.26,6.541,192,0
20100415,6.397,6.55,6.397,6.55,400,0
20100416,6.55,6.55,6.397,6.4,200,0
20100420,6.162,6.3,6.16,6.3,300,0
20100422,6.162,6.162,6.16,6.16,185,0
20100428,6.3,6.301,5.87,6.3,200,0
20100505,6.162,6.4,6.16,6.4,200,0
20100506,6.3,6.3,6.3,6.3,450,0
20100510,6.1,6.162,6.1,6.162,100,0
20100524,5.868,6.1,5.868,6.1,685,0
20100531,6.132,6.132,5.868,6.132,12,0
20100617,5.722,5.86,5.72,5.86,500,0
20100618,5.98,6.84,5.98,6.84,1798,0
20100621,6.64,6.8,5.8,6.05,1599,0
20100622,5.868,5.87,5.868,5.868,200,0
20100624,5.722,5.722,5.72,5.722,15,0
20100708,5.722,5.79,5.72,5.79,1,0
20100712,5.75,5.75,5.72,5.722,450,0
20100714,5.8,5.8,5.7,5.75,110,0
20100715,5.722,5.79,5.72,5.79,1,0
20100719,5.85,5.85,5.45,5.622,1014,0
20100723,5.38,5.38,5.38,5.38,20,0
20100727,5.18,5.38,4.99,4.99,324,0
20100730,4.989,5.213,4.989,5.209,581,0
20100802,4.989,5.11,4.989,5.11,300,0
20100804,4.891,5.111,4.89,5.111,150,0
20100805,4.891,5.111,4.89,5.111,351,0
20100810,4.891,5.15,4.89,5.15,100,0
20100817,5.146,5.146,4.855,4.86,50,0
20100819,4.855,5.146,4.855,5.146,50,0
20100820,4.855,5,4.855,5,950,0
20100825,4.855,5.146,4.855,5.146,1,0
20100830,4.855,5,4.855,4.855,60,0
20100909,4.855,4.86,4.855,4.855,240,0
20100928,4.719,4.85,4.3,4.85,755,0
20101004,4.574,4.67,4.57,4.6,245,0
20101005,4.574,4.67,4.57,4.574,200,0
20101006,4.574,4.67,4.57,4.574,245,0
20101007,4.467,5.249,4.467,5.249,2249,0
20101008,5.098,5.1,5.098,5.098,230,0
20101015,5.135,5.14,5.09,5.09,270,0
20101018,5.23,5.23,5.135,5.135,595,0
20101019,5.2,5.24,4.8,5,1885,0
20101020,5.135,5.14,4.4,5.135,120,0
20101022,5.366,5.551,5.366,5.551,700,0
20101026,5.7,5.75,5.53,5.75,746,0
20101027,5.75,6.439,5.75,6.439,6106,0
20101103,5.764,6.16,5.638,6.16,901,0
20101104,5.888,6.43,5.759,6,1500,0
20101105,5.868,5.998,5.74,5.998,18,0
20101116,5.139,5.21,5.027,5.21,4200,0
20101119,5.175,5.2,5.175,5.175,10,0
20101129,5.175,5.2,5.175,5.2,50,0
20101201,5.175,5.2,5.175,5.175,50,0
20101207,5.175,5.2,5.175,5.175,200,0
20101215,5.15,5.2,5.15,5.15,450,0
20101220,5.1,5.2,5.1,5.2,2350,0
20101227,5.2,5.2,5.15,5.16,2,0
20101228,5.2,5.2,5.15,5.15,753,0
20101229,5.18,5.201,5.18,5.201,905,0
20110117,5.08,5.08,5.08,5.08,1,0
20110119,5.08,5.09,5.08,5.09,1,0
20110127,5.08,5.3,5.08,5.15,2000,0
20110201,5.047,5.08,5.047,5.08,150,0
20110208,5.08,5.09,5.08,5.09,8,0
20110209,5.05,5.09,5.05,5.07,970,0
20110210,5.08,5.25,5.08,5.25,750,0
20110211,5.05,5.2,5.05,5.2,250,0
20110214,5.05,5.06,5.05,5.06,52,0
20110217,5.05,5.192,5.05,5.192,250,0
20110222,5.05,5.05,4.82,5.05,600,0
20110223,4.97,5.18,4.97,5.1,950,0
20110316,5,5,4.93,4.93,30,0
20110328,4.933,5,4.93,4.93,10,0
20110407,4.793,4.793,4.617,4.617,250,0
20110411,4.206,4.21,4.206,4.206,286,0
20110415,3.884,3.884,3.88,3.884,350,0
20110418,3.884,4.01,3.88,4.01,500,0
20110419,3.884,4.117,3.88,4.117,150,0
20110421,3.884,4.1,3.88,4.1,6,0
20110502,3.884,4.09,3.884,4.09,100,0
20110505,3.884,4.1,3.884,4,1200,0
20110519,3.884,3.96,3.88,3.9,1000,0
20110526,3.85,3.97,3.78,3.85,400,0
20110530,3.989,3.989,3.89,3.986,1000,0
20110531,3.89,3.983,3.883,3.883,50,0
20110609,3.899,3.899,3.8,3.8,527,0
20110610,3.707,3.902,3.707,3.902,274,0
20110614,3.71,3.803,3.71,3.72,300,0
20110616,3.724,3.73,3.724,3.726,100,0
20110617,3.72,3.722,3.72,3.722,2,0
20110628,3.722,3.9,3.72,3.722,513,0
20110629,3.722,3.722,3.72,3.722,1,0
20110708,3.72,3.72,3.72,3.72,269,0
20110711,3.629,3.7,3.629,3.629,244,0
20110722,3.54,3.807,3.54,3.807,420,0
20110725,4,4.661,4,4.661,700,0
20110726,4.525,4.74,4.525,4.525,200,0
20110728,4.525,4.6,4.525,4.525,50,0
20110804,4.382,4.382,4.38,4.382,229,0
20110805,4.275,4.28,4.171,4.171,410,0
20110812,3.779,3.977,3.779,3.779,100,0
20110815,3.779,3.967,3.779,3.967,26,0
20110818,3.87,4,3.87,3.87,100,0
20110823,3.9,3.9,3.9,3.9,100,0
20110831,3.805,3.9,3.805,3.9,125,0
20110901,3.712,3.75,3.71,3.75,100,0
20110906,3.66,3.66,3.66,3.66,100,0
20110927,3.571,3.58,3.561,3.58,800,0
20111007,3.58,3.58,3.565,3.565,350,0
20111114,3.57,3.573,3.57,3.573,10,0
20111118,3.49,3.49,3.486,3.49,10,0
20111121,3.41,3.575,3.405,3.575,50,0
20111123,3.488,3.49,3.488,3.488,287,0
20111124,3.4,3.403,3.4,3.403,294,0
20111128,3.32,3.495,3.32,3.495,887,0
20111201,3.41,3.41,3.41,3.41,294,0
20111207,3.45,3.45,3.41,3.41,584,0
20111214,3.327,3.33,3.246,3.246,40,0
20111220,2.728,3.3,2.728,3.3,495,0
20111227,2.73,3.5,2.728,3.5,50,0
20111228,2.941,3.5,2.94,3.5,25,0
20120103,3.3,3.3,2.959,2.959,20,0
20120104,3.15,3.35,3.15,3.35,100,0
20120109,3.15,3.4,3.15,3.4,150,0
20120125,3.15,3.247,3.15,3.247,630,0
20120201,3.168,3.17,3.168,3.168,632,0
20120206,2.87,3.01,2.868,2.9,250,0
20120207,2.829,2.83,2.829,2.829,300,0
20120314,2.82,2.82,2.82,2.82,536,0
20120326,2.751,3.24,2.75,3.24,2738,0
20120327,3.24,3.6,3.24,3.6,1908,0
20120328,3.59,3.7,3.525,3.7,3226,0
20120329,3.7,3.7,3.61,3.61,703,0
20120403,3.591,3.591,3.42,3.42,557,0
20120420,3.42,3.42,3.35,3.35,320,0
20120423,3.268,3.27,3.268,3.268,200,0
20120502,3.2,3.2,2.9,2.9,1443,0
20120504,2.829,2.88,2.829,2.88,300,0
20120507,2.81,2.95,2.81,2.95,150,0
20120508,2.88,3.021,2.878,3.021,50,0
20120516,2.95,2.951,2.947,2.951,5,0
20120628,2.67,2.67,2.658,2.658,17,0
20120712,2.7,2.7,2.7,2.7,500,0
20120717,2.63,2.67,2.63,2.67,100,0
20120720,2.605,2.735,2.605,2.735,732,0
20120723,2.7,2.7,2.69,2.69,10,0
20120725,2.7,2.701,2.7,2.701,10,0
20120731,2.7,2.7,2.69,2.69,299,0
20120816,2.7,3.25,2.7,3.25,3628,0
20120817,3.25,3.4,3.25,3.317,1600,0
20120820,3.287,3.4,3.287,3.4,50,0
20120821,3.287,3.5,3.287,3.5,1968,0
20120824,3.5,3.75,3.49,3.75,3900,0
20120829,3.54,3.573,3.54,3.573,75,0
20120831,3.5,3.5,3.5,3.5,500,0
20120906,3.5,3.5,3.5,3.5,1375,0
20120917,3.5,3.5,3.335,3.335,425,0
20120920,3.334,3.334,3.334,3.334,200,0
20120921,3.253,3.3,3.253,3.253,50,0
20121002,3.164,3.265,3.106,3.26,800,0
20121005,3.2,3.36,3.2,3.36,300,0
20121009,3.42,3.59,3.42,3.59,1141,0
20121011,3.502,3.671,3.502,3.671,600,0
20121012,3.67,3.989,3.67,3.989,1000,0
20121015,3.877,3.97,3.782,3.97,968,0
20121016,3.868,4.07,3.868,4.07,1000,0
20121017,3.906,4.11,3.906,4.11,500,0
20121019,4.001,4.001,4.001,4.001,500,0
20121022,3.858,3.858,3.858,3.858,160,0
20121025,3.754,3.764,3.754,3.764,800,0
20121031,3.672,3.855,3.672,3.855,500,0
20121101,3.761,3.761,3.761,3.761,320,0
20121107,3.639,3.639,3.639,3.639,1000,0
20121114,3.55,3.727,3.55,3.727,500,0
20121122,3.636,3.636,3.46,3.46,1880,0
20121126,3.376,3.376,3.376,3.376,100,0
20121205,3.287,3.287,3.287,3.287,609,0
20121218,3.24,3.25,3.21,3.21,150,0
20121219,3.25,3.27,3.22,3.27,50,0
20121220,3.25,3.25,3.22,3.25,200,0
20121227,3.22,3.45,3.21,3.4,2983,0
20121228,3.4,3.5,3.392,3.392,2000,0
20130108,3.306,3.36,3.191,3.36,1440,0
20130110,3.25,3.25,3.191,3.191,10,0
20130111,3.25,3.251,3.2,3.251,20,0
20130114,3.25,3.35,3.2,3.35,1800,0
20130123,3.268,3.4,3.26,3.4,100,0
20130124,3.306,3.5,3.3,3.409,2270,0
20130125,3.258,3.65,3.25,3.382,3953,0
20130129,3.382,3.382,3.29,3.3,100,0
20130131,3.3,3.3,3.286,3.3,100,0
20130204,3.22,3.22,3.22,3.22,100,0
20130205,3.141,3.141,3.131,3.141,100,0
20130206,3.08,3.55,3.07,3.55,4400,0
20130211,3.463,3.463,3.453,3.463,289,0
20130212,3.363,3.363,3.203,3.203,236,0
20130215,3.203,3.203,3.193,3.2,2500,0
20130219,3.15,3.38,3.14,3.35,60,0
20130222,3.23,3.23,3.125,3.23,1020,0
20130301,3.115,3.115,3.11,3.115,500,0
20130306,3.05,3.06,3.04,3.06,100,0
20130307,3.05,3.05,3,3.05,2050,0
20130314,3,3.05,3,3.05,1256,0
20130318,3.01,3.01,3,3,2500,0
20130319,2.95,3.04,2.95,3.04,193,0
20130325,2.966,2.966,2.96,2.966,600,0
20130326,2.97,2.97,2.95,2.95,357,0
20130328,2.878,2.878,2.5,2.5,10,0
20130402,2.128,2.61,2.128,2.61,20,0
20130404,2.15,2.2,2.14,2.15,1000,0
20130405,1.75,2.25,1.75,2.25,9300,0
20130409,2.15,2.25,2.14,2.25,5800,0
20130410,2.16,2.16,2.15,2.15,3500,0
20130411,2,2.3,2,2.28,20,0
20130412,2.28,2.28,2,2.224,1000,0
20130415,2.17,2.25,2.16,2.25,12,0
20130416,2.1,2.2,2.1,2.2,150,0
20130419,2.05,2.05,2.04,2.05,18,0
20130423,2,2,2,2,1760,0
20130506,1.901,2.2,1.9,2.2,10,0
20130508,1.901,1.95,1.9,1.9,1100,0
20130509,1.05,1.5,1.05,1.5,500,0
20130510,1.396,1.5,1.39,1.5,3731,0
20130513,1.5,1.6,1.5,1.6,27,0
20130521,1.5,1.5,1.345,1.345,300,0
20130523,1.38,1.48,1.37,1.48,10,0
20130528,1.38,1.64,1.37,1.64,15,0
20130603,1.45,1.6,1.44,1.44,100,0
20130604,1.46,1.46,1.45,1.46,250,0
20130612,1.333,1.58,1.33,1.58,20,0
20130613,1.333,1.35,1.29,1.35,1100,0
20130617,1.333,1.55,1.303,1.55,455,0
20130620,1.41,1.416,1.41,1.416,200,0
20130624,1.3,1.3,1.216,1.3,350,0
20130627,1.216,1.44,1.21,1.44,2461,0
20130709,1.45,1.55,1.44,1.55,50,0
20130710,1.425,1.7,1.425,1.7,1900,0
20130712,1.461,1.461,1.296,1.296,400,0
20130716,1.25,1.46,1.25,1.35,100,0
20130717,1.25,1.45,1.25,1.25,536,0
20130718,1.05,1.45,1.05,1.22,400,0
20130725,1.05,1.1,1,1,700,0
20130726,0.9,1.1,0.9,1.1,5215,0
20130729,0.9,1.1,0.85,0.85,3000,0
20130801,0.8,1.02,0.8,0.95,2400,0
20130808,0.85,0.85,0.85,0.85,680,0
20130812,0.8,0.8,0.8,0.8,200,0
20130813,0.8,0.945,0.8,0.945,12,0
20130815,0.8,0.801,0.8,0.801,885,0
20130816,0.8,0.801,0.8,0.801,377,0
20130819,0.8,0.94,0.8,0.94,100,0
20130822,0.8,0.95,0.8,0.8,550,0
20130830,0.75,0.9,0.75,0.9,1000,0
20130902,0.751,0.8,0.75,0.8,350,0
20130906,0.78,0.78,0.77,0.77,500,0
20130909,0.78,0.95,0.78,0.95,8950,0
20130910,0.85,0.94,0.76,0.82,4911,0
20130911,0.8,0.8,0.65,0.8,600,0
20130912,0.76,0.78,0.62,0.62,200,0
20130913,0.76,0.85,0.627,0.85,1510,0
20130918,0.76,0.8,0.72,0.72,300,0
20130919,0.72,0.765,0.72,0.765,115,0
20130923,0.747,0.9,0.742,0.89,10220,0
20130927,0.8,0.9,0.72,0.75,1250,0
20131003,0.75,0.8,0.675,0.8,100,0
20131004,0.657,0.75,0.625,0.625,160,0
20131007,0.625,0.75,0.34,0.69,14170,0
20131008,0.6,0.75,0.58,0.68,1000,0
20131009,0.66,0.75,0.66,0.68,500,0
20131016,0.65,0.8,0.65,0.7,1000,0
20131018,0.7,0.85,0.68,0.74,50,0
20131021,0.68,0.75,0.66,0.75,500,0
20131024,0.68,0.7,0.66,0.66,100,0
20131025,0.68,0.711,0.68,0.701,250,0
20131029,0.68,0.71,0.5,0.5,5550,0
20131030,0.42,0.599,0.42,0.49,350,0
20131031,0.412,0.66,0.41,0.607,11160,0
20131105,0.55,0.55,0.55,0.55,111,0
20131106,0.55,0.62,0.521,0.521,1400,0
20131107,0.47,0.55,0.47,0.47,270,0
20131111,0.5,0.61,0.5,0.61,989,0
20131113,0.521,0.9,0.52,0.734,12100,0
20131129,0.7,0.83,0.69,0.8,1145,0
20131202,0.8,0.8,0.61,0.7,1495,0
20131205,0.509,0.7,0.509,0.65,2000,0
20131209,0.51,0.695,0.51,0.688,701,0
20131210,0.55,0.69,0.51,0.6,1,0
20131211,0.689,0.69,0.51,0.51,1000,0
20131212,0.55,0.69,0.51,0.689,1000,0
20131213,0.6,0.69,0.51,0.52,200,0
20131219,0.52,0.58,0.51,0.58,1185,0
20131220,0.53,0.689,0.53,0.675,6711,0
20131223,0.59,0.601,0.59,0.601,100,0
20131227,0.59,0.695,0.57,0.68,3760,0
20131230,0.75,0.875,0.67,0.875,1751,0
20140103,0.8,0.912,0.74,0.912,2200,0
20140106,0.94,0.98,0.87,0.89,3700,0
20140108,1.05,1.05,0.89,0.89,1310,0
20140109,0.89,1,0.89,1,5117,0
20140110,0.89,1.05,0.89,0.9,650,0
20140115,0.95,1.658,0.9,1.658,14178,0
20140116,1.5,1.75,1.2,1.35,3440,0
20140120,1.184,1.184,1.17,1.17,550,0
20140121,1.155,1.16,1.1,1.1,3750,0
20140124,1.05,1.15,0.96,1.15,6390,0
20140127,1.145,1.145,0.95,1.14,130,0
20140128,0.95,1.15,0.95,1.15,2500,0
20140203,1.08,1.28,1.08,1.18,1100,0
20140204,1,1.24,1,1.24,985,0
20140206,1.13,1.45,1.13,1.43,7618,0
20140207,1.23,1.25,1.165,1.25,6650,0
20140210,1.096,1.7,1.07,1.7,100,0
20140211,1.095,1.25,1.082,1.25,1490,0
20140217,1.08,1.08,1.07,1.08,50,0
20140219,1.1,1.26,1.07,1.26,2425,0
20140220,1.105,1.49,1.105,1.25,2065,0
20140221,1.15,1.24,1.15,1.24,565,0
20140225,1.08,1.088,1.07,1.088,1,0
20140226,1.07,1.1,1.07,1.07,50,0
20140228,1.08,1.08,1.06,1.06,600,0
20140303,1.07,1.07,1.06,1.06,210,0
20140306,1.06,1.065,1,1,6700,0
20140307,0.921,1,0.89,0.89,1743,0
20140310,0.92,0.95,0.92,0.95,25,0
20140311,0.92,0.96,0.92,0.95,20,0
20140312,0.95,0.95,0.95,0.95,1200,0
20140313,1,1,0.89,0.95,10,0
20140317,0.89,1.09,0.89,0.95,101,0
20140319,0.9,0.95,0.9,0.95,1050,0
20140321,0.95,1,0.91,0.95,160,0
20140328,0.95,1.06,0.91,0.95,20,0
20140401,0.93,0.95,0.93,0.95,50,0
20140408,0.95,1.13,0.95,0.95,200,0
20140502,0.95,0.95,0.93,0.95,20,0
20140506,0.9,0.995,0.9,0.9,10,0
20140507,0.9,0.901,0.9,0.9,20,0
20140509,0.9,0.97,0.9,0.9,50,0
20140513,0.9,1,0.9,0.9,10,0
20140514,0.9,0.9,0.88,0.88,1100,0
20140515,0.88,1.08,0.88,0.99,730,0
20140516,0.99,0.99,0.9,0.9,500,0
20140520,0.85,1.03,0.85,1.03,1,0
20140521,0.85,1.03,0.83,0.85,1332,0
20140522,0.85,1.05,0.85,0.88,520,0
20140526,0.88,1,0.86,0.86,512,0
20140527,0.87,0.87,0.86,0.86,100,0
20140528,0.87,1.25,0.86,1.25,4650,0
20140529,1.25,1.36,1.184,1.35,2260,0
20140530,1.35,1.39,1.35,1.35,2585,0
20140602,1.35,1.4,1.35,1.4,2978,0
20140603,1.165,1.2,1.053,1.053,492,0
20140604,1.053,1.053,1.033,1.053,100,0
20140606,1.053,1.25,1.033,1.053,400,0
20140610,1.053,1.495,1.053,1.45,2028,0
20140611,1.45,1.45,1.27,1.35,2106,0
20140612,1.28,1.7,1.28,1.7,22000,0
20140613,1.6,1.6,1.35,1.6,1284,0
20140616,1.35,1.5,1.35,1.43,9275,0
20140617,1.43,1.52,1.43,1.483,16637,0
20140618,1.46,1.46,1.44,1.46,10,0
20140619,1.46,1.599,1.46,1.53,5990,0
20140620,1.53,1.545,1.53,1.545,3600,0
20140623,1.54,1.6,1.53,1.587,16573,0
20140624,1.561,1.99,1.561,1.783,2592,0
20140625,1.886,2.1,1.699,1.8,4026,0
20140626,1.75,1.8,1.75,1.75,140,0
20140627,1.9,2.381,1.9,2.381,19834,0
20140630,2.84,3.5,2.3,3.5,7724,0
20140701,4,4,3,3,2762,0
20140702,2.521,3.421,2.521,3,262,0
20140703,3.334,3.334,2.416,2.45,690,0
20140704,2.45,3.48,2.45,3.05,3449,0
20140707,3.4,3.4,2.7,2.7,2620,0
20140708,2.667,3,2.667,2.97,266,0
20140709,2.98,2.98,2.45,2.45,1449,0
20140710,2.45,2.97,2.45,2.64,2030,0
20140714,3,3,2.184,2.505,1365,0
20140715,1.883,2.505,1.8,2.3,1000,0
20140716,1.983,2.637,1.983,2.069,201,0
20140717,2.069,2.48,2.069,2.138,268,0
20140721,2.138,2.138,2.118,2.138,70,0
20140722,2.138,2.138,2.05,2.05,600,0
20140723,2.05,2.08,2.05,2.05,1805,0
20140725,1.85,1.86,1.65,1.65,5648,0
20140728,1.71,1.71,1.55,1.61,1572,0
20140729,1.67,1.8,1.61,1.65,300,0
20140730,1.65,2.586,1.65,2.586,6800,0
20140731,2.288,2.5,2.05,2.2,500,0
20140801,2.2,2.5,2.2,2.212,3000,0
20140804,2.5,2.61,2.212,2.35,909,0
20140805,2.182,2.25,2.1,2.1,450,0
20140806,1.85,2,1.696,1.75,2081,0
20140807,1.76,2.065,1.72,2.065,1714,0
20140808,1.894,1.99,1.826,1.826,60,0
20140811,1.826,1.85,1.72,1.8,130,0
20140812,1.76,2,1.75,1.78,870,0
20140813,1.78,1.98,1.78,1.98,7632,0
20140814,2,2.1,1.761,1.761,2760,0
20140815,1.761,2.618,1.761,2.618,1556,0
20140819,2.077,2.2,2.018,2.1,6,0
20140820,2.1,2.1,1.9,1.9,712,0
20140821,1.9,2.1,1.9,1.9,550,0
20140822,2.05,2.11,1.9,2.1,2202,0
20140825,1.927,2.01,1.75,2,4618,0
20140826,2.1,2.1,1.95,2,2550,0
20140827,2,2,1.835,1.835,1800,0
20140829,1.835,1.85,1.835,1.84,50,0
20140901,2,2,1.84,1.84,600,0
20140902,1.78,1.95,1.78,1.84,43,0
20140904,1.72,1.84,1.72,1.84,300,0
20140909,1.72,1.84,1.72,1.84,100,0
20140912,1.72,1.84,1.72,1.84,500,0
20140916,1.72,1.84,1.7,1.72,100,0
20140917,1.72,1.72,1.69,1.69,500,0
20140918,1.69,1.69,1.55,1.69,473,0
20140925,1.69,1.69,1.55,1.55,2027,0
20140926,1.7,1.7,1.422,1.45,1011,0
20140929,1.45,1.45,1.35,1.36,1830,0
20140930,1.36,1.604,1.36,1.461,2510,0
20141001,1.461,1.461,1.35,1.36,1830,0
20141002,1.36,1.6,1.34,1.36,1500,0
20141007,1.34,1.46,1.34,1.46,656,0
20141008,1.5,1.55,1.48,1.5,1140,0
20141010,1.5,1.5,1.48,1.49,1200,0
20141013,1.49,1.5,1.47,1.5,2000,0
20141014,1.48,1.5,1.48,1.5,3000,0
20141015,1.376,1.6,1.356,1.36,1000,0
20141016,1.448,1.6,1.448,1.5,2000,0
20141020,1.5,1.5,1.402,1.402,1000,0
20141021,1.5,1.51,1.376,1.376,1000,0
20141023,1.54,1.6,1.396,1.396,4000,0
20141027,1.54,1.6,1.348,1.348,7000,0
20141029,1.35,1.4,1.288,1.288,1000,0
20141030,1.4,1.45,1.288,1.288,2000,0
20141031,1.4,1.5,1.297,1.297,500,0
20141104,1.652,1.652,1.4,1.5,538,0
20141110,1.4,1.55,1.4,1.45,2010,0
20141113,1.5,1.55,1.377,1.377,1490,0
20141114,1.55,1.55,1.377,1.377,600,0
20141118,1.5,1.51,1.345,1.345,674,0
20141120,1.5,1.51,1.288,1.288,1422,0
20141124,1.4,1.5,1.317,1.317,1200,0
20141126,1.4,1.41,1.252,1.252,600,0
20141128,1.4,1.4,1.229,1.229,5800,0
20141201,1.284,1.5,1.231,1.231,3800,0
20141202,1.3,1.4,1.24,1.24,1500,0
20141209,1.35,1.35,1.3,1.3,500,0
20141211,1.35,1.35,1.3,1.3,800,0
20141215,1.3,1.45,1.25,1.3,8440,0
20141218,1.41,1.45,1.3,1.3,250,0
20141223,1.39,1.55,1.39,1.408,580,0
20141229,1.43,1.7,1.41,1.518,1590,0
20150102,1.811,1.811,1.455,1.455,650,0
20150107,1.518,1.791,1.518,1.75,650,0
20150109,1.93,2.293,1.881,1.987,1576,0
20150112,1.95,2.3,1.93,2.05,225,0
20150114,1.95,2.05,1.93,2.05,175,0
20150116,1.95,2.48,1.93,2.05,723,0
20150119,2.3,2.3,1.981,2.05,980,0
20150120,2.001,2.44,2.001,2.112,1355,0
20150122,2.077,2.15,2.05,2.05,510,0
20150123,1.972,2.35,1.952,2.05,3417,0
20150126,1.927,2.25,1.907,2.05,1100,0
20150127,2.04,2.15,2.04,2.05,50,0
20150128,1.98,2.39,1.96,2.076,440,0
20150129,2.35,2.35,2.04,2.051,100,0
20150130,2.06,2.699,2.04,2.319,5873,0
20150202,2.47,3.247,2.3,2.565,6983,0
20150203,2.521,2.9,2.458,2.593,1315,0
20150204,2.9,2.9,2.413,2.415,1300,0
20150205,2.6,3,2.58,2.592,790,0
20150206,2.6,2.75,2.28,2.28,8252,0
20150209,2.3,2.39,1.57,1.784,43369,0
20150210,1.696,2.02,1.696,1.771,670,0
20150211,1.851,1.851,1.655,1.655,400,0
20150212,1.698,1.8,1.645,1.645,100,0
20150213,1.651,2.28,1.631,1.644,5873,0
20150216,1.969,2.306,1.812,1.812,7618,0
20150217,1.875,2.299,1.855,1.956,350,0
20150218,2.25,2.25,1.834,1.834,1442,0
20150220,2.2,2.2,1.945,1.945,2154,0
20150223,1.967,2.32,1.852,1.852,2712,0
20150224,2.219,2.32,1.967,2.07,3752,0
20150225,2.133,2.319,2.072,2.072,481,0
20150226,2.133,2.32,2.07,2.07,836,0
20150302,2.13,2.35,2.028,2.028,4333,0
20150309,2.5,2.55,2.2,2.2,2650,0
20150310,2.289,2.64,2.1,2.2,2682,0
20150311,2.1,2.2,2.08,2.2,162,0
20150316,2.21,2.62,2.19,2.23,650,0
20150317,2.21,2.62,2.19,2.342,6042,0
20150318,2.4,2.582,2.266,2.266,5605,0
20150320,2.43,2.448,2.243,2.243,90,0
20150324,2.41,2.5,2.23,2.249,1000,0
20150327,2.22,2.3,2.22,2.23,50,0
20150331,2.35,2.57,2.23,2.33,1000,0
20150401,2.35,2.6,2.33,2.334,125,0
20150402,2.22,2.58,2.2,2.353,405,0
20150407,2.45,2.578,2.45,2.578,3100,0
20150408,2.23,2.575,2.23,2.575,1250,0
20150409,2.23,2.56,2.23,2.56,700,0
20150413,2.304,2.58,2.304,2.58,1654,0
20150414,2.5,2.6,2.5,2.5,11141,0
20150415,2.304,2.5,2.304,2.41,700,0
20150416,2.304,2.48,2.304,2.48,350,0
20150417,2.304,2.352,2.304,2.35,1266,0
20150420,2.304,2.62,2.304,2.62,300,0
20150423,2.304,2.47,2.304,2.468,600,0
20150428,2.304,2.47,2.304,2.46,315,0
20150429,2.304,2.468,2.304,2.468,542,0
20150504,2.35,2.52,2.35,2.4,2050,0
20150506,2.4,2.9,2.4,2.75,5287,0
20150507,2.65,2.8,2.65,2.8,2004,0
20150508,2.65,2.7,2.65,2.7,2330,0
20150511,2.45,2.79,2.45,2.79,80,0
20150512,2.45,2.8,2.45,2.7,1050,0
20150513,2.477,2.8,2.477,2.8,25,0
20150518,2.52,3.25,2.52,3.25,1300,0
20150519,3.24,3.24,2.536,2.768,1900,0
20150520,2.85,2.85,2.75,2.768,1010,0
20150521,2.75,2.78,2.75,2.78,1538,0
20150522,2.75,2.77,2.75,2.77,100,0
20150527,3.01,3.5,2.9,2.9,4403,0
20150528,2.751,3.37,2.75,3.15,1730,0
20150529,2.864,3.307,2.864,3.307,304,0
20150601,2.98,3.095,2.8,3.095,1540,0
20150602,3.03,3.18,2.968,3,8302,0
20150603,3,3.45,3,3.45,430,0
20150604,3,3.382,3,3.382,540,0
20150608,3,3.018,3,3.018,967,0
20150609,3,3.3,3,3.3,1573,0
20150610,3,3.26,3,3.26,700,0
20150611,3.02,3.04,3.02,3.04,540,0
20150616,3.05,3.05,2.95,3,5500,0
20150617,3.04,3.091,2.966,3.091,500,0
20150622,3.016,3.016,2.8,2.8,3170,0
20150623,2.732,2.85,2.732,2.85,480,0
20150624,2.85,2.99,2.85,2.99,358,0
20150625,2.917,2.92,2.917,2.92,89,0
20150630,2.85,2.868,2.85,2.868,710,0
20150701,2.85,2.868,2.79,2.8,3200,0
20150702,2.75,2.85,2.75,2.85,505,0
20150703,2.8,2.81,2.8,2.81,200,0
20150706,2.8,2.8,2.792,2.792,1500,0
20150707,2.75,2.75,2.75,2.75,700,0
20150710,2.78,2.95,2.78,2.95,54,0
20150713,2.78,2.78,2.768,2.768,1198,0
20150716,2.75,2.768,2.75,2.768,1424,0
20150717,2.75,2.75,2.75,2.75,3000,0
20150720,2.75,2.75,2.75,2.75,3000,0
20150721,2.75,3.05,2.75,3.04,2331,0
20150722,3.05,3.18,3.049,3.05,5351,0
20150724,2.96,3.152,2.96,2.99,1250,0
20150731,2.95,3.082,2.95,3.082,1042,0
20150803,2.95,2.96,2.95,2.96,200,0
20150804,2.95,2.95,2.95,2.95,257,0
20150807,2.95,2.95,2.95,2.95,743,0
20150811,2.8,2.9,2.8,2.9,3148,0
20150814,2.9,2.91,2.9,2.91,750,0
20150817,3.05,3.1,2.95,3.1,489,0
20150819,2.95,2.97,2.95,2.97,600,0
20150820,2.95,2.968,2.95,2.968,2181,0
20150821,2.95,3.09,2.95,3.09,1220,0
20150824,2.95,2.968,2.95,2.968,200,0
20150825,2.95,2.95,2.75,2.8,17665,0
20150826,2.798,2.798,2.512,2.75,2075,0
20150831,2.76,2.778,2.76,2.778,553,0
20150902,2.76,2.778,2.76,2.778,605,0
20150903,2.8,2.8,2.75,2.75,4099,0
20150904,2.7,3.021,2.7,2.74,4384,0
20150907,2.73,2.73,2.701,2.701,500,0
20150909,2.7,2.75,2.7,2.7,5000,0
20150910,2.65,3,2.65,2.92,650,0
20150911,2.764,2.789,2.764,2.789,1,0
20150915,2.75,2.769,2.75,2.769,150,0
20150917,2.75,2.95,2.75,2.95,1600,0
20150918,2.8,3.04,2.8,3.04,4147,0
20150921,2.895,3.2,2.895,3.128,7263,0
20150923,3.22,3.24,2.882,3.24,3440,0
20150929,2.946,2.98,2.946,2.98,50,0
20150930,2.838,2.856,2.771,2.771,5063,0
20151001,2.9,3.208,2.9,3.208,4367,0
20151002,3.046,3.3,3.046,3.07,322,0
20151006,3,3,3,3,350,0
20151015,3,3,3,3,626,0
20151016,2.769,3.02,2.769,3,12026,0
20151020,2.9,2.95,2.9,2.9,6000,0
20151023,2.75,2.9,2.75,2.9,8000,0
20151029,2.829,2.9,2.829,2.9,950,0
20151030,2.829,2.83,2.829,2.83,374,0
20151103,2.75,2.79,2.75,2.768,15,0
20151106,2.75,2.79,2.75,2.79,30,0
20151111,2.75,2.768,2.75,2.768,2833,0
20151119,2.8,3.025,2.75,3.025,2416,0
20151126,2.75,3.004,2.75,3.004,679,0
20151202,2.75,2.75,2.75,2.75,3000,0
20151208,2.75,2.76,2.75,2.76,300,0
20151215,2.7,2.71,2.7,2.71,26,0
20151217,2.7,2.7,2.7,2.7,600,0
20151218,2.7,2.7,2.7,2.7,2000,0
20151222,2.62,2.882,2.62,2.882,350,0
20151223,2.692,2.881,2.692,2.8,3000,0
20151228,2.667,2.96,2.667,2.96,450,0
20151229,2.819,2.96,2.75,2.75,5160,0
20151230,2.63,2.75,2.63,2.75,2650,0
20160104,2.62,2.74,2.62,2.74,150,0
20160107,2.63,2.74,2.63,2.74,150,0
20160108,2.63,2.75,2.63,2.75,4500,0
20160114,2.63,2.63,2.63,2.63,1000,0
20160115,2.63,2.63,2.62,2.62,1000,0
20160118,2.62,2.75,2.62,2.75,3000,0
20160120,2.75,2.75,2.62,2.62,735,0
20160128,2.65,2.65,2.65,2.65,1000,0
20160129,2.65,3,2.649,3,8867,0
20160202,3,3,3,3,3000,0
20160203,2.86,3.1,2.86,3,6250,0
20160204,2.86,2.915,2.86,2.915,100,0
20160208,2.91,3.05,2.91,3.05,547,0
20160209,2.82,2.82,2.76,2.8,13858,0
20160210,2.667,2.936,2.667,2.93,1207,0
20160215,2.773,3.2,2.773,2.902,2652,0
20160216,2.764,2.82,2.764,2.82,25,0
20160217,2.686,2.954,2.686,2.954,300,0
20160218,2.813,3.094,2.813,3.094,165,0
20160219,2.954,2.954,2.954,2.954,1000,0
20160223,2.954,3,2.954,3,940,0
20160224,2.954,3,2.954,2.96,900,0
20160226,2.954,3.2,2.954,3.2,1400,0
20160229,2.954,3.2,2.9,2.9,10655,0
20160302,2.85,2.95,2.85,2.95,4500,0
20160303,2.854,2.98,2.854,2.98,1410,0
20160314,2.854,2.855,2.854,2.855,153,0
20160330,2.854,2.95,2.854,2.95,1652,0
20160331,2.854,2.854,2.854,2.854,200,0
20160405,2.854,3.05,2.854,3.05,3000,0
20160406,2.854,3.01,2.854,3.01,1420,0
20160408,2.867,2.87,2.867,2.87,220,0
20160413,2.86,2.86,2.86,2.86,400,0
20160414,2.854,2.854,2.854,2.854,1800,0
20160418,2.774,2.81,2.58,2.81,725,0
20160419,2.75,2.85,2.75,2.85,4015,0
20160420,2.7,2.85,2.7,2.85,510,0
20160421,2.85,2.85,2.85,2.85,3500,0
20160422,2.85,2.85,2.85,2.85,500,0
20160427,2.71,2.71,2.65,2.65,2500,0
20160428,2.67,2.756,2.604,2.756,6904,0
20160429,2.689,2.689,2.62,2.625,10430,0
20160502,2.6,2.6,2.6,2.6,1000,0
20160504,2.58,2.65,2.58,2.65,1800,0
20160506,2.58,2.58,2.58,2.58,647,0
20160512,2.517,2.517,2.456,2.456,503,0
20160513,2.43,2.43,2.404,2.404,2830,0
20160517,2.5,2.549,2.43,2.43,4171,0
20160520,2.382,2.58,2.382,2.58,6700,0
20160523,2.517,2.517,2.5,2.5,874,0
20160525,2.5,2.5,2.5,2.5,2200,0
20160531,2.477,2.51,2.477,2.51,1,0
20160601,2.46,2.46,2.4,2.4,480,0
20160602,2.4,2.52,2.4,2.52,800,0
20160603,2.382,2.382,2.324,2.38,3000,0
20160606,2.322,2.378,2.322,2.35,1690,0
20160610,2.293,2.465,2.293,2.382,1450,0
20160615,2.38,2.407,2.35,2.38,10274,0
20160621,2.38,2.38,2.38,2.38,2,0
20160622,2.35,2.43,2.35,2.43,12,0
20160624,2.371,2.371,2.313,2.35,1680,0
20160627,2.293,2.55,2.21,2.21,6825,0
20160706,2.268,2.381,2.268,2.38,1425,0
20160707,2.286,2.38,2.286,2.38,1000,0
20160713,2.182,2.29,2.182,2.29,500,0
20160714,2.182,2.182,2.16,2.16,1420,0
20160718,2.1,2.2,2.1,2.2,1500,0
20160720,2.146,2.146,2.146,2.146,940,0
20160721,2.1,2.1,2.1,2.1,1000,0
20160722,2.049,2.05,2.049,2.05,300,0
20160728,2.02,2.02,2.02,2.02,4000,0
20160729,1.8,1.95,1.8,1.95,500,0
20160801,2.291,2.291,2.291,2.291,1000,0
20160804,1.996,1.996,1.99,1.99,30,0
20160808,1.99,1.99,1.8,1.8,5000,0
20160810,1.65,1.7,1.65,1.7,1000,0
20160811,2.03,2.08,2.03,2.08,700,0
20160830,1.826,1.872,1.826,1.872,15,0
20160831,1.826,1.963,1.826,1.963,1040,0
20160901,1.915,2.01,1.915,1.98,500,0
20160902,1.98,1.98,1.96,1.96,1510,0
20160906,1.862,2,1.862,2,1000,0
20160908,1.928,2.072,1.928,2.072,1000,0
20160913,1.997,2.05,1.997,2.03,2,0
20160914,2.03,2.03,1.957,1.957,620,0
20160919,1.9,1.9,1.85,1.85,3000,0
20160921,1.86,1.999,1.86,1.999,200,0
20160923,1.927,1.927,1.8,1.8,1320,0
20160926,1.8,1.8,1.735,1.735,917,0
20160927,1.652,1.817,1.652,1.8,3060,0
20160929,1.72,1.8,1.72,1.8,20,0
20161004,1.714,1.8,1.65,1.8,3422,0
20161005,1.714,1.75,1.714,1.75,572,0
20161007,1.667,1.85,1.667,1.85,6276,0
20161010,1.85,1.85,1.85,1.85,2810,0
20161011,1.682,1.93,1.682,1.93,1790,0
20161012,1.819,1.85,1.819,1.85,2960,0
20161014,1.7,1.84,1.7,1.84,200,0
20161018,1.7,1.85,1.7,1.85,300,0
20161019,1.7,1.85,1.7,1.85,400,0
20161020,1.7,1.85,1.7,1.85,477,0
20161024,1.762,1.781,1.762,1.78,19200,0
20161104,1.728,1.728,1.7,1.7,3085,0
20161107,1.7,1.7,1.619,1.619,8367,0
20161108,1.542,1.696,1.542,1.691,1300,0
20161114,1.65,1.68,1.65,1.68,3400,0
20161116,1.65,1.65,1.55,1.55,500,0
20161118,1.65,1.88,1.65,1.88,1000,0
20161121,1.679,2,1.679,2,3737,0
20161123,2.02,2.02,1.85,1.86,3761,0
20161124,1.85,2.02,1.85,2.02,300,0
20161130,1.86,2,1.86,2,1900,0
20161207,1.76,1.76,1.76,1.76,569,0
20161208,1.61,1.7,1.61,1.7,3911,0
20161214,1.69,1.695,1.69,1.695,42,0
20161215,1.69,1.69,1.69,1.69,3000,0
20161220,1.63,1.69,1.63,1.69,2000,0
20161222,1.63,1.63,1.54,1.6,13637,0
20161223,1.55,1.74,1.55,1.74,1000,0
20161228,1.7,1.7,1.61,1.61,500,0
20161229,1.55,1.745,1.55,1.745,1500,0
20161230,1.55,1.745,1.55,1.745,600,0
20170102,1.88,1.88,1.69,1.69,600,0
20170103,1.69,1.92,1.69,1.92,700,0
20170104,1.69,1.935,1.69,1.92,2945,0
20170106,1.654,1.9,1.654,1.9,84,0
20170109,1.71,1.928,1.71,1.928,1400,0
20170110,1.71,1.79,1.71,1.79,330,0
20170113,1.839,1.94,1.839,1.94,500,0
20170116,1.849,1.85,1.715,1.8,1000,0
20170119,1.756,1.756,1.756,1.756,860,0
20170120,1.668,1.668,1.668,1.668,260,0
20170123,1.654,1.75,1.654,1.75,1900,0
20170124,1.667,1.75,1.667,1.75,2200,0
20170125,1.706,1.79,1.706,1.79,1300,0
20170127,1.746,1.746,1.746,1.746,10,0
20170131,1.703,1.94,1.7,1.9,8011,0
20170201,1.854,1.854,1.765,1.825,4460,0
20170203,1.783,1.783,1.783,1.783,250,0
20170215,1.8,1.94,1.8,1.94,1200,0
20170216,1.92,1.92,1.92,1.92,227,0
20170217,1.873,1.966,1.873,1.966,500,0
20170220,1.918,2.013,1.918,2.013,600,0
20170227,1.964,1.964,1.872,1.917,1622,0
20170228,1.87,1.93,1.87,1.93,25,0
20170302,1.883,1.93,1.883,1.93,20,0
20170306,1.883,1.96,1.883,1.96,800,0
20170314,1.874,1.964,1.874,1.964,880,0
20170320,1.91,1.91,1.9,1.9,2555,0
20170321,1.854,1.899,1.854,1.899,325,0
