Date,Open,High,Low,Close,Volume,OpenInt
20090504,1.6,1.6,1.05,1.05,221,0
20090505,1.59,1.59,1.05,1.49,1750,0
20090506,1.49,1.49,1.05,1.2,3100,0
20090701,1.4,1.4,1,1,6,0
20090702,1,1.02,1,1.02,245,0
20090703,1.02,1.05,0.85,0.85,118,0
20090707,0.75,1.05,0.75,1.05,101,0
20090717,0.85,0.85,0.8,0.8,11,0
20090727,0.9,0.9,0.7,0.7,4,0
20090803,0.71,0.75,0.7,0.75,3,0
20090810,0.49,0.75,0.49,0.74,1994,0
20090811,0.5,0.75,0.5,0.501,226,0
20090812,0.55,0.74,0.546,0.546,62,0
20090813,0.55,0.75,0.55,0.75,23,0
20090819,0.75,0.75,0.7,0.705,604,0
20090820,0.7,1,0.7,1,665,0
20090825,0.75,0.751,0.75,0.75,1,0
20090826,0.75,0.751,0.75,0.75,1,0
20090827,0.75,0.751,0.75,0.751,3,0
20090831,0.75,0.75,0.75,0.75,1,0
20090910,0.75,0.751,0.75,0.751,64,0
20090914,0.75,0.781,0.75,0.78,2,0
20090916,0.8,0.8,0.75,0.75,4,0
20090922,0.81,0.81,0.8,0.801,5,0
20091002,0.788,0.801,0.788,0.8,16,0
20091005,0.813,0.813,0.8,0.8,1,0
20091006,0.812,0.812,0.8,0.8,38,0
20091008,0.832,0.832,0.82,0.821,5,0
20091013,0.808,0.821,0.808,0.821,1,0
20091016,0.82,0.821,0.82,0.82,4,0
20091102,0.832,0.832,0.7,0.7,1,0
20091105,0.812,0.815,0.81,0.81,3,0
20091110,0.591,0.701,0.591,0.7,5,0
20091112,0.69,0.701,0.69,0.701,27,0
20091116,0.751,0.751,0.75,0.75,38,0
20091117,0.74,0.75,0.74,0.75,2,0
20091125,0.739,0.8,0.739,0.751,352,0
20091201,0.739,0.751,0.739,0.751,1,0
20091204,0.739,0.751,0.739,0.75,8,0
20091211,0.739,0.751,0.739,0.75,12,0
20091214,0.74,0.751,0.74,0.75,2,0
20091217,0.713,0.751,0.713,0.751,2,0
20091218,0.713,0.8,0.713,0.8,23,0
20091221,0.713,0.8,0.713,0.751,13,0
20091222,0.713,0.76,0.713,0.76,5,0
20091228,0.788,0.8,0.55,0.8,5,0
20091230,0.523,0.8,0.523,0.8,5,0
20100119,0.76,0.801,0.76,0.801,3,0
20100121,0.76,0.801,0.76,0.801,1,0
20100122,0.761,0.801,0.761,0.801,5,0
20100125,0.761,0.801,0.761,0.801,19,0
20100129,0.76,0.801,0.76,0.801,3,0
20100208,0.76,0.801,0.76,0.801,3,0
20100210,0.76,0.801,0.76,0.8,40,0
20100211,0.761,0.801,0.761,0.8,10,0
20100215,0.76,0.801,0.76,0.801,1,0
20100219,0.76,0.801,0.76,0.8,1,0
20100222,0.761,0.801,0.761,0.8,10,0
20100305,0.76,0.801,0.76,0.801,58,0
20100308,0.8,0.801,0.8,0.801,11,0
20100315,0.76,0.801,0.76,0.8,6,0
20100319,0.76,0.801,0.76,0.801,5,0
20100324,0.76,0.801,0.76,0.8,13,0
20100330,0.76,0.801,0.76,0.801,11,0
20100331,0.761,0.801,0.761,0.8,2,0
20100401,0.761,0.801,0.761,0.8,6,0
20100407,0.76,0.9,0.76,0.9,212,0
20100408,0.761,1.1,0.761,1.1,3461,0
20100409,1.05,1.101,1.05,1.1,35,0
20100416,1.05,1.4,1.05,1.4,1504,0
20100419,1.33,1.499,1.1,1.4,36,0
20100423,1.05,1.101,1.05,1.1,1,0
20100426,1.05,1.101,1.05,1.101,17,0
20100428,1.05,1.101,1.05,1.101,60,0
20100429,1.05,1.101,1.05,1.101,10,0
20100503,1.05,1.05,0.8,0.8,1,0
20100511,0.76,0.801,0.76,0.801,1,0
20100517,0.76,0.801,0.76,0.801,2,0
20100518,0.761,0.801,0.761,0.8,5,0
20100519,0.761,0.801,0.761,0.801,1,0
20100528,0.76,0.801,0.76,0.801,2,0
20100531,0.8,0.801,0.8,0.801,18,0
20100602,0.76,0.801,0.76,0.8,4,0
20100608,0.76,0.801,0.76,0.801,1,0
20100610,0.76,0.801,0.76,0.8,2,0
20100702,0.76,0.8,0.76,0.8,1950,0
20100707,0.76,0.8,0.76,0.8,3,0
20100716,0.665,0.7,0.665,0.7,5,0
20100719,0.665,0.7,0.665,0.7,1,0
20100726,0.665,0.7,0.665,0.7,2,0
20100729,0.618,0.618,0.55,0.55,1,0
20100730,0.523,0.523,0.45,0.45,20,0
20100805,0.428,0.45,0.428,0.45,1,0
20100809,0.428,0.551,0.428,0.551,5,0
20100812,0.52,0.551,0.52,0.551,89,0
20100824,0.5,0.8,0.5,0.8,500,0
20100825,0.8,0.8,0.5,0.8,500,0
20100901,0.76,0.8,0.6,0.8,1,0
20100913,0.57,0.601,0.57,0.601,2,0
20100914,0.571,0.601,0.571,0.601,21,0
20100920,0.57,0.601,0.57,0.601,11,0
20100922,0.57,0.601,0.57,0.601,5,0
20100930,0.57,0.601,0.57,0.601,3,0
20101011,0.475,0.5,0.475,0.5,11,0
20101013,0.475,0.501,0.475,0.501,11,0
20101021,0.475,0.501,0.475,0.501,9,0
20101022,0.476,0.501,0.476,0.5,9,0
20101025,0.476,0.501,0.476,0.5,24,0
20101026,0.476,0.501,0.476,0.501,1,0
20101027,0.476,0.5,0.476,0.5,6,0
20101028,0.475,0.501,0.475,0.5,1,0
20101108,0.5,0.6,0.4,0.501,1127,0
20101110,0.51,0.6,0.5,0.51,21,0
20101112,0.501,0.6,0.5,0.5,1,0
20101115,0.5,0.6,0.5,0.501,3,0
20101116,0.6,0.6,0.5,0.501,11,0
20101117,0.6,0.6,0.5,0.501,12,0
20101118,0.6,0.6,0.5,0.501,78,0
20101119,0.6,0.6,0.5,0.501,7,0
20101124,0.6,0.6,0.5,0.5,1,0
20101125,0.6,0.6,0.5,0.5,1,0
20101202,0.475,0.501,0.475,0.5,1,0
20101203,0.476,0.501,0.476,0.5,2,0
20101206,0.476,0.5,0.476,0.5,568,0
20101213,0.381,0.402,0.381,0.4,5,0
20101215,0.381,0.412,0.381,0.412,11,0
20101220,0.39,0.412,0.39,0.41,9,0
20101227,0.39,0.421,0.39,0.421,1,0
20101229,0.39,0.421,0.39,0.421,3,0
20101230,0.39,0.421,0.39,0.421,1,0
20110106,0.399,0.422,0.399,0.422,1,0
20110110,0.4,0.431,0.4,0.43,1,0
20110112,0.409,0.431,0.409,0.431,41,0
20110113,0.409,0.431,0.409,0.431,1,0
20110118,0.409,0.501,0.409,0.501,101,0
20110126,0.4,0.551,0.4,0.551,4,0
20110131,0.4,0.501,0.4,0.501,600,0
20110201,0.476,0.501,0.476,0.5,1,0
20110203,0.475,0.601,0.475,0.601,1,0
20110210,0.57,0.601,0.57,0.6,1,0
20110214,0.57,0.6,0.57,0.6,2,0
20110215,0.57,0.6,0.57,0.6,15,0
20110221,0.57,0.6,0.57,0.6,4,0
20110222,0.57,0.601,0.57,0.601,8,0
20110223,0.571,0.601,0.571,0.601,1,0
20110225,0.57,0.601,0.57,0.6,7,0
20110228,0.571,0.601,0.571,0.601,10,0
20110301,0.571,0.571,0.5,0.501,2,0
20110303,0.475,0.501,0.475,0.5,1,0
20110304,0.476,0.501,0.476,0.5,16,0
20110308,0.475,0.501,0.475,0.5,1,0
20110309,0.476,0.501,0.476,0.501,3,0
20110310,0.476,0.501,0.476,0.501,2,0
20110314,0.475,0.5,0.475,0.5,2,0
20110316,0.475,0.501,0.475,0.5,10,0
20110317,0.476,0.501,0.476,0.5,7,0
20110321,0.475,0.521,0.475,0.5,1,0
20110322,0.475,0.52,0.475,0.52,12,0
20110328,0.475,0.501,0.475,0.501,8,0
20110404,0.475,0.501,0.475,0.5,8,0
20110407,0.475,0.55,0.475,0.55,2,0
20110414,0.58,0.58,0.55,0.55,1,0
20110415,0.58,0.6,0.55,0.55,31,0
20110419,0.523,0.551,0.523,0.55,3,0
20110420,0.523,0.551,0.523,0.55,5,0
20110421,0.55,0.551,0.55,0.55,1,0
20110426,0.55,0.551,0.55,0.551,4,0
20110427,0.55,0.551,0.55,0.551,1,0
20110504,0.523,0.551,0.523,0.551,1,0
20110505,0.523,0.551,0.523,0.551,3,0
20110511,0.475,0.551,0.475,0.551,7,0
20110519,0.523,0.55,0.523,0.55,1,0
20110523,0.523,0.55,0.523,0.55,1,0
20110525,0.475,0.501,0.475,0.501,1,0
20110530,0.475,0.501,0.475,0.501,1,0
20110601,0.475,0.501,0.475,0.501,10,0
20110602,0.476,0.5,0.476,0.5,1000,0
20110607,0.5,0.501,0.475,0.501,11,0
20110609,0.475,0.501,0.475,0.501,10,0
20110610,0.5,0.501,0.5,0.501,1,0
20110614,0.51,0.511,0.51,0.511,5,0
20110616,0.51,0.51,0.5,0.5,1,0
20110617,0.51,0.511,0.5,0.511,23,0
20110620,0.51,0.511,0.5,0.511,37,0
20110621,0.51,0.511,0.5,0.511,2,0
20110704,0.51,0.511,0.49,0.5,4,0
20110705,0.51,0.511,0.5,0.5,11,0
20110707,0.511,0.511,0.49,0.5,30,0
20110708,0.51,0.511,0.5,0.5,12,0
20110711,0.51,0.51,0.5,0.5,23,0
20110712,0.511,0.511,0.5,0.5,1,0
20110713,0.511,0.511,0.5,0.5,39,0
20110714,0.511,0.511,0.5,0.5,1,0
20110715,0.51,0.51,0.5,0.5,1,0
20110718,0.51,0.511,0.5,0.5,4,0
20110719,0.51,0.511,0.5,0.5,1,0
20110720,0.51,0.511,0.5,0.5,1,0
20110721,0.51,0.511,0.5,0.5,1,0
20110729,0.51,0.511,0.49,0.5,5,0
20110802,0.51,0.511,0.49,0.49,4,0
20110804,0.51,0.511,0.49,0.49,1,0
20110805,0.511,0.511,0.49,0.49,4,0
20110808,0.51,0.511,0.49,0.49,5,0
20110818,0.49,0.511,0.49,0.49,8,0
20110823,0.511,0.71,0.49,0.49,1002,0
20110907,0.51,0.511,0.51,0.511,6,0
20110908,0.51,0.511,0.51,0.511,9,0
20110913,0.5,0.51,0.49,0.501,3,0
20110916,0.5,0.51,0.5,0.501,5,0
20110920,0.5,0.501,0.49,0.501,23,0
20110927,0.5,0.51,0.49,0.501,15,0
20111004,0.5,0.501,0.49,0.501,1,0
20111006,0.501,0.501,0.49,0.49,1,0
20111012,0.5,0.501,0.49,0.49,3,0
20111017,0.5,0.501,0.49,0.501,1,0
20111019,0.5,0.501,0.5,0.501,1,0
20111020,0.5,0.501,0.49,0.501,1,0
20111026,0.501,0.501,0.49,0.49,27,0
20111101,0.5,0.501,0.5,0.5,1,0
20111102,0.5,0.501,0.49,0.5,2,0
20111103,0.5,0.501,0.49,0.501,2,0
20111107,0.5,0.501,0.49,0.49,31,0
20111109,0.5,0.501,0.48,0.501,35,0
20111115,0.5,0.501,0.48,0.501,6,0
20111117,0.5,0.501,0.48,0.49,4,0
20111121,0.5,0.501,0.48,0.501,3,0
20111122,0.5,0.501,0.48,0.501,3,0
20111130,0.5,0.501,0.48,0.501,12,0
20111202,0.6,0.601,0.48,0.601,1,0
20111205,0.601,0.601,0.48,0.48,2,0
20111207,0.6,0.601,0.49,0.601,244,0
20111208,0.6,0.601,0.6,0.601,11,0
20111214,0.6,0.601,0.6,0.601,14,0
20111215,0.6,0.6,0.6,0.6,826,0
20111220,0.6,0.601,0.6,0.601,14,0
20111228,0.61,0.611,0.48,0.611,8,0
20111229,0.61,0.611,0.61,0.611,30,0
20120102,0.7,0.701,0.7,0.7,8,0
20120109,0.7,0.701,0.7,0.7,4,0
20120110,0.7,0.701,0.7,0.701,2,0
20120116,0.7,0.701,0.7,0.701,4,0
20120118,0.701,0.701,0.7,0.7,1,0
20120119,0.701,0.701,0.7,0.701,7,0
20120120,0.7,0.701,0.7,0.701,2,0
20120123,0.7,0.7,0.7,0.7,1,0
20120124,0.7,0.701,0.7,0.701,11,0
20120125,0.7,0.701,0.7,0.701,25,0
20120126,0.7,0.701,0.6,0.701,22,0
20120127,0.7,0.7,0.7,0.7,12,0
20120130,0.7,0.7,0.601,0.602,2,0
20120201,0.602,0.602,0.601,0.601,1,0
20120202,0.601,0.602,0.601,0.602,3,0
20120203,0.601,0.602,0.601,0.602,2,0
20120206,0.602,0.602,0.601,0.601,7,0
20120208,0.601,0.602,0.601,0.602,9,0
20120209,0.601,0.602,0.601,0.602,3,0
20120213,0.601,0.602,0.601,0.602,11,0
20120215,0.601,0.602,0.601,0.602,24,0
20120216,0.602,0.602,0.601,0.602,4,0
20120220,0.601,0.602,0.601,0.602,5,0
20120224,0.601,0.601,0.601,0.601,8,0
20120228,0.601,0.602,0.601,0.602,10,0
20120229,0.601,0.602,0.601,0.602,10,0
20120302,0.601,0.602,0.601,0.602,1,0
20120305,0.601,0.602,0.601,0.602,44,0
20120308,0.601,0.602,0.601,0.602,4,0
20120312,0.601,0.602,0.601,0.602,2,0
20120316,0.601,0.602,0.601,0.602,5,0
20120319,0.601,0.602,0.601,0.602,1,0
20120320,0.601,0.602,0.601,0.602,7,0
20120322,0.601,0.602,0.601,0.602,1,0
20120323,0.601,0.602,0.601,0.602,5,0
20120326,0.601,0.602,0.601,0.602,2,0
20120328,0.601,0.602,0.601,0.602,334,0
20120402,0.401,1,0.401,1,230,0
20120404,0.5,1,0.5,0.501,27,0
20120405,0.5,0.501,0.5,0.501,5,0
20120416,0.5,0.501,0.5,0.501,54,0
20120417,0.5,0.501,0.5,0.501,13,0
20120419,0.51,0.511,0.51,0.511,29,0
20120420,0.51,0.511,0.51,0.511,1,0
20120427,0.51,0.511,0.51,0.511,5,0
20120430,0.51,0.511,0.51,0.511,1,0
20120502,0.51,0.511,0.51,0.511,11,0
20120503,0.51,0.511,0.51,0.511,2,0
20120508,0.51,1,0.51,1,130,0
20120510,0.51,1,0.51,0.51,5,0
20120514,0.51,0.511,0.51,0.511,8,0
20120515,0.51,0.511,0.51,0.511,11,0
20120516,0.51,0.511,0.51,0.511,4,0
20120518,0.51,0.511,0.51,0.511,2,0
20120524,0.51,0.511,0.51,0.511,1,0
20120525,0.51,0.51,0.51,0.51,17,0
20120529,0.51,0.511,0.51,0.511,17,0
20120601,0.51,0.511,0.51,0.511,2,0
20120605,0.51,0.511,0.51,0.511,3,0
20120608,0.51,0.511,0.51,0.511,9,0
20120612,0.51,0.511,0.51,0.511,47,0
20120614,0.51,0.511,0.51,0.511,2,0
20120620,0.51,0.511,0.51,0.511,7,0
20120621,0.51,0.511,0.51,0.51,1,0
20120703,0.51,0.511,0.51,0.511,58,0
20120705,0.51,0.511,0.51,0.51,38,0
20120706,0.51,0.511,0.51,0.511,3,0
20120709,0.51,0.511,0.51,0.511,36,0
20120712,0.51,0.511,0.51,0.511,121,0
20120718,0.4,0.401,0.4,0.401,1,0
20120719,0.4,0.401,0.4,0.401,2,0
20120723,0.401,0.401,0.4,0.4,8,0
20120724,0.4,0.4,0.4,0.4,9,0
20120726,0.4,0.401,0.4,0.401,9,0
20120730,0.4,0.401,0.4,0.401,7,0
20120731,0.4,0.4,0.4,0.4,1,0
20120801,0.4,0.401,0.4,0.401,1,0
20120802,0.4,0.401,0.4,0.401,1,0
20120807,0.4,0.4,0.4,0.4,8,0
20120809,0.4,0.401,0.4,0.401,8,0
20120816,0.5,0.501,0.5,0.501,11,0
20120820,0.5,0.5,0.5,0.5,4,0
20120822,0.5,0.501,0.5,0.501,4,0
20120823,0.5,0.5,0.5,0.5,2,0
20120824,0.5,0.501,0.5,0.501,2,0
20120830,0.5,0.501,0.5,0.501,1,0
20120907,0.5,0.501,0.5,0.501,1,0
20120911,0.5,0.501,0.5,0.501,3,0
20120912,0.5,0.5,0.5,0.5,2000,0
20120918,0.5,0.501,0.5,0.501,3,0
20120921,0.5,0.501,0.5,0.501,17,0
20120926,0.501,0.501,0.5,0.501,60,0
20120928,0.5,0.501,0.5,0.501,1,0
20121001,0.5,0.501,0.5,0.501,4,0
20121009,0.5,0.501,0.5,0.5,5,0
20121011,0.5,0.501,0.5,0.501,1,0
20121016,0.501,0.501,0.5,0.501,3,0
20121018,0.5,0.501,0.5,0.501,2,0
20121026,0.5,0.501,0.5,0.501,21,0
20121030,0.5,0.501,0.5,0.501,4,0
20121105,0.501,0.501,0.5,0.5,11,0
20121106,0.5,0.501,0.5,0.501,3,0
20121108,0.5,0.501,0.5,0.501,11,0
20121113,0.5,0.501,0.5,0.501,1,0
20121116,0.5,0.501,0.5,0.501,2,0
20121119,0.5,0.501,0.5,0.501,29,0
20121121,0.5,0.501,0.5,0.501,6,0
20121126,0.5,0.501,0.5,0.501,1,0
20121127,0.5,0.501,0.5,0.501,1,0
20121128,0.5,0.501,0.5,0.501,3,0
20121203,0.5,0.501,0.5,0.501,1,0
20121205,0.5,0.501,0.5,0.501,13,0
20121206,0.5,0.501,0.5,0.501,1,0
20121211,0.5,0.501,0.5,0.501,4,0
20121214,0.5,0.8,0.5,0.8,375,0
20121217,0.52,0.521,0.52,0.521,2,0
20130102,0.5,0.5,0.5,0.5,7,0
20130103,0.5,0.501,0.5,0.501,3,0
20130104,0.5,0.501,0.5,0.501,12,0
20130108,0.5,0.501,0.5,0.501,155,0
20130110,0.5,0.501,0.5,0.501,12,0
20130116,0.5,0.501,0.5,0.501,134,0
20130117,0.5,0.501,0.5,0.501,11,0
20130121,0.5,1.39,0.5,1.39,397,0
20130123,0.5,0.7,0.5,0.501,13,0
20130125,0.5,0.501,0.5,0.501,5,0
20130130,0.5,0.501,0.5,0.501,2,0
20130131,0.5,0.501,0.5,0.501,5,0
20130201,0.5,0.5,0.5,0.5,1,0
20130205,0.5,0.501,0.5,0.501,2,0
20130207,0.5,0.501,0.5,0.501,1,0
20130212,0.501,0.502,0.501,0.502,1,0
20130214,0.501,0.502,0.501,0.502,4,0
20130219,0.501,0.502,0.501,0.502,11,0
20130220,0.501,0.502,0.501,0.502,1,0
20130227,0.512,0.513,0.512,0.513,1,0
20130304,0.512,0.513,0.512,0.513,1,0
20130306,0.512,0.513,0.512,0.513,5,0
20130311,0.513,0.513,0.512,0.513,2,0
20130318,0.512,0.513,0.512,0.513,115,0
20130320,0.512,0.513,0.512,0.513,30,0
20130321,0.512,0.513,0.512,0.513,28,0
20130325,0.512,0.513,0.512,0.513,3,0
20130328,0.521,0.522,0.521,0.522,4,0
20130402,0.521,0.521,0.521,0.521,1,0
20130404,0.521,0.522,0.521,0.522,6,0
20130405,0.521,0.522,0.521,0.522,11,0
20130415,0.522,0.522,0.521,0.522,8,0
20130425,0.521,0.522,0.521,0.522,1,0
20130429,0.521,0.54,0.521,0.54,59,0
20130506,0.521,0.522,0.521,0.522,4,0
20130507,0.521,0.522,0.521,0.522,1,0
20130508,0.521,0.521,0.521,0.521,4,0
20130510,0.521,0.522,0.521,0.522,4,0
20130514,0.521,0.522,0.521,0.522,26,0
20130516,0.53,0.531,0.53,0.531,11,0
20130517,0.53,0.531,0.53,0.531,117,0
20130520,0.53,0.53,0.53,0.53,2,0
20130522,0.53,0.531,0.53,0.531,2,0
20130527,0.53,0.531,0.53,0.531,3,0
20130528,0.53,0.531,0.53,0.531,2,0
20130529,0.53,0.531,0.53,0.531,3,0
20130531,0.53,0.531,0.53,0.531,1,0
20130604,0.53,0.53,0.53,0.53,3,0
20130605,0.53,0.531,0.53,0.531,27,0
20130606,0.53,0.531,0.53,0.531,3,0
20130610,0.53,0.531,0.53,0.531,7,0
20130612,0.53,0.531,0.53,0.531,5,0
20130624,0.531,0.531,0.53,0.53,30,0
20130702,0.53,0.531,0.53,0.531,5,0
20130709,0.53,0.531,0.53,0.531,1,0
20130718,0.53,0.531,0.53,0.531,12,0
20130719,0.53,0.531,0.53,0.531,1,0
20130722,0.53,0.531,0.53,0.531,29,0
20130805,0.53,0.531,0.53,0.531,1,0
20130806,0.53,0.54,0.53,0.54,2,0
20130808,0.53,0.531,0.53,0.531,3,0
20130813,0.53,0.531,0.53,0.531,5,0
20130814,0.53,0.531,0.53,0.531,4,0
20130816,0.531,0.531,0.53,0.531,5,0
20130819,0.53,0.531,0.53,0.531,11,0
20130820,0.6,0.6,0.53,0.53,1000,0
20130826,0.6,0.601,0.6,0.601,4,0
20130827,0.6,0.6,0.531,0.531,1,0
20130829,0.61,1.48,0.61,1.48,1405,0
20130830,1,1.48,1,1.001,202,0
20130904,0.9,1.19,0.9,0.901,135,0
20130910,0.9,1.48,0.55,1.48,500,0
20130911,0.9,0.901,0.9,0.9,86,0
20130912,0.55,0.561,0.55,0.561,32,0
20130916,0.56,0.561,0.56,0.561,11,0
20130917,0.57,0.571,0.57,0.571,2,0
20130926,0.573,0.581,0.573,0.581,8,0
20131001,0.581,0.582,0.581,0.582,6,0
20131002,0.581,0.582,0.581,0.582,23,0
20131008,0.573,0.581,0.573,0.574,3,0
20131009,0.573,0.581,0.573,0.574,6,0
20131010,0.573,0.581,0.573,0.574,1,0
20131011,0.573,0.581,0.573,0.581,1,0
20131014,0.573,0.581,0.573,0.574,5,0
20131017,0.573,0.581,0.573,0.574,28,0
20131018,0.573,0.581,0.573,0.574,1,0
20131022,0.574,0.581,0.574,0.575,94,0
20131023,0.573,0.581,0.573,0.574,112,0
20131028,0.574,0.581,0.574,0.575,400,0
20131104,0.575,0.581,0.575,0.581,2,0
20131105,0.574,0.581,0.574,0.575,100,0
20131106,0.574,0.581,0.574,0.575,364,0
20131108,0.574,1.001,0.574,1.001,2111,0
20131111,1.2,1.2,1,1.001,2,0
20131112,1,1,0.575,0.575,11,0
20131113,0.574,0.8,0.574,0.575,14,0
20131115,0.574,0.575,0.574,0.575,12,0
20131118,0.574,0.575,0.574,0.575,2,0
20131120,0.586,0.587,0.574,0.587,2,0
20131121,0.586,0.587,0.574,0.587,1,0
20131125,0.605,0.606,0.605,0.606,1,0
20131126,0.586,0.586,0.574,0.574,4,0
20131128,0.586,0.6,0.574,0.6,6,0
20131129,0.574,0.6,0.574,0.575,7,0
20131202,0.6,0.6,0.574,0.575,26,0
20131203,0.6,0.6,0.574,0.574,3,0
20131204,0.574,0.575,0.574,0.575,12,0
20131205,0.574,0.575,0.574,0.575,6,0
20131209,0.574,0.575,0.574,0.575,53,0
20131211,0.574,0.575,0.574,0.575,10,0
20131212,0.574,0.575,0.574,0.575,7,0
20131213,0.574,0.575,0.574,0.575,2,0
20131216,0.574,0.575,0.574,0.575,4,0
20131217,0.574,0.575,0.574,0.575,25,0
20131219,0.575,0.575,0.574,0.574,1,0
20131227,0.575,0.575,0.574,0.574,1,0
20140103,0.574,0.575,0.574,0.574,2,0
20140106,0.574,0.575,0.574,0.575,1,0
20140108,0.574,0.575,0.574,0.575,9,0
20140113,0.574,0.575,0.574,0.574,5,0
20140114,0.574,0.575,0.574,0.575,67,0
20140115,0.574,0.575,0.574,0.575,1,0
20140117,0.574,0.575,0.574,0.575,11,0
20140122,0.574,0.575,0.574,0.575,3,0
20140123,0.575,0.576,0.575,0.576,4,0
20140124,0.574,0.575,0.574,0.574,6,0
20140128,0.574,0.575,0.574,0.575,5,0
20140129,0.575,0.575,0.574,0.574,3,0
20140131,0.574,0.575,0.574,0.575,6,0
20140203,0.574,0.574,0.574,0.574,1,0
20140204,0.574,0.575,0.574,0.575,11,0
20140205,0.574,0.575,0.574,0.575,8,0
20140207,0.575,0.576,0.575,0.576,6,0
20140210,0.575,0.575,0.575,0.575,1,0
20140211,0.574,0.576,0.574,0.576,2,0
20140212,0.574,0.575,0.574,0.575,11,0
20140224,0.575,0.576,0.575,0.576,5,0
20140227,0.575,0.576,0.575,0.576,1,0
20140228,0.575,0.575,0.575,0.575,1,0
20140304,0.575,0.576,0.575,0.575,35,0
20140310,0.575,0.775,0.575,0.775,1,0
20140313,0.575,0.78,0.575,0.78,1035,0
20140317,0.575,0.78,0.575,0.78,1,0
20140318,0.575,0.78,0.575,0.78,1050,0
20140319,1.18,1.18,0.78,0.78,20,0
20140320,1,1,0.602,0.78,176,0
20140325,0.69,0.69,0.601,0.601,100,0
20140327,0.601,0.853,0.601,0.853,2,0
20140404,0.603,0.604,0.603,0.603,4,0
20140408,0.603,0.604,0.603,0.603,12,0
20140423,0.604,0.605,0.604,0.604,1,0
20140424,0.604,0.605,0.604,0.604,1,0
20140428,0.604,0.605,0.604,0.604,1,0
20140502,0.604,0.605,0.604,0.604,2,0
20140506,0.604,0.605,0.604,0.604,91,0
20140507,0.604,0.66,0.604,0.604,1004,0
20140512,0.611,0.611,0.611,0.611,4,0
20140513,0.611,0.612,0.611,0.611,17,0
20140514,0.611,0.612,0.611,0.611,90,0
20140526,0.612,0.613,0.612,0.613,12,0
20140530,0.612,0.613,0.612,0.612,1,0
20140602,0.612,0.715,0.612,0.712,1,0
20140604,0.712,0.8,0.712,0.8,95,0
20140605,0.8,0.801,0.8,0.8,1,0
20140606,0.8,1.25,0.8,1.25,640,0
20140613,1,1.06,1,1.06,1,0
20140616,1,1.08,1,1.06,4,0
20140618,1,1.06,1,1.06,2,0
20140619,1,1.07,1,1.06,6,0
20140623,1,1.06,1,1.06,6,0
20140626,1,1.06,1,1.06,1,0
20140701,1,1.1,1,1.1,1,0
20140702,1.1,1.174,1.1,1.174,1500,0
20140703,1.5,1.501,1.5,1.5,6,0
20140708,1.5,1.5,1.5,1.5,200,0
20140710,1.25,1.261,1.25,1.26,1,0
20140714,1.25,1.261,1.25,1.26,5,0
20140723,1.2,1.25,1.2,1.2,101,0
20140731,1.2,1.201,1.2,1.2,14,0
20140804,1.2,1.22,1.2,1.2,18,0
20140807,1.2,1.201,1.2,1.2,8,0
20140813,1.2,1.201,1.2,1.2,2,0
20140819,1.201,1.201,1.2,1.2,2,0
20140822,1.2,1.201,1.2,1.2,6,0
20140825,1.201,1.201,1.2,1.2,3,0
20140826,1.2,1.201,1.2,1.2,1,0
20140829,1.2,1.201,1.2,1.2,2,0
20140901,1.201,1.201,1.15,1.2,103,0
20140903,1.2,1.21,1.2,1.2,15,0
20140905,1.2,1.201,1.2,1.2,17,0
20140909,1.2,1.21,1.2,1.2,1,0
20140911,1.2,1.201,1.2,1.2,1,0
20140912,1.21,1.21,1.2,1.2,2,0
20140916,1.2,1.21,1.2,1.2,8,0
20140918,1.2,1.201,1.2,1.201,4,0
20140919,1.3,1.3,1.2,1.2,10,0
20140922,1.2,1.201,1.2,1.201,24,0
20140924,1.2,1.21,1.2,1.2,1,0
20140925,1.2,1.201,1.2,1.2,1,0
20140926,1.2,1.201,1.2,1.2,1,0
20141002,1.2,1.201,1.2,1.2,5,0
20141008,1.2,1.201,1.2,1.2,18,0
20141013,1.2,1.201,1.2,1.2,1,0
20141020,1.2,1.201,1.2,1.2,11,0
20141021,1.2,1.2,1.2,1.2,100,0
20141022,1.2,1.201,1.2,1.2,1,0
20141023,1.2,1.201,1.2,1.2,5,0
20141028,1.201,1.201,1.2,1.2,9,0
20141030,1.2,1.201,1.2,1.2,5,0
20141103,1.201,1.201,1.2,1.2,6,0
20141104,1.2,1.201,1.2,1.2,2,0
20141105,1.2,1.201,1.2,1.2,3,0
20141106,1.2,1.201,1.2,1.2,1,0
20141110,1.2,1.3,1.2,1.2,100,0
20141111,1.3,1.78,1.2,1.2,268,0
20141112,1.3,1.301,1.2,1.2,139,0
20141113,1.3,1.301,1.2,1.2,1,0
20141114,1.3,1.301,1.2,1.2,12,0
20141117,1.3,1.301,1.2,1.2,1,0
20141119,1.3,1.301,1.2,1.2,19,0
20141120,1.2,1.201,1.2,1.2,2,0
20141202,1.201,1.35,1.201,1.35,6,0
20141204,1.2,1.35,1.2,1.35,94,0
20141205,1.2,1.35,1.2,1.35,2,0
20141208,1.3,1.3,1.2,1.2,24,0
20141209,1.2,1.201,1.2,1.2,4,0
20141215,1.2,1.201,1.2,1.2,1,0
20141216,1.2,1.2,0.808,0.808,490,0
20141217,1.2,1.2,1,1,2,0
20141218,1,1,1,1,123,0
20141219,1,1.001,1,1,13,0
20141222,1.001,1.3,1,1.3,350,0
20141223,1,1.3,1,1.3,174,0
20150105,1,1,1,1,11,0
20150107,1,1.321,1,1,68,0
20150108,1.32,1.32,1,1,458,0
20150109,1.001,1.001,1,1,30,0
20150112,1,1.001,1,1,10,0
20150120,1,1.22,1,1.1,232,0
20150122,1.23,1.246,1,1,212,0
20150123,1.23,1.35,1.23,1.35,1252,0
20150127,1.23,1.231,1.23,1.23,3,0
20150129,1.23,1.231,1,1,17,0
20150130,1.23,1.231,1.23,1.23,17,0
20150202,1,1.01,1,1,4,0
20150203,1,1.95,1,1.95,764,0
20150204,1.5,1.8,1.3,1.68,11,0
20150205,1.8,2.05,1.593,1.593,319,0
20150206,1.8,2.44,1.55,2.44,1212,0
20150209,2.1,2.65,2.1,2.1,2143,0
20150210,2.1,2.74,1.85,2.639,255,0
20150211,2.1,2.5,2.1,2.499,277,0
20150212,1.85,2.58,1.758,1.835,42,0
20150213,2.302,2.302,1.75,1.75,736,0
20150216,1.805,2.599,1.75,1.95,691,0
20150217,1.802,2.75,1.802,2.5,3600,0
20150218,2.211,2.24,1.895,1.895,104,0
20150220,2.25,2.25,1.75,1.8,5130,0
20150223,2.02,2.35,1.85,1.85,2128,0
20150224,2.3,2.539,1.929,1.929,866,0
20150226,2.2,2.58,2.2,2.2,310,0
20150302,2.2,2.2,1.9,2,670,0
20150303,2,2.01,1.596,1.596,87,0
20150304,2.01,2.01,1.429,1.429,686,0
20150306,1.93,1.992,1.459,1.459,16,0
20150309,1.962,2.1,1.962,1.962,432,0
20150311,2.01,2.1,1.591,1.591,378,0
20150312,2.01,2.01,1.871,1.872,333,0
20150313,1.872,2.17,1.872,2.17,244,0
20150317,2.15,2.3,1.781,1.781,470,0
20150319,2.15,2.167,2.15,2.15,202,0
20150323,2.152,2.45,2.152,2.252,1536,0
20150324,2.252,2.268,1.757,1.757,742,0
20150325,2.152,2.169,1.674,1.674,1,0
20150327,2.152,2.184,1.768,1.768,1,0
20150331,2.152,2.168,1.817,1.817,1,0
20150401,2.152,2.169,2.152,2.152,30,0
20150402,2.152,2.169,1.72,1.72,1,0
20150407,2.49,2.88,2.49,2.5,4368,0
20150408,2.6,3.48,2.6,3.48,1840,0
20150409,3.1,3.116,2.816,2.816,735,0
20150410,3.3,3.8,2.6,2.6,2064,0
20150413,3,3,2.7,2.7,505,0
20150414,2.7,2.7,2.7,2.7,5,0
20150415,2.7,3.05,2.5,2.73,1275,0
20150416,2.6,2.948,2.6,2.948,39,0
20150421,2.6,2.6,2.6,2.6,200,0
20150423,2.6,3.29,2.6,3.29,1391,0
20150424,2.9,2.9,2.65,2.651,500,0
20150428,2.7,2.701,2.7,2.701,123,0
20150429,2.7,2.7,2.4,2.4,936,0
20150430,2.5,2.79,2.484,2.79,1288,0
20150504,2.4,2.417,2.4,2.417,12,0
20150506,2.402,2.418,2.402,2.418,3,0
20150507,2.6,2.6,2.6,2.6,92,0
20150511,2.452,2.452,2.45,2.45,9,0
20150514,2.252,2.268,2.252,2.268,600,0
20150515,2.4,2.416,2.266,2.266,696,0
20150518,2.3,2.301,2.3,2.301,12,0
20150520,2.3,2.3,2.251,2.251,390,0
20150521,2.25,2.251,2.25,2.251,1039,0
20150522,2.25,2.251,2.25,2.251,2,0
20150526,2.25,2.25,2.25,2.25,3000,0
20150601,1.77,1.77,1.77,1.77,6,0
20150602,1.72,1.737,1.72,1.737,2,0
20150603,1.721,1.721,1.721,1.721,1,0
20150608,1.724,1.724,1.724,1.724,1,0
20150611,1.724,1.724,1.724,1.724,2,0
20150615,2.116,2.116,1.824,1.824,887,0
20150617,1.824,1.824,1.824,1.824,35,0
20150618,1.824,1.824,1.824,1.824,1,0
20150619,1.824,1.99,1.824,1.99,88,0
20150623,1.824,1.824,1.721,1.81,700,0
20150624,1.72,1.737,1.72,1.737,500,0
20150630,1.8,1.801,1.8,1.801,5,0
20150702,1.8,2.43,1.8,2.43,1701,0
20150703,3.1,4.981,2.4,4.01,27187,0
20150706,7,14.69,6.7,12.5,41617,0
20150707,13.05,17.89,7.65,10.001,25342,0
20150708,12.3,12.3,9.4,9.761,5025,0
20150709,9.76,9.76,6.55,8.575,4453,0
20150710,8.1,8.6,7.701,8.117,861,0
20150713,8.1,8.95,6.5,7.979,9289,0
20150714,7.55,7.944,7.541,7.922,3213,0
20150715,7.54,7.884,7.54,7.884,225,0
20150716,7.54,7.8,6.837,7.8,3658,0
20150717,7.5,12.8,7.5,11.3,10837,0
20150720,11.75,14.55,10.3,12.01,10483,0
20150721,14.1,14.4,11.7,11.7,2903,0
20150722,11.5,13.48,11.5,12.973,7417,0
20150723,11.7,14.972,11.7,14.945,12615,0
20150724,14.946,14.946,12.756,12.76,1337,0
20150727,12.85,13.71,12.7,13,2135,0
20150728,13.166,13.572,12.5,12.5,1248,0
20150729,12.02,12.02,10.83,10.83,890,0
20150730,10.86,11.95,10.86,11.95,24,0
20150731,11.11,13.1,11.11,12.427,566,0
20150803,13.04,13.1,12.36,12.36,1296,0
20150804,11.711,11.711,11.711,11.711,706,0
20150805,11.71,11.75,11.71,11.71,535,0
20150806,11.71,11.711,11.71,11.71,296,0
20150807,11.71,12.3,10.71,11.44,1832,0
20150810,10.72,10.72,10.01,10.01,256,0
20150811,10.01,11.48,10.01,11.051,302,0
20150812,11.05,11.05,10.01,10.06,1656,0
20150813,10.11,13.94,9.999,13.469,7209,0
20150814,13.136,13.75,13.136,13.75,1499,0
20150817,13.75,13.75,13.235,13.235,1032,0
20150818,13.25,13.8,13.25,13.49,103,0
20150819,13.305,13.5,13.305,13.5,70,0
20150820,13.305,13.49,13.212,13.212,311,0
20150821,13.211,13.217,13.211,13.217,13,0
20150824,13.211,13.27,13.211,13.252,471,0
20150825,13.251,14.89,13.251,14,1593,0
20150826,13.5,14.879,13.5,13.517,260,0
20150827,13.522,13.98,13.522,13.55,112,0
20150828,13.511,13.53,13.511,13.517,346,0
20150831,13.5,14.388,13.5,13.95,960,0
20150901,13.988,13.988,13.517,13.517,86,0
20150902,13.5,13.517,13,13.1,2046,0
20150903,13.6,14.499,13.6,14.016,922,0
20150904,14,14.02,13.857,13.857,900,0
20150907,13.9,13.9,13.7,13.81,861,0
20150908,13.75,13.981,13.701,13.98,786,0
20150909,13.7,14.3,13.7,14.2,2889,0
20150910,14.439,14.439,14.4,14.4,13,0
20150911,14.061,14.094,14.061,14.094,10,0
20150914,14.11,14.11,14,14,115,0
20150915,13.85,13.867,13.85,13.867,34,0
20150916,13.85,14.25,13.85,14.25,2,0
20150917,13.85,16.038,13.85,16.001,986,0
20150918,13.85,15.27,13.85,15.267,402,0
20150921,15.25,15.316,15.05,15.05,1387,0
20150922,14.562,14.562,13.6,14.3,1200,0
20150923,13.274,13.916,13.274,13.916,848,0
20150924,13.7,13.7,13.7,13.7,500,0
20150928,13.02,13.036,13.02,13.036,173,0
20150929,13,13.01,13,13.01,16,0
20151001,13,13,12.046,12.046,365,0
20151006,12.071,12.071,12.071,12.071,78,0
20151007,12.2,12.25,12.2,12.25,69,0
20151009,12.1,13.75,12.1,13.75,152,0
20151012,12.15,13.75,12.15,13.75,868,0
20151013,13.51,14.223,13.51,14.223,21,0
20151014,16,17.984,15.51,16.479,750,0
20151015,15.471,18.988,15.471,18.988,1011,0
20151016,19,40,19,37.9,4937,0
20151019,34.9,39.45,25.5,38,3380,0
20151020,35.5,35.516,24.5,26.88,3585,0
20151021,24.8,24.8,18.8,19,3436,0
20151022,17,22.15,16.25,22.15,1296,0
20151023,23.2,25.5,22.517,25,1836,0
20151026,25,35,25,28.477,3068,0
20151027,28.97,33.7,28.857,33.7,1325,0
20151028,28.862,35,28.862,30.172,1233,0
20151029,30.25,33,30.25,30.5,759,0
20151030,30.5,32.9,30.25,30.25,367,0
20151102,30,30.016,25.1,28.017,622,0
20151103,27.5,27.65,27.5,27.65,30,0
20151104,27.601,30,27.6,28.55,305,0
20151105,27.4,28.64,27,28.57,579,0
20151106,28.6,30,28.6,29,290,0
20151109,28.6,28.6,27.616,27.616,229,0
20151110,27,29.95,26.501,26.501,173,0
20151111,26.6,26.6,25.9,26,157,0
20151113,26.65,26.65,25.751,25.751,50,0
20151116,26,26,20.5,21.742,743,0
20151117,20.3,20.3,20,20.01,819,0
20151118,20,21.8,20,20.114,328,0
20151119,20.113,21.676,20.113,21.676,12,0
20151123,20.05,20.49,20,20,290,0
20151124,19.5,19.5,19.5,19.5,70,0
20151125,17.51,19.5,17.51,19.5,233,0
20151126,19.5,19.5,18.2,18.2,78,0
20151127,18.2,18.2,16.555,16.555,237,0
20151130,16.11,17.45,16.11,17.45,50,0
20151201,17.45,17.5,15,15,841,0
20151202,15,15,12.02,12.05,2207,0
20151203,12.5,16.4,12.5,14.81,412,0
20151204,13.01,15.3,13.01,15.3,45,0
20151207,13.5,20.5,13.5,20.5,1295,0
20151208,21.5,28,21,21,1657,0
20151209,25,25.001,21.6,21.6,958,0
20151210,20.01,20.01,18.1,18.1,210,0
20151211,18.1,22.5,18.1,22.45,184,0
20151214,18.6,21.39,18.6,21.39,100,0
20151215,17.6,21.95,17.6,21.95,120,0
20151216,18.5,19.3,18.5,19.3,42,0
20151217,18.5,18.501,18.5,18.501,101,0
20151218,18.5,21,18.5,21,80,0
20151221,20,30.5,18.5,30.5,2207,0
20151222,26.5,28,21.5,25,1470,0
20151223,22,24.499,21.55,22.5,254,0
20151228,21.5,23.99,21.5,23.99,132,0
20151229,21,23.99,21,23.99,41,0
20151230,21.1,21.1,21,21,200,0
20160104,19,21,19,21,300,0
20160105,22.5,22.5,21,21,11,0
20160106,21,23,21,23,24,0
20160107,21.001,21.001,19,21,195,0
20160108,19.1,23.5,19.1,23.5,150,0
20160111,23.8,25.265,22,22.7,285,0
20160113,22.81,23,22.81,23,10,0
20160114,23,25.5,23,23.05,84,0
20160115,23,25.45,17,23,1719,0
20160118,21.501,22.689,19,22.689,620,0
20160119,19.521,20.85,19.521,20.85,52,0
20160120,19,19,19,19,224,0
20160121,17.011,23.5,17.011,20.2,550,0
20160125,20.21,20.21,20.2,20.2,150,0
20160126,20.15,20.15,20.15,20.15,75,0
20160129,19,19.999,18.001,19.999,65,0
20160201,18.01,18.102,18.01,18.102,207,0
20160202,18.201,18.25,18.201,18.201,205,0
20160203,18.1,20,18,18,136,0
20160204,18,18.001,18,18.001,26,0
20160208,18,18.01,18,18.01,228,0
20160209,18.001,18.001,18.001,18.001,3,0
20160210,16.845,16.845,16.845,16.845,60,0
20160211,17.002,17.003,17.002,17.003,5,0
20160212,17.001,17.001,17,17,100,0
20160215,17.001,17.001,17.001,17.001,2,0
20160216,17,19,17,19,101,0
20160217,17,19.004,17,19.004,35,0
20160218,17,19,17,17.05,204,0
20160222,17.102,17.102,17.102,17.102,500,0
20160223,17.4,18.996,17.4,17.401,17,0
20160225,17.1,17.101,17.1,17.101,1,0
20160226,17.101,17.101,17.101,17.101,12,0
20160301,17.1,17.1,15,16.99,598,0
20160302,15.5,15.51,15.3,15.3,904,0
20160303,15.4,15.4,15.4,15.4,162,0
20160304,14.011,14.201,14.011,14.201,79,0
20160308,14.221,14.223,14.221,14.223,8,0
20160310,14.01,14.011,14.01,14.011,2,0
20160314,14.01,14.011,14.01,14.011,18,0
20160315,14.01,16.499,14.01,16.44,392,0
20160322,14.01,14.01,14.001,14.001,109,0
20160323,14,15.95,14,15,200,0
20160324,16,16,15.99,15.99,61,0
20160331,15,17.5,15,17.499,193,0
20160404,17,17,17,17,50,0
20160405,15.5,17,15.5,17,90,0
20160407,15.5,16,15.5,16,100,0
20160408,15,16.8,15,16.8,76,0
20160411,15.75,16.999,15.75,16.99,41,0
20160412,16,17.499,16,17.499,120,0
20160413,16.5,17.5,16.5,17.5,250,0
20160414,16,17.399,16,17.398,331,0
20160415,16.65,17.399,16.65,17.399,242,0
20160418,17.4,18.5,17.4,18.5,492,0
20160419,17.25,21.9,17.25,21.9,1040,0
20160420,21.5,23.5,18,19.51,1570,0
20160421,18.5,21.639,16.5,20,1446,0
20160422,19.5,20,19.5,20,75,0
20160425,18.5,21.4,18.5,21.4,433,0
20160426,20.2,21.4,19.2,21.4,598,0
20160427,19.15,19.201,19.15,19.201,61,0
20160428,21.445,21.5,19.6,21.5,985,0
20160429,19.6,23.24,19.6,23.2,586,0
20160502,20.35,22.879,20.35,22.85,139,0
20160503,21,23.2,21,21.6,1387,0
20160504,20.1,22.68,20.1,22.67,315,0
20160505,21.25,22.689,21.25,22.689,66,0
20160506,22.69,22.69,22.67,22.67,175,0
20160509,22.65,22.729,22.251,22.729,152,0
20160510,22.251,22.73,22.251,22.73,53,0
20160511,22.25,22.84,21.5,22.84,644,0
20160512,22.3,22.74,22.3,22.74,101,0
20160513,22.83,22.84,22.55,22.75,276,0
20160517,22.77,22.77,21.2,22.77,205,0
20160518,20.5,22.64,20.5,22.64,140,0
20160519,21.97,21.97,21.959,21.959,70,0
20160520,20.5,20.99,18.5,20.99,345,0
20160523,19.001,21.499,18.011,20.959,141,0
20160524,18.41,20.95,18.41,20.95,25,0
20160525,20.849,20.85,18,20.85,327,0
20160526,20.869,20.869,18.41,20.869,21,0
20160527,20.01,21.4,18,21.4,605,0
20160530,19.5,21.5,19.15,21.5,425,0
20160531,22.48,22.48,20.2,22.06,246,0
20160601,21.1,22.07,21.1,22.07,48,0
20160602,21.1,22.079,21.1,21.101,199,0
20160603,21.1,22.39,21.1,22.39,83,0
20160606,21.5,22.4,21.5,22.4,85,0
20160607,21.5,22.38,21.5,22.38,25,0
20160608,21.5,22.34,21.5,22.34,50,0
20160609,22.33,22.33,21.75,22.33,51,0
20160610,22.32,22.33,21.78,22.33,55,0
20160614,20.3,21.95,20.3,21.949,190,0
20160615,20.3,21.84,20.3,21.74,241,0
20160616,21.7,22.38,20.7,22.35,813,0
20160617,20.7,22.359,20.7,22.359,139,0
20160620,21,22.32,20.86,22.32,52,0
20160621,20.85,20.851,18.3,19.45,1296,0
20160622,18.8,19.3,18.8,19.3,15,0
20160623,18.05,19.3,18.05,19.3,10,0
20160624,18.05,18.99,17.01,18.99,210,0
20160627,18.06,18.061,18.06,18.061,10,0
20160628,18.06,18.95,18.06,18.95,60,0
20160629,18.96,18.96,18.96,18.96,10,0
20160630,17.865,18.96,17.865,18.95,43,0
20160701,18,19.95,18,19.95,140,0
20160704,18,19.949,18,19.949,10,0
20160705,17,19.55,17,19.55,423,0
20160706,19.869,19.869,19.8,19.8,65,0
20160707,18.1,19.79,18.1,19.79,10,0
20160708,19.77,19.77,19.77,19.77,10,0
20160711,18.1,19.759,18.001,19.759,174,0
20160712,18,19.499,18,19.449,218,0
20160713,18,19.45,18,19.45,463,0
20160714,18.45,19.5,18.45,19.5,210,0
20160715,18.45,19.389,18.45,19.389,55,0
20160718,19.389,19.389,19,19.389,11,0
20160719,18.45,18.89,18.45,18.89,55,0
20160721,17.45,19.38,17.45,19.37,60,0
20160722,17.5,19.379,17.5,19.379,5,0
20160725,17.51,19.379,17.51,19.379,55,0
20160726,18.01,19.379,18.01,19.379,5,0
20160727,18.01,19.379,18.01,19.379,5,0
20160728,18.01,19.379,18.01,19.379,209,0
20160729,19.35,19.35,18.01,18.01,7,0
20160801,18.01,20.47,18.01,20.47,355,0
20160802,20.449,20.449,20.449,20.449,5,0
20160803,20.39,20.39,17.96,20.29,60,0
20160804,20.259,20.259,17.91,17.91,11,0
20160805,17.91,17.911,17.91,17.911,2,0
20160808,17.91,20,17.91,20,5,0
20160810,20.15,20.18,20.15,20.18,2,0
20160811,20.2,20.2,18.1,19.2,282,0
20160812,17.91,20,17.91,19.24,235,0
20160815,19.24,19.69,18.55,18.55,125,0
20160816,19.71,19.72,19.71,19.72,20,0
20160817,19.69,19.69,19.68,19.68,20,0
20160818,18.05,19.68,18.05,19.68,20,0
20160819,18.05,19.68,18.05,19.68,10,0
20160822,18.05,19.66,17.911,19.66,28,0
20160825,19.65,19.65,19.65,19.65,10,0
20160826,19.66,19.669,17.91,19.669,184,0
20160829,17.864,19.6,17.864,19.259,136,0
20160830,17.5,19.2,17.5,19.2,52,0
20160831,19.25,19.25,18,19.23,178,0
20160901,19.19,19.19,19.19,19.19,20,0
20160902,18,19,18,19,10,0
20160905,18,19,18,19,12,0
20160906,19.2,19.21,19.2,19.21,8,0
20160907,18,19.2,18,19.2,5,0
20160908,19.21,19.21,19.21,19.21,5,0
20160909,18,19.22,18,19.22,5,0
20160912,19.19,19.19,18,19,73,0
20160913,18,19.05,18,19.05,70,0
20160914,18,18.7,18,18.7,85,0
20160915,18.999,18.999,17.5,18.45,193,0
20160916,18.48,18.48,18.48,18.48,5,0
20160919,18.48,18.489,17,18.489,9,0
20160920,17,18.45,17,18.45,3,0
20160921,18.49,18.49,18.49,18.49,3,0
20160922,17,18.49,17,18.49,93,0
20160923,18.5,18.5,18.5,18.5,5,0
20160926,17.05,18.5,17.05,18.5,92,0
20160927,18.48,18.48,18.48,18.48,10,0
20160928,16.65,18.479,16.65,18.479,4,0
20160929,18.44,18.44,16.5,18.239,138,0
20160930,16.15,17.95,16.15,17.95,150,0
20161004,18.009,18.009,18.009,18.009,5,0
20161005,16,18,16,18,53,0
20161006,17.4,17.4,17.4,17.4,5,0
20161007,16,17.449,16,17.449,146,0
20161010,15.01,17.4,15.01,17.4,45,0
20161011,17.399,17.399,15.5,17.25,80,0
20161012,17.2,17.2,17.2,17.2,5,0
20161013,17,17.2,15.5,17.2,106,0
20161014,17.2,17.2,17.2,17.2,5,0
20161017,17.276,17.276,15.5,17.25,116,0
20161018,15.5,17.15,15.5,17.15,14,0
20161019,17,17,17,17,5,0
20161020,17.15,17.15,17.15,17.15,5,0
20161021,17.099,17.099,17.099,17.099,5,0
20161024,17.15,17.15,17.15,17.15,5,0
20161025,15.5,17.16,15.5,15.5,18,0
20161026,17.16,17.16,17.16,17.16,7,0
20161027,17.165,17.165,16,16.9,28,0
20161028,16.949,17,16.949,17,605,0
20161031,16.98,16.98,15.8,16.98,23,0
20161101,16.99,17.05,16.99,17.05,20,0
20161102,16.98,17.1,16.2,17.1,138,0
20161103,17.12,17.12,17.12,17.12,7,0
20161104,16.2,17.15,16.2,17.15,80,0
20161107,17.1,17.1,15.5,16.9,13,0
20161108,16.9,16.919,16,16.7,75,0
20161109,15.479,16.25,14,16.25,490,0
20161110,13.65,16.25,13.65,16.25,62,0
20161111,13.7,16.2,13.7,16.2,120,0
20161114,14,16.73,14,16.73,100,0
20161115,16.73,16.749,14,16.749,21,0
20161116,14.01,16.78,14.01,16.78,71,0
20161117,16.75,16.75,16.74,16.74,10,0
20161118,16.73,16.73,16.73,16.73,10,0
20161121,16.74,16.74,16.74,16.74,5,0
20161122,16.8,16.8,16.8,16.8,5,0
20161123,16.85,16.85,16.85,16.85,5,0
20161124,15.55,16.9,15.55,15.55,137,0
20161125,14.01,16.7,14.01,16.7,20,0
20161128,16.7,16.7,16.7,16.7,5,0
20161129,16.7,16.78,16,16.78,26,0
20161130,16.7,16.77,16.7,16.77,15,0
20161201,16.78,16.78,16.78,16.78,10,0
20161202,16.79,16.79,16.79,16.79,10,0
20161205,16.79,16.79,14.1,16.55,167,0
20161206,14.05,16.6,14.05,16.6,20,0
20161207,16.6,16.6,14.55,16.2,110,0
20161208,16.09,16.09,13,13.5,385,0
20161209,14.5,15.849,14,15.849,257,0
20161212,15.89,16,14.301,16,337,0
20161213,16.549,16.69,16.549,16.69,727,0
20161214,16.7,16.749,16.5,16.749,171,0
20161216,15.45,16.7,15.45,16.5,160,0
20161219,16.559,16.559,15.45,16.5,287,0
20161220,15.45,16.449,14.65,16.2,488,0
20161221,16.179,16.179,16.179,16.179,10,0
20161222,14.65,16.16,14.65,15.97,63,0
20161223,14.45,15.9,14.45,15.15,147,0
20161227,15.18,16,12.6,15.4,225,0
20161228,15.3,15.3,12.6,14.84,52,0
20161229,14.8,14.8,14.75,14.75,80,0
20161230,13.8,15.2,13.8,15.2,96,0
20170102,15.2,16.599,13.8,16.599,281,0
20170103,16.55,16.55,16.55,16.55,10,0
20170104,15.3,16.39,14.6,16.28,480,0
20170105,16.29,16.29,14.55,16.25,433,0
20170106,16.29,16.29,14.49,14.49,370,0
20170109,15.5,15.5,14.5,15.49,110,0
20170110,13.17,15.47,13.17,15.47,436,0
20170111,13.6,15,12.75,14.55,195,0
20170112,12.8,13,11.5,12.95,991,0
20170113,12.99,13,11.5,12.99,822,0
20170116,12,12.97,12,12.92,170,0
20170117,12.96,12.96,11.2,11.9,37,0
20170118,12.9,14,12,12,526,0
20170119,11.31,11.311,11.31,11.311,50,0
20170120,11.31,13,11.31,11.81,262,0
20170123,12.93,14.36,12.92,14.36,500,0
20170125,12.55,12.55,12.201,12.55,127,0
20170203,12.5,12.5,12.5,12.5,1,0
20170206,11.9,12.37,11.9,12.37,855,0
20170207,12.01,12.87,12.01,12.87,10,0
20170209,12.01,12.011,12.01,12.011,3,0
20170210,12.01,12.01,12.01,12.01,17,0
20170213,12,12.001,12,12.001,1,0
20170214,12.001,12.001,12.001,12.001,1,0
20170217,11.3,11.3,11.3,11.3,900,0
20170221,11.4,13.07,11.4,13.07,100,0
20170222,11.4,11.5,11.4,11.5,4,0
20170227,11.52,11.52,11.101,11.101,313,0
20170228,11.1,12.5,11.1,12.5,110,0
20170301,11.06,12.5,11.06,12.5,10,0
20170303,11.08,12.5,11.08,12.5,200,0
20170306,11.11,11.11,10.22,10.22,740,0
20170307,10.22,10.8,10.22,10.8,88,0
20170308,10.8,10.81,9,10.01,776,0
20170309,10,11.5,10,11.5,130,0
20170310,10,11.2,10,11.2,50,0
20170313,10,11.675,10,11.675,100,0
20170314,10.5,11.8,10.5,11.8,443,0
20170315,11.25,11.399,11.25,11.399,284,0
20170320,11.1,11.1,11.1,11.1,80,0
20170322,11.1,11.1,11.1,11.1,300,0
20170323,11.1,11.1,11.1,11.1,11,0
