Date,Open,High,Low,Close,Volume,OpenInt
20070410,1.3906,1.3906,1.3906,1.3906,2848,0
20070411,1.3221,1.3221,1.3221,1.3221,477,0
20070418,1.4102,1.4102,1.4102,1.4102,7148,0
20070423,1.4298,1.4298,1.4298,1.4298,952,0
20070427,1.4298,1.4298,1.4298,1.4298,8561,0
20070607,1.4298,1.4298,1.4298,1.4298,1427,0
20070621,1.469,1.469,1.469,1.469,4289,0
20070724,1.7432,1.7432,1.7432,1.7432,953,0
20070730,1.5179,1.5179,1.5179,1.5179,8538,0
20070815,1.469,1.469,1.469,1.469,8577,0
20070816,1.5179,1.5179,1.5179,1.5179,2846,0
20070820,1.6354,1.6354,1.6354,1.6354,1905,0
20070822,1.4984,1.4984,1.4984,1.4984,1430,0
20070823,1.5081,1.5081,1.5081,1.5081,5215,0
20070824,1.5012,1.5012,1.4697,1.4886,80018,0
20070827,1.4984,1.4984,1.4372,1.4984,2369,0
20070828,1.4277,1.4592,1.4277,1.4592,55727,0
20070829,1.4109,1.4298,1.4087,1.4298,52791,0
20070830,1.4102,1.4102,1.4102,1.4102,14274,0
20070831,1.42,1.42,1.42,1.42,1429,0
20070903,1.4786,1.5375,1.4786,1.5375,16143,0
20070904,1.5752,1.7852,1.5752,1.7432,171887,0
20070905,1.7864,1.8727,1.7464,1.8411,142102,0
20070906,1.8388,2.0783,1.8388,2.0174,128482,0
20070907,1.9741,1.995,1.8901,1.8901,184278,0
20070910,1.9321,2.0355,1.9194,1.9194,271656,0
20070911,1.9207,2.0384,1.9207,2.0174,63291,0
20070912,2.0174,2.0489,2.0174,2.0174,48538,0
20070913,2.056,2.2036,2.0348,2.0369,207240,0
20070914,2.1447,2.1447,2.1447,2.1447,3805,0
20070917,2.1462,2.1672,2.1251,2.1251,26140,0
20070918,2.1661,2.2818,2.1661,2.2818,7608,0
20070919,2.3161,2.5266,2.3161,2.5266,34670,0
20070920,2.448,2.448,2.1265,2.1643,48542,0
20070921,2.2554,2.2554,2.2133,2.2133,4744,0
20070924,2.266,2.266,2.2133,2.2133,8540,0
20070925,2.2133,2.2133,2.1731,2.2133,13757,0
20070926,2.1507,2.1907,2.0664,2.0664,82997,0
20070927,2.0511,2.0511,1.9038,2.0174,41832,0
20070928,1.9579,1.9978,1.9262,1.9978,10926,0
20071003,2.0076,2.0076,2.0076,2.0076,5708,0
20071004,1.9747,2.0272,1.9747,2.0272,5237,0
20071008,2.0076,2.0076,2.0076,2.0076,476,0
20071009,2.0159,2.1838,2.0159,2.1838,39050,0
20071010,2.2245,2.2245,2.2035,2.2035,11856,0
20071012,2.2426,2.2426,2.2426,2.2426,1429,0
20071015,2.2406,2.2426,2.2406,2.2426,9048,0
20071016,2.2048,2.2048,2.1838,2.1838,3334,0
20071017,2.2141,2.2141,2.2035,2.2035,5691,0
20071018,2.2474,2.5462,2.2474,2.5462,172027,0
20071019,2.5466,2.5466,2.3678,2.3993,67469,0
20071022,2.3993,2.4204,2.3993,2.3993,44188,0
20071023,2.3982,2.556,2.3982,2.556,47060,0
20071024,2.5554,2.5658,2.5554,2.5658,32333,0
20071025,2.6319,2.9478,2.6319,2.9478,52718,0
20071026,3.0207,3.0207,2.8733,2.9576,32304,0
20071029,3.014,3.0456,3.0014,3.0456,32285,0
20071030,3.0419,3.3786,3.0419,3.3786,73156,0
20071031,3.4286,3.5758,3.2709,3.2709,59425,0
20071101,3.1436,3.1436,3.1436,3.1436,11414,0
20071102,3.0703,3.0703,2.9547,2.9967,25678,0
20071105,2.996,3.0065,2.996,3.0065,10464,0
20071106,2.9975,2.9975,2.9175,2.9576,29950,0
20071107,2.9597,2.9597,2.8754,2.9281,57914,0
20071108,2.8792,2.8792,2.8792,2.8792,1428,0
20071109,2.8574,2.889,2.8574,2.889,7615,0
20071112,2.8814,2.8814,2.8498,2.8498,9985,0
20071113,2.8365,2.889,2.8259,2.889,20465,0
20071114,2.9057,2.9478,2.9057,2.9478,4274,0
20071115,2.9057,2.9478,2.9057,2.9478,2375,0
20071116,2.9478,2.9478,2.9478,2.9478,9023,0
20071119,2.9004,2.9004,2.7323,2.7323,62329,0
20071121,2.6427,2.6427,2.6343,2.6343,31317,0
20071122,2.6329,2.6539,2.6329,2.6539,25638,0
20071123,2.7081,2.7081,2.6343,2.6343,5220,0
20071126,2.5689,2.6848,2.5479,2.6637,40366,0
20071127,2.6468,2.7812,2.6468,2.7812,29039,0
20071128,2.7273,2.938,2.7273,2.938,7597,0
20071129,2.8813,2.997,2.8792,2.8792,10460,0
20071130,2.8827,3.0849,2.8827,3.0849,16147,0
20071203,3.1042,3.1042,2.938,2.938,25659,0
20071204,2.9009,2.9009,2.8694,2.8694,1902,0
20071205,2.8498,2.9024,2.8498,2.8498,2853,0
20071206,2.8205,2.8205,2.8205,2.8205,2853,0
20071207,2.8952,2.9478,2.8952,2.9478,23272,0
20071210,2.891,2.891,2.8679,2.889,14754,0
20071211,2.9183,2.9183,2.9183,2.9183,4746,0
20071212,2.9415,2.9415,2.8596,2.8596,9043,0
20071213,2.84,2.84,2.84,2.84,11425,0
20071217,2.8208,2.8396,2.6188,2.7029,84624,0
20071218,2.6754,2.9281,2.6754,2.9281,28482,0
20071219,2.922,2.9429,2.8694,2.8694,23310,0
20071220,2.933,2.9478,2.933,2.9478,1899,0
20071221,2.889,2.889,2.889,2.889,476,0
20071227,2.9301,2.9869,2.9239,2.9869,14738,0
20071228,2.9869,2.9869,2.9869,2.9869,6656,0
20080102,2.9539,3.017,2.9434,3.0065,3805,0
20080103,2.9373,2.9478,2.9373,2.9478,1424,0
20080104,2.9333,3.1436,2.9333,3.1436,19974,0
20080107,3.1227,3.4486,3.1227,3.4276,37093,0
20080108,3.408,3.408,3.408,3.408,21391,0
20080109,3.4508,3.4508,3.3982,3.3982,12357,0
20080110,3.4101,3.4373,3.4101,3.4373,1902,0
20080111,3.4073,3.4178,3.4073,3.4178,2853,0
20080114,3.3765,3.408,3.3659,3.408,28046,0
20080115,3.3982,3.3982,3.3982,3.3982,1426,0
20080116,3.4052,3.4472,3.3843,3.4178,36157,0
20080117,3.4081,3.4081,3.3786,3.3786,3801,0
20080118,3.3793,3.3982,3.3793,3.3982,24698,0
20080121,3.4013,3.4118,2.938,2.938,141023,0
20080122,2.7127,2.7338,1.9999,2.7127,256316,0
20080123,2.8309,2.9994,2.8205,2.8205,60339,0
20080124,2.9057,2.9478,2.8214,2.9478,28971,0
20080125,2.9478,2.9478,2.9478,2.9478,1424,0
20080128,2.9869,2.9869,2.9869,2.9869,2852,0
20080129,2.9869,2.9869,2.9869,2.9869,4279,0
20080130,3.0497,3.1338,3.0497,3.1338,14264,0
20080131,3.0947,3.0947,3.0947,3.0947,7125,0
20080201,3.0554,3.0554,3.0554,3.0554,474,0
20080204,3.0462,3.1827,3.0462,3.1827,30465,0
20080205,3.3426,3.7,3.3426,3.5549,44714,0
20080206,3.4766,3.4766,3.4766,3.4766,474,0
20080207,3.5733,3.5733,3.4472,3.4472,7137,0
20080208,3.4497,3.5549,3.4497,3.5549,1427,0
20080211,3.6361,3.7097,3.5752,3.5941,10944,0
20080212,3.684,3.7997,3.684,3.7997,27077,0
20080213,3.9982,4.1033,3.9982,4.1033,22336,0
20080214,4.099,4.7087,4.099,4.593,67078,0
20080215,4.9446,5.681,4.7888,4.7888,69389,0
20080218,5.1853,5.2589,5.059,5.2589,39932,0
20080219,5.3622,5.3727,5.0468,5.1414,54688,0
20080220,5.0525,5.1578,5.0525,5.0631,12351,0
20080221,5.0449,5.171,4.9397,5.0239,43291,0
20080222,4.9441,4.9651,4.881,4.9651,6655,0
20080225,4.8006,4.8006,4.1058,4.6321,93563,0
20080226,4.6165,4.6165,4.2169,4.4167,39464,0
20080227,4.2067,4.2698,4.2067,4.2698,23772,0
20080228,4.2121,4.4226,4.2121,4.3384,15669,0
20080229,4.3089,4.351,4.2774,4.3089,11418,0
20080303,4.2106,4.358,4.2106,4.358,9975,0
20080304,4.3163,4.3163,4.2111,4.2111,12348,0
20080305,4.2074,4.26,4.2074,4.26,4279,0
20080306,4.2111,4.2111,4.2111,4.2111,7599,0
20080307,4.2111,4.2111,4.2111,4.2111,1899,0
20080310,4.2953,4.2953,4.2111,4.2111,35621,0
20080311,4.2059,4.2796,4.2059,4.2796,7133,0
20080312,4.3147,4.704,4.3147,4.5146,15204,0
20080313,4.6542,4.7595,4.6542,4.7595,2849,0
20080314,4.6476,4.9945,4.6476,4.9945,22350,0
20080317,5.0162,5.0162,4.4167,4.4167,38038,0
20080318,4.5822,4.8345,4.5822,4.7399,18079,0
20080319,4.9405,5.0141,4.9405,5.0141,29967,0
20080320,5.0459,5.0459,4.8672,4.8672,14745,0
20080325,5.0298,5.0298,4.8403,4.9456,8553,0
20080326,4.9403,4.9403,4.7301,4.7301,21881,0
20080327,4.6191,4.6191,4.5244,4.5244,5702,0
20080328,4.5328,4.5643,4.4381,4.5244,9509,0
20080401,4.4316,4.4316,4.3369,4.358,11874,0
20080402,4.3089,4.3089,4.2039,4.3089,9515,0
20080403,4.2278,4.5538,4.2278,4.5538,25198,0
20080404,4.569,4.6321,4.569,4.6321,3324,0
20080407,4.6464,4.7158,4.5474,4.5832,9975,0
20080408,4.6517,4.6517,4.6517,4.6517,1426,0
20080409,4.6604,4.6604,4.5342,4.5342,6654,0
20080410,4.4805,4.5225,4.4069,4.4069,8082,0
20080411,4.4271,4.4271,4.4167,4.4167,1427,0
20080414,4.2532,4.2532,4.1374,4.2111,15673,0
20080415,4.0673,4.3089,4.0673,4.3089,19981,0
20080416,4.3013,4.3013,4.2698,4.2698,7132,0
20080417,4.2532,4.3185,4.1585,4.2111,31821,0
20080418,4.2683,4.2894,4.2683,4.2894,3329,0
20080422,4.2695,4.4167,4.1854,4.4167,31381,0
20080423,4.5409,4.7301,4.5409,4.7301,13318,0
20080424,4.836,4.836,4.7098,4.7203,14744,0
20080425,4.7354,4.7986,4.7144,4.7986,4277,0
20080428,4.7159,4.779,4.7159,4.779,950,0
20080429,4.8378,4.8378,4.8378,4.8378,3328,0
20080430,4.835,4.877,4.835,4.877,5708,0
20080502,4.8799,4.943,4.8378,4.8378,14738,0
20080505,4.8766,4.8766,4.5969,4.7105,25679,0
20080506,4.6684,4.7399,4.6684,4.7399,1427,0
20080507,4.7037,4.7037,4.6301,4.6321,11879,0
20080508,4.7173,4.8393,4.7004,4.8183,33269,0
20080509,4.8403,4.9456,4.8403,4.9456,22333,0
20080512,4.9412,5.0043,4.8886,5.0043,13316,0
20080513,5.0111,5.1481,5.0111,5.0532,32771,0
20080514,5.0848,5.1481,5.0532,5.0532,19472,0
20080515,5.0888,5.1414,5.0047,5.1414,12365,0
20080516,5.1395,5.1395,4.9608,5.0239,20456,0
20080519,5.0692,5.1218,5.0271,5.1218,11886,0
20080520,5.1395,5.1395,5.0239,5.0239,3330,0
20080521,5.0743,5.1481,5.0512,5.0532,40370,0
20080522,5.1481,5.1481,5.0532,5.0532,1899,0
20080523,5.1355,5.1374,5.0532,5.0532,28971,0
20080526,5.0069,5.112,5.0069,5.112,26144,0
20080527,5.1127,5.1127,5.1022,5.1022,21863,0
20080528,4.8284,4.8389,4.6516,4.6811,67970,0
20080529,4.7865,4.7865,4.452,4.6224,34697,0
20080530,4.569,4.8533,4.5291,4.6321,65067,0
20080602,4.8159,4.9357,4.8159,4.9357,4280,0
20080603,4.9445,5.1127,4.9445,5.1022,58460,0
20080604,5.1059,5.1164,5.0532,5.0532,16148,0
20080605,5.0482,5.1112,4.8378,4.8378,35180,0
20080606,4.7986,4.7986,4.7986,4.7986,2851,0
20080609,4.7327,4.8378,4.7327,4.8378,4279,0
20080610,4.8378,4.8378,4.8378,4.8378,476,0
20080611,4.7544,4.8281,4.7544,4.8281,3328,0
20080612,4.691,4.691,4.691,4.691,2852,0
20080613,4.8213,4.8634,4.7203,4.7203,5700,0
20080616,4.6615,4.6615,4.6615,4.6615,1426,0
20080617,4.6252,4.7093,4.5202,4.5832,13318,0
20080618,4.5218,4.5429,4.4167,4.4167,12362,0
20080619,4.4559,4.4559,4.4139,4.4559,1903,0
20080620,4.3115,4.4167,4.3115,4.4167,1902,0
20080623,4.2929,4.417,4.2929,4.2991,19017,0
20080624,4.2789,4.2789,4.2453,4.26,23768,0
20080625,4.2527,4.358,4.2484,4.358,9975,0
20080626,4.2484,4.358,4.2484,4.358,4750,0
20080627,4.26,4.26,4.26,4.26,476,0
20080630,4.3126,4.3126,4.26,4.26,951,0
20080701,4.2569,4.2569,3.9858,3.9858,24260,0
20080702,3.9986,3.9986,3.8092,3.9565,31362,0
20080703,3.8923,3.8923,3.741,3.741,49960,0
20080704,3.8076,3.8076,3.7508,3.7508,10458,0
20080707,3.7533,3.8585,3.7533,3.8585,6658,0
20080709,3.9353,3.9353,3.7899,3.7899,950,0
20080710,3.8879,3.8879,3.8879,3.8879,1428,0
20080711,3.8695,3.9956,3.8695,3.9956,3329,0
20080714,3.8292,3.8292,3.787,3.8292,7130,0
20080715,3.8459,3.8879,3.8248,3.8879,12372,0
20080716,3.7899,3.7899,3.6826,3.7899,28971,0
20080717,3.7914,3.7914,3.6651,3.7703,10445,0
20080718,3.7782,3.7782,3.7214,3.7214,10452,0
20080721,3.7879,3.7899,3.7879,3.7899,14256,0
20080722,3.841,3.8725,3.841,3.8683,19956,0
20080723,3.936,4.2411,3.936,4.2307,32783,0
20080724,4.2559,4.2559,4.0983,4.1718,17129,0
20080725,4.1665,4.1665,4.0402,4.1033,5703,0
20080728,4.1683,4.2313,4.1472,4.2209,12351,0
20080818,4.4591,4.5538,4.4171,4.5538,13312,0
20080819,4.5202,4.5832,4.5202,4.5832,18551,0
20080820,4.5622,4.5832,4.5622,4.5832,9037,0
20080821,4.5215,4.5637,4.5215,4.5637,1427,0
20080822,4.5215,4.5637,4.5215,4.5637,5706,0
20080825,4.5637,4.5847,4.5637,4.5637,9986,0
20080826,4.5811,4.5832,4.5622,4.5832,4281,0
20080827,4.5852,4.5852,4.5832,4.5832,7132,0
20080829,4.5911,4.5911,4.5342,4.5342,6172,0
20080902,4.5517,4.5832,4.5517,4.5832,24258,0
20080903,4.5019,4.584,4.5019,4.544,26144,0
20080904,4.5874,4.5874,4.5832,4.5832,15683,0
20080905,4.5477,4.5477,4.4657,4.4657,9974,0
20080908,4.542,4.544,4.4914,4.544,28997,0
20080909,4.5398,4.544,4.5398,4.544,23292,0
20080910,4.5251,4.5251,4.5146,4.5146,9978,0
20080911,4.5464,4.5464,4.4853,4.4853,2849,0
20080912,4.5461,4.5461,4.544,4.544,8552,0
20080915,4.5414,4.5414,4.4362,4.4362,9988,0
20080916,4.416,4.4265,4.2898,4.4265,6182,0
20080917,4.4251,4.4566,4.4251,4.4461,15222,0
20080918,4.2329,4.2329,4.1086,4.2013,21844,0
20080919,4.1323,4.1323,3.9115,3.9956,12840,0
20080922,3.9982,4.1033,3.9982,4.1033,19009,0
20080924,3.9806,4.0543,3.9806,4.0543,2849,0
20080925,4.0016,4.0543,4.0016,4.0543,3323,0
20080926,4.0599,4.186,4.0599,4.1229,23294,0
20080929,4.0642,4.0642,3.9378,4.0642,26593,0
20080930,3.9032,3.9768,3.051,3.4276,240482,0
20081001,3.3311,3.4572,3.31,3.31,27597,0
20081002,3.3171,3.5803,3.3171,3.3297,33238,0
20081003,3.3133,3.408,3.3133,3.408,3803,0
20081006,3.4326,3.4326,3.1589,3.1926,32764,0
20081007,3.1578,3.1578,2.9473,3.0947,50352,0
20081008,2.9478,2.9478,2.5898,2.9478,37995,0
20081009,2.8431,2.9486,2.8431,2.938,17568,0
20081010,2.7391,2.7812,2.539,2.7812,26103,0
20081013,2.8574,3.5508,2.8574,3.4668,94237,0
20081014,3.7794,4.1058,3.7794,3.7899,112561,0
20081015,3.7053,3.8736,3.4633,3.6822,27090,0
20081016,3.3617,3.4668,3.2167,3.4668,29509,0
20081017,3.3659,3.408,3.3659,3.408,1901,0
20081020,3.4736,3.5241,3.4315,3.5157,11875,0
20081021,3.5532,3.7214,3.5532,3.7214,22355,0
20081022,3.7199,3.741,3.7199,3.741,1428,0
20081023,3.7272,3.7272,3.643,3.643,9972,0
20081024,3.5615,3.5615,3.1518,3.3199,34267,0
20081027,3.1827,3.1827,3.1513,3.1534,4759,0
20081028,3.2149,3.3201,3.1519,3.1729,8566,0
20081029,3.2792,3.3002,3.2792,3.3002,6184,0
20081030,3.3513,3.4668,3.2568,3.4668,7140,0
20081031,3.6332,3.6332,3.6332,3.6332,474,0
20081103,3.6271,3.6271,3.4062,3.5745,24730,0
20081104,3.634,3.6445,3.5392,3.6235,10443,0
20081105,3.5325,3.5745,3.5325,3.5745,12366,0
20081106,3.5745,3.5745,3.5745,3.5745,2854,0
20081107,3.2215,3.3794,3.2215,3.3688,31347,0
20081110,3.4265,3.4265,3.2792,3.3002,11417,0
20081111,3.2528,3.3054,3.2213,3.2317,30399,0
20081112,3.222,3.222,3.222,3.222,6178,0
20081113,3.2407,3.2956,3.2407,3.2513,12347,0
20081114,3.2162,3.2709,3.2162,3.2709,2379,0
20081117,3.3096,3.3096,3.1729,3.1729,9994,0
20081118,3.1142,3.2278,3.0091,3.1142,24712,0
20081120,3.0525,3.0947,2.9915,3.0947,15200,0
20081121,3.0435,3.0751,3.0435,3.0751,15193,0
20081124,2.9967,2.9967,2.9967,2.9967,1902,0
20081125,2.9252,2.9673,2.8622,2.9673,10454,0
20081126,2.9437,2.9437,2.8596,2.8596,14743,0
20081127,2.8642,3.0538,2.8642,2.938,14719,0
20081128,2.9554,2.9869,2.9554,2.9869,3328,0
20081201,2.9437,2.9437,2.8596,2.8596,3329,0
20081202,2.8233,2.8971,2.7812,2.7812,15662,0
20081203,2.7812,2.7812,2.7812,2.7812,2848,0
20081204,2.7812,2.7812,2.7812,2.7812,474,0
20081205,2.8147,2.8987,2.8147,2.8987,2856,0
20081208,2.8839,2.9281,2.8839,2.9281,3798,0
20081209,2.9253,2.938,2.9253,2.938,3323,0
20081210,2.8358,2.8987,2.8358,2.8987,4285,0
20081211,2.8987,2.8987,2.8358,2.8987,3809,0
20081212,2.9031,2.9031,2.84,2.84,6180,0
20081215,3.1513,3.1722,3.0462,3.124,69970,0
20081217,3.1609,3.2452,3.0554,3.0554,27525,0
20081218,3.3426,3.3426,3.1534,3.1534,19503,0
20081219,3.1578,3.1578,3.0315,3.0947,17575,0
20081222,2.9471,3.0101,2.9471,2.9576,27078,0
20081223,3.0554,3.0765,3.0344,3.0554,22780,0
20081229,3.1744,3.2164,3.1072,3.1534,14746,0
20081230,3.2198,3.2641,3.1925,3.222,8073,0
20090102,3.2611,3.2611,3.2611,3.2611,951,0
20090105,3.3421,3.4472,3.3421,3.4472,19981,0
20090106,3.3649,3.5647,3.3649,3.5647,3804,0
20090107,3.5488,3.5488,3.4962,3.4962,950,0
20090108,3.5755,3.6387,3.4178,3.4178,6181,0
20090109,3.4483,3.5745,3.4483,3.5745,8561,0
20090113,3.4718,3.4718,3.3982,3.3982,1426,0
20090114,3.5236,3.5236,3.408,3.408,3328,0
20090119,3.3032,3.3032,3.2611,3.2611,2852,0
20090121,3.2085,3.2822,3.2001,3.2611,3327,0
20090123,3.1995,3.2122,3.168,3.2122,14252,0
20090127,3.2092,3.2807,3.2092,3.2807,4280,0
20090128,3.3009,3.3325,3.1664,3.2905,29964,0
20090129,3.4132,3.4132,3.3395,3.3395,7594,0
20090130,3.3452,3.3452,3.2401,3.2611,9031,0
20090202,3.3272,3.3272,3.222,3.222,5699,0
20090203,3.3636,3.3636,3.0693,3.1534,17124,0
20090204,3.1849,3.1849,3.1534,3.1534,8087,0
20090205,3.1513,3.1534,3.1114,3.1534,8087,0
20090206,3.1458,3.1458,3.0511,3.1142,8080,0
20090209,3.1478,3.1542,3.1436,3.1436,4749,0
20090210,3.05,3.05,2.9869,2.9869,13311,0
20090212,3.0751,3.0751,3.0751,3.0751,950,0
20090213,3.0261,3.0261,3.0261,3.0261,476,0
20090217,3.0133,3.0554,3.0133,3.0554,2847,0
20090218,3.0109,3.0109,2.9478,2.9478,16148,0
20090219,2.9576,2.9576,2.9576,2.9576,474,0
20090225,2.8372,2.8792,2.8267,2.8792,13323,0
20090227,2.7972,2.8498,2.7972,2.8498,6181,0
20090302,2.8056,2.8792,2.8056,2.8792,5710,0
20090303,2.7479,2.7479,2.6637,2.6637,14721,0
20090304,2.7225,2.7225,2.7225,2.7225,1427,0
20090305,2.7391,2.7812,2.7391,2.7812,25629,0
20090306,2.7171,2.7171,2.6539,2.6539,4273,0
20090310,2.7812,2.7812,2.7812,2.7812,1898,0
20090311,2.7371,2.9478,2.7371,2.9478,28497,0
20090312,2.9252,2.9673,2.9252,2.9673,12830,0
20090316,2.9606,3.0554,2.9606,3.0554,15661,0
20090318,3.0261,3.0261,3.0261,3.0261,1428,0
20090319,3.0358,3.0358,3.0358,3.0358,2379,0
20090320,3.0436,3.1173,3.0415,3.0456,21365,0
20090323,3.1114,3.1534,3.1114,3.1534,13795,0
20090324,3.1534,3.1534,3.1534,3.1534,474,0
20090325,3.1085,3.1338,3.0834,3.1338,10460,0
20090326,3.1534,3.1534,3.1534,3.1534,8562,0
20090330,3.0867,3.0867,2.9478,2.9478,39420,0
20090331,2.9547,2.9967,2.9547,2.9967,3329,0
20090401,2.9764,2.9869,2.9448,2.9869,4279,0
20090402,2.9852,3.1534,2.9138,3.1534,45665,0
20090403,3.1436,3.1436,3.1436,3.1436,1902,0
20090406,3.0707,3.1338,3.0707,3.1338,6181,0
20090408,3.1044,3.1044,3.1044,3.1044,1426,0
20090409,3.1142,3.1142,3.1142,3.1142,1426,0
20090414,3.021,3.0947,3.021,3.0947,950,0
20090415,2.9924,3.0535,2.9713,3.0261,45113,0
20090416,2.9873,3.1554,2.9873,3.1534,75157,0
20090417,3.1729,3.1729,3.171,3.1729,12849,0
20090420,3.1729,3.1729,3.1729,3.1729,2380,0
20090421,3.1349,3.278,3.1138,3.2611,26616,0
20090422,3.2435,3.2709,3.2435,3.2709,2374,0
20090423,3.2659,3.4866,3.2659,3.3688,42798,0
20090424,3.406,3.406,3.2588,3.3199,18549,0
20090427,3.3032,3.3452,3.2611,3.2611,8555,0
20090428,3.2678,3.3395,3.2678,3.3395,8544,0
20090429,3.3591,3.3591,3.3591,3.3591,2849,0
20090430,3.2955,3.2955,3.2807,3.2807,9973,0
20090504,3.3232,3.4282,3.2831,3.4178,24248,0
20090505,3.4143,3.5508,3.4143,3.4668,13326,0
20090506,3.5603,3.6235,3.5603,3.6235,9493,0
20090507,3.6626,3.6626,3.6626,3.6626,9976,0
20090508,3.7899,3.8215,3.6952,3.7899,17098,0
20090511,3.8732,3.8732,3.7617,3.8292,16626,0
20090512,3.8039,3.8123,3.7303,3.7997,8076,0
20090513,4.3144,4.5482,4.161,4.4755,19238,0
20090514,4.5355,4.8084,4.5355,4.8084,39244,0
20090515,4.8157,5.0239,4.7896,5.0239,20745,0
20090518,5.2066,5.3889,4.988,5.3862,28425,0
20090519,5.4674,5.725,5.4128,5.5429,48803,0
20090520,5.5429,5.5429,5.5169,5.5429,1537,0
20090521,5.4384,5.5165,5.4254,5.4254,3459,0
20090522,5.462,5.631,5.462,5.631,4613,0
20090525,5.6429,5.6872,5.5233,5.5233,4231,0
20090526,5.5321,5.5321,4.9464,5.2198,38795,0
20090527,5.3889,5.3889,5.0999,5.1805,10371,0
20090528,5.1469,5.1469,4.796,4.9259,42701,0
20090529,4.7864,5.0674,4.7734,4.9945,33829,0
20090601,4.9921,5.2002,4.9921,5.2002,15770,0
20090602,5.0732,5.1512,4.917,5.1512,7688,0
20090604,4.9846,4.9846,4.9456,4.9456,6531,0
20090605,4.9001,4.9651,4.8377,4.9651,4616,0
20090608,4.8735,4.8735,4.7956,4.8476,1539,0
20090609,4.8481,4.9651,4.8481,4.9651,7694,0
20090610,5.0598,5.0729,5.0598,5.0729,2691,0
20090612,4.9651,4.9651,4.9651,4.9651,1154,0
20090615,5.0104,5.0104,4.9063,4.9063,8067,0
20090616,4.8672,4.8672,4.8672,4.8672,385,0
20090617,4.8672,4.8672,4.8672,4.8672,385,0
20090622,5.0027,5.0027,4.9456,4.9456,3463,0
20090623,4.9945,4.9945,4.9945,4.9945,1538,0
20090624,5.0078,5.0729,5.0078,5.0729,2691,0
20090626,4.9715,4.9715,4.9456,4.9456,5772,0
20090629,4.9456,4.9456,4.9456,4.9456,385,0
20090630,5.0827,5.0827,5.0436,5.0827,12694,0
20090703,4.9749,4.9749,4.9749,4.9749,1154,0
20090706,4.9735,5.0827,4.9735,5.0827,385,0
20090707,5.0729,5.0729,4.9766,5.0729,4229,0
20090708,5.0726,5.0726,4.9945,4.9945,2691,0
20090710,4.8805,4.9456,4.8805,4.9456,6531,0
20090713,4.9393,5.0043,4.9367,5.0043,3847,0
20090714,5.018,5.161,5.018,5.161,18462,0
20090715,5.1671,5.2608,5.0239,5.0239,14214,0
20090716,5.07,5.161,5.07,5.161,11539,0
20090720,5.3373,5.4674,5.3242,5.3373,9602,0
20090721,5.381,5.6461,5.381,5.6408,18850,0
20090722,5.6415,5.9795,5.5115,5.7975,52696,0
20090723,5.9735,6.0126,5.8564,5.8955,23820,0
20090724,5.8881,6.0311,5.6022,5.7192,31159,0
20090727,5.7261,5.9213,5.7261,5.8563,7301,0
20090728,5.7971,5.8465,5.7971,5.8465,1154,0
20090729,5.849,5.849,5.615,5.68,16156,0
20090730,5.68,5.68,5.68,5.68,769,0
20090731,5.6833,5.7094,5.6833,5.7094,8074,0
20090803,5.5924,5.7224,5.5299,5.7094,5382,0
20090804,5.4862,5.4862,4.7062,5.2002,52307,0
20090805,5.1329,5.4058,5.1329,5.4058,14621,0
20090806,5.4646,5.4646,5.4646,5.4646,1153,0
20090810,5.4735,5.4735,5.2421,5.2785,7308,0
20090812,5.161,5.161,5.161,5.161,383,0
20090814,5.2056,5.4058,5.2056,5.4058,6922,0
20090817,5.4612,5.4612,5.2687,5.2687,6918,0
20090818,5.2198,5.2198,5.2198,5.2198,1153,0
20090819,5.2131,5.2131,5.2002,5.2002,1539,0
20090820,5.2035,5.2296,5.1905,5.2296,16527,0
20090821,5.2004,5.2393,5.1379,5.2393,10384,0
20090824,5.3308,5.3569,5.2529,5.3569,3846,0
20090825,5.3538,5.4423,5.2499,5.4058,23472,0
20090826,5.3605,5.4646,5.3605,5.4646,6149,0
20090827,5.4254,5.4254,5.4254,5.4254,383,0
20090828,5.2562,5.4254,5.173,5.4254,10377,0
20090831,5.3303,5.3303,5.2393,5.2393,3077,0
20090901,5.1941,5.3373,5.1941,5.3373,3456,0
20090902,5.1481,5.3172,5.0961,5.2002,16923,0
20090903,5.1352,5.2002,5.1352,5.2002,769,0
20090904,5.2034,5.2034,5.1904,5.1904,2691,0
20090907,5.3215,5.3345,5.298,5.298,12297,0
20090908,5.1981,5.3177,5.1981,5.3177,4617,0
20090909,5.2785,5.2915,5.2785,5.2785,5769,0
20090910,5.2785,5.2785,5.2785,5.2785,385,0
20090911,5.3666,5.3666,5.3666,5.3666,2309,0
20090914,5.4156,5.4156,5.4156,5.4156,769,0
20090915,5.4156,5.4156,5.4156,5.4156,1154,0
20090916,5.4462,5.7192,5.3033,5.7192,15386,0
20090917,5.7227,5.7227,5.5797,5.6213,8458,0
20090918,5.5572,5.9346,5.5572,5.9346,16136,0
20090921,5.9786,6.3166,5.9786,6.3166,53090,0
20090922,6.1083,6.2772,6.0824,6.2382,26546,0
20090923,6.2902,6.2902,6.2382,6.2382,1154,0
20090924,6.1929,6.2969,6.1149,6.2969,9992,0
20090925,6.2943,6.4893,6.1902,6.4243,29605,0
20090928,6.4532,6.5053,6.4402,6.5026,19983,0
20090929,6.4018,6.4929,6.3784,6.4929,6533,0
20090930,6.4012,6.5026,6.4012,6.5026,3459,0
20091001,6.5024,6.5024,6.3334,6.4635,24221,0
20091002,6.4493,6.4831,6.3322,6.4831,5383,0
20091005,6.4537,6.4797,6.4276,6.4537,20751,0
20091006,6.4863,6.6033,6.3875,6.4733,46929,0
20091007,6.6311,7.5472,6.6311,7.5211,58791,0
20091008,7.3903,8.4572,7.3903,8.0696,36508,0
20091009,7.8065,8.5872,7.4422,8.1969,39967,0
20091012,7.7791,8.2995,7.7531,7.8051,134143,0
20091013,7.8057,7.9619,7.7146,7.9619,39587,0
20091014,8.0896,8.9999,8.0896,8.9999,37676,0
20091015,9.0814,9.3677,7.8741,9.0685,85315,0
20091016,9.1086,9.754,8.9654,9.754,34968,0
20091019,9.759,9.759,8.9056,9.754,32278,0
20091020,9.724,11.97,9.628,10.929,64561,0
20091021,10.931,11.839,10.421,11.683,97999,0
20091022,11.807,12.613,11.469,11.741,73443,0
20091023,11.961,12.403,11.961,12.065,30766,0
20091026,11.965,12.745,11.965,12.172,57669,0
20091027,12.361,12.621,10.54,10.675,129118,0
20091028,10.66,11.7,10.609,11.154,21923,0
20091029,11.34,11.35,10.859,11.35,7690,0
20091030,11.187,12.097,11.187,11.967,38823,0
20091102,12.223,12.485,11.991,12.212,29218,0
20091103,12.209,12.209,11.675,12.144,17690,0
20091104,11.968,12.215,11.968,12.202,11530,0
20091105,12.193,12.193,11.831,12.016,11535,0
20091106,11.911,12.212,11.676,12.212,15767,0
20091109,12.198,12.458,11.938,11.938,8074,0
20091110,11.772,11.981,11.772,11.967,16144,0
20091111,11.831,12.065,11.207,11.438,78455,0
20091112,11.183,11.677,10.949,10.949,94207,0
20091113,10.921,11.441,10.921,11.39,15382,0
20091116,11.214,11.252,11.136,11.252,24215,0
20091117,11.147,11.316,11.135,11.135,62270,0
20091118,11.185,11.55,10.928,11.37,59575,0
20091119,11.265,11.305,10.927,11.213,33825,0
20091120,11.19,11.242,11.125,11.125,35352,0
20091123,11.232,11.232,9.75,10.4,116535,0
20091124,10.459,10.535,10.459,10.459,34208,0
20091125,10.539,10.929,10.468,10.929,3459,0
20091126,11.027,11.027,11.027,11.027,1154,0
20091127,10.461,10.665,10.461,10.665,9227,0
20091130,10.668,10.694,10.668,10.694,2691,0
20091201,10.526,10.773,10.526,10.773,383,0
20091202,10.926,10.978,10.692,10.978,14607,0
20091203,10.988,11.066,10.988,11.066,4614,0
20091207,11.184,11.184,10.872,11.184,3461,0
20091208,11.303,11.757,11.303,11.703,17684,0
20091209,11.78,11.78,11.468,11.468,769,0
20091210,11.859,11.859,11.487,11.487,6149,0
20091211,11.708,11.83,11.45,11.83,769,0
20091214,11.453,11.702,11.453,11.546,11921,0
20091215,11.71,11.957,11.71,11.957,9607,0
20091216,11.553,11.553,11.448,11.448,14605,0
20091217,11.45,11.45,11.38,11.38,2307,0
20091218,11.449,11.605,11.245,11.605,9224,0
20091221,11.265,11.265,10.953,11.213,6150,0
20091223,11.057,11.174,10.797,11.174,14992,0
20091228,10.92,11.154,10.816,11.154,5770,0
20091229,10.809,11.135,10.797,11.135,11147,0
20091230,10.809,11.213,10.797,11.213,2691,0
20100104,10.562,10.978,10.161,10.978,26907,0
20100105,10.569,10.661,10.4,10.478,21153,0
20100106,10.531,10.645,10.456,10.645,1923,0
20100107,10.662,10.818,10.662,10.792,6922,0
20100108,10.665,10.769,10.665,10.665,4613,0
20100111,10.662,10.792,10.662,10.792,7691,0
20100112,10.798,11.448,10.667,11.37,11915,0
20100113,11.346,11.346,11.086,11.086,2690,0
20100114,11.188,11.448,11.149,11.448,3075,0
20100115,11.575,11.706,11.342,11.654,4613,0
20100118,11.615,11.615,11.615,11.615,1153,0
20100119,11.602,11.654,11.602,11.654,3076,0
20100120,11.371,11.527,11.371,11.527,3459,0
20100122,11.181,11.312,11.077,11.312,4231,0
20100125,11.239,11.239,11.213,11.213,5766,0
20100126,11.106,11.184,11.106,11.184,3461,0
20100127,11.188,11.448,11.089,11.448,5766,0
20100128,11.643,12.084,11.239,12.046,20372,0
20100129,12.045,12.18,11.837,11.967,30367,0
20100201,11.969,12.359,11.969,12.359,6149,0
20100202,12.35,12.379,12.092,12.379,9614,0
20100203,12.229,12.486,12.229,12.486,8456,0
20100204,12.486,12.553,12.124,12.124,3843,0
20100205,12.091,12.274,12.091,12.222,8076,0
20100208,12.49,12.49,12.437,12.437,4228,0
20100209,12.49,12.594,12.49,12.594,1153,0
20100210,12.488,12.593,12.124,12.124,3843,0
20100211,12.176,12.176,12.098,12.164,1538,0
20100212,12.154,12.154,11.719,11.733,12686,0
20100215,11.735,11.745,11.733,11.733,9611,0
20100216,11.938,12.016,11.938,12.016,1154,0
20100217,12.174,12.538,12.174,12.486,9995,0
20100218,12.62,12.751,12.62,12.751,8455,0
20100219,12.881,13.011,12.751,12.751,769,0
20100222,12.542,12.751,12.542,12.751,1153,0
20100223,12.751,12.751,12.55,12.673,8070,0
20100225,12.746,12.98,12.496,12.496,9227,0
20100226,12.615,13.006,12.615,13.006,17301,0
20100301,12.742,13.523,12.509,13.054,15382,0
20100302,13.509,13.652,13.448,13.652,4614,0
20100303,14.046,14.44,13.734,14.073,13839,0
20100304,13.532,14.039,13.232,13.25,8455,0
20100305,13.238,14.05,13.238,13.936,13067,0
20100308,14.258,14.31,13.936,13.936,3843,0
20100309,13.946,14.307,13.936,14.307,3459,0
20100310,14.311,14.717,14.077,14.337,11529,0
20100311,14.568,14.568,14.431,14.543,1153,0
20100312,14.305,14.307,14.305,14.307,2692,0
20100315,14.726,14.738,14.726,14.738,1153,0
20100316,14.826,14.904,14.463,14.826,7305,0
20100317,14.996,15.374,14.763,15.229,2691,0
20100318,15.344,15.344,15.033,15.033,15380,0
20100319,14.825,15.346,14.825,15.346,2692,0
20100322,15.553,15.553,14.955,14.984,8074,0
20100323,14.993,15.319,14.954,14.954,3461,0
20100324,15.345,15.371,14.976,15.189,4613,0
20100325,14.955,15.28,14.955,15.111,13841,0
20100326,15.111,15.111,15.084,15.111,769,0
20100329,14.883,14.883,14.047,14.307,22681,0
20100330,14.045,15.34,14.045,14.562,26150,0
20100331,14.902,14.954,14.824,14.954,1538,0
20100401,14.433,14.798,14.433,14.798,385,0
20100406,14.567,14.567,14.307,14.307,2307,0
20100407,14.31,14.31,14.053,14.053,4612,0
20100408,14.047,14.053,14.047,14.053,1153,0
20100409,14.055,14.055,12.906,13.603,24598,0
20100412,13.329,13.525,13.329,13.525,3461,0
20100413,13.343,13.782,13.343,13.525,3461,0
20100414,13.603,13.706,13.316,13.525,14610,0
20100415,13.42,13.498,13.329,13.367,16534,0
20100416,13.397,13.405,13.267,13.397,2691,0
20100419,13.471,13.471,13.367,13.367,1154,0
20100420,13.447,13.525,13.447,13.525,3076,0
20100421,13.632,13.632,13.554,13.632,6535,0
20100423,13.66,14.024,13.66,14.024,2691,0
20100426,14.044,14.044,14.044,14.044,1538,0
20100427,14.044,14.2,13.82,14.044,10382,0
20100428,13.693,13.693,13.446,13.446,5383,0
20100429,13.473,13.65,12.719,13.006,37293,0
20100430,13.196,13.652,13.004,13.652,17687,0
20100503,13.65,14.146,13.65,13.886,5383,0
20100504,13.578,13.994,13.578,13.994,769,0
20100505,13.53,13.53,13.14,13.27,9224,0
20100506,12.894,12.894,12.386,12.751,12682,0
20100507,11.702,12.611,11.702,12.016,18459,0
20100510,12.225,12.888,12.225,12.888,3845,0
20100511,13.288,13.288,12.719,13.006,6537,0
20100512,12.982,13.084,12.748,13.084,1538,0
20100513,13.108,13.652,13.108,13.652,3461,0
20100514,13.283,13.523,13.006,13.006,1154,0
20100517,13.007,13.42,13.007,13.319,9611,0
20100518,13.267,13.788,13.267,13.397,28832,0
20100519,13.527,13.788,13.384,13.397,24218,0
20100520,13.425,14.179,13.425,13.789,26138,0
20100521,14.188,14.298,14.188,14.298,19639,0
20100524,14.435,14.435,14.242,14.435,1092,0
20100526,14.028,14.798,14.028,14.798,13816,0
20100527,14.576,15.071,14.576,15.071,8363,0
20100528,14.846,14.846,14.846,14.846,363,0
20100531,14.69,14.69,14.69,14.69,1454,0
20100601,14.71,14.904,14.71,14.71,4365,0
20100602,14.846,14.846,14.571,14.846,3637,0
20100603,14.854,14.964,14.854,14.964,3272,0
20100604,14.957,15.27,14.875,15.131,5819,0
20100607,14.883,15.213,14.718,15.131,17448,0
20100608,15.095,15.274,14.847,15.15,9456,0
20100609,15.155,15.953,15.155,15.953,6545,0
20100610,15.949,16.224,15.949,15.963,8728,0
20100611,15.951,15.951,15.924,15.924,1818,0
20100614,16.067,16.502,16.067,16.502,3272,0
20100615,16.498,16.498,16.374,16.374,2545,0
20100616,16.384,16.56,16.225,16.56,28368,0
20100617,16.502,16.502,16.502,16.502,2181,0
20100618,16.56,16.56,16.56,16.56,1455,0
20100621,16.561,17.021,16.498,17.021,3273,0
20100622,17.105,17.105,17.05,17.05,6182,0
20100623,17.113,17.119,17.113,17.119,3636,0
20100624,17.08,17.201,17.046,17.187,5455,0
20100625,17.05,17.05,17.05,17.05,363,0
20100628,17.321,17.569,17.321,17.569,3274,0
20100629,17.598,17.598,17.241,17.598,1455,0
20100630,17.324,17.324,17.324,17.324,363,0
20100701,17.111,17.111,17.05,17.05,2182,0
20100702,17.103,17.103,16.691,17.021,6910,0
20100706,17.201,17.324,17.049,17.324,3999,0
20100707,17.324,17.324,17.324,17.324,1455,0
20100708,17.048,17.048,17.021,17.021,2545,0
20100709,16.775,17.187,16.775,17.187,1091,0
20100712,17.254,17.322,16.91,17.226,12002,0
20100713,16.994,18.685,16.994,18.685,6546,0
20100714,18.188,18.705,18.188,18.705,6907,0
20100715,18.236,18.842,18.236,18.842,363,0
20100716,18.264,18.264,18.264,18.264,727,0
20100719,18.704,19.062,18.704,18.979,3635,0
20100720,18.978,19.94,18.978,19.527,9817,0
20100721,19.526,20.227,19.526,20.008,8000,0
20100722,18.149,20.624,17.545,20.624,37092,0
20100723,20.622,21.988,20.62,20.732,13457,0
20100726,20.355,20.355,18.432,18.842,11634,0
20100727,19.295,19.405,18.841,19.361,8362,0
20100728,18.862,18.862,17.79,18.637,18549,0
20100729,18.43,18.43,17.742,17.99,6544,0
20100730,18.376,18.431,18.376,18.431,2181,0
20100802,18.426,18.426,17.904,18.176,19635,0
20100803,18.3,18.561,18.107,18.314,18548,0
20100804,18.292,18.979,18.292,18.979,25086,0
20100805,18.978,19.254,18.868,19.254,17815,0
20100806,19.221,19.469,18.932,19.469,8364,0
20100809,19.501,19.501,19.254,19.254,6181,0
20100810,19.254,19.254,19.254,19.254,3272,0
20100811,18.72,18.92,18.717,18.92,727,0
20100813,18.84,19.254,18.84,19.254,1091,0
20100816,19.241,19.241,18.842,18.842,363,0
20100817,18.891,18.891,18.891,18.891,363,0
20100818,18.856,18.856,18.842,18.842,363,0
20100820,18.293,18.293,18.098,18.098,727,0
20100823,18.56,18.587,18.56,18.587,363,0
20100825,18.29,18.813,18.29,18.813,6181,0
20100826,18.979,18.979,18.979,18.979,1091,0
20100827,19.167,19.167,18.977,19.086,2910,0
20100830,19.116,19.116,19.048,19.048,1091,0
20100831,19.006,19.116,19.006,19.116,1091,0
20100901,18.973,19.498,18.973,19.498,5090,0
20100902,19.355,19.743,19.355,19.743,2910,0
20100903,19.525,19.69,19.223,19.635,5818,0
20100906,19.585,19.585,19.557,19.557,1091,0
20100907,19.775,19.775,19.169,19.527,9817,0
20100908,19.537,19.537,19.537,19.537,2182,0
20100909,19.801,19.938,19.801,19.938,6546,0
20100910,19.938,20.213,19.938,20.213,5455,0
20100913,20.216,20.409,20.216,20.409,2544,0
20100914,20.354,20.602,20.109,20.565,10180,0
20100915,20.613,21.036,20.613,21.036,8364,0
20100916,21.177,21.231,21.122,21.231,7272,0
20100917,21.452,21.728,21.26,21.672,5454,0
20100920,21.866,21.866,21.729,21.838,1454,0
20100921,22.799,23.308,22.744,23.239,10182,0
20100922,22.969,22.969,21.511,21.73,14906,0
20100923,21.509,21.575,21.231,21.231,7636,0
20100924,21.035,21.309,20.485,21.309,8001,0
20100927,21.559,21.559,20.569,20.624,2910,0
20100928,20.623,20.898,20.623,20.898,363,0
20100929,20.622,21.447,20.622,21.447,2910,0
20100930,21.448,21.448,21.309,21.309,363,0
20101001,20.906,21.594,20.906,21.594,727,0
20101004,21.585,21.585,20.898,21.173,6910,0
20101005,20.902,21.917,20.902,21.917,5091,0
20101007,22.224,23.088,22.224,23.043,9817,0
20101008,22.925,23.023,22.844,23.023,727,0
20101011,23.022,23.022,22.72,22.72,3272,0
20101012,22.692,22.72,22.555,22.72,4726,0
20101013,22.749,22.749,22.514,22.514,727,0
20101014,22.547,22.74,22.547,22.74,1091,0
20101015,23.087,23.788,23.087,23.65,22182,0
20101018,23.54,23.787,23.54,23.787,1091,0
20101019,23.92,23.923,23.65,23.65,1091,0
20101020,23.161,23.601,23.161,23.161,1818,0
20101021,23.169,23.169,20.898,21.173,34185,0
20101022,21.728,22.343,21.499,22.161,7272,0
20101025,22.336,22.336,21.127,21.261,29821,0
20101026,21.177,21.584,21.133,21.584,1819,0
20101027,21.313,21.313,20.623,20.898,33457,0
20101028,20.901,21.589,20.64,20.654,14181,0
20101029,20.812,21.447,20.812,21.447,10910,0
20101101,21.647,22.005,21.647,22.005,3635,0
20101102,22.334,23.379,22.032,22.279,22541,0
20101103,22.039,23.103,22.031,22.554,19270,0
20101104,22.55,23.925,22.55,23.925,24364,0
20101105,23.788,23.788,23.376,23.514,5455,0
20101108,23.733,23.733,23.375,23.65,727,0
20101109,23.404,23.651,23.376,23.376,2545,0
20101110,23.29,23.514,23.29,23.514,4727,0
20101111,23.514,23.651,23.514,23.514,1454,0
20101112,23.653,23.653,22.965,23.474,6908,0
20101115,23.103,23.103,22.69,22.69,727,0
20101117,22.965,22.965,22.965,22.965,363,0
20101118,23.232,23.318,23.232,23.318,2545,0
20101119,22.968,22.968,22.624,22.828,9817,0
20101122,23.241,23.241,23.161,23.161,1454,0
20101123,22.14,22.553,22.002,22.005,9817,0
20101124,21.998,22.328,21.998,22.328,2545,0
20101125,22.556,22.806,22.446,22.446,8725,0
20101126,23.047,23.24,22.827,23.102,19634,0
20101129,22.659,23.484,22.659,23.484,15637,0
20101130,23.101,23.35,23.101,23.239,4727,0
20101201,23.375,23.65,23.372,23.65,5818,0
20101202,23.318,23.4,23.315,23.318,3637,0
20101203,23.319,23.778,23.236,23.778,12728,0
20101206,23.381,23.381,23.111,23.111,4726,0
20101207,23.376,23.376,23.376,23.376,363,0
20101208,23.513,23.65,23.375,23.65,2910,0
20101209,23.652,23.652,23.366,23.366,6545,0
20101210,23.42,23.42,23.197,23.2,7272,0
20101213,23.152,23.372,22.877,23.366,3637,0
20101214,23.102,23.102,22.965,22.965,2910,0
20101215,22.964,23.387,22.964,23.376,18545,0
20101216,23.379,23.379,23.376,23.376,36726,0
20101217,23.374,23.677,23.371,23.484,16728,0
20101220,23.375,24.008,23.372,23.787,15638,0
20101221,23.982,23.982,23.242,23.66,11636,0
20101222,23.62,23.719,23.1,23.719,8364,0
20101223,23.101,23.871,23.101,23.376,62542,0
20101227,23.651,23.651,23.376,23.376,1091,0
20101228,23.376,23.376,23.376,23.376,1818,0
20101229,23.376,23.376,23.192,23.376,2545,0
20101230,23.656,23.739,23.384,23.739,6544,0
20110103,23.656,23.915,23.656,23.915,2544,0
20110104,23.843,23.843,23.782,23.787,3273,0
20110105,23.432,23.432,23.239,23.239,2545,0
20110106,23.211,23.376,23.211,23.376,727,0
20110107,22.824,23.098,22.824,22.975,7273,0
20110110,23.098,23.239,23.098,23.239,363,0
20110111,23.378,23.653,23.378,23.406,13453,0
20110112,23.376,23.376,23.239,23.239,727,0
20110113,23.373,23.373,22.966,23.043,5818,0
20110114,22.968,23.161,22.828,22.828,7271,0
20110117,22.777,22.789,22.777,22.789,1818,0
20110118,22.554,22.554,22.306,22.554,6181,0
20110119,22.309,22.548,22.309,22.309,4363,0
20110120,22.143,22.183,21.455,22.143,18905,0
20110121,21.81,22.269,21.732,21.74,5817,0
20110124,22.225,22.239,22.032,22.143,3635,0
20110125,22.274,23.154,22.274,22.769,1819,0
20110126,22.961,23.043,22.961,23.043,1455,0
20110127,22.822,22.877,22.822,22.877,3273,0
20110128,22.69,22.69,22.69,22.69,1454,0
20110131,22.552,22.552,20.902,22.387,70903,0
20110201,22.441,23.239,22.441,23.239,9090,0
20110203,22.687,22.687,22.495,22.495,727,0
20110204,22.225,22.225,22.005,22.143,4726,0
20110207,22.142,22.416,22.142,22.279,4364,0
20110208,22.142,22.53,21.867,22.279,6545,0
20110209,22.282,22.555,22.279,22.279,3635,0
20110210,22.276,22.276,21.545,21.545,8363,0
20110211,21.871,22.28,21.549,22.005,12724,0
20110214,22.001,22.524,22.001,22.524,4364,0
20110215,22.278,22.691,22.278,22.554,363,0
20110216,22.14,23.102,22.14,23.102,3273,0
20110217,22.279,22.279,22.279,22.279,1091,0
20110218,22.139,22.139,21.946,21.946,727,0
20110221,21.591,21.734,21.591,21.702,3635,0
20110222,22,22,21.506,21.506,1091,0
20110223,21.447,21.447,21.447,21.447,1091,0
20110224,21.449,21.449,20.898,20.898,14182,0
20110225,21.036,21.31,21.036,21.036,3636,0
20110228,21.282,21.447,21.282,21.447,2545,0
20110302,21.231,21.231,21.231,21.231,2182,0
20110307,20.942,21.148,20.684,21.036,16362,0
20110308,20.799,21.036,20.796,21.036,727,0
20110309,20.653,20.653,19.525,20.213,27999,0
20110310,19.803,19.803,17.878,18.568,21816,0
20110311,18.179,18.426,17.354,17.795,28725,0
20110314,17.353,17.82,17.01,17.735,19635,0
20110315,17.051,17.849,15.608,17.079,17453,0
20110316,16.86,17.079,16.86,17.079,2181,0
20110317,16.774,17.461,16.774,17.461,6910,0
20110318,17.193,18.568,17.193,18.568,13086,0
20110321,18.896,19.391,18.703,19.077,15270,0
20110322,19.116,19.116,19.116,19.116,3272,0
20110323,19.117,19.117,18.842,18.842,727,0
20110324,18.293,18.568,18.293,18.568,727,0
20110328,18.292,18.292,17.631,17.687,4363,0
20110329,17.461,17.654,17.324,17.324,2182,0
20110330,17.216,17.629,16.584,16.638,10182,0
20110331,17.143,17.187,17.063,17.187,9818,0
20110401,17.437,18.138,17.437,18.127,13088,0
20110404,18.132,18.564,17.887,18.314,7637,0
20110405,18.842,19.037,18.842,18.842,1454,0
20110407,19.473,19.487,19.391,19.391,363,0
20110408,19.338,19.338,19.255,19.283,727,0
20110411,19.255,19.255,18.568,18.568,3272,0
20110413,18.973,18.973,18.695,18.695,363,0
20110415,18.788,19.194,18.788,19.194,1818,0
20110418,18.905,19.028,18.905,19.028,363,0
20110420,18.837,19.106,18.837,19.106,2182,0
20110421,18.705,18.705,18.392,18.392,2908,0
20110426,18.486,18.497,18.486,18.489,727,0
20110427,18.539,18.539,18.539,18.539,363,0
20110428,18.489,18.842,18.429,18.842,6545,0
20110429,19.109,19.109,18.861,18.861,363,0
20110505,18.715,18.715,18.695,18.695,1454,0
20110510,18.976,19.008,18.976,19.008,2544,0
20110511,18.98,19.283,18.98,19.283,727,0
20110512,19.281,20.351,19.281,20.076,5090,0
20110516,19.603,20.068,19.116,19.116,15633,0
20110517,19.215,19.215,18.939,19.166,12362,0
20110519,19.195,19.254,19.157,19.254,11998,0
20110520,20.349,20.47,20.349,20.467,3709,0
20110523,20.552,20.552,20.164,20.36,5394,0
20110524,20.078,20.434,19.87,19.87,32033,0
20110525,20.026,20.213,20.026,20.086,25616,0
20110526,20.174,20.174,20.174,20.174,11460,0
20110527,20.174,20.619,20.085,20.174,3708,0
20110530,19.878,20.086,19.878,20.086,2021,0
20110531,20.618,20.766,20.173,20.321,12810,0
20110601,20.609,20.615,20.609,20.615,2697,0
20110602,20.174,20.174,20.174,20.174,337,0
20110603,20.176,20.25,20.027,20.027,3371,0
20110606,19.88,19.88,17.326,18.421,107186,0
20110607,18.514,18.989,18.321,18.989,7077,0
20110608,18.747,18.747,18.098,18.098,1011,0
20110609,18.389,18.744,18.319,18.744,5394,0
20110610,18.744,18.833,18.685,18.685,6743,0
20110613,18.686,18.686,18.324,18.597,4383,0
20110614,18.537,18.685,18.323,18.685,2698,0
20110620,18.982,18.982,18.537,18.744,674,0
20110622,18.325,18.539,17.322,17.5,16857,0
20110623,17.409,17.412,17.409,17.412,1011,0
20110624,17.351,17.647,17.158,17.647,19892,0
20110627,17.502,17.736,17.205,17.354,4720,0
20110629,17.143,17.143,16.842,16.844,6069,0
20110630,17.047,17.632,17.047,17.059,1011,0
20110701,17.059,17.059,17.059,17.059,1348,0
20110704,17.297,18.67,17.297,18.656,21909,0
20110705,18.396,18.556,18.304,18.304,5057,0
20110706,18.509,18.613,18.272,18.45,39781,0
20110707,18.529,18.529,18.529,18.529,1011,0
20110708,18.271,18.539,18.271,18.539,5394,0
20110711,18.395,18.57,18.273,18.392,9102,0
20110712,18.275,18.542,18.275,18.314,1011,0
20110713,18.692,18.989,18.692,18.989,8427,0
20110714,18.683,19.484,18.683,19.116,12476,0
20110715,19.13,19.13,18.744,18.744,337,0
20110718,18.692,18.96,18.692,18.96,2358,0
20110719,18.926,19.431,18.926,19.283,14495,0
20110720,19.012,19.042,18.852,18.852,10452,0
20110721,19.048,19.137,19.048,19.048,4045,0
20110722,19.136,19.136,19.136,19.136,5730,0
20110725,19.283,19.283,19.283,19.283,5057,0
20110728,19.408,19.812,19.129,19.812,22592,0
20110729,19.723,19.723,19.723,19.723,674,0
20110801,19.283,19.283,19.283,19.283,2359,0
20110802,19.072,19.072,18.627,18.627,5058,0
20110803,18.543,19.077,18.543,19.077,6404,0
20110804,18.928,18.928,18.127,18.127,13483,0
20110805,18.091,18.091,17.021,17.021,4046,0
20110808,16.845,17.912,16.845,17.5,8430,0
20110809,17.499,17.499,16.609,16.609,9440,0
20110810,18.004,18.242,17.5,17.5,4383,0
20110812,17.911,17.911,17.911,17.911,674,0
20110815,17.943,17.943,17.795,17.795,4047,0
20110816,17.78,17.795,17.78,17.795,3035,0
20110817,17.857,17.857,17.471,17.471,2359,0
20110818,17.206,17.206,17.206,17.206,2022,0
20110819,17.357,17.49,17.001,17.001,7077,0
20110822,17.354,17.354,17.294,17.294,3034,0
20110823,17.501,17.56,17.442,17.442,5057,0
20110824,17.499,17.647,17.499,17.647,1349,0
20110829,18.095,18.54,18.095,18.392,19889,0
20110830,18.372,18.387,17.942,18.342,5058,0
20110831,18.098,18.098,18.098,18.098,2022,0
20110901,18.244,18.244,17.725,17.725,2697,0
20110908,17.5,17.5,17.5,17.5,674,0
20110912,17.5,17.648,17.5,17.5,7755,0
20110914,17.801,18.098,17.801,18.098,1348,0
20110915,18.092,18.092,17.647,17.647,3372,0
20110916,17.823,17.823,17.823,17.823,5058,0
20110919,17.621,17.621,17.618,17.618,2022,0
20110922,18.073,18.073,17.664,17.795,337,0
20110926,17.619,18.073,17.619,17.795,2022,0
20110930,18.095,18.095,16.908,17.354,12810,0
20111004,17.503,17.503,17.206,17.206,1348,0
20111006,17.482,17.5,17.482,17.5,337,0
20111011,17.498,17.682,17.202,17.216,4384,0
20111013,17.648,17.648,17.5,17.5,337,0
20111018,17.799,18.823,17.799,18.823,7079,0
20111026,18.721,19.136,18.721,19.136,4045,0
20111027,19.581,20.174,19.581,20.174,6067,0
20111028,20.406,20.821,20.406,20.762,5731,0
20111031,21.124,21.124,21.064,21.124,3371,0
20111101,21.118,21.319,20.614,20.762,14835,0
20111102,20.203,20.47,20.174,20.174,1348,0
20111103,20.176,21.036,20.176,21.036,2697,0
20111107,21.329,21.329,21.329,21.329,337,0
20111108,21.358,21.506,21.358,21.506,1349,0
20111109,21.805,22.339,21.805,22.25,5730,0
20111110,22.251,22.251,21.065,21.065,3708,0
20111111,21.065,21.065,21.065,21.065,2021,0
20111115,20.321,20.321,20.321,20.321,2022,0
20111121,20.984,20.986,20.984,20.986,674,0
20111122,21.065,21.065,21.065,21.065,337,0
20111128,20.467,20.467,20.467,20.467,1686,0
20111130,19.948,19.948,19.948,19.948,2022,0
20111201,19.87,19.989,19.87,19.87,1012,0
20111202,19.872,19.872,19.146,19.635,10451,0
20111205,19.871,20.108,19.723,19.723,674,0
20111207,19.87,19.87,19.87,19.87,337,0
20111208,20.441,20.441,20.174,20.174,2697,0
20111209,20.467,20.467,20.467,20.467,337,0
20111212,20.461,20.461,19.966,20.174,674,0
20111214,20.171,20.174,20.171,20.174,337,0
20111216,20.149,20.149,19.722,19.87,337,0
20111219,19.87,19.87,19.87,19.87,337,0
20111220,19.577,19.577,19.577,19.577,1349,0
20111222,19.425,19.425,18.758,19.254,3372,0
20111227,19.284,20.174,19.284,20.174,3371,0
20111228,20.174,20.174,20.174,20.174,337,0
20111230,20.156,20.174,20.156,20.174,10788,0
20120103,20.179,20.191,20.027,20.027,2021,0
20120104,20.174,20.47,20.174,20.174,1349,0
20120105,20.242,20.242,20.242,20.242,1012,0
20120109,19.903,20.615,19.903,20.615,6405,0
20120111,20.419,20.449,20.419,20.449,1686,0
20120113,20.571,20.571,20.467,20.467,1011,0
20120116,20.62,20.62,20.472,20.487,2021,0
20120117,20.203,20.203,20.203,20.203,337,0
20120119,20.47,20.47,20.174,20.174,2697,0
20120120,19.936,20.321,19.282,20.321,19551,0
20120123,20.292,20.447,19.278,19.753,8093,0
20120124,19.337,19.841,19.337,19.841,2022,0
20120125,19.723,19.723,19.723,19.723,2022,0
20120126,19.429,19.429,19.429,19.429,2022,0
20120127,19.561,19.561,19.048,19.048,1349,0
20120130,19.402,19.402,19.283,19.283,1011,0
20120131,19.051,19.051,19.048,19.048,1012,0
20120201,19.047,19.355,18.969,18.969,2359,0
20120202,18.69,18.69,17.503,18.216,4382,0
20120203,17.979,18.187,17.54,18.098,3034,0
20120206,17.801,18.029,17.798,18.029,674,0
20120207,17.706,17.706,17.706,17.706,337,0
20120208,18.036,18.036,17.149,17.226,3708,0
20120210,18.03,18.03,17.911,17.911,1012,0
20120213,17.94,17.94,17.498,17.795,337,0
20120214,18.009,18.039,18.009,18.039,3371,0
20120215,17.961,17.961,17.851,17.931,674,0
20120216,17.899,17.902,17.899,17.902,1011,0
20120220,17.802,17.963,17.802,17.951,5392,0
20120222,17.944,17.944,17.941,17.941,674,0
20120223,17.931,17.931,17.931,17.931,674,0
20120302,17.5,17.5,17.373,17.373,1011,0
20120305,17.351,17.647,17.351,17.647,3372,0
20120309,17.732,17.735,17.732,17.735,1012,0
20120312,17.754,17.754,17.354,17.354,4046,0
20120313,17.545,17.545,17.204,17.5,1686,0
20120314,17.242,17.355,17.206,17.206,4720,0
20120315,17.206,17.206,17.206,17.206,674,0
20120316,17.207,17.207,17.148,17.148,1011,0
20120320,17.318,17.318,16.835,16.835,1349,0
20120321,16.609,16.609,16.609,16.609,1012,0
20120322,16.612,16.612,16.078,16.315,2022,0
20120323,16.612,16.612,16.315,16.315,1686,0
20120326,16.612,16.612,16.021,16.021,1011,0
20120327,15.628,15.865,15.257,15.865,5395,0
20120328,15.784,15.784,15.013,15.013,1348,0
20120329,14.949,15.512,14.857,15.483,9440,0
20120330,15.718,15.718,15.718,15.718,1012,0
20120402,15.715,15.718,15.421,15.718,3372,0
20120403,15.425,15.796,15.425,15.796,1011,0
20120404,15.748,15.748,15.748,15.748,674,0
20120405,15.784,16.617,15.692,16.57,19886,0
20120410,16.477,17.269,16.477,16.913,13818,0
20120411,16.91,17.206,16.762,17.206,10112,0
20120412,17.234,17.234,16.732,17.148,14831,0
20120413,17.316,17.708,17.204,17.5,6742,0
20120416,17.748,19.041,17.024,17.677,50912,0
20120417,17.647,18.39,17.63,17.911,10114,0
20120418,17.883,18.372,17.755,17.883,32372,0
20120419,17.89,18.01,17.89,18.01,8090,0
20120420,18.349,18.969,18.349,18.969,15510,0
20120423,18.978,18.978,18.6,18.96,4719,0
20120424,18.973,18.979,18.54,18.979,9439,0
20120425,18.869,18.869,18.548,18.548,8090,0
20120426,18.976,19.026,18.685,18.685,4383,0
20120430,18.315,18.627,18.313,18.627,9103,0
20120502,18.687,18.806,18.687,18.735,337,0
20120503,18.687,18.687,18.539,18.539,1011,0
20120504,18.541,18.541,18.332,18.332,2697,0
20120507,18.028,18.539,18.028,18.539,3372,0
20120509,18.507,18.51,18.421,18.421,3034,0
20120510,18.246,18.365,18.098,18.098,9775,0
20120511,18.156,18.156,18.156,18.156,1348,0
20120514,18.169,18.392,18.169,18.392,3371,0
20120515,18.492,18.492,18.489,18.489,674,0
20120518,17.947,18.392,17.947,18.392,4720,0
20120521,18.394,18.394,18.156,18.156,2697,0
20120522,18.068,18.098,18.068,18.098,674,0
20120523,17.924,18.244,17.74,18.244,8764,0
20120524,17.864,18.098,17.864,18.098,6067,0
20120525,19.77,19.77,19.306,19.381,2157,0
20120528,19.605,19.605,19.605,19.605,924,0
20120529,19.471,19.471,19.341,19.341,1849,0
20120530,19.143,19.147,18.656,18.754,2465,0
20120531,18.504,18.763,18.406,18.763,309,0
20120604,18.823,18.985,18.271,18.823,2465,0
20120605,18.598,18.763,18.504,18.763,309,0
20120606,18.813,18.894,18.504,18.793,6469,0
20120608,17.849,17.849,17.524,17.687,1849,0
20120611,18.01,18.108,17.524,18.108,309,0
20120614,17.694,17.856,16.557,17.775,23410,0
20120615,17.529,17.853,17.529,17.853,2157,0
20120618,17.782,17.883,17.782,17.883,617,0
20120621,18.325,18.325,17.53,17.53,4620,0
20120622,17.507,18.01,17.507,18.01,1541,0
20120702,18.14,18.772,18.01,18.01,5547,0
20120703,18.502,18.502,18.421,18.421,5546,0
20120706,18.295,18.48,18.295,18.48,4623,0
20120710,17.85,18.45,17.85,18.45,1232,0
20120711,17.851,17.99,17.851,17.99,309,0
20120713,17.853,18.174,17.785,17.785,1849,0
20120716,17.901,18.158,17.853,17.853,3698,0
20120717,18.337,18.499,18.337,18.499,2773,0
20120718,18.466,18.793,18.466,18.793,4622,0
20120720,18.568,18.568,18.568,18.568,309,0
20120723,18.509,18.509,18.509,18.509,309,0
20120726,18.174,18.174,17.525,17.785,36668,0
20120731,18.357,18.665,18.357,18.665,924,0
20120801,18.176,18.176,18.176,18.176,309,0
20120802,17.856,17.856,17.803,17.803,2465,0
20120814,17.979,17.979,16.912,17.364,6162,0
20120815,17.492,17.687,17.492,17.687,2157,0
20120820,17.559,17.559,17.559,17.559,1848,0
20120821,17.202,17.961,17.202,17.961,6162,0
20120822,17.785,17.902,17.785,17.902,309,0
20120823,17.847,17.883,17.847,17.883,309,0
20120824,17.588,17.588,17.588,17.588,309,0
20120829,17.529,17.853,17.529,17.853,5853,0
20120830,17.82,18.028,17.82,17.853,1541,0
20120831,17.853,17.853,17.853,17.853,924,0
20120905,18.048,18.048,17.213,17.853,13555,0
20120906,17.368,17.53,17.173,17.53,3388,0
20120907,17.53,17.53,17.53,17.53,1848,0
20120910,17.53,17.53,17.53,17.53,924,0
20120912,17.53,17.53,17.53,17.53,309,0
20120913,17.523,17.523,17.49,17.49,924,0
20120914,17.53,17.53,17.53,17.53,309,0
20120917,17.53,17.53,17.27,17.51,2464,0
20120918,17.474,17.474,17.461,17.471,616,0
20120919,17.442,17.52,17.442,17.52,924,0
20120920,17.477,17.48,17.477,17.48,309,0
20120921,17.521,17.849,17.281,17.687,9553,0
20120924,17.838,17.854,17.53,17.53,1232,0
20120925,17.497,17.497,17.432,17.432,616,0
20120926,17.331,17.604,16.682,17.364,8011,0
20120927,17.487,17.487,16.873,16.873,2465,0
20120928,17.428,17.428,17.201,17.364,8011,0
20121001,16.875,17.716,16.875,17.716,2157,0
20121002,17.364,17.364,17.364,17.364,309,0
20121005,17.508,17.667,17.508,17.667,924,0
20121009,17.514,17.53,16.88,17.53,4620,0
20121010,17.458,18.01,17.458,18.01,3082,0
20121011,17.807,17.807,17.206,17.206,12937,0
20121012,17.198,17.364,17.198,17.364,924,0
20121015,17.204,17.206,17.204,17.206,924,0
20121016,16.553,17.203,16.343,17.04,13556,0
20121017,17.198,17.198,16.711,16.873,11094,0
20121022,16.521,16.521,16.521,16.521,309,0
20121023,16.55,16.55,16.55,16.55,9244,0
20121024,16.535,16.552,15.903,16.227,7087,0
20121025,16.224,16.224,15.9,16.198,17875,0
20121026,16.161,16.193,15.901,15.933,7088,0
20121029,15.904,15.921,15.904,15.904,10783,0
20121030,15.841,15.841,15.516,15.678,5545,0
20121031,15.678,15.678,15.418,15.581,6470,0
20121101,15.581,15.581,15.581,15.581,1848,0
20121102,15.582,15.582,15.257,15.257,2157,0
20121105,15.582,15.582,15.257,15.257,616,0
20121106,15.249,15.249,15.006,15.023,1541,0
20121107,15.027,15.319,14.443,14.611,32661,0
20121108,14.602,14.731,14.277,14.602,9245,0
20121109,14.281,14.734,14.122,14.602,16330,0
20121113,14.606,14.719,14.475,14.719,8934,0
20121114,14.935,15.616,14.935,15.552,5544,0
20121115,15.414,15.658,15.174,15.414,8012,0
20121116,15.38,15.384,15.091,15.091,1849,0
20121119,15.091,15.091,14.786,15.091,3389,0
20121120,14.926,14.926,14.277,14.602,31127,0
20121121,14.607,14.607,14.445,14.445,11090,0
20121122,14.317,14.415,14.285,14.298,7700,0
20121123,13.992,14.284,13.992,14.122,16942,0
20121126,14.115,14.602,14.115,14.602,4623,0
20121127,14.279,14.279,14.279,14.279,309,0
20121128,14.349,14.641,14.349,14.641,32961,0
20121129,14.643,15.097,14.643,14.934,6468,0
20121130,15.089,15.933,15.089,15.933,6471,0
20121203,15.936,15.936,15.933,15.933,3081,0
20121204,15.61,15.61,15.61,15.61,924,0
20121205,15.741,15.741,15.582,15.738,13862,0
20121206,15.579,16.487,15.579,16.227,7395,0
20121207,16.632,16.632,16.129,16.129,1541,0
20121210,16.211,16.328,15.744,16.247,9550,0
20121211,16.245,16.991,16.245,16.991,4930,0
20121212,16.873,16.873,16.224,16.825,3699,0
20121213,16.295,16.295,15.581,15.581,6161,0
20121214,15.903,16.227,15.825,16.179,5239,0
20121217,16.168,16.652,16.071,16.071,8625,0
20121218,15.904,16.229,15.58,15.904,6470,0
20121219,15.901,15.901,15.414,15.414,4314,0
20121220,15.45,15.742,15.385,15.385,2157,0
20121221,15.744,15.775,15.581,15.581,6470,0
20121227,15.836,15.885,15.577,15.885,10477,0
20121228,16.032,16.227,15.741,16.227,17872,0
20130102,15.415,15.415,12.864,13.956,125100,0
20130103,13.96,14.394,13.793,14.053,8319,0
20130104,14.055,14.377,14.055,14.377,4929,0
20130107,14.349,14.602,14.115,14.602,12019,0
20130108,14.602,14.602,14.602,14.602,617,0
20130109,14.665,14.665,14.445,14.445,3081,0
20130110,14.283,14.77,14.121,14.543,5853,0
20130111,14.739,15.048,14.739,14.934,5545,0
20130114,15.088,15.091,15.026,15.091,4622,0
20130115,15.089,15.089,14.768,14.768,924,0
20130117,14.61,14.934,14.448,14.934,13244,0
20130118,14.769,14.932,14.445,14.445,11090,0
20130121,14.414,15.129,14.414,14.788,9241,0
20130122,14.613,14.934,14.613,14.934,2772,0
20130123,15.258,15.875,14.933,15.875,9241,0
20130124,15.772,15.772,15.581,15.581,2465,0
20130128,15.43,15.43,15.414,15.414,617,0
20130129,15.412,15.708,15.412,15.708,1541,0
20130130,15.705,15.738,15.429,15.738,4005,0
20130131,15.742,15.904,15.417,15.904,42826,0
20130201,15.903,16.227,15.903,16.227,617,0
20130204,16.22,16.22,16.129,16.129,3389,0
20130205,15.663,16.198,15.663,16.198,309,0
20130206,16.197,16.197,15.418,15.581,4313,0
20130207,15.575,15.62,15.575,15.62,617,0
20130211,15.838,15.907,15.826,15.826,2156,0
20130212,15.904,15.904,15.904,15.904,924,0
20130213,16.067,16.067,15.911,15.973,3388,0
20130215,15.968,15.968,15.708,15.708,5854,0
20130218,15.781,15.973,15.746,15.973,3388,0
20130219,16.227,16.227,16.227,16.227,309,0
20130220,16.224,16.224,15.688,15.688,1541,0
20130221,15.97,16.132,15.97,16.099,4004,0
20130222,16.061,16.159,16.061,16.159,1232,0
20130225,15.907,15.907,15.875,15.875,8626,0
20130226,16.211,16.227,16.211,16.227,2773,0
20130227,16.354,16.384,16.354,16.384,2773,0
20130228,16.391,16.521,16.07,16.521,924,0
20130301,16.492,17.637,16.492,17.637,7701,0
20130304,17.636,17.636,17.53,17.53,924,0
20130305,17.692,17.692,17.383,17.53,4312,0
20130306,17.525,17.853,17.382,17.853,13863,0
20130307,17.817,17.833,17.817,17.833,3389,0
20130308,18.01,19.146,18.01,19.146,10477,0
20130311,19.023,19.023,18.665,18.665,924,0
20130312,18.178,18.489,18.178,18.489,2465,0
20130313,18.439,18.497,18.176,18.176,4005,0
20130314,18.66,18.842,18.66,18.842,924,0
20130315,18.499,18.499,18.499,18.499,1541,0
20130318,18.793,18.793,18.793,18.793,1232,0
20130319,18.337,18.499,18.337,18.499,2465,0
20130320,18.499,18.499,18.499,18.499,1848,0
20130321,18.502,18.989,18.502,18.989,4004,0
20130322,18.823,18.823,18.823,18.823,309,0
20130325,18.665,18.665,18.665,18.665,924,0
20130326,18.536,18.665,18.536,18.665,3081,0
20130327,18.342,18.342,18.342,18.342,924,0
20130328,18.179,18.179,16.883,16.913,7086,0
20130402,16.911,17.229,16.908,17.138,54234,0
20130403,17.196,17.196,16.62,16.943,2772,0
20130404,16.16,16.744,16.16,16.266,7089,0
20130408,16.168,16.168,16.071,16.071,309,0
20130409,16.066,16.492,16.066,16.492,6777,0
20130410,16.489,16.57,16.489,16.57,616,0
20130411,16.57,16.57,16.57,16.57,309,0
20130416,16.391,16.391,15.904,15.904,3698,0
20130417,15.643,15.643,15.61,15.61,617,0
20130418,15.581,15.581,15.581,15.581,616,0
20130419,15.581,15.581,15.581,15.581,924,0
20130422,15.65,15.65,15.65,15.65,1848,0
20130423,15.585,15.585,15.257,15.257,8009,0
20130424,15.257,15.257,15.257,15.257,309,0
20130425,15.326,15.326,15.257,15.257,8317,0
20130426,14.967,15.385,14.967,15.385,4622,0
20130429,14.967,15.093,14.833,14.866,1848,0
20130430,14.899,14.934,14.899,14.934,616,0
20130502,15.253,15.581,15.246,15.581,2465,0
20130503,15.582,15.678,15.582,15.678,309,0
20130507,15.414,15.414,15.414,15.414,617,0
20130510,14.944,14.944,14.944,14.944,309,0
20130513,15.292,15.292,14.934,14.934,1232,0
20130514,15.258,15.454,15.258,15.454,3697,0
20130515,15.454,15.454,15.454,15.454,309,0
20130516,15.189,15.189,15.189,15.189,924,0
20130517,14.848,14.848,14.572,14.572,3698,0
20130520,14.64,14.64,14.445,14.445,2772,0
20130521,14.445,14.445,14.445,14.445,1232,0
20130522,14.539,14.539,14.377,14.377,1849,0
20130523,14.382,15.405,14.382,15.405,5237,0
20130524,15.365,15.365,14.798,14.798,309,0
20130530,14.93,15.011,14.606,14.768,1848,0
20130605,15.093,15.093,14.817,14.817,309,0
20130610,14.607,14.915,14.535,14.915,9242,0
20130614,14.915,14.915,14.315,14.445,2465,0
20130617,14.61,14.934,14.451,14.934,924,0
20130619,15.041,15.284,14.602,14.748,205,0
20130620,14.512,14.512,14.229,14.229,309,0
20130621,14.413,14.609,13.683,14.073,616,0
20130624,14.196,14.196,13.505,13.505,719,0
20130625,13.047,13.174,11.674,11.83,19103,0
20130626,12.111,12.111,11.391,11.635,1129,0
20130627,11.748,11.748,11.194,11.194,411,0
20130628,11.509,11.976,11.197,11.83,6984,0
20130701,11.911,12.068,9.788,10.714,11602,0
20130702,10.567,10.714,10.567,10.714,616,0
20130703,10.38,10.38,9.4651,10.371,7908,0
20130704,9.883,10.224,9.835,10.224,3389,0
20130705,10.321,10.321,10.126,10.126,616,0
20130708,9.88,9.88,9.637,9.724,1644,0
20130709,10.123,10.123,9.636,9.636,1027,0
20130711,9.881,10.319,9.881,9.881,719,0
20130712,9.913,10.302,9.913,10.302,309,0
20130715,10.272,10.272,9.989,9.989,1129,0
20130716,9.628,10.319,9.628,9.931,309,0
20130718,9.969,9.999,9.969,9.999,2568,0
20130719,9.941,9.979,9.901,9.979,2260,0
20130722,9.765,9.842,9.765,9.842,308,0
20130723,9.989,9.989,9.833,9.989,205,0
20130724,10.047,10.047,10.047,10.047,102,0
20130730,9.998,9.998,9.881,9.921,2260,0
20130731,9.754,9.754,9.734,9.744,1541,0
20130801,9.744,9.841,9.695,9.695,411,0
20130805,9.987,9.987,9.646,9.646,103,0
20130806,9.733,9.733,9.3436,9.4899,2671,0
20130808,9.637,9.88,9.637,9.734,4314,0
20130809,9.637,9.734,9.501,9.734,1130,0
20130814,9.744,9.792,9.589,9.715,1232,0
20130815,9.783,9.783,9.783,9.783,309,0
20130816,9.813,9.813,9.813,9.813,102,0
20130819,9.4493,9.4493,9.1761,9.1761,1437,0
20130821,9.587,9.83,9.392,9.392,2261,0
20130822,9.509,9.732,9.392,9.392,2056,0
20130823,9.3035,9.3231,9.3035,9.3231,309,0
20130826,9.1606,9.832,9.1606,9.832,4314,0
20130827,9.832,9.929,9.589,9.734,4623,0
20130828,9.54,9.774,9.2965,9.774,5855,0
20130829,9.835,10.371,9.796,10.322,4415,0
20130830,10.693,10.693,10.285,10.518,2054,0
20130902,11.282,11.798,11.049,11.34,9451,0
20130903,11.632,11.67,11.194,11.194,5343,0
20130904,11.44,11.693,11.44,11.693,3698,0
20130905,11.878,11.878,11.391,11.683,5135,0
20130906,11.683,11.683,11.673,11.683,2362,0
20130909,11.867,11.867,11.487,11.487,5342,0
20130910,11.681,12.927,11.681,12.927,4109,0
20130911,12.949,14.264,12.949,13.387,8628,0
20130912,13.816,13.816,13.193,13.534,1541,0
20130913,13.682,13.828,13.633,13.828,1540,0
20130916,14.269,14.492,13.888,14.269,924,0
20130917,14.163,14.698,14.163,14.504,2568,0
20130918,14.599,14.599,13.927,14.112,1129,0
20130919,14.111,14.111,13.936,13.936,205,0
20130920,13.927,13.927,12.33,12.408,5955,0
20130923,12.516,12.663,12.224,12.663,2772,0
20130924,12.663,12.711,12.663,12.711,103,0
20130925,12.663,12.663,12.663,12.663,514,0
20130926,13.141,13.141,12.946,12.946,1130,0
20130927,13.445,13.445,13.142,13.142,820,0
20130930,12.951,13.779,12.951,13.779,719,0
20131001,13.827,13.827,13.632,13.632,719,0
20131002,13.485,13.485,13.242,13.437,719,0
20131004,13.387,13.387,13.387,13.387,205,0
20131007,12.952,12.952,12.271,12.271,3388,0
20131008,12.76,13.004,12.663,12.663,2464,0
20131009,12.667,13.338,12.667,13.338,7600,0
20131010,13.141,13.141,12.849,12.849,924,0
20131011,13.132,13.337,12.85,13.094,9656,0
20131014,13.191,13.191,13.045,13.104,719,0
20131015,12.751,12.761,12.751,12.751,1130,0
20131016,12.964,12.964,12.565,12.613,3388,0
20131017,12.419,12.663,12.175,12.613,2464,0
20131018,12.679,12.679,12.271,12.271,820,0
20131021,12.271,12.271,12.271,12.271,103,0
20131022,12.37,12.673,12.37,12.673,616,0
20131023,12.653,12.711,12.653,12.711,924,0
20131024,12.612,12.612,12.262,12.477,2157,0
20131025,12.271,12.427,12.271,12.359,1027,0
20131028,12.565,12.663,12.555,12.663,2464,0
20131029,12.514,12.514,12.173,12.271,514,0
20131030,12.078,12.515,12.078,12.467,309,0
20131104,11.928,11.977,11.928,11.977,205,0
20131105,12.154,12.154,12.154,12.154,103,0
20131106,12.162,12.162,11.83,11.83,2157,0
20131107,11.889,11.889,11.694,11.889,308,0
20131108,11.839,11.839,11.595,11.683,1129,0
20131111,11.663,11.663,11.663,11.663,103,0
20131113,11.348,11.348,10.959,10.969,1231,0
20131114,11.047,11.047,10.9,11.047,5856,0
20131115,11.092,11.092,10.508,10.508,2775,0
20131118,10.702,10.702,10.312,10.312,925,0
20131119,10.287,11.3,10.287,10.909,7084,0
20131120,10.771,10.771,10.518,10.518,1438,0
20131121,10.663,10.663,10.41,10.41,1232,0
20131122,10.419,11.003,10.283,10.283,7188,0
20131125,11.006,11.006,10.577,10.694,3697,0
20131126,10.704,10.704,10.421,10.586,6777,0
20131127,10.459,10.848,10.362,10.44,4317,0
20131128,10.645,10.714,10.469,10.616,7289,0
20131129,10.666,10.958,10.666,10.861,2772,0
20131202,11.164,11.389,11.097,11.252,2979,0
20131203,11.105,11.105,11.007,11.007,2156,0
20131204,11.192,11.192,10.997,10.997,2466,0
20131205,11.007,11.007,11.007,11.007,514,0
20131206,10.999,11.194,10.814,11.194,2876,0
20131209,10.998,11.193,10.998,11.096,1644,0
20131210,11.096,11.096,11.096,11.096,1439,0
20131211,11.104,11.104,10.909,10.909,2259,0
20131212,11.007,11.007,10.909,10.909,514,0
20131216,11.007,11.007,11.007,11.007,411,0
20131217,11.095,11.095,10.978,11.076,3390,0
20131219,11.105,11.105,10.959,10.959,103,0
20131220,11.095,11.095,10.9,11.037,1541,0
20131223,11.086,11.096,10.998,11.096,822,0
20131227,10.998,11.096,10.95,11.096,1541,0
20131230,11.007,11.007,10.998,11.007,1644,0
20140102,11.008,11.135,11.008,11.135,514,0
20140103,11.096,11.096,10.97,11.096,719,0
20140106,11.096,11.096,11.096,11.096,1953,0
20140108,10.998,11.096,10.998,11.096,822,0
20140109,10.997,10.997,10.988,10.988,205,0
20140110,11.086,11.096,11.086,11.096,2568,0
20140113,11.086,11.484,11.047,11.096,3083,0
20140114,11.055,11.055,10.792,10.792,616,0
20140115,10.86,11.249,10.714,10.723,4312,0
20140116,10.722,10.859,10.468,10.468,5032,0
20140117,10.469,10.714,10.469,10.616,1952,0
20140120,10.613,10.711,9.834,10.126,9243,0
20140121,10.029,10.37,10.029,10.126,2773,0
20140122,10.215,10.41,10.167,10.41,1643,0
20140123,10.409,10.409,10.224,10.224,3081,0
20140124,10.079,10.42,10.079,10.42,205,0
20140128,10.459,10.468,10.225,10.468,309,0
20140129,10.253,10.253,10.087,10.087,820,0
20140130,10.215,10.342,10.215,10.342,616,0
20140131,10.684,10.684,9.691,10.684,28954,0
20140203,10.685,10.957,10.685,10.714,1643,0
20140204,10.762,10.762,10.567,10.665,1438,0
20140205,10.586,10.586,10.567,10.567,719,0
20140206,10.704,10.714,10.567,10.694,616,0
20140207,10.665,11.055,10.567,10.704,2772,0
20140210,10.518,10.518,10.518,10.518,103,0
20140211,10.272,10.282,10.009,10.057,2055,0
20140214,10.263,10.273,10.214,10.224,617,0
20140219,10.374,10.861,10.374,10.861,5031,0
20140220,10.521,11.213,10.521,11.105,21865,0
20140221,11.086,11.086,11.086,11.086,925,0
20140225,10.997,10.997,10.89,10.89,103,0
20140226,10.811,10.811,10.519,10.763,3697,0
20140227,10.724,11.153,10.724,10.959,2874,0
20140228,10.969,10.969,10.959,10.959,205,0
20140303,10.89,10.968,10.89,10.919,924,0
20140304,10.969,10.969,10.969,10.969,103,0
20140305,11.096,11.096,11.096,11.096,205,0
20140306,11.096,11.242,11.096,11.242,205,0
20140307,11.096,11.115,11.096,11.096,617,0
20140311,11,11.36,11,11.36,1541,0
20140313,11.291,11.291,11.038,11.125,822,0
20140314,10.958,11.006,10.568,10.811,2669,0
20140317,11.105,11.105,10.959,10.978,411,0
20140318,10.899,10.899,10.783,10.861,719,0
20140319,10.899,10.948,10.811,10.811,17145,0
20140320,10.909,10.909,10.909,10.909,103,0
20140321,10.91,11.017,10.91,11.017,309,0
20140324,10.959,10.959,10.959,10.959,103,0
20140326,11.174,11.174,11.115,11.115,719,0
20140328,11.272,11.272,11.272,11.272,103,0
20140331,11.382,11.927,11.382,11.733,6882,0
20140401,11.684,11.781,11.586,11.781,2670,0
20140402,11.78,11.78,11.536,11.536,411,0
20140403,11.624,11.624,11.615,11.615,411,0
20140404,11.536,11.536,11.448,11.448,309,0
20140407,11.241,11.241,10.852,11.037,2466,0
20140409,10.978,10.978,10.969,10.969,309,0
20140410,11.251,11.251,10.959,10.959,616,0
20140411,10.861,10.861,10.861,10.861,205,0
20140417,11.047,11.047,11.047,11.047,103,0
20140422,11.017,11.017,11.017,11.017,205,0
20140423,11.144,11.194,11.057,11.194,103,0
20140424,11.184,11.292,11.184,11.292,1027,0
20140425,11.194,11.242,11.194,11.242,103,0
20140428,11.096,11.096,11.096,11.096,103,0
20140429,11.214,11.292,11.194,11.292,514,0
20140430,11.297,12.514,11.287,12.222,6777,0
20140502,12.095,12.192,12.037,12.192,1027,0
20140505,12.183,12.271,12.183,12.271,1027,0
20140506,12.079,12.663,12.079,12.663,3490,0
20140507,12.558,13.113,12.558,13.113,1849,0
20140508,13.052,13.052,12.468,12.663,820,0
20140512,12.839,12.849,12.683,12.849,205,0
20140513,13.043,13.131,12.849,12.849,1439,0
20140515,12.673,12.955,12.468,12.682,5852,0
20140516,12.848,12.857,12.663,12.663,103,0
20140519,12.428,12.585,12.34,12.585,411,0
20140522,12.163,12.163,12.124,12.124,514,0
20140523,11.971,12.565,11.971,12.565,2259,0
20140526,12.556,12.663,12.556,12.663,103,0
20140527,13.003,13.003,12.613,12.613,309,0
20140528,12.682,13.014,12.682,12.682,924,0
20140529,12.682,12.682,12.682,12.682,514,0
20140530,12.935,12.935,12.565,12.565,1129,0
20140603,12.663,12.673,12.614,12.673,1540,0
20140604,12.673,12.701,12.663,12.701,205,0
20140605,12.999,13.68,12.999,13.515,2362,0
20140606,13.515,13.583,13.291,13.583,2260,0
20140609,13.71,13.72,13.71,13.71,613,0
20140610,13.661,13.661,13.563,13.563,102,0
20140611,13.172,13.515,13.172,13.172,613,0
20140612,13.397,13.417,13.122,13.172,1225,0
20140613,13.122,13.122,13.122,13.122,102,0
20140617,13.074,13.074,13.074,13.074,204,0
20140618,13.074,13.377,13.044,13.377,204,0
20140619,13.064,13.064,13.024,13.024,715,0
20140620,13.024,13.024,13.024,13.024,613,0
20140623,13.034,13.319,13.024,13.319,307,0
20140625,13.064,13.064,13.054,13.054,102,0
20140627,12.927,13.769,12.927,13.465,5923,0
20140701,13.76,13.76,13.367,13.417,3268,0
20140702,13.563,13.563,13.417,13.417,1021,0
20140703,13.691,14.2,13.691,14.2,6433,0
20140704,14.298,14.298,14.298,14.298,204,0
20140707,14.2,14.69,14.181,14.69,2553,0
20140708,14.357,14.69,14.357,14.69,102,0
20140710,13.906,14.102,13.906,14.102,409,0
20140711,14.151,14.161,14.151,14.161,102,0
20140715,14.19,14.19,14.19,14.19,102,0
20140718,14.249,14.249,14.004,14.004,204,0
20140721,14.249,14.298,14.229,14.229,919,0
20140722,14.219,14.494,14.21,14.494,1225,0
20140729,14.387,14.572,14.219,14.396,2145,0
20140730,14.415,14.415,14.415,14.415,102,0
20140731,14.396,14.396,14.249,14.259,2246,0
20140801,14.445,14.445,13.407,14.004,6841,0
20140804,13.76,14.347,13.76,14.347,715,0
20140805,14.2,14.445,14.2,14.445,511,0
20140806,14.21,14.396,14.102,14.387,1123,0
20140807,14.2,14.2,14.2,14.2,1532,0
20140808,13.886,13.886,13.661,13.858,1123,0
20140811,13.956,13.965,13.956,13.965,102,0
20140812,13.956,13.956,13.956,13.956,1123,0
20140813,14.004,14.249,14.004,14.004,2961,0
20140814,14.347,14.347,14.151,14.347,511,0
20140818,13.906,14.053,13.906,14.053,613,0
20140819,14.004,14.004,13.71,13.965,1430,0
20140820,13.808,13.808,13.808,13.808,102,0
20140821,13.896,13.896,13.896,13.896,307,0
20140825,13.906,13.906,13.906,13.906,1430,0
20140826,13.956,13.956,13.808,13.808,1634,0
20140829,14.092,14.181,14.092,14.181,816,0
20140901,14.151,14.2,14.053,14.053,5309,0
20140905,14.102,14.102,13.808,13.858,307,0
20140909,13.858,13.946,13.858,13.946,307,0
20140915,13.808,13.965,13.808,13.965,307,0
20140919,13.906,13.906,13.906,13.906,511,0
20140924,14.004,14.004,14.004,14.004,102,0
20140929,13.808,13.808,13.71,13.71,919,0
20141001,13.603,13.603,13.563,13.563,102,0
20141002,13.417,13.417,13.417,13.417,204,0
20141006,13.407,13.652,13.407,13.417,2553,0
20141008,13.074,13.074,12.006,12.006,4084,0
20141009,12.006,12.006,11.751,11.751,1430,0
20141010,11.507,11.899,11.36,11.899,1327,0
20141013,11.37,11.733,11.37,11.654,2043,0
20141016,11.517,11.849,11.507,11.849,511,0
20141023,11.605,12.682,11.605,11.948,18482,0
20141024,12.232,12.232,12.144,12.192,5412,0
20141029,12.134,12.134,11.801,11.801,307,0
20141030,11.811,11.811,11.801,11.801,715,0
20141031,12.192,12.633,12.192,12.29,3166,0
20141103,12.339,12.339,12.339,12.339,204,0
20141105,12.339,12.858,12.339,12.741,1021,0
20141107,12.192,12.192,12.182,12.182,102,0
20141110,12.242,12.242,12.144,12.144,613,0
20141111,12.398,12.731,12.398,12.731,1634,0
20141112,12.731,12.731,12.094,12.094,1430,0
20141113,12.172,12.252,12.172,12.252,1225,0
20141117,12.486,12.486,12.486,12.486,102,0
20141119,12.682,12.682,12.682,12.682,307,0
20141121,12.829,12.829,12.829,12.829,409,0
20141124,13.024,13.024,12.32,12.32,1430,0
20141125,12.78,12.78,12.633,12.633,307,0
20141127,12.388,12.398,12.388,12.398,102,0
20141128,12.633,13.074,12.633,12.731,1940,0
20141202,12.585,12.585,12.585,12.585,816,0
20141204,12.633,12.78,12.633,12.78,511,0
20141205,12.917,12.927,12.731,12.731,1634,0
20141211,12.829,12.829,12.721,12.731,307,0
20141212,12.633,12.633,12.633,12.633,102,0
20141215,12.878,12.878,12.242,12.242,4289,0
20141216,12.349,12.379,12.242,12.379,4902,0
20141217,12.242,12.242,12.242,12.242,204,0
20141218,12.261,12.437,12.261,12.437,204,0
20141222,12.486,12.633,12.339,12.486,715,0
20141230,12.535,13.906,12.535,13.71,3778,0
20150102,14.014,14.181,13.73,14.181,1225,0
20150105,14.131,14.131,13.417,13.76,2757,0
20150106,13.525,13.613,13.525,13.613,1021,0
20150107,13.515,13.515,12.555,12.731,3676,0
20150108,12.927,13.172,12.927,13.172,511,0
20150112,13.27,13.652,13.27,13.652,919,0
20150113,13.652,13.652,13.427,13.427,204,0
20150114,13.652,13.71,13.289,13.71,816,0
20150120,13.455,13.455,13.455,13.455,102,0
20150121,13.23,13.23,13.23,13.23,102,0
20150122,13.279,13.691,13.27,13.289,5004,0
20150123,13.515,13.71,13.515,13.71,1225,0
20150126,13.71,13.906,13.71,13.906,511,0
20150127,13.681,13.681,13.573,13.573,1940,0
20150129,13.034,13.034,12.829,12.829,816,0
20150130,12.613,14.102,12.613,13.916,5514,0
20150202,14.229,14.229,13.24,13.24,1532,0
20150203,13.211,13.211,13.211,13.211,307,0
20150204,13.27,14.269,13.27,13.407,7352,0
20150205,13.279,13.279,12.996,13.211,1634,0
20150209,13.515,13.613,13.201,13.201,3268,0
20150210,13.201,13.201,12.849,12.849,2145,0
20150211,12.966,13.387,12.936,12.936,1123,0
20150212,12.829,12.829,12.829,12.829,511,0
20150213,12.731,12.731,12.29,12.701,9802,0
20150216,12.78,12.78,12.486,12.731,2043,0
20150217,12.506,12.506,12.496,12.496,1123,0
20150218,12.506,12.506,12.486,12.486,1327,0
20150219,12.467,12.701,12.398,12.535,1225,0
20150220,12.545,12.721,12.535,12.721,511,0
20150223,12.506,12.878,12.506,12.878,5106,0
20150224,13.211,13.211,12.946,12.946,307,0
20150225,13.172,13.172,13.122,13.122,1123,0
20150226,13.27,13.309,13.27,13.309,613,0
20150302,13.074,13.27,13.074,13.27,409,0
20150303,12.819,12.819,12.555,12.731,1021,0
20150304,12.545,12.545,12.535,12.535,409,0
20150305,12.751,12.829,12.633,12.633,1430,0
20150306,12.731,12.731,12.633,12.633,715,0
20150309,12.8,13.044,12.613,12.868,1634,0
20150310,12.613,12.701,12.525,12.603,2859,0
20150311,12.535,12.535,12.535,12.535,204,0
20150312,12.535,12.829,12.31,12.829,3370,0
20150313,12.613,12.633,12.398,12.398,4084,0
20150316,12.613,12.643,12.388,12.388,6127,0
20150317,12.242,12.242,12.242,12.242,816,0
20150318,12.525,12.525,12.242,12.242,511,0
20150319,12.525,12.545,12.182,12.182,3268,0
20150320,12.242,12.585,12.242,12.585,307,0
20150323,12.369,12.369,12.369,12.369,919,0
20150325,12.457,12.467,12.232,12.3,2246,0
20150326,12.388,12.388,12.388,12.388,511,0
20150327,12.261,12.29,12.261,12.28,511,0
20150330,12.427,13.309,12.427,12.437,16236,0
20150331,12.77,12.77,12.427,12.486,32063,0
20150401,12.486,12.486,12.437,12.477,511,0
20150402,12.535,12.535,12.252,12.477,5004,0
20150407,13.319,13.686,13.147,13.534,17310,0
20150408,13.53,13.956,13.53,13.906,4774,0
20150409,13.956,14.934,13.956,14.161,13705,0
20150410,14.616,14.616,14.391,14.592,10182,0
20150413,14.641,14.69,14.445,14.543,9498,0
20150414,14.69,14.69,14.352,14.685,4284,0
20150415,14.783,14.881,14.445,14.445,5029,0
20150416,14.68,14.68,14.279,14.279,4076,0
20150417,14.396,14.641,14.2,14.626,3262,0
20150420,14.641,15.076,14.528,15.071,24119,0
20150421,15.076,15.081,14.822,15.076,2440,0
20150422,14.988,14.988,14.719,14.719,4209,0
20150423,14.71,14.71,14.455,14.587,547,0
20150424,14.592,15.282,14.592,14.896,5125,0
20150427,14.886,14.988,14.886,14.886,1097,0
20150428,14.886,14.886,14.229,14.886,4927,0
20150429,14.577,14.778,14.2,14.279,2544,0
20150430,14.474,14.896,14.474,14.886,7173,0
20150504,14.69,15.081,14.405,14.405,12243,0
20150505,14.205,14.205,14.112,14.112,909,0
20150506,13.911,14.053,13.696,13.901,2717,0
20150507,13.666,13.666,13.216,13.465,7955,0
20150508,13.24,13.808,13.235,13.808,1843,0
20150511,13.956,13.956,13.956,13.956,3173,0
20150512,13.911,13.911,13.813,13.813,3121,0
20150513,13.813,14.205,13.813,14.146,7313,0
20150514,14.053,14.176,13.71,13.808,2441,0
20150515,13.715,14.039,13.573,13.72,2968,0
20150518,14.117,14.2,14.112,14.195,771,0
20150520,13.891,13.891,13.221,13.52,3892,0
20150521,13.515,14.112,13.422,13.813,5244,0
20150522,14.036,14.332,13.922,13.922,3118,0
20150526,13.887,13.937,13.838,13.838,1871,0
20150527,14.075,14.826,13.843,14.011,2102,0
20150528,13.843,13.957,13.838,13.838,1488,0
20150529,14.075,14.218,13.843,14.218,285,0
20150603,14.065,14.065,14.065,14.065,115,0
20150604,14.134,14.134,14.134,14.134,830,0
20150605,14.085,14.13,14.085,14.085,996,0
20150608,14.036,14.036,13.838,13.838,4608,0
20150609,14.134,14.134,13.838,14.036,8436,0
20150610,13.843,14.1,13.838,13.838,3203,0
20150611,14.07,14.134,14.07,14.13,1940,0
20150612,13.892,13.892,13.146,13.838,2540,0
20150615,13.843,14.001,13.838,14.001,1260,0
20150616,13.764,13.838,13.764,13.838,680,0
20150617,14.075,14.075,13.838,13.838,311,0
20150618,13.838,14.075,13.838,13.838,2262,0
20150619,13.843,14.134,13.838,14.134,3790,0
20150622,13.739,14.13,13.63,14.13,493,0
20150623,13.937,14.134,13.937,14.11,684,0
20150624,14.105,14.134,13.779,14.13,493,0
20150626,13.729,13.902,13.66,13.66,3380,0
20150629,13.63,13.63,13.62,13.62,286,0
20150630,13.433,13.433,13.433,13.433,354,0
20150701,13.69,14.134,13.507,13.769,4384,0
20150703,13.68,13.843,13.68,13.734,2242,0
20150707,13.64,13.64,13.077,13.077,1072,0
20150708,13.131,13.146,13.047,13.047,1525,0
20150709,12.948,13.833,12.948,13.21,5121,0
20150710,13.418,13.443,13.413,13.443,910,0
20150713,13.467,13.467,13.393,13.393,524,0
20150714,13.443,13.838,13.443,13.838,3186,0
20150715,13.887,13.887,13.887,13.887,202,0
20150716,13.838,13.838,13.838,13.838,2,0
20150717,13.887,13.887,13.754,13.754,503,0
20150720,13.942,14.337,13.937,14.273,8746,0
20150721,14.431,14.678,14.431,14.678,2664,0
20150722,14.777,14.777,14.421,14.678,658,0
20150723,14.915,15.38,14.915,15.38,4096,0
20150724,14.994,15.419,14.994,15.301,6526,0
20150727,15.321,15.321,14.994,14.994,1328,0
20150728,14.624,14.624,14.332,14.332,1315,0
20150729,14.569,14.777,14.569,14.728,1533,0
20150730,14.975,14.98,14.382,14.604,3297,0
20150731,14.925,15.419,14.925,15.321,12086,0
20150803,15.414,15.578,15.197,15.578,3141,0
20150804,15.667,15.815,15.419,15.464,4333,0
20150805,15.706,15.716,15.518,15.518,531,0
20150806,15.326,15.711,15.182,15.182,2111,0
20150807,15.182,15.498,15.044,15.498,1677,0
20150810,15.76,15.864,15.617,15.864,1696,0
20150811,16.136,16.21,15.909,16.21,1615,0
20150812,15.919,15.919,15.35,15.35,2476,0
20150813,15.498,15.963,15.434,15.434,1644,0
20150814,15.172,15.172,15.014,15.014,1292,0
20150817,15.271,15.271,14.411,14.826,3825,0
20150818,14.772,14.92,14.574,14.574,341,0
20150819,14.53,14.53,14.362,14.362,998,0
20150820,14.327,14.401,14.327,14.396,1479,0
20150821,14.293,14.327,13.344,14.278,2719,0
20150824,13.739,13.739,13.739,13.739,61,0
20150825,13.507,13.739,12.894,13.739,2273,0
20150826,13.789,14.154,13.64,13.64,2292,0
20150827,14.179,14.179,14.164,14.164,809,0
20150831,13.843,14.184,13.838,14.184,2047,0
20150901,14.036,14.036,14.036,14.036,142,0
20150902,14.302,14.302,14.302,14.302,61,0
20150903,14.065,14.144,14.065,14.144,40,0
20150904,14.041,14.13,14.026,14.13,1563,0
20150907,13.887,13.887,13.887,13.887,817,0
20150908,13.838,14.302,13.66,13.66,7011,0
20150909,13.838,14.125,13.838,14.125,584,0
20150910,13.932,13.986,13.932,13.986,42,0
20150911,13.838,13.838,13.556,13.601,710,0
20150914,13.996,13.996,13.69,13.69,969,0
20150915,13.739,13.922,13.739,13.922,1249,0
20150916,14.085,14.174,13.734,14.174,2875,0
20150917,13.932,13.932,13.393,13.433,3603,0
20150918,13.729,13.729,13.344,13.344,850,0
20150921,13.344,13.344,13.344,13.344,30,0
20150922,13.146,13.146,13.146,13.146,408,0
20150923,13.146,13.146,13.146,13.146,132,0
20150924,13.329,13.329,13.329,13.329,218,0
20150925,13.131,13.354,13.131,13.344,1740,0
20150928,13.329,15.034,13.329,14.614,9727,0
20150929,14.372,14.569,14.09,14.09,5346,0
20150930,14.085,14.332,13.324,13.907,9756,0
20151002,13.744,13.744,13.744,13.744,157,0
20151005,13.838,13.981,13.551,13.551,1039,0
20151006,13.739,13.927,13.739,13.887,969,0
20151007,13.942,13.942,13.937,13.937,1464,0
20151008,13.932,14.179,13.932,14.179,1316,0
20151009,14.431,15.024,14.283,14.925,6956,0
20151012,14.925,14.925,14.332,14.678,2300,0
20151013,14.584,14.584,14.426,14.559,2561,0
20151014,14.747,14.747,14.747,14.747,615,0
20151015,14.634,14.634,14.629,14.629,313,0
20151016,14.821,14.826,14.797,14.826,1368,0
20151019,14.634,14.639,14.579,14.579,1362,0
20151020,14.584,14.584,14.579,14.579,1805,0
20151021,14.648,14.648,14.648,14.648,319,0
20151022,14.826,14.826,14.826,14.826,270,0
20151023,14.925,15.81,14.925,15.459,5785,0
20151026,15.459,15.785,15.459,15.775,1470,0
20151027,15.573,15.573,15.439,15.439,2722,0
20151029,15.474,15.741,15.326,15.518,1678,0
20151030,16.309,17.278,16.309,17.001,14603,0
20151102,16.778,17.787,16.778,17.683,34011,0
20151103,17.999,18.681,17.999,18.484,31551,0
20151104,18.577,19.472,18.301,19.175,31684,0
20151105,19.091,19.175,18.829,19.166,13719,0
20151106,19.175,19.492,18.978,19.175,17677,0
20151109,19.274,20.292,19.269,19.976,18816,0
20151110,20.263,21.35,19.966,20.757,13153,0
20151111,20.757,21.251,20.263,20.895,14105,0
20151112,21.044,21.044,19.793,20.658,9492,0
20151113,20.747,20.747,19.472,19.966,7659,0
20151116,19.472,20.06,19.284,19.472,3262,0
20151117,19.778,21.053,19.566,21.053,16545,0
20151118,21.053,22.042,20.95,21.251,25326,0
20151119,21.231,21.404,20.569,21.152,13490,0
20151120,21.251,21.251,20.791,21.251,9031,0
20151123,21.612,21.612,20.846,21.35,12327,0
20151124,21.439,22.566,21.439,21.953,18975,0
20151125,21.894,22.333,21.894,22.185,2230,0
20151126,22.338,22.388,22.156,22.338,6512,0
20151127,22.457,24.206,22.457,23.426,7742,0
20151130,23.623,24.557,23.475,24.315,10973,0
20151201,24.646,24.646,23.228,23.406,13619,0
20151202,23.426,23.524,22.912,22.941,9574,0
20151203,23.258,23.396,22.852,22.882,4473,0
20151204,23.129,23.376,22.763,23.337,10598,0
20151207,23.327,23.327,22.749,22.749,15424,0
20151208,22.734,22.734,22.062,22.432,3781,0
20151209,22.328,22.338,22.091,22.091,1662,0
20151210,21.933,22.655,21.894,22.007,13284,0
20151211,21.899,21.943,21.478,21.612,6314,0
20151214,21.478,23.623,21.478,22.309,23853,0
20151215,22.744,23.608,22.744,23.539,10103,0
20151216,23.722,25.402,23.475,24.711,15317,0
20151217,25.205,25.65,25.007,25.348,8549,0
20151218,25.353,25.353,24.711,24.785,5270,0
20151221,24.444,25.155,24.043,24.809,4128,0
20151222,24.468,24.74,23.94,24.463,3924,0
20151223,24.562,25.6,24.562,25.452,6766,0
20151228,25.6,27.379,25.595,27.078,13620,0
20151229,27.399,28.066,27.182,27.71,9018,0
20151230,27.982,28.956,27.631,28.447,8900,0
20160104,26.687,27.478,25.516,25.783,15415,0
20160105,26.208,26.312,25.6,26.307,5655,0
20160106,26.589,26.589,23.964,24.612,16500,0
20160107,23.277,24.607,23.277,24.276,16313,0
20160108,24.607,25.679,24.434,24.434,7322,0
20160111,23.831,25.066,23.831,24.409,5040,0
20160112,24.74,25.501,24.74,25.205,12921,0
20160113,25.501,26.193,24.898,25.18,13568,0
20160114,24.711,24.804,23.475,24.627,15149,0
20160115,24.024,25.002,23.277,23.604,17812,0
20160118,23.287,24.444,22.546,23.287,13906,0
20160119,23.722,24.454,23.198,23.584,6445,0
20160120,23.722,23.722,22.289,22.951,6768,0
20160121,22.951,24.118,22.951,23.87,4936,0
20160122,24.711,26.129,24.711,25.378,8000,0
20160125,25.066,25.931,25.066,25.274,8587,0
20160126,25.066,25.402,24.488,25.239,6748,0
20160127,25.58,25.699,24.948,25.699,5105,0
20160128,25.808,27.33,25.808,26.786,11171,0
20160129,26.885,27.706,24.513,27.182,45589,0
20160201,27.28,27.547,27.083,27.157,4051,0
20160202,27.157,27.157,25.847,26.885,5592,0
20160203,26.514,26.776,25.951,26.277,5730,0
20160204,26.302,26.302,25.081,26.075,7043,0
20160205,25.719,25.778,25.215,25.215,5618,0
20160208,25.106,25.106,23.347,24.226,13986,0
20160209,23.742,24.216,23.258,24.068,18567,0
20160210,24.211,24.468,23.979,24.083,3282,0
20160211,23.445,23.781,23.134,23.134,2986,0
20160212,22.986,23.707,22.244,23.223,19556,0
20160215,23.752,24.513,23.752,24.216,2399,0
20160216,24.325,24.547,23.544,23.836,4689,0
20160217,24.162,25.719,24.157,25.694,7785,0
20160218,25.709,27.206,25.709,26.836,17265,0
20160219,26.687,27.009,26.44,26.49,5274,0
20160222,26.687,28.738,26.687,28.091,14753,0
20160223,28.229,29.554,27.883,28.763,13594,0
20160224,28.813,29.554,28.714,29.336,14086,0
20160225,29.643,31.333,29.42,31.135,19955,0
20160226,31.432,31.926,29.85,30.157,12850,0
20160229,30.147,31.002,29.534,30.671,8149,0
20160301,31.081,31.081,30.167,30.631,1886,0
20160302,30.641,30.74,30.503,30.641,5030,0
20160303,30.661,31.13,30.088,30.246,3203,0
20160304,30.621,30.72,30.206,30.206,5951,0
20160307,30.78,31.887,30.775,31.452,8868,0
20160308,32.035,32.035,30.888,31.264,4882,0
20160309,31.857,31.857,30.938,31.615,2461,0
20160310,31.61,31.63,31.135,31.555,3047,0
20160311,31.333,31.63,31.135,31.63,4434,0
20160314,31.63,31.679,31.373,31.452,13761,0
20160315,31.595,31.62,31.13,31.219,814,0
20160316,31.333,33.112,31.036,32.618,8927,0
20160317,32.623,33.112,31.486,31.486,6427,0
20160318,31.887,31.901,30.933,31.333,3971,0
20160321,31.333,31.63,30.784,31.61,2334,0
20160322,32.045,32.045,31.457,31.58,3567,0
20160323,31.466,31.827,31.432,31.62,1173,0
20160324,31.432,31.605,31.086,31.333,1101,0
20160329,31.392,32.806,31.185,31.63,12919,0
20160330,32.064,32.712,31.432,32.267,24390,0
20160331,32.415,33.606,31.921,33.063,7739,0
20160401,32.618,33.251,32.608,33.013,8809,0
20160404,33.181,33.438,32.489,32.494,4404,0
20160405,32.47,32.47,29.312,29.959,14302,0
20160406,30.527,31.111,30.246,30.453,3411,0
20160407,29.88,31.946,29.88,31.827,6678,0
20160408,31.877,32.944,31.803,32.064,5408,0
20160411,32.677,33.112,32.223,32.569,2729,0
20160412,33.102,33.102,31.654,32.099,6285,0
20160413,32.144,32.712,31.778,31.807,1038,0
20160414,32.025,32.336,31.432,31.432,1432,0
20160415,31.63,31.857,30.804,31.447,1945,0
20160418,32.045,32.045,30.918,32.035,2028,0
20160419,31.496,31.728,30.468,31.125,6080,0
20160420,31.125,31.125,30.453,30.592,1872,0
20160421,30.453,30.972,29.9,29.9,2739,0
20160422,29.554,29.554,28.397,29.267,11486,0
20160425,29.277,29.682,29.277,29.351,579,0
20160426,28.911,30.626,28.911,30.592,2941,0
20160427,31.076,31.62,30.868,31.155,11340,0
20160428,30.592,31.382,30.592,30.74,3356,0
20160429,30.097,31.15,30.097,30.251,1066,0
20160502,31.412,31.417,30.552,31.358,1535,0
20160503,30.893,31.412,30.439,30.542,9925,0
20160504,30.295,31.076,30.102,30.102,1181,0
20160505,30.631,30.631,30.097,30.097,232,0
20160506,30.631,30.631,29.954,29.954,88,0
20160509,29.811,30.631,29.752,29.752,3852,0
20160510,30.483,31.027,29.86,30.651,14030,0
20160511,31.234,32.134,30.621,32.134,7649,0
20160512,32.45,32.489,29.03,29.03,15668,0
20160513,29.465,30.95,29.465,30,3935,0
20160517,30.3,30.3,29.45,29.45,3598,0
20160518,28.95,28.95,27.17,28,13104,0
20160519,28.5,28.5,27.77,27.915,4039,0
20160520,28.395,30.275,28.35,29.99,17800,0
20160523,29.5,30.25,29.5,29.805,5121,0
20160524,29.52,29.725,28.6,28.8,8285,0
20160525,28.9,29.275,28.25,28.55,6975,0
20160526,29.25,29.25,28.515,28.7,1156,0
20160527,29.245,29.245,28.4,28.5,5353,0
20160530,28.48,29.9,28.455,29.51,6139,0
20160531,30,30.295,29.695,30.295,4464,0
20160601,29.955,30.4,29.8,29.8,2031,0
20160602,29.66,30.5,29.655,30.11,3493,0
20160603,30,31.6,29.995,31.6,12595,0
20160606,30.935,31.79,30.38,30.93,3951,0
20160607,31.015,31.09,30,30.505,1445,0
20160608,29.93,30.98,29.93,30.35,2161,0
20160609,30.39,30.39,29.265,29.355,3555,0
20160610,29.8,29.8,29.05,29.085,687,0
20160613,29,29,28.1,28.41,3237,0
20160614,27.78,29.5,27.78,28.65,8452,0
20160615,29.53,29.53,27.27,28,13188,0
20160616,27.315,28.355,26.51,27.305,6276,0
20160617,27.045,27.665,26.445,27.4,5358,0
20160620,27.87,28.37,27.6,27.675,10717,0
20160621,28.05,28.39,27.555,28.385,2067,0
20160622,28.4,28.865,28.315,28.68,5787,0
20160623,28.6,28.6,28.105,28.59,613,0
20160624,27.55,28.6,26.2,27.98,14434,0
20160627,27.445,27.975,25.82,26.015,32438,0
20160628,26.58,27.345,26.36,26.765,2736,0
20160629,26.995,27,26.5,26.74,5292,0
20160630,26.85,28.2,26.435,28.2,23082,0
20160701,28.655,30.86,28.65,29.25,24533,0
20160704,29.48,29.48,28.25,28.4,2593,0
20160705,28,28,27.105,27.7,6687,0
20160706,27.44,27.455,26.855,27.205,16630,0
20160707,27.5,27.59,26.5,26.81,24091,0
20160708,27.18,27.64,26.3,27.485,22343,0
20160711,27.75,27.75,26.3,27.21,25198,0
20160712,26.99,28.855,26.99,28.835,8374,0
20160713,28.51,29.49,27.31,28.9,28115,0
20160714,28.73,29.51,28.73,29.21,9564,0
20160715,29.3,29.305,28.35,28.755,3660,0
20160718,29.61,30.75,29.3,29.55,26656,0
20160719,29.84,29.995,29.45,29.975,10880,0
20160720,29.65,30.45,29.405,30.4,22718,0
20160721,30.5,30.99,29.81,30.68,13814,0
20160722,30.975,30.975,29.7,30.1,9630,0
20160725,30.1,30.3,29.525,29.85,6234,0
20160726,29.95,30.665,29.72,30.49,10723,0
20160727,30.58,31,30.365,30.97,18636,0
20160728,30.995,31.48,30.38,30.915,7450,0
20160729,31.48,32.49,31.07,31.86,24041,0
20160801,32.41,33.475,30.825,31.93,14879,0
20160802,31.68,32.08,30.37,31.125,13247,0
20160803,31,31.855,30.9,31.53,1831,0
20160804,31.5,32.65,30.415,31.01,8146,0
20160805,31.155,31.9,30.975,31.3,8040,0
20160808,31.895,33,31.88,32.23,10018,0
20160809,32.45,32.615,31.66,31.93,2850,0
20160810,32.54,32.77,31.545,32.42,5035,0
20160811,32.85,32.85,32.435,32.45,2156,0
20160812,32.895,32.895,31.9,32.035,2180,0
20160815,32.66,32.66,31.41,32.16,1501,0
20160816,32.75,32.75,31.36,31.85,6832,0
20160817,32.45,32.45,30.165,30.765,9235,0
20160818,30.465,30.835,29.9,30.15,5865,0
20160819,30.69,30.985,30.11,30.9,863,0
20160822,30.44,30.58,29.98,30.33,5163,0
20160823,30.4,30.51,30.4,30.495,1170,0
20160824,30.69,30.69,30.185,30.185,1287,0
20160825,30.5,30.64,29.92,30.075,2901,0
20160826,29.93,29.995,29.12,29.92,7290,0
20160829,29.78,30.205,29.355,29.7,1633,0
20160830,29.35,30.11,29.35,29.6,2597,0
20160831,29.21,29.725,29.12,29.12,1917,0
20160901,29.12,29.675,29.12,29.165,3197,0
20160902,29.05,29.555,28.965,28.965,3396,0
20160905,28.9,29.325,28.8,28.85,3474,0
20160906,28.9,29.535,28.81,29.15,3190,0
20160907,28.87,29.345,28.8,28.93,2439,0
20160908,29.06,29.625,29,29,9469,0
20160909,29.01,29.685,29,29,1316,0
20160912,29,29.265,28.8,29,8642,0
20160913,29.05,29.11,28.8,29,2638,0
20160914,29.005,29.315,28.695,29,5833,0
20160915,29,29.05,28.8,29.05,3388,0
20160916,29.15,29.605,29.005,29.5,12495,0
20160919,29.875,29.875,29.105,29.5,903,0
20160920,29.5,29.57,29.29,29.305,2040,0
20160921,29.55,29.9,29.5,29.8,9537,0
20160922,29.9,31.25,29.895,31,20058,0
20160923,31.57,31.59,30.385,30.385,4065,0
20160926,33,34.25,32.275,33.425,62808,0
20160927,34,34.68,33.13,34.52,30068,0
20160928,34.98,36.195,34.16,35.395,18973,0
20160929,35.5,36.62,35.01,36.375,21614,0
20160930,36.47,37.5,35.69,37.47,29365,0
20161004,38,38.02,36.305,37.755,16991,0
20161005,37.49,38.3,36.825,38.275,10373,0
20161006,38.4,38.98,36.605,37.05,13266,0
20161007,37,37.36,36.12,36.6,8750,0
20161010,36.4,37.4,35.62,37.4,9586,0
20161011,37.37,37.865,37.37,37.82,6765,0
20161012,37.37,37.66,36.275,36.55,5822,0
20161013,36.93,36.93,34.37,35.15,20168,0
20161014,35.5,36.205,35.15,35.15,11328,0
20161017,35.2,36,35.2,35.97,4976,0
20161018,36.01,36.945,36.01,36.175,9418,0
20161019,36.38,37.115,36.365,36.6,8049,0
20161020,37.125,37.125,36.7,36.98,2800,0
20161021,37,37,36.705,36.955,2645,0
20161024,37,37,36.405,36.775,4217,0
20161025,36.1,37,36.1,36.72,5096,0
20161026,36.32,36.32,35.7,36.095,6849,0
20161027,35.75,36.4,35.75,36.335,5568,0
20161028,36.205,36.455,35.7,35.8,16095,0
20161031,35.9,35.96,34.25,34.42,13038,0
20161101,34.63,36.08,34.6,36.08,9521,0
20161102,35.5,36.375,35.055,36.2,8369,0
20161103,36.15,37.49,36,36.83,9937,0
20161104,36.815,36.815,36.5,36.5,9786,0
20161107,37.09,37.09,36.505,36.505,980,0
20161108,36.5,37.2,36.42,37,9373,0
20161109,36.36,37.4,35,37.4,15594,0
20161110,37.535,40.055,36.24,37.52,30755,0
20161111,38,38,36.6,36.9,10767,0
20161114,37.43,37.6,36.89,36.915,8231,0
20161115,37.195,38,37.195,37.265,10769,0
20161116,37.52,38,37.25,37.33,7901,0
20161117,37.795,38,37.56,37.73,2742,0
20161118,37.325,39.615,37.325,38.875,16290,0
20161121,39.055,40.4,38.7,39.715,13976,0
20161122,39.82,40.49,38.45,40,22838,0
20161123,39.5,40.1,39.06,39.16,12866,0
20161124,39,39.015,37.51,38.5,11397,0
20161125,38.58,38.945,38.53,38.75,1838,0
20161128,38.775,38.88,38,38.23,10398,0
20161129,38.005,38.585,38,38.01,8500,0
20161130,38.7,39.66,38.23,39.66,5709,0
20161201,39.7,39.995,38.27,38.27,16912,0
20161202,38.28,38.6,37.4,38.08,19505,0
20161205,38,40.88,38,40.6,24670,0
20161206,41.05,41.845,39.99,40.11,30746,0
20161207,40,41.495,40,41.495,12470,0
20161208,41.405,42.3,40.605,40.74,13675,0
20161209,41.49,42,41.07,42,3190,0
20161212,40.69,40.775,39.77,40.22,5471,0
20161213,40.21,40.415,39,39.135,20021,0
20161214,39.48,40.99,39.48,40.535,8934,0
20161215,40.66,40.99,40.28,40.78,2291,0
20161216,40.96,41.2,40.5,40.75,20030,0
20161219,40.9,41.2,40.85,41.125,5509,0
20161220,40.8,41.715,40.41,41,10663,0
20161221,40.4,40.995,39.6,40.25,10572,0
20161222,40,40.485,39.29,39.3,5508,0
20161223,39.58,39.99,39.205,39.97,3165,0
20161227,39.99,39.99,39.23,39.345,3456,0
20161228,39.9,39.9,38.5,38.57,15477,0
20161229,38.01,39.49,38,39.22,37329,0
20161230,39,41,39,40.85,25134,0
20170102,40.8,40.8,39.815,39.935,4115,0
20170103,39.9,40.46,38.5,40.07,11512,0
20170104,40.4,42.6,40.2,42.6,19942,0
20170105,42.4,43.55,41.81,41.9,8334,0
20170106,41.9,41.9,40.495,41.365,7014,0
20170109,41.69,41.765,40.845,41.095,2650,0
20170110,41.62,42.54,41.605,42.5,3916,0
20170111,42.64,43,41.91,42.615,11073,0
20170112,42.955,42.955,41.58,42.015,4223,0
20170113,42.3,42.595,41.7,42.38,4350,0
20170116,42.2,42.565,42.155,42.25,2884,0
20170117,42.25,43,42.25,43,5669,0
20170118,43,44.14,42.99,43.95,17170,0
20170119,43.99,44.005,43.87,44,12010,0
20170120,43.995,44,43.69,43.7,8812,0
20170123,43.765,44.015,43.495,43.875,4704,0
20170124,43.75,44,43.4,43.885,6083,0
20170125,43.99,43.99,43.52,43.99,5357,0
20170126,43.92,43.965,43.625,43.9,5029,0
20170127,43.71,43.995,43.7,43.8,5261,0
20170130,43.99,44.94,43.985,44.44,11610,0
20170131,42.84,43.88,41.94,43.87,47317,0
20170201,43.515,44.89,43.515,44.645,7335,0
20170202,44.835,46.39,44.61,46.2,14528,0
20170203,46.6,46.7,45.8,46.365,5940,0
20170206,46.5,48.04,46.03,47.51,18548,0
20170207,47.6,48.59,47.6,48.18,10766,0
20170208,48.12,48.745,47.555,47.68,21077,0
20170209,47.795,48.15,47.795,47.98,25167,0
20170210,48.355,48.565,47.8,48,33480,0
20170213,48.2,49.205,48.175,48.89,6220,0
20170214,48.89,48.89,48,48.05,10771,0
20170215,48.64,48.885,48.205,48.6,8603,0
20170216,48.695,49.195,48.3,49.195,26459,0
20170217,48.89,48.89,47.85,48.12,12473,0
20170220,48.32,48.66,48.1,48.1,4893,0
20170221,48.155,48.2,48,48.01,8951,0
20170222,48.19,48.395,48,48.01,1271,0
20170223,48.05,48.5,48.05,48.5,2228,0
20170224,48.5,48.66,48,48.015,23141,0
20170227,48.085,48.39,48.015,48.385,545,0
20170228,48.39,48.39,48.065,48.065,581,0
20170301,48.315,48.75,48.175,48.4,3140,0
20170302,48.455,48.47,48.12,48.255,844,0
20170303,48.845,49.14,48.12,48.38,3740,0
20170306,48.215,48.25,46.22,46.22,14158,0
20170307,46,46.095,45.255,45.56,8202,0
20170308,45.25,46.12,45.25,45.97,4202,0
20170309,46.13,46.135,45.255,45.975,4534,0
20170310,45.995,45.995,45,45.11,9462,0
20170313,45.01,45.08,43.17,44,22146,0
20170314,44.2,45.695,44.2,45.09,15523,0
20170315,45.18,45.585,45,45.015,3115,0
20170316,45.415,45.445,45,45,1836,0
20170317,45,45,44.025,44.37,4374,0
20170320,44.37,44.88,43.665,43.85,9880,0
20170321,44.295,44.44,43.27,43.27,6240,0
20170322,43.1,43.975,42.22,43.88,29518,0
20170323,43.99,44.625,43.755,44.495,3017,0
