Date,Open,High,Low,Close,Volume,OpenInt
20090409,293.08,296.04,291,293.08,6,0
20090414,290.15,299.5,290.15,299.5,10,0
20090415,294.06,300,294.06,300,13,0
20090416,294.06,300,294.06,300,20,0
20090417,294.06,300,294.06,300,10,0
20090422,293.08,299,293.08,299,4,0
20090424,299,299,299,299,75,0
20090428,299,300,299,300,10,0
20090512,300,310,300,310,57,0
20090513,300,306,300,306,30,0
20090522,294.06,300,294.06,300,9,0
20090525,295,300,290,290,10,0
20090526,287.1,291,287.1,290,24,0
20090602,290,290.1,290,290.1,7,0
20090603,292,292,292,292,6,0
20090605,290,300,290,300,15,0
20090610,294.06,300,294.06,300,70,0
20090612,294.06,300,294.06,300,54,0
20090616,300,300,300,300,4,0
20090622,297,300,297,300,20,0
20090624,294.06,300,294.06,300,20,0
20090630,292.05,297.95,292.05,297.95,1,0
20090701,294.07,300,294,294,10,0
20090703,294.07,307.52,294,303.49,60,0
20090706,295,303.5,295,303.5,4,0
20090709,303.5,305,298,305,50,0
20090721,298.04,303,298.04,302,31,0
20090723,290,307.21,290,307.21,5,0
20090728,307.21,307.21,307.21,307.21,10,0
20090731,307.21,312.43,307.21,312.43,10,0
20090803,308.21,313.43,308.21,312.43,20,0
20090807,308.21,310,308,308,10,0
20090811,310,313,310,313,27,0
20090813,313,313,313,313,6,0
20090814,313,313,313,313,3,0
20090828,290,311,284.1,311,175,0
20090907,290.02,294.95,290.02,294.95,8,0
20090908,295,299.95,295,299.95,10,0
20090910,299.95,300,298,298,15,0
20090911,298,298,298,298,10,0
20090916,298,303.06,298,303.06,6,0
20090918,303.06,311.2,303.06,306,14,0
20090922,303.5,306,303.5,306,10,0
20090923,303.5,306,303.01,303.01,10,0
20091006,290,290,270,281,55,0
20091021,281.1,286,281,286,10,0
20091022,281.2,290,281,290,3,0
20091030,282,290,282,290,1,0
20091109,290,301,290,301,10,0
20091112,305,310,305,310,20,0
20091116,309,312.99,309,312.99,2,0
20091117,309,309.99,309,309.99,10,0
20091118,309,315.99,309,315.99,35,0
20091119,309,316,309,316,10,0
20091130,309,309,309,309,25,0
20091207,309,309,309,309,1,0
20091214,301,314.49,301,301,20,0
20091216,317,317.4,317,317.4,10,0
20091217,317,317,317,317,50,0
20091228,314,315,314,315,8,0
20100107,314,319.5,295,295,10,0
20100113,314,317,314,317,5,0
20100114,314,317.5,314,317.5,3,0
20100120,314,320,310,320,75,0
20100121,315.05,325,315,325,40,0
20100125,315,326,315,326,16,0
20100126,324.95,326,324.95,326,10,0
20100209,320,320,320,320,20,0
20100224,325,325,325,325,10,0
20100226,325,325,323,323,50,0
20100310,312,320,312,320,15,0
20100316,312,320,312,320,8,0
20100318,315,320,315,320,27,0
20100319,320,320,320,320,23,0
20100324,315,315,315,315,10,0
20100329,317,317,315,317,8,0
20100331,315,317,300,317,13,0
20100407,305,320,305,320,32,0
20100408,305,319.95,305,319.95,1,0
20100409,305,324,305,316,152,0
20100413,305,320,305,319,20,0
20100421,320,320,315,315,75,0
20100426,315.5,319.5,315.5,319,17,0
20100428,315,315,315,315,22,0
20100503,315,319.9,315,319.9,10,0
20100505,315,319.9,315,315,10,0
20100506,315,319,305.5,319,1,0
20100513,305,310,305,309.5,2,0
20100517,305,305.5,305,305.5,8,0
20100518,305,315,305,315,14,0
20100519,305,318,305,318,19,0
20100524,318,319.9,318,319.9,5,0
20100531,318,319.9,318,319.85,10,0
20100602,319,319.95,318,319.95,8,0
20100604,318,318,318,318,31,0
20100608,305,320,305,320,15,0
20100610,305,320,305,319,28,0
20100617,310,326,310,326,4,0
20100623,310,350,310,350,3,0
20100628,360,360,353.5,353.5,8,0
20100630,351,351,350,350,115,0
20100708,346,385,346,370,129,0
20100713,350,360,350,360,20,0
20100720,350,350,348,349,20,0
20100805,324.99,325,324.99,324.99,107,0
20100806,315,315,310,310,80,0
20100823,311,325,311,325,11,0
20100824,315,325,315,315,5,0
20100825,312.05,325,312.05,323,188,0
20100827,315,320,312.05,312.05,110,0
20100901,310,315,310,315,13,0
20100902,310,325,310,325,20,0
20100903,310,310.05,310,310.05,30,0
20100906,310,320,310,320,25,0
20100907,318,345,318,345,83,0
20100908,345,345,329.5,329.5,11,0
20100909,325,330,325,330,12,0
20100916,326,326.2,326,326.2,20,0
20100921,326,327,326,326.01,25,0
20100923,325,333,311.05,333,75,0
20100928,326,326,325,325.01,38,0
20100930,325,325.01,325,325.01,7,0
20101005,330,331,330,331,25,0
20101007,326,326.01,326,326.01,7,0
20101011,326,327,326,327,5,0
20101015,326,330,326,330,25,0
20101019,330,330,300,300,140,0
20101022,315,325,315,325,20,0
20101025,315,330,315,330,55,0
20101026,310,325,310,325,10,0
20101027,310,325,310,325,20,0
20101028,310,325,310,325,20,0
20101102,310,325,310,325,40,0
20101103,325,325,321.75,325,95,0
20101104,320,320,320,320,10,0
20101105,320,335,310,335,22,0
20101108,335,335,335,335,88,0
20101110,320,330,320,330,10,0
20101111,320,335,320,335,30,0
20101125,333,340,325,325,5,0
20101130,333,340,333,340,20,0
20101208,330,344,330,344,15,0
20101213,340,349,340,348.99,12,0
20101214,338,349,316,322.99,141,0
20101215,316.5,330,315,320,240,0
20101216,315,318,315,317.4,48,0
20101217,315,317.4,315,317.4,60,0
20101220,315,318,315,318,100,0
20101222,315,317,315,317,100,0
20101227,315,316,315,315.01,101,0
20101229,315,315.5,315,315.5,6,0
20110111,315,315,299,305.95,108,0
20110112,296,310.05,296,310.05,11,0
20110113,310,325,310,325,100,0
20110117,324,334,324,334,78,0
20110118,330,330,324,330,14,0
20110124,324,324.05,324,324.05,7,0
20110126,324,326.4,324,326.4,4,0
20110127,324,328,324,328,75,0
20110128,326,326.8,326,326.8,11,0
20110203,330,335,330,335,55,0
20110204,334,339,334,339,10,0
20110207,338,338,330,330,70,0
20110214,330,340,330,340,10,0
20110217,330,330.05,330,330.05,1,0
20110223,330,330,330,330,6,0
20110224,330,330,330,330,26,0
20110225,326,349,326,349,30,0
20110228,349,350,335,335,10,0
20110301,350,350,335,335,30,0
20110302,350,350,340,340,3,0
20110314,335,335,326,326,30,0
20110316,326,326,322.74,326,3,0
20110325,320,330,320,330,83,0
20110329,320,320,320,320,13,0
20110408,322,333,322,333,18,0
20110420,322,322,322,322,10,0
20110509,313,325.5,313,325.5,12,0
20110511,325,325,325,325,20,0
20110516,320,330,320,320,110,0
20110517,313,316,313,316,13,0
20110520,313,320,310,312,74,0
20110523,310,310,310,310,9,0
20110524,305,320,305,310,4,0
20110526,310,320,310,320,5,0
20110606,321,330,321,330,3,0
20110614,330,400,321,370,80,0
20110615,365,365,350,365,3,0
20110617,350,350,320,320,30,0
20110620,320,322,320,322,32,0
20110624,320,340,320,340,5,0
20110627,320,340,320,320,20,0
20110629,320,330,320,320,4,0
20110630,320,330,320,330,3,0
20110701,325,330,325,325,1,0
20110704,320,380.01,320,333.5,144,0
20110705,365,365,360,360,3,0
20110706,340,360,340,340,2,0
20110711,340,340,340,340,20,0
20110712,340,340,340,340,20,0
20110725,350,355,350,350,21,0
20110726,350,350,350,350,20,0
20110728,350,355.5,350,350,5,0
20110729,350,350,350,350,52,0
20110802,340,340,320,320,51,0
20110805,319.04,321,315,319.04,25,0
20110808,315,316,315,315,2,0
20110809,317,335,315,335,16,0
20110810,317,325,317,317,75,0
20110815,325,380,325,325,50,0
20110823,325,368,325,325,74,0
20110824,368,368,368,368,10,0
20110825,340,369.99,340,340,13,0
20110829,329.5,369.99,329.5,369.99,10,0
20110831,339.5,370,339.5,369.99,1,0
20110901,349.5,370,349.5,370,18,0
20110902,349.5,370,349.5,350,3,0
20110905,324.5,350,320.01,320.01,9,0
20110907,324.5,349.99,324.5,349.99,10,0
20110913,350,350,324.5,350,4,0
20110914,325,353,324.5,353,5,0
20110926,352,352,324.5,325,10,0
20111012,349.5,350.01,349.5,350.01,1,0
20111013,349.5,350,349.5,350,20,0
20111014,350,350.01,349.5,350.01,3,0
20111017,350,350.01,349.5,350.01,5,0
20111019,350,350,349.5,350,20,0
20111020,350,350,349.5,350,4,0
20111027,350,350,350,350,40,0
20111028,344,345,344,345,50,0
20111114,344,344,344,344,5,0
20111115,339,341,339,341,6,0
20111130,337.34,337.58,337.33,337.58,2,0
20111201,365.74,365.74,325,349.99,9,0
20111205,325.49,350,325.001,325.001,1,0
20111216,326.3,330,325.82,330,5,0
20111220,325,325.42,325,325.42,3,0
20111229,327,340.447,327,340.447,2,0
20120103,329.67,343.984,329.67,343.984,3,0
20120106,330.25,343.926,330.25,343.926,2,0
20120111,330.52,337.177,325.635,337.177,15,0
20120117,330.879,331.58,330.879,331.58,10,0
20120125,331.39,331.39,325.001,325.001,12,0
20120131,325.38,325.563,325.376,325.563,5,0
20120202,334.7,338,330,338,89,0
20120207,338.109,338.116,338.001,338.116,36,0
20120209,338.72,348.5,338.572,348.5,33,0
20120216,339,339.999,339,339.999,1,0
20120222,339.37,339.371,339,339,50,0
20120223,338.01,340,338.01,340,4,0
20120224,340,340,340,340,16,0
20120301,338.01,338.01,337.007,337.007,3,0
20120308,330,330,330,330,6,0
20120312,330,330,330,330,10,0
20120313,330,334,330,334,10,0
20120315,330,330,319.986,319.986,58,0
20120319,320,327.999,320,327.999,4,0
20120329,320,320.2,320,320.2,10,0
20120402,318.941,333.999,318.94,324.999,15,0
20120404,320,320,318.8,318.8,10,0
20120413,318.01,319.95,318.006,319.95,14,0
20120416,318,322,318,322,48,0
20120418,318,322,318,322,12,0
20120424,319.58,325,319.58,325,40,0
20120425,322,333.99,322,333.99,178,0
20120426,325.44,350,325.44,350,84,0
20120427,331.12,351,331.12,351,42,0
20120503,329.47,360,329.466,360,86,0
20120504,352.18,352.181,337.381,338,60,0
20120507,336.8,338,336.8,338,90,0
20120509,338,349.8,338,349.8,4,0
20120511,337.669,349.415,337.669,349.415,12,0
20120514,336.03,364,336.03,340,92,0
20120516,338.8,340,330.773,330.773,30,0
20120606,329.75,349.499,329.747,349.499,3,0
20120607,329.72,349.5,329.72,349.5,20,0
20120611,330.88,349.5,330.88,349.5,40,0
20120614,333.56,349.499,333.56,349.499,4,0
20120619,333.8,333.801,333.001,333.001,5,0
20120620,336.15,336.15,336.149,336.149,2,0
20120621,336.15,349.499,336.147,349.499,9,0
20120702,335.94,345.4,335.94,343.5,34,0
20120703,336.17,336.17,335,335,10,0
20120710,337.02,337.099,337.02,337.099,3,0
20120711,335.7,336,335.7,336,11,0
20120724,331.429,334,331.429,333.9,15,0
20120725,326.87,340,326.87,340,15,0
20120726,341.18,341.18,340,340,13,0
20120730,337.94,337.94,337.938,337.938,3,0
20120801,324.8,325,324.8,325,4,0
20120806,327.01,330,327.01,330,84,0
20120807,327,330,317,330,90,0
20120810,330,338.864,329.8,338.864,3,0
20120814,330.12,330.124,330,330,24,0
20120816,321.01,330,321.008,330,11,0
20120817,321.08,330.001,321.08,330.001,10,0
20120821,335.16,335.16,335,335,13,0
20120905,321.82,321.82,305,305,260,0
20120906,301.9,305,301.9,304.936,254,0
20120907,303.05,305,303.05,305,80,0
20120911,302.8,314.107,302.8,314.107,4,0
20120912,309.8,315.914,309.8,315.914,4,0
20120914,316.28,316.282,310,310,25,0
20120917,308.04,308.04,308.039,308.039,5,0
20120919,302.86,323.479,302.86,323.479,4,0
20120928,306.965,329.95,306.965,329.95,14,0
20121010,310,315,308,308,35,0
20121011,308.037,310,308,310,15,0
20121019,311.5,320,311.3,320,9,0
20121102,314.71,314.711,314.241,314.241,3,0
20121106,311,338.054,311,338.054,5,0
20121109,333,333,316.28,330,15,0
20121116,315.259,316.001,315.259,316.001,4,0
20121206,319.61,322,319.605,322,23,0
20121207,318.98,319.09,318.98,319.09,4,0
20121214,318.95,319.2,318.95,319.2,5,0
20121220,319.66,320,315,318.95,55,0
20121221,306.7,307.753,305.849,305.849,15,0
20130107,309.9,339.999,309.9,339.999,15,0
20130111,316.08,344.999,316.08,344.999,50,0
20130124,321.97,322,321.97,322,5,0
20130125,321.8,322,320,320,20,0
20130129,321.89,324.999,305,306.05,299,0
20130130,306.9,315.991,306.9,315.991,30,0
20130207,314.8,330.549,314.8,330.549,4,0
20130208,315.05,332.806,315.045,332.806,7,0
20130212,315,315,314.8,315,50,0
20130218,314.8,331.999,314.8,331.999,10,0
20130219,314.81,332,314.81,316,5,0
20130220,319.87,332,319.87,332,75,0
20130227,315.87,316.01,315.87,316.01,5,0
20130228,316.23,339.95,316.228,339.95,15,0
20130311,321.8,322.001,321.8,322.001,3,0
20130313,321.8,334.89,321.8,334.89,5,0
20130315,321.8,330,321.8,322,50,0
20130318,321.8,322,321.8,322,10,0
20130320,322.8,323,322.8,323,30,0
20130321,321,321,320,320,14,0
20130322,309.8,319.999,309.8,310,122,0
20130326,314.91,320,314.91,320,10,0
20130328,314.91,319.99,314.91,319.99,4,0
20130403,316.5,319.9,316.5,319.9,23,0
20130405,315,315,314.91,314.914,50,0
20130411,312.84,312.843,312.84,312.843,5,0
20130416,312.31,312.51,312.31,312.51,10,0
20130418,310.07,315,310.07,315,40,0
20130422,310.004,315.999,309.8,315.999,8,0
20130424,309.92,310,305,305,200,0
20130425,303.94,315,303.94,315,40,0
20130429,303.97,310,303.97,310,16,0
20130430,306.66,310,306.66,307,24,0
20130507,310.16,310.162,310.16,310.162,5,0
20130508,307.56,313,307.56,313,30,0
20130513,310,314.999,309.8,310,38,0
20130516,310,310,309.95,310,5,0
20130517,311.92,314.999,311.92,314.999,10,0
20130520,314.99,314.99,311.92,311.92,3,0
20130521,312.12,315,310,310,190,0
20130523,308,316.999,307.8,307.8,2,0
20130528,311,311,310.876,310.876,24,0
20130529,308,313,307.8,313,21,0
20130531,308.551,315,308.55,315,18,0
20130605,309.8,310,309.8,310,5,0
20130606,309.8,315,309.8,315,30,0
20130610,302,302.3,302,302,30,0
20130611,304.58,310,304.58,310,20,0
20130614,307.03,315,307.028,315,16,0
20130617,306.68,330,306.68,330,77,0
20130618,316.48,316.48,310,310,62,0
20130619,310.8,315,310.8,315,20,0
20130620,310.85,311,310,310,53,0
20130621,305.92,316,305.92,316,20,0
20130624,310,315,310,315,35,0
20130627,309.84,319.099,309.84,319.099,9,0
20130703,309.65,320,306.648,319.1,86,0
20130704,309.56,319,309.56,319,15,0
20130711,310.75,318.9,310.746,318.9,30,0
20130712,310.58,318.5,310.578,318.5,9,0
20130716,310.18,311,306.12,311,150,0
20130717,304.84,310,304.84,310,15,0
20130723,310,315,309.8,315,71,0
20130729,310.168,318.7,310.168,318.7,35,0
20130730,318.7,318.8,318.6,318.8,5,0
20130731,318.5,319,318.5,319,24,0
20130801,318.316,322,318.316,322,10,0
20130807,316.387,316.39,316.387,316.387,4,0
20130808,312.229,316,306,316,30,0
20130809,305.057,319,305.057,319,17,0
20130812,305.07,319.5,305.067,319.5,7,0
20130815,309.83,310,309.83,310,20,0
20130819,314.8,315.001,314.8,315.001,1,0
20130827,314.81,319.95,314.81,319.95,20,0
20130913,312.88,312.881,312.88,312.881,1,0
20130916,305,318.989,305,318.989,1,0
20130917,305,305.001,305,305.001,5,0
20130918,314.98,315,314.98,315,10,0
20130919,305,314.071,305,314.071,11,0
20130924,305.87,314.95,305.87,314.95,9,0
20130925,305.95,315,305.95,315,25,0
20130927,305.44,321.999,305.44,321.999,24,0
20131002,311.8,322,311.8,322,100,0
20131007,311.92,328.5,311.92,328.5,3,0
20131008,311.88,330,311.88,330,36,0
20131015,321.167,325,321.167,325,10,0
20131018,320.46,325,320.46,325,10,0
20131021,320.24,334.9,320.24,320.24,24,0
20131025,314.8,319.999,314.8,319.999,1,0
20131108,315.3,327.87,315.3,327.87,41,0
20131125,315.3,315.5,315,315,20,0
20131126,314.05,315.3,314.05,315.3,135,0
20131129,313.57,315.982,313.57,315.982,3,0
20131202,313.39,316,313.39,316,22,0
20131204,312.92,327,312.92,327,26,0
20131205,330.2,333.2,329,333.2,18,0
20131209,329.16,330,329.16,330,5,0
20131210,328.9,329,328.9,329,3,0
20131211,321.79,329,321.79,329,7,0
20131212,321.57,330,321.565,330,50,0
20131213,321.33,328.5,321.328,328.5,77,0
20131216,321.37,330,321.366,330,20,0
20131219,324.8,335.5,324.8,335.5,6,0
20140108,325.435,339.59,325.435,339.59,34,0
20140109,329.8,345,329.8,345,66,0
20140113,325.09,325.5,325,325,50,0
20140114,320.3,320.7,320.3,320.7,5,0
20140116,320.42,343.99,315.5,325.105,101,0
20140117,315.47,315.5,301,310.01,402,0
20140120,310.02,314,305,305,217,0
20140121,304.74,310,304.74,309,50,0
20140122,306,318,305,305.2,246,0
20140123,304.67,311,304.67,305,265,0
20140124,304.8,315,301,315,141,0
20140128,309.8,315,309.8,315,34,0
20140129,310.3,314.95,310.296,314.95,5,0
20140131,311.68,315.5,311.68,315.5,30,0
20140206,313.06,315,312,312,37,0
20140213,315.01,330,315.01,315.014,46,0
20140218,314.89,322,314.89,322,15,0
20140221,321,328.5,320.8,328.5,3,0
20140224,320.8,321,316.5,316.5,22,0
20140225,315.86,316.001,315.86,316.001,1,0
20140313,314.07,322,314.07,316,37,0
20140317,316.59,316.59,315,315,43,0
20140319,311.8,315,311.799,315,8,0
20140321,315.8,316,315.8,316,6,0
20140324,315.8,316.349,315.8,316.349,2,0
20140325,316.185,319.99,316.185,319.99,22,0
20140326,316.311,319.989,316,319.989,65,0
20140401,302.85,325,302.85,320,50,0
20140402,302.85,325,302.85,325,230,0
20140408,312.62,338.5,312.62,338.5,5,0
20140409,313.57,330,313.57,320,4,0
20140414,304.29,320,304.29,320,30,0
20140415,304.43,319.99,304.43,319.99,1,0
20140422,319,338.5,304.29,338.5,7,0
20140423,335,335,313.1,319,20,0
20140424,319,338.5,313.1,338.5,4,0
20140430,306.67,325,306.67,325,10,0
20140506,303.33,324.999,303.33,324.999,2,0
20140508,312,325,303.29,325,31,0
20140509,307.14,337.7,307.14,337.7,35,0
20140512,309.48,329.899,309.48,329.899,4,0
20140513,307.1,330,307.1,330,9,0
20140519,308.33,315.501,308.33,315.501,1,0
20140523,307.38,329.99,307.38,329.99,10,0
20140526,307.38,329.95,307.38,329.95,2,0
20140529,307.85,329.99,307.85,329.99,3,0
20140530,307.85,316.501,307.85,316.501,10,0
20140606,307.4,316.551,307.4,316.551,7,0
20140612,304.76,328.989,304.76,328.989,10,0
20140616,298,311,298,310.99,20,0
20140617,301.19,315,301.19,305.15,11,0
20140620,305.1,325,300.05,305,51,0
20140623,299.52,324,299.52,324,15,0
20140624,301.43,310,301.43,310,4,0
20140626,301.43,310,301.43,310,21,0
20140703,301.5,306.501,301.5,306.501,1,0
20140707,301.5,323,301.5,323,35,0
20140711,301.5,307,301.5,307,12,0
20140715,301.5,320.499,301.5,320.499,2,0
20140731,302.5,319,302.5,318,200,0
20140801,301.5,310,301.5,305,187,0
20140804,300.5,302,300.5,302,35,0
20140806,303,310,301.5,310,8,0
20140807,301.5,317.999,301.5,317.999,1,0
20140808,305.5,317.99,305.5,317.99,2,0
20140812,305.5,318,305.5,318,3,0
20140818,305.5,310,305.5,310,20,0
20140819,306,316.999,305.5,316.999,7,0
20140825,306,318,306,318,85,0
20140902,306,307.1,300.5,306,67,0
20140903,300.05,325,300.05,325,51,0
20140904,306,307.2,306,307.2,5,0
20140908,306,311,306,311,10,0
20140911,306,308,306,308,10,0
20140912,306,307.1,306,307.1,15,0
20140917,307.1,308.001,307.1,308.001,1,0
20140918,308,308,308,308,20,0
20140924,306,308,306,308,2,0
20140925,306,308.25,306,308.25,1,0
20141006,305,305.16,305,305.16,4,0
20141007,305,305.05,305,305.05,4,0
20141009,305,305,305,305,65,0
20141010,294.02,302.5,294.02,300.05,20,0
20141013,290,300,280.501,300,42,0
20141014,290.48,300,290.48,300,10,0
20141015,282.7,300,282.7,300,10,0
20141016,278.57,300,278.57,300,35,0
20141017,280,300,280,300,10,0
20141020,280.05,305,280.05,305,20,0
20141021,285.72,305,285.72,305,100,0
20141029,310,310,290.48,290.48,56,0
20141030,290.48,300,290.48,300,10,0
20141120,291.91,307,291.91,307,50,0
20141124,291.91,310,291.91,303.001,8,0
20141127,299.05,303,299.05,303,12,0
20141201,299.05,303,299.05,303,5,0
20141204,303,303,299.05,299.05,10,0
20141205,299.05,303,299.05,303,9,0
20141211,303,303,296.191,296.191,26,0
20141216,300,324.5,300,324.5,3,0
20141218,299.52,310,299.52,310,30,0
20141230,295.24,324,295.24,324,95,0
20150102,299.52,305.05,299.52,305.05,3,0
20150105,299.52,323.9,299.52,323.9,10,0
20150106,299.48,323.8,299.48,323.8,17,0
20150107,299.29,320,299.29,320,11,0
20150108,306.43,320,306.43,320,6,0
20150109,299.29,320,299.29,320,1,0
20150119,300.93,312.01,300.93,305.58,12,0
20150120,297.83,305.51,297.83,305,60,0
20150121,296.43,319.85,296.43,319.85,4,0
20150123,295.72,327,295.72,316,374,0
20150126,312,321,312,321,25,0
20150130,321.91,326,321.91,323,23,0
20150202,308.52,308.525,308.52,308.525,10,0
20150205,299.3,315,299.3,315,100,0
20150209,300,310,300,308.525,70,0
20150210,298.1,306.085,298.1,306.085,3,0
20150212,298.1,310,298.1,310,3,0
20150218,300,310.01,300,310,10,0
20150223,300,310.01,300,310.01,10,0
20150224,299.54,310.04,299.54,307.5,32,0
20150225,298.33,318.95,298.33,318.95,17,0
20150227,298.81,344.18,298.81,344.18,130,0
20150302,316.28,349.5,308.47,345,66,0
20150303,318.33,330,318.33,330,137,0
20150305,314.29,339.95,314.29,319,11,0
20150306,311.93,315.05,311.93,315.05,10,0
20150309,310.48,339.999,310.48,339.999,25,0
20150310,311.91,339.99,311.91,339.99,50,0
20150311,311.91,330,311.91,330,3,0
20150316,311.88,335,311.88,335,218,0
20150319,314.26,325.05,314.26,325.05,2,0
20150320,316.64,325,316.64,325,6,0
20150323,314.29,335.01,314.29,335.01,73,0
20150324,314.29,335,314.29,330,12,0
20150325,311.91,339.95,311.91,339.95,50,0
20150326,316.64,339.95,316.64,339.95,9,0
20150330,316.64,327.3,316.64,327.3,3,0
20150401,319.02,339.95,319.02,339.95,31,0
20150402,322.86,329,322.86,329,4,0
20150408,330,349,330,349,10,0
20150410,330,345,330,345,10,0
20150413,330,347.99,330,347.99,15,0
20150415,333,333,333,333,15,0
20150421,334,334,334,334,11,0
20150423,333,334,333,334,10,0
20150427,331,342,331,342,15,0
20150429,340,349,340,349,146,0
20150505,332,349.5,332,349.5,8,0
20150506,335,349,335,349,25,0
20150507,335,349.5,335,349.5,50,0
20150513,340,340,340,340,10,0
20150514,335,340,335,340,4,0
20150520,339,349,339,349,15,0
20150526,339,348.95,339,348.95,21,0
20150527,340.1,348,340.1,348,34,0
20150529,339,349,339,349,51,0
20150601,340,342.1,340,342.1,15,0
20150603,340,347.99,340,347.99,7,0
20150608,341,341.08,341,341.08,2,0
20150609,341,348.99,341,348.99,13,0
20150610,341.1,349.5,341.1,349.5,301,0
20150611,343,350,343,350,20,0
20150615,339,370,325,325,210,0
20150616,325,325,325,325,3,0
20150618,335,350,335,350,4,0
20150623,345,350,345,350,5,0
20150625,345,360,345,360,15,0
20150626,361,361,360,360,187,0
20150630,351,351,347.98,347.98,1,0
20150701,348,348,348,348,2,0
20150702,345,348,345,348,93,0
20150706,350,370,350,370,45,0
20150714,350,350,340,340,10,0
20150717,340,355,340,355,110,0
20150720,360,374.95,360,374.95,6,0
20150722,370,370,370,370,200,0
20150723,360,370,360,370,200,0
20150724,360,365,360,365,41,0
20150803,360,370,360,370,70,0
20150804,370,370,370,370,28,0
20150805,374.8,388.5,372.5,388.5,281,0
20150810,370.5,400,370.5,400,73,0
20150812,370.5,395,370.5,395,2,0
20150813,380,400,380,400,5,0
20150814,380,395,380,395,10,0
20150817,380,410,380,410,19,0
20150820,370,398.95,370,398.95,1,0
20150821,370,370,370,370,4,0
20150824,372,372.05,372,372,16,0
20150827,398.95,398.95,398.95,398.95,25,0
20150902,363.73,389.9,363.73,389.9,9,0
20150907,380,380,380,380,6,0
20150917,382,396,382,382,89,0
20150918,382,382,382,382,10,0
20150924,360.2,360.2,342.95,342.95,30,0
20151006,356,381.99,356,381.99,1,0
20151008,358,381.95,358,381.95,3,0
20151013,361,383,361,383,31,0
20151015,361,361,361,361,15,0
20151016,360,389.71,355.5,355.5,59,0
20151019,387,387,355.5,355.5,19,0
20151020,360,360,360,360,11,0
20151022,375,375,370,370,16,0
20151027,364,370,364,370,6,0
20151028,364,380.99,364,380.99,28,0
20151029,375,380,375,380,10,0
20151030,380.5,380.5,365,365,18,0
20151102,355,382,355,360,84,0
20151111,362,362,360,360,15,0
20151112,359.8,359.8,357.02,357.02,10,0
20151116,357,357,352,352,198,0
20151118,352,355,352,355,18,0
20151119,355,366,355,355,35,0
20151123,361,361,355,355,63,0
20151124,355,361,355,361,23,0
20151125,355,355,355,355,20,0
20151126,355,355.02,355,355.02,1,0
20151201,355,364.9,355,364.9,10,0
20151203,355,364.9,355,355.02,10,0
20151208,355.01,365,355.01,364.95,20,0
20151210,356,361,356,361,10,0
20151215,356,361,356,361,10,0
20151216,355.01,355.01,355,355,35,0
20151218,355,355,355,355,24,0
20151222,350,361,350,361,1,0
20151223,350.05,350.05,350.05,350.05,4,0
20160104,365,365,350,350,17,0
20160105,325.5,350,325.5,350,5,0
20160107,327,374.5,327,374.5,61,0
20160108,337.529,360,337.529,350,11,0
20160112,336,336,336,336,15,0
20160113,336,352,336,352,27,0
20160114,352,352,352,352,45,0
20160118,346,346,346,346,8,0
20160120,336,336,335.5,335.5,10,0
20160203,330,390,330,355,70,0
20160212,340,340.001,340,340.001,1,0
20160216,340,340,335.5,335.5,10,0
20160217,335,354,335,354,30,0
20160218,340,355,340,350,55,0
20160222,340,350,340,350,10,0
20160226,350,350,345,345,17,0
20160301,345,359.9,345,359.9,2,0
20160304,345,375,345,375,45,0
20160307,346.81,346.81,346.81,346.81,1,0
20160315,350,380,350,380,22,0
20160316,353.334,380,353.334,380,124,0
20160321,355,400,355,363.924,55,0
20160323,351,361,351,361,20,0
20160331,363.19,379.5,363.19,379.5,24,0
20160420,368,380,368,379.99,20,0
20160421,360,380,360,380,104,0
20160422,360,380,360,360,409,0
20160427,360,380,360,380,150,0
20160428,360,380,360,380,15,0
20160429,360,380,360,380,30,0
20160504,360,380,360,380,10,0
20160506,360,390,360,390,8,0
20160509,360.5,389,360.5,389,5,0
20160511,361,390,361,390,10,0
20160518,361,390,361,390,10,0
20160523,389.999,389.999,361.601,361.601,24,0
20160525,362,372,362,372,10,0
20160527,370,390,370,390,10,0
20160602,362.5,389.5,362.5,389.5,1,0
20160603,370.1,375,370.1,375,2,0
20160606,370.1,375,370.1,375,45,0
20160607,375,375,375,375,10,0
20160608,370.1,375,370.1,375,10,0
20160609,370.1,375,370.1,375,10,0
20160610,375,375,374.999,374.999,14,0
20160614,379,379,360.5,379,32,0
20160615,360,375,360,375,50,0
20160616,361.5,375,361.5,375,33,0
20160620,370,384.989,370,384.989,1,0
20160622,370,384,370,370,8,0
20160623,370,370,370,370,15,0
20160624,365,369,360,361,270,0
20160627,369,369,355,355,40,0
20160628,353,354.999,353,354.999,10,0
20160629,353.1,355,353.1,355,73,0
20160630,353.1,355,353.1,355,25,0
20160701,353.5,355,353.5,355,85,0
20160705,354.2,374.628,354.2,374.628,10,0
20160706,354.2,354.2,354.1,354.1,10,0
20160707,354.1,368,354.1,368,12,0
20160708,355.1,367.499,355.1,367.499,1,0
20160714,363,363,363,363,3,0
20160718,362,362,358.001,358.001,14,0
20160722,360,363,360,363,5,0
20160725,360,365,360,365,2,0
20160727,365,379.999,365,379.999,50,0
20160728,365,379,365,379,10,0
20160729,365,379.999,365,379.999,4,0
20160801,375,378.499,375,378.499,20,0
20160804,365,365.001,365,365.001,3,0
20160805,378.5,378.5,378.5,378.5,20,0
20160809,365.1,385,365.1,385,645,0
20160810,385.001,385.001,385,385,25,0
20160811,385,385,385,385,10,0
20160815,385,400,385,400,324,0
20160816,400,400,400,400,101,0
20160819,385.008,423.507,385.008,423.507,3,0
20160822,385,385,365.1,365.1,73,0
20160823,375,400,375,400,50,0
20160825,395,400,395,400,50,0
20160830,385,409,385,409,10,0
20160901,386.397,390,386.397,390,25,0
20160905,389,389,389,389,10,0
20160912,425,465,420,420,151,0
20160920,394,415,394,415,7,0
20160921,400,414.95,400,414.95,60,0
20160928,400,409.999,400,409.999,5,0
20160929,401,401,401,401,15,0
20160930,400,400.001,400,400.001,5,0
20161011,400,400.05,400,400.001,115,0
20161013,400,409.9,400,409.9,56,0
20161021,405,419,405,419,10,0
20161027,405,420,405,420,50,0
20161028,418.271,459.999,418.271,449.5,9,0
20161101,419.06,419.06,419.06,419.06,5,0
20161107,418.6,460,418.6,450,75,0
20161109,419.06,419.061,419.06,419.06,40,0
20161114,405.267,405.267,405.267,405.267,5,0
20161124,412,444.999,412,444.999,5,0
20161125,414.286,435,414.286,435,60,0
20161128,435,435,435,435,10,0
20161129,435,435.001,435,435.001,4,0
20161201,435,435,435,435,10,0
20161206,435,459,435,459,12,0
20161207,435,460,435,460,25,0
20161208,435,440,435,435,32,0
20161209,436.514,436.514,436.514,436.514,8,0
20161212,435,454,435,454,4,0
20161213,435,435,435,435,10,0
20161214,425.1,450.001,425.1,450.001,82,0
20161216,450,450,450,450,10,0
20161220,450.1,450.1,450,450,52,0
20161221,450,450,450,450,68,0
20161222,425.398,460,425.398,460,10,0
20170104,450,495,450,467.614,203,0
20170110,463.648,510,463.648,510,10,0
20170111,463.57,500,463.57,500,10,0
20170112,470,501,450.1,481,90,0
20170116,458.096,496,458.096,458.096,3,0
20170117,456,497,456,497,5,0
20170123,456,502,456,502,58,0
20170125,480,509,480,509,110,0
20170130,500,500,480.953,480.953,105,0
20170214,489,500,489,500,10,0
20170215,500,509.999,500,509.999,60,0
20170216,509,510,509,510,48,0
20170217,509,515,501,515,50,0
20170220,515.5,529,515.5,520,21,0
20170222,515.5,520,505,505,30,0
20170223,527,527,527,527,24,0
20170224,500,528,500,528,16,0
20170301,517,529.4,517,529.4,4,0
20170302,520,529.55,520,521,312,0
20170303,525,529,525,529,2,0
20170306,525,530,525,530,280,0
20170309,529.5,529.5,517,517,49,0
20170310,517,530,517,530,6,0
20170313,517,517.5,517,517.5,2,0
20170315,517,517,511.341,511.341,10,0
20170317,518.14,518.14,518.14,518.14,6,0
20170321,518.14,553,518.14,553,1,0
