Date,Open,High,Low,Close,Volume,OpenInt
20090406,4.3716,4.6222,4.2277,4.3344,91762,0
20090407,4.3716,4.4087,4.1999,4.237,30060,0
20090408,4.1767,4.2694,4.1303,4.1303,20576,0
20090409,4.1767,4.5479,4.1767,4.4783,41567,0
20090414,4.3716,4.5712,4.3716,4.4598,25936,0
20090415,4.4412,4.6037,4.4273,4.5804,23738,0
20090416,4.5294,4.6083,4.4273,4.4273,13694,0
20090417,4.4412,4.7243,4.4412,4.6454,9490,0
20090420,4.5943,4.6268,4.2231,4.2231,36677,0
20090421,4.1906,4.4412,4.1906,4.3205,11383,0
20090422,4.3252,4.6037,4.3205,4.4552,17327,0
20090423,4.4087,4.5062,4.3344,4.3902,26393,0
20090424,4.3391,4.469,4.3391,4.4552,25666,0
20090427,4.353,4.5247,4.353,4.4227,30935,0
20090428,4.3159,4.4552,4.3159,4.3948,12306,0
20090429,4.3391,4.5015,4.3391,4.3902,17116,0
20090430,4.404,4.6175,4.3716,4.4969,49722,0
20090504,4.5154,4.5804,4.4087,4.5108,32256,0
20090505,4.4552,4.8264,4.4319,4.6733,136179,0
20090506,4.6454,4.9424,4.6037,4.9331,55625,0
20090507,4.882,5.2626,4.8495,5.012,72001,0
20090508,5.0028,5.2394,5.0028,5.1884,51432,0
20090511,5.1419,5.3833,4.9656,5.0491,90569,0
20090512,4.947,5.1048,4.947,5.0724,34539,0
20090513,4.9981,5.0399,4.8728,4.896,33608,0
20090514,4.8728,5.0213,4.8357,4.9006,28418,0
20090515,4.9145,5.2719,4.9145,5.0724,58546,0
20090518,5.0028,5.1048,5.0028,5.1048,25240,0
20090519,5.1326,5.1976,5.0491,5.1048,34133,0
20090520,5.063,5.258,5.063,5.193,63889,0
20090521,5.0538,5.1559,5.012,5.0584,18168,0
20090522,5.0816,5.2162,5.0584,5.2069,25280,0
20090525,5.1791,5.2719,5.012,5.012,48513,0
20090526,5.0028,5.0955,4.6964,4.8728,60495,0
20090527,4.8914,5.1048,4.8728,5.077,29088,0
20090528,5.0166,5.1513,5.012,5.1513,10283,0
20090529,5.1513,5.3229,5.1048,5.2811,51856,0
20090601,5.0816,5.2858,5.0816,5.2673,8096,0
20090602,5.2209,5.3369,5.1188,5.3229,33531,0
20090603,5.3044,5.4993,5.2719,5.4204,22072,0
20090604,5.4946,5.5642,5.2905,5.4296,32077,0
20090605,5.4065,5.736,5.4065,5.6849,56625,0
20090608,5.5967,5.8381,5.5967,5.7545,42017,0
20090609,5.7731,6.2093,5.7731,6.1722,87486,0
20090610,6.0422,6.2186,6.0283,6.033,48479,0
20090611,6.0933,6.279,6.0097,6.279,25461,0
20090612,6.2278,6.7291,6.0793,6.4135,129149,0
20090615,6.3717,6.3811,6.1258,6.1258,47055,0
20090616,6.1026,6.265,5.9633,6.2047,53924,0
20090617,5.9726,6.1815,5.917,6.0144,51022,0
20090618,5.9587,6.0655,5.9262,6.0655,18779,0
20090619,5.9541,6.3532,5.9541,6.3532,51227,0
20090622,6.2372,6.4738,6.1351,6.1722,43593,0
20090623,6.1165,6.265,6.0376,6.084,56587,0
20090624,6.0051,6.3811,6.0051,6.3811,32518,0
20090625,6.3346,6.3578,6.1815,6.3114,32252,0
20090626,6.2743,6.4042,6.0747,6.149,32532,0
20090629,6.0655,6.4506,6.0655,6.3717,39580,0
20090630,6.2882,6.4971,6.033,6.098,88852,0
20090701,5.6153,5.8473,5.5689,5.7313,74035,0
20090702,5.5875,5.7452,5.2719,5.2951,87309,0
20090703,5.3461,5.439,5.1513,5.2394,61618,0
20090706,5.1373,5.2348,4.7428,4.8728,122282,0
20090707,4.8403,5.012,4.7335,4.8449,64824,0
20090708,4.7707,4.8449,4.7335,4.7382,48199,0
20090709,4.7614,4.9981,4.7382,4.9888,59240,0
20090710,4.9331,5.0028,4.882,4.9656,31363,0
20090713,4.8914,5.0399,4.8867,4.9424,30416,0
20090714,4.947,5.4761,4.947,5.4296,150232,0
20090715,5.4529,5.541,5.2858,5.3786,74352,0
20090716,5.3508,5.5364,5.2209,5.4761,74346,0
20090717,5.4807,5.4807,5.3925,5.4296,9227,0
20090720,5.4529,5.4993,5.2673,5.3833,43299,0
20090721,5.374,5.5596,5.3229,5.3972,29133,0
20090722,5.3925,5.4529,5.2997,5.3833,26319,0
20090723,5.3369,5.5132,5.3369,5.4715,38485,0
20090724,5.3415,5.6664,5.3415,5.5829,76432,0
20090727,5.4993,5.6849,5.4575,5.5689,11304,0
20090728,5.5689,5.6014,5.3229,5.3229,63573,0
20090729,5.4296,5.6617,5.4296,5.5689,45991,0
20090730,5.555,5.6525,5.4761,5.5689,63221,0
20090731,5.4761,5.671,5.4761,5.6385,42985,0
20090803,5.5875,5.8241,5.5689,5.801,31142,0
20090804,5.6802,5.9633,5.6802,5.9216,28478,0
20090805,5.8473,6.0051,5.8473,5.968,20245,0
20090806,5.8798,6.0237,5.8473,5.8891,37973,0
20090807,5.8287,5.9633,5.7638,5.917,11015,0
20090810,5.801,6.033,5.801,6.033,18523,0
20090811,5.9912,6.0422,5.801,5.801,10695,0
20090812,5.7962,5.9355,5.7962,5.8937,7115,0
20090813,5.8056,5.9633,5.8056,5.9633,13145,0
20090814,5.8566,6.033,5.8566,6.033,25351,0
20090817,5.8891,5.9772,5.7127,5.7591,39403,0
20090818,5.7174,5.8937,5.7174,5.8566,31027,0
20090819,5.7174,5.8706,5.7174,5.8706,13599,0
20090820,5.8102,6.149,5.801,6.0793,83489,0
20090821,5.9587,6.4971,5.9355,6.3811,92214,0
20090824,6.265,7.0493,6.265,6.9612,142194,0
20090825,6.8776,7.0539,6.6363,7.0539,91684,0
20090826,6.9612,7.4252,6.9054,7.4252,45607,0
20090827,7.2859,7.3231,7.0307,7.1932,67600,0
20090828,7.091,7.3509,7.0539,7.3509,39677,0
20090831,6.9936,7.2395,6.8266,6.9612,52332,0
20090901,6.8962,7.0725,6.8173,6.859,62811,0
20090902,6.8683,6.8683,6.2001,6.5667,36052,0
20090903,6.4228,6.6827,6.4042,6.4274,41894,0
20090904,6.3486,6.6502,6.3486,6.6502,5379,0
20090907,6.5667,6.8219,6.4971,6.7987,21684,0
20090908,6.7059,7.0214,6.7059,6.9564,11050,0
20090909,6.9054,6.9518,6.8683,6.9147,5661,0
20090910,6.8033,6.9472,6.7616,6.8915,16504,0
20090911,6.7012,6.9472,6.7012,6.8962,7598,0
20090914,6.7291,6.9101,6.7291,6.8544,26433,0
20090915,6.7337,6.9147,6.7337,6.7987,16211,0
20090916,6.7383,6.9472,6.7383,6.8033,35748,0
20090917,6.8173,7.0075,6.7987,6.9612,108089,0
20090918,6.8497,7.0957,6.8497,7.0168,44374,0
20090921,6.7941,7.0493,6.7941,6.8544,37914,0
20090922,6.8079,7.0122,6.8079,7.0075,12000,0
20090923,6.9564,7.1932,6.9564,7.1932,14159,0
20090924,6.9564,7.1653,6.9518,7.1653,32305,0
20090925,6.9936,7.156,6.9147,7.0818,43551,0
20090928,7.0168,7.4252,7.0168,7.2628,45590,0
20090929,7.2303,7.518,7.2303,7.3788,22390,0
20090930,7.3509,7.5412,7.2442,7.4252,89057,0
20091001,7.3417,7.504,7.2164,7.2164,25516,0
20091002,7.1885,7.4716,6.9612,7.4716,62298,0
20091005,7.3555,7.4716,7.105,7.4716,45043,0
20091006,7.3555,7.6526,7.3417,7.6479,27187,0
20091007,7.3417,7.6526,7.3417,7.5598,19256,0
20091008,7.4855,7.6619,7.4763,7.6573,48923,0
20091009,7.5551,7.7454,7.4948,7.7454,12729,0
20091012,7.5644,7.8429,7.5644,7.7733,16820,0
20091013,7.6944,8.1027,7.6573,7.8893,38625,0
20091014,7.8336,8.0239,7.8289,7.88,6644,0
20091015,7.8336,8.0749,7.7965,7.7965,32417,0
20091016,8.0378,8.0378,7.7408,7.8568,14193,0
20091019,7.9031,7.9774,7.7733,7.9774,30834,0
20091020,8.0285,8.0331,7.8429,7.931,25985,0
20091021,7.9125,8.0239,7.8336,7.9821,23100,0
20091022,7.9681,7.9821,7.8429,7.8429,15442,0
20091023,7.764,7.931,7.764,7.8336,4586,0
20091026,7.7686,7.8429,7.699,7.8429,13724,0
20091027,7.7222,7.8429,6.9008,7.1885,89885,0
20091028,7.0539,7.221,6.6641,6.7059,45622,0
20091029,6.6269,6.9564,6.4274,6.8451,72142,0
20091030,6.8822,7.0075,6.7802,6.8126,22090,0
20091102,6.743,6.9333,6.6594,6.7754,36143,0
20091103,6.7012,6.9054,6.5898,6.6177,28495,0
20091104,6.5806,6.7198,6.5156,6.6827,29297,0
20091105,6.5109,6.7059,6.5109,6.7059,19620,0
20091106,6.6919,6.7708,6.6409,6.7106,30036,0
20091109,6.6734,7.0354,6.6734,7.0122,34342,0
20091110,7.0957,7.3092,6.9518,7.1514,31206,0
20091111,7.091,7.3324,7.0772,7.3324,28985,0
20091112,7.2303,7.3092,7.0818,7.2628,22867,0
20091113,7.1374,7.3509,7.1374,7.2674,8068,0
20091116,7.2303,7.4902,7.2303,7.388,17260,0
20091117,7.2999,7.4623,7.2999,7.4345,6564,0
20091118,7.4159,7.518,7.4159,7.4716,12441,0
20091119,7.6711,7.7222,7.5412,7.6665,41043,0
20091120,7.6248,8.0656,7.4809,7.7965,40821,0
20091123,7.6944,8.1213,7.6944,8.0285,61421,0
20091124,8.1027,8.1213,7.9403,8.0749,45960,0
20091125,7.9728,8.1631,7.945,8.1166,20876,0
20091126,7.9356,8.0795,7.6804,7.6804,19540,0
20091127,7.6015,7.8289,7.4252,7.7686,39537,0
20091130,7.6479,7.8893,7.6479,7.7361,35781,0
20091201,7.6479,8.1213,7.6479,8.0053,22042,0
20091202,7.8104,8.126,7.8104,7.9821,22947,0
20091203,7.8985,8.0981,7.8985,7.9821,12472,0
20091204,7.9821,8.1027,7.931,8.0146,4582,0
20091207,7.9728,8.2141,7.8893,8.061,20087,0
20091208,8.0517,8.2699,7.9728,8.0981,68966,0
20091209,7.8939,8.177,7.8939,8.0517,8665,0
20091210,7.9496,8.1584,7.815,7.9821,43049,0
20091211,7.8383,8.1213,7.8383,8.0517,11180,0
20091214,7.9728,8.2141,7.9728,8.1027,14690,0
20091215,8.047,8.5622,8.047,8.5622,91843,0
20091216,8.4137,8.5436,8.358,8.3997,41627,0
20091217,8.3209,8.4322,8.1027,8.2466,35396,0
20091218,8.2049,8.3022,8.1306,8.2141,41708,0
20091221,8.1584,8.4276,8.1584,8.2699,17822,0
20091222,8.2605,8.3951,8.1677,8.307,11957,0
20091223,8.1584,8.3162,8.061,8.0749,9904,0
20091228,7.8475,8.1213,7.8475,7.8893,23731,0
20091229,7.7871,8.0099,7.6619,8.0099,39282,0
20091230,7.8568,7.9821,7.8196,7.9589,10615,0
20100104,8.0285,8.3116,7.9356,8.2809,43168,0
20100105,8.1166,8.7125,8.0861,8.4461,50869,0
20100106,8.4415,8.604,8.4258,8.604,19861,0
20100107,8.4832,8.7246,8.4461,8.72,36484,0
20100108,8.5622,8.8155,8.5622,8.7079,41372,0
20100111,8.6967,9.0476,8.6967,8.8638,65455,0
20100112,8.7617,8.9335,8.732,8.8193,30418,0
20100113,8.7385,8.8749,8.7292,8.8499,10194,0
20100114,8.7432,8.8963,8.7432,8.8638,5900,0
20100115,8.7617,8.9102,8.7617,8.8777,17546,0
20100118,8.655,8.8592,8.655,8.7822,31114,0
20100119,8.6271,8.8221,8.6271,8.771,24660,0
20100120,8.7338,8.8035,8.6114,8.7756,20881,0
20100121,8.5297,8.7942,8.3487,8.3534,40467,0
20100122,8.2605,8.4183,8.126,8.2141,67500,0
20100125,8.0935,8.1844,7.6832,7.9821,72351,0
20100126,7.8104,8.0795,7.673,8.0795,21139,0
20100127,8.0192,8.0564,7.8521,7.9422,8824,0
20100128,7.8939,8.1166,7.8939,8.112,9681,0
20100129,7.9264,8.2049,7.8011,8.177,23602,0
20100201,8.0656,8.1631,7.9589,8.1306,18224,0
20100202,7.9403,8.4832,7.9403,8.3997,16952,0
20100203,8.3905,8.5993,8.3905,8.4601,6428,0
20100204,8.3905,8.5046,8.1677,8.1677,13901,0
20100205,8.0656,8.1649,7.8383,7.8985,30848,0
20100208,7.8336,8.0211,7.8196,7.8196,33479,0
20100209,7.7408,7.9821,7.7408,7.8196,14129,0
20100210,7.6619,7.9821,7.6619,7.9125,19865,0
20100211,7.9031,8.0981,7.8475,7.9356,16474,0
20100212,7.8336,7.9728,7.8336,7.9728,6320,0
20100215,7.7871,7.9821,7.7269,7.7269,23436,0
20100216,7.6711,7.8893,7.6711,7.8289,5848,0
20100217,7.8196,7.9821,7.7779,7.9728,36382,0
20100218,7.7918,7.866,7.7454,7.8196,8628,0
20100219,7.6711,7.7891,7.5737,7.6294,15821,0
20100222,7.6015,7.75,7.6015,7.7454,9080,0
20100223,7.6294,7.7965,7.6294,7.6294,48678,0
20100224,7.6108,7.7343,7.4345,7.5431,52834,0
20100225,7.4391,7.5765,7.4391,7.5477,10711,0
20100226,7.4669,7.5152,7.3092,7.4252,49730,0
20100301,7.3463,7.4252,7.1607,7.2303,38828,0
20100302,7.1839,7.3603,7.1671,7.2164,37645,0
20100303,7.2117,7.3575,7.2117,7.3555,16237,0
20100304,7.3788,7.4345,7.2145,7.2628,81260,0
20100305,7.2535,7.4159,7.2535,7.3955,149208,0
20100308,7.1978,7.7918,7.1978,7.6898,236148,0
20100309,7.6062,7.75,7.5598,7.5802,26576,0
20100310,7.5088,7.8429,7.5088,7.75,152404,0
20100311,7.7222,7.8196,7.2535,7.5644,153947,0
20100312,7.4902,7.6804,7.4902,7.6804,87514,0
20100315,7.5737,7.634,7.5273,7.6294,35410,0
20100316,7.5088,7.7779,7.5088,7.7779,26278,0
20100317,7.6155,7.7779,7.5301,7.5644,54280,0
20100318,7.4669,7.6433,7.4669,7.6312,42985,0
20100319,7.4345,7.6573,7.4345,7.4577,46270,0
20100322,7.4716,7.5598,7.3788,7.5477,12302,0
20100323,7.4159,7.5876,7.4159,7.5365,34149,0
20100324,7.3834,7.5737,7.3834,7.4855,18051,0
20100325,7.3806,7.5784,7.3806,7.4781,19887,0
20100326,7.4623,7.6526,7.4623,7.6043,55183,0
20100329,7.506,7.7129,7.4763,7.6433,11791,0
20100330,7.5459,7.7454,7.5459,7.7055,33197,0
20100331,7.6804,7.7918,7.6573,7.7733,19407,0
20100401,7.6711,7.9914,7.6711,7.8893,16191,0
20100406,7.88,8.0981,7.88,8.0099,17868,0
20100407,7.996,8.2021,7.9867,8.0823,51158,0
20100408,8.0192,8.3181,8.0192,8.2559,49201,0
20100409,8.1491,8.3441,8.0777,8.0777,32139,0
20100412,8.0443,8.1909,7.8039,7.8086,53804,0
20100413,7.8058,7.9728,7.7733,7.8893,49577,0
20100414,7.7593,7.9356,7.7593,7.8893,10506,0
20100415,7.7965,8.0378,7.7965,7.9821,5762,0
20100416,7.9356,8.4369,7.9218,8.423,64128,0
20100419,8.5065,8.8638,8.2651,8.2958,308779,0
20100420,8.2187,8.5046,8.0935,8.1213,100426,0
20100421,8.0192,8.2141,8.0192,8.0517,29853,0
20100422,8.0443,8.1213,8.0285,8.1194,36072,0
20100423,8.0164,8.0981,7.9171,8.0935,26574,0
20100426,7.9914,8.423,7.9747,8.3116,79407,0
20100427,8.2976,8.4694,8.1324,8.1445,64731,0
20100428,8.0795,8.1027,7.8503,7.9821,99695,0
20100429,7.8846,8.1445,7.8104,7.8457,49826,0
20100430,7.8058,8.0331,7.7965,7.7965,58132,0
20100503,7.7825,8.0981,7.7686,7.88,44422,0
20100504,7.7843,7.9356,7.6804,7.8104,77300,0
20100505,7.7129,7.8893,7.6619,7.6665,85935,0
20100506,7.6573,7.7825,7.569,7.5802,61518,0
20100507,7.4298,7.5718,7.0354,7.2442,75417,0
20100510,7.3324,7.7249,7.2257,7.7249,45814,0
20100511,7.557,7.7175,7.325,7.4252,69897,0
20100512,7.3417,7.699,7.3417,7.6637,55149,0
20100513,7.337,7.7472,7.337,7.6526,9363,0
20100514,7.7454,7.7454,7.3788,7.4271,52386,0
20100517,7.3435,7.504,7.1449,7.3677,60710,0
20100518,7.2832,7.5134,7.2832,7.4484,30671,0
20100519,7.3649,7.4159,7.2442,7.4113,30482,0
20100520,7.3278,7.402,6.834,6.9379,135005,0
20100521,6.8358,6.9147,6.523,6.8126,79323,0
20100524,6.7337,6.8915,6.6827,6.7133,13360,0
20100525,6.6084,6.6316,6.2836,6.4924,84670,0
20100526,6.3949,6.769,6.3949,6.6734,28474,0
20100527,6.6269,6.9147,6.6269,6.8033,40340,0
20100528,6.8637,6.9983,6.7616,6.9612,44971,0
20100531,6.9333,7.0818,6.9333,7.0493,20066,0
20100601,6.9704,7.0539,6.9704,7.0539,6374,0
20100602,7.0168,7.04,6.9722,7.001,16543,0
20100603,6.9658,7.1588,6.9658,7.0929,24916,0
20100604,7.0818,7.3324,6.9612,7.001,48490,0
20100607,6.9658,7.0075,6.8915,6.9889,10093,0
20100608,6.9101,6.9612,6.7754,6.9267,45731,0
20100609,6.7523,6.9426,6.7523,6.8404,15185,0
20100610,6.9054,7.1699,6.8358,7.0307,63139,0
20100611,7.0214,7.402,7.0214,7.402,65460,0
20100614,7.3231,7.6758,7.3231,7.518,22428,0
20100615,7.4345,7.518,7.3852,7.4994,13869,0
20100616,7.4577,7.7593,7.4317,7.7269,76895,0
20100617,7.6433,7.7733,7.518,7.5672,17136,0
20100618,7.4159,7.6155,7.4159,7.6155,16975,0
20100621,7.5551,7.699,7.5551,7.6573,15575,0
20100622,7.5737,7.7918,7.5737,7.7918,19523,0
20100623,7.7083,7.7593,7.5969,7.5969,11442,0
20100624,7.518,7.7296,7.518,7.569,13423,0
20100625,7.6015,7.685,7.2906,7.2906,40414,0
20100628,7.2117,7.5412,7.2117,7.5365,7869,0
20100629,7.4252,7.504,7.1003,7.2257,40707,0
20100630,7.2164,7.4716,7.2164,7.3324,34253,0
20100701,7.2535,7.3908,6.9008,7.0075,41379,0
20100702,6.8358,7.0307,6.8358,6.9518,31657,0
20100705,6.859,7.0029,6.859,6.9129,10150,0
20100706,6.834,7.0864,6.834,7.0725,41026,0
20100707,6.9889,7.3788,6.9769,7.3092,23613,0
20100708,7.2257,7.3324,7.1588,7.3324,15237,0
20100709,7.2488,7.4252,7.2377,7.3788,6280,0
20100712,7.2953,7.4391,7.2953,7.3509,5303,0
20100713,7.272,7.6573,7.2692,7.6573,25516,0
20100714,7.569,7.8262,7.569,7.8196,24772,0
20100715,7.5784,7.945,7.5784,7.8893,28452,0
20100716,7.8011,7.9895,7.5784,7.5784,23975,0
20100719,7.569,7.5784,7.2859,7.3092,35117,0
20100720,7.2257,7.4205,7.2164,7.2164,13403,0
20100721,7.1653,7.3927,7.1653,7.3742,13125,0
20100722,7.2906,7.3555,7.2191,7.3555,17387,0
20100723,7.2042,7.3955,7.2042,7.2442,24194,0
20100726,7.1607,7.3324,7.1607,7.2906,8732,0
20100727,7.207,7.4688,7.207,7.4298,57667,0
20100728,7.272,7.5088,7.272,7.402,19329,0
20100729,7.3184,7.4271,7.3045,7.3352,4243,0
20100730,7.325,7.4669,7.325,7.3742,5538,0
20100802,7.4484,7.6062,7.3017,7.6062,21941,0
20100803,7.5134,7.6573,7.5134,7.5273,16786,0
20100804,7.4391,7.569,7.4391,7.5273,9005,0
20100805,7.4391,7.7343,7.4391,7.6266,15000,0
20100806,7.5347,7.7343,7.5347,7.7129,5596,0
20100809,7.8893,7.9589,7.7871,7.8196,45478,0
20100810,7.75,8.0006,7.75,7.8957,16995,0
20100811,7.8196,7.9914,7.7036,7.7129,12646,0
20100812,7.6386,7.9246,7.6386,7.8893,26926,0
20100813,7.8104,8.0749,7.8104,7.8429,21428,0
20100816,7.7593,8.0638,7.7593,7.8893,12138,0
20100817,7.8429,8.0638,7.8429,7.8679,9087,0
20100818,7.8521,8.2651,7.8521,8.1816,23132,0
20100819,8.2374,8.5157,8.1445,8.4183,43295,0
20100820,8.242,8.4415,8.2374,8.307,59202,0
20100823,8.4062,8.7153,8.3347,8.539,39108,0
20100824,8.4461,8.4926,8.307,8.3301,18786,0
20100825,8.2466,8.3672,8.2141,8.2141,5540,0
20100826,8.2374,8.5854,8.2141,8.5854,13063,0
20100827,8.3997,8.7663,8.1213,8.604,85128,0
20100830,8.7172,8.7172,8.4647,8.4647,11259,0
20100831,8.307,8.6736,8.307,8.6736,9736,0
20100901,8.4926,8.8109,8.4926,8.7432,44251,0
20100902,8.655,8.8081,8.6086,8.6086,12509,0
20100903,8.6086,8.7366,8.6086,8.6318,44551,0
20100906,8.5436,8.6782,8.5436,8.6782,18280,0
20100907,8.5575,8.7246,8.4907,8.5854,37331,0
20100908,8.4508,8.6318,8.3997,8.4926,8038,0
20100909,8.448,8.6225,8.4461,8.5854,25289,0
20100910,8.4926,8.5854,8.4694,8.5854,4859,0
20100913,8.4972,8.8081,8.4972,8.6736,43758,0
20100914,8.59,8.8127,8.59,8.7404,17590,0
20100915,8.6429,8.9195,8.6086,8.8685,97422,0
20100916,8.7246,9.0495,8.7246,8.9056,31243,0
20100917,8.8592,9.1864,8.8592,9.1191,42461,0
20100920,8.9381,9.1864,8.9269,9.17,13056,0
20100921,9.0773,9.3277,9.0234,9.2719,35223,0
20100922,9.1748,9.1748,9.0031,9.0448,8122,0
20100923,8.9473,9.1498,8.771,8.7942,44184,0
20100924,8.7014,9.0773,8.7014,8.9566,57082,0
20100927,8.8267,9.1748,8.8267,8.8592,35720,0
20100928,8.8592,8.9706,8.6086,8.7366,20841,0
20100929,8.6429,8.7617,8.6318,8.7617,5576,0
20100930,8.669,9.0234,8.6503,8.8221,14873,0
20101001,8.7292,8.9445,8.6318,8.6318,12767,0
20101004,8.6318,8.8592,8.5854,8.5854,7531,0
20101005,8.4926,8.745,8.4926,8.6318,7593,0
20101006,8.6132,8.8388,8.6132,8.7172,14407,0
20101007,8.7172,8.8175,8.7107,8.7246,3496,0
20101008,8.6318,8.8175,8.6318,8.7691,2995,0
20101011,8.6754,8.8638,8.6754,8.7942,19221,0
20101012,8.7061,8.8406,8.5854,8.8406,19300,0
20101013,8.7756,8.8871,8.7756,8.8805,5848,0
20101014,8.7868,9.0262,8.7868,8.7988,11882,0
20101015,8.7988,9.2767,8.7988,9.1883,46508,0
20101018,9.1191,9.4065,9.1191,9.2287,56650,0
20101019,9.2306,9.569,9.2306,9.3834,35790,0
20101020,9.513,9.699,9.3719,9.699,26595,0
20101021,9.662,9.662,9.4084,9.536,17779,0
20101022,9.492,9.651,9.4209,9.579,8324,0
20101025,9.4603,9.653,9.4603,9.562,18075,0
20101026,9.3978,9.698,9.3978,9.629,30866,0
20101027,9.532,9.838,9.532,9.746,28060,0
20101028,9.611,9.831,9.611,9.698,5757,0
20101029,9.699,9.782,9.4901,9.774,40592,0
20101101,9.579,9.838,9.579,9.754,15106,0
20101102,9.655,10.079,9.655,10.079,30103,0
20101103,9.876,10.048,9.792,9.954,26817,0
20101104,9.853,10.079,9.838,10.028,20714,0
20101105,9.927,10.135,9.927,10.024,26246,0
20101108,9.922,10.024,9.838,10.024,7358,0
20101109,9.88,10.163,9.861,10.163,32131,0
20101110,10.066,10.249,10.066,10.109,51802,0
20101111,10.109,10.179,9.996,10.129,21182,0
20101112,10.03,10.21,9.977,10.154,36780,0
20101115,10.056,10.233,9.931,10.13,27272,0
20101116,10.152,10.348,9.927,9.927,21068,0
20101117,9.954,10.368,9.954,10.211,27795,0
20101118,10.112,10.571,10.112,10.302,44920,0
20101119,10.442,10.811,10.304,10.678,53783,0
20101122,10.72,10.904,10.683,10.713,34827,0
20101123,10.673,10.896,10.673,10.696,12024,0
20101124,10.696,11.02,10.673,10.917,27968,0
20101125,10.917,11.509,10.917,11.356,47656,0
20101126,11.254,11.361,11.082,11.277,30615,0
20101129,11.147,11.625,11.021,11.208,110163,0
20101130,11.175,11.587,11.175,11.37,34943,0
20101201,11.344,11.871,11.344,11.464,52870,0
20101202,11.361,11.604,11.361,11.604,85342,0
20101203,11.497,11.91,11.49,11.91,47845,0
20101206,11.799,12.503,11.769,12.503,44673,0
20101207,12.59,12.716,11.709,11.709,104102,0
20101208,11.811,11.811,11.37,11.588,66347,0
20101209,11.444,11.549,10.488,10.79,161007,0
20101210,10.673,11.231,10.673,11.138,69340,0
20101213,11.365,11.75,11.28,11.75,30681,0
20101214,11.65,12.04,11.625,11.993,30669,0
20101215,11.886,12.122,11.718,11.996,32139,0
20101216,11.996,12.224,11.783,12.052,33747,0
20101217,12.163,12.43,11.853,12.084,58462,0
20101220,12.087,12.152,11.746,11.82,30239,0
20101221,11.811,12.196,11.811,11.936,23834,0
20101222,11.912,12.182,11.912,12.182,58613,0
20101223,12.075,12.145,11.843,11.95,18997,0
20101227,11.857,12.006,11.811,11.973,35124,0
20101228,11.869,12.006,11.869,12.006,7883,0
20101229,11.899,11.945,11.799,11.873,12612,0
20101230,11.769,12.152,11.653,12.089,77143,0
20110103,11.989,12.061,11.927,11.932,21686,0
20110104,11.932,12.108,11.932,11.998,20481,0
20110105,11.904,12.024,11.328,11.612,72836,0
20110106,11.409,11.602,10.949,11.242,71786,0
20110107,11.152,11.46,11.138,11.175,35645,0
20110110,11.182,11.307,11.107,11.107,17293,0
20110111,11.011,11.435,11.011,11.435,19068,0
20110112,11.3,11.771,11.3,11.764,18139,0
20110113,11.671,11.739,11.56,11.635,32885,0
20110114,11.509,11.633,11.054,11.198,32435,0
20110117,11.011,11.477,10.915,11.226,12827,0
20110118,11.128,11.317,11.128,11.287,5971,0
20110119,11.138,11.252,11.107,11.252,23997,0
20110120,11.144,11.168,10.622,10.776,56006,0
20110121,10.601,10.915,10.586,10.767,53696,0
20110124,10.673,10.804,10.586,10.627,23408,0
20110125,10.535,10.701,10.535,10.673,13670,0
20110126,10.581,11.256,10.581,11.14,67922,0
20110127,11.043,11.729,11.043,11.509,29875,0
20110128,11.541,11.694,11.254,11.402,38796,0
20110131,11.3,11.323,11.073,11.107,20481,0
20110201,11.016,11.275,11.016,11.275,27650,0
20110202,11.182,11.463,11.138,11.184,17512,0
20110203,11.184,11.453,11.094,11.37,12087,0
20110204,11.277,11.416,11.184,11.184,6221,0
20110207,11.092,11.439,10.998,11.376,25087,0
20110208,11.287,11.528,11.287,11.479,19736,0
20110209,11.427,11.509,11.267,11.267,14261,0
20110210,11.267,11.439,11.267,11.267,6471,0
20110211,11.267,11.43,11.267,11.37,6055,0
20110214,11.238,11.427,11.238,11.421,17816,0
20110215,11.328,11.592,11.328,11.495,20757,0
20110216,11.495,11.592,11.416,11.592,22579,0
20110217,11.495,11.686,11.467,11.65,40805,0
20110218,11.554,11.633,11.554,11.602,12679,0
20110221,11.505,11.602,10.98,10.98,41167,0
20110222,10.934,11.14,10.831,11.128,16760,0
20110223,10.943,11.138,10.869,10.906,16575,0
20110224,10.818,10.99,10.548,10.675,56603,0
20110225,10.499,10.841,10.499,10.739,29506,0
20110228,10.673,10.964,10.618,10.875,29299,0
20110301,10.792,11.881,10.792,11.602,43681,0
20110302,11.653,11.718,11.416,11.513,80177,0
20110303,11.635,11.792,11.513,11.718,58560,0
20110304,11.625,12.066,11.625,11.943,52976,0
20110307,11.85,11.943,11.825,11.828,10170,0
20110308,11.838,11.889,11.734,11.787,7971,0
20110309,11.694,11.95,11.694,11.825,24203,0
20110310,11.732,12.158,11.732,12.066,52220,0
20110311,11.95,11.965,11.741,11.853,26907,0
20110314,11.79,11.834,11.059,11.142,63752,0
20110315,10.924,10.924,10.293,10.906,79425,0
20110316,10.79,11.138,10.742,11.036,39980,0
20110317,10.843,11.574,10.843,11.574,48994,0
20110318,11.799,12.019,11.49,11.509,48330,0
20110321,11.973,12.206,11.653,12.072,72441,0
20110322,11.959,12.27,11.799,11.904,28105,0
20110323,11.729,12.229,11.729,12.166,144976,0
20110324,12.072,12.342,12.072,12.247,43060,0
20110325,12.15,12.346,12.15,12.206,14478,0
20110328,12.252,12.298,12.066,12.219,29144,0
20110329,12.131,12.25,12.099,12.138,4208,0
20110330,12.05,12.53,12.05,12.479,55300,0
20110331,12.386,12.529,12.349,12.381,13004,0
20110401,12.288,12.451,12.229,12.412,15581,0
20110404,12.234,12.53,12.233,12.506,15595,0
20110405,12.437,12.483,12.344,12.344,17681,0
20110406,12.344,12.483,12.344,12.483,7344,0
20110407,12.391,12.524,12.255,12.298,19242,0
20110408,12.377,12.6,12.237,12.585,37914,0
20110411,12.493,12.641,12.321,12.437,24184,0
20110412,12.344,12.435,12.224,12.252,11470,0
20110413,12.209,12.298,12.066,12.066,22537,0
20110414,12.112,12.196,11.973,12.038,25789,0
20110415,11.996,12.229,11.996,12.047,22203,0
20110418,11.959,12.143,11.799,11.835,15277,0
20110419,11.834,11.907,11.56,11.56,12467,0
20110420,11.795,12.089,11.56,11.993,31480,0
20110421,11.907,12.231,11.907,12.05,39709,0
20110426,11.961,12.344,11.961,12.309,17900,0
20110427,12.221,12.414,12.221,12.252,11509,0
20110428,12.262,12.6,12.221,12.6,28250,0
20110429,12.46,12.702,12.46,12.613,14205,0
20110502,12.56,12.808,12.536,12.808,45053,0
20110503,12.716,12.723,12.556,12.556,18602,0
20110504,12.556,12.723,12.556,12.646,15937,0
20110505,12.625,12.688,12.556,12.678,19361,0
20110506,12.585,12.762,12.554,12.683,8686,0
20110509,12.669,12.762,12.6,12.762,18469,0
20110510,12.669,13.079,12.641,12.894,34497,0
20110511,12.894,13.361,12.894,13.051,36788,0
20110512,12.955,13.064,12.892,12.994,12964,0
20110513,12.897,13.141,12.854,13.087,17234,0
20110516,12.901,13.087,12.901,13.003,16917,0
20110517,12.906,13.384,12.892,13.384,74372,0
20110518,13.179,13.458,13.179,13.356,106452,0
20110519,13.259,13.607,13.259,13.53,22464,0
20110520,13.511,13.644,13.342,13.551,23339,0
20110523,13.41,13.481,12.994,13.087,41549,0
20110524,13.043,13.827,13.043,13.694,33433,0
20110525,13.635,13.857,13.336,13.788,26369,0
20110526,13.718,13.853,13.316,13.364,22994,0
20110527,13.407,13.829,13.226,13.791,19014,0
20110530,13.696,13.922,13.696,13.876,13364,0
20110531,13.829,14.201,13.829,14.154,35290,0
20110601,14.198,14.321,14.065,14.154,39136,0
20110602,14.108,14.321,14.06,14.062,9611,0
20110603,13.968,14.316,13.899,13.968,27224,0
20110606,14.173,14.316,13.945,14.282,23046,0
20110607,14.247,14.419,14.131,14.4,26449,0
20110608,14.217,14.419,13.929,14.116,45581,0
20110609,14.077,14.212,13.941,14.212,26916,0
20110610,14.201,14.212,13.922,13.922,19484,0
20110613,13.829,14.087,13.768,13.783,10192,0
20110614,13.876,14.385,13.691,14.306,34361,0
20110615,14.293,14.293,14.116,14.136,11160,0
20110616,14.201,14.215,13.829,13.829,25379,0
20110617,13.747,14.006,13.747,13.865,19702,0
20110620,13.973,14.101,13.747,14.006,37015,0
20110621,13.945,14.164,13.901,14.106,35380,0
20110622,14.057,14.145,14.052,14.082,27782,0
20110623,13.374,13.535,13.37,13.458,8843,0
20110624,13.366,13.732,13.366,13.699,19762,0
20110627,13.62,13.732,13.472,13.62,50205,0
20110628,13.583,13.737,13.504,13.583,34485,0
20110629,13.542,14.351,13.542,13.542,95730,0
20110630,14.131,14.387,14.029,14.131,85800,0
20110701,14.293,14.461,14.191,14.293,60926,0
20110704,14.098,14.682,14.098,14.098,56680,0
20110705,14.618,14.897,14.41,14.618,64006,0
20110706,14.4,14.711,14.4,14.4,32166,0
20110707,14.498,14.664,14.145,14.498,17179,0
20110708,14.387,14.572,14.261,14.387,25280,0
20110711,14.618,14.618,13.528,14.275,51196,0
20110712,13.077,13.922,12.962,13.082,98391,0
20110713,13.75,14.09,13.658,13.75,28464,0
20110714,13.899,14.015,13.379,13.644,14226,0
20110715,13.314,13.5,13.041,13.314,24885,0
20110718,12.976,13.148,12.669,12.976,26187,0
20110719,12.678,13.156,12.498,12.678,15198,0
20110720,13.11,13.691,12.92,12.92,42901,0
20110721,13.783,13.783,13.453,13.783,15895,0
20110722,13.922,13.992,13.588,13.588,35627,0
20110725,13.955,13.988,13.658,13.658,15881,0
20110726,13.793,14.07,13.597,14.07,36756,0
20110727,13.709,14.057,13.504,13.709,10495,0
20110728,13.519,13.519,12.813,13.366,31710,0
20110729,12.823,13.161,12.803,12.823,13973,0
20110801,12.994,13.574,12.994,13.161,28853,0
20110802,12.854,13.064,11.602,12.854,76074,0
20110803,12.094,12.094,11.5,12.01,69401,0
20110804,11.518,11.806,10.265,10.799,94917,0
20110805,9.931,10.78,9.0958,9.931,122680,0
20110808,9.746,10.465,9.2815,9.746,82259,0
20110809,8.8175,10.158,8.5529,8.8175,138498,0
20110810,10.21,10.632,9.4017,10.21,67588,0
20110811,9.625,10.539,9.0123,10.396,40551,0
20110812,10.126,11.602,9.977,10.646,84856,0
20110815,11.138,12.099,11.138,12.029,105671,0
20110816,11.922,11.94,11.045,11.741,67066,0
20110817,11.323,11.472,11.073,11.323,10396,0
20110818,11.267,11.267,10.701,11.128,65516,0
20110819,10.618,10.869,9.968,10.618,51386,0
20110822,10.576,11.533,10.447,10.576,38047,0
20110823,11.166,11.602,10.957,11.166,29245,0
20110824,11.323,11.75,11.287,11.323,42206,0
20110825,11.328,11.704,11.184,11.612,40691,0
20110826,11.231,11.472,11.059,11.212,16174,0
20110829,11.138,11.643,11.138,11.463,34113,0
20110830,11.83,11.83,11.463,11.615,13608,0
20110831,11.449,12.019,11.449,11.881,35670,0
20110901,11.76,12.27,11.76,12.103,33249,0
20110902,11.881,12.242,11.463,11.556,30110,0
20110905,11.277,11.518,10.859,10.98,35688,0
20110906,10.673,11.092,10.21,10.859,34623,0
20110907,10.706,11.356,10.665,11.263,11393,0
20110908,10.952,11.556,10.952,11.236,9913,0
20110909,10.952,11.439,10.952,11.152,14581,0
20110912,11.017,11.115,10.404,10.642,27447,0
20110913,10.595,10.841,10.562,10.65,6393,0
20110914,10.404,11.193,10.228,11.17,9996,0
20110915,10.943,11.518,10.924,11.518,7669,0
20110916,11.351,11.62,11.161,11.402,25304,0
20110919,11.013,11.402,10.952,11.026,18275,0
20110920,10.924,11.37,10.855,11.356,7355,0
20110921,11.054,11.49,10.998,11.439,7083,0
20110922,10.924,11.421,10.586,10.614,21095,0
20110923,10.368,11.138,10.368,11.021,25357,0
20110926,10.665,11.021,10.581,10.673,6119,0
20110927,10.845,11.412,10.767,11.342,9834,0
20110928,10.929,11.635,10.929,11.523,6392,0
20110929,11.323,11.704,11.267,11.421,4316,0
20110930,11.29,11.518,11.119,11.518,10553,0
20111003,11.277,11.533,10.859,11.128,10509,0
20111004,10.892,11.156,10.488,10.776,25449,0
20111005,10.729,11.193,10.693,11.18,13143,0
20111006,11.045,11.277,10.957,11.082,3663,0
20111007,10.947,11.184,10.934,11.031,1400,0
20111010,11.021,12.15,11.021,12.043,30238,0
20111011,12.006,12.112,11.643,11.932,23929,0
20111012,11.612,12.112,11.602,12.094,21573,0
20111013,11.904,12.483,11.899,12.173,26735,0
20111014,12.052,12.437,12.052,12.321,14599,0
20111017,12.27,12.744,12.242,12.4,31530,0
20111018,12.595,12.595,12.158,12.265,8870,0
20111019,12.265,12.46,12.135,12.307,19309,0
20111020,12.047,12.307,11.95,12.178,8340,0
20111021,12.178,12.252,12.047,12.252,12015,0
20111024,12.154,12.344,12.075,12.344,22651,0
20111025,12.089,12.335,11.987,12.233,11467,0
20111026,11.983,12.252,11.602,11.806,74534,0
20111027,11.834,12.414,11.834,12.414,16567,0
20111028,12.405,12.437,12.099,12.252,11573,0
20111031,12.01,12.321,11.602,11.769,5006,0
20111101,11.142,11.602,10.701,11.101,20236,0
20111102,10.993,11.612,10.785,11.453,21679,0
20111103,10.952,12.483,10.952,12.126,37086,0
20111104,12.071,12.391,11.787,12.006,14503,0
20111107,11.881,12.252,11.56,11.699,18395,0
20111108,11.592,11.885,11.231,11.361,9757,0
20111109,11.254,11.602,11.203,11.203,23077,0
20111110,11.175,11.528,10.911,11.379,4728,0
20111111,11.315,11.694,11.198,11.612,4415,0
20111114,11.541,11.881,11.463,11.592,8616,0
20111115,11.509,11.709,11.37,11.486,7224,0
20111116,11.231,12.237,11.231,11.955,17217,0
20111117,11.713,12.019,11.667,11.815,89940,0
20111118,11.648,12.019,11.537,11.881,28206,0
20111121,11.699,11.927,11.509,11.778,27143,0
20111122,11.787,11.787,11.541,11.541,27857,0
20111123,11.11,11.704,10.906,11.008,40432,0
20111124,10.99,11.597,10.67,11.486,29433,0
20111125,11.425,11.486,11.101,11.267,12800,0
20111128,11.625,11.732,11.315,11.709,11310,0
20111129,11.639,11.704,11.463,11.704,1724,0
20111130,11.486,11.959,11.486,11.885,52053,0
20111201,11.899,11.922,11.333,11.658,16833,0
20111202,11.402,11.612,11.249,11.612,13651,0
20111205,11.584,12.057,11.486,11.912,16599,0
20111206,11.722,12.163,11.686,11.834,6031,0
20111207,12.001,12.186,11.699,12.071,6638,0
20111208,11.996,12.103,11.277,11.277,15105,0
20111209,11.156,11.602,11.152,11.56,7530,0
20111212,11.463,11.602,11.315,11.315,2747,0
20111213,11.139,11.505,11.138,11.477,2715,0
20111214,11.203,11.537,11.138,11.161,6895,0
20111215,11.045,11.315,11.013,11.068,15193,0
20111216,11.124,11.259,11.045,11.068,3373,0
20111219,11.045,11.184,10.711,10.99,9027,0
20111220,10.869,11.37,10.822,11.346,12263,0
20111221,11.315,11.579,11.11,11.402,6004,0
20111222,11.295,11.528,11.231,11.453,1185,0
20111223,11.453,11.602,11.267,11.597,3505,0
20111227,11.533,11.584,11.43,11.533,1397,0
20111228,11.277,11.69,11.277,11.477,7692,0
20111229,11.421,11.435,11.175,11.318,7330,0
20111230,11.267,11.825,11.231,11.602,30217,0
20120102,11.592,11.653,11.323,11.564,11347,0
20120103,11.305,12.224,11.305,11.964,14153,0
20120104,11.671,12.066,11.648,11.996,13031,0
20120105,11.635,12.024,11.602,12.024,1700,0
20120106,11.834,12.006,11.815,11.983,4943,0
20120109,11.806,12.39,11.802,11.899,5964,0
20120110,11.936,11.983,11.797,11.955,4826,0
20120111,11.848,12.034,11.82,12.034,3253,0
20120112,11.955,11.978,11.694,11.741,3671,0
20120113,11.783,11.973,11.569,11.602,6958,0
20120116,11.505,11.714,11.463,11.643,5642,0
20120117,11.643,11.834,11.477,11.802,5398,0
20120118,11.802,11.848,11.602,11.848,26113,0
20120119,11.848,11.876,11.658,11.834,7555,0
20120120,11.713,11.834,11.592,11.671,16715,0
20120123,11.574,11.806,11.486,11.709,4870,0
20120124,11.551,11.813,11.518,11.741,5125,0
20120125,11.694,11.741,11.579,11.722,1292,0
20120126,11.917,11.917,11.63,11.75,12596,0
20120127,11.625,11.88,11.625,11.76,9675,0
20120130,11.602,11.881,11.602,11.881,11123,0
20120131,11.713,11.945,11.602,11.802,11788,0
20120201,11.76,11.945,11.722,11.917,18859,0
20120202,11.917,12.288,11.834,12.214,82156,0
20120203,11.648,12.53,11.648,12.53,48872,0
20120206,12.483,12.526,12.103,12.526,32149,0
20120207,12.437,12.577,11.861,11.861,24369,0
20120208,11.834,12.344,11.834,12.298,58782,0
20120209,12.196,12.762,12.186,12.762,81004,0
20120210,12.549,12.8,12.472,12.59,32678,0
20120213,12.677,12.677,12.344,12.498,14981,0
20120214,12.493,12.539,12.252,12.303,11368,0
20120215,12.437,12.623,12.354,12.368,9377,0
20120216,12.372,12.66,12.293,12.66,9697,0
20120217,12.521,12.66,12.089,12.455,25972,0
20120220,12.503,12.595,12.112,12.534,19317,0
20120221,12.455,12.539,12.168,12.321,14985,0
20120222,12.103,12.331,12.024,12.331,3282,0
20120223,12.182,12.437,12.158,12.368,16400,0
20120224,12.247,12.503,12.247,12.442,9855,0
20120227,12.252,12.437,12.242,12.288,3376,0
20120228,12.14,12.585,12.14,12.498,21453,0
20120229,12.391,12.929,12.354,12.8,27919,0
20120301,12.637,12.994,12.623,12.906,18432,0
20120302,12.767,12.906,12.678,12.808,11960,0
20120305,12.808,12.808,12.483,12.693,10003,0
20120306,12.539,12.693,11.816,12.15,32060,0
20120307,11.959,12.335,11.861,12.247,33522,0
20120308,12.061,12.623,11.987,12.437,23848,0
20120309,12.307,12.739,12.284,12.739,6550,0
20120312,12.558,12.739,12.428,12.59,2152,0
20120313,12.437,12.859,12.386,12.72,9767,0
20120314,12.651,12.994,12.604,12.925,52552,0
20120315,12.925,13.319,12.716,12.79,33323,0
20120316,12.674,13.616,12.66,13.542,64587,0
20120319,13.486,13.542,13.273,13.504,22080,0
20120320,13.366,13.676,13.179,13.268,16639,0
20120321,13.148,13.366,13.041,13.189,12730,0
20120322,13.189,13.199,12.996,13.082,13503,0
20120323,13.05,13.366,12.882,13.134,13234,0
20120326,12.882,13.448,12.882,13.448,16589,0
20120327,13.366,13.458,13.138,13.222,7871,0
20120328,13.059,13.367,13.036,13.1,8105,0
20120329,12.91,13.245,12.91,13.077,15966,0
20120330,13.041,13.203,12.91,12.952,11935,0
20120402,12.834,13.328,12.772,13.175,5758,0
20120403,13.005,13.179,12.994,13.022,2276,0
20120404,12.818,13.1,12.8,13.041,9985,0
20120405,12.881,13.041,12.641,12.901,5238,0
20120410,12.901,12.901,11.802,12.01,51179,0
20120411,11.861,12.316,11.797,12.247,44913,0
20120412,12.168,12.437,12.057,12.349,8165,0
20120413,12.252,12.53,12.158,12.209,12351,0
20120416,11.973,12.428,11.811,12.191,10142,0
20120417,12.084,12.498,11.991,12.475,3258,0
20120418,12.437,12.729,12.135,12.534,7188,0
20120419,12.354,12.716,12.354,12.641,12220,0
20120420,12.455,12.901,12.455,12.808,12345,0
20120423,12.632,13.013,12.611,12.665,12291,0
20120424,12.613,12.942,12.613,12.613,11721,0
20120425,12.572,13.378,12.511,13.199,20885,0
20120426,13.097,13.226,12.952,13.226,6654,0
20120427,13.199,13.226,12.91,13.077,2168,0
20120430,12.834,13.222,12.834,13.1,8143,0
20120502,13.026,13.291,12.994,13.143,11713,0
20120503,13.054,13.143,12.901,12.957,5151,0
20120504,12.748,12.957,12.577,12.752,5125,0
20120507,12.414,12.772,11.968,12.581,15162,0
20120508,12.381,12.695,12.298,12.479,15928,0
20120509,12.368,12.53,11.973,12.257,13580,0
20120510,12.019,12.53,12.019,12.363,8163,0
20120511,12.126,12.533,12.047,12.344,8901,0
20120514,12.075,12.465,12.075,12.372,8164,0
20120515,12.214,12.544,12.094,12.419,9879,0
20120516,12.057,12.419,11.955,12.27,10983,0
20120517,12.019,12.27,11.973,12.122,8644,0
20120518,11.764,12.122,11.648,11.648,12585,0
20120521,11.602,12.072,11.602,11.904,7631,0
20120522,11.843,12.335,11.704,12.257,10939,0
20120523,11.936,12.358,11.936,12.358,10959,0
20120524,12.209,12.358,12.14,12.27,1515,0
20120525,12.029,12.341,12.029,12.15,4601,0
20120528,11.917,12.321,11.917,12.233,776,0
20120529,12.057,12.46,12.024,12.447,12463,0
20120530,12.173,12.53,12.058,12.201,9794,0
20120531,12.057,12.53,11.973,12.53,21928,0
20120601,12.252,12.483,11.584,11.76,24203,0
20120604,11.361,12.019,11.181,11.56,38171,0
20120605,11.323,11.955,11.323,11.936,27735,0
20120606,11.75,12.019,11.574,11.936,20448,0
20120607,11.138,11.865,11.031,11.662,18106,0
20120608,11.315,11.861,11.287,11.694,19431,0
20120611,11.694,12.209,11.546,11.597,14022,0
20120612,11.323,11.831,11.259,11.393,7507,0
20120613,11.068,11.505,11.068,11.198,14386,0
20120614,10.748,11.263,10.748,11.147,8415,0
20120615,10.859,11.5,10.859,11.486,21085,0
20120618,11.277,11.834,11.277,11.509,21037,0
20120619,11.18,11.592,11.18,11.546,4865,0
20120620,11.189,11.736,11.189,11.709,6737,0
20120621,11.37,11.709,11.37,11.421,14100,0
20120622,11.073,11.49,11.073,11.421,10556,0
20120625,11.133,11.509,10.952,11.013,47724,0
20120626,10.752,11.045,10.752,10.896,30566,0
20120627,10.665,11.076,10.665,10.952,28744,0
20120628,10.831,10.957,10.673,10.957,21079,0
20120629,10.818,11.212,10.818,11.049,29914,0
20120702,10.78,11.133,10.78,11.003,21647,0
20120703,10.787,11.166,10.787,11.166,21157,0
20120704,11.073,11.212,10.864,11.212,14087,0
20120705,10.929,11.212,10.929,10.993,9039,0
20120706,10.952,10.998,10.683,10.952,3361,0
20120709,10.814,10.952,10.627,10.665,11219,0
20120710,10.391,10.998,10.391,10.896,30034,0
20120711,10.488,11.184,10.488,11.021,27883,0
20120712,10.716,11.318,10.711,11.124,11645,0
20120713,10.993,11.3,10.878,11.226,9693,0
20120716,10.943,11.853,10.943,11.764,19999,0
20120717,11.5,11.917,11.5,11.783,10545,0
20120718,11.518,11.853,11.518,11.778,11541,0
20120719,11.523,12.163,11.523,11.803,42771,0
20120720,11.472,11.973,11.472,11.769,30504,0
20120723,11.458,11.876,11.138,11.226,49117,0
20120724,11.064,11.351,10.957,11.328,5812,0
20120725,11.203,11.509,10.993,11.356,22308,0
20120726,11.077,11.671,11.077,11.556,28801,0
20120727,11.556,11.899,11.31,11.899,16701,0
20120730,11.718,11.945,11.5,11.838,10588,0
20120731,11.592,11.973,11.523,11.713,13791,0
20120801,11.435,11.783,11.421,11.615,9721,0
20120802,11.449,11.671,11.249,11.249,7824,0
20120803,10.962,11.973,10.962,11.894,19605,0
20120806,12.047,12.052,11.585,11.881,10548,0
20120807,11.991,11.996,11.588,11.936,19082,0
20120808,11.936,11.973,11.648,11.769,17891,0
20120809,11.769,11.787,11.357,11.537,15422,0
20120810,11.291,11.612,11.212,11.612,9185,0
20120813,11.37,11.612,11.37,11.389,2594,0
20120814,11.189,11.546,11.189,11.435,12396,0
20120815,11.161,11.546,11.161,11.425,3962,0
20120816,11.221,11.653,11.216,11.653,14165,0
20120817,11.425,11.834,11.425,11.755,4568,0
20120820,11.5,11.881,11.495,11.718,7309,0
20120821,11.472,11.945,11.472,11.615,19871,0
20120822,11.305,11.736,11.292,11.467,17693,0
20120823,11.282,11.467,11.282,11.425,21680,0
20120824,11.518,11.518,11.17,11.374,2188,0
20120827,11.231,11.55,11.124,11.421,72870,0
20120828,11.124,11.509,11.101,11.318,40041,0
20120829,11.049,11.523,11.049,11.342,21556,0
20120830,11.184,11.49,11.119,11.31,8518,0
20120831,11.184,11.541,11.119,11.338,24991,0
20120903,11.031,11.556,11.031,11.505,5958,0
20120904,11.88,11.88,11.173,11.356,9306,0
20120905,11.092,11.505,11.092,11.384,3945,0
20120906,11.124,11.62,11.124,11.467,12289,0
20120907,11.193,11.602,11.193,11.597,20484,0
20120910,11.31,11.676,11.31,11.625,25090,0
20120911,11.29,11.667,11.29,11.477,5880,0
20120912,11.203,11.602,11.203,11.569,10563,0
20120913,11.29,11.741,11.29,11.625,19183,0
20120914,11.453,11.945,11.453,11.76,16338,0
20120917,11.425,12.046,11.425,11.909,8786,0
20120918,11.588,12.047,11.588,11.755,10836,0
20120919,11.513,12.029,11.513,11.876,16598,0
20120920,11.523,12.029,11.523,11.917,12787,0
20120921,11.664,12.043,11.648,11.885,35177,0
20120924,11.546,11.973,11.546,11.671,14970,0
20120925,11.412,11.676,11.412,11.607,18792,0
20120926,11.236,11.607,11.236,11.282,29907,0
20120927,11.045,11.556,11.045,11.556,35291,0
20120928,11.556,11.556,11.231,11.458,10567,0
20121001,11.119,11.458,11.119,11.287,7455,0
20121002,10.939,11.373,10.939,11.216,11629,0
20121003,11.119,11.231,10.864,11.221,4398,0
20121004,11.221,11.402,10.915,11.267,30690,0
20121005,11.138,11.416,11.119,11.249,9098,0
20121008,10.869,11.36,10.869,11.231,14320,0
20121009,10.97,11.231,10.97,11.221,17776,0
20121010,10.915,11.259,10.915,11.138,15226,0
20121011,10.855,11.56,10.855,11.323,27908,0
20121012,11.031,11.556,11.031,11.49,12810,0
20121015,11.49,11.537,11.208,11.49,10701,0
20121016,11.296,11.546,11.295,11.384,10497,0
20121017,11.384,11.49,11.096,11.356,14457,0
20121018,11.259,11.584,11.087,11.481,19988,0
20121019,11.667,11.667,11.333,11.342,5817,0
20121022,11.138,11.513,11.046,11.365,17677,0
20121023,11.3,11.416,11.087,11.236,18712,0
20121024,11.003,11.295,11.003,11.244,12633,0
20121025,10.98,11.244,10.98,11.24,12015,0
20121026,10.929,11.277,10.929,11.277,11496,0
20121029,10.887,11.277,10.887,11.208,3554,0
20121030,10.799,11.392,10.799,11.161,12499,0
20121031,10.79,11.161,10.79,11.064,38905,0
20121101,10.701,11.133,10.701,11.128,2622,0
20121102,11.045,11.203,10.762,11.203,16777,0
20121105,10.65,11.261,10.65,11.073,22843,0
20121106,10.734,11.092,10.734,11.059,17721,0
20121107,10.97,11.161,10.97,11.161,11697,0
20121108,11.073,11.212,10.831,11.119,15582,0
20121109,11.045,11.147,10.887,10.985,18039,0
20121112,10.985,11.128,10.683,10.993,4510,0
20121113,10.993,11.045,10.595,10.975,13062,0
20121114,10.599,10.998,10.599,10.911,11041,0
20121115,10.911,10.97,10.483,10.771,32244,0
20121116,10.582,10.771,10.562,10.72,46165,0
20121119,10.582,10.813,10.447,10.716,117730,0
20121120,10.348,10.776,10.348,10.665,27085,0
20121121,10.317,10.794,10.317,10.762,26001,0
20121122,10.409,11.231,10.409,11.221,34112,0
20121123,10.883,11.446,10.883,11.272,19383,0
20121126,11.416,11.592,11.193,11.592,20349,0
20121127,11.216,11.741,11.216,11.602,14742,0
20121128,11.746,11.746,11.39,11.607,15804,0
20121129,11.29,12.01,11.29,12.01,19779,0
20121130,11.658,12.112,11.658,11.797,48263,0
20121203,11.661,12.047,11.412,11.736,44346,0
20121204,11.361,11.848,11.361,11.792,17348,0
20121205,11.477,12.186,11.477,12.057,26854,0
20121206,11.704,12.46,11.704,12.46,17921,0
20121207,11.973,12.475,11.973,12.103,27651,0
20121210,11.584,12.219,11.584,12.117,15504,0
20121211,12.117,12.288,11.607,12.288,26911,0
20121212,11.792,12.391,11.792,12.229,14199,0
20121213,11.709,12.391,11.709,12.28,18518,0
20121214,11.741,12.483,11.741,12.451,24207,0
20121217,11.964,12.688,11.964,12.609,34867,0
20121218,12.122,12.762,12.122,12.669,24745,0
20121219,12.178,12.976,12.178,12.874,38607,0
20121220,12.4,12.874,12.4,12.632,14878,0
20121221,12.163,12.938,12.163,12.938,17818,0
20121227,12.994,12.994,12.604,12.757,12295,0
20121228,12.237,12.813,12.237,12.803,14063,0
20130102,12.757,13.003,12.53,12.785,20097,0
20130103,12.335,13.059,12.335,12.757,11752,0
20130104,12.354,12.938,12.354,12.929,8040,0
20130107,12.405,13.171,12.405,12.962,19046,0
20130108,12.419,13.041,12.419,13.017,4997,0
20130109,12.451,13.026,12.451,13.026,8438,0
20130110,12.534,12.994,12.534,12.818,15025,0
20130111,12.539,12.818,12.539,12.734,4105,0
20130114,12.994,13.366,12.92,13.064,57006,0
20130115,12.854,13.55,12.854,13.458,38878,0
20130116,13.05,13.551,13.05,13.351,35665,0
20130117,13.226,13.551,13.222,13.296,16394,0
20130118,13.179,13.551,13.179,13.468,17761,0
20130121,13.179,13.755,13.179,13.635,22191,0
20130122,13.736,13.737,13.184,13.62,9433,0
20130123,13.203,13.769,13.203,13.62,12274,0
20130124,13.179,13.75,13.179,13.635,14696,0
20130125,13.207,13.791,13.207,13.697,18842,0
20130128,13.199,13.742,13.199,13.565,26310,0
20130129,13.203,13.839,13.203,13.31,25214,0
20130130,13.179,13.778,13.087,13.453,44948,0
20130131,12.739,13.406,12.739,13.143,20508,0
20130201,13.226,13.319,12.655,13.226,12589,0
20130204,13.273,13.536,13.166,13.189,7246,0
20130205,12.864,13.199,12.864,13.128,27431,0
20130206,12.711,13.273,12.711,13.207,8643,0
20130207,12.748,13.3,12.748,13.3,18386,0
20130208,12.869,13.3,12.869,13.013,17758,0
20130211,12.808,13.328,12.808,12.995,5059,0
20130212,13.087,13.235,12.762,13.179,6569,0
20130213,12.827,13.366,12.827,13.366,6811,0
20130214,12.957,13.273,12.957,13.151,8879,0
20130215,12.78,13.333,12.78,13.179,8267,0
20130218,13.013,13.31,13.013,13.073,8266,0
20130219,13.105,13.226,12.767,13.179,5749,0
20130220,12.836,13.407,12.836,13.254,9022,0
20130221,12.943,13.384,12.943,13.133,17733,0
20130222,12.854,13.253,12.854,13.124,22397,0
20130225,13.231,13.263,12.854,12.902,20314,0
20130226,12.53,13.124,12.53,12.808,18322,0
20130227,12.572,12.914,12.572,12.892,17050,0
20130228,12.544,12.909,12.544,12.827,5453,0
20130301,12.483,13.206,12.483,13.206,14644,0
20130304,12.567,13.171,12.567,13.133,14239,0
20130305,13.087,13.273,12.767,13.133,8073,0
20130306,12.767,13.254,12.767,13.199,11673,0
20130307,12.994,13.179,12.748,13.124,14933,0
20130308,12.767,13.199,12.767,12.901,17057,0
20130311,12.581,12.994,12.581,12.938,23204,0
20130312,12.549,12.938,12.549,12.716,9746,0
20130313,12.326,12.892,12.326,12.72,20134,0
20130314,12.344,13.022,12.344,12.716,54608,0
20130315,12.488,13.175,12.488,13.036,57154,0
20130318,12.534,13.337,12.534,13.337,25466,0
20130319,12.762,13.179,12.762,12.994,46083,0
20130320,12.581,13.169,12.581,12.776,38971,0
20130321,13.087,13.087,12.577,12.887,74847,0
20130322,12.4,12.943,12.4,12.808,37408,0
20130325,12.493,12.943,12.493,12.762,46887,0
20130326,12.414,12.943,12.414,12.53,55961,0
20130327,12.483,12.742,11.986,12.196,55251,0
20130328,11.968,12.27,11.968,12.214,19235,0
20130402,12.186,12.45,12.186,12.45,31583,0
20130403,12.326,12.419,12.219,12.419,14254,0
20130404,12.335,12.483,12.242,12.419,17149,0
20130405,12.396,12.428,12.206,12.206,26725,0
20130408,12.178,12.321,12.112,12.201,28319,0
20130409,12.043,12.394,12.043,12.394,17713,0
20130410,12.209,12.925,12.08,12.776,67653,0
20130411,12.632,12.962,12.632,12.962,19044,0
20130412,12.618,12.934,12.618,12.926,24760,0
20130415,12.901,13.189,12.742,12.742,18711,0
20130416,12.521,13.022,12.521,13.022,25811,0
20130417,12.864,13.008,12.734,12.828,18074,0
20130418,12.618,12.948,12.618,12.874,14678,0
20130419,12.711,13.041,12.711,12.977,17925,0
20130422,13.366,13.458,12.882,13.041,21808,0
20130423,12.901,13.342,12.901,13.152,12702,0
20130424,13.366,13.366,13.031,13.291,19363,0
20130425,13.115,13.458,13.1,13.178,28959,0
20130426,13.022,13.44,13.022,13.309,45900,0
20130429,13.189,13.616,13.189,13.476,35879,0
20130430,13.384,13.607,13.183,13.183,22675,0
20130502,13.12,13.736,13.12,13.736,16939,0
20130503,13.37,13.699,13.37,13.602,29385,0
20130506,13.718,13.738,13.546,13.727,35300,0
20130507,13.56,13.922,13.56,13.922,55469,0
20130508,13.801,13.95,13.793,13.876,13174,0
20130509,13.783,14.045,13.783,14.034,12194,0
20130510,13.829,14.103,13.737,13.876,16267,0
20130513,13.867,13.971,13.458,13.904,18718,0
20130514,13.788,14.052,13.691,13.945,11418,0
20130515,13.825,13.913,13.718,13.829,15372,0
20130516,13.737,13.922,13.528,13.922,9639,0
20130517,13.816,13.978,13.704,13.876,7865,0
20130520,13.913,13.922,13.691,13.922,4725,0
20130521,14.108,14.201,13.801,13.876,19908,0
20130522,13.737,14.092,13.737,14.019,43141,0
20130523,13.973,14.008,13.811,13.877,30890,0
20130524,13.857,13.967,13.75,13.967,13225,0
20130527,13.96,14.336,13.885,14.336,195076,0
20130528,14.339,14.572,14.006,14.572,50507,0
20130529,14.275,14.387,14.245,14.339,11045,0
20130530,14.247,14.479,14.164,14.448,35563,0
20130531,14.387,14.664,14.367,14.664,52567,0
20130603,14.479,14.707,14.433,14.479,37417,0
20130604,14.492,14.711,14.438,14.711,45353,0
20130605,14.609,14.684,14.395,14.395,44057,0
20130606,14.4,14.581,14.292,14.558,30386,0
20130607,14.428,14.512,14.27,14.414,36152,0
20130610,14.711,14.711,14.47,14.573,47099,0
20130611,14.572,14.59,14.4,14.433,13573,0
20130612,14.433,14.544,14.316,14.433,22172,0
20130613,14.21,14.433,14.117,14.303,14827,0
20130614,14.28,14.507,14.28,14.507,16574,0
20130617,14.387,14.817,14.387,14.727,110485,0
20130618,14.391,14.851,14.387,14.759,110076,0
20130619,14.679,15.148,14.679,15.148,103431,0
20130620,14.859,15.036,14.471,14.498,81390,0
20130621,13.472,14.052,13.277,13.89,40178,0
20130624,13.644,13.922,13.064,13.24,53153,0
20130625,13.128,13.551,13.128,13.422,21038,0
20130626,13.226,13.968,13.226,13.876,28674,0
20130627,13.694,14.052,13.674,13.983,8710,0
20130628,13.834,14.265,13.828,14.215,18873,0
20130701,14.019,14.247,14.015,14.245,28905,0
20130702,13.927,14.201,13.922,14.108,16565,0
20130703,13.968,14.108,13.745,14.001,20383,0
20130704,13.829,14.183,13.829,14.108,25317,0
20130705,14.066,14.261,14.062,14.098,14567,0
20130708,14.09,14.377,14.09,14.122,6493,0
20130709,14.052,14.382,14.052,14.382,11130,0
20130710,14.136,14.442,14.106,14.234,34101,0
20130711,14.27,14.387,14.201,14.35,22673,0
20130712,14.433,14.433,14.238,14.293,13332,0
20130715,14.141,14.419,14.015,14.024,25538,0
20130716,13.899,14.196,13.829,14.196,3421,0
20130717,13.917,14.201,13.917,14.103,7842,0
20130718,13.983,14.201,13.829,14.201,9641,0
20130719,14.145,14.382,14.024,14.382,13261,0
20130722,14.28,14.516,14.187,14.516,15554,0
20130723,14.364,14.47,14.293,14.298,10444,0
20130724,14.331,14.488,14.293,14.387,15309,0
20130725,14.293,14.47,14.293,14.387,4679,0
20130726,14.395,14.479,14.303,14.387,22853,0
20130729,14.395,14.395,14.293,14.387,11689,0
20130730,14.321,14.395,14.293,14.387,13634,0
20130731,14.293,14.41,14.252,14.41,12714,0
20130801,14.289,14.387,14.247,14.387,23852,0
20130802,14.28,14.298,14.126,14.224,5904,0
20130805,14.191,14.289,14.034,14.034,8794,0
20130806,14.024,14.289,13.658,13.885,20042,0
20130807,13.648,14.08,13.648,13.92,6179,0
20130808,13.676,14.029,13.671,13.876,10528,0
20130809,13.825,14.182,13.755,14.09,11447,0
20130812,14.479,14.536,14.062,14.337,54574,0
20130813,14.387,14.567,14.289,14.387,10636,0
20130814,14.479,14.479,14.173,14.386,14867,0
20130815,14.247,14.433,14.21,14.354,8638,0
20130816,14.247,14.386,14.052,14.339,4381,0
20130819,14.339,14.442,14.261,14.359,14406,0
20130820,14.247,14.456,14.154,14.293,7205,0
20130821,14.387,14.414,13.969,14.098,27725,0
20130822,13.968,14.395,13.968,14.238,13400,0
20130823,14.164,14.516,14.164,14.433,30636,0
20130826,14.502,14.502,14.173,14.25,7271,0
20130827,14.08,14.414,14.062,14.247,12358,0
20130828,14.015,14.062,13.65,13.838,30775,0
20130829,13.922,14.154,13.645,13.938,7670,0
20130830,14.034,14.326,13.922,13.955,40926,0
20130902,14.108,14.164,13.848,14.016,13732,0
20130903,13.932,14.261,13.932,14.164,13914,0
20130904,14.247,14.334,13.968,14.141,10631,0
20130905,14.154,14.289,14.108,14.21,2638,0
20130906,14.293,14.293,13.755,13.932,30384,0
20130909,13.922,14.168,13.691,14.168,30668,0
20130910,14.293,14.349,14.07,14.312,15715,0
20130911,14.145,14.326,14.145,14.285,519,0
20130912,14.349,14.349,14.08,14.126,6353,0
20130913,14.015,14.21,14.015,14.177,18518,0
20130916,14.293,14.293,13.988,14.047,16216,0
20130917,14.201,14.581,13.988,14.581,64627,0
20130918,14.609,14.609,14.316,14.507,23156,0
20130919,14.507,14.851,14.414,14.636,51131,0
20130920,14.804,14.851,14.461,14.572,32783,0
20130923,14.572,14.73,14.367,14.539,11520,0
20130924,14.669,14.684,14.442,14.684,7317,0
20130925,14.609,14.743,14.503,14.743,9583,0
20130926,14.572,14.743,14.442,14.618,20103,0
20130927,14.739,14.739,14.502,14.636,11265,0
20130930,14.488,14.656,14.387,14.549,9365,0
20131001,14.512,14.758,14.498,14.656,12596,0
20131002,14.516,14.823,14.516,14.725,23981,0
20131003,14.605,14.832,14.605,14.781,6223,0
20131004,14.804,14.832,14.586,14.832,18001,0
20131007,14.851,14.971,14.664,14.887,17890,0
20131008,14.795,15.078,14.785,14.91,10807,0
20131009,14.938,15.129,14.692,15.055,16565,0
20131010,15.092,15.778,15.036,15.63,50179,0
20131011,15.63,15.825,15.472,15.603,33504,0
20131014,15.844,15.844,15.458,15.732,29686,0
20131015,15.769,15.853,15.611,15.834,24933,0
20131016,15.778,15.778,15.398,15.658,15093,0
20131017,15.347,15.72,15.347,15.53,22849,0
20131018,15.537,15.63,15.403,15.63,9740,0
20131021,15.63,16.149,15.37,16.149,103837,0
20131022,15.959,16.146,15.876,16.043,17701,0
20131023,15.9,16.052,15.741,15.987,20308,0
20131024,15.895,16.149,15.89,15.936,30007,0
20131025,15.918,16.146,15.723,15.978,21383,0
20131028,16.187,16.243,15.918,16.052,36293,0
20131029,16.057,16.224,15.936,16.215,31387,0
20131030,16.197,16.197,16.011,16.011,17689,0
20131031,15.768,16.354,15.575,16.354,77742,0
20131101,16.335,16.614,16.154,16.502,49983,0
20131104,16.553,17.273,16.243,17.121,83345,0
20131105,17.171,17.495,17.013,17.217,89241,0
20131106,17.245,17.811,17.05,17.652,96786,0
20131107,17.728,17.769,17.264,17.403,42388,0
20131108,17.385,17.449,17.036,17.087,16715,0
20131111,17.245,17.495,17.009,17.431,29303,0
20131112,17.459,17.561,16.697,16.831,25288,0
20131113,16.753,16.985,16.614,16.948,37539,0
20131114,17.013,17.171,16.874,17.166,40308,0
20131115,16.99,17.505,16.976,17.217,29516,0
20131118,17.078,17.482,16.934,17.403,19228,0
20131119,17.635,17.959,17.449,17.621,127626,0
20131120,17.449,17.768,17.013,17.487,58771,0
20131121,17.217,17.682,17.045,17.259,73167,0
20131122,17.542,17.705,17.222,17.467,29335,0
20131125,17.662,17.764,17.296,17.764,26215,0
20131126,17.621,17.964,17.324,17.69,60832,0
20131127,17.918,17.918,17.579,17.728,13345,0
20131128,17.802,17.83,17.505,17.552,24477,0
20131129,17.588,17.682,17.449,17.542,15147,0
20131202,17.495,17.575,17.171,17.403,44618,0
20131203,17.268,17.431,16.846,17.353,72994,0
20131204,16.953,17.375,16.892,16.892,35471,0
20131205,16.966,17.528,16.74,17.236,39028,0
20131206,17.542,17.542,17.18,17.375,3110,0
20131209,17.264,17.639,17.264,17.561,37521,0
20131210,17.542,17.561,17.258,17.258,20400,0
20131211,17.162,17.514,17.162,17.365,13433,0
20131212,17.171,17.436,16.901,17.055,35720,0
20131213,16.901,17.073,16.568,16.981,19259,0
20131216,16.901,17.264,16.725,17.226,53625,0
20131217,17.273,17.467,17.059,17.467,23248,0
20131218,17.217,17.44,17.208,17.236,14934,0
20131219,17.357,17.635,17.124,17.634,51680,0
20131220,17.635,17.997,17.352,17.997,48364,0
20131223,17.997,17.997,17.523,17.593,23241,0
20131227,17.542,17.982,17.449,17.635,26449,0
20131230,17.728,17.979,17.635,17.83,16669,0
20140102,17.959,17.987,17.635,17.872,16222,0
20140103,17.7,17.946,17.533,17.728,21530,0
20140106,17.728,18.192,17.495,18.145,15066,0
20140107,18.173,19.027,18.043,18.784,35168,0
20140108,18.563,18.809,18.266,18.484,19723,0
20140109,18.433,18.632,18.256,18.526,6669,0
20140110,18.266,18.799,18.15,18.799,32254,0
20140113,18.563,18.939,18.424,18.934,11980,0
20140114,18.749,18.898,18.466,18.652,18013,0
20140115,18.655,18.744,18.352,18.586,8379,0
20140116,18.433,18.744,18.21,18.517,18330,0
20140117,18.358,18.563,18.35,18.563,11980,0
20140120,18.493,18.562,18.331,18.558,10718,0
20140121,18.424,18.563,18.378,18.47,6497,0
20140122,18.433,18.693,18.429,18.563,66052,0
20140123,18.545,18.568,18.248,18.304,14665,0
20140124,18.038,18.452,17.913,18.015,29249,0
20140127,18.007,18.03,17.548,17.629,43605,0
20140128,17.556,18.294,17.556,18.21,27129,0
20140129,18.238,18.79,18.238,18.693,108738,0
20140130,18.553,19.027,18.452,19.027,56170,0
20140131,18.758,19.167,18.739,18.837,87642,0
20140203,18.619,18.934,18.619,18.642,15685,0
20140204,18.307,18.739,18.136,18.304,26788,0
20140205,17.979,18.573,17.974,18.499,33133,0
20140206,18.391,18.901,18.391,18.898,12828,0
20140207,18.85,19.296,18.73,19.277,42361,0
20140210,19.115,19.398,19.106,19.157,36146,0
20140211,19.027,19.329,18.962,19.161,22075,0
20140212,18.976,19.208,18.976,19.106,17932,0
20140213,18.906,19.231,18.906,19.226,11995,0
20140214,18.972,19.454,18.972,19.396,16653,0
20140217,19.184,19.449,19.069,19.384,21735,0
20140218,19.195,19.449,19.195,19.449,19003,0
20140219,19.315,19.449,19.259,19.423,36943,0
20140220,19.115,19.44,19.115,19.38,6373,0
20140221,19.214,19.472,19.213,19.329,19351,0
20140224,19.157,19.491,19.157,19.491,21337,0
20140225,19.236,19.472,19.236,19.468,7627,0
20140226,19.241,19.491,19.203,19.389,4184,0
20140227,19.162,20.04,19.157,19.853,36778,0
20140228,19.909,20.925,19.765,20.6,78678,0
20140303,20.14,20.419,19.027,19.848,67589,0
20140304,19.714,20.605,19.584,20.295,10162,0
20140305,20.35,20.35,20.109,20.271,12573,0
20140306,20.28,20.948,20.099,20.572,29622,0
20140307,20.455,20.508,20.211,20.262,12005,0
20140310,20.183,20.401,20.085,20.15,8856,0
20140311,20.043,20.628,20.043,20.401,22523,0
20140312,20.247,20.619,20.203,20.294,33759,0
20140313,20.229,20.312,19.445,19.445,17691,0
20140314,19.254,19.677,18.898,18.949,54997,0
20140317,18.934,19.714,18.934,19.607,39767,0
20140318,19.44,20.113,19.436,20.006,33718,0
20140319,19.886,20.647,19.858,20.303,31204,0
20140320,19.997,20.419,19.988,20.16,10185,0
20140321,20.058,20.419,19.603,19.843,28183,0
20140324,19.653,20.413,19.653,20.206,59163,0
20140325,20.493,20.493,20.03,20.345,40254,0
20140326,20.345,21.162,20.299,20.574,94956,0
20140327,20.419,20.874,20.419,20.6,23421,0
20140328,20.624,21.31,20.391,21.125,39570,0
20140331,21.013,21.44,21.013,21.162,42131,0
20140401,21.041,21.533,21.041,21.468,30090,0
20140402,21.343,21.955,21.343,21.663,60905,0
20140403,21.315,21.704,21.087,21.348,22208,0
20140404,21.087,21.942,21.087,21.673,18738,0
20140407,21.412,21.936,21.148,21.839,19464,0
20140408,21.617,21.95,20.962,21.239,24093,0
20140409,20.79,21.528,20.731,21.241,4801,0
20140410,21.079,21.477,21.064,21.064,15282,0
20140411,20.883,21.278,20.633,20.879,12331,0
20140414,20.67,20.957,19.955,20.762,73917,0
20140415,20.628,20.976,20.183,20.209,18391,0
20140416,20.28,20.786,20.229,20.429,10569,0
20140417,20.327,21.115,20.327,20.846,13723,0
20140422,20.679,21.44,20.679,21.315,12383,0
20140423,21.135,21.83,21.134,21.64,29453,0
20140424,21.65,21.825,21.259,21.487,17301,0
20140425,21.208,21.584,20.944,20.944,7796,0
20140428,20.818,21.44,20.818,20.962,7289,0
20140429,20.879,21.44,20.879,21.236,14647,0
20140430,20.93,21.626,20.93,21.552,19668,0
20140502,21.412,22.419,21.375,22.211,75602,0
20140505,22.062,22.359,22.028,22.09,21289,0
20140506,22.006,22.369,21.937,22.146,21475,0
20140507,21.955,22.415,21.955,22.127,8869,0
20140508,21.965,22.767,21.96,22.642,23708,0
20140509,22.438,22.742,22.415,22.74,17466,0
20140512,22.508,22.929,22.275,22.615,43408,0
20140513,22.485,22.924,22.485,22.693,18899,0
20140514,22.526,22.786,22.15,22.419,27366,0
20140515,22.262,22.925,22.262,22.513,38462,0
20140516,22.206,22.833,22.206,22.392,17729,0
20140519,22.29,22.74,22.29,22.592,14390,0
20140520,22.498,23.204,22.498,23.018,30434,0
20140521,22.666,23.389,22.666,23.283,55235,0
20140522,23.639,24.123,23.204,23.956,59918,0
20140523,23.78,24.123,23.668,23.747,22312,0
20140526,23.76,24.248,23.76,24.159,22333,0
20140527,23.696,24.312,23.529,23.677,91082,0
20140528,23.803,23.928,23.576,23.724,29579,0
20140529,23.58,24.141,23.58,24.039,12948,0
20140530,23.993,24.596,23.993,24.401,71100,0
20140602,24.41,25.245,24.318,24.73,43960,0
20140603,24.577,24.781,23.993,24.341,54024,0
20140604,23.296,23.838,22.948,23.067,27462,0
20140605,23.064,23.421,22.791,22.879,29240,0
20140606,22.712,23.343,22.693,23.26,10716,0
20140609,23.662,23.662,23.204,23.427,6654,0
20140610,23.158,23.668,23.158,23.268,15422,0
20140611,23.097,23.483,22.99,23.037,17995,0
20140612,22.92,23.603,22.92,23.431,25478,0
20140613,23.166,23.483,22.976,22.976,14689,0
20140616,22.879,23.343,22.767,22.833,18588,0
20140617,22.554,22.925,22.554,22.61,12162,0
20140618,22.452,22.925,22.287,22.489,13435,0
20140619,22.531,23.529,22.531,23.338,10564,0
20140620,23.348,23.741,22.29,22.6,26427,0
20140623,23.027,23.069,22.554,22.628,38999,0
20140624,22.457,22.833,21.811,22.295,45825,0
20140625,21.95,22.369,21.65,21.673,74769,0
20140626,21.811,22.22,21.765,22.09,19901,0
20140627,21.955,23.194,21.955,22.475,26938,0
20140630,22.392,22.74,22.062,22.09,45533,0
20140701,21.909,22.275,21.904,22.089,33309,0
20140702,21.849,22.267,21.849,22.129,11405,0
20140703,21.96,22.489,21.96,22.183,20146,0
20140704,21.95,22.345,21.95,22.262,8741,0
20140707,22.053,22.369,22.053,22.136,12109,0
20140708,21.978,22.262,21.978,22.048,9891,0
20140709,21.858,22.173,21.858,22.081,23714,0
20140710,21.899,22.164,21.811,21.919,41141,0
20140711,21.821,22.285,21.784,22.169,51594,0
20140714,22.592,22.592,22.104,22.392,8767,0
20140715,22.164,22.549,22.164,22.318,6557,0
20140716,22.37,22.498,22.164,22.169,45142,0
20140717,21.955,22.433,21.95,22.118,16769,0
20140718,21.835,22.429,21.732,21.732,37468,0
20140721,21.556,22.011,21.208,21.287,52315,0
20140722,21.227,21.653,21.031,21.213,38346,0
20140723,21.162,21.487,21.162,21.315,13330,0
20140724,21.162,21.594,21.162,21.422,46186,0
20140725,21.185,21.528,21.185,21.32,12990,0
20140728,21.153,21.44,20.531,20.624,44064,0
20140729,20.549,20.883,20.183,20.401,99200,0
20140730,20.359,20.359,19.997,20.03,24293,0
20140731,19.769,20.201,18.767,18.842,102149,0
20140801,18.758,19.282,18.304,18.795,104249,0
20140804,18.939,19.142,18.485,18.888,51982,0
20140805,18.874,19.343,18.874,18.976,25887,0
20140806,18.832,19.018,18.238,18.711,108983,0
20140807,18.763,19.162,18.553,18.972,46564,0
20140808,18.79,19.12,18.038,18.939,93561,0
20140811,19.101,20.002,19.041,19.867,78579,0
20140812,19.661,19.974,19.37,19.398,38402,0
20140813,19.336,19.976,19.32,19.853,33878,0
20140814,19.728,20.28,19.589,20.048,24464,0
20140815,20.048,20.285,19.668,19.899,38740,0
20140818,19.593,20.396,19.593,20.382,28505,0
20140819,20.512,21.264,20.512,20.934,63333,0
20140820,21.069,21.162,20.716,20.893,30050,0
20140821,20.865,21.83,20.786,21.7,41867,0
20140822,21.542,21.816,21.501,21.524,26600,0
20140825,21.533,21.936,21.399,21.399,27587,0
20140826,21.348,21.696,21.031,21.143,33421,0
20140827,20.944,21.445,20.944,21.18,19928,0
20140828,21.023,21.403,20.883,20.93,16341,0
20140829,20.883,21.241,20.726,20.782,21416,0
20140901,20.535,21.03,20.535,20.795,18960,0
20140902,20.656,21.668,20.656,21.162,53086,0
20140903,21.431,21.626,21.082,21.348,31318,0
20140904,21.162,21.435,21.162,21.366,18486,0
20140905,21.106,21.793,21.106,21.185,17476,0
20140908,21,21.348,20.902,21.153,10310,0
20140909,21.551,21.551,20.744,20.795,41647,0
20140910,20.679,20.809,20.48,20.628,19253,0
20140911,20.47,20.805,20.434,20.577,21644,0
20140912,20.475,20.86,20.058,20.168,18920,0
20140915,19.853,20.512,19.853,19.918,17552,0
20140916,19.863,20.243,19.677,19.677,23271,0
20140917,19.681,20.224,19.612,19.858,42825,0
20140918,19.677,20.271,19.677,20.094,25880,0
20140919,19.997,20.739,19.997,20.173,24578,0
20140922,19.937,20.378,19.937,20.085,12821,0
20140923,19.909,20.378,19.305,19.454,117532,0
20140924,19.249,19.449,19.12,19.198,10966,0
20140925,19.073,19.431,18.818,19.152,20086,0
20140926,18.934,19.152,18.295,18.832,46459,0
20140929,18.591,18.985,18.549,18.675,15861,0
20140930,18.396,19.036,18.396,18.916,30226,0
20141001,18.604,19.023,18.601,18.607,16701,0
20141002,18.535,18.814,18.342,18.396,32608,0
20141006,18.563,18.832,18.331,18.541,67492,0
20141007,18.331,18.601,18.201,18.201,30121,0
20141008,18.099,18.373,17.864,17.864,71674,0
20141009,17.923,18.322,17.654,17.654,34352,0
20141010,17.82,17.951,17.259,17.647,202844,0
20141013,17.551,17.844,17.171,17.463,24602,0
20141014,17.403,17.779,17.403,17.697,25249,0
20141015,17.408,18.099,17.403,17.66,33441,0
20141016,17.403,17.946,17.403,17.842,77803,0
20141017,17.682,19.296,17.682,19.145,74315,0
20141020,19.05,19.491,18.642,18.736,18334,0
20141021,18.586,19.478,18.586,19.45,14077,0
20141022,19.347,19.769,19.329,19.414,12340,0
20141023,19.143,19.978,19.124,19.827,40743,0
20141024,19.645,19.742,19.134,19.248,16323,0
20141027,19.196,19.705,18.665,19.029,22495,0
20141028,18.949,19.533,18.944,19.408,15623,0
20141029,19.106,19.677,19.106,19.137,9681,0
20141030,19.203,19.746,19.101,19.327,33692,0
20141031,19.431,20.798,19.39,20.447,34242,0
20141103,20.35,20.493,19.994,20.008,20204,0
20141104,20.14,20.387,19.941,20.031,21644,0
20141105,20.14,20.387,19.582,19.667,22676,0
20141106,19.436,20.605,19.436,20.163,34465,0
20141107,20.14,20.648,19.969,20.421,38637,0
20141110,20.271,20.99,20.14,20.937,44370,0
20141111,20.837,21.227,20.837,20.858,40621,0
20141112,20.837,21.264,20.754,21.208,18890,0
20141113,21.051,21.44,20.897,21.082,23879,0
20141114,20.985,21.704,20.948,21.09,24745,0
20141117,20.865,21.853,20.865,21.733,24258,0
20141118,21.673,23.435,21.673,22.991,155893,0
20141119,22.833,23.292,22.54,22.892,52534,0
20141120,22.735,23.231,22.6,23.132,41384,0
20141121,22.935,23.946,22.935,23.46,106910,0
20141124,23.268,24.364,23.111,24.126,83404,0
20141125,24.006,24.359,23.788,24.157,44963,0
20141126,24.108,24.179,23.726,23.75,27909,0
20141127,23.696,24.131,23.696,23.861,30607,0
20141128,23.7,24.085,23.668,23.669,26575,0
20141201,23.696,23.872,22.772,23.602,32877,0
20141202,23.348,24.155,23.348,23.931,23785,0
20141203,23.64,24.085,23.64,24.004,20141,0
20141204,23.87,24.131,23.668,24.048,27928,0
20141205,23.872,24.262,23.811,24.134,30107,0
20141208,23.928,24.563,23.9,24.296,78763,0
20141209,23.974,24.243,23.245,23.696,65812,0
20141210,23.486,24.559,23.486,24.329,51341,0
20141211,24.116,24.503,23.928,23.966,19732,0
20141212,23.649,24.085,23.376,23.376,123492,0
20141215,23.315,23.798,22.396,22.406,46006,0
20141216,22.369,23.181,22.369,22.805,48109,0
20141217,22.54,23.204,22.419,22.774,23915,0
20141218,22.656,23.478,22.656,23.137,22669,0
20141219,23.143,23.417,22.862,22.988,12417,0
20141222,22.818,23.724,22.818,23.641,22842,0
20141223,23.529,23.844,23.483,23.699,19511,0
20141229,23.598,23.992,23.448,23.53,16012,0
20141230,23.264,23.89,23.26,23.89,13799,0
20150102,23.565,24.113,23.559,23.789,18438,0
20150105,23.714,24.118,22.493,22.6,48419,0
20150106,22.09,23.25,21.765,23.113,169893,0
20150107,22.833,23.526,22.749,23.25,45761,0
20150108,23.26,23.872,23.171,23.539,30137,0
20150109,23.376,23.74,22.935,23.049,68947,0
20150112,23.352,23.352,22.765,22.827,46496,0
20150113,22.619,23.24,22.619,23.019,23271,0
20150114,22.717,23.561,22.707,23.402,49181,0
20150115,23.213,23.77,23.213,23.584,25580,0
20150116,23.273,23.7,23.273,23.452,26802,0
20150119,23.385,23.746,23.167,23.176,28976,0
20150120,23.138,24.253,23.099,23.591,30477,0
20150121,23.32,23.668,23.287,23.43,17362,0
20150122,23.217,23.895,23.13,23.4,33416,0
20150123,23.389,24.299,23.383,23.902,32979,0
20150126,23.44,24.856,23.44,24.609,64529,0
20150127,24.466,24.781,23.944,24.026,45817,0
20150128,24.011,24.712,24.011,24.462,29360,0
20150129,24.151,25.339,24.025,25.337,57984,0
20150130,25.227,25.719,25.088,25.375,60706,0
20150202,25.134,25.431,24.561,24.983,21432,0
20150203,24.819,25.403,24.819,25.219,22697,0
20150204,25.042,25.617,25.042,25.527,34521,0
20150205,25.019,26.197,25.019,25.983,31327,0
20150206,25.877,26.638,25.867,26.402,98005,0
20150209,25.803,26.276,25.394,25.709,124716,0
20150210,25.547,26.123,25.445,25.903,59306,0
20150211,25.654,26.1,25.521,25.683,18342,0
20150212,25.501,26.638,25.492,25.931,88031,0
20150213,25.867,26.035,25.626,25.749,21736,0
20150216,25.552,26.146,25.524,25.715,7452,0
20150217,25.617,25.894,25.319,25.804,34397,0
20150218,25.589,26.624,25.589,26.547,43780,0
20150219,26.383,27.348,26.35,27.228,58416,0
20150220,27.032,27.474,26.852,27.337,29616,0
20150223,27.009,27.246,26.86,27.052,10377,0
20150224,26.888,27.157,26.666,27.093,21313,0
20150225,27.464,28.239,27.464,27.89,84962,0
20150226,27.756,28.215,27.426,27.569,47196,0
20150227,27.594,28.03,27.446,27.831,43821,0
20150302,27.584,28.912,27.584,28.496,56464,0
20150303,28.555,29.246,28.206,28.206,59155,0
20150304,28.165,28.573,27.459,28.133,43292,0
20150305,27.909,28.503,27.909,28.363,21640,0
20150306,28.137,28.949,28.132,28.479,71344,0
20150309,28.368,29.362,28.15,29.218,36546,0
20150310,28.972,29.362,28.541,29.08,31328,0
20150311,28.935,29.752,28.69,29.395,84123,0
20150312,29.497,30.123,29.358,30.092,51008,0
20150313,29.83,30.866,29.826,30.381,65001,0
20150316,30.132,30.732,30.132,30.477,46437,0
20150317,30.178,30.815,29.162,30.142,63752,0
20150318,29.812,30.397,29.687,29.946,24274,0
20150319,29.645,31.269,29.645,31.008,40749,0
20150320,30.792,31.547,30.629,30.99,57283,0
20150323,30.726,31.378,30.72,30.752,68194,0
20150324,30.257,31.877,30.257,31.548,47083,0
20150325,31.506,32.011,30.685,30.837,46044,0
20150326,30.526,31.028,29.71,30.723,48372,0
20150327,30.444,31.028,30.151,30.296,30088,0
20150330,30.095,31.246,30.095,31.203,26849,0
20150331,30.8,31.465,30.726,30.793,62528,0
20150401,30.364,31.64,30.364,31.58,35123,0
20150402,31.768,32.383,31.348,32.073,76231,0
20150407,32.318,32.485,31.947,32.207,32114,0
20150408,31.854,32.346,31.854,32.16,36224,0
20150409,32.439,33.176,32.392,33.176,41633,0
20150410,33.404,33.45,33.06,33.232,12324,0
20150413,33.367,33.854,33.135,33.854,24174,0
20150414,34.704,34.704,33.803,34.166,54811,0
20150415,34.337,34.341,34.035,34.24,30662,0
20150416,33.877,33.877,32.824,33.608,47786,0
20150417,33.654,33.654,32.62,33.075,34981,0
20150420,33.293,33.59,32.638,32.912,32189,0
20150421,33.237,33.237,32.471,32.899,43303,0
20150422,32.778,33.176,32.277,32.341,42811,0
20150423,32.281,32.305,30.856,31.246,42504,0
20150424,31.255,31.775,31.195,31.659,30813,0
20150427,31.548,32.082,31.242,32.031,26881,0
20150428,31.687,31.752,31.427,31.496,31122,0
20150429,31.437,31.437,29.822,29.822,60112,0
20150430,29.469,30.703,28.987,30.536,66858,0
20150504,30.787,32.118,30.698,31.571,42717,0
20150505,31.747,31.831,30.768,30.815,52919,0
20150506,30.796,31.093,30.355,30.541,38957,0
20150507,30.397,30.949,29.719,30.754,43988,0
20150508,31.089,31.093,30.425,30.796,24655,0
20150511,31,31.125,30.503,31.125,24032,0
20150512,30.926,31.074,30.49,30.546,27058,0
20150513,30.638,31.742,30.638,31.562,47576,0
20150514,31.557,32.234,31.33,32.221,9442,0
20150515,32.392,32.61,31.882,32.239,22672,0
20150518,32.026,32.415,31.714,31.937,15671,0
20150519,32.17,33.242,32.17,33.037,50597,0
20150520,33.042,33.135,31.965,32.211,27297,0
20150521,32.207,32.3,31.557,31.691,39774,0
20150522,31.742,31.742,31.135,31.186,30045,0
20150526,31.279,31.734,29.932,30.206,41874,0
20150527,30.165,30.471,29.738,30.081,17617,0
20150528,30.165,30.536,29.998,30.29,22286,0
20150529,30.444,30.444,29.71,29.775,20313,0
20150601,30.063,30.072,29.715,30.007,17851,0
20150602,29.775,30.861,29.775,30.815,31504,0
20150603,30.592,31.785,30.592,31.255,27022,0
20150604,31.093,31.269,30.444,31.037,19153,0
20150605,30.745,30.792,30.147,30.355,49778,0
20150608,30.768,30.792,29.886,30.253,51993,0
20150609,30.119,30.434,29.236,29.561,42847,0
20150610,29.886,30.759,29.566,30.759,43573,0
20150611,30.815,31.455,30.815,31.371,22389,0
20150612,31.455,31.455,30.536,30.741,20114,0
20150615,30.434,30.629,29.812,29.812,18376,0
20150616,29.794,29.896,28.959,29.719,34673,0
20150617,30.452,31.468,30.221,30.652,65480,0
20150618,30.601,30.861,30.119,30.82,14815,0
20150619,30.815,30.861,30.3,30.3,27688,0
20150622,30.861,32.011,30.861,31.984,23867,0
20150623,31.65,32.764,31.65,32.661,52971,0
20150624,32.801,33.293,32.768,32.912,195275,0
20150625,33.095,33.402,32.691,33.263,62682,0
20150626,32.999,33.739,32.499,33.633,107824,0
20150629,30.97,33.378,30.528,33.263,130560,0
20150630,32.922,33.595,32.273,33.446,62201,0
20150701,33.518,34.171,33.45,33.652,82027,0
20150702,33.33,33.402,32.922,33.1,31264,0
20150703,33.258,33.258,32.259,32.499,47956,0
20150706,31.816,31.874,31.24,31.24,22552,0
20150707,31.158,31.466,29.803,29.851,29342,0
20150708,30.173,30.173,28.553,28.841,55305,0
20150709,28.837,29.807,28.837,29.75,17117,0
20150710,30.096,30.413,29.798,30.216,41465,0
20150713,30.48,30.759,30.471,30.639,8500,0
20150714,30.485,30.576,29.649,30.168,18790,0
20150715,30.226,30.384,30.067,30.375,13460,0
20150716,31.144,31.144,30.48,31.081,18830,0
20150717,31.144,31.144,30.673,30.735,9102,0
20150720,31.24,31.24,30.586,31.071,24525,0
20150721,30.903,31.288,30.903,31.052,15736,0
20150722,31.095,31.403,30.908,30.995,4436,0
20150723,31.057,31.187,30.956,31.187,1123,0
20150724,31.038,31.331,30.855,30.855,27590,0
20150727,31.062,31.062,30.072,30.355,19352,0
20150728,30.663,31.235,30.466,30.86,18697,0
20150729,30.841,30.985,30.346,30.985,11963,0
20150730,31.187,31.297,30.951,31.043,6654,0
20150731,31.047,31.619,31.019,31.619,10905,0
20150803,31.571,32.47,31.571,32.47,5530,0
20150804,32.398,32.537,32.037,32.359,14985,0
20150805,32.244,32.403,32.076,32.297,12006,0
20150806,32.297,32.581,32.114,32.316,11459,0
20150807,32.263,32.417,31.797,31.802,5872,0
20150810,31.912,31.912,31.403,31.836,13454,0
20150811,31.552,31.687,31.485,31.605,8043,0
20150812,31.047,31.047,30.134,30.278,28861,0
20150813,30.495,31.384,30.451,31.091,13892,0
20150814,31.336,31.605,30.552,30.552,12499,0
20150817,30.471,31.081,30.471,30.567,12101,0
20150818,30.759,30.956,30.557,30.932,11886,0
20150819,30.375,30.375,29.846,29.88,23339,0
20150820,30.615,30.74,28.721,28.827,60653,0
20150821,28.361,29.087,27.529,28.284,51166,0
20150824,27.26,28.649,26.097,27.308,94537,0
20150825,28.548,30.322,27.976,30.322,45955,0
20150826,29.971,30.471,29.562,30.163,42678,0
20150827,31.23,32.167,30.999,31.903,50169,0
20150828,31.917,32.037,31.336,31.629,16436,0
20150831,31.528,31.619,30.99,31.24,18660,0
20150901,31.047,31.24,30.581,30.759,12743,0
20150902,30.567,31.278,30.283,30.812,17884,0
20150903,31.134,31.759,30.946,31.427,21684,0
20150904,31.293,31.293,30.384,30.769,5888,0
20150907,30.769,31.047,30.668,30.754,16740,0
20150908,31.043,31.711,31.033,31.144,7803,0
20150909,31.528,32.018,31.523,31.624,5885,0
20150910,31.6,32.009,31.533,31.73,9292,0
20150911,31.73,32.033,31.725,31.725,4595,0
20150914,31.432,32.037,31.432,32.037,9699,0
20150915,32.009,32.441,31.749,32.138,5846,0
20150916,32.254,32.417,32.206,32.35,4017,0
20150917,32.297,33.609,32.297,33.609,26098,0
20150918,33.09,33.479,32.922,33.229,19068,0
20150921,33.162,33.739,32.845,33.643,21404,0
20150922,33.643,33.643,32.263,32.585,11286,0
20150923,32.504,32.903,32.009,32.369,36413,0
20150924,32.287,32.585,31.874,32.201,23599,0
20150925,32.201,32.201,31.658,32.1,38534,0
20150928,32.196,33.047,31.912,32.629,40160,0
20150929,32.201,32.441,31.912,32.23,29637,0
20150930,32.446,33.306,32.061,33.287,34480,0
20151001,33.739,33.835,32.936,33.311,12249,0
20151002,33.076,34.008,33.076,34.008,14159,0
20151005,33.941,34.931,33.941,34.522,23532,0
20151006,34.652,34.652,34.34,34.479,37363,0
20151007,34.325,34.594,34.325,34.364,7977,0
20151008,34.46,34.46,33.792,34.123,7475,0
20151009,34.104,34.176,32.782,32.782,28677,0
20151012,33.354,33.643,32.903,33.325,42830,0
20151013,33.345,33.345,32.686,32.686,12501,0
20151014,32.691,32.85,32.191,32.244,56012,0
20151015,32.403,33.441,32.018,33.441,14364,0
20151016,33.066,33.537,32.124,32.124,11825,0
20151019,32.489,32.701,32.359,32.677,16087,0
20151020,32.681,32.701,32.09,32.09,10969,0
20151021,32.009,32.83,32.009,32.696,17094,0
20151022,32.677,32.874,32.158,32.566,8615,0
20151023,32.797,33.523,32.758,33.277,19379,0
20151026,33.249,35.373,33.249,35.373,76532,0
20151027,35.565,35.729,34.7,34.811,47362,0
20151028,35.267,37.252,34.969,37.108,63737,0
20151029,37.632,37.651,36.526,37.401,18912,0
20151030,37.295,37.646,37.209,37.646,20710,0
20151102,37.103,37.968,36.911,37.569,22257,0
20151103,37.44,37.872,37.343,37.468,30031,0
20151104,37.497,37.651,36.281,36.618,14901,0
20151105,36.733,37.843,36.699,37.843,22048,0
20151106,37.872,37.959,37.54,37.689,11377,0
20151109,37.343,37.872,37.069,37.54,13559,0
20151110,37.92,37.92,37.065,37.44,9679,0
20151111,37.92,37.92,37.488,37.81,8773,0
20151112,37.68,37.781,36.373,36.872,12309,0
20151113,36.469,36.959,35.834,36.704,11655,0
20151116,36.142,36.315,35.234,36.127,33840,0
20151117,36.695,37.291,36.685,37.199,7158,0
20151118,37.286,37.295,36.844,36.863,18432,0
20151119,37.093,37.214,35.575,36.3,20533,0
20151120,36.526,37.079,35.642,36.853,27766,0
20151123,37.007,37.68,36.719,37.569,17695,0
20151124,37.584,37.584,36.449,36.815,30558,0
20151125,36.584,37.848,36.584,37.848,53591,0
20151126,37.853,38.204,37.521,37.805,25321,0
20151127,37.968,37.968,37.776,37.901,42773,0
20151130,37.968,38.204,37.824,38.016,37557,0
20151201,38.016,38.112,37.488,37.67,32233,0
20151202,37.305,37.939,37.3,37.699,19908,0
20151203,37.492,37.862,36.723,36.723,21672,0
20151204,36.324,37.454,36.324,36.997,12730,0
20151207,37.021,38.064,37.021,37.685,22900,0
20151208,37.488,37.531,36.171,36.296,10840,0
20151209,36.767,36.767,35.906,35.94,8807,0
20151210,35.767,36.243,35.729,35.738,3518,0
20151211,35.796,35.825,34.7,34.897,24310,0
20151214,34.748,35.488,34.123,34.599,12702,0
20151215,34.219,36.051,34.219,36.051,10890,0
20151216,36.401,37.391,36.007,36.646,31481,0
20151217,37.19,37.199,36.646,36.781,35345,0
20151218,36.574,36.574,35.781,35.95,11069,0
20151221,35.565,36.286,35.565,35.839,14973,0
20151222,35.853,35.853,35.373,35.517,10782,0
20151223,35.613,35.613,35.085,35.286,14285,0
20151228,35.469,35.546,35.085,35.387,19488,0
20151229,35.628,36.959,35.628,36.526,11857,0
20151230,36.531,36.68,36.156,36.526,6338,0
20160104,36.382,36.382,35.185,35.296,14966,0
20160105,35.19,35.599,35.176,35.589,8653,0
20160106,35.378,35.455,35.085,35.133,21557,0
20160107,34.604,34.604,33.364,34.171,30238,0
20160108,34.128,35.685,34.128,34.94,15448,0
20160111,34.609,34.964,33.873,34.219,33997,0
20160112,34.186,34.219,33.921,34.171,29891,0
20160113,34.191,34.191,33.715,33.893,29267,0
20160114,33.893,33.893,32.009,32.648,24036,0
20160115,32.537,32.537,30.572,31.24,30588,0
20160118,30.951,31.461,30.519,31.393,16708,0
20160119,32.009,32.331,31.485,31.648,29190,0
20160120,30.999,31.994,30.749,31.36,45214,0
20160121,31.336,31.821,30.423,31.547,21897,0
20160122,32.105,32.778,32.105,32.134,13903,0
20160125,32.201,32.677,32.201,32.335,7931,0
20160126,32.201,32.537,31.504,32.215,4386,0
20160127,32.297,32.585,32.023,32.518,9138,0
20160128,32.249,32.249,31.576,31.927,4272,0
20160129,32.162,32.854,31.975,32.854,11839,0
20160201,33.258,33.258,31.941,32.922,8737,0
20160202,32.359,32.605,31.812,32.052,7085,0
20160203,31.749,32.013,31.581,31.754,15946,0
20160204,31.864,31.898,30.855,31.586,23039,0
20160205,31.24,31.461,30.677,30.677,20599,0
20160208,30.48,30.942,29.442,30.197,33722,0
20160209,29.75,31.004,29.716,30.192,24336,0
20160210,30.922,31.985,30.706,30.956,25575,0
20160211,30.759,30.759,29.519,29.663,21497,0
20160212,30.004,30.019,29.596,29.798,13933,0
20160215,29.947,31.384,29.947,31.134,18960,0
20160216,31.336,31.624,30.701,30.85,11584,0
20160217,30.807,31.523,30.807,30.999,13091,0
20160218,31.115,31.586,30.423,30.865,97205,0
20160219,30.567,30.668,29.658,30.451,17249,0
20160222,30.711,30.97,30.36,30.793,37345,0
20160223,30.375,31.043,30.375,30.86,22025,0
20160224,31.086,31.086,30.298,31.023,13111,0
20160225,30.966,31.235,30.706,30.725,6082,0
20160226,30.855,31.912,30.855,31.84,28881,0
20160229,31.643,32.374,31.095,32.321,18531,0
20160301,32.874,33.138,32.393,32.874,17137,0
20160302,33.162,34.022,33.018,33.869,32770,0
20160303,33.715,33.715,32.903,33.133,25723,0
20160304,33.393,33.547,33.104,33.354,31322,0
20160307,33.354,33.354,32.792,32.903,15355,0
20160308,32.605,32.609,32.129,32.23,20556,0
20160309,32.018,32.581,31.634,31.912,20732,0
20160310,31.72,32.826,31.235,31.509,16809,0
20160311,31.951,32.85,31.903,32.782,13274,0
20160314,33.21,33.994,33.162,33.835,55827,0
20160315,34.892,35.805,34.224,35.522,70323,0
20160316,35.57,35.767,35.517,35.57,32406,0
20160317,35.757,36.046,35.373,36.046,23229,0
20160318,35.998,36.728,35.902,36.512,36419,0
20160321,36.526,36.699,35.94,36.387,34781,0
20160322,36.103,36.695,35.714,36.613,20889,0
20160323,36.719,36.853,36.392,36.464,21625,0
20160324,36.123,36.373,35.945,35.978,22099,0
20160329,35.853,36.267,35.613,36.267,21794,0
20160330,36.315,36.944,36.262,36.449,29618,0
20160331,36.334,36.771,35.7,36.132,23121,0
20160401,36.315,36.315,35.469,35.858,12731,0
20160404,36.219,36.425,35.95,36.099,17860,0
20160405,36.334,36.334,35.118,35.743,15267,0
20160406,35.421,36.526,35.421,36.195,11237,0
20160407,36.19,36.546,35.853,35.853,12137,0
20160408,35.959,36.642,35.959,36.252,11471,0
20160411,35.95,36.877,35.95,36.767,19623,0
20160412,36.57,36.613,36.171,36.459,14058,0
20160413,36.589,36.767,36.44,36.661,18072,0
20160414,36.526,36.767,36.507,36.68,5063,0
20160415,36.622,36.719,35.743,35.935,9811,0
20160418,35.661,37.007,35.44,37.007,36232,0
20160419,37.295,37.295,36.935,37.036,7708,0
20160420,37.007,37.007,36.349,36.709,11772,0
20160421,36.94,36.94,36.56,36.627,17007,0
20160422,36.526,36.699,36.43,36.555,35441,0
20160425,36.574,36.969,36.373,36.872,28965,0
20160426,36.69,37.536,36.69,37.214,21057,0
20160427,37.247,37.699,37.093,37.295,18704,0
20160428,36.911,36.911,36.07,36.81,35874,0
20160429,36.709,36.771,36.454,36.709,11041,0
20160502,37.19,37.19,36.478,36.603,17631,0
20160503,36.44,36.44,35.445,36.06,21585,0
20160504,36.118,36.118,35.709,35.786,14698,0
20160505,36.046,36.046,35.709,35.709,9490,0
20160506,35.661,35.95,35.315,35.315,22904,0
20160509,35.642,35.815,35.296,35.512,24758,0
20160510,35.286,35.753,35.286,35.628,17733,0
20160511,35.661,35.902,35.565,35.801,33377,0
20160512,35.661,36.291,35.536,35.575,47664,0
20160513,35.719,37.007,35.719,36.526,23406,0
20160517,36.421,36.896,35.82,36.411,11603,0
20160518,36.43,37.007,36.43,36.752,18213,0
20160519,36.757,36.949,36.377,36.377,24333,0
20160520,36.44,37.199,36.44,36.858,22962,0
20160523,37.343,37.819,37.262,37.579,32739,0
20160524,37.113,37.949,37.113,37.464,32487,0
20160525,37.737,37.762,37.391,37.637,10116,0
20160526,37.411,37.776,37.411,37.603,15030,0
20160527,37.93,38.276,37.613,37.675,24406,0
20160530,37.728,38.444,37.43,37.699,30053,0
20160531,37.728,38.016,37.661,37.963,23981,0
20160601,37.968,37.968,37.247,37.564,38035,0
20160602,37.584,37.699,37.17,37.675,6268,0
20160603,38,38.905,37.995,38.405,24567,0
20160606,38.24,38.8,38.24,38.245,18587,0
20160607,38.35,38.625,38.35,38.625,13636,0
20160608,38.6,38.735,38.545,38.735,14948,0
20160609,38.735,38.9,38.71,38.73,10520,0
20160610,38.695,38.695,37.5,37.52,19834,0
20160613,36.85,36.975,35.51,35.51,34163,0
20160614,35.19,35.76,34.735,35.57,13674,0
20160615,35.61,36.035,35.4,35.5,10855,0
20160616,35.76,35.76,34.685,34.685,21637,0
20160617,35.485,35.485,34.9,35.13,16904,0
20160620,35.99,36.5,35.845,36.29,11010,0
20160621,36.15,36.15,35.68,35.945,12446,0
20160622,36.59,36.59,35.73,35.755,8473,0
20160623,36.08,36.65,35.855,36.5,5037,0
20160624,32,35.945,32,35.93,38464,0
20160627,35.825,35.825,33.64,33.64,24401,0
20160628,34.6,35.565,34.6,34.74,25827,0
20160629,35.24,35.43,34.7,35.085,12532,0
20160630,35.35,35.455,35.055,35.32,16754,0
20160701,35.7,35.76,35.3,35.68,21844,0
20160704,36,36,35.56,35.65,9054,0
20160705,35.71,35.71,34.11,34.26,22476,0
20160706,34.115,34.115,33,33.615,37170,0
20160707,33.835,34.15,33.7,33.7,13912,0
20160708,33.3,34.27,33.3,33.94,14630,0
20160711,34.25,35.325,34.245,35.15,14819,0
20160712,35.485,35.67,35.3,35.55,12441,0
20160713,35.68,35.8,35.31,35.335,17544,0
20160714,35.22,35.88,35.22,35.555,10735,0
20160715,35.5,35.505,34.84,35.09,16377,0
20160718,35.1,35.95,35.085,35.785,21474,0
20160719,35.6,35.6,35.03,35.36,5617,0
20160720,35.83,35.9,35.52,35.9,7865,0
20160721,36,36.21,35.54,36.21,6834,0
20160722,35.995,36.1,35.665,35.8,8973,0
20160725,36.19,36.205,35.58,36.185,6318,0
20160726,36.025,36.025,35.195,35.215,16660,0
20160727,35.25,36,35.25,35.905,16541,0
20160728,36.15,37.3,36.15,36.975,14387,0
20160729,36.9,37.1,36.45,36.785,17666,0
20160801,37.41,37.77,37.11,37.495,6591,0
20160802,37.17,37.36,36.525,36.745,6258,0
20160803,36.88,36.95,36.25,36.79,6923,0
20160804,36.85,36.95,36.55,36.95,8097,0
20160805,36.8,37.26,36.55,37,3641,0
20160808,36.7,37.5,36.7,37.39,10618,0
20160809,37.78,37.78,37.39,37.45,4268,0
20160810,37.17,37.62,37.015,37.05,2216,0
20160811,37.615,37.615,36.26,37.165,18542,0
20160812,37.41,37.755,37.25,37.38,5769,0
20160815,37.36,37.775,37.175,37.315,4587,0
20160816,36.98,37.41,36.9,36.94,9541,0
20160817,36.695,37.12,36.61,36.85,2006,0
20160818,37.645,37.9,37.295,37.85,36139,0
20160819,37.9,37.9,37.05,37.05,19949,0
20160822,37.49,38,37.21,37.85,15607,0
20160823,37.95,38.95,37.885,38.815,15757,0
20160824,38.5,39.305,38.3,39.065,5542,0
20160825,39,39,38.61,38.72,5093,0
20160826,38.8,38.97,38.335,38.885,10451,0
20160829,38.54,38.54,37.67,37.82,7334,0
20160830,38.58,38.61,37.81,37.81,9550,0
20160831,38.1,38.16,37.685,38.095,7463,0
20160901,38.185,38.765,38.165,38.545,13222,0
20160902,38.41,38.64,38.26,38.335,4847,0
20160905,38.23,38.785,38.23,38.45,6949,0
20160906,38.505,38.89,38.305,38.665,6749,0
20160907,38.55,39.295,38.55,39.15,21106,0
20160908,39,39.8,39,39.55,20607,0
20160909,39.23,39.565,38.425,38.6,7522,0
20160912,37.71,38.51,37.71,38.155,5982,0
20160913,38.68,38.68,38.15,38.175,6482,0
20160914,38.3,38.89,38.3,38.675,11981,0
20160915,38.33,38.475,37.705,37.8,5122,0
20160916,38.38,38.38,37.49,37.575,9076,0
20160919,37.8,38.28,37.5,38.01,8087,0
20160920,38.12,38.68,37.895,38.37,6321,0
20160921,38.4,38.4,38.1,38.1,1713,0
20160922,38.1,39.27,38.1,38.89,12892,0
20160923,39.8,39.8,38.79,38.99,9009,0
20160926,39,39.26,38.5,39.08,3088,0
20160927,39.15,39.15,38.12,38.21,8727,0
20160928,38.18,38.445,37.945,37.945,13728,0
20160929,38.48,38.605,38.185,38.605,4688,0
20160930,38.1,38.295,37.625,38.295,11527,0
20161004,38.475,38.99,38.355,38.99,18851,0
20161005,38.635,38.86,38.2,38.86,6136,0
20161006,38.905,39,38.65,39,5180,0
20161007,38.9,38.9,38.21,38.425,3951,0
20161010,38.5,38.565,38.2,38.36,4466,0
20161011,38.415,38.49,38.19,38.465,9597,0
20161012,38.41,38.475,38.16,38.46,6072,0
20161013,38.48,38.48,37.87,38.015,4930,0
20161014,38.2,38.49,38.175,38.47,6918,0
20161017,38.21,38.48,37.7,37.975,6101,0
20161018,38,38.3,37.71,37.71,17051,0
20161019,37.75,38.805,37.75,38.49,13398,0
20161020,38.39,38.39,37.81,37.97,5622,0
20161021,38,39.795,37.935,39.16,42648,0
20161024,39.52,41.75,39.52,40.785,72034,0
20161025,40.645,41.165,40.645,40.8,15606,0
20161026,40.745,41.12,40.52,41.055,12492,0
20161027,41.21,41.8,40.82,40.82,14433,0
20161028,40.75,41.22,40.565,40.695,10101,0
20161031,41.26,41.26,40.6,40.6,6228,0
20161101,40.83,40.83,39.485,39.69,11367,0
20161102,39,39.5,38.665,39.125,17159,0
20161103,39.2,39.2,38.555,38.9,17620,0
20161104,38.96,39.185,38.535,38.955,7844,0
20161107,39.9,40.18,39.6,40.11,15817,0
20161108,40.01,40.12,38.63,38.8,19265,0
20161109,38,39.99,37.86,39.285,15532,0
20161110,39.45,39.5,38.27,38.41,25635,0
20161111,38.96,39.115,38.675,38.705,8983,0
20161114,39.4,39.5,38.47,38.545,27849,0
20161115,38.36,39.235,38.36,39.2,14765,0
20161116,39,39.25,38.91,39.195,17939,0
20161117,39.65,39.65,39.055,39.055,16604,0
20161118,39.3,39.3,38.87,38.985,10597,0
20161121,39.29,39.29,36.89,37.255,33841,0
20161122,37.5,37.5,36.655,36.99,26442,0
20161123,37.34,37.345,35.475,35.95,49077,0
20161124,36,36.805,35.6,36.805,22657,0
20161125,37.14,37.14,36,36.605,25574,0
20161128,37.2,37.2,36.47,36.93,9386,0
20161129,36.84,37.05,36.65,36.69,8108,0
20161130,36.65,37.3,36.65,36.84,10638,0
20161201,37.09,37.195,36.865,36.865,19248,0
20161202,36.9,37.16,36.53,36.995,15149,0
20161205,37.245,37.645,37.01,37.52,7850,0
20161206,37.85,37.85,37.505,37.745,9123,0
20161207,38.055,38.45,37.94,38.45,7286,0
20161208,38.4,39.265,38.165,39.265,10157,0
20161209,38.87,39.2,38.2,38.825,19892,0
20161212,38.41,38.925,38,38.5,16673,0
20161213,38.505,38.835,38.41,38.8,16651,0
20161214,38.395,38.78,38.1,38.1,10790,0
20161215,38,38.7,38,38.065,14567,0
20161216,38,38.65,37.86,38.645,17050,0
20161219,38.995,38.995,38.045,38.045,14040,0
20161220,38.1,38.7,37.82,38.335,22729,0
20161221,38.46,39.04,38.225,39.04,18581,0
20161222,39.1,39.575,38.83,39.345,23894,0
20161223,38.99,39.21,38.705,39.05,18902,0
20161227,38.85,39.15,38.85,38.995,6760,0
20161228,38.85,39.045,38.85,38.995,7633,0
20161229,38.85,38.895,38.71,38.8,4178,0
20161230,38.76,39.05,38.67,39.05,2934,0
20170102,39.085,39.1,38.795,39.1,8578,0
20170103,39.45,39.575,39.25,39.4,12413,0
20170104,39.5,39.5,39.05,39.11,16543,0
20170105,39,39.58,38.995,39.4,42307,0
20170106,39.26,39.45,39.02,39.265,10374,0
20170109,39.495,39.525,38.985,39.435,16201,0
20170110,39.54,39.6,39.1,39.46,31869,0
20170111,39.4,39.83,39.045,39.565,14201,0
20170112,39.94,39.94,39.42,39.735,11488,0
20170113,39.795,39.795,39.27,39.27,15883,0
20170116,38.89,39.45,38.875,39.035,7656,0
20170117,39.01,39.01,38.06,38.44,14951,0
20170118,38.4,38.6,38.2,38.305,7600,0
20170119,38.5,38.5,38.145,38.145,4962,0
20170120,38.49,38.49,37.8,38.19,7506,0
20170123,38.5,38.5,37.49,38.365,6512,0
20170124,38.31,38.335,37.595,38.105,11223,0
20170125,38.5,39.035,38.195,38.79,11933,0
20170126,38.3,39.1,38.3,39.1,6382,0
20170127,39.45,39.45,38.68,39,11661,0
20170130,39.32,39.32,38.54,38.69,8566,0
20170131,38.85,38.85,37.75,37.92,15946,0
20170201,37.965,38.5,37.89,38.305,20642,0
20170202,38.465,38.515,37.83,37.945,7118,0
20170203,37.785,37.95,37.435,37.76,8276,0
20170206,37.7,37.8,37.105,37.3,11737,0
20170207,37.2,37.2,36.69,37,22023,0
20170208,36.89,36.995,36.45,36.45,20486,0
20170209,36.69,36.84,36.5,36.54,9151,0
20170210,36.6,37.05,36.53,36.73,13078,0
20170213,36.6,37.275,36.6,37.005,14846,0
20170214,37.355,37.355,36.22,36.705,32001,0
20170215,36.705,37.105,36.59,37.105,5596,0
20170216,36.87,37.225,36.5,36.5,13088,0
20170217,36.5,36.99,36.45,36.85,25210,0
20170220,36.87,37.05,36.46,36.55,18092,0
20170221,36.74,37.165,36.66,36.9,15059,0
20170222,37.18,37.6,36.96,37.4,10815,0
20170223,37.5,38.02,37.2,37.85,9919,0
20170224,38.075,38.075,37.45,37.75,17865,0
20170227,37.985,38,37.61,37.785,4291,0
20170228,38,38.07,37.5,37.745,5309,0
20170301,37.76,38.63,37.47,38.29,17554,0
20170302,37.9,38.6,37.785,38.1,51814,0
20170303,37.69,38.37,37.69,38.265,11337,0
20170306,38.34,38.62,38.08,38.62,13187,0
20170307,38.45,39.415,38.285,39.415,27652,0
20170308,39.215,39.3,38.835,39.295,13848,0
20170309,39.3,39.3,38.76,38.975,9612,0
20170310,39.11,39.55,39.11,39.55,10129,0
20170313,39.415,39.945,39.35,39.945,18379,0
20170314,39.99,40,39.16,39.56,15304,0
20170315,40.12,40.25,38.4,38.5,49911,0
20170316,39.2,39.35,38.7,39.055,14404,0
20170317,38.99,39,38.505,38.505,15214,0
20170320,38.51,38.795,38.38,38.67,10904,0
20170321,38.8,38.965,38.465,38.6,20084,0
20170322,38.535,38.535,37.79,38.365,25250,0
20170323,38.43,38.5,38.085,38.395,26310,0
