Date,Open,High,Low,Close,Volume,OpenInt
20151106,3.499,3.53,3.421,3.53,22950,0
20151109,3.5,3.5,3.422,3.497,11190,0
20151110,3.494,3.494,3.494,3.494,148,0
20151111,3.48,3.499,3.47,3.499,11560,0
20151112,3.492,3.492,3.492,3.492,2127,0
20151113,3.499,3.579,3.499,3.52,4250,0
20151116,3.52,3.534,3.5,3.534,4357,0
20151117,3.52,3.52,3.52,3.52,60,0
20151118,3.524,3.524,3.524,3.524,100,0
20151119,3.534,3.599,3.5,3.598,20122,0
20151120,3.598,3.598,3.598,3.598,100,0
20151123,3.512,3.512,3.5,3.5,4839,0
20151124,3.544,3.544,3.48,3.48,3158,0
20151125,3.525,3.525,3.475,3.475,865,0
20151126,3.51,3.558,3.505,3.558,1060,0
20151127,3.476,3.519,3.476,3.519,2150,0
20151130,3.514,3.515,3.476,3.515,3124,0
20151203,3.49,3.49,3.489,3.489,2202,0
20151204,3.5,3.5,3.5,3.5,750,0
20151208,3.43,3.468,3.385,3.468,3150,0
20151209,3.4,3.43,3.4,3.43,340,0
20151214,3.304,3.432,3.281,3.432,2050,0
20151215,3.259,3.37,3.259,3.37,1880,0
20151216,2.871,2.939,2.56,2.87,53026,0
20151217,2.92,3.1,2.89,3.075,15843,0
20151218,3.001,3.075,3,3.075,1289,0
20151221,3,3.05,3,3.05,680,0
20151222,3.18,3.18,3.18,3.18,100,0
20151223,3.149,3.149,3.149,3.149,100,0
20151229,3.129,3.15,3.129,3.15,334,0
20151230,3.1,3.1,3.1,3.1,640,0
20160106,3.001,3.008,2.951,3.008,4906,0
20160111,2.857,2.995,2.856,2.995,2650,0
20160112,2.995,2.995,2.995,2.995,100,0
20160115,2.851,2.851,2.851,2.851,2000,0
20160118,2.798,2.8,2.599,2.657,18446,0
20160119,2.65,2.65,2.5,2.5,5600,0
20160120,2.301,2.664,2.301,2.664,3366,0
20160121,2.754,2.754,2.59,2.754,2422,0
20160125,2.866,2.866,2.866,2.866,100,0
20160127,2.813,2.949,2.813,2.813,1100,0
20160201,2.684,2.819,2.684,2.819,550,0
20160202,2.903,2.99,2.903,2.99,4799,0
20160203,2.98,3.02,2.806,2.95,6200,0
20160204,2.851,2.95,2.851,2.92,2372,0
20160205,2.822,2.923,2.822,2.923,2372,0
20160208,2.826,2.9,2.825,2.9,2200,0
20160209,2.77,2.817,2.767,2.815,1375,0
20160210,2.72,2.72,2.72,2.72,2200,0
20160211,2.647,2.647,2.569,2.569,166,0
20160215,2.79,2.79,2.734,2.734,80,0
20160217,2.688,2.688,2.688,2.688,25,0
20160219,2.665,2.665,2.665,2.665,25,0
20160223,2.698,2.698,2.698,2.698,25,0
20160224,2.55,2.689,2.505,2.615,4785,0
20160225,2.527,2.609,2.527,2.609,2100,0
20160226,2.521,2.687,2.521,2.626,2125,0
20160229,2.538,2.538,2.528,2.528,2100,0
20160301,2.542,2.542,2.542,2.542,100,0
20160302,2.626,2.656,2.626,2.656,335,0
20160303,2.567,2.679,2.567,2.679,2015,0
20160304,2.589,2.589,2.479,2.479,4444,0
20160307,2.54,2.6,2.433,2.6,4025,0
20160309,2.524,2.524,2.494,2.494,75,0
20160310,2.41,2.41,2.41,2.41,2184,0
20160315,2.301,2.426,2.268,2.426,4095,0
20160316,2.271,2.439,2.271,2.439,11672,0
20160317,2.36,2.36,2.36,2.36,1800,0
20160321,2.274,2.37,2.274,2.37,2100,0
20160322,2.37,2.37,2.37,2.37,50,0
20160324,0.3,0.378,0.214,0.31,1081457,0
20160329,0.39,0.46,0.345,0.4,245631,0
20160330,0.399,0.429,0.35,0.429,10500,0
20160331,0.37,0.4,0.345,0.4,16655,0
20160401,0.346,0.367,0.346,0.346,23100,0
20160404,0.349,0.349,0.312,0.349,18124,0
20160405,0.348,0.348,0.267,0.268,35419,0
20160406,0.316,0.317,0.25,0.25,32296,0
20160407,0.32,0.345,0.261,0.345,19206,0
20160408,0.305,0.305,0.305,0.305,491,0
20160411,0.305,0.305,0.261,0.261,5792,0
20160412,0.262,0.262,0.262,0.262,292,0
20160413,0.29,0.29,0.29,0.29,300,0
20160415,0.25,0.25,0.25,0.25,893,0
20160418,0.28,0.3,0.28,0.28,4732,0
20160419,0.281,0.281,0.25,0.25,14546,0
20160420,0.299,0.299,0.25,0.25,1100,0
20160421,0.28,0.28,0.28,0.28,1000,0
20160422,0.251,0.27,0.251,0.27,1934,0
20160425,0.31,0.31,0.25,0.25,2188,0
20160427,0.25,0.25,0.25,0.25,1000,0
20160502,0.25,0.25,0.25,0.25,2000,0
20160503,0.29,0.29,0.29,0.29,1000,0
20160509,0.26,0.26,0.26,0.26,2000,0
20160511,0.26,0.26,0.22,0.22,5725,0
20160512,0.236,0.236,0.23,0.23,3500,0
20160518,0.219,0.219,0.219,0.219,1684,0
20160520,0.219,0.219,0.21,0.21,3532,0
20160524,0.161,0.169,0.161,0.169,1600,0
20160525,0.211,0.211,0.211,0.211,2026,0
20160526,0.161,0.17,0.161,0.17,5225,0
20160527,0.219,0.22,0.219,0.22,5000,0
20160531,0.211,0.211,0.211,0.211,1040,0
20160603,0.22,0.27,0.19,0.19,1641,0
20160606,0.239,0.239,0.239,0.239,300,0
20160607,0.22,0.22,0.189,0.189,1300,0
20160609,0.198,0.198,0.198,0.198,2500,0
20160610,0.198,0.198,0.187,0.187,1674,0
20160613,0.16,0.198,0.16,0.16,2878,0
20160614,0.199,0.199,0.199,0.199,355,0
20160616,0.153,0.19,0.153,0.19,10050,0
20160617,0.166,0.166,0.166,0.166,100,0
20160622,0.139,0.199,0.139,0.199,6067,0
20160623,0.149,0.149,0.149,0.149,2222,0
20160629,0.1,0.1,0.1,0.1,6292,0
20160630,0.1,0.1,0.1,0.1,3299,0
20160701,0.15,0.17,0.114,0.114,14511,0
20160704,0.114,0.114,0.113,0.113,1250,0
20160705,0.1,0.12,0.1,0.12,4035,0
20160711,0.154,0.154,0.153,0.153,2550,0
20160714,0.1,0.1,0.1,0.1,12411,0
20160718,0.149,0.15,0.148,0.15,4,0
20160725,0.149,0.149,0.149,0.149,15,0
20160729,0.101,0.101,0.101,0.101,30,0
20160801,0.101,0.101,0.1,0.1,4000,0
20160802,0.1,0.1,0.1,0.1,2706,0
20160805,0.06,0.06,0.06,0.06,1715,0
20160811,0.124,0.124,0.123,0.123,2000,0
20160812,0.118,0.118,0.118,0.118,2000,0
20160823,0.08,0.096,0.08,0.096,3300,0
20160825,0.068,0.07,0.068,0.07,1300,0
20160902,0.071,0.071,0.071,0.071,1400,0
20160905,0.07,0.07,0.062,0.062,5000,0
20160908,0.064,0.064,0.064,0.064,1400,0
20160919,0.07,0.07,0.066,0.067,10000,0
20160930,0.05,0.05,0.05,0.05,5000,0
20161004,0.045,0.045,0.011,0.011,4000,0
20161007,0.022,0.022,0.022,0.022,8000,0
20161010,0.015,0.015,0.015,0.015,1750,0
20161012,0.02,0.02,0.02,0.02,6000,0
20161020,0.05,0.06,0.05,0.06,20992,0
20161107,0.025,0.079,0.025,0.078,8800,0
20161108,0.08,0.08,0.08,0.08,860,0
20161110,0.06,0.06,0.06,0.06,3000,0
20161118,0.03,0.03,0.03,0.03,200,0
20161121,0.059,0.06,0.059,0.06,20000,0
20161124,0.03,0.03,0.03,0.03,700,0
20161129,0.05,0.05,0.05,0.05,3000,0
20161201,0.03,0.05,0.03,0.05,4069,0
20161202,0.05,0.05,0.05,0.05,1000,0
20161205,0.05,0.05,0.05,0.05,16175,0
20161206,0.06,0.06,0.06,0.06,69,0
20161207,0.06,0.06,0.06,0.06,5883,0
20161208,0.06,0.2,0.06,0.178,37236,0
20161209,0.098,0.098,0.067,0.067,4999,0
20161212,0.167,0.167,0.101,0.101,11000,0
20161214,0.13,0.17,0.12,0.12,10525,0
20161215,0.17,0.177,0.17,0.17,10000,0
20161216,0.159,0.39,0.159,0.262,87982,0
20161219,0.22,0.221,0.22,0.221,1100,0
20161220,0.218,0.218,0.218,0.218,7000,0
20161221,0.19,0.277,0.19,0.277,17122,0
20161222,0.227,0.227,0.227,0.227,2222,0
20161223,0.207,0.207,0.207,0.207,41,0
20161227,0.21,0.29,0.21,0.227,11321,0
20161228,0.277,0.277,0.228,0.26,8580,0
20161229,0.26,0.26,0.26,0.26,5164,0
20170102,0.2,0.232,0.2,0.232,4155,0
20170103,0.183,0.183,0.183,0.183,2000,0
20170104,0.18,0.18,0.18,0.18,200,0
20170109,0.201,0.22,0.2,0.22,17600,0
20170110,0.2,0.21,0.18,0.21,1070,0
20170111,0.18,0.18,0.18,0.18,2000,0
20170112,0.18,0.18,0.18,0.18,4032,0
20170113,0.25,0.25,0.193,0.193,12030,0
20170117,0.169,0.191,0.133,0.191,13762,0
20170120,0.14,0.17,0.14,0.153,6500,0
20170123,0.17,0.289,0.17,0.187,12152,0
20170124,0.235,0.26,0.218,0.218,6472,0
20170126,0.172,0.172,0.172,0.172,1,0
20170127,0.2,0.25,0.168,0.224,9880,0
20170201,0.18,0.18,0.18,0.18,700,0
20170206,0.202,0.202,0.16,0.16,7230,0
20170208,0.199,0.199,0.199,0.199,2000,0
20170209,0.154,0.154,0.154,0.154,1500,0
20170213,0.209,0.209,0.163,0.163,5150,0
20170215,0.154,0.154,0.154,0.154,10,0
20170216,0.15,0.15,0.15,0.15,100,0
20170221,0.205,0.205,0.205,0.205,1000,0
20170223,0.15,0.15,0.15,0.15,10,0
20170228,0.2,0.205,0.2,0.205,500,0
20170306,0.155,0.155,0.151,0.151,2300,0
20170313,0.153,0.153,0.153,0.153,1150,0
20170320,0.154,0.154,0.154,0.154,11999,0
