Date,Open,High,Low,Close,Volume,OpenInt
20090708,0.6,0.6,0.125,0.38,678,0
20090709,0.6,0.6,0.35,0.48,1200,0
20090713,0.6,0.6,0.36,0.36,1650,0
20090717,0.5,0.5,0.25,0.5,1650,0
20090825,0.61,0.61,0.6,0.6,515,0
20091009,0.61,0.61,0.28,0.28,520,0
20091015,0.609,0.609,0.28,0.28,250,0
20091016,0.6,0.6,0.539,0.539,10330,0
20091020,0.53,0.53,0.5,0.5,1500,0
20091022,0.5,0.5,0.5,0.5,4000,0
20091027,0.544,0.544,0.5,0.5,2100,0
20091028,0.5,0.5,0.479,0.48,8100,0
20091029,0.42,0.42,0.42,0.42,140,0
20091030,0.4,0.42,0.4,0.41,2017,0
20091103,0.41,0.411,0.41,0.411,17,0
20091105,0.4,0.4,0.4,0.4,100,0
20091110,0.4,0.44,0.4,0.44,2178,0
20091118,0.4,0.4,0.4,0.4,6000,0
20091120,0.4,0.4,0.4,0.4,2000,0
20091123,0.4,0.4,0.4,0.4,2000,0
20091230,0.49,0.49,0.28,0.33,3000,0
20100105,0.43,0.44,0.43,0.44,2500,0
20100111,0.44,0.44,0.44,0.44,100,0
20100112,0.3,0.3,0.3,0.3,150,0
20100113,0.43,0.43,0.22,0.41,1000,0
20100114,0.429,0.43,0.32,0.43,1100,0
20100115,0.429,0.429,0.22,0.22,100,0
20100118,0.43,0.43,0.4,0.4,22230,0
20100119,0.43,0.43,0.4,0.4,4000,0
20100120,0.4,0.4,0.35,0.38,50,0
20100125,0.35,0.35,0.32,0.32,9200,0
20100126,0.37,0.37,0.37,0.37,200,0
20100205,0.37,0.37,0.23,0.23,150,0
20100209,0.37,0.37,0.22,0.22,100,0
20100222,0.37,0.37,0.22,0.22,2000,0
20100224,0.38,0.381,0.3,0.381,500,0
20100226,0.31,0.38,0.31,0.38,4500,0
20100301,0.37,0.37,0.29,0.29,13000,0
20100302,0.3,0.35,0.3,0.35,500,0
20100303,0.302,0.302,0.3,0.3,2501,0
20100308,0.45,0.45,0.3,0.3,100,0
20100309,0.45,0.45,0.42,0.42,1999,0
20100310,0.42,0.42,0.38,0.4,200,0
20100317,0.38,0.38,0.38,0.38,65,0
20100330,0.38,0.38,0.38,0.38,3000,0
20100331,0.399,0.399,0.399,0.399,5000,0
20100401,0.36,0.44,0.36,0.44,3000,0
20100406,0.43,0.44,0.3,0.36,15000,0
20100407,0.35,0.399,0.28,0.28,7000,0
20100408,0.28,0.37,0.28,0.35,2435,0
20100412,0.35,0.35,0.35,0.35,1000,0
20100414,0.35,0.35,0.35,0.35,500,0
20100422,0.35,0.35,0.28,0.33,150,0
20100507,0.28,0.38,0.28,0.3,700,0
20100510,0.38,0.38,0.28,0.33,900,0
20100513,0.33,0.33,0.3,0.3,3120,0
20100526,0.38,0.38,0.32,0.37,1000,0
20100602,0.38,0.38,0.27,0.38,1000,0
20100617,0.4,0.4,0.27,0.33,342,0
20100726,0.3,0.3,0.253,0.3,3700,0
20100727,0.3,0.35,0.25,0.35,200,0
20100809,0.28,0.32,0.22,0.28,351,0
20100819,0.233,0.3,0.22,0.3,4000,0
20100820,0.3,0.3,0.22,0.3,2540,0
20100823,0.25,0.25,0.25,0.25,1000,0
20100824,0.233,0.234,0.233,0.234,200,0
20100825,0.233,0.234,0.233,0.234,137,0
20100906,0.23,0.3,0.23,0.3,3400,0
20100910,0.35,0.35,0.3,0.35,2120,0
20100917,0.28,0.28,0.28,0.28,1500,0
20100924,0.28,0.28,0.28,0.28,3000,0
20100928,0.28,0.33,0.28,0.33,1000,0
20101001,0.33,0.33,0.3,0.3,1000,0
20101006,0.3,0.38,0.3,0.38,130,0
20101008,0.38,0.38,0.35,0.35,5000,0
20101015,0.28,0.28,0.28,0.28,1000,0
20101021,0.28,0.28,0.28,0.28,6000,0
20101103,0.28,0.28,0.28,0.28,2600,0
20101104,0.28,0.28,0.204,0.204,6150,0
20101109,0.27,0.27,0.2,0.2,2800,0
20101111,0.22,0.26,0.203,0.26,4200,0
20101116,0.21,0.27,0.21,0.27,3850,0
20101118,0.25,0.25,0.25,0.25,2000,0
20101122,0.25,0.25,0.22,0.221,400,0
20101123,0.22,0.221,0.22,0.221,2300,0
20101126,0.29,0.29,0.221,0.221,600,0
20101129,0.25,0.28,0.25,0.28,410,0
20101130,0.25,0.28,0.221,0.221,5000,0
20101207,0.27,0.27,0.224,0.224,1600,0
20101214,0.28,0.28,0.224,0.28,5000,0
20101215,0.28,0.36,0.25,0.36,10000,0
20101216,0.36,0.36,0.32,0.34,6480,0
20101228,0.35,0.35,0.3,0.3,6007,0
20110111,0.26,0.31,0.26,0.31,7200,0
20110218,0.28,0.28,0.28,0.28,3500,0
20110224,0.25,0.25,0.25,0.25,250,0
20110228,0.25,0.251,0.25,0.251,250,0
20110308,0.25,0.251,0.25,0.251,950,0
20110426,0.25,0.252,0.25,0.252,78,0
20110518,0.33,0.33,0.33,0.33,6357,0
20110523,0.37,0.37,0.33,0.37,2200,0
20110524,0.34,0.34,0.33,0.33,3000,0
20110601,0.33,0.33,0.33,0.33,6,0
20110603,0.3,0.42,0.3,0.42,500,0
20110621,0.31,0.32,0.3,0.3,1900,0
20110707,0.36,0.361,0.32,0.361,2,0
20110708,0.36,0.48,0.32,0.36,280,0
20110715,0.35,0.48,0.35,0.48,4200,0
20110729,0.361,0.539,0.3,0.3,5670,0
20110810,0.49,0.49,0.2,0.49,200,0
20110901,0.45,0.45,0.21,0.21,4000,0
20110905,0.4,0.4,0.4,0.4,3000,0
20110908,0.4,0.4,0.3,0.4,230,0
20110909,0.39,0.39,0.36,0.36,2000,0
20110915,0.36,0.36,0.36,0.36,3000,0
20110928,0.32,0.32,0.32,0.32,749,0
20111021,0.33,0.399,0.33,0.38,6400,0
20111024,0.39,0.39,0.35,0.39,150,0
20111104,0.355,0.38,0.355,0.38,50,0
20111110,0.355,0.355,0.355,0.355,400,0
20111111,0.355,0.38,0.355,0.38,170,0
20111114,0.38,0.38,0.355,0.38,4180,0
20111116,0.399,0.399,0.363,0.399,150,0
20111117,0.399,0.399,0.303,0.34,11781,0
20111118,0.332,0.332,0.332,0.332,3400,0
20111125,0.31,0.34,0.31,0.34,2508,0
20111128,0.308,0.348,0.308,0.348,1008,0
20111201,0.35,0.35,0.338,0.338,5000,0
20111214,0.3,0.3,0.25,0.25,180,0
20120102,0.25,0.35,0.25,0.35,375,0
20120103,0.3,0.3,0.3,0.3,10,0
20120110,0.3,0.3,0.3,0.3,800,0
20120113,0.3,0.301,0.3,0.301,375,0
20120117,0.3,0.301,0.3,0.301,375,0
20120127,0.3,0.55,0.25,0.55,750,0
20120207,0.35,0.46,0.35,0.46,10000,0
20120210,0.38,0.415,0.38,0.415,3000,0
20120213,0.41,0.41,0.38,0.38,3000,0
20120220,0.35,0.38,0.35,0.38,600,0
20120227,0.35,0.39,0.35,0.39,100,0
20120302,0.35,0.39,0.35,0.39,400,0
20120319,0.35,0.35,0.349,0.35,2000,0
20120322,0.29,0.291,0.29,0.291,200,0
20120410,0.301,0.35,0.301,0.35,600,0
20120411,0.31,0.35,0.31,0.35,2000,0
20120510,0.305,0.306,0.305,0.306,200,0
20120625,0.301,0.345,0.301,0.345,6000,0
20120629,0.312,0.349,0.312,0.349,4915,0
20120717,0.275,0.275,0.251,0.251,377,0
20120719,0.251,0.252,0.251,0.251,17,0
20120806,0.24,0.5,0.24,0.5,6000,0
20120831,0.4,0.4,0.3,0.4,200,0
20120904,0.4,0.4,0.305,0.4,19,0
20120925,0.306,0.306,0.305,0.305,41,0
20120927,0.306,0.307,0.305,0.307,41,0
20121001,0.32,0.321,0.32,0.32,50,0
20121015,0.321,0.322,0.32,0.322,200,0
20121018,0.321,0.322,0.32,0.322,500,0
20121022,0.321,0.321,0.32,0.321,1008,0
20121115,0.346,0.439,0.346,0.439,380,0
20121122,0.346,0.419,0.346,0.419,600,0
20121129,0.346,0.411,0.346,0.411,380,0
20121203,0.41,0.49,0.41,0.489,2000,0
20121206,0.48,0.48,0.41,0.411,100,0
20121207,0.41,0.489,0.41,0.41,1000,0
20121210,0.485,0.485,0.41,0.415,1000,0
20121211,0.41,0.41,0.35,0.35,3060,0
20121218,0.41,0.411,0.41,0.411,600,0
20130102,0.351,0.352,0.351,0.351,600,0
20130107,0.418,0.85,0.351,0.85,9350,0
20130108,1.1,1.35,1.1,1.35,21218,0
20130109,1.3,1.3,1.12,1.2,3490,0
20130110,1.12,1.415,1.02,1.415,3000,0
20130111,1.181,1.38,1.181,1.38,1980,0
20130114,1.38,1.4,1.218,1.4,150,0
20130115,1.236,1.288,1.236,1.288,1350,0
20130117,1.34,1.55,1.34,1.545,1015,0
20130118,1.346,1.645,1.346,1.642,1909,0
20130121,1.65,1.689,1.453,1.689,5700,0
20130122,1.739,1.74,1.549,1.549,5650,0
20130125,1.551,1.6,1.5,1.6,6541,0
20130128,1.6,1.6,1.5,1.501,550,0
20130129,1.5,1.697,1.5,1.697,3300,0
20130130,1.56,1.738,1.56,1.738,2000,0
20130131,1.561,1.561,1.56,1.56,100,0
20130201,1.565,1.778,1.565,1.778,600,0
20130206,1.69,2,1.69,2,4024,0
20130207,1.996,1.996,1.55,1.55,3825,0
20130208,1.55,1.88,1.45,1.744,1495,0
20130211,1.621,1.997,1.621,1.879,5950,0
20130212,1.798,2.393,1.798,2.3,7852,0
20130213,2.397,3.149,2.35,3.149,32480,0
20130214,3.15,3.333,2.35,2.35,16228,0
20130215,2.35,3.149,2.35,2.6,6371,0
20130218,3.28,3.28,2.53,2.955,3792,0
20130219,2.989,2.989,2.1,2.439,7690,0
20130220,2.4,2.7,2.379,2.7,5720,0
20130221,2.69,2.949,2.533,2.949,380,0
20130222,2.647,2.651,2.458,2.599,1310,0
20130225,2.4,2.6,2.2,2.2,7620,0
20130226,2.63,2.783,2.339,2.6,8065,0
20130227,2.58,2.6,2.235,2.329,3675,0
20130228,2.25,2.597,2.236,2.236,3680,0
20130301,2.236,2.55,2.086,2.221,1745,0
20130304,2.161,2.38,2.161,2.38,3710,0
20130305,2.197,2.399,2.197,2.399,400,0
20130307,2.266,2.266,2.186,2.221,2142,0
20130308,2.085,2.085,1.98,1.98,1950,0
20130311,1.95,2.079,1.95,2.079,50,0
20130312,2.079,2.079,2.015,2.079,620,0
20130313,2.06,2.079,1.95,2.079,450,0
20130314,2.05,2.079,1.935,2.051,950,0
20130315,1.99,2.195,1.89,2.195,2755,0
20130318,2.2,2.21,2.04,2.21,500,0
20130319,2.102,2.159,1.932,2.063,1300,0
20130320,1.96,2.05,1.75,2.05,2126,0
20130325,1.709,1.999,1.509,1.999,828,0
20130327,2,2.14,1.897,2.14,50,0
20130328,2.073,2.073,1.99,2.031,1650,0
20130402,2.099,2.099,1.882,1.882,10,0
20130403,1.932,1.932,1.918,1.92,800,0
20130404,1.857,1.857,1.857,1.857,30,0
20130405,1.84,1.84,1.8,1.8,1800,0
20130408,1.8,2.099,1.71,2.099,500,0
20130409,2,2,1.817,1.928,20,0
20130411,1.903,2.03,1.903,1.978,3000,0
20130416,1.942,2.1,1.942,2.099,980,0
20130417,2.05,2.05,1.915,1.92,1510,0
20130418,1.936,1.996,1.92,1.996,2500,0
20130419,1.92,2.099,1.92,2.099,1055,0
20130422,1.955,1.955,1.89,1.89,2245,0
20130424,1.925,1.925,1.903,1.903,1750,0
20130425,1.9,1.92,1.9,1.92,1702,0
20130426,1.91,1.911,1.91,1.911,18,0
20130429,1.91,1.911,1.91,1.911,180,0
20130502,1.905,1.905,1.905,1.905,1000,0
20130508,1.65,1.665,1.65,1.665,950,0
20130510,1.65,1.66,1.65,1.66,2500,0
20130514,1.634,1.634,1.634,1.634,400,0
20130515,1.686,1.686,1.686,1.686,200,0
20130516,1.71,1.71,1.67,1.67,200,0
20130517,1.725,1.849,1.725,1.78,785,0
20130523,1.655,1.684,1.625,1.684,1442,0
20130524,1.69,1.69,1.566,1.65,250,0
20130529,1.723,1.723,1.533,1.533,4000,0
20130605,1.5,1.5,1.39,1.391,930,0
20130606,1.39,1.39,1.27,1.27,3100,0
20130611,1.27,1.271,1.12,1.12,4108,0
20130625,1.3,1.3,1.1,1.1,500,0
20130626,1.1,1.1,1.036,1.045,1000,0
20130628,1.041,1.045,1,1,1458,0
20130703,1.075,1.075,1.07,1.07,1000,0
20130708,1.064,1.155,1.064,1.155,1000,0
20130711,1.079,1.079,1.077,1.077,500,0
20130715,1.032,1.034,1.032,1.034,1000,0
20130716,1.032,1.032,1.03,1.03,675,0
20130718,0.898,0.901,0.898,0.901,600,0
20130724,0.55,0.55,0.52,0.52,545,0
20130731,0.563,0.606,0.563,0.606,2534,0
20130801,0.651,0.751,0.651,0.75,1250,0
20130805,0.66,0.661,0.6,0.626,1400,0
20130808,0.84,0.84,0.631,0.631,75,0
20130809,0.631,0.631,0.631,0.631,1000,0
20130815,0.61,0.62,0.61,0.62,60,0
20130903,0.71,0.8,0.71,0.8,100,0
20130905,0.71,0.75,0.71,0.75,500,0
20130906,0.71,0.88,0.71,0.88,3000,0
20130911,0.725,0.998,0.725,0.73,3000,0
20130918,0.76,0.76,0.76,0.76,500,0
20130919,0.721,0.723,0.721,0.723,700,0
20130924,0.741,0.743,0.741,0.743,400,0
20130930,0.76,0.76,0.65,0.7,11691,0
20131001,0.7,0.7,0.401,0.598,8450,0
20131004,0.505,0.598,0.505,0.598,3500,0
20131007,0.506,0.6,0.506,0.6,2200,0
20131008,0.848,0.848,0.521,0.521,1800,0
20131011,0.52,0.55,0.52,0.537,200,0
20131014,0.505,0.551,0.505,0.551,500,0
20131016,0.51,0.55,0.51,0.53,3000,0
20131018,0.51,0.55,0.51,0.55,1902,0
20131021,0.55,0.551,0.55,0.551,343,0
20131023,0.55,0.648,0.55,0.62,6704,0
20131025,0.511,0.89,0.511,0.89,5600,0
20131028,0.851,1.015,0.701,0.9,5800,0
20131029,0.712,0.99,0.712,0.85,2952,0
20131030,0.9,1,0.9,0.99,3088,0
20131031,0.99,0.999,0.755,0.99,2600,0
20131101,0.773,0.781,0.773,0.775,3000,0
20131111,0.755,0.9,0.755,0.888,1060,0
20131113,0.755,0.99,0.755,0.931,14580,0
20131114,0.99,1.465,0.99,1.465,30351,0
20131115,1.5,1.69,1.201,1.421,12188,0
20131118,1.42,1.63,1.41,1.41,2536,0
20131119,1.4,1.793,1.4,1.74,10273,0
20131120,1.452,1.749,1.452,1.749,2984,0
20131121,1.6,1.75,1.6,1.601,7066,0
20131122,1.6,1.601,1.6,1.601,500,0
20131125,1.5,1.5,1.5,1.5,50,0
20131126,1.4,1.4,1.201,1.203,2200,0
20131127,1.2,1.6,1.2,1.6,10,0
20131128,1.2,1.6,0.8,0.867,3698,0
20131129,0.766,1,0.766,1,500,0
20131202,0.95,1.443,0.95,1.443,575,0
20131203,1.2,1.2,1.106,1.12,1400,0
20131204,1.006,1.05,1.006,1.05,122,0
20131205,1.06,1.35,1.05,1.05,5480,0
20131206,1.05,1.05,0.9,0.951,8655,0
20131209,1,1.15,0.95,1.15,2550,0
20131210,0.951,1.1,0.951,1.1,300,0
20131211,0.97,1.55,0.97,1.55,11235,0
20131212,1.6,1.65,1.261,1.3,2804,0
20131213,1.261,1.589,1.261,1.588,2110,0
20131216,1.48,1.48,1.26,1.26,950,0
20131217,1.48,1.48,1.15,1.15,265,0
20131218,1.48,1.48,1.148,1.148,1250,0
20131219,1.35,1.35,0.95,1.05,1400,0
20131220,0.95,1.45,0.95,1.45,2232,0
20131223,1.075,1.4,1.075,1.102,650,0
20131227,1.11,1.49,1.11,1.13,2110,0
20131230,1.11,1.499,1.11,1.25,5450,0
20140103,1.25,1.25,1.111,1.122,45,0
20140106,1.121,1.24,1.121,1.121,660,0
20140109,1.122,1.122,1.122,1.122,3000,0
20140110,1.15,1.151,1.15,1.15,355,0
20140113,1.122,1.151,1.122,1.125,1000,0
20140114,1.2,1.38,1.122,1.3,1800,0
20140115,1.35,1.695,1.122,1.68,10213,0
20140121,1.331,1.35,1.331,1.35,2460,0
20140122,1.331,1.332,1.331,1.331,400,0
20140123,1.33,1.4,1.25,1.4,6250,0
20140124,1.08,1.1,1.08,1.1,1000,0
20140128,1.2,1.2,1.2,1.2,114,0
20140129,1.2,1.28,0.985,1.28,650,0
20140204,1.2,1.298,0.951,1.05,4150,0
20140205,0.94,1.495,0.94,1.495,3811,0
20140207,1.005,1.1,1.005,1.1,1750,0
20140210,1.06,1.1,0.9,0.9,7082,0
20140211,0.98,0.99,0.98,0.99,500,0
20140212,0.99,1.2,0.899,1.05,2218,0
20140213,0.899,0.98,0.899,0.899,1000,0
20140220,0.95,1.01,0.95,1.01,1000,0
20140224,1.299,1.299,0.95,0.95,890,0
20140225,0.922,1,0.922,0.923,201,0
20140304,1.03,1.298,1.03,1.03,170,0
20140305,1.22,1.22,0.95,0.95,5000,0
20140306,0.97,0.97,0.951,0.951,200,0
20140307,0.951,0.952,0.951,0.951,20,0
20140312,0.951,0.951,0.851,0.851,1000,0
20140313,0.901,0.901,0.801,0.801,500,0
20140318,0.85,0.898,0.702,0.702,1199,0
20140326,0.77,0.77,0.745,0.746,50,0
20140327,0.745,0.879,0.745,0.746,50,0
20140331,0.8,0.8,0.746,0.75,400,0
20140407,0.777,0.89,0.716,0.777,250,0
20140408,0.777,0.9,0.777,0.865,2000,0
20140423,0.76,0.76,0.72,0.72,1061,0
20140428,0.73,1.06,0.73,0.73,40,0
20140429,0.73,0.98,0.73,0.85,1149,0
20140502,0.8,0.8,0.72,0.721,25,0
20140506,0.75,1.06,0.725,1.05,5625,0
20140507,1,1,0.851,0.931,200,0
20140509,0.9,1.131,0.899,0.905,220,0
20140514,0.721,1.15,0.721,0.76,1500,0
20140519,0.76,0.76,0.758,0.759,30,0
20140522,0.653,1.09,0.653,0.75,8200,0
20140526,0.725,0.84,0.725,0.725,150,0
20140528,0.78,0.85,0.725,0.78,1240,0
20140602,0.78,0.8,0.725,0.725,1400,0
20140603,0.725,0.745,0.72,0.72,1153,0
20140605,0.69,0.72,0.69,0.72,1500,0
20140606,0.72,0.72,0.686,0.7,1500,0
20140610,0.65,0.774,0.65,0.7,580,0
20140611,0.699,0.72,0.65,0.65,2000,0
20140613,0.691,0.7,0.69,0.7,1000,0
20140620,0.722,0.722,0.693,0.693,1500,0
20140623,0.694,0.713,0.69,0.713,1500,0
20140627,0.716,0.717,0.699,0.7,5100,0
20140701,0.698,0.744,0.677,0.68,425,0
20140703,0.689,0.689,0.66,0.68,2000,0
20140704,0.68,0.735,0.68,0.681,27,0
20140708,0.688,0.755,0.68,0.686,290,0
20140711,0.706,0.72,0.702,0.703,1300,0
20140714,0.712,0.718,0.708,0.708,125,0
20140718,0.719,0.72,0.68,0.681,2000,0
20140723,0.692,0.695,0.657,0.657,2001,0
20140728,0.672,0.672,0.646,0.653,1500,0
20140730,0.665,0.666,0.584,0.585,6000,0
20140804,0.581,0.581,0.48,0.491,6800,0
20140805,0.524,0.56,0.495,0.501,520,0
20140811,0.524,0.689,0.523,0.628,14100,0
20140812,0.64,0.778,0.55,0.624,7300,0
20140813,0.749,0.826,0.744,0.744,130,0
20140814,0.749,0.749,0.671,0.672,9700,0
20140815,0.674,0.7,0.667,0.675,100,0
20140819,0.69,0.69,0.675,0.675,400,0
20140827,0.697,0.77,0.62,0.62,1306,0
20140828,0.62,0.621,0.62,0.621,150,0
20140905,0.655,0.659,0.655,0.659,40,0
20140912,0.682,0.682,0.662,0.665,200,0
20140916,0.674,0.674,0.651,0.657,150,0
20140919,0.687,0.734,0.669,0.671,260,0
20140923,0.694,0.694,0.683,0.693,1080,0
20140925,0.703,0.706,0.643,0.654,2500,0
20141013,0.691,0.704,0.674,0.676,200,0
20141015,0.685,0.685,0.619,0.631,1500,0
20141016,0.637,0.637,0.609,0.624,1000,0
20141021,0.624,0.636,0.574,0.576,1730,0
20141023,0.53,0.538,0.477,0.525,4270,0
20141105,0.469,0.5,0.449,0.449,6000,0
20141110,0.48,0.521,0.479,0.479,600,0
20141114,0.519,0.519,0.502,0.503,798,0
20141117,0.47,0.475,0.467,0.471,1600,0
20141208,0.608,0.608,0.547,0.548,25,0
20141209,0.55,0.602,0.542,0.546,75,0
20141211,0.552,0.559,0.552,0.558,50,0
20141217,0.555,0.62,0.555,0.564,400,0
20141229,0.595,0.595,0.561,0.566,1000,0
20150102,0.58,0.679,0.57,0.57,2238,0
20150105,0.65,0.65,0.58,0.601,10,0
20150114,0.643,0.7,0.643,0.7,7000,0
20150115,0.805,0.805,0.716,0.733,2462,0
20150120,0.726,0.8,0.7,0.71,7803,0
20150121,0.748,0.861,0.743,0.8,4050,0
20150123,0.828,0.842,0.828,0.841,150,0
20150126,0.841,0.865,0.841,0.865,1000,0
20150128,0.86,0.888,0.853,0.861,500,0
20150130,0.879,0.951,0.825,0.871,4500,0
20150202,0.894,1.12,0.894,0.97,16054,0
20150203,0.954,0.963,0.896,0.898,7500,0
20150204,0.9,0.901,0.9,0.9,60,0
20150212,0.918,1.19,0.915,1.01,14764,0
20150217,1.1,1.24,1.1,1.108,4550,0
20150220,1.111,1.111,1.08,1.096,100,0
20150223,1.099,1.204,0.977,1.1,8950,0
20150302,1.13,1.21,1.127,1.16,1000,0
20150304,1.153,1.2,1.041,1.18,14600,0
20150306,1.193,1.236,1.183,1.195,2500,0
20150309,1.24,1.331,1.195,1.26,6325,0
20150310,1.187,1.364,1.187,1.2,3330,0
20150316,1.245,1.256,1.245,1.252,2000,0
20150318,1.254,1.349,1.217,1.217,3250,0
20150319,1.26,1.55,1.25,1.55,13180,0
20150320,1.453,1.453,1.254,1.257,6250,0
20150323,1.254,1.34,1.254,1.291,4131,0
20150324,1.466,1.8,1.386,1.8,5321,0
20150325,1.612,1.67,1.431,1.431,6140,0
20150326,1.609,1.88,1.478,1.88,1590,0
20150327,1.731,1.849,1.595,1.595,1522,0
20150330,1.85,1.888,1.617,1.617,3750,0
20150331,1.811,1.967,1.535,1.535,8958,0
20150401,1.68,1.8,1.621,1.7,2312,0
20150402,1.71,1.889,1.61,1.8,1140,0
20150407,1.79,1.9,1.79,1.9,6040,0
20150408,1.8,1.8,1.8,1.8,200,0
20150409,1.74,1.839,1.74,1.839,200,0
20150410,1.595,1.763,1.595,1.763,911,0
20150413,1.71,1.862,1.55,1.84,4229,0
20150414,1.402,1.849,1.34,1.799,1290,0
20150415,1.799,1.799,1.75,1.799,710,0
20150416,1.75,1.799,1.75,1.799,1220,0
20150417,1.76,1.76,1.668,1.712,356,0
20150420,1.61,1.797,1.61,1.797,540,0
20150421,1.618,1.799,1.618,1.799,20,0
20150422,1.706,1.799,1.701,1.799,260,0
20150423,1.707,1.8,1.707,1.8,380,0
20150424,1.73,1.799,1.73,1.799,1010,0
20150427,1.732,1.86,1.732,1.86,3606,0
20150428,1.899,2.04,1.824,2.03,8390,0
20150429,2.139,2.89,2.05,2.589,44903,0
20150430,2.55,2.589,2.05,2.45,7013,0
20150504,2.436,2.436,1.806,2.17,22514,0
20150505,2.18,2.215,1.8,2.099,8119,0
20150506,2.042,2.265,2.042,2.249,3517,0
20150507,2.102,2.266,1.85,2.2,9120,0
20150508,2.248,2.338,1.961,2.149,27684,0
20150511,2.148,2.239,2.001,2.209,4688,0
20150512,2.226,2.227,2.209,2.209,2720,0
20150513,2.226,2.303,2.101,2.299,14298,0
20150514,2.255,2.338,2.251,2.338,6630,0
20150515,2.339,2.437,2.23,2.37,12493,0
20150518,2.379,2.379,2.3,2.379,1472,0
20150519,2.4,3.181,2.4,3.131,84107,0
20150520,3.182,4.5,3.182,3.565,168211,0
20150521,3.4,3.5,2.94,3.054,37524,0
20150522,3.399,3.84,3.161,3.301,32165,0
20150526,3.3,3.555,3.201,3.301,11927,0
20150527,4.04,4.04,3.679,4.009,25493,0
20150528,3.949,4.439,3.9,4.001,55191,0
20150529,4.299,4.439,4.15,4.2,31616,0
20150601,4.4,6.2,4.4,5.3,88950,0
20150602,5.768,6.999,5.768,6.849,90482,0
20150603,7.139,7.89,5.4,6.5,87394,0
20150604,6.251,6.549,5.201,5.3,23331,0
20150605,5.201,5.34,3.85,4.398,58743,0
20150608,3.91,4.098,3.12,3.25,69819,0
20150609,3.052,3.48,3.001,3.384,31894,0
20150610,3.3,3.468,2.561,2.62,83600,0
20150611,2.584,2.947,2.4,2.752,34152,0
20150612,3.01,3.09,2.511,2.779,26995,0
20150615,2.402,2.699,2.121,2.26,39383,0
20150616,2.306,2.849,2.306,2.79,28495,0
20150617,2.51,2.61,2.295,2.498,29060,0
20150618,2.3,2.588,2.23,2.23,9063,0
20150619,2.23,2.4,2.002,2.121,12662,0
20150622,2.385,2.449,2.251,2.439,11312,0
20150623,2.44,2.44,2.24,2.39,13109,0
20150624,2.441,2.553,2.277,2.522,8242,0
20150625,2.351,2.588,2.35,2.588,6935,0
20150626,2.595,2.678,2.502,2.669,11930,0
20150629,2.616,3.19,2.352,3.149,28708,0
20150630,3.15,3.797,2.96,3.011,52498,0
20150701,3.1,3.285,3.052,3.056,7169,0
20150702,3.11,3.688,3.11,3.58,16238,0
20150703,3.402,3.599,3.392,3.596,6729,0
20150706,3.58,3.58,3.3,3.35,6737,0
20150707,3.411,3.509,3.37,3.371,6975,0
20150708,3.38,3.519,3.11,3.519,5536,0
20150709,3.519,4.9,3.519,4.9,91609,0
20150710,4.986,5.74,4.249,4.44,81477,0
20150713,4.2,5.442,4.1,5.02,46575,0
20150714,5.4,5.65,5.09,5.25,32815,0
20150715,5.11,5.76,5.11,5.597,30388,0
20150716,5.71,6.35,4.25,5.011,232034,0
20150717,5.01,5.3,4.49,4.77,36776,0
20150720,4.558,4.899,4.5,4.74,11398,0
20150721,5.065,5.149,3.901,3.95,32685,0
20150722,3.8,4.504,3.411,4.367,18733,0
20150723,4.071,4.395,3.55,4.091,12345,0
20150724,4.5,4.65,4.051,4.055,9445,0
20150727,4.01,4.489,4.01,4.398,2500,0
20150728,4.45,4.86,4.252,4.859,13248,0
20150729,4.859,4.859,4.32,4.748,3730,0
20150730,4.73,4.748,4.205,4.3,4548,0
20150731,4.2,4.59,4,4.498,7341,0
20150803,4.499,4.499,3.949,4.149,4638,0
20150804,3.6,4.399,3.6,4.1,6510,0
20150805,3.8,4.3,3.78,4.142,6284,0
20150806,3.971,4.379,3.97,4.379,9231,0
20150807,4.15,4.379,4.15,4.379,860,0
20150810,4.15,4.299,3.441,4.299,4772,0
20150811,3.6,4.289,3.6,3.999,3775,0
20150812,3.61,4.332,3.455,4.129,6091,0
20150813,3.7,3.95,3.44,3.8,8380,0
20150814,3.402,3.75,3.26,3.599,3270,0
20150817,3.21,3.398,3.055,3.398,7061,0
20150818,2.852,3.34,2.5,3.294,17285,0
20150819,3.05,3.189,2.67,3.15,3833,0
20150820,2.76,2.894,2.507,2.507,8518,0
20150821,3.25,3.33,2.71,3.2,5371,0
20150824,3.098,3.11,2.65,3.05,1897,0
20150825,2.681,3.539,2.681,3.539,5276,0
20150826,3.11,3.439,3.11,3.439,459,0
20150827,3.112,3.5,3.112,3.5,1153,0
20150828,3.15,3.499,3.15,3.499,2496,0
20150831,3.11,3.499,3,3.469,3215,0
20150901,3.419,4.189,2.9,4.189,18886,0
20150902,4.3,4.489,3.311,3.939,9962,0
20150903,4,4.079,3.612,3.851,2881,0
20150904,3.5,4.35,3.5,4.35,7165,0
20150907,4.399,4.399,3.671,4,2122,0
20150908,3.45,3.7,3.45,3.625,2433,0
20150909,3.601,3.798,3.601,3.798,1535,0
20150910,3.605,3.79,3.605,3.79,1310,0
20150911,3.63,3.908,3.63,3.829,476,0
20150914,3.605,3.605,3.223,3.223,6660,0
20150915,3.38,3.479,3.005,3.479,1200,0
20150916,3.499,3.499,3.051,3.398,1240,0
20150917,3.006,3.333,3.006,3.05,3820,0
20150918,3.05,3.06,2.5,2.943,13222,0
20150921,2.6,2.75,2.6,2.611,980,0
20150922,2.561,2.645,2.561,2.6,3100,0
20150923,2.611,2.619,2.611,2.619,344,0
20150924,2.626,2.689,2.626,2.639,1786,0
20150925,2.652,2.848,2.652,2.848,1985,0
20150928,3.016,3.31,2.88,2.88,2181,0
20150929,2.6,2.999,2.6,2.999,1597,0
20150930,2.605,2.89,2.605,2.7,5731,0
20151001,2.7,2.7,2.45,2.451,2368,0
20151002,2.5,2.859,2.5,2.789,1123,0
20151005,2.6,2.689,2.501,2.502,3357,0
20151006,2.501,2.65,2.501,2.65,525,0
20151007,2.551,2.689,2.503,2.512,1954,0
20151008,2.502,2.52,2.501,2.501,765,0
20151009,2.5,2.634,2.5,2.501,143,0
20151012,2.5,2.58,2.5,2.58,1737,0
20151014,2.5,2.51,2.5,2.501,1350,0
20151015,2.55,2.649,2.55,2.649,465,0
20151019,2.6,2.6,2.501,2.501,600,0
20151020,2.5,2.5,2.5,2.5,3263,0
20151022,2.5,2.5,2.2,2.224,2150,0
20151023,2.04,2.24,1.76,1.76,21394,0
20151026,1.69,1.699,1.5,1.502,15942,0
20151027,1.5,1.5,1.173,1.27,11302,0
20151028,1.35,1.68,1.35,1.5,19670,0
20151029,1.5,1.799,1.405,1.749,19923,0
20151030,1.53,2.589,1.53,2.05,28985,0
20151102,2.4,2.969,2.4,2.934,24059,0
20151103,2.5,2.899,2.5,2.64,7159,0
20151104,2.55,2.6,2.45,2.571,4784,0
20151105,2.4,2.45,2.4,2.4,3121,0
20151106,2.4,2.401,2.4,2.401,2510,0
20151109,2.41,2.604,1.71,1.935,11440,0
20151110,1.95,2.579,1.95,2.021,10155,0
20151111,2.05,2.062,2.05,2.062,58,0
20151112,2.03,2.03,2.03,2.03,500,0
20151113,2.05,2.492,2.05,2.051,3957,0
20151116,1.99,2.523,1.99,2,2700,0
20151117,1.8,2.454,1.8,2,3055,0
20151118,1.8,2.398,1.701,2.398,3151,0
20151119,1.86,2.209,1.86,2,1585,0
20151120,1.86,1.86,1.86,1.86,400,0
20151123,1.83,2.099,1.83,2.099,300,0
20151124,1.701,2.074,1.701,1.8,1337,0
20151125,1.8,1.801,1.8,1.801,140,0
20151126,2.03,2.495,2.03,2.24,10135,0
20151127,2.05,2.39,2.05,2.39,2699,0
20151130,2.052,2.052,1.85,2.04,4252,0
20151201,2.05,2.37,1.901,1.901,10050,0
20151202,1.9,2.14,1.9,2.14,4362,0
20151203,1.91,2.098,1.91,2,3473,0
20151204,1.94,1.941,1.94,1.941,400,0
20151207,1.9,1.956,1.9,1.956,430,0
20151208,2.019,2.019,2.019,2.019,240,0
20151209,1.94,1.999,1.765,1.999,6066,0
20151210,1.79,1.8,1.79,1.8,1200,0
20151211,1.9,1.9,1.851,1.851,35,0
20151214,1.791,1.801,1.79,1.79,5420,0
20151216,1.75,1.9,1.411,1.9,10465,0
20151217,1.45,1.889,1.45,1.889,340,0
20151218,1.46,1.5,1.46,1.5,300,0
20151221,1.501,1.788,1.501,1.788,320,0
20151222,1.455,1.65,1.455,1.65,1189,0
20151223,1.46,1.51,1.106,1.106,10055,0
20151228,1,1.379,1,1.379,1100,0
20151230,1.071,1.3,1.052,1.3,1102,0
20160104,1.298,1.298,1.12,1.12,1990,0
20160105,1.101,1.19,1.101,1.101,2510,0
20160107,1.051,1.08,1.051,1.08,3458,0
20160108,1.07,1.3,1.07,1.21,10000,0
20160111,1.05,1.11,1.05,1.06,1220,0
20160112,1.248,1.248,1.1,1.149,7297,0
20160113,1.11,1.197,1.11,1.197,2470,0
20160115,1.06,1.06,1.001,1.01,2700,0
20160118,1.001,1.099,1.001,1.099,1440,0
20160119,1,1.001,1,1.001,124,0
20160122,1,1.248,1,1.248,13350,0
20160125,1.1,1.181,1.1,1.18,8600,0
20160126,1.036,1.7,1.036,1.7,25805,0
20160127,1.26,1.649,1.26,1.649,10485,0
20160128,1.36,1.6,1.353,1.5,5500,0
20160129,1.42,1.42,1.219,1.39,19620,0
20160201,1.3,1.58,1.3,1.58,1500,0
20160202,1.33,1.59,1.33,1.5,2550,0
20160203,1.401,1.711,1.401,1.711,4900,0
20160204,1.58,1.925,1.58,1.925,700,0
20160205,1.59,1.899,1.59,1.899,1000,0
20160208,1.59,1.84,1.59,1.84,5276,0
20160209,1.59,1.88,1.59,1.88,800,0
20160210,1.59,1.602,1.59,1.6,2335,0
20160211,1.59,1.59,1.59,1.59,500,0
20160215,1.48,1.48,1.391,1.391,1150,0
20160216,1.4,1.5,1.4,1.5,500,0
20160217,1.25,1.55,1.25,1.457,3870,0
20160218,1.25,1.449,1.25,1.449,650,0
20160219,1.25,1.439,1.25,1.439,250,0
20160222,1.25,1.549,1.25,1.549,350,0
20160223,1.251,1.251,0.41,0.45,26610,0
20160224,0.501,0.58,0.32,0.35,20823,0
20160225,0.35,0.72,0.35,0.679,12231,0
20160226,0.62,0.97,0.62,0.97,9100,0
20160229,0.949,0.949,0.625,0.625,8615,0
20160301,0.41,0.779,0.41,0.779,1100,0
20160302,0.6,0.769,0.491,0.755,7490,0
20160303,0.759,0.759,0.759,0.759,50,0
20160304,0.601,0.78,0.601,0.78,6235,0
20160307,0.78,0.78,0.625,0.625,3660,0
20160308,0.499,0.511,0.499,0.511,160,0
20160309,0.53,0.73,0.53,0.73,250,0
20160310,0.53,0.55,0.53,0.531,201,0
20160311,0.55,0.64,0.55,0.64,340,0
20160314,0.55,0.556,0.55,0.556,1010,0
20160315,0.729,0.729,0.729,0.729,100,0
20160316,0.53,0.699,0.53,0.699,500,0
20160317,0.5,0.7,0.5,0.7,3800,0
20160321,0.69,0.69,0.52,0.52,3700,0
20160322,0.5,0.501,0.5,0.501,470,0
20160323,0.5,0.501,0.5,0.501,207,0
20160324,0.5,0.67,0.5,0.67,850,0
20160329,0.6,0.689,0.6,0.6,777,0
20160331,0.51,0.511,0.51,0.511,1000,0
20160401,0.515,0.949,0.515,0.599,1580,0
20160404,0.6,0.909,0.6,0.701,1284,0
20160405,0.7,0.7,0.7,0.7,1000,0
20160406,0.51,0.551,0.51,0.551,208,0
20160414,0.601,0.602,0.601,0.602,700,0
20160419,0.55,0.551,0.55,0.551,1600,0
20160420,0.55,0.55,0.55,0.55,3000,0
20160422,0.55,0.55,0.55,0.55,2000,0
20160425,0.5,0.501,0.5,0.501,1,0
20160426,0.501,0.67,0.501,0.55,350,0
20160427,0.551,0.67,0.551,0.67,2763,0
20160428,0.68,0.68,0.551,0.551,6186,0
20160429,0.51,0.51,0.41,0.435,32214,0
20160504,0.41,0.411,0.41,0.411,289,0
20160506,0.4,0.55,0.4,0.411,5250,0
20160511,0.41,0.41,0.4,0.4,5063,0
20160512,0.4,0.401,0.4,0.4,1448,0
20160513,0.4,0.45,0.4,0.45,600,0
20160517,0.4,0.44,0.4,0.44,4000,0
20160519,0.45,0.45,0.41,0.41,4300,0
20160523,0.42,0.421,0.42,0.421,1508,0
20160526,0.313,0.45,0.313,0.45,2658,0
20160531,0.332,0.45,0.332,0.45,3520,0
20160602,0.34,0.343,0.34,0.343,600,0
20160603,0.342,0.499,0.342,0.499,100,0
20160607,0.35,0.351,0.35,0.351,49,0
20160609,0.44,0.44,0.44,0.44,100,0
20160613,0.35,0.38,0.35,0.38,680,0
20160614,0.35,0.499,0.35,0.499,700,0
20160621,0.35,0.45,0.331,0.45,8515,0
20160623,0.33,0.351,0.33,0.351,450,0
20160624,0.33,0.35,0.33,0.35,2000,0
20160628,0.33,0.409,0.33,0.409,350,0
20160629,0.33,0.499,0.33,0.499,4000,0
20160706,0.35,0.351,0.35,0.351,500,0
20160707,0.35,0.448,0.35,0.448,1000,0
20160708,0.35,0.449,0.35,0.449,1400,0
20160711,0.35,0.5,0.35,0.499,20745,0
20160714,0.36,0.5,0.36,0.5,400,0
20160719,0.33,0.341,0.33,0.341,175,0
20160721,0.4,0.4,0.4,0.4,1000,0
20160727,0.36,0.361,0.36,0.361,100,0
20160804,0.36,0.361,0.36,0.361,500,0
20160808,0.36,0.41,0.36,0.41,2200,0
20160811,0.36,0.361,0.36,0.361,333,0
20160812,0.36,0.36,0.36,0.36,2000,0
20160817,0.399,0.399,0.399,0.399,30,0
20160819,0.36,0.401,0.36,0.401,383,0
20160822,0.4,0.605,0.4,0.605,6725,0
20160824,0.51,0.51,0.51,0.51,1,0
20160826,0.5,0.599,0.5,0.599,1,0
20160831,0.5,0.599,0.5,0.599,60,0
20160901,0.36,0.61,0.36,0.36,6000,0
20160902,0.36,0.579,0.36,0.549,2624,0
20160905,0.302,0.55,0.302,0.311,4000,0
20160906,0.549,0.549,0.539,0.539,274,0
20160908,0.539,0.539,0.53,0.53,900,0
20160912,0.41,0.6,0.41,0.6,1000,0
20160913,0.6,0.651,0.6,0.65,7211,0
20160914,0.55,0.551,0.55,0.551,600,0
20160915,0.552,0.819,0.552,0.661,8078,0
20160919,0.681,0.721,0.681,0.721,50,0
20160920,0.65,0.85,0.65,0.85,1100,0
20160921,0.65,0.85,0.65,0.845,1095,0
20160922,0.65,0.84,0.65,0.67,1150,0
20160923,0.651,0.661,0.651,0.66,4200,0
20160927,0.65,0.652,0.65,0.652,360,0
20161004,0.65,0.65,0.65,0.65,1000,0
20161006,0.55,0.551,0.55,0.551,750,0
20161010,0.45,0.451,0.45,0.451,500,0
20161013,0.45,0.46,0.45,0.46,1200,0
20161017,0.45,0.8,0.45,0.59,6600,0
20161019,0.45,0.451,0.45,0.451,150,0
20161025,0.45,0.451,0.45,0.451,1321,0
20161104,0.581,0.581,0.581,0.581,300,0
20161108,0.989,0.989,0.61,0.61,2000,0
20161109,0.889,0.889,0.462,0.462,300,0
20161114,0.45,0.452,0.45,0.452,4500,0
20161121,0.41,0.421,0.41,0.421,20,0
20161122,0.42,0.421,0.42,0.42,4078,0
20161123,0.41,0.411,0.41,0.411,114,0
20161125,0.451,0.451,0.451,0.451,65,0
20161201,0.41,0.798,0.41,0.798,50,0
20161202,0.5,0.5,0.5,0.5,200,0
20161205,0.41,0.411,0.41,0.411,300,0
20161206,0.41,0.411,0.41,0.411,2500,0
20161207,0.41,0.411,0.41,0.411,400,0
20161213,0.41,0.41,0.41,0.41,1000,0
20161214,0.588,0.588,0.588,0.588,550,0
20161221,0.444,0.56,0.444,0.55,6348,0
20161229,0.444,0.445,0.444,0.444,1015,0
20161230,0.5,0.5,0.5,0.5,3000,0
20170102,0.422,0.422,0.422,0.422,2074,0
20170104,0.57,0.57,0.57,0.57,35,0
20170105,0.411,0.421,0.411,0.421,100,0
20170112,0.411,0.412,0.411,0.412,920,0
20170119,0.421,0.688,0.421,0.678,1210,0
20170120,0.675,0.675,0.427,0.427,234,0
20170125,0.44,0.549,0.44,0.441,1500,0
20170127,0.44,0.5,0.44,0.5,59,0
20170130,0.444,0.51,0.444,0.51,180,0
20170131,0.444,0.54,0.444,0.54,100,0
20170208,0.444,0.444,0.444,0.444,2000,0
20170209,0.422,0.423,0.422,0.423,1,0
20170210,0.5,0.5,0.5,0.5,100,0
20170214,0.44,0.498,0.44,0.498,1000,0
20170215,0.44,0.441,0.44,0.441,55,0
20170222,0.44,0.441,0.44,0.441,100,0
20170223,0.44,0.44,0.439,0.439,1000,0
20170224,0.422,0.44,0.422,0.44,4000,0
20170227,0.422,0.648,0.422,0.423,3950,0
20170228,0.422,0.648,0.422,0.423,250,0
20170303,0.422,0.422,0.422,0.422,1000,0
20170314,0.427,0.427,0.427,0.427,40,0
20170315,0.426,0.599,0.426,0.427,230,0
20170316,0.426,0.427,0.426,0.427,30,0
20170320,0.426,0.447,0.426,0.447,2500,0
20170321,0.426,0.45,0.426,0.45,3500,0
