Date,Open,High,Low,Close,Volume,OpenInt
20090406,0.36,0.435,0.35,0.427,19093,0
20090407,0.43,0.435,0.37,0.404,25094,0
20090408,0.404,0.404,0.36,0.4,3000,0
20090409,0.4,0.4,0.35,0.37,10594,0
20090414,0.37,0.51,0.32,0.32,30182,0
20090415,0.37,0.403,0.33,0.36,7000,0
20090416,0.37,0.4,0.34,0.36,10506,0
20090417,0.36,0.394,0.35,0.35,3100,0
20090420,0.37,0.394,0.35,0.37,2000,0
20090422,0.45,0.45,0.333,0.351,3106,0
20090424,0.35,0.38,0.33,0.36,1700,0
20090427,0.36,0.38,0.34,0.355,2400,0
20090428,0.35,0.4,0.34,0.38,14994,0
20090504,0.39,0.42,0.36,0.385,5700,0
20090505,0.39,0.41,0.35,0.4,3850,0
20090506,0.4,0.4,0.36,0.39,4006,0
20090507,0.39,0.439,0.36,0.439,3994,0
20090508,0.39,0.45,0.34,0.38,2500,0
20090511,0.38,0.41,0.38,0.4,2000,0
20090512,0.4,0.42,0.37,0.4,1000,0
20090514,0.41,0.44,0.364,0.4,1150,0
20090515,0.4,0.44,0.39,0.41,7500,0
20090519,0.4,0.4,0.36,0.4,3237,0
20090520,0.4,0.415,0.4,0.415,3492,0
20090525,0.36,0.42,0.36,0.38,600,0
20090526,0.36,0.43,0.36,0.4,3000,0
20090529,0.43,0.44,0.39,0.425,842,0
20090601,0.42,0.425,0.4,0.42,3000,0
20090604,0.42,0.435,0.38,0.435,1800,0
20090608,0.43,0.435,0.41,0.435,8800,0
20090609,0.44,0.44,0.41,0.43,1300,0
20090610,0.43,0.44,0.38,0.435,5867,0
20090611,0.44,0.44,0.4,0.435,2726,0
20090615,0.44,0.44,0.4,0.425,8386,0
20090617,0.42,0.425,0.38,0.423,5000,0
20090618,0.42,0.423,0.37,0.415,3000,0
20090619,0.41,0.415,0.36,0.415,1363,0
20090622,0.415,0.43,0.36,0.423,2500,0
20090625,0.42,0.422,0.37,0.401,667,0
20090626,0.42,0.422,0.34,0.4,1500,0
20090630,0.4,0.405,0.36,0.405,5000,0
20090706,0.35,0.41,0.35,0.41,8500,0
20090707,0.35,0.4,0.35,0.4,1500,0
20090709,0.36,0.36,0.352,0.352,30,0
20090710,0.36,0.41,0.36,0.41,6000,0
20090714,0.36,0.382,0.36,0.37,4100,0
20090717,0.36,0.37,0.36,0.36,1001,0
20090720,0.36,0.56,0.36,0.56,38899,0
20090721,0.36,0.64,0.36,0.62,62490,0
20090722,0.49,0.65,0.49,0.57,37932,0
20090723,0.57,0.61,0.49,0.528,30801,0
20090724,0.54,0.54,0.35,0.37,40202,0
20090727,0.5,0.5,0.343,0.41,32800,0
20090728,0.34,0.4,0.33,0.36,30870,0
20090729,0.35,0.36,0.31,0.31,54620,0
20090730,0.35,0.35,0.283,0.33,42000,0
20090731,0.28,0.33,0.28,0.296,5480,0
20090803,0.29,0.29,0.183,0.215,134656,0
20090804,0.23,0.25,0.215,0.22,25215,0
20090805,0.23,0.3,0.22,0.26,100649,0
20090806,0.23,0.3,0.23,0.25,12300,0
20090807,0.25,0.25,0.25,0.25,9000,0
20090810,0.25,0.27,0.22,0.27,13300,0
20090811,0.25,0.26,0.226,0.226,6600,0
20090812,0.25,0.27,0.126,0.23,20100,0
20090813,0.25,0.25,0.225,0.25,9030,0
20090814,0.25,0.25,0.23,0.23,4600,0
20090817,0.24,0.25,0.215,0.23,11501,0
20090818,0.22,0.226,0.14,0.192,48726,0
20090819,0.22,0.225,0.168,0.225,7700,0
20090820,0.22,0.22,0.18,0.18,150,0
20090824,0.18,0.22,0.172,0.2,11000,0
20090828,0.21,0.21,0.172,0.173,10030,0
20090831,0.21,0.21,0.172,0.173,20,0
20090901,0.21,0.21,0.101,0.154,51600,0
20090902,0.21,0.21,0.12,0.162,4134,0
20090903,0.15,0.162,0.122,0.122,7120,0
20090904,0.15,0.179,0.12,0.159,28820,0
20090907,0.15,0.179,0.122,0.15,4553,0
20090908,0.15,0.15,0.14,0.14,50,0
20090909,0.15,0.15,0.13,0.13,12217,0
20090910,0.15,0.152,0.141,0.15,3359,0
20090911,0.15,0.155,0.13,0.13,9551,0
20090914,0.13,0.177,0.13,0.13,3021,0
20090915,0.13,0.145,0.13,0.13,31920,0
20090916,0.13,0.174,0.116,0.13,39150,0
20090922,0.13,0.131,0.12,0.131,1500,0
20090923,0.119,0.13,0.119,0.13,1500,0
20090925,0.121,0.14,0.1,0.1,56950,0
20090928,0.102,0.14,0.1,0.101,40,0
20090929,0.102,0.12,0.1,0.12,500,0
20090930,0.102,0.13,0.1,0.13,1000,0
20091001,0.131,0.135,0.105,0.11,5000,0
20091005,0.121,0.138,0.105,0.138,40000,0
20091006,0.121,0.121,0.105,0.105,14200,0
20091007,0.106,0.112,0.101,0.105,6980,0
20091008,0.102,0.11,0.101,0.101,9000,0
20091009,0.102,0.13,0.101,0.13,21123,0
20091012,0.104,0.11,0.102,0.102,2013,0
20091013,0.1,0.13,0.1,0.13,8940,0
20091015,0.111,0.115,0.105,0.115,1124,0
20091016,0.116,0.13,0.105,0.13,2000,0
20091019,0.116,0.116,0.1,0.103,100,0
20091020,0.104,0.11,0.103,0.11,108,0
20091021,0.11,0.144,0.104,0.144,5400,0
20091022,0.146,0.146,0.107,0.12,1200,0
20091023,0.121,0.143,0.107,0.143,23143,0
20091026,0.141,0.144,0.107,0.144,10000,0
20091027,0.142,0.142,0.102,0.111,790,0
20091029,0.103,0.111,0.102,0.11,10100,0
20091102,0.103,0.111,0.1,0.105,100,0
20091104,0.099,0.111,0.099,0.105,2020,0
20091105,0.102,0.125,0.1,0.1,5000,0
20091106,0.102,0.111,0.1,0.11,300,0
20091109,0.1,0.125,0.1,0.125,3706,0
20091111,0.102,0.125,0.1,0.105,60,0
20091116,0.125,0.125,0.1,0.105,2000,0
20091117,0.099,0.125,0.099,0.105,110,0
20091118,0.099,0.125,0.099,0.105,110,0
20091120,0.099,0.125,0.099,0.125,1000,0
20091123,0.099,0.123,0.099,0.122,1000,0
20091127,0.105,0.123,0.105,0.105,6585,0
20091202,0.103,0.105,0.099,0.105,20,0
20091203,0.103,0.133,0.099,0.133,580,0
20091207,0.11,0.133,0.105,0.105,13600,0
20091208,0.118,0.133,0.105,0.133,2000,0
20091209,0.118,0.133,0.105,0.105,3,0
20091210,0.118,0.133,0.105,0.105,1120,0
20091217,0.114,0.122,0.105,0.105,440,0
20091218,0.102,0.127,0.102,0.12,15600,0
20091221,0.121,0.125,0.105,0.11,2990,0
20091222,0.119,0.125,0.105,0.108,4200,0
20091223,0.103,0.133,0.103,0.133,4483,0
20091228,0.111,0.111,0.105,0.107,8140,0
20091229,0.102,0.107,0.102,0.105,15135,0
20091230,0.1,0.105,0.1,0.105,13,0
20100111,0.1,0.105,0.1,0.103,2000,0
20100112,0.1,0.105,0.1,0.105,3300,0
20100119,0.1,0.105,0.1,0.105,80,0
20100120,0.1,0.105,0.1,0.105,3060,0
20100122,0.1,0.105,0.1,0.105,120,0
20100125,0.1,0.105,0.1,0.105,710,0
20100126,0.1,0.105,0.096,0.096,3040,0
20100127,0.091,0.105,0.09,0.096,10,0
20100128,0.091,0.105,0.09,0.09,150,0
20100129,0.09,0.105,0.09,0.096,110,0
20100201,0.091,0.095,0.09,0.091,4250,0
20100204,0.086,0.091,0.086,0.091,100,0
20100208,0.086,0.091,0.086,0.09,660,0
20100209,0.086,0.091,0.086,0.091,114,0
20100210,0.086,0.091,0.086,0.09,200,0
20100219,0.086,0.091,0.075,0.091,11000,0
20100222,0.086,0.091,0.086,0.091,2400,0
20100223,0.086,0.091,0.086,0.091,1050,0
20100308,0.09,0.092,0.076,0.076,265,0
20100311,0.086,0.091,0.076,0.076,260,0
20100317,0.087,0.092,0.06,0.092,5000,0
20100318,0.087,0.091,0.06,0.061,12000,0
20100325,0.06,0.12,0.06,0.12,18520,0
20100326,0.114,0.12,0.063,0.065,10800,0
20100329,0.065,0.067,0.065,0.067,1000,0
20100401,0.063,0.066,0.05,0.064,68400,0
20100413,0.061,0.064,0.033,0.061,10000,0
20100414,0.058,0.06,0.031,0.05,20060,0
20100415,0.048,0.05,0.048,0.049,86080,0
20100416,0.047,0.05,0.04,0.04,7050,0
20100419,0.038,0.066,0.02,0.066,10000,0
20100421,0.057,0.06,0.05,0.05,30200,0
20100422,0.048,0.049,0.025,0.049,26000,0
20100423,0.047,0.055,0.02,0.02,22035,0
20100426,0.03,0.031,0.028,0.031,10000,0
20100429,0.029,0.03,0.02,0.02,57654,0
20100430,0.023,0.029,0.014,0.029,67229,0
20100503,0.028,0.03,0.015,0.03,53500,0
20100505,0.02,0.03,0.02,0.022,38100,0
20100506,0.022,0.028,0.022,0.028,3000,0
20100507,0.022,0.024,0.022,0.024,2100,0
20100511,0.022,0.04,0.022,0.04,300,0
20100514,0.022,0.024,0.022,0.024,50,0
20100517,0.023,0.03,0.022,0.03,20565,0
20100518,0.029,0.03,0.023,0.026,5000,0
20100519,0.025,0.026,0.015,0.015,90,0
20100520,0.025,0.025,0.025,0.025,31500,0
20100521,0.024,0.025,0.023,0.023,1800,0
20100526,0.025,0.026,0.023,0.023,1830,0
20100528,0.024,0.024,0.023,0.023,1501,0
20100531,0.023,0.025,0.023,0.025,7700,0
20100601,0.024,0.035,0.023,0.026,14000,0
20100602,0.025,0.027,0.024,0.027,1000,0
20100604,0.025,0.026,0.02,0.024,1020,0
20100607,0.025,0.027,0.024,0.027,300,0
20100608,0.026,0.027,0.024,0.027,520,0
20100611,0.025,0.026,0.024,0.025,21000,0
20100618,0.024,0.024,0.024,0.024,32000,0
20100621,0.025,0.03,0.024,0.03,35500,0
20100628,0.024,0.027,0.024,0.025,90,0
20100629,0.026,0.027,0.026,0.027,300,0
20100630,0.026,0.028,0.026,0.028,390,0
20100701,0.027,0.03,0.027,0.03,4595,0
20100706,0.027,0.028,0.027,0.028,35500,0
20100708,0.025,0.026,0.025,0.026,5000,0
20100709,0.025,0.028,0.025,0.028,10025,0
20100712,0.027,0.027,0.025,0.027,10000,0
20100716,0.025,0.031,0.025,0.031,94000,0
20100720,0.033,0.037,0.025,0.037,220,0
20100723,0.034,0.042,0.03,0.042,25042,0
20100727,0.038,0.041,0.036,0.036,60000,0
20100729,0.035,0.037,0.033,0.037,69000,0
20100730,0.035,0.038,0.032,0.032,31020,0
20100802,0.036,0.041,0.029,0.03,7000,0
20100803,0.039,0.039,0.028,0.032,50,0
20100805,0.029,0.032,0.028,0.032,400,0
20100809,0.032,0.035,0.03,0.035,170,0
20100812,0.032,0.035,0.03,0.035,40,0
20100817,0.033,0.035,0.025,0.025,3000,0
20100818,0.033,0.036,0.03,0.036,3000,0
20100819,0.034,0.036,0.03,0.036,70,0
20100820,0.034,0.036,0.03,0.03,4000,0
20100826,0.033,0.036,0.03,0.036,111,0
20100830,0.033,0.036,0.03,0.036,1,0
20100907,0.029,0.032,0.029,0.032,75,0
20100910,0.036,0.041,0.03,0.03,1000,0
20100914,0.038,0.04,0.03,0.03,1500,0
20100917,0.038,0.04,0.031,0.032,25,0
20100921,0.038,0.04,0.032,0.032,12,0
20100923,0.038,0.04,0.032,0.039,12,0
20100928,0.036,0.043,0.032,0.038,31999,0
20101001,0.031,0.049,0.03,0.049,13000,0
20101006,0.032,0.035,0.032,0.035,2025,0
20101012,0.031,0.035,0.031,0.035,100,0
20101014,0.032,0.035,0.032,0.035,59,0
20101018,0.032,0.035,0.032,0.032,120,0
20101019,0.033,0.046,0.032,0.046,130000,0
20101020,0.044,0.044,0.032,0.035,90,0
20101021,0.042,0.042,0.032,0.041,2000,0
20101022,0.039,0.05,0.031,0.05,126837,0
20101025,0.048,0.058,0.035,0.058,5000,0
20101026,0.055,0.059,0.035,0.059,106140,0
20101027,0.056,0.06,0.04,0.059,123000,0
20101028,0.056,0.065,0.045,0.059,35000,0
20101029,0.056,0.059,0.048,0.059,5000,0
20101101,0.056,0.067,0.033,0.067,2575,0
20101102,0.064,0.068,0.042,0.058,130,0
20101103,0.055,0.072,0.042,0.065,21412,0
20101104,0.062,0.078,0.042,0.042,4000,0
20101105,0.057,0.059,0.042,0.042,21415,0
20101108,0.056,0.06,0.042,0.044,18030,0
20101109,0.042,0.06,0.042,0.044,4445,0
20101111,0.041,0.06,0.041,0.042,280,0
20101112,0.041,0.06,0.041,0.042,50,0
20101115,0.042,0.06,0.042,0.044,280,0
20101116,0.042,0.06,0.042,0.049,10032,0
20101118,0.047,0.06,0.042,0.042,25000,0
20101119,0.056,0.069,0.045,0.069,70000,0
20101122,0.066,0.08,0.051,0.08,2000,0
20101123,0.062,0.079,0.041,0.041,4010,0
20101125,0.073,0.073,0.041,0.051,3000,0
20101130,0.072,0.075,0.044,0.057,39130,0
20101202,0.052,0.057,0.052,0.056,20100,0
20101207,0.052,0.08,0.052,0.08,119000,0
20101208,0.076,0.076,0.055,0.06,20000,0
20101209,0.057,0.096,0.057,0.096,2500,0
20101210,0.091,0.12,0.06,0.101,62350,0
20101213,0.096,0.11,0.08,0.08,10000,0
20101214,0.088,0.11,0.08,0.098,60000,0
20101215,0.093,0.11,0.06,0.088,7700,0
20101216,0.084,0.127,0.06,0.1,291812,0
20101217,0.09,0.09,0.08,0.083,200,0
20101220,0.079,0.112,0.079,0.09,159485,0
20101221,0.086,0.09,0.08,0.08,130000,0
20101222,0.076,0.076,0.055,0.055,3,0
20101228,0.071,0.076,0.05,0.05,115,0
20101229,0.072,0.076,0.065,0.076,454,0
20101230,0.072,0.075,0.056,0.056,90000,0
20110103,0.062,0.062,0.056,0.056,45000,0
20110104,0.053,0.053,0.048,0.051,720,0
20110105,0.048,0.051,0.048,0.048,45000,0
20110106,0.046,0.05,0.043,0.05,1000,0
20110107,0.048,0.059,0.04,0.059,35015,0
20110110,0.056,0.067,0.04,0.067,1000,0
20110111,0.048,0.066,0.04,0.066,30000,0
20110112,0.063,0.067,0.043,0.067,36000,0
20110113,0.064,0.075,0.051,0.075,25000,0
20110117,0.069,0.07,0.056,0.056,5000,0
20110118,0.054,0.056,0.05,0.056,31134,0
20110119,0.053,0.061,0.053,0.06,15100,0
20110120,0.06,0.061,0.06,0.061,1350,0
20110121,0.06,0.061,0.057,0.061,30100,0
20110124,0.06,0.06,0.048,0.054,246000,0
20110125,0.06,0.06,0.05,0.052,25,0
20110126,0.06,0.06,0.05,0.051,30000,0
20110127,0.06,0.06,0.05,0.058,60000,0
20110128,0.055,0.07,0.05,0.07,242500,0
20110131,0.067,0.073,0.05,0.063,32250,0
20110201,0.06,0.072,0.05,0.072,16258,0
20110203,0.065,0.068,0.061,0.063,360,0
20110204,0.06,0.073,0.06,0.073,97630,0
20110207,0.063,0.069,0.056,0.056,10120,0
20110208,0.066,0.066,0.066,0.066,30000,0
20110209,0.063,0.063,0.048,0.048,10130,0
20110210,0.056,0.254,0.052,0.254,1650802,0
20110211,0.265,0.3,0.263,0.3,2848843,0
20110214,0.35,0.38,0.211,0.25,952669,0
20110215,0.231,0.243,0.173,0.217,950628,0
20110216,0.206,0.239,0.175,0.21,315740,0
20110217,0.2,0.21,0.18,0.203,195849,0
20110218,0.193,0.26,0.191,0.209,548890,0
20110221,0.199,0.229,0.174,0.195,481340,0
20110222,0.185,0.2,0.156,0.182,326886,0
20110223,0.173,0.18,0.135,0.169,285354,0
20110224,0.161,0.178,0.126,0.127,420399,0
20110225,0.121,0.197,0.121,0.197,1808948,0
20110228,0.181,0.209,0.153,0.155,1030713,0
20110301,0.147,0.172,0.147,0.153,321900,0
20110302,0.145,0.185,0.132,0.171,180830,0
20110303,0.162,0.163,0.129,0.143,420164,0
20110304,0.136,0.144,0.125,0.129,100032,0
20110307,0.123,0.143,0.102,0.109,100935,0
20110308,0.104,0.13,0.104,0.127,43100,0
20110309,0.121,0.123,0.111,0.111,36200,0
20110310,0.105,0.124,0.101,0.101,225700,0
20110311,0.096,0.112,0.081,0.112,524770,0
20110314,0.106,0.119,0.09,0.092,28274,0
20110315,0.087,0.096,0.079,0.079,116403,0
20110316,0.075,0.097,0.06,0.073,52069,0
20110317,0.069,0.107,0.069,0.085,172950,0
20110318,0.081,0.096,0.081,0.089,35720,0
20110321,0.085,0.094,0.08,0.08,21920,0
20110322,0.089,0.09,0.073,0.081,89500,0
20110323,0.077,0.08,0.072,0.08,15000,0
20110324,0.076,0.08,0.072,0.076,1000,0
20110325,0.072,0.089,0.072,0.08,29947,0
20110328,0.085,0.091,0.08,0.091,1500,0
20110329,0.086,0.109,0.08,0.109,501122,0
20110330,0.104,0.124,0.099,0.103,99923,0
20110331,0.098,0.11,0.09,0.103,43450,0
20110401,0.098,0.118,0.095,0.105,85350,0
20110404,0.1,0.101,0.09,0.09,39880,0
20110405,0.086,0.1,0.085,0.1,21500,0
20110406,0.095,0.108,0.085,0.106,210,0
20110407,0.101,0.104,0.081,0.104,49150,0
20110408,0.099,0.104,0.078,0.104,11800,0
20110411,0.099,0.103,0.091,0.103,11600,0
20110412,0.098,0.102,0.09,0.09,30000,0
20110413,0.086,0.086,0.08,0.085,103,0
20110414,0.082,0.105,0.082,0.104,21862,0
20110415,0.099,0.1,0.095,0.1,39800,0
20110418,0.095,0.1,0.095,0.095,3700,0
20110419,0.092,0.11,0.085,0.086,90000,0
20110420,0.082,0.111,0.082,0.09,45000,0
20110421,0.105,0.105,0.09,0.09,22500,0
20110426,0.086,0.1,0.085,0.1,15310,0
20110427,0.095,0.104,0.086,0.1,24500,0
20110428,0.095,0.1,0.086,0.099,7475,0
20110503,0.086,0.109,0.08,0.109,32500,0
20110504,0.08,0.106,0.08,0.1,19000,0
20110505,0.094,0.141,0.08,0.138,331912,0
20110506,0.131,0.138,0.09,0.106,11500,0
20110509,0.105,0.15,0.105,0.138,123101,0
20110510,0.131,0.138,0.115,0.126,10500,0
20110511,0.12,0.144,0.12,0.131,50000,0
20110512,0.124,0.145,0.124,0.143,41999,0
20110513,0.136,0.136,0.113,0.113,82700,0
20110516,0.107,0.113,0.107,0.108,65503,0
20110517,0.103,0.15,0.09,0.106,5250,0
20110518,0.101,0.15,0.09,0.103,40000,0
20110519,0.098,0.108,0.098,0.104,28000,0
20110520,0.099,0.114,0.099,0.101,51857,0
20110523,0.096,0.119,0.091,0.091,54000,0
20110524,0.086,0.132,0.086,0.1,13000,0
20110525,0.125,0.125,0.09,0.116,29500,0
20110527,0.095,0.11,0.095,0.11,26000,0
20110530,0.105,0.132,0.099,0.106,179600,0
20110531,0.101,0.135,0.1,0.101,54700,0
20110601,0.1,0.135,0.1,0.101,48390,0
20110602,0.119,0.119,0.1,0.101,10000,0
20110603,0.1,0.1,0.1,0.1,20000,0
20110606,0.11,0.117,0.095,0.105,30700,0
20110607,0.1,0.108,0.095,0.108,31100,0
20110608,0.103,0.105,0.09,0.09,43000,0
20110609,0.086,0.1,0.086,0.09,85000,0
20110610,0.081,0.114,0.081,0.114,28000,0
20110613,0.083,0.114,0.083,0.085,11000,0
20110614,0.086,0.113,0.083,0.11,100400,0
20110616,0.085,0.09,0.085,0.088,41825,0
20110617,0.081,0.09,0.081,0.09,39500,0
20110620,0.087,0.09,0.08,0.08,28546,0
20110621,0.081,0.11,0.081,0.109,129760,0
20110622,0.081,0.108,0.081,0.104,24000,0
20110623,0.083,0.105,0.083,0.084,9500,0
20110627,0.083,0.098,0.083,0.083,1000,0
20110628,0.083,0.098,0.083,0.083,100,0
20110701,0.093,0.093,0.073,0.085,59200,0
20110704,0.073,0.09,0.073,0.073,43200,0
20110705,0.075,0.079,0.07,0.073,44100,0
20110706,0.079,0.08,0.065,0.073,8020,0
20110707,0.065,0.084,0.065,0.073,70000,0
20110708,0.065,0.093,0.065,0.073,71500,0
20110711,0.08,0.09,0.07,0.073,44500,0
20110712,0.084,0.084,0.073,0.073,416,0
20110713,0.075,0.075,0.072,0.073,62633,0
20110714,0.071,0.084,0.071,0.073,105000,0
20110715,0.071,0.08,0.071,0.073,40500,0
20110718,0.065,0.074,0.056,0.073,103601,0
20110719,0.043,0.08,0.04,0.073,80000,0
20110720,0.06,0.08,0.04,0.073,143,0
20110721,0.06,0.084,0.05,0.073,20300,0
20110722,0.069,0.073,0.06,0.073,90,0
20110725,0.077,0.084,0.068,0.073,48600,0
20110726,0.068,0.073,0.068,0.073,40000,0
20110727,0.07,0.073,0.061,0.073,52200,0
20110728,0.063,0.073,0.052,0.073,31350,0
20110729,0.065,0.073,0.053,0.073,5000,0
20110801,0.073,0.083,0.063,0.073,5660,0
20110802,0.047,0.073,0.04,0.073,5582,0
20110803,0.073,0.073,0.05,0.073,9000,0
20110804,0.065,0.079,0.06,0.073,52650,0
20110805,0.079,0.079,0.05,0.073,2500,0
20110808,0.05,0.08,0.05,0.073,3020,0
20110809,0.05,0.079,0.05,0.073,6580,0
20110810,0.073,0.077,0.051,0.073,22000,0
20110811,0.056,0.076,0.056,0.073,13000,0
20110812,0.059,0.076,0.055,0.073,17660,0
20110816,0.055,0.073,0.055,0.073,21000,0
20110817,0.055,0.073,0.055,0.073,49565,0
20110822,0.056,0.073,0.056,0.073,2500,0
20110825,0.066,0.07,0.056,0.07,13500,0
20110829,0.064,0.07,0.055,0.055,8500,0
20110830,0.055,0.07,0.055,0.062,10500,0
20110901,0.055,0.063,0.055,0.055,15000,0
20110902,0.055,0.063,0.045,0.045,3250,0
20110905,0.055,0.056,0.045,0.055,180,0
20110906,0.055,0.056,0.045,0.056,500,0
20110907,0.055,0.069,0.045,0.069,30600,0
20110908,0.068,0.068,0.056,0.056,500,0
20110913,0.056,0.056,0.056,0.056,4000,0
20110915,0.06,0.079,0.055,0.068,26500,0
20110916,0.06,0.079,0.06,0.06,13980,0
20110919,0.06,0.07,0.06,0.069,46700,0
20110920,0.06,0.094,0.06,0.075,151500,0
20110921,0.07,0.092,0.07,0.082,50450,0
20110922,0.07,0.092,0.07,0.071,1651,0
20110923,0.07,0.092,0.07,0.07,12350,0
20110927,0.07,0.092,0.07,0.071,26000,0
20110928,0.07,0.092,0.07,0.071,6000,0
20110929,0.07,0.075,0.065,0.071,4900,0
20110930,0.038,0.068,0.035,0.035,52500,0
20111003,0.068,0.069,0.068,0.069,1980,0
20111004,0.068,0.068,0.068,0.068,10000,0
20111006,0.037,0.073,0.037,0.072,15520,0
20111007,0.05,0.072,0.05,0.072,5800,0
20111010,0.055,0.072,0.055,0.057,6125,0
20111011,0.057,0.078,0.057,0.072,18539,0
20111012,0.058,0.072,0.058,0.066,310,0
20111013,0.059,0.073,0.059,0.061,43500,0
20111017,0.061,0.07,0.06,0.06,70000,0
20111020,0.053,0.06,0.053,0.054,100,0
20111021,0.054,0.065,0.053,0.053,1500,0
20111024,0.053,0.065,0.053,0.053,200,0
20111025,0.053,0.063,0.053,0.053,10000,0
20111026,0.053,0.063,0.053,0.053,20000,0
20111031,0.06,0.063,0.052,0.052,52500,0
20111103,0.052,0.06,0.052,0.06,30000,0
20111104,0.05,0.051,0.05,0.05,14900,0
20111107,0.048,0.06,0.041,0.045,12250,0
20111109,0.045,0.06,0.045,0.048,11000,0
20111110,0.047,0.048,0.043,0.048,18000,0
20111114,0.047,0.059,0.047,0.059,9000,0
20111117,0.05,0.059,0.049,0.049,40000,0
20111118,0.048,0.059,0.048,0.051,22000,0
20111121,0.051,0.051,0.046,0.046,50000,0
20111122,0.045,0.045,0.045,0.045,38400,0
20111124,0.04,0.07,0.04,0.07,356772,0
20111125,0.075,0.075,0.06,0.07,59750,0
20111128,0.064,0.064,0.055,0.06,53000,0
20111129,0.059,0.069,0.058,0.06,3402,0
20111130,0.061,0.065,0.06,0.061,3897,0
20111201,0.061,0.104,0.06,0.104,486746,0
20111202,0.085,0.113,0.085,0.094,57450,0
20111205,0.074,0.1,0.073,0.081,54920,0
20111206,0.072,0.1,0.072,0.072,12090,0
20111207,0.073,0.09,0.069,0.08,63500,0
20111208,0.069,0.09,0.069,0.071,1700,0
20111209,0.067,0.08,0.067,0.079,2500,0
20111212,0.068,0.079,0.068,0.07,6280,0
20111213,0.061,0.079,0.051,0.079,5000,0
20111214,0.07,0.071,0.07,0.071,3720,0
20111215,0.075,0.097,0.074,0.08,55160,0
20111219,0.08,0.096,0.08,0.096,20579,0
20111220,0.097,0.097,0.08,0.094,17060,0
20111221,0.083,0.094,0.072,0.075,194229,0
20111222,0.066,0.087,0.066,0.082,142600,0
20111223,0.07,0.08,0.07,0.08,3125,0
20111228,0.07,0.078,0.07,0.07,9300,0
20111229,0.07,0.092,0.07,0.092,78574,0
20111230,0.072,0.093,0.072,0.073,1000,0
20120102,0.073,0.098,0.063,0.098,139099,0
20120103,0.094,0.11,0.086,0.11,62280,0
20120104,0.11,0.11,0.09,0.11,39350,0
20120105,0.1,0.119,0.1,0.119,34950,0
20120106,0.103,0.137,0.103,0.106,144603,0
20120109,0.105,0.125,0.104,0.125,73314,0
20120110,0.104,0.123,0.104,0.108,1200,0
20120111,0.11,0.111,0.09,0.109,44869,0
20120112,0.09,0.11,0.09,0.109,5000,0
20120113,0.093,0.109,0.09,0.109,1000,0
20120116,0.09,0.108,0.09,0.108,23000,0
20120118,0.09,0.09,0.086,0.086,12500,0
20120119,0.087,0.107,0.086,0.086,65000,0
20120120,0.085,0.085,0.073,0.073,60400,0
20120123,0.08,0.09,0.08,0.086,58120,0
20120124,0.092,0.095,0.076,0.092,19500,0
20120125,0.08,0.085,0.08,0.081,30600,0
20120126,0.078,0.089,0.078,0.089,10000,0
20120127,0.08,0.089,0.08,0.081,6770,0
20120130,0.081,0.09,0.081,0.09,24200,0
20120201,0.107,0.108,0.069,0.091,29200,0
20120202,0.075,0.1,0.075,0.095,26000,0
20120206,0.081,0.09,0.081,0.083,24020,0
20120207,0.081,0.089,0.081,0.081,16022,0
20120208,0.08,0.091,0.08,0.091,2222,0
20120209,0.08,0.085,0.08,0.084,6000,0
20120210,0.08,0.088,0.076,0.076,27000,0
20120213,0.077,0.09,0.077,0.078,1500,0
20120214,0.078,0.087,0.077,0.08,1505,0
20120215,0.08,0.08,0.075,0.075,925,0
20120217,0.076,0.078,0.076,0.078,200,0
20120220,0.076,0.088,0.076,0.076,35000,0
20120222,0.075,0.076,0.075,0.076,32000,0
20120224,0.075,0.077,0.075,0.077,3040,0
20120227,0.075,0.08,0.073,0.08,17035,0
20120228,0.071,0.08,0.071,0.071,26740,0
20120229,0.068,0.073,0.068,0.071,224,0
20120301,0.069,0.069,0.069,0.069,13700,0
20120305,0.065,0.077,0.054,0.077,125035,0
20120306,0.06,0.07,0.05,0.05,1500,0
20120308,0.066,0.078,0.056,0.078,11600,0
20120313,0.076,0.082,0.076,0.077,22070,0
20120314,0.076,0.105,0.076,0.105,513493,0
20120315,0.095,0.125,0.092,0.094,112800,0
20120316,0.092,0.098,0.089,0.089,29500,0
20120319,0.098,0.098,0.081,0.096,42440,0
20120320,0.083,0.09,0.08,0.089,93605,0
20120321,0.09,0.101,0.085,0.098,120800,0
20120322,0.08,0.093,0.08,0.093,1000,0
20120326,0.09,0.09,0.081,0.089,19300,0
20120327,0.084,0.089,0.082,0.082,20555,0
20120328,0.081,0.082,0.081,0.081,6050,0
20120329,0.081,0.087,0.081,0.087,12000,0
20120330,0.081,0.083,0.081,0.081,37120,0
20120402,0.076,0.093,0.076,0.092,5600,0
20120403,0.08,0.085,0.08,0.08,16090,0
20120405,0.076,0.078,0.076,0.078,2847,0
20120410,0.079,0.085,0.079,0.085,15000,0
20120412,0.08,0.08,0.08,0.08,10000,0
20120413,0.079,0.09,0.077,0.077,95334,0
20120417,0.077,0.078,0.077,0.077,2500,0
20120418,0.077,0.091,0.077,0.091,17000,0
20120419,0.08,0.088,0.08,0.08,10000,0
20120424,0.078,0.082,0.078,0.082,7000,0
20120425,0.082,0.094,0.082,0.094,16500,0
20120503,0.076,0.077,0.076,0.077,80,0
20120504,0.076,0.092,0.076,0.078,25000,0
20120507,0.077,0.093,0.077,0.079,20210,0
20120508,0.078,0.078,0.07,0.07,90,0
20120509,0.077,0.093,0.077,0.093,3090,0
20120510,0.077,0.09,0.077,0.078,26000,0
20120511,0.077,0.09,0.077,0.079,10145,0
20120516,0.077,0.094,0.077,0.094,56000,0
20120518,0.08,0.099,0.08,0.099,5000,0
20120521,0.08,0.092,0.08,0.092,1000,0
20120523,0.08,0.092,0.08,0.08,5000,0
20120529,0.08,0.081,0.08,0.081,160,0
20120531,0.08,0.081,0.08,0.08,10000,0
20120604,0.076,0.086,0.076,0.086,3600,0
20120605,0.076,0.091,0.076,0.091,700,0
20120606,0.076,0.093,0.076,0.093,8400,0
20120608,0.076,0.08,0.076,0.076,42600,0
20120611,0.066,0.076,0.06,0.072,1590,0
20120612,0.066,0.07,0.066,0.067,20,0
20120613,0.07,0.09,0.066,0.066,20800,0
20120614,0.076,0.09,0.066,0.09,22500,0
20120618,0.07,0.075,0.066,0.07,6800,0
20120621,0.08,0.081,0.08,0.081,6000,0
20120622,0.08,0.09,0.08,0.08,5200,0
20120627,0.08,0.095,0.08,0.095,500,0
20120628,0.08,0.08,0.07,0.07,15,0
20120629,0.08,0.098,0.08,0.08,95485,0
20120702,0.085,0.09,0.085,0.089,24500,0
20120703,0.089,0.095,0.08,0.08,15000,0
20120705,0.089,0.09,0.089,0.09,10900,0
20120710,0.089,0.098,0.089,0.098,1600,0
20120711,0.089,0.095,0.089,0.09,5000,0
20120712,0.089,0.098,0.089,0.089,4000,0
20120713,0.089,0.097,0.089,0.097,800,0
20120719,0.085,0.086,0.085,0.086,5654,0
20120723,0.086,0.086,0.085,0.086,442,0
20120725,0.08,0.081,0.08,0.081,45,0
20120726,0.08,0.086,0.08,0.086,100,0
20120730,0.08,0.081,0.08,0.081,350,0
20120801,0.08,0.08,0.08,0.08,60000,0
20120802,0.075,0.099,0.075,0.099,5000,0
20120803,0.096,0.099,0.08,0.098,1111,0
20120808,0.081,0.093,0.077,0.093,18900,0
20120809,0.092,0.093,0.082,0.093,400,0
20120810,0.088,0.092,0.082,0.082,700,0
20120817,0.081,0.082,0.075,0.075,78500,0
20120822,0.08,0.08,0.074,0.074,230,0
20120828,0.08,0.085,0.074,0.085,5012,0
20120830,0.084,0.085,0.074,0.075,117950,0
20120905,0.075,0.076,0.074,0.076,5000,0
20120906,0.071,0.088,0.07,0.088,180,0
20120907,0.087,0.087,0.062,0.075,500,0
20120910,0.073,0.088,0.073,0.088,4550,0
20120911,0.093,0.093,0.073,0.089,6000,0
20120912,0.086,0.086,0.074,0.08,1090,0
20120914,0.079,0.08,0.074,0.074,1045,0
20120917,0.079,0.09,0.062,0.062,9700,0
20120918,0.09,0.09,0.07,0.081,9000,0
20120919,0.08,0.08,0.08,0.08,13500,0
20120920,0.079,0.084,0.073,0.084,5000,0
20120921,0.083,0.084,0.074,0.076,11500,0
20120924,0.075,0.076,0.074,0.074,8400,0
20120925,0.076,0.09,0.075,0.076,44500,0
20120927,0.088,0.088,0.076,0.081,41750,0
20120928,0.078,0.081,0.078,0.079,5500,0
20121001,0.074,0.074,0.069,0.074,15,0
20121005,0.074,0.091,0.071,0.091,10000,0
20121008,0.075,0.09,0.075,0.088,253,0
20121009,0.075,0.088,0.075,0.075,295,0
20121011,0.075,0.077,0.075,0.077,180,0
20121012,0.085,0.1,0.077,0.095,204110,0
20121015,0.094,0.094,0.078,0.081,51000,0
20121016,0.08,0.081,0.08,0.081,100,0
20121017,0.08,0.086,0.08,0.086,52332,0
20121018,0.077,0.082,0.077,0.082,32150,0
20121019,0.079,0.086,0.077,0.086,20000,0
20121022,0.077,0.086,0.077,0.086,5000,0
20121024,0.077,0.085,0.077,0.082,250,0
20121025,0.077,0.082,0.077,0.077,200,0
20121029,0.077,0.082,0.077,0.078,1200,0
20121030,0.077,0.078,0.077,0.078,1000,0
20121101,0.075,0.075,0.075,0.075,15000,0
20121102,0.075,0.078,0.075,0.077,750,0
20121105,0.076,0.077,0.076,0.077,18500,0
20121106,0.079,0.08,0.079,0.08,100,0
20121107,0.076,0.095,0.076,0.095,26499,0
20121108,0.085,0.095,0.085,0.086,8500,0
20121109,0.085,0.086,0.085,0.085,1,0
20121112,0.085,0.095,0.085,0.095,11300,0
20121113,0.085,0.094,0.085,0.094,300,0
20121115,0.085,0.089,0.081,0.081,25710,0
20121116,0.08,0.081,0.08,0.08,12100,0
20121119,0.077,0.089,0.077,0.086,2740,0
20121123,0.077,0.081,0.077,0.077,2200,0
20121127,0.078,0.109,0.078,0.109,96700,0
20121128,0.1,0.105,0.088,0.095,31500,0
20121129,0.082,0.093,0.082,0.085,24929,0
20121130,0.081,0.101,0.081,0.087,20150,0
20121203,0.104,0.125,0.081,0.125,446800,0
20121204,0.127,0.168,0.115,0.168,717205,0
20121205,0.179,0.209,0.129,0.129,627837,0
20121206,0.131,0.143,0.103,0.12,491313,0
20121207,0.109,0.121,0.095,0.099,237793,0
20121210,0.089,0.132,0.089,0.105,353975,0
20121211,0.093,0.118,0.093,0.105,141425,0
20121212,0.094,0.105,0.094,0.099,61500,0
20121213,0.116,0.124,0.095,0.12,268870,0
20121214,0.106,0.114,0.096,0.104,127500,0
20121217,0.1,0.101,0.088,0.101,15027,0
20121218,0.088,0.101,0.088,0.093,74077,0
20121219,0.092,0.11,0.082,0.1,76300,0
20121220,0.099,0.121,0.089,0.099,60900,0
20121221,0.088,0.101,0.088,0.091,108020,0
20121227,0.095,0.118,0.085,0.109,138000,0
20121228,0.1,0.117,0.09,0.111,72689,0
20130102,0.087,0.111,0.087,0.097,20680,0
20130103,0.085,0.11,0.085,0.099,65350,0
20130104,0.086,0.105,0.086,0.105,87920,0
20130107,0.088,0.108,0.088,0.101,21000,0
20130108,0.09,0.109,0.09,0.1,45000,0
20130109,0.105,0.105,0.082,0.105,47340,0
20130110,0.088,0.105,0.088,0.101,61200,0
20130111,0.1,0.157,0.09,0.157,934790,0
20130114,0.164,0.183,0.119,0.134,1292635,0
20130115,0.125,0.137,0.116,0.127,271270,0
20130116,0.111,0.122,0.111,0.118,59400,0
20130117,0.115,0.128,0.115,0.122,65366,0
20130118,0.118,0.146,0.106,0.114,470400,0
20130121,0.114,0.12,0.105,0.108,218320,0
20130122,0.1,0.124,0.1,0.121,70060,0
20130123,0.13,0.13,0.091,0.094,544690,0
20130124,0.1,0.105,0.096,0.103,159035,0
20130125,0.101,0.103,0.098,0.098,64300,0
20130128,0.083,0.098,0.083,0.085,101800,0
20130129,0.083,0.089,0.083,0.089,31050,0
20130130,0.088,0.105,0.083,0.088,37200,0
20130131,0.083,0.09,0.083,0.09,12500,0
20130201,0.08,0.09,0.08,0.084,20000,0
20130204,0.08,0.094,0.08,0.09,42500,0
20130205,0.08,0.096,0.08,0.096,13200,0
20130206,0.08,0.096,0.08,0.096,54000,0
20130207,0.08,0.09,0.08,0.083,18150,0
20130208,0.08,0.094,0.08,0.094,95500,0
20130211,0.08,0.102,0.08,0.1,181000,0
20130212,0.086,0.095,0.08,0.095,45500,0
20130213,0.086,0.094,0.08,0.086,1268,0
20130214,0.086,0.094,0.08,0.086,12430,0
20130215,0.09,0.095,0.08,0.095,25823,0
20130218,0.08,0.095,0.08,0.091,10050,0
20130219,0.081,0.096,0.081,0.092,57180,0
20130221,0.081,0.091,0.081,0.087,51000,0
20130222,0.083,0.088,0.08,0.08,8090,0
20130227,0.086,0.093,0.08,0.093,22000,0
20130228,0.08,0.089,0.08,0.085,25500,0
20130301,0.082,0.085,0.071,0.081,40650,0
20130304,0.071,0.082,0.071,0.082,1000,0
20130305,0.081,0.082,0.081,0.082,6052,0
20130306,0.071,0.081,0.071,0.078,12250,0
20130307,0.075,0.08,0.065,0.08,10000,0
20130308,0.077,0.079,0.065,0.079,33250,0
20130311,0.074,0.088,0.065,0.088,6573,0
20130312,0.073,0.089,0.065,0.079,184236,0
20130313,0.08,0.081,0.065,0.079,68000,0
20130314,0.072,0.079,0.065,0.075,43800,0
20130315,0.072,0.083,0.065,0.083,95640,0
20130318,0.072,0.082,0.072,0.075,35654,0
20130319,0.075,0.08,0.065,0.08,85000,0
20130321,0.065,0.075,0.065,0.075,10000,0
20130322,0.072,0.08,0.065,0.08,78035,0
20130325,0.073,0.075,0.065,0.075,12225,0
20130326,0.073,0.081,0.065,0.081,10000,0
20130327,0.073,0.084,0.065,0.074,107285,0
20130328,0.075,0.075,0.065,0.07,20,0
20130402,0.075,0.076,0.065,0.076,20000,0
20130404,0.075,0.075,0.063,0.075,13820,0
20130405,0.07,0.078,0.064,0.078,49000,0
20130408,0.067,0.075,0.066,0.067,7000,0
20130409,0.078,0.078,0.066,0.066,1500,0
20130410,0.07,0.078,0.068,0.076,8000,0
20130412,0.075,0.075,0.056,0.056,89360,0
20130418,0.066,0.07,0.056,0.067,10000,0
20130419,0.079,0.079,0.056,0.066,20000,0
20130429,0.058,0.097,0.058,0.087,316000,0
20130430,0.075,0.087,0.065,0.076,8250,0
20130502,0.065,0.076,0.065,0.076,20000,0
20130506,0.065,0.106,0.065,0.089,587450,0
20130507,0.088,0.092,0.07,0.079,176536,0
20130508,0.066,0.088,0.066,0.08,102750,0
20130509,0.076,0.077,0.066,0.076,45000,0
20130510,0.073,0.094,0.063,0.09,32700,0
20130513,0.067,0.085,0.067,0.082,16000,0
20130514,0.067,0.09,0.067,0.09,500,0
20130515,0.07,0.09,0.066,0.088,31800,0
20130516,0.066,0.087,0.066,0.076,22000,0
20130517,0.074,0.079,0.064,0.064,30100,0
20130520,0.065,0.075,0.064,0.064,28000,0
20130521,0.064,0.086,0.064,0.083,87262,0
20130522,0.063,0.081,0.063,0.081,10000,0
20130523,0.066,0.08,0.065,0.065,15999,0
20130524,0.075,0.075,0.065,0.073,9000,0
20130527,0.063,0.073,0.063,0.073,10000,0
20130529,0.073,0.073,0.063,0.071,80000,0
20130530,0.061,0.072,0.061,0.072,4500,0
20130531,0.071,0.072,0.061,0.061,20020,0
20130603,0.061,0.093,0.061,0.093,38480,0
20130604,0.072,0.077,0.062,0.073,28780,0
20130605,0.062,0.078,0.062,0.078,80500,0
20130606,0.073,0.077,0.065,0.072,32062,0
20130607,0.073,0.078,0.065,0.078,30000,0
20130610,0.065,0.078,0.065,0.065,9900,0
20130611,0.078,0.079,0.065,0.079,20200,0
20130613,0.065,0.075,0.065,0.072,25,0
20130614,0.065,0.079,0.065,0.072,15250,0
20130619,0.073,0.073,0.065,0.071,25000,0
20130624,0.073,0.073,0.065,0.07,106530,0
20130625,0.065,0.069,0.065,0.069,704,0
20130626,0.065,0.077,0.065,0.076,11000,0
20130627,0.076,0.076,0.065,0.065,3300,0
20130628,0.065,0.076,0.065,0.076,18615,0
20130702,0.061,0.078,0.042,0.078,10000,0
20130703,0.062,0.075,0.06,0.075,6619,0
20130704,0.07,0.075,0.06,0.075,2500,0
20130705,0.07,0.07,0.06,0.062,1277,0
20130709,0.065,0.066,0.06,0.066,5050,0
20130710,0.06,0.065,0.06,0.06,1,0
20130711,0.065,0.065,0.06,0.063,14150,0
20130712,0.062,0.063,0.06,0.06,1,0
20130715,0.064,0.064,0.059,0.06,6110,0
20130716,0.063,0.063,0.06,0.06,6057,0
20130717,0.062,0.063,0.06,0.06,101,0
20130718,0.062,0.062,0.06,0.062,10000,0
20130719,0.053,0.073,0.051,0.073,10000,0
20130722,0.055,0.073,0.055,0.061,200,0
20130723,0.06,0.064,0.06,0.06,5080,0
20130724,0.06,0.06,0.06,0.06,20000,0
20130725,0.059,0.06,0.058,0.06,161,0
20130731,0.059,0.061,0.059,0.06,13750,0
20130801,0.06,0.064,0.05,0.051,10000,0
20130802,0.06,0.061,0.05,0.05,200,0
20130805,0.064,0.064,0.05,0.06,1180,0
20130807,0.05,0.061,0.05,0.061,180,0
20130809,0.06,0.074,0.05,0.05,30000,0
20130812,0.05,0.06,0.05,0.06,10000,0
20130815,0.06,0.06,0.05,0.059,27065,0
20130821,0.057,0.057,0.047,0.057,1400,0
20130826,0.059,0.059,0.049,0.049,70,0
20130828,0.049,0.059,0.048,0.058,50,0
20130830,0.059,0.062,0.049,0.051,17600,0
20130904,0.055,0.056,0.045,0.045,14,0
20130905,0.045,0.055,0.035,0.04,50000,0
20130906,0.056,0.063,0.025,0.063,10000,0
20130910,0.051,0.056,0.041,0.055,25000,0
20130912,0.042,0.065,0.042,0.045,42500,0
20130913,0.068,0.068,0.046,0.046,2000,0
20130916,0.047,0.068,0.047,0.047,1525,0
20130917,0.056,0.057,0.046,0.057,4000,0
20130919,0.047,0.059,0.047,0.059,2,0
20130923,0.058,0.058,0.048,0.058,20000,0
20131001,0.058,0.064,0.048,0.064,4543,0
20131003,0.058,0.065,0.048,0.064,29630,0
20131004,0.061,0.065,0.051,0.065,40055,0
20131007,0.057,0.068,0.047,0.053,15000,0
20131009,0.063,0.063,0.047,0.047,25000,0
20131011,0.057,0.063,0.047,0.047,16026,0
20131017,0.057,0.064,0.047,0.064,166125,0
20131018,0.063,0.073,0.053,0.055,38050,0
20131021,0.066,0.068,0.055,0.055,6000,0
20131022,0.068,0.072,0.058,0.072,27570,0
20131023,0.075,0.075,0.06,0.06,560,0
20131024,0.065,0.065,0.055,0.062,30360,0
20131025,0.067,0.07,0.051,0.052,21000,0
20131028,0.063,0.074,0.053,0.074,22000,0
20131029,0.07,0.076,0.058,0.06,16100,0
20131030,0.07,0.07,0.06,0.07,28033,0
20131031,0.06,0.07,0.058,0.058,62,0
20131101,0.058,0.077,0.058,0.062,15000,0
20131104,0.072,0.081,0.062,0.081,149830,0
20131105,0.066,0.082,0.066,0.073,202000,0
20131106,0.062,0.09,0.062,0.073,10000,0
20131107,0.072,0.079,0.062,0.079,3000,0
20131108,0.079,0.079,0.062,0.073,10500,0
20131113,0.072,0.074,0.062,0.074,28035,0
20131114,0.055,0.072,0.055,0.062,20000,0
20131118,0.072,0.072,0.072,0.072,10000,0
20131119,0.072,0.072,0.057,0.067,100,0
20131120,0.068,0.068,0.057,0.057,3300,0
20131121,0.057,0.07,0.057,0.057,20000,0
20131125,0.057,0.068,0.057,0.068,40100,0
20131126,0.067,0.068,0.057,0.068,5000,0
20131127,0.067,0.068,0.057,0.057,100,0
20131128,0.057,0.067,0.057,0.067,10000,0
20131202,0.057,0.067,0.057,0.061,28000,0
20131203,0.062,0.067,0.052,0.067,35000,0
20131204,0.052,0.062,0.052,0.062,16000,0
20131205,0.065,0.075,0.052,0.052,500,0
20131209,0.065,0.065,0.052,0.052,10003,0
20131210,0.063,0.072,0.062,0.072,3,0
20131213,0.068,0.068,0.062,0.064,3400,0
20131217,0.068,0.068,0.062,0.063,6000,0
20131218,0.062,0.068,0.062,0.068,150,0
20131219,0.068,0.068,0.059,0.059,17200,0
20131220,0.062,0.067,0.059,0.059,300,0
20131223,0.062,0.067,0.062,0.062,2000,0
20131227,0.065,0.068,0.06,0.06,87470,0
20131230,0.052,0.07,0.052,0.055,169050,0
20140106,0.062,0.062,0.055,0.057,1000,0
20140107,0.056,0.062,0.055,0.056,10001,0
20140113,0.061,0.061,0.055,0.057,6500,0
20140114,0.061,0.061,0.055,0.055,10000,0
20140115,0.055,0.061,0.052,0.052,70000,0
20140116,0.052,0.058,0.046,0.055,21600,0
20140120,0.051,0.058,0.051,0.052,6101,0
20140123,0.051,0.055,0.051,0.051,10000,0
20140124,0.055,0.055,0.048,0.055,200,0
20140129,0.055,0.055,0.051,0.053,8140,0
20140130,0.05,0.056,0.047,0.054,11230,0
20140131,0.052,0.055,0.05,0.053,810,0
20140204,0.052,0.06,0.052,0.055,1400,0
20140205,0.055,0.062,0.052,0.057,46400,0
20140206,0.057,0.062,0.055,0.061,150,0
20140207,0.055,0.061,0.052,0.052,21818,0
20140210,0.052,0.053,0.052,0.052,16462,0
20140211,0.052,0.055,0.052,0.055,6000,0
20140212,0.052,0.053,0.052,0.053,798,0
20140213,0.052,0.053,0.052,0.053,5000,0
20140214,0.052,0.053,0.052,0.053,200,0
20140218,0.054,0.06,0.054,0.06,20000,0
20140220,0.054,0.06,0.054,0.055,1000,0
20140221,0.054,0.06,0.054,0.055,100,0
20140224,0.054,0.067,0.054,0.067,69118,0
20140225,0.058,0.075,0.058,0.06,58501,0
20140226,0.06,0.078,0.06,0.062,50000,0
20140227,0.064,0.082,0.06,0.063,10500,0
20140228,0.063,0.067,0.06,0.063,2040,0
20140304,0.07,0.07,0.063,0.063,35015,0
20140306,0.063,0.068,0.058,0.058,5200,0
20140324,0.063,0.063,0.056,0.056,5100,0
20140326,0.056,0.06,0.05,0.056,100,0
20140327,0.056,0.068,0.053,0.056,9532,0
20140331,0.058,0.058,0.056,0.056,17612,0
20140401,0.058,0.058,0.05,0.05,500,0
20140402,0.051,0.056,0.05,0.051,212,0
20140404,0.056,0.056,0.051,0.056,20000,0
20140410,0.051,0.06,0.051,0.051,4008,0
20140411,0.06,0.06,0.051,0.051,35500,0
20140414,0.051,0.067,0.051,0.058,6285,0
20140416,0.058,0.058,0.052,0.052,8,0
20140417,0.058,0.06,0.052,0.059,5600,0
20140423,0.059,0.059,0.054,0.054,114,0
20140428,0.054,0.059,0.054,0.054,450,0
20140429,0.059,0.059,0.054,0.054,30000,0
20140502,0.059,0.062,0.054,0.059,500,0
20140512,0.054,0.059,0.054,0.054,90,0
20140514,0.059,0.059,0.054,0.054,590,0
20140516,0.059,0.059,0.045,0.045,10300,0
20140519,0.054,0.057,0.045,0.045,10020,0
20140520,0.045,0.054,0.045,0.045,300,0
20140521,0.062,0.062,0.045,0.047,1500,0
20140522,0.055,0.063,0.047,0.05,32015,0
20140527,0.055,0.063,0.05,0.05,10970,0
20140529,0.055,0.055,0.046,0.055,8000,0
20140530,0.063,0.063,0.05,0.052,20960,0
20140603,0.059,0.059,0.052,0.052,100,0
20140616,0.053,0.058,0.052,0.052,15,0
20140620,0.058,0.058,0.05,0.05,40000,0
20140623,0.056,0.062,0.05,0.05,10000,0
20140625,0.05,0.055,0.05,0.05,28,0
20140626,0.055,0.059,0.05,0.05,6020,0
20140630,0.055,0.055,0.05,0.05,9450,0
20140701,0.055,0.055,0.05,0.05,36,0
20140702,0.055,0.055,0.05,0.05,3450,0
20140717,0.055,0.055,0.05,0.05,10800,0
20140718,0.055,0.055,0.05,0.05,5000,0
20140722,0.055,0.055,0.05,0.05,15000,0
20140724,0.055,0.055,0.05,0.05,35000,0
20140725,0.041,0.05,0.031,0.031,3000,0
20140728,0.044,0.05,0.035,0.05,109532,0
20140730,0.059,0.059,0.037,0.05,2000,0
20140731,0.051,0.059,0.037,0.05,1000,0
20140805,0.055,0.06,0.049,0.05,550,0
20140811,0.055,0.058,0.049,0.05,1000,0
20140815,0.049,0.055,0.049,0.055,1000,0
20140819,0.055,0.055,0.049,0.05,1000,0
20140822,0.05,0.061,0.049,0.056,1000,0
20140825,0.056,0.068,0.049,0.068,738277,0
20140826,0.074,0.075,0.066,0.066,60,0
20140827,0.073,0.073,0.053,0.053,35000,0
20140828,0.055,0.064,0.055,0.057,15000,0
20140829,0.064,0.064,0.057,0.064,174,0
20140902,0.065,0.065,0.059,0.06,10658,0
20140908,0.065,0.069,0.06,0.06,13000,0
20140910,0.065,0.066,0.06,0.061,13000,0
20140911,0.066,0.078,0.06,0.062,60000,0
20140919,0.078,0.078,0.064,0.073,35500,0
20140923,0.073,0.073,0.064,0.064,12110,0
20140925,0.073,0.084,0.064,0.069,40010,0
20140929,0.069,0.076,0.069,0.069,3500,0
20140930,0.076,0.076,0.068,0.069,250,0
20141001,0.076,0.076,0.064,0.064,2000,0
20141002,0.054,0.079,0.052,0.057,23000,0
20141007,0.067,0.081,0.054,0.066,4000,0
20141008,0.066,0.081,0.053,0.053,43250,0
20141010,0.066,0.078,0.054,0.057,10000,0
20141013,0.059,0.063,0.057,0.057,13500,0
20141021,0.062,0.062,0.057,0.057,20000,0
20141027,0.061,0.061,0.052,0.055,16,0
20141028,0.061,0.071,0.055,0.061,70417,0
20141030,0.067,0.067,0.05,0.05,40433,0
20141105,0.06,0.065,0.06,0.06,13,0
20141110,0.065,0.065,0.06,0.06,12417,0
20141112,0.06,0.065,0.056,0.058,17593,0
20141113,0.064,0.064,0.058,0.058,4623,0
20141114,0.058,0.064,0.058,0.058,50,0
20141118,0.064,0.064,0.058,0.058,10000,0
20141120,0.059,0.064,0.058,0.058,1600,0
20141124,0.064,0.064,0.056,0.056,16000,0
20141125,0.063,0.063,0.053,0.057,30240,0
20141128,0.06,0.06,0.057,0.057,100,0
20141201,0.06,0.06,0.057,0.057,415,0
20141202,0.06,0.06,0.057,0.057,240,0
20141204,0.06,0.06,0.057,0.057,50,0
20141208,0.06,0.06,0.057,0.057,1500,0
20141210,0.06,0.06,0.057,0.057,250,0
20141215,0.057,0.06,0.057,0.057,4200,0
20141217,0.057,0.06,0.057,0.057,200,0
20141218,0.058,0.063,0.057,0.057,23000,0
20141219,0.062,0.062,0.054,0.057,1400,0
20141222,0.057,0.062,0.057,0.057,1400,0
20141229,0.062,0.062,0.057,0.057,33650,0
20141230,0.061,0.061,0.057,0.061,220,0
20150105,0.054,0.057,0.045,0.05,2050,0
20150106,0.045,0.055,0.043,0.047,4000,0
20150112,0.048,0.062,0.047,0.047,6000,0
20150119,0.048,0.057,0.047,0.047,120,0
20150121,0.057,0.057,0.047,0.047,12250,0
20150122,0.057,0.06,0.047,0.047,100,0
20150123,0.056,0.056,0.041,0.047,70300,0
20150126,0.054,0.054,0.044,0.047,1310,0
20150127,0.043,0.054,0.043,0.047,100,0
20150128,0.053,0.053,0.043,0.047,50,0
20150203,0.043,0.053,0.043,0.047,10200,0
20150205,0.044,0.055,0.044,0.047,14010,0
20150209,0.056,0.056,0.047,0.047,60,0
20150213,0.05,0.056,0.047,0.047,100,0
20150220,0.05,0.056,0.047,0.047,430,0
20150223,0.05,0.056,0.047,0.047,70,0
20150224,0.056,0.056,0.047,0.047,97,0
20150304,0.052,0.06,0.05,0.05,50000,0
20150306,0.052,0.06,0.052,0.052,70200,0
20150309,0.053,0.057,0.05,0.05,7914,0
20150312,0.053,0.061,0.05,0.05,10035,0
20150313,0.052,0.057,0.049,0.05,447,0
20150316,0.052,0.058,0.052,0.053,12,0
20150317,0.052,0.062,0.052,0.052,20500,0
20150318,0.057,0.064,0.052,0.055,25166,0
20150319,0.055,0.064,0.053,0.056,4000,0
20150320,0.056,0.064,0.053,0.056,1000,0
20150323,0.056,0.08,0.056,0.08,74447,0
20150324,0.092,0.117,0.066,0.076,104500,0
20150325,0.076,0.082,0.065,0.067,10035,0
20150326,0.076,0.082,0.065,0.065,2500,0
20150327,0.078,0.087,0.07,0.072,11400,0
20150330,0.088,0.096,0.071,0.086,15500,0
20150331,0.075,0.092,0.07,0.07,55000,0
20150402,0.076,0.086,0.065,0.065,88000,0
20150408,0.075,0.076,0.075,0.076,4000,0
20150410,0.078,0.079,0.078,0.079,60,0
20150413,0.078,0.078,0.078,0.078,5000,0
20150414,0.079,0.08,0.079,0.08,30,0
20150415,0.079,0.08,0.079,0.08,6605,0
20150420,0.079,0.079,0.079,0.079,35000,0
20150424,0.078,0.079,0.078,0.079,250,0
20150428,0.079,0.079,0.079,0.079,6000,0
20150430,0.078,0.078,0.078,0.078,20000,0
20150506,0.078,0.078,0.078,0.078,20000,0
20150508,0.052,0.079,0.052,0.079,15000,0
20150511,0.075,0.078,0.075,0.078,30500,0
20150512,0.075,0.075,0.073,0.073,15220,0
20150514,0.072,0.073,0.072,0.073,100,0
20150521,0.072,0.073,0.072,0.073,15,0
20150526,0.072,0.073,0.072,0.073,20,0
20150602,0.072,0.075,0.072,0.075,2581,0
20150603,0.072,0.077,0.072,0.077,1000,0
20150611,0.072,0.073,0.072,0.073,15,0
20150612,0.072,0.072,0.072,0.072,10,0
20150615,0.072,0.073,0.072,0.073,1025,0
20150617,0.074,0.074,0.073,0.073,3180,0
20150619,0.072,0.073,0.072,0.073,15500,0
20150622,0.073,0.073,0.073,0.073,13180,0
20150624,0.073,0.074,0.073,0.074,145,0
20150626,0.073,0.073,0.073,0.073,50,0
20150709,0.073,0.073,0.06,0.06,17000,0
20150715,0.06,0.061,0.06,0.061,25,0
20150720,0.06,0.061,0.06,0.06,6280,0
20150722,0.06,0.061,0.06,0.061,1500,0
20150723,0.06,0.061,0.06,0.061,500,0
20150727,0.06,0.061,0.06,0.061,3500,0
20150730,0.06,0.06,0.059,0.06,30000,0
20150812,0.06,0.078,0.06,0.078,4000,0
20150828,0.06,0.061,0.06,0.061,10,0
20150902,0.06,0.061,0.06,0.061,10000,0
20150914,0.06,0.061,0.06,0.061,1870,0
20150915,0.06,0.061,0.06,0.061,50,0
20150917,0.06,0.06,0.06,0.06,23350,0
20150921,0.058,0.058,0.05,0.05,40000,0
20150928,0.048,0.049,0.048,0.049,875,0
20150930,0.048,0.049,0.048,0.049,3500,0
20151001,0.048,0.049,0.048,0.049,4000,0
20151002,0.048,0.048,0.04,0.04,80000,0
20151009,0.038,0.05,0.038,0.05,50000,0
20151021,0.038,0.04,0.038,0.04,30,0
20151023,0.038,0.039,0.038,0.039,6000,0
20151026,0.038,0.039,0.038,0.039,68,0
20151028,0.038,0.039,0.038,0.039,20,0
20151029,0.038,0.039,0.038,0.039,1650,0
20151123,0.038,0.039,0.038,0.039,210,0
20151124,0.038,0.039,0.038,0.039,100,0
20151125,0.038,0.039,0.038,0.039,500,0
20151126,0.038,0.054,0.038,0.054,10000,0
20151127,0.038,0.039,0.038,0.039,12550,0
20151130,0.038,0.054,0.038,0.054,3830,0
20151201,0.018,0.048,0.018,0.023,7400,0
20151202,0.04,0.052,0.04,0.044,23140,0
20151207,0.038,0.039,0.038,0.039,170,0
20151209,0.038,0.038,0.038,0.038,6000,0
20151221,0.033,0.039,0.033,0.039,30000,0
20151228,0.033,0.034,0.03,0.034,65528,0
20151230,0.034,0.035,0.034,0.035,1000,0
20160105,0.034,0.039,0.034,0.039,3550,0
20160106,0.037,0.038,0.037,0.038,200,0
20160107,0.037,0.038,0.037,0.038,10,0
20160118,0.034,0.034,0.034,0.034,15,0
20160120,0.035,0.036,0.035,0.036,25,0
20160201,0.033,0.034,0.033,0.034,1000,0
20160202,0.033,0.034,0.033,0.034,143,0
20160211,0.033,0.034,0.033,0.034,50,0
20160217,0.035,0.035,0.035,0.035,20000,0
20160218,0.034,0.035,0.034,0.035,15,0
20160304,0.034,0.034,0.034,0.034,30000,0
20160308,0.035,0.035,0.035,0.035,20000,0
20160311,0.033,0.034,0.033,0.034,10,0
20160316,0.033,0.035,0.033,0.035,30500,0
20160324,0.033,0.034,0.033,0.034,6375,0
20160401,0.035,0.061,0.035,0.042,30000,0
20160404,0.04,0.063,0.04,0.063,100005,0
20160406,0.05,0.092,0.05,0.09,146071,0
20160408,0.055,0.056,0.055,0.056,720,0
20160411,0.055,0.09,0.055,0.09,78500,0
20160412,0.06,0.124,0.06,0.077,128205,0
20160413,0.1,0.1,0.1,0.1,5155,0
20160414,0.07,0.123,0.07,0.122,121700,0
20160415,0.076,0.149,0.076,0.135,470900,0
20160418,0.105,0.115,0.099,0.115,288800,0
20160419,0.098,0.123,0.098,0.099,6000,0
20160420,0.098,0.098,0.079,0.079,10265,0
20160421,0.076,0.104,0.076,0.104,4000,0
20160422,0.076,0.102,0.076,0.102,2800,0
20160503,0.076,0.076,0.071,0.071,1000,0
20160524,0.07,0.071,0.07,0.071,20,0
20160607,0.07,0.097,0.07,0.097,435,0
20160614,0.07,0.071,0.07,0.071,20,0
20160617,0.07,0.07,0.068,0.068,11000,0
20160623,0.065,0.066,0.065,0.066,25,0
20160628,0.065,0.089,0.065,0.089,400,0
20160707,0.065,0.066,0.065,0.066,200,0
20160713,0.065,0.066,0.065,0.066,200,0
20160728,0.065,0.088,0.065,0.088,200,0
20160729,0.065,0.066,0.065,0.066,250,0
20160803,0.065,0.066,0.061,0.061,14100,0
20160804,0.056,0.057,0.056,0.057,15,0
20160808,0.056,0.057,0.056,0.057,12,0
20160812,0.056,0.056,0.055,0.055,6040,0
20160819,0.054,0.055,0.054,0.055,80,0
20160902,0.054,0.055,0.054,0.055,70,0
20160905,0.054,0.088,0.054,0.088,50,0
20160923,0.065,0.091,0.065,0.091,30000,0
20160929,0.067,0.068,0.067,0.068,50,0
20160930,0.067,0.068,0.067,0.068,25,0
20161018,0.067,0.068,0.067,0.068,20,0
20161020,0.067,0.07,0.067,0.07,10000,0
20161025,0.068,0.068,0.068,0.068,24,0
20161104,0.052,0.052,0.052,0.052,5000,0
20161115,0.035,0.036,0.035,0.036,14,0
20161116,0.04,0.041,0.04,0.041,1070,0
20161121,0.045,0.046,0.045,0.046,6500,0
20161123,0.05,0.051,0.05,0.051,200,0
20161220,0.05,0.05,0.049,0.049,6010,0
20161230,0.047,0.047,0.045,0.045,25266,0
20170102,0.049,0.049,0.049,0.049,100,0
20170110,0.047,0.048,0.047,0.048,366,0
20170111,0.047,0.048,0.047,0.048,6,0
20170113,0.047,0.048,0.047,0.048,150,0
20170118,0.047,0.048,0.047,0.048,250,0
20170124,0.047,0.07,0.047,0.07,10010,0
20170125,0.042,0.048,0.042,0.048,15,0
20170131,0.047,0.047,0.042,0.042,100000,0
20170201,0.042,0.05,0.042,0.044,20500,0
20170224,0.043,0.047,0.043,0.047,10,0
20170316,0.042,0.043,0.042,0.043,110,0
20170317,0.042,0.087,0.042,0.087,280,0
20170320,0.042,0.07,0.042,0.07,280,0
