Date,Open,High,Low,Close,Volume,OpenInt
20100326,13.3,13.4,12.45,12.93,2641660,0
20100329,12.805,12.945,12.63,12.75,213555,0
20100330,12.83,12.95,12.67,12.785,76667,0
20100331,12.98,12.98,12.7,12.75,80112,0
20100401,12.7,13.09,12.7,13,47915,0
20100406,13.195,13.385,12.96,13.095,138869,0
20100407,13.18,13.23,12.735,13.1,103576,0
20100408,13.1,13.165,12.95,13.07,20994,0
20100409,13,13.07,12.72,13.045,23957,0
20100412,13.2,13.21,13,13.1,40342,0
20100413,13.03,13.26,13.01,13.06,1634,0
20100414,13.06,13.2,13.04,13.105,4468,0
20100415,13.16,13.16,13,13,29996,0
20100416,12.91,13.19,12.91,13.03,8972,0
20100419,13.005,13.07,12.96,13.01,37532,0
20100420,12.89,13.1,12.89,13,20193,0
20100421,13.01,13.05,12.95,12.955,70503,0
20100422,12.91,13.2,12.9,13,42566,0
20100423,13.05,13.19,12.955,12.955,16732,0
20100426,13,13.11,12.4,13,105157,0
20100427,13,13.25,12.985,12.985,21224,0
20100428,13.08,13.195,12.75,13.15,68136,0
20100429,13.01,13.18,12.9,12.97,31872,0
20100430,12.96,13.08,12.9,12.94,16238,0
20100503,13.19,13.19,12.91,13.12,7222,0
20100504,13.16,13.2,13,13.02,31344,0
20100505,12.96,13.125,12.94,12.94,38569,0
20100506,12.88,13.34,12.88,13.2,19227,0
20100507,12.95,13.15,12.935,12.935,18794,0
20100510,13,13.055,12.62,12.85,38490,0
20100511,12.73,13.34,12.695,13.215,19258,0
20100512,13,13.73,12.99,13.41,14858,0
20100513,13.4,13.73,13.4,13.6,7568,0
20100514,13.44,13.945,13.44,13.865,6817,0
20100517,13.5,13.905,13.25,13.9,13249,0
20100518,13.65,13.905,13.62,13.715,2934,0
20100519,13.82,13.82,13.47,13.7,2935,0
20100520,13.6,13.75,13.005,13.4,3282,0
20100521,13.17,13.495,13.145,13.45,22722,0
20100524,13.39,13.6,13.08,13.36,2359,0
20100525,13.36,13.495,13.1,13.31,2707,0
20100526,13.145,13.6,12.935,13.3,10787,0
20100527,13.15,13.6,13.125,13.6,4570,0
20100528,13.58,13.58,13.325,13.45,17309,0
20100531,13.6,13.6,13.15,13.3,5182,0
20100601,13.155,13.45,13.09,13.1,4286,0
20100602,13.155,13.25,12.975,13.15,2412,0
20100603,13.1,13.3,13.05,13.1,9420,0
20100604,13.25,13.25,12.94,13.1,10885,0
20100607,12.95,13.25,12.91,13.1,19312,0
20100608,12.81,13.315,12.81,13.05,11120,0
20100609,12.885,13.25,12.885,13.25,5007,0
20100610,12.72,13.2,12.72,13.05,8945,0
20100611,13.03,13.21,12.875,13,3409,0
20100614,13.04,13.16,13,13.05,19838,0
20100615,12.76,13.035,12.76,13,7571,0
20100616,12.72,13.1,12.7,13,5555,0
20100617,12.9,13.16,12.9,13.105,9349,0
20100618,12.85,13.2,12.85,13.11,27377,0
20100621,12.78,13.035,12.655,13,15226,0
20100622,12.77,13.1,12.725,13.03,2471,0
20100623,12.92,13.05,12.89,13.05,775,0
20100624,12.78,13.03,12.6,13,21604,0
20100625,12.77,13.05,12.7,12.89,2542,0
20100629,12.67,13.05,12.27,12.5,2672,0
20100630,12.67,12.84,12.14,12.49,2706,0
20100701,12.17,12.19,11.68,12.05,6430,0
20100702,11.64,12.135,11.245,11.45,13195,0
20100705,11.41,11.75,11.3,11.41,5874,0
20100706,11.31,11.41,10.96,10.96,14829,0
20100707,11.01,11.085,10.33,10.82,57319,0
20100708,10.72,11.1,10.72,11.1,17843,0
20100709,11.205,11.37,10.635,11.37,53887,0
20100712,11.26,11.26,11.01,11.2,13495,0
20100713,10.99,11.2,10.99,11.16,19059,0
20100714,10.9,11.24,10.9,11.18,21204,0
20100715,11.07,11.145,10.83,10.83,3520,0
20100716,10.99,11.15,10.825,11.15,1604,0
20100719,10.99,11.15,10.85,10.85,7152,0
20100720,10.94,10.985,10.75,10.985,1620,0
20100721,10.65,11.15,10.65,11.015,1693,0
20100722,10.965,11.15,10.75,11.15,9764,0
20100723,10.94,11.26,10.94,11.26,188,0
20100726,11.25,11.41,10.96,11.16,17005,0
20100727,11.23,11.23,10.96,11,8871,0
20100728,11.1,11.1,10.96,10.96,3023,0
20100729,11,11.495,10.93,11.45,5523,0
20100730,10.95,11.16,10.825,10.93,5268,0
20100802,10.82,10.93,10.69,10.69,12400,0
20100803,10.58,11,10.38,11,28078,0
20100804,10.7,10.97,10.5,10.97,12633,0
20100805,11,11,10.665,11,11441,0
20100806,10.8,11.39,10.73,11.25,12598,0
20100809,11.15,13,11.15,12.505,32382,0
20100810,12.255,13,12,12.44,21565,0
20100811,12.34,12.56,12.3,12.32,7024,0
20100812,12.21,12.7,12.21,12.4,10657,0
20100813,12.32,12.7,12.28,12.45,10120,0
20100816,12.4,12.5,12.08,12.4,11712,0
20100817,12.21,12.49,12,12.135,10914,0
20100818,11.89,12.28,11.89,12.28,2843,0
20100819,12.28,12.44,12.12,12.41,3479,0
20100820,12.01,12.5,11.795,12,7776,0
20100823,11.99,12.37,11.99,12,4139,0
20100824,12.03,12.1,11.88,11.96,2182,0
20100825,11.98,12.18,11.85,11.99,4336,0
20100826,11.735,12.09,11.735,12.02,534,0
20100827,11.91,12,11.535,11.905,3115,0
20100830,11.78,12.3,11.72,12.04,7453,0
20100831,11.93,11.995,11.72,11.815,1555,0
20100901,11.82,12.105,11.785,12,12522,0
20100902,11.83,11.99,11.62,11.62,3632,0
20100903,11.59,11.85,11.5,11.5,3110,0
20100906,11.5,12.175,11.5,12.175,1444,0
20100907,11.755,12.1,11.59,11.93,3461,0
20100908,11.83,11.955,11.72,11.72,1439,0
20100909,11.66,11.99,11.65,11.99,4794,0
20100910,11.61,11.925,11.55,11.55,6570,0
20100913,11.59,11.85,11.555,11.8,3585,0
20100914,11.84,11.85,11.7,11.8,5072,0
20100915,11.61,11.8,11.61,11.75,724,0
20100916,11.6,11.8,11.51,11.51,3186,0
20100917,11.6,11.745,11.51,11.6,3358,0
20100920,11.5,12.01,11.5,11.865,25781,0
20100921,11.75,11.75,11.555,11.735,2089,0
20100922,11.6,11.75,11.51,11.6,2171,0
20100923,11.5,11.745,11.5,11.54,1752,0
20100924,11.5,11.75,11.5,11.64,1650,0
20100927,11.6,11.75,11.6,11.7,11685,0
20100928,11.58,11.68,11.5,11.51,7110,0
20100929,11.655,11.68,11.5,11.525,3381,0
20100930,11.53,11.865,11.53,11.865,15958,0
20101001,11.75,11.8,11.6,11.6,16818,0
20101004,11.53,11.8,11.5,11.8,14303,0
20101005,11.69,11.805,11.65,11.805,17452,0
20101006,11.69,12.86,11.61,12.375,25460,0
20101007,12.26,13.24,12.26,13.195,176730,0
20101008,13.065,14.3,13,14.16,117623,0
20101011,13.88,14.05,13.695,13.965,10763,0
20101012,13.82,14.68,13.69,14.39,24483,0
20101013,14.25,14.73,13.87,14.73,14170,0
20101014,14.41,14.785,14.22,14.74,22668,0
20101015,14.42,14.78,14.21,14.78,12330,0
20101018,14.635,14.75,14.31,14.6,48259,0
20101019,14.46,14.75,14.4,14.4,3447,0
20101020,14.26,14.65,13.68,14.47,78467,0
20101021,14.34,14.7,14.25,14.65,112407,0
20101022,14.51,14.65,14.225,14.49,6082,0
20101025,14.29,14.635,14.26,14.5,21831,0
20101026,14.37,15.03,14.36,14.955,43273,0
20101027,14.68,15,14.6,14.7,24483,0
20101028,14.47,15.42,14.47,14.95,25531,0
20101029,14.955,15.33,14.94,15.18,16001,0
20101101,15.04,15.52,15.02,15.025,16712,0
20101102,14.95,15.46,14.88,15.46,26304,0
20101103,15.11,15.52,14.91,15.41,26728,0
20101104,15.35,15.76,15.1,15.1,22978,0
20101105,15.01,15.43,14.62,15,16378,0
20101108,14.86,15.48,14.86,15.3,4371,0
20101109,15.15,15.3,14.84,15.265,27928,0
20101110,15.17,15.55,14.755,15,19115,0
20101111,15.05,15.23,14.95,15.1,11231,0
20101112,14.895,15.1,14.68,14.75,9225,0
20101115,14.61,14.9,14.61,14.75,11512,0
20101116,14.56,14.9,14.56,14.605,22090,0
20101117,14.605,14.88,14.465,14.605,1863,0
20101118,14.65,14.875,14.605,14.7,32075,0
20101119,14.54,14.82,14.54,14.6,3252,0
20101122,14.47,14.875,14.47,14.66,3881,0
20101123,14.61,14.8,14.595,14.6,7593,0
20101124,14.47,14.665,14.47,14.62,1467,0
20101125,14.6,14.7,14.36,14.65,16378,0
20101126,14.56,14.7,14.45,14.45,9642,0
20101129,14.31,14.88,14.31,14.88,6154,0
20101130,14.71,15.24,14.7,15.24,6517,0
20101201,14.84,14.84,13.415,13.855,447104,0
20101202,13.87,14.35,13.63,14.02,198449,0
20101203,14.155,14.6,14.025,14.6,218903,0
20101206,14.55,14.6,13.955,14.38,81012,0
20101207,14.13,14.6,13.92,14.15,129024,0
20101208,14.01,14.3,14,14.3,34533,0
20101209,14.12,14.38,14.12,14.14,17274,0
20101210,14.35,14.53,14.3,14.4,67441,0
20101213,14.22,15.1,14.22,14.9,69823,0
20101214,14.92,15.2,14.76,14.995,42975,0
20101215,14.93,14.93,14.51,14.79,18879,0
20101216,14.63,15.045,14.63,15.035,35879,0
20101217,14.9,15.5,14.81,15.18,43876,0
20101220,14.94,15.895,14.94,15.87,54194,0
20101221,15.71,16.1,15.65,15.665,85901,0
20101222,15.52,16.39,15.52,15.8,83837,0
20101223,15.76,15.955,15.65,15.72,44710,0
20101227,15.85,16.045,15.275,15.345,22338,0
20101228,15.32,15.625,15.2,15.57,7220,0
20101229,15.27,15.85,15.27,15.79,22294,0
20101230,15.63,16.475,15.63,15.995,30824,0
20110103,15.94,16.4,15.85,16.4,21162,0
20110104,16.19,17.06,16.19,16.85,44750,0
20110105,16.575,17.14,16.57,16.99,18260,0
20110106,16.67,16.99,16.67,16.8,16978,0
20110107,16.59,16.85,16.48,16.7,29790,0
20110110,16.48,16.78,16.48,16.59,9639,0
20110111,16.48,16.8,16.48,16.7,34585,0
20110112,16.43,16.7,16.23,16.35,32160,0
20110113,16.35,16.35,15.3,15.545,141836,0
20110114,15.395,15.65,15.04,15.07,61433,0
20110117,15.05,15.47,14.63,15.47,52905,0
20110118,15.52,16.02,15.47,15.87,98447,0
20110119,15.72,16.06,15.5,15.55,88527,0
20110120,15.42,15.79,15,15.04,31236,0
20110121,14.9,15.41,14.9,15.245,30919,0
20110124,15.1,15.5,15,15.2,13121,0
20110125,15.01,15.775,15.01,15.55,34282,0
20110126,15.31,15.605,15.31,15.545,16054,0
20110127,15.435,15.505,15.19,15.19,47689,0
20110128,15.16,15.395,15.1,15.1,9395,0
20110131,15.055,15.25,14.34,14.58,108010,0
20110201,14.565,15.195,14.46,14.485,62253,0
20110202,14.485,15.1,14.385,15.09,63793,0
20110203,14.9,15.05,14.885,15,35532,0
20110204,14.895,15,14.75,14.93,10818,0
20110207,14.835,15.36,14.8,15,41096,0
20110208,14.905,15.08,14.51,14.51,22507,0
20110209,14.55,15,14.44,14.98,19492,0
20110210,14.89,15.125,14.84,14.9,20573,0
20110211,14.845,14.9,14.64,14.65,4841,0
20110214,14.72,15.23,14.72,14.86,29606,0
20110215,14.805,15.05,14.715,14.895,18421,0
20110216,14.895,15.07,14.47,14.64,34310,0
20110217,14.545,14.71,14.335,14.57,13839,0
20110218,14.43,14.71,14.115,14.395,33092,0
20110221,14.19,14.3,13.72,13.72,21649,0
20110222,13.735,14.21,13.665,14.075,27422,0
20110223,13.895,14.275,13.615,13.695,27729,0
20110224,13.9,13.9,13.53,13.6,15169,0
20110225,13.85,14.035,13.475,14.035,13685,0
20110228,13.9,14.275,13.865,14.035,27329,0
20110301,14.3,14.94,14.02,14.6,327189,0
20110302,14.72,14.945,14.5,14.945,62939,0
20110303,14.97,15.705,14.7,15.705,108301,0
20110304,15.55,15.8,14.515,14.945,44108,0
20110307,14.85,15.25,14.85,15.25,19061,0
20110308,15.125,15.335,15.065,15.335,14781,0
20110309,15.165,15.455,15.095,15.405,14086,0
20110310,15.165,15.7,15,15.1,58688,0
20110311,15.025,15.3,14.52,14.74,23974,0
20110314,13.85,14.725,13.85,14.16,49292,0
20110315,13.9,13.9,12.78,12.905,99968,0
20110316,13.125,14,13.08,13.155,56226,0
20110317,13.4,13.72,13,13.45,50049,0
20110318,13.495,14.075,13.365,13.775,80237,0
20110321,14.095,14.58,14.05,14.435,41424,0
20110322,14.41,14.47,14.225,14.405,46557,0
20110323,14.35,14.4,13.99,14.04,20747,0
20110324,14.14,14.2,13.955,14.035,21275,0
20110325,14.14,14.19,13.425,13.75,51852,0
20110328,13.8,14,13.335,13.71,56151,0
20110329,13.635,13.8,13.5,13.61,16350,0
20110330,13.52,13.92,13.49,13.92,15738,0
20110331,13.65,13.935,13.49,13.745,35264,0
20110401,13.65,13.93,13.49,13.87,44828,0
20110404,13.7,13.95,13.68,13.95,101882,0
20110405,13.85,14.29,13.775,14.29,102737,0
20110406,14.05,14.455,14.05,14.235,104626,0
20110407,14.21,14.4,13.95,13.95,66952,0
20110408,13.885,14.05,13.625,13.63,88736,0
20110411,13.73,13.73,13.06,13.36,33617,0
20110412,13.46,13.51,13.06,13.06,16259,0
20110413,13.225,13.225,12.625,12.97,51994,0
20110414,12.825,13.01,12.64,12.84,38004,0
20110415,12.78,12.9,12.635,12.715,24330,0
20110418,12.9,13,12,12.15,92516,0
20110419,12.23,13.06,12,12.87,169087,0
20110420,13,13.06,12.695,12.695,39899,0
20110421,12.915,12.915,12.54,12.6,17236,0
20110426,12.52,12.715,12.41,12.525,7589,0
20110427,12.67,12.845,12.47,12.715,13898,0
20110428,12.695,13.4,12.645,13.05,103545,0
20110429,12.995,13.4,12.98,13.25,117192,0
20110502,13.295,13.305,12.76,12.76,35615,0
20110503,13,13.095,12.7,12.91,24315,0
20110504,13,13,12.81,12.85,17615,0
20110505,12.855,13.065,12.7,12.9,22580,0
20110506,12.855,13.02,12.71,12.85,37179,0
20110509,12.855,12.9,12.63,12.665,33856,0
20110510,12.765,12.965,12.565,12.965,76429,0
20110511,13,13.2,12.65,12.9,179305,0
20110512,12.63,12.97,12.6,12.955,7790,0
20110513,12.9,13.4,12.8,13.36,126917,0
20110516,13.38,14.09,13.19,14.05,120318,0
20110517,14.05,14.06,13.63,13.63,27952,0
20110518,13.715,14.095,13.68,14.095,27261,0
20110519,13.79,14.685,13.79,14.29,94491,0
20110520,14.1,14.59,14.1,14.125,37386,0
20110523,14.17,14.225,13.805,14,20895,0
20110524,14,14.205,13.975,14,26010,0
20110525,14,14.1,13.73,13.95,11667,0
20110526,13.95,14.15,13.68,14.15,27649,0
20110527,14.065,14.54,14.05,14.45,26847,0
20110530,14.45,14.48,14.32,14.35,11215,0
20110531,14.35,14.485,14.19,14.215,8572,0
20110601,14.215,14.675,14.14,14.545,28843,0
20110602,14.545,14.62,14.23,14.24,5881,0
20110603,14.24,14.3,14.05,14.235,15037,0
20110606,14.235,14.36,14.16,14.335,1773,0
20110607,14.055,14.44,14.055,14.3,16423,0
20110608,14.3,14.35,14.025,14.235,16170,0
20110609,13.97,14.235,13.965,14.155,17710,0
20110610,14.155,14.175,13.88,14.175,1131,0
20110613,14.175,14.285,13.905,14.225,7611,0
20110614,14.225,14.34,14.01,14.295,5932,0
20110615,14.295,14.625,14.02,14.55,35171,0
20110616,14.265,14.52,14.265,14.395,7867,0
20110617,14.12,14.6,14.12,14.6,13311,0
20110620,14.6,14.635,14.32,14.615,3842,0
20110621,14.615,14.615,14.26,14.26,7747,0
20110622,14.26,14.26,13.72,13.8,37957,0
20110623,13.9,13.9,13.49,13.56,17670,0
20110624,13.56,13.725,13.24,13.575,42299,0
20110627,13.575,13.65,13.45,13.45,12137,0
20110628,13.525,13.7,13.33,13.33,17560,0
20110629,13.325,13.495,13.325,13.325,1777,0
20110630,13.345,14.29,13.345,13.345,27041,0
20110701,14.1,14.275,13.91,14.005,33091,0
20110704,13.9,14,13.815,13.835,3746,0
20110705,13.755,14.215,13.755,13.755,34830,0
20110706,13.985,14.28,13.985,13.985,45218,0
20110707,14.035,14.32,14.03,14.035,41092,0
20110708,14.27,14.6,14.155,14.155,18344,0
20110711,14.515,14.62,14.37,14.515,65373,0
20110712,14.325,14.4,14,14.325,25892,0
20110713,14.24,14.64,14.155,14.165,29944,0
20110714,14.55,14.8,14.45,14.475,113462,0
20110715,14.6,14.7,14.525,14.525,30352,0
20110718,14.525,14.58,14.14,14.525,52879,0
20110719,14.4,15.08,14.32,14.325,97712,0
20110720,14.7,14.935,14.5,14.625,43235,0
20110721,14.85,15.5,14.765,14.775,85742,0
20110722,15.28,15.7,15.15,15.205,93307,0
20110725,15.205,15.7,15.15,15.155,36450,0
20110726,15.42,15.6,15.15,15.42,41933,0
20110727,15.215,15.3,14.61,14.78,40903,0
20110728,14.74,14.895,14.575,14.575,12643,0
20110729,14.8,14.92,14.44,14.8,25409,0
20110801,14.85,15,14.72,14.875,50000,0
20110802,14.9,14.9,14.4,14.825,94177,0
20110803,14.4,14.475,13.6,14.35,100751,0
20110804,13.93,13.94,13.22,13.845,27011,0
20110805,13.1,13.305,12.21,12.25,72136,0
20110808,11.985,12.63,11.875,11.875,75648,0
20110809,12.3,12.66,12,12.235,100375,0
20110810,12.2,12.96,12.08,12.25,68427,0
20110811,12.205,12.33,11.5,12.01,45533,0
20110812,12.2,12.225,11.93,12.025,88568,0
20110815,12.285,12.4,12.065,12.075,68514,0
20110816,12.225,12.225,11.915,11.975,77014,0
20110817,11.945,12.055,11.75,12.055,80661,0
20110818,12.06,12.06,11.5,11.91,55246,0
20110819,11.575,11.575,10.955,11.45,69499,0
20110822,11.005,11.19,10.93,10.93,84827,0
20110823,11.01,11.2,10.76,10.89,78024,0
20110824,10.9,10.95,10.755,10.8,55981,0
20110825,10.85,10.92,10.705,10.73,24892,0
20110826,10.77,10.88,10.635,10.78,3948,0
20110829,10.785,11.065,10.705,10.975,22119,0
20110830,11.21,11.475,10.98,11.4,106765,0
20110831,11.325,11.825,11.3,11.675,85395,0
20110901,11.65,12.095,11.65,11.975,31311,0
20110902,11.9,12.07,11.73,11.75,29471,0
20110905,11.905,11.905,11.53,11.63,69466,0
20110906,11.57,12.06,11.55,11.985,51136,0
20110907,12.105,12.395,11.925,12.02,146524,0
20110908,12.02,12.175,11.945,12.115,42270,0
20110909,12.04,12.33,12.04,12.065,18441,0
20110912,12.2,12.2,11.85,11.915,53182,0
20110913,11.99,12.265,11.84,12.05,56350,0
20110914,11.975,12.33,11.935,12.33,29889,0
20110915,12.33,12.43,12,12,40776,0
20110916,12,12.32,11.925,12.32,15949,0
20110919,12.32,12.32,12.065,12.135,11884,0
20110920,12.06,12.42,12.06,12.32,10828,0
20110921,12.32,12.8,12.2,12.2,18344,0
20110922,12.275,12.275,11.8,11.875,7399,0
20110923,11.87,11.915,11.6,11.7,25614,0
20110926,11.7,11.7,11.375,11.4,10358,0
20110927,11.4,11.725,11.325,11.65,7688,0
20110928,11.65,11.76,11.575,11.75,12072,0
20110929,11.75,11.75,11.6,11.69,10374,0
20110930,11.65,11.675,11.24,11.3,15073,0
20111003,11.145,11.36,10.92,11.05,10067,0
20111004,11.05,11.05,10.52,10.65,21648,0
20111005,10.65,10.82,10.52,10.76,47948,0
20111006,10.685,10.8,10.625,10.7,56668,0
20111007,10.625,10.7,10.36,10.385,40948,0
20111010,10.31,10.645,10.31,10.57,48657,0
20111011,10.57,10.65,9.794,10,212153,0
20111012,10,10,9.604,9.85,160878,0
20111013,10.025,10.945,9.95,10.89,209212,0
20111014,10.815,11.4,10.81,11.26,135845,0
20111017,11.225,11.5,11.205,11.205,82710,0
20111018,11.205,11.325,11.11,11.29,24359,0
20111019,11.29,11.38,11.215,11.245,44751,0
20111020,11.185,11.31,11.09,11.12,14333,0
20111021,11.12,11.495,11.045,11.24,38430,0
20111024,11.24,11.64,11.195,11.52,92739,0
20111025,11.43,11.565,11.43,11.47,46705,0
20111026,11.395,11.59,11.095,11.17,84100,0
20111027,11.095,11.455,11.095,11.345,44662,0
20111028,11.27,11.63,11.27,11.625,61829,0
20111031,11.55,11.625,11.265,11.265,9581,0
20111101,11.205,11.265,10.715,11,23248,0
20111102,10.925,11.095,10.9,11.03,13951,0
20111103,10.955,11.245,10.87,11.245,9113,0
20111104,11.19,11.52,11.19,11.415,22128,0
20111107,11.4,11.55,11.325,11.41,29262,0
20111108,11.335,11.54,11.335,11.44,20422,0
20111109,11.415,11.6,11.175,11.25,44281,0
20111110,11.175,11.25,10.86,11.07,80121,0
20111111,10.995,11.15,10.995,11.04,48931,0
20111114,10.965,11.15,10.965,11,63556,0
20111115,11,11.07,10.925,11,14905,0
20111116,10.925,11.175,10.925,11.175,13645,0
20111117,11.055,11.695,11.055,11.55,55483,0
20111118,11.485,11.875,11.305,11.74,58114,0
20111121,11.65,12.18,11.65,12.07,56485,0
20111122,12.22,12.9,12.015,12.765,52275,0
20111123,12.61,12.81,11.945,12.09,108699,0
20111124,12.11,12.255,11.95,12.075,53185,0
20111125,11.98,12.135,11.95,12.11,23874,0
20111128,12.11,12.44,12.11,12.24,31095,0
20111129,12.17,12.68,12.17,12.67,23856,0
20111130,12.525,13.37,12.405,13.16,238374,0
20111201,13.125,13.28,13.045,13.14,46286,0
20111202,13.09,13.275,12.945,12.945,63009,0
20111205,12.895,13.125,12.89,12.9,44973,0
20111206,12.795,13.075,12.68,12.96,29095,0
20111207,12.915,13.35,12.315,12.61,72872,0
20111208,12.61,12.72,12.17,12.19,29609,0
20111209,12.2,12.55,11.74,12.01,61374,0
20111212,11.95,12.095,11.84,11.995,21133,0
20111213,12,12.09,11.925,11.965,25210,0
20111214,11.86,12.075,11.5,11.51,28881,0
20111215,11.565,11.58,11.41,11.495,25305,0
20111216,11.44,11.63,11.44,11.595,22214,0
20111219,11.595,11.835,11.489,11.705,34469,0
20111220,11.63,12.565,11.61,12.565,40518,0
20111221,12.51,12.761,12.4,12.485,28021,0
20111222,12.42,12.615,12.42,12.615,3226,0
20111223,12.575,12.615,12.325,12.325,7851,0
20111227,12.27,12.425,12.05,12.05,8729,0
20111228,11.935,12.09,11.935,12.085,3491,0
20111229,12.005,12.306,12,12.24,7477,0
20111230,12.175,12.3,12.175,12.3,3403,0
20120102,12.225,12.475,12.2,12.405,2578,0
20120103,12.34,12.98,12.34,12.975,33448,0
20120104,12.89,13.44,12.89,13.085,25185,0
20120105,13.085,13.085,12.43,12.585,34161,0
20120106,12.495,12.6,12.226,12.3,27433,0
20120109,12.185,12.3,11.973,12.055,15484,0
20120110,12.02,12.5,12.02,12.345,29540,0
20120111,12.285,12.37,12.15,12.22,33880,0
20120112,12.15,12.39,12.15,12.39,14498,0
20120113,12.535,12.535,11.805,11.91,21982,0
20120116,11.979,12.255,11.87,12.2,6704,0
20120117,12.2,12.4,12.15,12.155,33444,0
20120118,12.155,12.21,12.07,12.21,8628,0
20120119,12.325,12.35,12.08,12.35,13420,0
20120120,12.35,12.53,12.23,12.47,41597,0
20120123,12.39,12.65,12.225,12.29,46416,0
20120124,12.19,12.35,12,12.09,39048,0
20120125,12.09,12.565,12.005,12.465,24645,0
20120126,12.465,12.465,12.3,12.345,8763,0
20120127,12.345,12.45,12.22,12.43,9716,0
20120130,12.305,12.545,12.295,12.53,3158,0
20120131,12.425,12.595,12.39,12.4,8342,0
20120201,12.305,12.59,12.295,12.465,7076,0
20120202,12.38,12.975,12.374,12.92,24664,0
20120203,13,13.325,12.85,13.28,41008,0
20120206,13.215,14.36,13.205,14.22,40738,0
20120207,14.22,14.4,13.61,13.615,34915,0
20120208,13.535,13.87,13.31,13.435,29518,0
20120209,13.41,14.232,13.36,14.175,23887,0
20120210,14.065,14.3,13.88,14.295,27190,0
20120213,14.502,14.63,14.211,14.3,120135,0
20120214,14.3,14.3,14.05,14.155,9250,0
20120215,14.155,14.395,13.685,13.685,20478,0
20120216,13.549,13.95,13.54,13.63,8112,0
20120217,13.63,13.75,13.535,13.58,7248,0
20120220,13.52,14.395,13.52,14.24,55968,0
20120221,14.15,14.265,14.045,14.23,9853,0
20120222,14.23,14.275,13.8,13.995,35336,0
20120223,13.905,14.62,13.905,14.415,51904,0
20120224,14.335,15.24,14.335,15.16,38255,0
20120227,15.219,15.219,14.265,14.365,16183,0
20120228,14.275,14.593,14.275,14.395,27557,0
20120229,14.31,14.74,14.305,14.74,14911,0
20120301,14.61,14.76,14.61,14.7,3293,0
20120302,14.68,14.7,14.4,14.5,5886,0
20120305,14.392,14.5,14.145,14.415,9541,0
20120306,14.315,14.415,13.92,13.92,22447,0
20120307,13.88,14.06,13.68,13.825,18650,0
20120308,13.734,13.93,13.32,13.895,31924,0
20120309,13.62,14.17,13.43,14.05,23915,0
20120312,14.095,14.48,13.98,14.29,10413,0
20120313,14.305,14.58,14.305,14.45,9439,0
20120314,14.45,14.65,14.4,14.55,17888,0
20120315,14.471,15.14,14.46,14.635,16511,0
20120316,14.635,14.9,14.535,14.595,7683,0
20120319,14.51,14.865,14.4,14.865,11965,0
20120320,14.76,15.57,14.756,14.86,59037,0
20120321,14.77,14.86,14.21,14.525,40807,0
20120322,14.525,14.75,13.82,14.005,36698,0
20120323,14.005,14.005,13.34,13.655,56546,0
20120326,13.784,14.05,13.545,13.71,59181,0
20120327,13.641,13.995,13.635,13.875,45522,0
20120328,13.8,13.928,13.25,13.365,50385,0
20120329,13.295,13.525,12.945,13.045,51259,0
20120330,13.025,13.449,13.025,13.335,20391,0
20120402,13.43,13.43,13.275,13.38,32408,0
20120403,13.38,13.38,13.05,13.28,23893,0
20120404,13.28,13.3,12.63,12.9,28804,0
20120405,12.895,13.326,12.895,13.305,19337,0
20120410,13.3,13.435,13.095,13.205,85760,0
20120411,13.43,14.018,13.24,13.945,106462,0
20120412,13.86,14,13.45,13.6,48245,0
20120413,13.6,13.9,13.495,13.825,42477,0
20120416,13.825,13.825,13.505,13.63,25339,0
20120417,13.5,13.63,13.44,13.485,12838,0
20120418,13.485,13.615,13.4,13.6,9365,0
20120419,13.71,13.825,13.515,13.54,11456,0
20120420,13.46,13.681,13.46,13.6,4588,0
20120423,13.47,13.74,13.47,13.6,8763,0
20120424,13.455,13.674,13.4,13.475,14957,0
20120425,13.47,13.82,13.46,13.695,16115,0
20120426,13.61,14,13.61,13.96,9703,0
20120427,13.96,14,13.755,13.92,12874,0
20120430,13.96,14.05,13.81,14.05,8877,0
20120502,14.105,14.16,13.685,14.11,62978,0
20120503,14.17,14.4,13.93,13.945,27711,0
20120504,13.9,14.1,13.555,13.99,33594,0
20120507,13.745,13.845,13.6,13.69,20179,0
20120508,13.625,13.69,13.3,13.535,36953,0
20120509,13.55,13.63,12.65,12.895,76077,0
20120510,12.88,13.1,12.78,12.905,19128,0
20120511,12.705,12.895,12.658,12.715,16140,0
20120514,12.55,12.81,12.55,12.685,29422,0
20120515,12.58,12.685,12.47,12.515,11740,0
20120516,12.34,12.795,12.3,12.785,17240,0
20120517,12.705,12.825,12.65,12.685,15642,0
20120518,12.43,12.735,12.405,12.515,14824,0
20120521,12.24,12.475,12,12.12,20938,0
20120522,12.1,12.34,12,12.2,26769,0
20120523,11.935,12.14,11.7,11.935,24868,0
20120524,11.965,11.965,11.685,11.685,12106,0
20120525,11.56,11.91,11.56,11.815,13335,0
20120528,11.87,11.9,11.8,11.87,6689,0
20120529,11.87,11.95,11.81,11.835,1386,0
20120530,11.76,11.87,11.65,11.83,23258,0
20120531,11.75,11.85,11.75,11.85,23558,0
20120601,11.74,11.85,11.025,11.055,18528,0
20120604,10.91,11.055,10.64,10.78,9154,0
20120605,10.755,10.9,10.65,10.84,49615,0
20120606,10.855,11.435,10.8,11.41,50334,0
20120607,11.405,11.41,11.215,11.325,6602,0
20120608,11.27,11.4,11.165,11.34,12749,0
20120611,11.42,11.63,11.185,11.2,22346,0
20120612,11.092,11.34,11.092,11.34,11775,0
20120613,11.3,11.34,11.19,11.225,3975,0
20120614,11.14,11.225,11.06,11.12,6945,0
20120615,11.08,11.65,11.065,11.525,36385,0
20120618,11.6,11.863,11.42,11.495,4255,0
20120619,11.39,11.68,11.39,11.575,7758,0
20120620,11.43,11.89,11.415,11.8,56376,0
20120621,12,12.485,11.6,12.2,336632,0
20120622,12.25,12.25,11.9,11.985,36000,0
20120625,11.91,12.095,11.905,11.98,16333,0
20120626,12,12.045,11.915,11.955,13401,0
20120627,11.905,12.05,11.9,11.935,15184,0
20120628,11.884,12.49,11.75,12.475,30516,0
20120629,12.615,12.875,12.55,12.875,30092,0
20120702,13.05,13.85,12.975,13.67,61782,0
20120703,13.809,13.81,13.245,13.455,68308,0
20120704,13.455,13.455,12.5,12.5,95881,0
20120705,12.4,13.52,12.4,13.52,221163,0
20120706,13.52,13.595,13.14,13.36,87588,0
20120709,13.245,13.36,13.035,13.25,43353,0
20120710,13.15,14.045,13.15,13.725,76082,0
20120711,13.625,13.725,13.525,13.55,20630,0
20120712,13.41,13.55,13.38,13.42,15590,0
20120713,13.54,13.54,13.4,13.485,14979,0
20120716,13.39,13.78,13.39,13.775,38515,0
20120717,13.7,13.94,13.68,13.905,27086,0
20120718,13.815,14.605,13.701,14.445,91838,0
20120719,14.375,14.755,14.375,14.605,85708,0
20120720,14.668,14.97,14.474,14.56,55037,0
20120723,14.31,14.55,13.685,13.87,73806,0
20120724,13.75,13.9,13.675,13.675,39599,0
20120725,13.51,13.875,13.505,13.875,34206,0
20120726,13.805,14.2,13.775,14.185,43764,0
20120727,14.185,14.325,13.62,13.925,30620,0
20120730,13.97,14.08,13.755,13.985,38992,0
20120731,13.91,14.045,13.9,13.98,23181,0
20120801,13.88,14.035,13.315,13.445,36292,0
20120802,13.41,13.565,13.1,13.42,50954,0
20120803,13.315,14.44,13.315,14.255,76082,0
20120806,14.255,14.825,14.18,14.655,54876,0
20120807,14.655,15.675,14.521,15.385,115050,0
20120808,15.31,15.47,14.83,15.315,66866,0
20120809,15.315,15.315,14.845,14.915,49556,0
20120810,14.915,14.995,14.645,14.945,37130,0
20120813,14.9,15.065,14.725,14.92,25291,0
20120814,14.89,14.985,14.635,14.735,27699,0
20120815,14.6,14.93,14.5,14.92,33344,0
20120816,14.89,15.82,14.835,15.725,69007,0
20120817,15.63,15.725,15.4,15.43,28380,0
20120820,15.48,15.725,14.96,15.365,62598,0
20120821,15.28,15.4,15.15,15.235,31798,0
20120822,15.16,15.32,15.145,15.29,9403,0
20120823,15.325,15.325,14.89,15.015,28256,0
20120824,15.015,15.12,14.89,15.065,24597,0
20120827,14.95,15.395,14.93,15.305,26207,0
20120828,15.17,15.35,15.05,15.21,23863,0
20120829,15.12,15.27,15.12,15.27,8143,0
20120830,15.12,15.85,15.11,15.46,57131,0
20120831,15.37,15.5,15.085,15.195,32262,0
20120903,15.06,15.32,15.06,15.27,7135,0
20120904,15.225,15.27,15.06,15.1,13768,0
20120905,15.005,15.44,14.995,15.32,40913,0
20120906,15.24,15.65,15.24,15.52,39468,0
20120907,15.555,15.905,15.545,15.905,53644,0
20120910,15.81,16.55,15.8,16.55,37666,0
20120911,16.435,16.755,16.3,16.695,56050,0
20120912,16.6,17.1,16.545,16.85,45246,0
20120913,16.835,16.855,16.35,16.55,50357,0
20120914,16.665,16.75,16.375,16.42,26778,0
20120917,16.375,16.93,16.375,16.545,28179,0
20120918,16.47,16.995,16.415,16.85,48736,0
20120919,16.825,17.1,16.8,16.895,34203,0
20120920,16.72,16.895,16.5,16.605,30639,0
20120921,16.563,16.845,16.455,16.81,31116,0
20120924,16.66,16.85,15.82,16.255,61963,0
20120925,16.195,16.2,15.31,15.995,101607,0
20120926,15.705,16.4,15.665,16.38,61133,0
20120927,16.44,16.535,16.07,16.365,15119,0
20120928,16.365,16.635,16.32,16.635,43616,0
20121001,16.635,17.315,16.44,17.175,52830,0
20121002,16.94,17.2,16.88,16.945,25585,0
20121003,16.945,17,16.735,16.92,14787,0
20121004,16.92,17.15,16.78,17.12,15189,0
20121005,17.01,17.19,16.885,16.985,27905,0
20121008,16.75,17.095,16.735,16.95,15305,0
20121009,16.83,17.085,16.368,16.39,32637,0
20121010,16.18,16.71,16.18,16.68,16948,0
20121011,16.6,16.75,16.25,16.285,22668,0
20121012,16.095,16.425,16.095,16.345,22297,0
20121015,16.345,16.775,16.2,16.585,17317,0
20121016,16.35,16.89,16.35,16.7,28406,0
20121017,16.7,17,16.535,16.975,22260,0
20121018,16.99,17.1,16.81,17.06,41238,0
20121019,17.09,17.15,16.535,16.67,55776,0
20121022,16.515,16.72,16.415,16.415,20758,0
20121023,16.27,16.845,15.655,16.175,87612,0
20121024,16.105,16.25,15.86,15.95,40847,0
20121025,15.805,16.085,15.78,16.085,17253,0
20121026,15.945,16.14,15.545,16.07,26998,0
20121029,15.885,16.525,15.88,16.48,18358,0
20121030,16.29,16.585,16.29,16.46,24495,0
20121031,16.305,16.52,16.292,16.395,24811,0
20121101,16.23,16.405,16.23,16.31,14969,0
20121102,16.165,16.31,15.75,15.93,22360,0
20121105,15.805,15.945,15.29,15.39,40371,0
20121106,15.255,15.39,14.669,15.085,136157,0
20121107,14.94,16.22,14.94,15.29,63394,0
20121108,15.4,15.7,15.185,15.595,91530,0
20121109,15.495,15.965,15.475,15.765,69871,0
20121112,15.765,15.83,15.25,15.3,39843,0
20121113,15.3,15.54,15.195,15.475,32487,0
20121114,15.325,15.5,14.965,14.965,34597,0
20121115,14.741,14.975,14.625,14.75,54384,0
20121116,14.75,14.88,14.625,14.73,27685,0
20121119,14.897,15.265,14.69,15.2,42192,0
20121120,15,15.25,15,15.145,39487,0
20121121,15,15.425,15,15.425,85731,0
20121122,15.325,15.5,15.325,15.43,55692,0
20121123,15.285,16.205,15.25,16.06,70074,0
20121126,15.95,16.06,15.501,15.86,34668,0
20121127,15.755,16.155,15.755,15.98,29637,0
20121128,15.8,16.055,15.745,15.975,31613,0
20121129,15.885,16.39,15.885,16.17,75186,0
20121130,15.995,16.455,15.74,16.145,95392,0
20121203,16.145,16.325,15.825,15.895,40541,0
20121204,15.72,15.97,15.72,15.865,17022,0
20121205,15.755,16.275,15.755,15.985,79167,0
20121206,16,16.26,15.835,16.21,89592,0
20121207,16.065,16.4,15.91,16.16,103696,0
20121210,16.305,16.305,15.4,15.88,108750,0
20121211,15.88,16.165,15.66,15.73,68213,0
20121212,15.57,15.91,15.566,15.73,33196,0
20121213,15.55,15.77,15.255,15.4,40471,0
20121214,15.255,15.513,15.235,15.405,24252,0
20121217,15.33,15.775,15.314,15.62,31488,0
20121218,15.57,15.87,15.57,15.68,25802,0
20121219,15.675,16.15,15.675,16.04,50095,0
20121220,15.905,16.285,15.895,16.185,38089,0
20121221,16.015,16.205,15.605,16.205,52300,0
20121227,16.073,16.395,16.073,16.19,31048,0
20121228,16.095,16.27,15.955,16.12,27273,0
20130102,16.01,16.735,15.975,16.665,28641,0
20130103,16.555,16.775,16.365,16.71,34159,0
20130104,16.585,16.71,16.385,16.7,18619,0
20130107,16.58,16.7,16.035,16.325,37603,0
20130108,16.19,16.435,16.085,16.165,16115,0
20130109,16.01,16.49,16.01,16.42,53626,0
20130110,16.345,17,16.345,16.555,92818,0
20130111,16.525,17.648,16.52,17.45,88524,0
20130114,17.57,18.395,17.378,18.125,162163,0
20130115,18.02,18.22,17.55,17.74,42162,0
20130116,17.625,18.07,17.6,17.985,70940,0
20130117,17.985,18.55,17.865,18.345,101371,0
20130118,18.5,18.5,18.11,18.255,35622,0
20130121,18.155,18.4,18.075,18.23,46810,0
20130122,18.23,18.565,18.125,18.25,56223,0
20130123,18.135,18.273,18.05,18.205,28775,0
20130124,18.275,18.275,17.875,17.895,45169,0
20130125,17.865,18.31,17.82,18.092,31934,0
20130128,18.12,18.302,17.255,17.95,71990,0
20130129,17.985,18.07,17.83,17.942,33830,0
20130130,17.97,18,17.56,17.56,15984,0
20130131,17.555,17.755,17.21,17.528,45799,0
20130201,17.55,17.55,16.71,17.285,107337,0
20130204,17.2,17.69,17.099,17.099,46372,0
20130205,17.06,17.725,17.06,17.677,26284,0
20130206,17.895,18.26,17.58,17.63,54581,0
20130207,17.56,18.245,17.55,17.7,93515,0
20130208,17.68,18,17.68,17.854,15652,0
20130211,17.845,17.95,17.21,17.485,64903,0
20130212,17.275,17.47,17.06,17.2,31123,0
20130213,17.105,17.995,17.1,17.825,95624,0
20130214,17.77,17.92,17.58,17.92,46404,0
20130215,17.885,17.93,17.64,17.765,15502,0
20130218,17.725,17.88,17.41,17.55,21246,0
20130219,17.495,17.955,17.48,17.617,45913,0
20130220,17.615,17.825,17.615,17.645,13390,0
20130221,17.585,17.765,17.135,17.285,19226,0
20130222,17.33,17.495,17.28,17.495,30288,0
20130225,17.51,17.625,17.31,17.315,24254,0
20130226,16.96,17.345,16.925,17.135,52259,0
20130227,17.347,17.467,17.11,17.467,23179,0
20130228,17.335,17.345,17.13,17.27,32689,0
20130301,17.295,17.4,16.755,16.92,29758,0
20130304,16.815,17.015,16.55,16.6,30266,0
20130305,16.57,17.34,16.57,17.28,44965,0
20130306,17.25,17.625,17.25,17.5,38250,0
20130307,17.52,17.6,17.275,17.445,16308,0
20130308,17.415,17.83,17.41,17.49,45236,0
20130311,17.634,17.711,17.279,17.375,51333,0
20130312,17.33,17.521,16.76,17,51044,0
20130313,16.955,17.15,16.705,16.97,24744,0
20130314,16.87,17.07,16.68,17,33239,0
20130315,16.945,17.08,16.15,16.56,81907,0
20130318,16.38,16.69,16.36,16.69,57112,0
20130319,16.48,17.975,16.48,17.62,123680,0
20130320,17.57,18.175,17.475,17.539,57023,0
20130321,17.5,17.68,17.035,17.675,87159,0
20130322,17.575,18.1,17.485,17.854,82941,0
20130325,18,18.56,17.7,18.173,121876,0
20130326,18.09,18.415,17.72,17.72,95336,0
20130327,17.705,17.91,17.08,17.251,55778,0
20130328,17.22,17.995,17.14,17.56,90194,0
20130402,17.48,18.245,17.48,18.24,86695,0
20130403,18.095,18.1,17.7,17.765,17601,0
20130404,17.92,17.92,17.22,17.687,64520,0
20130405,17.76,17.765,17.125,17.27,80706,0
20130408,17.235,17.475,17.215,17.215,20181,0
20130409,17.205,17.405,16.755,16.795,36173,0
20130410,16.865,17.63,16.81,17.523,47943,0
20130411,17.315,18.175,17.31,18.175,55449,0
20130412,18.03,18.135,17.854,17.985,24438,0
20130415,17.899,17.985,17.24,17.36,47665,0
20130416,17.235,17.435,17,17.1,38529,0
20130417,17.085,17.29,16.555,16.7,74354,0
20130418,16.315,16.585,16.07,16.251,59551,0
20130419,16.27,16.4,15.41,16.05,146106,0
20130422,15.699,16.05,15.675,15.725,67221,0
20130423,15.69,16.345,15.65,16.289,91661,0
20130424,16.18,16.325,15.935,16.3,47786,0
20130425,16.262,16.285,15.965,16.15,47334,0
20130426,16.08,16.245,15.825,16.035,84628,0
20130429,15.995,16.575,15.995,16.485,38886,0
20130430,16.285,16.485,16.05,16.071,82973,0
20130502,15.975,16.335,15.94,16.326,53237,0
20130503,16.15,16.75,16.15,16.75,52464,0
20130506,16.715,16.979,16.56,16.693,26849,0
20130507,16.61,16.86,16.49,16.82,33087,0
20130508,17.2,17.825,16.835,17.715,87616,0
20130509,17.495,17.745,17.255,17.735,34883,0
20130510,17.71,18.05,17.51,17.805,51536,0
20130513,17.496,18.082,17.48,18.082,31072,0
20130514,17.62,17.96,17.62,17.79,61073,0
20130515,17.63,18.16,17.37,18,42091,0
20130516,17.745,18.52,17.74,18.39,68809,0
20130517,18.18,18.495,18.1,18.17,38146,0
20130520,18.215,18.335,17.94,18.32,7680,0
20130521,18.199,18.4,17.895,18.26,37276,0
20130522,18.205,18.365,17.94,17.94,34615,0
20130523,17.709,18.01,17.4,17.845,53264,0
20130524,17.86,18.11,17.775,17.775,40339,0
20130527,17.84,18,17.775,17.93,26160,0
20130528,17.9,18.31,17.89,18.175,69811,0
20130529,18.253,18.253,17.655,17.915,57713,0
20130530,18.055,18.055,17.739,17.82,16665,0
20130531,18,18,17.6,17.6,29214,0
20130603,17.695,17.695,17.2,17.435,64063,0
20130604,17.47,17.62,17.33,17.39,25238,0
20130605,17.135,17.475,17.13,17.215,62128,0
20130606,17.145,17.355,16.88,17.063,29428,0
20130607,16.94,17.27,16.84,17.13,46291,0
20130610,17.269,17.425,17.07,17.1,23345,0
20130611,17.02,17.135,16.51,16.572,95449,0
20130612,16.49,16.965,16.48,16.746,46720,0
20130613,16.425,16.625,16.25,16.415,36192,0
20130614,16.57,17,16.46,16.7,71408,0
20130617,16.585,16.99,16.585,16.99,29463,0
20130618,16.905,17.147,16.67,16.895,15475,0
20130619,16.735,16.92,16.47,16.65,38206,0
20130620,16.345,16.75,16.185,16.329,33015,0
20130621,16.175,16.44,16.075,16.315,40100,0
20130624,16.08,16.245,15.7,16.027,67521,0
20130625,15.8,16.11,15.7,15.823,30992,0
20130626,15.835,16.52,15.83,16.385,51461,0
20130627,16.395,16.76,16.325,16.45,41168,0
20130628,16.36,16.67,16.315,16.42,62032,0
20130701,16.29,16.615,16.25,16.555,27058,0
20130702,16.618,16.618,16.365,16.54,12308,0
20130703,16.43,16.595,16.323,16.55,17998,0
20130704,16.52,17.02,16.5,17.02,24319,0
20130705,16.845,16.99,16.205,16.275,24376,0
20130708,16.405,16.625,16.085,16.333,40576,0
20130709,16.385,17.825,16.37,17.287,129318,0
20130710,17.24,17.35,17.05,17.24,24160,0
20130711,17.48,17.495,17.25,17.255,83392,0
20130712,17.265,17.49,17.25,17.25,18062,0
20130715,17.24,17.325,16.86,16.975,55361,0
20130716,16.925,17.21,16.855,17.085,17632,0
20130717,17.055,17.3,16.67,16.82,25225,0
20130718,16.77,17.2,16.71,17.165,31386,0
20130719,17.016,17.215,17.016,17.153,13923,0
20130722,17.415,17.44,17.065,17.218,14880,0
20130723,17.27,17.43,17.23,17.43,8735,0
20130724,17.403,18.05,17.403,18.05,76404,0
20130725,17.924,18.05,17.86,17.98,22429,0
20130726,18.007,18.008,17.395,17.4,31038,0
20130729,17.451,17.67,17.33,17.4,5496,0
20130730,17.445,17.67,16.895,17,39995,0
20130731,17.145,17.145,15.845,16.126,204962,0
20130801,16.445,16.46,15.8,16.04,65096,0
20130802,15.971,16.215,15.855,16.215,31479,0
20130805,16.252,16.252,15.965,16.11,17553,0
20130806,16.215,16.25,15.925,16.25,31102,0
20130807,16.215,16.498,16.02,16.185,26511,0
20130808,15.79,16.05,15.58,16.015,129016,0
20130809,15.58,16.43,15.48,16.156,103098,0
20130812,16.115,16.295,15.29,15.7,76593,0
20130813,15.65,16.119,15.28,15.325,84243,0
20130814,15.36,15.577,15.33,15.577,54308,0
20130815,15.4,15.4,14.9,15.117,53034,0
20130816,14.97,15.21,14.37,14.755,229930,0
20130819,14.95,15.25,14.605,15.245,127467,0
20130820,15.06,15.24,14.91,15.155,47697,0
20130821,15.1,15.23,14.865,15.17,49731,0
20130822,15.1,16.015,15.02,15.64,61431,0
20130823,15.62,15.8,15.55,15.67,26151,0
20130826,15.7,15.975,15.635,15.89,31514,0
20130827,15.82,15.895,15.511,15.61,61258,0
20130828,15.51,15.9,15.21,15.67,60048,0
20130829,15.9,15.995,15.65,15.8,51596,0
20130830,15.735,15.87,15.486,15.8,19354,0
20130902,15.98,15.98,15.62,15.805,45790,0
20130903,15.935,15.935,15.756,15.83,12092,0
20130904,15.81,15.995,15.758,15.995,20632,0
20130905,15.995,15.995,15.76,15.839,30184,0
20130906,15.995,17.1,15.803,16.821,169551,0
20130909,16.67,16.814,16.48,16.48,27274,0
20130910,16.66,17.13,16.58,16.88,23602,0
20130911,16.8,17.03,16.8,16.99,35788,0
20130912,17.01,17.34,16.91,17.27,33287,0
20130913,17.21,17.5,17.15,17.42,34483,0
20130916,17.495,17.591,17.276,17.276,74799,0
20130917,17.495,17.495,17.091,17.25,29588,0
20130918,17.22,17.475,17.155,17.27,22006,0
20130919,17.3,17.57,16.663,16.8,63157,0
20130920,16.88,17.24,16.67,17.215,29658,0
20130923,17.145,17.22,16.71,16.72,22575,0
20130924,16.885,16.895,16.675,16.836,13623,0
20130925,16.88,17.073,16.785,16.8,16545,0
20130926,16.76,17.08,16.75,16.82,25335,0
20130927,16.87,17.065,16.77,16.95,23409,0
20130930,16.85,16.988,16.71,16.9,15046,0
20131001,16.805,16.945,16.7,16.76,29446,0
20131002,16.745,16.87,16.44,16.457,42200,0
20131003,16.4,16.725,15.8,15.8,66111,0
20131004,16.04,16.15,15.745,15.953,57529,0
20131007,15.75,15.96,15.67,15.96,62750,0
20131008,15.86,15.95,15.77,15.8,21069,0
20131009,16.81,17.04,15.9,16.98,475804,0
20131010,16.89,17.5,16.811,17.459,88910,0
20131011,17.49,17.7,17.04,17.387,91818,0
20131014,17.13,17.475,16.92,17.043,47522,0
20131015,17.1,17.66,17.025,17.473,65294,0
20131016,17.51,17.85,17.07,17.77,48405,0
20131017,17.63,17.65,17.375,17.65,36725,0
20131018,17.54,17.65,17.39,17.65,28212,0
20131021,17.65,17.79,17.4,17.75,49348,0
20131022,17.74,17.84,17.24,17.24,51621,0
20131023,17.2,17.25,16.252,16.72,93652,0
20131024,16.58,16.86,16.35,16.645,291465,0
20131025,16.685,16.84,16.4,16.825,81891,0
20131028,16.745,16.88,16.455,16.46,51945,0
20131029,16.56,16.79,16.44,16.79,19366,0
20131030,16.78,17,16.665,16.8,45569,0
20131031,16.875,16.885,16.51,16.8,38979,0
20131101,16.785,16.995,16.57,16.995,26160,0
20131104,17,17.235,16.94,17.025,63733,0
20131105,17.145,17.145,16.502,16.502,54684,0
20131106,16.675,16.7,15.74,16.05,178847,0
20131107,16.445,17.12,16.15,16.62,246232,0
20131108,16.66,17.3,16.42,17.22,111228,0
20131111,17.1,17.39,17,17.197,43988,0
20131112,17.405,17.57,17.305,17.349,63514,0
20131113,17.46,17.55,17.27,17.428,62917,0
20131114,17.6,17.66,17.264,17.52,30035,0
20131115,17.55,17.95,17.2,17.815,140586,0
20131118,17.85,17.995,17.69,17.75,48602,0
20131119,17.98,17.98,17.58,17.599,39389,0
20131120,17.675,17.78,17.5,17.65,19023,0
20131121,17.7,17.7,17.15,17.403,72188,0
20131122,17.395,17.525,17.2,17.52,56405,0
20131125,17.5,17.55,17.2,17.503,27929,0
20131126,17.405,17.73,17.305,17.73,63669,0
20131127,17.61,18.225,17.61,18.125,77636,0
20131128,18.19,18.37,18.025,18.3,35806,0
20131129,18.345,18.345,18.085,18.2,48075,0
20131202,18.365,18.365,18.08,18.275,14680,0
20131203,18.28,18.28,17.57,17.575,69928,0
20131204,17.7,17.75,17.35,17.435,21693,0
20131205,17.56,17.7,17.36,17.46,26636,0
20131206,17.65,17.73,17.425,17.73,21729,0
20131209,17.695,17.722,16.615,17.082,113861,0
20131210,16.865,17,16.455,16.827,67589,0
20131211,16.75,16.82,16.43,16.455,58722,0
20131212,16.495,16.545,16.09,16.21,57889,0
20131213,16.37,16.47,16.16,16.305,28943,0
20131216,16.395,16.88,16.28,16.615,40486,0
20131217,16.69,16.7,16.385,16.7,31220,0
20131218,16.78,17,16.665,16.815,43840,0
20131219,16.9,17.15,16.73,16.855,31069,0
20131220,16.9,16.9,16.43,16.575,151455,0
20131223,16.6,16.675,16.17,16.307,78759,0
20131227,16.375,16.545,16.26,16.38,46179,0
20131230,16.35,16.59,16.35,16.5,38619,0
20140102,16.6,16.93,16.445,16.805,54176,0
20140103,16.82,16.9,16.697,16.875,52617,0
20140106,16.82,16.99,16.51,16.65,24975,0
20140107,16.75,16.785,16.425,16.6,97804,0
20140108,16.65,16.7,16.525,16.68,38308,0
20140109,16.645,16.685,16.405,16.43,61230,0
20140110,16.41,16.82,16.37,16.79,78563,0
20140113,16.795,16.935,16.52,16.85,38121,0
20140114,16.795,16.84,16.53,16.76,45262,0
20140115,16.65,16.83,16.53,16.685,29399,0
20140116,16.64,16.845,16.515,16.59,27744,0
20140117,16.605,16.73,16.155,16.311,56281,0
20140120,16.405,16.645,16.245,16.515,59102,0
20140121,16.56,16.6,16.415,16.415,22828,0
20140122,16.46,16.69,16.02,16.209,58814,0
20140123,16.12,16.21,15.35,15.635,177155,0
20140124,15.495,15.689,14.725,15.003,172970,0
20140127,15.03,15.305,14.725,15.299,79157,0
20140128,15.23,15.3,14.72,15.299,147410,0
20140129,15.175,15.42,14.8,15.13,168457,0
20140130,15.08,15.25,15.005,15.19,21167,0
20140131,15.17,15.235,15.01,15.21,47794,0
20140203,15.045,15.395,15.045,15.117,37846,0
20140204,14.995,15.41,14.995,15.39,25145,0
20140205,15.165,15.35,14.85,14.941,35074,0
20140206,15.005,15.25,14.95,15.105,34211,0
20140207,14.925,15.13,14.925,15.036,29593,0
20140210,15.035,15.122,15,15.12,45533,0
20140211,15.15,15.84,15.05,15.515,63177,0
20140212,15.545,15.9,15.415,15.73,79889,0
20140213,15.56,15.75,15.4,15.75,29218,0
20140214,15.796,15.811,15.335,15.53,57585,0
20140217,15.52,15.75,15.33,15.75,40143,0
20140218,15.725,15.75,14.446,15.523,41220,0
20140219,15.05,15.33,13.665,14.2,910698,0
20140220,14.215,14.28,13.755,13.97,191853,0
20140221,13.93,14.13,13.705,13.931,105492,0
20140224,13.83,14.07,13.825,14.035,61100,0
20140225,14.146,14.15,13.97,14.01,47882,0
20140226,13.949,14.35,13.945,14.245,98936,0
20140227,14.185,14.3,13.9,13.991,77263,0
20140228,13.98,14.569,13.883,14.3,79052,0
20140303,14.4,14.4,13.816,13.816,98933,0
20140304,13.885,14.13,13.885,13.985,55109,0
20140305,13.92,14.03,13.765,13.933,50310,0
20140306,13.811,13.94,13.35,13.51,104099,0
20140307,13.645,13.645,13.43,13.495,89491,0
20140310,13.44,13.618,12.76,13.15,169493,0
20140311,13.11,13.2,12.925,13.137,64528,0
20140312,12.895,13.015,12.5,12.72,63181,0
20140313,12.475,13.05,12.2,12.44,63966,0
20140314,12.3,12.665,12.224,12.51,58100,0
20140317,12.37,12.765,12.37,12.44,42319,0
20140318,12.794,12.794,12.35,12.52,55199,0
20140319,12.732,13.005,12.52,12.795,46336,0
20140320,12.924,12.93,12.54,12.717,35434,0
20140321,12.645,13.045,12.635,12.925,62858,0
20140324,12.76,13.01,12.355,12.54,80998,0
20140325,12.4,12.925,12.4,12.85,67463,0
20140326,12.796,13.115,12.765,12.985,36714,0
20140327,12.964,13.2,12.855,12.865,61171,0
20140328,13.09,13.139,12.86,13,51919,0
20140331,13.03,13.377,13.025,13.377,55812,0
20140401,13.393,13.9,13.2,13.855,57080,0
20140402,13.64,14.025,13.525,13.535,48302,0
20140403,13.52,13.665,13.05,13.435,82445,0
20140404,13.405,13.665,13.399,13.46,32218,0
20140407,13.365,13.57,13.12,13.122,53441,0
20140408,12.99,13.24,12.773,12.773,77908,0
20140409,12.76,13.055,12.76,12.87,41335,0
20140410,12.87,13.225,12.775,12.9,57685,0
20140411,12.71,12.92,12.62,12.785,27603,0
20140414,12.73,12.93,12.625,12.705,20615,0
20140415,12.685,13.77,12.685,13.355,85586,0
20140416,13.545,13.69,13.445,13.515,27009,0
20140417,13.54,13.85,13.44,13.51,38865,0
20140422,13.679,14,13.52,13.875,49446,0
20140423,13.808,14.003,13.808,13.865,50600,0
20140424,13.905,14,13.49,13.675,31660,0
20140425,13.617,13.86,13.455,13.625,28939,0
20140428,13.64,13.84,13.56,13.56,10127,0
20140429,13.8,14.395,13.8,14.34,99445,0
20140430,14.105,14.195,13.865,13.96,36213,0
20140502,13.96,14.2,13.905,13.94,51730,0
20140505,13.935,14.12,13.82,13.82,49313,0
20140506,13.855,14.075,13.75,13.75,17088,0
20140507,13.69,13.89,13.535,13.68,35867,0
20140508,13.814,14.595,13.62,14.397,125644,0
20140509,14.578,14.6,14.25,14.5,32368,0
20140512,14.619,14.619,14.395,14.475,16260,0
20140513,14.475,14.59,14.3,14.45,24561,0
20140514,14.465,14.85,14.455,14.62,32048,0
20140515,14.57,14.71,14.445,14.475,54968,0
20140516,14.62,14.7,14.041,14.185,22199,0
20140519,14.175,14.39,14.007,14.3,17018,0
20140520,14.06,14.31,14,14.08,16930,0
20140521,13.955,14.315,13.83,13.845,15045,0
20140522,14.045,14.2,13.884,14.04,28337,0
20140523,14.04,14.19,14.03,14.06,7582,0
20140526,14.085,14.205,13.97,14.05,19634,0
20140527,14.05,14.485,14.047,14.305,45551,0
20140528,14.265,14.495,14.1,14.355,46574,0
20140529,14.355,14.5,14.235,14.235,9838,0
20140530,14.185,14.55,14.165,14.41,39428,0
20140602,14.39,14.59,14.13,14.225,55487,0
20140603,14.235,14.59,14.2,14.22,12732,0
20140604,14.195,14.27,13.96,14.13,19874,0
20140605,14.135,14.285,14.05,14.165,33351,0
20140606,14.24,14.68,14.235,14.495,72960,0
20140609,14.465,14.7,14.458,14.555,9449,0
20140610,14.53,14.6,14.34,14.39,48103,0
20140611,14.385,14.57,14.03,14.165,38222,0
20140612,14.035,14.28,13.985,14.01,26676,0
20140613,14.02,14.175,13.665,13.855,55849,0
20140616,13.72,13.92,13.72,13.79,12116,0
20140617,13.815,13.85,13.12,13.655,92230,0
20140618,13.655,13.79,13.35,13.685,66008,0
20140619,13.815,14.035,13.685,13.869,26453,0
20140620,13.84,14.03,13.8,13.8,23752,0
20140623,13.795,13.965,13.6,13.71,31576,0
20140624,13.655,14.085,13.655,13.72,42295,0
20140625,13.62,13.9,13.62,13.85,6691,0
20140626,13.88,14.075,13.77,13.78,16444,0
20140627,13.805,14.1,13.705,13.85,41262,0
20140630,13.88,14.05,13.82,14.005,30383,0
20140701,13.95,14.1,13.93,14.07,11297,0
20140702,14.07,14.31,14.065,14.24,22085,0
20140703,14.235,14.34,14.18,14.21,16175,0
20140704,14.205,14.35,14.095,14.095,16455,0
20140707,14.284,14.35,14.09,14.345,11142,0
20140708,14.325,14.33,13.735,13.747,30433,0
20140709,13.745,14.21,13.742,14.085,22129,0
20140710,14.03,14.2,13.7,14,21847,0
20140711,14.05,14.065,13.73,13.79,16012,0
20140714,13.84,14.2,13.785,13.97,10941,0
20140715,13.95,14.145,13.83,13.955,21542,0
20140716,13.783,14.46,13.72,14.36,46584,0
20140717,14.335,15.175,14.09,14.737,141031,0
20140718,14.605,14.84,14.125,14.485,66760,0
20140721,14.505,14.7,14.175,14.32,16836,0
20140722,14.44,14.54,14.135,14.445,16674,0
20140723,14.39,14.668,14.364,14.52,13805,0
20140724,14.515,14.595,14.19,14.435,17584,0
20140725,14.405,14.595,14.24,14.365,10869,0
20140728,14.295,14.53,14.172,14.225,25684,0
20140729,14.285,14.57,14.25,14.435,35924,0
20140730,14.423,14.84,14.42,14.84,24327,0
20140731,14.71,14.85,14.355,14.375,66356,0
20140801,14.38,14.68,13.815,14.065,50214,0
20140804,14.3,14.335,13.715,13.75,31738,0
20140805,13.795,14.195,13.69,13.69,23311,0
20140806,13.75,14.25,13.555,14.05,106805,0
20140807,13.945,14.06,13.725,13.725,46595,0
20140808,13.623,13.98,13.61,13.935,36932,0
20140811,14.1,14.635,14,14.43,37441,0
20140812,14.4,14.66,14.245,14.265,25997,0
20140813,14.4,14.6,14.27,14.465,24963,0
20140814,14.48,14.6,14.3,14.57,12902,0
20140815,14.58,14.93,14.44,14.64,62088,0
20140818,14.62,14.701,14.53,14.535,29223,0
20140819,14.375,14.64,14.115,14.159,74028,0
20140820,14.205,14.355,13.96,14.12,9480,0
20140821,14.195,14.32,13.94,14.265,13056,0
20140822,14.17,14.57,14.05,14.375,47931,0
20140825,14.44,14.57,14.225,14.3,3864,0
20140826,14.025,14.525,14.025,14.395,22983,0
20140827,14.225,15.035,14.225,15.035,75574,0
20140828,14.64,14.89,14.44,14.495,23808,0
20140829,14.46,14.75,14.4,14.615,53026,0
20140901,14.43,14.8,14.425,14.518,8577,0
20140902,14.25,14.825,14.25,14.685,14491,0
20140903,14.512,14.81,14.512,14.72,14537,0
20140904,14.5,14.83,14.49,14.705,19729,0
20140905,14.846,14.846,14.42,14.57,15813,0
20140908,14.38,14.66,14.365,14.435,25910,0
20140909,14.41,14.498,14.07,14.2,31434,0
20140910,13.98,14.56,13.941,14.445,33149,0
20140911,14.275,14.47,14.275,14.405,9356,0
20140912,14.215,14.45,14.11,14.215,17999,0
20140915,13.88,14.7,13.88,14.43,29709,0
20140916,14.2,14.695,14.19,14.575,21134,0
20140917,14.48,14.765,14.445,14.615,8790,0
20140918,14.48,14.78,14.445,14.465,6545,0
20140919,14.315,14.7,14.145,14.17,28967,0
20140922,13.805,14.455,13.805,14.235,14478,0
20140923,14.035,14.41,14.035,14.11,2967,0
20140924,13.88,14.21,13.88,13.95,8778,0
20140925,13.77,14.13,13.77,13.9,10992,0
20140926,13.83,14.07,13.824,13.92,6534,0
20140929,13.93,14.07,13.79,13.79,20795,0
20140930,13.77,14.035,13.355,13.625,67092,0
20141001,13.66,13.85,13.03,13.12,74852,0
20141002,13.005,13.36,12.677,12.901,63085,0
20141006,13.015,13.13,12.55,12.84,49389,0
20141007,12.645,12.936,12.617,12.617,40245,0
20141008,12.505,12.74,12.388,12.49,41783,0
20141009,12.595,12.595,11.805,11.805,53953,0
20141010,11.735,11.955,11.035,11.415,130390,0
20141013,11.235,11.585,10.85,10.99,111254,0
20141014,10.9,11.35,10.758,10.951,75101,0
20141015,10.93,11.185,10.47,10.69,90559,0
20141016,10.56,11.22,10.56,11.08,117151,0
20141017,11.05,11.48,10.895,11.012,84811,0
20141020,10.995,11.16,10.7,10.857,78667,0
20141021,11,11.49,10.865,11.211,150200,0
20141022,11.165,11.36,10.965,11.034,112431,0
20141023,11.01,11.33,10.845,11.146,77102,0
20141024,11.209,11.209,11,11.005,51859,0
20141027,11.07,11.145,10.875,11.009,40744,0
20141028,11.07,11.2,10.91,11.021,75900,0
20141029,11.24,11.577,11.01,11.414,97848,0
20141030,11.43,11.722,11.14,11.257,53106,0
20141031,11.498,11.499,10.76,10.958,237288,0
20141103,10.88,11.1,10.845,10.879,74049,0
20141104,10.82,11.06,10.435,10.504,162583,0
20141105,10.57,10.765,10.275,10.38,138143,0
20141106,10.335,10.73,10.255,10.654,172732,0
20141107,10.55,10.814,10.42,10.591,96461,0
20141110,10.595,10.97,10.55,10.79,47203,0
20141111,10.805,11.015,10.61,10.652,68138,0
20141112,10.645,10.78,10.44,10.526,70498,0
20141113,10.615,10.755,10.412,10.473,48492,0
20141114,10.45,10.675,10.324,10.324,88345,0
20141117,10.24,10.62,10.24,10.545,99793,0
20141118,10.55,10.728,10.542,10.625,65134,0
20141119,10.595,10.66,10.51,10.561,78356,0
20141120,10.755,10.755,10.523,10.54,38950,0
20141121,10.5,10.81,10.5,10.795,126214,0
20141124,10.795,11.005,10.67,10.841,93291,0
20141125,10.725,10.925,10.65,10.684,70733,0
20141126,10.73,10.85,10.6,10.624,46572,0
20141127,10.685,10.884,10.66,10.721,40253,0
20141128,10.75,11.2,10.74,11,77556,0
20141201,11.075,11.45,10.965,11.389,91297,0
20141202,11.45,12.215,11.35,11.941,144717,0
20141203,11.91,12.755,11.91,12.54,158410,0
20141204,12.809,12.81,12.02,12.066,153966,0
20141205,12.03,12.21,11.615,11.993,133549,0
20141208,12.01,12.315,11.834,11.962,86408,0
20141209,11.99,11.99,11.415,11.505,60351,0
20141210,11.48,11.71,10.97,11.035,116686,0
20141211,11.1,11.527,10.96,11.252,49736,0
20141212,11.191,11.435,10.877,10.879,54175,0
20141215,10.79,11.195,10.7,10.733,82170,0
20141216,10.675,10.98,10.495,10.74,94921,0
20141217,10.605,11.04,10.455,11.04,48232,0
20141218,10.985,11.395,10.97,11.33,31696,0
20141219,11.37,11.57,11.35,11.443,124315,0
20141222,11.4,11.68,11.39,11.497,43289,0
20141223,11.525,11.75,11.502,11.64,43163,0
20141229,11.62,11.94,11.585,11.839,67149,0
20141230,11.76,11.96,11.719,11.96,21192,0
20150102,11.845,12,11.695,11.773,39274,0
20150105,11.755,11.89,11.34,11.384,86273,0
20150106,11.43,11.8,11.37,11.523,68221,0
20150107,11.46,11.66,11.255,11.343,52394,0
20150108,11.385,11.63,11.305,11.516,70844,0
20150109,11.445,11.695,11.25,11.356,62370,0
20150112,11.295,11.6,11.255,11.267,42373,0
20150113,11.24,11.9,11.24,11.652,87877,0
20150114,11.505,11.98,11.505,11.86,60919,0
20150115,11.87,12.33,11.8,12.058,87627,0
20150116,11.87,12.475,11.855,12.263,53509,0
20150119,12.38,12.445,11.874,11.95,68502,0
20150120,11.955,12.28,11.945,12.006,68054,0
20150121,11.975,12.14,11.44,11.696,76831,0
20150122,11.75,11.78,11.381,11.61,55506,0
20150123,11.38,11.59,10.885,11.069,219483,0
20150126,10.96,11.155,10.785,10.91,157060,0
20150127,10.89,11.03,10.58,10.85,109839,0
20150128,10.68,10.89,10.38,10.541,117515,0
20150129,10.59,10.78,10.4,10.657,100233,0
20150130,10.66,10.98,10.64,10.879,101853,0
20150202,10.775,10.985,10.52,10.603,62508,0
20150203,10.94,12.1,10.825,11.91,457806,0
20150204,12.07,12.499,11.73,12.084,132837,0
20150205,12.005,12.27,12,12.139,99127,0
20150206,12.05,12.27,11.91,12.019,96957,0
20150209,11.88,12.14,11.775,11.8,129777,0
20150210,11.74,12.183,11.74,12.001,79369,0
20150211,11.88,12.195,11.851,11.9,39015,0
20150212,11.87,12.15,11.844,12.127,69956,0
20150213,12.031,12.385,12.01,12.214,108885,0
20150216,12.31,12.945,12.26,12.675,100749,0
20150217,12.59,12.799,12.135,12.415,71324,0
20150218,12.24,12.565,12.235,12.33,72013,0
20150219,12.747,12.995,12.505,12.77,76046,0
20150220,12.65,13.07,12.545,12.849,157176,0
20150223,13.11,13.422,13.06,13.321,124163,0
20150224,13.2,13.58,13.135,13.419,88197,0
20150225,13.435,13.485,13.115,13.12,67545,0
20150226,13.195,13.42,13.028,13.046,47057,0
20150227,13.255,13.495,13.245,13.25,70152,0
20150302,13.37,13.775,13.252,13.277,107458,0
20150303,13.445,13.78,13.215,13.237,83941,0
20150304,13.275,13.49,12.88,13.1,80582,0
20150305,13.14,13.745,13.14,13.344,62720,0
20150306,13.52,13.792,13.42,13.58,64860,0
20150309,13.645,13.995,13.645,13.75,82568,0
20150310,13.905,14.129,13.449,13.455,86325,0
20150311,13.365,14.106,13.365,13.726,73687,0
20150312,13.815,14,13.519,13.525,86819,0
20150313,13.675,13.925,13.62,13.62,64373,0
20150316,13.72,13.85,13.488,13.502,76842,0
20150317,13.66,13.82,13.093,13.274,119677,0
20150318,13.305,13.4,12.55,12.963,189792,0
20150319,13.135,13.255,12.26,12.3,154797,0
20150320,12.32,12.6,12.01,12.04,510041,0
20150323,12.25,12.415,12,12.31,142850,0
20150324,12.175,12.526,12.172,12.194,73790,0
20150325,12.28,12.527,12.1,12.221,95404,0
20150326,12.34,12.34,11.82,11.914,166349,0
20150327,12.01,12.33,11.16,11.3,405372,0
20150330,11.365,11.915,11.365,11.638,198798,0
20150331,11.635,11.95,11.531,11.533,72683,0
20150401,11.605,11.855,11.6,11.7,67693,0
20150402,11.66,11.86,11.618,11.622,61188,0
20150407,11.855,12.17,11.855,12.16,60858,0
20150408,12.19,12.345,12.03,12.135,69903,0
20150409,12.14,12.14,11.895,11.895,108737,0
20150410,11.88,12.14,11.86,11.905,99602,0
20150413,12.04,12.18,11.9,11.95,58347,0
20150414,11.905,12.11,11.905,11.99,62049,0
20150415,12.1,12.1,12,12,49860,0
20150416,12.12,12.255,11.83,11.84,135116,0
20150417,11.81,11.83,11.25,11.305,134417,0
20150420,11.36,11.48,11.215,11.24,100698,0
20150421,11.3,11.465,11.09,11.4,77754,0
20150422,11.435,11.435,11.12,11.17,50260,0
20150423,11.17,11.17,10.9,11.09,72315,0
20150424,11.01,11.41,10.95,11.39,63272,0
20150427,11.45,11.535,11.25,11.465,79092,0
20150428,11.5,11.56,11.38,11.455,49910,0
20150429,11.56,11.56,11.05,11.05,102843,0
20150430,11.1,11.3,11.07,11.07,63533,0
20150504,11.275,11.435,11.1,11.225,37759,0
20150505,11.3,11.385,11.035,11.205,41621,0
20150506,11.25,11.355,11.125,11.355,50344,0
20150507,11.295,11.295,11,11.24,70253,0
20150508,11.2,11.46,11.1,11.275,66801,0
20150511,11.2,11.365,11.1,11.2,61263,0
20150512,10.905,11.18,10.9,11.01,110953,0
20150513,11.1,11.17,10.905,11.005,79334,0
20150514,10.95,11.21,10.94,11.15,48297,0
20150515,11.22,11.22,10.93,10.99,40510,0
20150518,11,11.08,10.95,10.95,39076,0
20150519,11.17,11.18,11,11.005,25503,0
20150520,11.12,11.16,11.01,11.04,16893,0
20150521,11.085,11.085,10.915,10.99,53690,0
20150522,11.05,11.05,10.81,10.82,92075,0
20150526,10.95,10.95,10.505,10.585,97445,0
20150527,10.59,10.685,10.505,10.56,47169,0
20150528,10.635,10.675,10.19,10.35,124378,0
20150529,10.435,10.435,10.275,10.35,98862,0
20150601,10.5,10.61,10.405,10.515,66846,0
20150602,10.5,10.595,10.37,10.57,41447,0
20150603,10.6,10.62,10.39,10.39,30218,0
20150604,10.39,10.56,10.33,10.41,50913,0
20150605,10.32,10.415,10.29,10.29,48351,0
20150608,10.38,10.42,9.881,9.885,105655,0
20150609,9.927,10.01,9.562,9.749,168471,0
20150610,9.64,9.757,9.361,9.661,213975,0
20150611,9.9,9.939,9.643,9.688,136142,0
20150612,9.776,9.776,8.92,9.052,144685,0
20150615,9.1,9.1,8.81,8.972,184877,0
20150616,8.9,9.4,8.64,9.35,144447,0
20150617,9.38,9.501,9.175,9.277,129171,0
20150618,9.2,10.045,9.139,9.912,223586,0
20150619,10.05,10.095,9.688,9.839,95027,0
20150622,9.95,10.01,9.685,9.977,51462,0
20150623,10.1,10.1,9.648,9.688,75387,0
20150624,9.79,9.79,9.505,9.565,76673,0
20150625,9.501,9.547,9.23,9.283,115200,0
20150626,9.286,9.36,9.175,9.333,127306,0
20150629,9,9.351,8.964,9.285,142440,0
20150630,9.3,9.397,9,9,142827,0
20150701,9.09,9.406,9.068,9.344,138252,0
20150702,9.532,9.532,9.222,9.222,69016,0
20150703,9.301,9.324,9.146,9.2,45105,0
20150706,9.11,9.168,9,9.096,95429,0
20150707,9.14,9.14,8.856,8.951,96473,0
20150708,9.024,9.05,8.85,8.9,24214,0
20150709,8.9,8.953,8.742,8.927,47394,0
20150710,8.921,9.067,8.914,9.031,51073,0
20150713,9.151,9.247,9.031,9.2,85085,0
20150714,9.202,9.408,9.151,9.252,94403,0
20150715,9.371,9.371,9.173,9.25,34045,0
20150716,9.395,9.68,9.218,9.577,90553,0
20150717,9.659,9.659,9.481,9.549,47291,0
20150720,9.56,9.679,9.486,9.679,87930,0
20150721,9.68,9.691,9.31,9.444,37737,0
20150722,9.5,9.5,9.313,9.4,56219,0
20150723,9.5,9.598,9.444,9.5,39799,0
20150724,9.49,9.791,9.42,9.55,72782,0
20150727,9.568,9.645,9.272,9.464,96061,0
20150728,9.403,9.404,8.91,9.018,103909,0
20150729,9.079,9.26,8.985,9.166,51806,0
20150730,9.16,9.246,9.068,9.2,21484,0
20150731,9.347,9.369,8.99,9.099,58148,0
20150803,9.12,9.158,8.9,9.093,48967,0
20150804,9.123,9.123,8.959,9,78993,0
20150805,9,9.05,8.845,8.938,181348,0
20150806,8.998,9,8.801,8.946,67208,0
20150807,8.985,8.985,8.81,8.85,66033,0
20150810,8.82,8.93,8.75,8.895,79107,0
20150811,9,9.332,9,9.18,277565,0
20150812,9.11,9.321,9.106,9.106,205812,0
20150813,9.167,9.25,8.919,9.12,128592,0
20150814,9.274,9.55,9.197,9.454,97115,0
20150817,9.5,9.7,9.409,9.65,59423,0
20150818,9.66,9.776,9.186,9.26,119319,0
20150819,9.29,9.29,8.872,8.957,113989,0
20150820,8.92,8.97,8.468,8.527,145928,0
20150821,8.3,8.32,7.844,7.902,327014,0
20150824,7.65,7.65,6.651,6.97,607017,0
20150825,7.31,7.42,7.17,7.282,159796,0
20150826,7.288,7.326,6.977,7.13,146515,0
20150827,7.43,7.779,7.281,7.74,142563,0
20150828,8,8.03,7.56,7.758,109903,0
20150831,7.687,7.909,7.469,7.8,114965,0
20150901,7.8,7.815,7.412,7.595,166187,0
20150902,7.5,7.7,7.454,7.665,50384,0
20150903,7.76,7.76,7.612,7.626,49540,0
20150904,7.532,7.589,7.5,7.501,67993,0
20150907,7.64,7.65,7.253,7.325,72345,0
20150908,7.365,7.52,7.35,7.5,64571,0
20150909,7.6,7.795,7.45,7.456,66436,0
20150910,7.456,7.456,7.31,7.339,57305,0
20150911,7.382,7.382,6.93,6.93,153182,0
20150914,7,7,6.663,6.744,150662,0
20150915,6.827,6.827,6.388,6.43,233681,0
20150916,6.495,6.51,6.25,6.389,189145,0
20150917,6.36,6.564,6.3,6.35,122332,0
20150918,6.37,6.4,6.203,6.28,164644,0
20150921,6.02,6.04,4.923,5.043,1610778,0
20150922,5.086,5.229,4.8,4.819,552656,0
20150923,4.86,5.242,4.82,5.125,472269,0
20150924,5.169,5.169,4.905,5.07,243901,0
20150925,5.14,5.3,5.14,5.285,202212,0
20150928,5.355,5.355,5.15,5.15,133283,0
20150929,5.15,5.241,5,5.04,189982,0
20150930,5.098,5.098,4.95,4.989,269990,0
20151001,5.019,5.035,4.891,4.97,129966,0
20151002,4.99,4.99,4.712,4.886,211167,0
20151005,4.949,5.581,4.896,5.415,399458,0
20151006,5.366,6.008,5.21,5.914,320654,0
20151007,5.898,5.936,5.637,5.829,155438,0
20151008,5.83,6.74,5.83,6.335,422526,0
20151009,6.35,6.434,6.282,6.35,169451,0
20151012,6.448,6.543,6.18,6.248,179216,0
20151013,6.318,6.318,5.9,5.9,87724,0
20151014,5.8,6.288,5.8,6.192,136504,0
20151015,6.199,6.199,6.01,6.017,26405,0
20151016,6.158,6.158,5.934,5.969,58711,0
20151019,6.06,6.291,5.979,6.291,105471,0
20151020,6.3,6.339,6.052,6.156,68045,0
20151021,6.21,6.298,6.091,6.208,61944,0
20151022,6.3,6.33,6.165,6.3,166080,0
20151023,6.5,6.551,6.324,6.45,194225,0
20151026,6.5,6.55,6.183,6.235,194020,0
20151027,6.17,6.308,6.02,6.07,139019,0
20151028,6.201,6.201,6.05,6.15,129157,0
20151029,6.25,6.25,6.059,6.184,75965,0
20151030,6.19,6.213,6,6.035,80793,0
20151102,6.021,6.234,6.021,6.186,223006,0
20151103,6.3,6.3,6.109,6.173,162975,0
20151104,6.19,6.3,6.153,6.275,165244,0
20151105,6.3,6.3,6.15,6.158,150438,0
20151106,6.31,6.31,6.1,6.224,97589,0
20151109,6.166,6.26,6.02,6.108,223908,0
20151110,6.12,6.151,5.388,5.44,561335,0
20151111,5.41,5.421,5.01,5.119,405007,0
20151112,5.119,5.186,4.78,4.829,399313,0
20151113,4.86,5.063,4.67,4.72,338977,0
20151116,4.7,4.7,4.2,4.29,674230,0
20151117,4.33,4.359,4.09,4.163,506458,0
20151118,4.15,4.15,3.904,4.089,750566,0
20151119,4.151,4.767,4.151,4.482,565977,0
20151120,4.65,4.7,4.401,4.414,396297,0
20151123,4.415,4.436,4.325,4.325,184289,0
20151124,4.379,4.379,4.136,4.18,217077,0
20151125,4.262,4.266,4.12,4.165,330747,0
20151126,4.2,4.333,4.2,4.26,485008,0
20151127,4.293,4.293,4.2,4.257,222391,0
20151130,4.309,4.309,4.13,4.13,781845,0
20151201,4.13,4.563,4.127,4.559,494093,0
20151202,4.613,4.693,4.229,4.313,457983,0
20151203,4.39,4.416,4.162,4.2,330457,0
20151204,4.248,4.248,4.1,4.194,281172,0
20151207,4.263,4.285,4.05,4.128,283145,0
20151208,4.155,4.155,3.936,3.999,410633,0
20151209,3.99,3.99,3.72,3.83,571748,0
20151210,3.845,3.99,3.55,3.614,584367,0
20151211,3.67,3.718,3.488,3.58,250091,0
20151214,3.65,3.748,3.57,3.598,160908,0
20151215,3.65,3.689,3.52,3.559,254236,0
20151216,3.585,3.585,3.25,3.28,724190,0
20151217,3.33,3.571,3.31,3.508,457441,0
20151218,3.573,3.573,3.42,3.528,258747,0
20151221,3.649,3.985,3.611,3.95,495005,0
20151222,4.1,4.6,4.1,4.56,1075988,0
20151223,4.601,4.945,4.57,4.758,926008,0
20151228,4.75,5.02,4.75,4.87,420106,0
20151229,4.95,5.335,4.92,5.303,546329,0
20151230,5.4,5.48,5.122,5.21,284536,0
20160104,4.98,5.111,4.571,5.09,643912,0
20160105,5.21,5.22,4.9,5.057,196817,0
20160106,5.057,5.061,4.748,4.88,247083,0
20160107,4.68,4.72,4.54,4.659,285427,0
20160108,4.9,5.025,4.805,4.805,332834,0
20160111,4.9,5.189,4.796,5.053,659097,0
20160112,5.05,5.149,4.975,5.022,200456,0
20160113,4.985,5.1,4.865,4.95,98182,0
20160114,4.867,4.867,4.664,4.724,170034,0
20160115,4.735,4.735,4.3,4.35,221877,0
20160118,4.364,4.39,3.982,4.14,285950,0
20160119,4.25,4.43,4.25,4.3,125580,0
20160120,4.23,4.23,4.002,4.065,122598,0
20160121,4.085,4.451,4.069,4.381,204078,0
20160122,4.49,4.782,4.49,4.624,218801,0
20160125,4.626,4.626,4.28,4.339,145382,0
20160126,4.29,4.571,4.16,4.57,199408,0
20160127,4.598,4.598,4.45,4.525,81944,0
20160128,4.5,4.537,4.392,4.49,83266,0
20160129,4.5,4.543,4.367,4.456,57110,0
20160201,4.424,4.45,4.23,4.312,86601,0
20160202,4.3,4.3,4.015,4.13,143690,0
20160203,4.05,4.139,3.906,3.994,148957,0
20160204,4.044,4.115,3.968,4.064,130920,0
20160205,4.144,4.144,3.967,3.967,81386,0
20160208,4.027,4.027,3.615,3.662,259742,0
20160209,3.7,3.762,3.652,3.652,71174,0
20160210,3.65,4.38,3.625,4.209,302065,0
20160211,4.109,4.145,3.83,3.869,167484,0
20160212,3.912,4.059,3.851,3.933,148865,0
20160215,4.05,4.215,4.038,4.103,151407,0
20160216,4.113,4.2,4,4.086,75967,0
20160217,4.116,4.42,4.09,4.312,349714,0
20160218,4.4,4.648,4.25,4.38,224328,0
20160219,4.443,4.443,4.23,4.34,76501,0
20160222,4.255,4.445,4.255,4.399,81826,0
20160223,4.61,4.684,4.366,4.409,255406,0
20160224,4.329,4.359,4.2,4.309,135012,0
20160225,4.344,4.393,4.21,4.245,81272,0
20160226,4.257,4.34,4.201,4.245,41762,0
20160229,4.248,4.25,4.137,4.212,56607,0
20160301,4.262,4.329,4.071,4.1,218287,0
20160302,4.127,4.349,4.127,4.317,97736,0
20160303,4.35,4.439,4.311,4.35,164118,0
20160304,4.35,4.87,4.35,4.87,428604,0
20160307,4.87,4.87,4.691,4.8,198899,0
20160308,4.84,4.85,4.651,4.745,116559,0
20160309,4.739,4.75,4.65,4.74,98848,0
20160310,4.766,4.883,4.53,4.533,134816,0
20160311,4.62,4.903,4.62,4.831,105333,0
20160314,4.752,4.85,4.689,4.754,174048,0
20160315,4.753,4.753,4.476,4.69,148336,0
20160316,4.753,4.898,4.67,4.82,165026,0
20160317,4.9,5.035,4.631,4.776,285807,0
20160318,4.791,4.855,4.724,4.81,116194,0
20160321,4.75,4.86,4.729,4.803,92926,0
20160322,4.833,4.833,4.694,4.774,60890,0
20160323,4.77,4.8,4.521,4.584,103791,0
20160324,4.54,4.54,4.207,4.45,454581,0
20160329,4.47,4.47,4.131,4.205,143837,0
20160330,4.152,4.446,4.126,4.4,189993,0
20160331,4.39,4.4,4.304,4.313,37347,0
20160401,4.334,4.392,4.262,4.295,87530,0
20160404,4.392,4.392,4.201,4.229,37502,0
20160405,4.206,4.206,4.016,4.166,188414,0
20160406,4.18,4.248,4.105,4.2,64398,0
20160407,4.25,4.306,4.02,4.053,119485,0
20160408,4.05,4.261,4.05,4.247,76961,0
20160411,4.277,4.4,4.25,4.37,88185,0
20160412,4.344,4.542,4.339,4.428,49675,0
20160413,4.471,4.52,4.396,4.443,77165,0
20160414,4.47,4.472,4.365,4.416,62764,0
20160415,4.4,4.4,4.353,4.378,18079,0
20160418,4.35,4.416,4.271,4.351,46465,0
20160419,4.35,4.43,4.315,4.315,74178,0
20160420,4.315,4.477,4.283,4.477,78163,0
20160421,4.431,4.57,4.383,4.383,88237,0
20160422,4.363,4.395,4.276,4.363,32381,0
20160425,4.276,4.351,4.276,4.339,11333,0
20160426,4.377,4.5,4.362,4.392,53890,0
20160427,4.416,4.458,4.391,4.42,36755,0
20160428,4.437,4.5,4.37,4.5,126670,0
20160429,4.415,4.545,4.399,4.451,42104,0
20160502,4.389,4.45,4.389,4.398,16295,0
20160503,4.4,4.4,4.22,4.238,42428,0
20160504,4.292,4.292,4.113,4.113,36357,0
20160505,4.1,4.151,4.1,4.102,21902,0
20160506,4.172,4.231,4.172,4.175,8569,0
20160509,4.205,4.4,4.201,4.275,35409,0
20160510,4.326,4.43,4.25,4.25,31010,0
20160511,4.204,4.266,4.01,4.09,134560,0
20160512,4.106,4.112,3.98,4.05,133271,0
20160513,4.05,4.066,3.961,3.99,43057,0
20160517,4.15,4.15,4.02,4.05,31180,0
20160518,4.05,4.105,4.024,4.105,39869,0
20160519,4.02,4.049,3.95,3.958,64606,0
20160520,3.968,4.097,3.9,3.923,74407,0
20160523,3.923,3.95,3.801,3.915,85974,0
20160524,3.912,3.935,3.852,3.885,55588,0
20160525,3.995,4.049,3.94,4.013,82934,0
20160526,4.01,4.065,3.966,3.985,87427,0
20160527,3.95,4.064,3.946,4.064,56947,0
20160530,4.02,4.119,4.005,4.119,50629,0
20160531,4.16,4.209,4.051,4.065,45325,0
20160601,4.005,4.062,3.915,3.92,100631,0
20160602,3.9,3.936,3.61,3.794,383474,0
20160603,3.78,3.78,3.68,3.775,173009,0
20160606,3.75,3.832,3.68,3.82,72532,0
20160607,3.8,3.916,3.74,3.75,87196,0
20160608,3.746,3.8,3.73,3.74,40895,0
20160609,3.759,3.788,3.71,3.742,48693,0
20160610,3.739,3.75,3.61,3.666,146811,0
20160613,3.7,3.7,3.401,3.412,170061,0
20160614,3.482,3.536,3.328,3.342,167338,0
20160615,3.49,3.578,3.403,3.421,56980,0
20160616,3.534,3.534,3.32,3.35,87686,0
20160617,3.41,3.57,3.41,3.498,48631,0
20160620,3.58,3.75,3.579,3.693,52902,0
20160621,3.823,3.95,3.81,3.88,151843,0
20160622,3.92,4.274,3.874,4.025,196261,0
20160623,4.02,4.055,3.85,3.932,90247,0
20160624,3.5,3.609,3.2,3.599,323678,0
20160627,3.6,3.6,3.4,3.525,113802,0
20160628,3.514,3.514,3.365,3.371,99735,0
20160629,3.48,3.536,3.411,3.44,128891,0
20160630,3.451,3.551,3.378,3.42,235188,0
20160701,3.5,3.5,3.4,3.401,33592,0
20160704,3.381,3.461,3.381,3.46,42158,0
20160705,3.46,3.46,3.365,3.39,36416,0
20160706,3.446,3.446,3.219,3.23,112519,0
20160707,3.35,3.383,3.021,3.115,243596,0
20160708,3.066,3.23,2.995,3.177,164646,0
20160711,3.186,3.296,3.186,3.201,47707,0
20160712,3.24,3.354,3.238,3.3,123915,0
20160713,3.252,3.375,3.252,3.34,72898,0
20160714,3.35,3.5,3.35,3.37,80013,0
20160715,3.431,3.447,3.341,3.341,29254,0
20160718,3.384,3.433,3.239,3.299,50294,0
20160719,3.33,3.33,3.19,3.2,66439,0
20160720,3.266,3.334,3.221,3.23,39029,0
20160721,3.25,3.298,3.24,3.287,43549,0
20160722,3.234,3.318,3.234,3.27,116479,0
20160725,3.21,3.39,3.21,3.366,45790,0
20160726,3.37,3.465,3.28,3.405,106712,0
20160727,3.41,3.82,3.41,3.61,175657,0
20160728,3.569,3.624,3.455,3.52,47057,0
20160729,3.55,3.557,3.435,3.549,24447,0
20160801,3.537,3.537,3.45,3.499,21479,0
20160802,3.516,3.516,3.326,3.354,70593,0
20160803,3.453,3.484,3.369,3.4,18835,0
20160804,3.449,3.597,3.419,3.485,26691,0
20160805,3.42,3.5,3.42,3.5,60357,0
20160808,3.5,3.54,3.428,3.437,54737,0
20160809,3.477,3.56,3.447,3.512,39730,0
20160810,3.55,3.59,3.471,3.59,42782,0
20160811,3.65,3.65,3.371,3.447,70414,0
20160812,3.44,3.446,3.376,3.406,15887,0
20160815,3.45,3.45,3.313,3.313,46389,0
20160816,3.3,3.345,3.3,3.312,32089,0
20160817,3.31,3.39,3.31,3.31,21580,0
20160818,3.395,3.395,3.312,3.35,13866,0
20160819,3.418,3.418,3.31,3.356,19640,0
20160822,3.397,3.425,3.35,3.381,18177,0
20160823,3.425,3.425,3.302,3.36,34388,0
20160824,3.38,3.389,3.3,3.339,33412,0
20160825,3.37,3.37,3.29,3.306,21864,0
20160826,3.34,3.38,3.29,3.335,16138,0
20160829,3.377,3.377,3.252,3.318,56212,0
20160830,3.328,3.328,3.256,3.26,18583,0
20160831,3.27,3.329,3.27,3.278,46253,0
20160901,3.278,3.37,3.278,3.282,34178,0
20160902,3.31,3.46,3.31,3.372,112417,0
20160905,3.429,3.486,3.41,3.448,23882,0
20160906,3.47,3.7,3.46,3.65,166910,0
20160907,3.65,3.785,3.643,3.75,107602,0
20160908,3.7,3.885,3.7,3.851,100460,0
20160909,3.88,3.899,3.8,3.85,75065,0
20160912,3.75,3.883,3.696,3.877,77323,0
20160913,3.89,3.89,3.79,3.806,10635,0
20160914,3.816,3.816,3.612,3.697,20561,0
20160915,3.62,3.69,3.55,3.596,19298,0
20160916,3.55,3.55,3.361,3.507,95145,0
20160919,3.427,3.554,3.427,3.549,15658,0
20160920,3.566,3.572,3.504,3.572,11477,0
20160921,3.567,3.649,3.541,3.622,21868,0
20160922,3.675,3.675,3.58,3.59,18437,0
20160923,3.598,3.598,3.5,3.53,42528,0
20160926,3.54,3.692,3.51,3.53,135721,0
20160927,3.536,3.576,3.52,3.545,13165,0
20160928,3.523,3.588,3.521,3.532,5999,0
20160929,3.571,3.745,3.548,3.701,77085,0
20160930,3.699,3.73,3.621,3.7,33567,0
20161004,3.786,3.789,3.674,3.74,28650,0
20161005,3.69,3.75,3.69,3.712,5535,0
20161006,3.713,3.713,3.658,3.67,38940,0
20161007,3.747,3.747,3.558,3.595,30386,0
20161010,3.647,3.65,3.59,3.611,47535,0
20161011,3.6,3.627,3.59,3.6,16001,0
20161012,3.64,3.648,3.612,3.612,14611,0
20161013,3.65,3.65,3.6,3.6,3890,0
20161014,3.6,3.618,3.55,3.559,16521,0
20161017,3.6,3.627,3.55,3.552,8478,0
20161018,3.627,3.655,3.55,3.55,20296,0
20161019,3.561,3.578,3.535,3.535,12895,0
20161020,3.5,3.87,3.49,3.8,287129,0
20161021,3.91,4.248,3.857,4.196,522276,0
20161024,4.096,4.5,4.096,4.291,461479,0
20161025,4.397,4.4,4.249,4.35,55668,0
20161026,4.395,4.408,4.32,4.328,60567,0
20161027,4.298,4.317,4.086,4.196,123383,0
20161028,4.22,4.443,4.142,4.4,113678,0
20161031,4.4,4.668,4.38,4.572,268258,0
20161101,4.468,4.75,4.468,4.678,105924,0
20161102,4.603,4.64,4.491,4.64,111531,0
20161103,4.619,4.859,4.575,4.7,414922,0
20161104,4.623,4.72,4.599,4.72,200657,0
20161107,4.72,4.85,4.72,4.85,93985,0
20161108,4.7,4.89,4.653,4.886,104656,0
20161109,4.65,4.98,4.649,4.969,254308,0
20161110,4.549,5.02,4.451,4.802,397637,0
20161111,4.8,4.96,4.729,4.95,109106,0
20161114,4.95,5.45,4.95,5.3,310492,0
20161115,5.203,5.421,5.2,5.388,107132,0
20161116,5.394,5.394,4.9,5,192048,0
20161117,5,5.207,4.983,5.096,90520,0
20161118,5.101,5.101,4.875,4.941,99814,0
20161121,4.902,5.069,4.902,4.99,62319,0
20161122,4.95,4.974,4.759,4.792,85787,0
20161123,4.897,4.9,4.283,4.394,214387,0
20161124,4.349,4.78,4.204,4.729,257991,0
20161125,4.646,4.699,4.519,4.55,33531,0
20161128,4.525,4.556,4.456,4.504,47670,0
20161129,4.453,4.526,4.453,4.49,15585,0
20161130,4.49,4.651,4.48,4.628,60941,0
20161201,4.6,4.889,4.6,4.889,76734,0
20161202,4.85,5.049,4.85,4.939,119815,0
20161205,4.812,5.37,4.809,5.213,171330,0
20161206,5.153,5.34,5.003,5.141,90193,0
20161207,5.201,5.239,5.111,5.195,73489,0
20161208,5.26,5.26,4.905,4.95,134926,0
20161209,5,5.34,4.95,5.01,485859,0
20161212,5,5.06,4.942,4.96,134721,0
20161213,4.999,5.149,4.9,5.056,180701,0
20161214,5.05,5.141,5.05,5.1,91377,0
20161215,5.15,5.15,4.941,5.05,76519,0
20161216,5.1,5.1,5.02,5.05,39652,0
20161219,4.99,5.09,4.99,5.02,32665,0
20161220,4.98,5.047,4.93,4.93,43086,0
20161221,4.91,4.989,4.9,4.957,79068,0
20161222,4.989,5.06,4.989,5.005,37965,0
20161223,5.07,5.09,5.005,5.089,37051,0
20161227,5.059,5.059,4.949,5,39365,0
20161228,4.91,5.089,4.91,5.016,91493,0
20161229,4.96,5.079,4.888,5.06,126353,0
20161230,5.05,5.19,5.034,5.18,72039,0
20170102,5.17,5.2,5.129,5.15,131468,0
20170103,5.11,5.26,5.11,5.18,70838,0
20170104,5.237,5.29,5.208,5.218,78226,0
20170105,5.26,5.3,5.12,5.17,27677,0
20170106,5.123,5.15,4.88,4.965,103447,0
20170109,5.099,5.099,4.726,4.873,71746,0
20170110,4.88,4.95,4.836,4.902,39653,0
20170111,4.853,4.902,4.817,4.84,44123,0
20170112,4.808,5.041,4.799,4.965,97659,0
20170113,4.96,5.07,4.89,5.03,32252,0
20170116,4.92,5.062,4.92,4.923,52893,0
20170117,5.03,5.05,4.943,5.013,30377,0
20170118,5,5.057,4.936,5.001,35319,0
20170119,5.001,5.251,5.001,5.202,131374,0
20170120,5.209,5.659,5.209,5.49,305411,0
20170123,5.549,5.549,5.35,5.426,81936,0
20170124,5.346,5.809,5.346,5.809,180760,0
20170125,5.85,5.97,5.756,5.771,124042,0
20170126,5.76,5.788,5.65,5.698,71642,0
20170127,5.658,5.78,5.65,5.65,42971,0
20170130,5.623,5.623,5.432,5.432,61446,0
20170131,5.426,5.693,5.426,5.5,68548,0
20170201,5.4,5.691,5.31,5.541,80373,0
20170202,5.541,5.791,5.541,5.74,50436,0
20170203,5.734,5.825,5.734,5.794,44453,0
20170206,5.771,5.809,5.641,5.65,50759,0
20170207,5.6,5.662,5.6,5.63,18515,0
20170208,5.62,5.67,5.564,5.646,27974,0
20170209,5.64,5.666,5.56,5.56,39818,0
20170210,5.607,5.73,5.429,5.465,54807,0
20170213,5.42,5.556,5.42,5.5,20488,0
20170214,5.528,5.551,5.42,5.469,31472,0
20170215,5.47,5.471,5.425,5.459,16765,0
20170216,5.45,5.579,5.441,5.515,23541,0
20170217,5.525,5.55,5.36,5.412,69352,0
20170220,5.5,5.556,5.41,5.468,39754,0
20170221,5.45,5.55,5.41,5.45,74701,0
20170222,5.6,6.049,5.589,6.04,506482,0
20170223,5.99,6.09,5.977,5.999,99241,0
20170224,5.972,6.05,5.737,5.948,125682,0
20170227,5.986,6.35,5.97,6.195,262640,0
20170228,6.216,6.546,6.185,6.504,237801,0
20170301,6.5,6.708,6.451,6.5,127851,0
20170302,6.52,6.733,6.52,6.663,119609,0
20170303,6.8,7.169,6.6,7,764659,0
20170306,7.014,7.2,6.97,7.005,267472,0
20170307,7,7.225,6.9,7.225,169689,0
20170308,7.243,7.4,7.16,7.35,175631,0
20170309,7.4,7.4,7.1,7.376,225500,0
20170310,7.32,7.48,7.318,7.45,179048,0
20170313,7.478,7.5,7.415,7.452,316129,0
20170314,7.452,7.522,7.412,7.519,252737,0
20170315,7.52,7.545,7.433,7.495,136008,0
20170316,7.518,7.6,7.445,7.506,174905,0
20170317,7.489,7.885,7.472,7.83,399427,0
20170320,7.834,7.942,7.7,7.942,377756,0
20170321,7.926,7.926,7.551,7.662,280161,0
20170322,7.489,7.771,7.34,7.687,374475,0
20170323,7.685,7.685,7.112,7.3,336919,0
