Date,Open,High,Low,Close,Volume,OpenInt
20090407,2.9,2.91,2.89,2.91,2340,0
20090408,2.89,2.96,2.89,2.92,1800,0
20090409,2.91,2.93,2.89,2.93,1100,0
20090414,2.9,2.97,2.88,2.92,300,0
20090415,2.9,2.95,2.88,2.93,2650,0
20090416,2.95,3.04,2.89,3.04,8911,0
20090417,2.98,3.12,2.98,3.1,5035,0
20090420,3.12,3.59,3.12,3.38,33148,0
20090421,3.28,3.9,3.28,3.55,10545,0
20090422,3.4,3.65,3.4,3.57,11750,0
20090423,3.63,3.64,3.25,3.33,3600,0
20090424,3.2,3.4,3.2,3.31,4500,0
20090427,3.4,3.4,3.19,3.3,5600,0
20090428,3.2,3.3,3.2,3.23,198,0
20090429,3.3,3.48,3.1,3.41,12842,0
20090504,3.33,3.33,3.2,3.27,300,0
20090505,3.21,3.36,3.2,3.35,1197,0
20090507,3.35,3.61,3.27,3.52,1687,0
20090508,3.6,3.69,3.43,3.52,2788,0
20090511,3.59,3.59,3.2,3.32,4700,0
20090512,3.32,3.32,3.2,3.29,4750,0
20090513,3.21,3.3,3.07,3.18,7900,0
20090515,3.1,3.18,3,3.18,10000,0
20090518,3.1,3.1,3,3.1,4248,0
20090519,3.1,3.13,3.05,3.13,3940,0
20090520,3.15,3.18,3.05,3.15,15140,0
20090521,3.1,3.15,3.06,3.14,2290,0
20090522,3.1,3.14,3.07,3.13,22100,0
20090525,3.08,3.2,2.99,3.1,12251,0
20090526,3.05,3.17,3.02,3.12,930,0
20090527,3.1,3.12,3.06,3.11,80,0
20090528,3.1,3.11,3.05,3.11,1,0
20090529,3.1,3.16,3.06,3.15,2480,0
20090601,3.16,3.32,3.09,3.22,1200,0
20090602,3.22,3.28,3.06,3.28,11000,0
20090603,3.25,3.3,3.2,3.23,300,0
20090604,3.25,3.29,3.02,3.23,9300,0
20090605,3.09,3.33,3.09,3.26,2300,0
20090608,3.33,3.35,3.22,3.3,700,0
20090609,3.3,3.37,3.22,3.3,3100,0
20090610,3.36,3.4,3.15,3.39,1675,0
20090611,3.3,3.4,3.3,3.39,671,0
20090612,3.38,3.58,3.31,3.44,3680,0
20090615,3.4,3.48,3.35,3.35,575,0
20090616,3.35,3.4,3.27,3.35,800,0
20090617,3.35,3.35,3.15,3.3,4080,0
20090618,3.3,3.47,3.16,3.47,6056,0
20090619,3.47,3.47,3.01,3.09,3850,0
20090622,3.09,3.15,3.03,3.11,326,0
20090624,3.1,3.11,2.92,2.92,700,0
20090625,3.03,3.03,2.85,2.85,2200,0
20090626,2.85,3,2.85,2.88,100,0
20090629,2.88,2.92,2.81,2.81,1000,0
20090630,2.88,3,2.86,3,1134,0
20090706,2.89,2.98,2.89,2.89,1000,0
20090708,2.89,2.9,2.73,2.73,2250,0
20090709,2.76,2.9,2.76,2.88,300,0
20090710,2.88,2.9,2.64,2.71,5540,0
20090713,2.71,2.85,2.71,2.85,550,0
20090717,2.85,2.86,2.85,2.86,400,0
20090720,2.86,2.98,2.86,2.94,1800,0
20090721,2.94,2.94,2.86,2.86,3200,0
20090722,2.86,2.95,2.86,2.95,3050,0
20090723,2.95,3,2.95,3,1930,0
20090724,3,3,2.97,2.97,5900,0
20090727,2.97,3.05,2.97,3.05,2300,0
20090728,3.05,3.15,3.02,3.15,7000,0
20090729,3.14,3.2,3.14,3.2,3500,0
20090730,3.2,3.2,3.1,3.1,500,0
20090803,3,3.04,2.9,3,2585,0
20090804,3,3.32,3,3.32,3100,0
20090806,3.22,3.27,3.11,3.27,5399,0
20090810,3.06,3.22,2.85,2.85,49,0
20090811,3.11,3.4,3.11,3.25,10781,0
20090812,3.33,3.46,3.25,3.31,4350,0
20090813,3.31,3.57,3.3,3.57,8516,0
20090814,3.57,3.75,3.47,3.65,6888,0
20090817,3.57,3.62,3.47,3.62,4160,0
20090818,3.62,3.89,3.52,3.77,14575,0
20090819,3.77,3.95,3.68,3.72,12550,0
20090820,3.72,3.91,3.65,3.91,13199,0
20090821,3.91,4.1,3.81,4.07,10322,0
20090824,4.07,4.15,4.03,4.06,6548,0
20090825,4.06,4.28,4.03,4.16,7250,0
20090826,4.16,4.16,4.06,4.06,2000,0
20090827,4.06,4.1,4.03,4.03,1051,0
20090831,4,4.06,3.99,4.04,4190,0
20090901,4.04,4.19,4.04,4.04,4060,0
20090902,4.04,4.09,3.94,3.94,1330,0
20090903,3.94,4.03,3.9,4.03,100,0
20090904,3.9,4.05,3.9,3.9,1000,0
20090907,3.9,3.96,3.8,3.8,1630,0
20090908,3.8,3.86,3.7,3.85,1500,0
20090909,3.85,3.91,3.75,3.91,500,0
20090911,3.9,3.9,3.8,3.84,120,0
20090914,3.84,3.85,3.8,3.81,700,0
20090915,3.81,3.85,3.8,3.85,10000,0
20090916,3.85,3.9,3.8,3.9,5300,0
20090918,3.8,3.85,3.8,3.81,1600,0
20090921,3.85,3.9,3.8,3.87,1300,0
20090922,3.81,3.85,3.8,3.8,200,0
20090923,3.8,3.88,3.8,3.88,1537,0
20090924,3.93,3.94,3.8,3.85,1150,0
20090925,3.99,3.99,3.9,3.9,200,0
20090929,3.95,3.95,3.85,3.85,1500,0
20091001,3.85,3.88,3.7,3.7,200,0
20091002,3.64,3.8,3.64,3.75,9560,0
20091006,3.81,3.84,3.76,3.84,276,0
20091007,3.89,3.89,3.81,3.84,300,0
20091008,3.91,3.94,3.81,3.94,5,0
20091009,3.99,3.99,3.94,3.94,2000,0
20091012,3.99,4.01,3.85,4,2349,0
20091013,3.94,4.01,3.86,4.01,381,0
20091014,4,4,3.91,4,2950,0
20091015,4.06,4.08,3.9,4.08,900,0
20091016,4.14,4.14,4,4.09,200,0
20091019,4.15,4.15,4,4.09,1100,0
20091020,4.15,4.15,4,4.09,1650,0
20091021,4.15,4.15,4,4,2650,0
20091022,4.06,4.06,3.95,4.01,9000,0
20091023,4.07,4.07,3.91,3.91,1260,0
20091026,3.85,4.01,3.85,3.91,1450,0
20091027,3.96,4.09,3.87,4.09,1080,0
20091028,4.15,4.15,3.98,3.98,1300,0
20091029,4.03,4.03,3.89,3.91,500,0
20091030,3.83,3.99,3.83,3.9,1800,0
20091102,3.95,3.99,3.87,3.87,2000,0
20091104,3.87,3.99,3.86,3.93,1401,0
20091109,3.93,4.35,3.93,4.35,5485,0
20091110,4.28,4.34,4.1,4.26,5100,0
20091111,4.32,4.34,4.25,4.34,3000,0
20091112,4.27,4.35,4.25,4.35,3150,0
20091113,4.28,4.75,4.28,4.75,14280,0
20091116,4.75,4.75,4.55,4.6,4650,0
20091118,4.53,4.98,4.53,4.9,27810,0
20091119,4.87,4.99,4.87,4.92,22100,0
20091120,4.85,5,4.85,4.99,1375,0
20091123,4.92,4.99,4.88,4.88,1150,0
20091124,4.92,5.05,4.9,4.91,2950,0
20091125,4.84,5.05,4.84,4.9,8224,0
20091126,4.83,4.95,4.83,4.91,3300,0
20091127,4.91,5.35,4.91,4.99,900,0
20091130,4.92,5.05,4.92,4.93,5196,0
20091201,4.86,5.05,4.86,4.93,750,0
20091202,4.86,5.01,4.86,5.01,2860,0
20091203,4.93,5.03,4.93,5,5250,0
20091204,4.93,5,4.93,4.95,240,0
20091207,4.95,5.03,4.95,5.02,1560,0
20091208,4.94,5,4.94,4.95,600,0
20091209,4.88,5.02,4.86,5.02,2730,0
20091210,4.94,5.04,4.9,5.04,1250,0
20091211,4.88,4.95,4.88,4.92,750,0
20091214,4.85,4.99,4.85,4.92,330,0
20091215,4.9,4.95,4.9,4.92,300,0
20091217,4.66,4.95,4.66,4.9,1020,0
20091218,4.66,4.95,4.66,4.8,4000,0
20091221,4.56,4.85,4.56,4.8,2700,0
20091222,4.56,4.85,4.56,4.76,400,0
20091223,4.54,4.85,4.54,4.8,1740,0
20091228,5.04,5.04,4.8,4.91,500,0
20091229,4.66,4.91,4.66,4.91,790,0
20091230,4.66,4.94,4.66,4.92,110,0
20100104,4.69,5,4.69,5,2708,0
20100105,4.75,5,4.75,4.8,2000,0
20100106,4.56,4.95,4.56,4.8,10,0
20100107,4.57,5.03,4.57,5.03,5192,0
20100108,4.779,5.12,4.779,5.12,2008,0
20100111,4.864,5.25,4.864,5.25,750,0
20100112,4.988,5.15,4.988,5.15,500,0
20100113,5.35,5.35,4.893,5.15,30,0
20100115,4.893,5.239,4.893,5.152,280,0
20100118,4.894,5.25,4.894,5.25,4193,0
20100121,4.94,5.24,4.94,5.24,1500,0
20100122,4.978,5.244,4.978,5.244,2,0
20100125,4.7,5.2,4.69,4.898,6761,0
20100126,4.65,5.05,4.65,4.898,655,0
20100127,4.65,5.05,4.65,4.74,15913,0
20100128,4.5,4.95,4.5,4.86,1000,0
20100129,4.62,4.9,4.62,4.9,1000,0
20100202,4.56,4.95,4.56,4.95,1500,0
20100204,4.58,4.9,4.58,4.841,130,0
20100205,4.6,4.9,4.6,4.81,2000,0
20100208,4.57,4.8,4.57,4.715,2341,0
20100209,4.48,4.8,4.48,4.72,800,0
20100211,4.55,4.8,4.55,4.791,250,0
20100215,4.56,4.96,4.56,4.95,800,0
20100216,4.7,4.979,4.7,4.979,200,0
20100217,4.73,4.87,4.6,4.87,2050,0
20100218,4.63,4.979,4.63,4.975,600,0
20100219,4.73,5.05,4.73,5.05,5900,0
20100222,4.8,5.1,4.8,4.951,1480,0
20100223,4.7,5.05,4.7,5.05,3900,0
20100301,4.61,5.14,4.61,5.14,2257,0
20100304,4.75,5.2,4.75,5.2,1200,0
20100305,4.94,5.29,4.94,5.28,4403,0
20100308,5.1,5.251,5.1,5.25,750,0
20100309,4.99,5.83,4.99,5.3,2165,0
20100310,5.04,5.5,5.04,5.5,1,0
20100311,5.23,5.719,5.2,5.719,451,0
20100312,5.43,5.84,5.43,5.75,6673,0
20100315,5.46,5.95,5.46,5.95,6544,0
20100316,5.61,5.89,5.61,5.89,1700,0
20100317,5.6,5.8,5.6,5.651,150,0
20100318,5.37,5.799,5.37,5.799,30,0
20100319,5.51,5.76,5.51,5.76,500,0
20100322,5.47,5.94,5.47,5.8,6000,0
20100323,5.51,5.949,5.51,5.94,1500,0
20100324,5.64,5.97,5.49,5.65,3750,0
20100325,5.5,5.96,5.5,5.96,4730,0
20100326,5.66,5.94,5.66,5.94,670,0
20100329,5.958,5.958,5.94,5.95,3500,0
20100330,6.3,6.3,5.65,5.82,450,0
20100331,5.53,6.2,5.53,6.2,4914,0
20100406,5.51,5.85,5.51,5.75,1550,0
20100408,5.42,5.8,5.42,5.75,3000,0
20100409,5.46,5.8,5.46,5.75,1300,0
20100412,5.46,5.9,5.46,5.9,490,0
20100420,5.56,5.85,5.56,5.75,1200,0
20100421,5.48,5.95,5.48,5.95,6350,0
20100422,5.65,5.901,5.65,5.75,5910,0
20100423,5.46,5.9,5.46,5.9,5820,0
20100426,5.61,6.19,5.61,6.13,5176,0
20100427,5.82,6.13,5.82,6.001,1100,0
20100428,5.7,6,5.7,5.91,5830,0
20100429,5.61,6,5.61,5.9,1145,0
20100430,5.61,6.1,5.61,5.9,8685,0
20100503,5.79,5.96,5.79,5.96,2470,0
20100504,5.62,6.096,5.62,6.07,8480,0
20100505,6.1,6.188,6.07,6.188,3047,0
20100506,5.88,6.3,5.88,6.3,8490,0
20100507,6.14,6.14,5.981,5.981,2250,0
20100510,5.68,6.14,5.68,6.08,1051,0
20100511,5.8,6.2,5.8,6.2,525,0
20100512,5.89,6.2,5.89,6.064,2500,0
20100517,6,6.2,5.94,6.2,1080,0
20100518,6,6.26,5.96,6.2,1249,0
20100519,6.1,6.68,5.91,6.669,21045,0
20100520,6.34,6.664,6.34,6.609,3900,0
20100521,6.28,6.581,6.28,6.581,2200,0
20100524,6.25,6.6,6.25,6.524,9266,0
20100525,6.3,6.7,6.3,6.7,3450,0
20100526,6.37,6.69,6.37,6.69,5746,0
20100527,6.36,6.68,6.36,6.511,452,0
20100528,6.3,6.7,6.3,6.7,944,0
20100531,6.615,6.747,6.61,6.62,4813,0
20100601,6.5,6.778,6.5,6.72,7449,0
20100602,6.38,6.709,6.38,6.699,3751,0
20100604,6.28,6.69,6.28,6.63,1700,0
20100607,6.36,6.68,6.36,6.68,3149,0
20100608,6.35,6.63,6.35,6.61,750,0
20100609,6.29,6.689,6.29,6.679,381,0
20100610,6.35,6.679,6.35,6.679,3790,0
20100611,6.35,6.68,6.35,6.68,2748,0
20100614,6.35,6.78,6.35,6.78,1080,0
20100615,6.44,6.83,6.44,6.83,500,0
20100616,6.49,6.95,6.49,6.95,580,0
20100617,6.46,6.95,6.46,6.95,415,0
20100618,6.6,7.07,6.6,7.05,4250,0
20100621,6.7,7.15,6.7,7.15,990,0
20100622,6.8,7.95,6.8,7.95,200,0
20100623,6.8,7.8,6.8,7.8,235,0
20100624,6.8,7.28,6.8,7.28,1308,0
20100625,6.92,7.15,6.9,7,2180,0
20100628,6.65,7.15,6.65,7.15,19450,0
20100629,6.79,7.5,6.79,7.2,4200,0
20100630,6.84,7.1,6.84,7.04,1407,0
20100701,6.69,7.09,6.69,7.09,4250,0
20100702,6.74,7.18,6.74,7.16,1122,0
20100705,7.51,7.51,7,7.24,2725,0
20100707,6.84,7.45,6.84,7.25,2130,0
20100708,6.89,7.35,6.89,7.15,2001,0
20100709,6.79,7.25,6.79,7.25,301,0
20100712,6.89,7.25,6.89,7.15,128,0
20100714,6.75,7.29,6.75,7.29,3453,0
20100715,6.93,7.09,6.93,7.06,600,0
20100716,6.71,7.2,6.71,7.15,1899,0
20100720,6.79,7.2,6.79,7.15,650,0
20100721,6.79,7.15,6.79,7.15,890,0
20100722,6.79,7.15,6.79,6.958,150,0
20100723,6.61,7.12,6.61,7.12,980,0
20100726,6.76,7.12,6.76,6.971,2593,0
20100727,6.62,7.04,6.62,6.94,600,0
20100728,6.62,6.94,6.62,6.9,1000,0
20100729,6.56,6.94,6.56,6.94,621,0
20100730,6.59,6.94,6.59,6.79,950,0
20100802,6.45,6.94,6.45,6.94,900,0
20100803,6.59,7.2,6.59,7.2,1,0
20100804,6.59,7.3,6.59,7.23,2521,0
20100805,6.87,7.23,6.87,7.2,1000,0
20100806,6.84,7.2,6.6,6.8,4402,0
20100810,6.42,7.1,6.42,7.1,3140,0
20100811,6.75,7.1,6.75,6.91,2650,0
20100812,6.56,7.23,6.56,7.23,200,0
20100813,6.56,7.2,6.56,7,3408,0
20100816,6.65,7,6.65,6.9,600,0
20100818,6.56,7,6.56,7,5052,0
20100819,6.65,7,6.65,6.9,250,0
20100820,6.65,7,6.65,7,2,0
20100823,6.65,7,6.65,7,100,0
20100824,6.65,7.05,6.65,7.05,400,0
20100826,6.7,7.09,6.7,7.09,775,0
20100827,6.74,7.2,6.74,7.04,1200,0
20100830,6.83,7.19,6.83,7,860,0
20100901,6.65,7.08,6.65,7.08,1500,0
20100902,6.73,7.06,6.73,7.06,2350,0
20100903,6.71,7.11,6.71,6.98,1000,0
20100906,6.75,7.2,6.75,7.04,1347,0
20100908,6.69,7.11,6.69,7.06,301,0
20100909,6.71,7.15,6.71,7.15,250,0
20100910,6.79,7.139,6.79,7.139,560,0
20100913,6.78,7.11,6.78,6.97,1460,0
20100916,6.6,7.1,6.6,7,1150,0
20100917,6.6,6.889,6.5,6.85,3008,0
20100920,6.51,6.9,6.51,6.9,3142,0
20100921,6.56,7,6.56,7,56,0
20100922,6.65,7,6.65,6.85,300,0
20100929,6.5,6.92,6.5,6.84,600,0
20100930,6.5,6.889,6.5,6.84,250,0
20101001,6.5,6.889,6.5,6.74,650,0
20101005,6.46,6.83,6.46,6.83,200,0
20101006,6.49,6.83,6.49,6.8,100,0
20101007,6.46,6.999,6.46,6.8,100,0
20101008,6.65,6.999,6.65,6.999,271,0
20101011,6.65,6.83,6.65,6.811,148,0
20101012,6.47,6.83,6.47,6.82,201,0
20101013,6.48,6.83,6.48,6.8,3190,0
20101015,6.46,6.83,6.46,6.8,600,0
20101018,6.46,6.85,6.46,6.85,400,0
20101019,6.51,6.83,6.51,6.799,1250,0
20101021,6.37,6.8,6.37,6.7,2120,0
20101025,6.37,6.8,6.37,6.661,735,0
20101026,6.33,6.8,6.33,6.68,80,0
20101027,6.35,6.8,6.35,6.6,5100,0
20101028,6.27,6.75,6.27,6.6,370,0
20101101,6.41,6.8,6.41,6.8,1685,0
20101102,6.46,6.75,6.46,6.75,1340,0
20101103,6.38,6.75,6.38,6.7,3360,0
20101104,6.37,6.75,6.37,6.65,60,0
20101110,6.34,6.75,6.34,6.65,5100,0
20101111,6.32,6.73,6.32,6.73,400,0
20101115,6.62,6.89,6.62,6.749,1561,0
20101116,6.41,6.73,6.41,6.55,3026,0
20101117,6.22,6.749,6.22,6.749,518,0
20101118,6.412,6.73,6.4,6.6,5700,0
20101119,6.27,6.69,6.27,6.69,50,0
20101122,6.356,6.69,6.356,6.49,940,0
20101123,6.166,6.48,6.166,6.32,3940,0
20101124,6.004,6.3,6.004,6.27,3291,0
20101125,5.957,6.668,5.957,6.54,4450,0
20101126,6.335,6.67,6.335,6.61,12650,0
20101129,6.337,6.65,6.337,6.61,7350,0
20101201,6.27,6.76,6.27,6.58,1550,0
20101202,6.252,6.76,6.252,6.76,150,0
20101203,6.251,6.59,6.251,6.55,2150,0
20101206,6.223,6.7,6.223,6.65,400,0
20101208,6.365,6.66,6.365,6.59,2100,0
20101209,6.318,6.851,6.318,6.85,12550,0
20101210,6.508,6.839,6.5,6.69,12010,0
20101213,6.356,6.7,6.356,6.7,8000,0
20101214,6.365,6.7,6.365,6.689,3380,0
20101216,6.308,6.69,6.308,6.69,1700,0
20101220,6.308,6.75,6.308,6.6,625,0
20101221,6.413,6.72,6.413,6.63,1420,0
20101223,7.035,7.035,6.6,6.66,43,0
20101227,6.365,6.83,6.365,6.83,665,0
20101228,6.489,6.83,6.489,6.8,6365,0
20101230,6.46,6.9,6.46,6.8,6735,0
20110105,6.461,6.801,6.461,6.801,608,0
20110113,6.461,6.801,6.461,6.801,250,0
20110114,6.461,6.89,6.461,6.89,1155,0
20110117,6.546,6.95,6.546,6.95,200,0
20110118,6.603,7.001,6.603,7,1500,0
20110119,6.651,7.12,6.651,7.1,1300,0
20110121,6.745,7.199,6.745,7.199,150,0
20110201,6.698,7.13,6.698,7.13,2200,0
20110202,6.774,7.13,6.774,7.11,1100,0
20110203,6.755,7.145,6.755,7.14,2795,0
20110207,6.778,7.16,6.778,7.16,3494,0
20110208,6.802,7.5,6.802,7.28,1200,0
20110209,6.916,7.24,6.916,7.221,1710,0
20110210,6.86,7.33,6.86,7.33,1400,0
20110211,6.964,7.38,6.964,7.34,1100,0
20110214,6.973,7.35,6.973,7.35,1000,0
20110216,6.983,7.37,6.983,7.37,500,0
20110221,7.002,7.38,7.002,7.38,1770,0
20110222,7.011,7.37,7.011,7.161,600,0
20110223,7.37,7.4,6.803,7.4,7415,0
20110224,7.03,7.38,7.03,7.211,100,0
20110225,6.85,7.4,6.85,7.4,40,0
20110228,7.03,7.4,7.03,7.211,250,0
20110302,6.85,7.38,6.85,7.25,1500,0
20110308,6.935,7.49,6.935,7.49,3347,0
20110309,7.38,7.98,7.116,7.551,5918,0
20110310,7.173,7.551,7.173,7.551,20,0
20110311,7.173,7.551,7.173,7.551,500,0
20110315,7.173,7.55,7,7,2800,0
20110316,7.135,7.39,6.9,7.29,3130,0
20110318,6.926,7.55,6.926,7.55,500,0
20110321,7.173,7.53,7.173,7.36,1551,0
20110322,6.992,7.3,6.992,7.25,3020,0
20110324,6.745,7.25,6.745,7.25,500,0
20110325,7.15,7.4,6.888,7.4,1600,0
20110328,7.03,7.45,7.03,7.35,7637,0
20110329,7.03,7.421,7.03,7.4,1190,0
20110330,7.25,7.82,7.05,7.62,6940,0
20110331,7.239,7.7,6.32,7.7,400,0
20110401,7.315,7.7,7.25,7.251,2250,0
20110405,7.315,7.48,6.935,7.48,3000,0
20110407,6.935,7.315,6.935,7.3,100,0
20110411,7.315,7.315,6.935,7.3,100,0
20110412,6.935,7.315,6.935,7.3,70,0
20110414,7.315,7.5,6.907,7.5,2040,0
20110418,7.078,7.5,7.078,7.361,325,0
20110419,6.993,7.43,6.993,7.395,10200,0
20110420,7.059,8.75,7.059,8.5,6945,0
20110421,8.075,9.1,8.075,8.8,8970,0
20110426,8.36,9.08,8.36,9.06,8015,0
20110427,9,9.44,8.607,9.44,4700,0
20110428,9,9.77,8.968,9.69,5380,0
20110429,9.205,9.695,9,9.2,18840,0
20110502,8.835,9.8,8.835,9.599,39268,0
20110503,9.119,9.7,9.119,9.45,18812,0
20110504,9.6,9.75,8.978,9.55,17773,0
20110505,9.073,9.57,9.073,9.349,17450,0
20110506,8.882,10.05,8.882,9.45,7819,0
20110509,9.27,10,9.27,9.5,8797,0
20110510,9.27,10,8.37,9.42,11575,0
20110511,9.27,9.5,9.27,9.489,7961,0
20110512,9.35,9.5,9.05,9.4,12323,0
20110513,9.35,9.93,9.2,9.85,4419,0
20110516,9.358,9.85,9.358,9.75,2315,0
20110517,9.263,10.2,9.263,10.11,7460,0
20110518,9.605,10.5,9.605,10.375,3580,0
20110519,9.856,10.49,9.856,10.49,12920,0
20110520,9.966,10.36,9.966,10.35,996,0
20110523,9.833,10.7,9.55,10.35,7438,0
20110524,9.833,10.47,9.833,9.85,2292,0
20110525,9.358,10.25,9.358,10,1894,0
20110526,9.5,10.7,9.5,10.49,7754,0
20110527,9.738,11.8,9.738,10.85,8094,0
20110530,10.53,11.62,10.53,11.495,9605,0
20110531,10.92,11.6,10.92,11.55,10039,0
20110601,10.59,11.62,10.59,11.62,9950,0
20110602,11.04,11.7,11.04,11.58,3367,0
20110603,11.57,11.71,11.11,11.68,10779,0
20110606,11.68,11.91,11.1,11.91,16651,0
20110607,11.12,12,11.12,11.995,10193,0
20110608,12,12.5,11.6,11.895,12251,0
20110609,11.3,12,11.3,11.95,3140,0
20110610,11.89,11.965,11.7,11.78,3350,0
20110613,11.92,11.97,11.71,11.97,1944,0
20110614,11.965,12.35,11.71,11.785,10256,0
20110615,11.78,12.01,11.75,11.8,12985,0
20110616,11.95,12.1,11.6,11.95,13595,0
20110617,12.3,12.3,11.8,12.05,14523,0
20110620,12.1,12.13,11.85,12.095,10924,0
20110621,12.11,12.14,11.65,11.66,17579,0
20110622,11.98,12.3,11.55,12.15,14864,0
20110623,10.85,11.06,10.4,10.4,8290,0
20110624,10.505,10.75,9.66,10.5,4555,0
20110627,10.6,10.795,10.25,10.42,3760,0
20110628,10.26,10.6,10.25,10.26,1250,0
20110629,10.25,10.51,8.75,10.25,16185,0
20110630,9.65,10.5,9.65,9.75,2865,0
20110701,9.65,9.9,9.4,9.65,2380,0
20110704,9.52,9.52,9.1,9.18,10031,0
20110705,9.01,9.51,8.65,8.75,15379,0
20110706,9,9.51,9,9,1505,0
20110707,8.96,9.4,8.46,8.8,7061,0
20110708,8.9,9.3,8.9,8.9,1762,0
20110711,9.3,9.3,8.9,9,800,0
20110712,9.29,9.29,8.915,9,2160,0
20110713,9.005,9.01,9.002,9.002,70,0
20110714,9.005,9.79,8.9,9.302,2900,0
20110718,9.302,9.35,9.003,9.025,1650,0
20110719,9.252,9.4,8.7,9.025,6200,0
20110720,8.701,9.15,8.7,8.9,1890,0
20110721,9.05,9.05,8.8,8.8,1470,0
20110722,8.8,9.1,8.8,8.8,950,0
20110725,9,9.3,9,9,2080,0
20110726,9.05,9.25,9,9.05,380,0
20110727,9.05,9.3,9,9.05,3040,0
20110728,8.95,9.148,8.815,8.85,3477,0
20110729,8.815,8.978,8.815,8.815,175,0
20110801,8.95,9.528,8.915,8.915,1709,0
20110802,9.25,9.378,9,9,300,0
20110803,9,9,8.8,9,660,0
20110804,8.8,9,8.7,8.8,370,0
20110805,8.55,8.6,8.5,8.5,6185,0
20110808,8.5,8.65,8.5,8.5,1714,0
20110809,8.5,8.8,8.4,8.4,9688,0
20110810,8.4,8.86,8.4,8.4,2117,0
20110811,8.4,8.8,8.4,8.4,830,0
20110812,8.6,9,8.4,8.4,2000,0
20110815,8.414,9,8.41,8.414,1177,0
20110818,8.6,8.6,8.45,8.6,1700,0
20110819,8.4,8.6,8.4,8.4,1520,0
20110822,8.402,8.9,8.4,8.402,300,0
20110823,8.402,8.9,8.4,8.402,100,0
20110829,8.402,8.9,8.392,8.9,402,0
20110830,8.502,8.75,8.402,8.402,2549,0
20110902,8.402,8.405,8.4,8.402,6881,0
20110905,8.402,8.403,8.202,8.202,2000,0
20110906,8.202,8.202,8.2,8.202,45,0
20110908,8.202,9,8.2,8.9,2350,0
20110909,8.722,8.98,8.502,8.98,906,0
20110912,8.722,8.722,8.602,8.602,174,0
20110913,8.822,8.822,8.602,8.602,720,0
20110914,8.402,8.402,8.2,8.4,3600,0
20110915,8.52,8.52,8.024,8.3,2350,0
20110916,8.32,8.32,8.32,8.32,300,0
20110919,8.32,8.6,8.32,8.47,420,0
20110920,8.69,8.69,8.57,8.61,20,0
20110921,8.79,8.79,8.57,8.57,720,0
20110922,8.69,8.69,8.321,8.321,1700,0
20110923,8.35,8.35,8.32,8.32,2500,0
20110928,8.36,8.69,8.36,8.38,1000,0
20110929,8.36,8.71,8.36,8.38,2190,0
20111004,8.395,8.5,8.37,8.5,240,0
20111007,8.54,8.54,8.37,8.54,300,0
20111010,8.54,8.89,8.37,8.745,3040,0
20111011,8.64,8.85,8.64,8.745,225,0
20111012,8.86,8.86,8.64,8.65,150,0
20111013,8.65,8.85,8.65,8.755,30,0
20111014,8.66,8.755,8.66,8.66,650,0
20111018,8.66,8.9,8.66,8.9,500,0
20111019,8.66,8.88,8.66,8.8,760,0
20111020,8.7,8.94,8.7,8.85,1210,0
20111021,8.7,8.95,8.7,8.7,180,0
20111024,9,9.05,8.66,8.66,1455,0
20111025,8.66,9.05,8.66,8.7,1300,0
20111026,8.66,8.675,8.635,8.635,565,0
20111027,8.635,9.3,8.635,9.05,955,0
20111028,9.05,9.5,9.035,9.05,200,0
20111031,9.05,9.05,8.4,8.55,6105,0
20111102,8.386,8.8,8.386,8.635,780,0
20111103,8.5,8.9,8.485,8.9,450,0
20111104,9.11,9.11,8.785,9.1,305,0
20111107,8.5,9.1,8.4,8.4,800,0
20111108,8.485,8.598,8.46,8.598,805,0
20111109,8.5,8.5,8.4,8.485,35,0
20111110,8.485,8.5,8.385,8.485,225,0
20111111,8.4,8.599,8.385,8.4,100,0
20111114,8.425,8.599,8.401,8.401,1050,0
20111117,8.386,8.599,8.217,8.217,420,0
20111118,8.385,8.59,8.385,8.474,20,0
20111121,8.4,8.5,8.385,8.417,450,0
20111122,8.406,8.539,8.405,8.528,2000,0
20111123,8.4,8.423,8.331,8.331,1400,0
20111124,8.389,8.42,8.35,8.406,1021,0
20111125,8.37,8.401,8.351,8.401,1760,0
20111128,8.401,8.684,8.385,8.684,400,0
20111130,8.315,8.597,8.315,8.597,600,0
20111202,8.316,8.598,8.15,8.31,3300,0
20111205,8.261,8.31,7.077,7.972,4863,0
20111207,7.856,8.106,7.856,8.106,1100,0
20111208,7.954,8.11,7.936,8.026,123,0
20111209,7.95,8.137,7.935,8,300,0
20111212,8.001,8.1,7.985,8.03,1200,0
20111213,7.995,8.432,7.879,7.879,7156,0
20111214,7.71,7.88,7.706,7.78,1000,0
20111215,7.71,7.88,7.695,7.717,1130,0
20111219,7.6,7.8,7.362,7.673,7890,0
20111220,7.458,7.695,7.416,7.416,800,0
20111221,7.436,7.703,7.389,7.703,1100,0
20111222,7.45,7.5,7.425,7.476,300,0
20111223,7.471,7.741,7.455,7.737,205,0
20111227,7.455,7.73,7.439,7.73,600,0
20111229,7.426,7.713,7.426,7.713,580,0
20111230,7.486,7.745,7.486,7.5,855,0
20120102,7.477,7.879,7.477,7.879,1350,0
20120104,7.587,7.879,7.585,7.615,2080,0
20120106,7.645,7.827,7.645,7.66,329,0
20120109,7.432,7.879,7.432,7.5,1820,0
20120110,7.879,7.879,7.483,7.551,631,0
20120111,7.535,7.879,7.535,7.879,1086,0
20120112,7.55,7.88,7.55,7.879,300,0
20120113,7.565,7.879,7.563,7.879,1100,0
20120116,7.55,7.87,7.55,7.711,965,0
20120117,7.877,7.879,7.779,7.879,230,0
20120118,7.797,7.859,7.768,7.814,400,0
20120119,7.711,8.116,7.7,8.116,13630,0
20120120,8.026,8.05,7.944,7.944,300,0
20120123,8.1,8.1,8.099,8.099,1700,0
20120124,7.88,8.1,7.88,8.1,800,0
20120125,7.88,8.1,7.88,8.1,820,0
20120126,8.027,8.7,8.027,8.5,2200,0
20120127,8.358,8.68,8.219,8.4,539,0
20120130,8.269,8.4,7.7,8.241,461,0
20120201,8.402,8.895,8.179,8.179,700,0
20120202,8.5,8.895,8.433,8.895,950,0
20120203,8.4,8.944,8.4,8.438,600,0
20120206,8.444,8.699,8.44,8.448,400,0
20120207,8.444,8.698,8.44,8.698,1475,0
20120208,8.42,8.699,8.42,8.699,5000,0
20120209,8.464,8.699,8.327,8.449,5440,0
20120210,8.335,8.7,8.267,8.398,3269,0
20120213,8.25,8.788,8.25,8.41,1030,0
20120214,8.41,8.829,8.2,8.78,1420,0
20120215,8.527,8.85,8.304,8.304,1100,0
20120216,8.515,9.049,8.51,9.039,2843,0
20120220,9.11,9.11,8.874,9.076,500,0
20120222,8.872,9.249,8.872,9.249,1000,0
20120223,8.866,9.062,8.6,8.799,300,0
20120224,8.634,8.999,8.63,8.772,200,0
20120227,8.9,8.949,8.64,8.949,250,0
20120228,8.9,8.98,8.9,8.98,300,0
20120229,8.98,9.1,8.828,8.965,200,0
20120301,8.965,9.03,8.767,9.03,190,0
20120302,8.847,9.228,8.836,9.228,410,0
20120306,8.813,8.925,8.5,8.6,2710,0
20120307,8.771,8.775,8.5,8.536,343,0
20120308,8.7,8.7,8.53,8.7,1793,0
20120312,8.871,8.913,8.592,8.651,1650,0
20120313,8.871,8.871,8.509,8.832,1100,0
20120314,8.871,8.989,8.537,8.537,1200,0
20120315,8.707,8.965,8.582,8.965,800,0
20120316,8.715,9.9,8.71,9.551,9072,0
20120319,9.65,10.412,9.65,10.412,6220,0
20120320,10.21,10.395,10.05,10.051,1770,0
20120321,10.21,10.41,10.05,10.399,3900,0
20120322,10.12,10.2,10.12,10.126,1470,0
20120323,10.13,10.151,10.09,10.09,1360,0
20120326,10.125,10.495,10.035,10.161,2700,0
20120327,10.3,10.505,10.161,10.161,1510,0
20120329,10.19,10.49,10.16,10.16,350,0
20120330,10.19,10.49,10.19,10.29,650,0
20120402,10.25,10.3,10.17,10.3,2288,0
20120403,10.25,10.25,10.245,10.245,500,0
20120404,10.25,10.25,10.05,10.064,1250,0
20120405,10.25,10.299,9.702,10.104,1260,0
20120411,9.88,10.3,9.879,10.299,665,0
20120412,10.25,10.299,9.989,10.299,100,0
20120413,10.061,10.24,9.543,10.02,1143,0
20120416,9.722,10.21,9.669,9.776,147,0
20120417,9.886,10.239,9.875,10.239,30,0
20120418,10.2,10.229,10.017,10.058,304,0
20120419,10.2,10.48,9.5,9.5,6540,0
20120420,9.63,10.1,9.06,9.12,5375,0
20120423,9.099,9.552,8.75,9,5645,0
20120424,9.35,9.35,8.923,9,1625,0
20120425,9.1,9.5,8.955,9.025,2165,0
20120426,9.1,9.874,9.045,9.874,6010,0
20120427,9.517,9.552,9.476,9.5,800,0
20120430,9.69,9.99,9.69,9.9,2300,0
20120502,9.75,9.979,9.75,9.897,1193,0
20120503,9.75,9.98,9.75,9.98,2450,0
20120504,9.71,9.98,9.71,9.71,360,0
20120507,9.975,9.975,9.6,9.652,2000,0
20120508,9.5,9.895,9.5,9.885,2183,0
20120509,9.559,9.868,9.559,9.65,150,0
20120510,9.849,9.894,9.52,9.53,499,0
20120511,9.604,9.868,9.6,9.65,6710,0
20120514,9.835,9.835,9.5,9.5,5200,0
20120516,9.748,9.748,9.5,9.515,150,0
20120518,9.514,9.748,9.51,9.514,1000,0
20120521,9.54,9.748,9.513,9.513,561,0
20120523,9.748,9.748,9.55,9.554,300,0
20120524,9.748,9.895,9.528,9.554,1300,0
20120525,9.554,9.895,9.502,9.502,800,0
20120530,9.5,9.771,9.5,9.771,200,0
20120601,9.57,9.748,9.5,9.562,1640,0
20120604,9.748,10.95,9.5,9.916,23272,0
20120605,9.752,10.245,9.63,9.63,300,0
20120606,9.825,10,9.717,9.717,1500,0
20120608,9.66,10,9.35,9.5,7190,0
20120612,9.628,9.98,9.626,9.709,2000,0
20120613,9.69,9.91,9.5,9.501,1005,0
20120614,9.596,9.91,9.549,9.55,5,0
20120615,9.9,9.91,9.5,9.515,320,0
20120618,9.5,9.91,9.5,9.504,305,0
20120619,9.57,9.6,9.5,9.59,2805,0
20120620,9.566,9.854,9.5,9.535,1410,0
20120621,9.534,9.799,9.53,9.799,1005,0
20120622,8.767,9.198,8.697,8.777,1097,0
20120625,9.3,9.567,8.994,8.994,405,0
20120627,9.14,9.294,9.136,9.294,520,0
20120628,9.13,9.25,8.449,8.449,1647,0
20120629,8.893,9.25,8.363,8.363,1505,0
20120702,8.896,8.896,8.44,8.6,484,0
20120703,8.6,8.896,8.55,8.6,1000,0
20120704,8.896,9.079,8.61,9.079,1417,0
20120705,9,9.305,9,9,1005,0
20120706,9.02,9.28,9.02,9.063,953,0
20120709,9.25,9.675,9.23,9.5,6670,0
20120710,9.401,9.61,9.38,9.499,486,0
20120711,9.399,9.499,9.23,9.499,260,0
20120713,9.373,9.495,9.235,9.235,255,0
20120716,9.594,9.699,9.29,9.65,2350,0
20120717,9.594,9.594,9.314,9.333,1950,0
20120718,9.38,9.7,9.255,9.645,1130,0
20120719,9.36,9.7,9.343,9.599,2400,0
20120720,9.594,9.79,9.274,9.79,1000,0
20120723,9.594,9.594,9.429,9.429,110,0
20120724,9.55,9.599,9.484,9.599,660,0
20120725,9.594,9.594,9.38,9.4,1000,0
20120726,9.234,9.594,9.234,9.559,1600,0
20120730,9.594,9.594,9.23,9.244,1050,0
20120731,9.241,9.655,9.221,9.607,651,0
20120801,9.283,9.809,9.268,9.675,3790,0
20120802,9.675,9.899,9.424,9.756,261,0
20120803,9.756,9.9,9.484,9.7,620,0
20120806,9.7,9.7,9.19,9.675,521,0
20120807,9.675,9.808,9.167,9.808,300,0
20120808,9.808,9.808,9.168,9.724,500,0
20120809,9.724,9.724,9.168,9.715,1010,0
20120814,9.732,9.792,9.636,9.792,500,0
20120815,9.65,9.94,9.537,9.837,570,0
20120817,9.842,9.999,9.557,9.847,610,0
20120820,9.847,10,9.577,9.832,2000,0
20120821,9.664,9.949,9.543,9.792,300,0
20120822,9.83,9.83,9.663,9.812,1150,0
20120823,9.664,9.96,9.546,9.815,950,0
20120824,9.815,9.821,9.549,9.821,200,0
20120827,9.674,9.821,9.558,9.81,100,0
20120830,9.684,9.967,9.547,9.831,350,0
20120831,9.831,9.847,9.55,9.818,2475,0
20120903,9.685,9.839,9.568,9.839,100,0
20120904,9.568,9.839,9.568,9.8,570,0
20120905,9.604,9.8,9.567,9.745,300,0
20120911,9.555,9.945,9.439,9.777,424,0
20120912,9.777,9.781,9.488,9.781,200,0
20120913,9.489,9.957,9.489,9.797,990,0
20120914,9.797,9.797,9.498,9.759,600,0
20120918,9.724,9.884,9.544,9.728,330,0
20120920,9.438,9.726,9.438,9.725,100,0
20120921,9.439,10.2,9.439,10,5660,0
20120926,9.839,9.863,9.614,9.863,100,0
20120927,9.863,9.863,9.608,9.83,165,0
20120928,9.83,9.83,9.608,9.817,1000,0
20121001,9.817,9.9,9.584,9.828,5100,0
20121003,9.82,9.846,9.587,9.846,1000,0
20121004,9.73,10,9.613,9.858,750,0
20121009,9.607,9.86,9.607,9.854,1000,0
20121010,9.854,9.854,9.587,9.75,500,0
20121011,9.75,9.814,9.608,9.814,100,0
20121012,9.814,9.848,9.583,9.848,500,0
20121015,9.848,9.848,9.684,9.721,600,0
20121016,9.623,9.74,9.57,9.598,4850,0
20121017,9.598,9.7,9.419,9.697,900,0
20121019,9.742,9.97,9.488,9.755,950,0
20121022,9.624,9.755,9.508,9.739,140,0
20121023,9.739,9.741,9.459,9.741,2600,0
20121025,9.554,9.741,9.415,9.732,100,0
20121026,9.732,9.732,9.439,9.732,30,0
20121029,9.555,9.752,9.554,9.752,100,0
20121030,9.752,9.9,9.6,9.759,800,0
20121031,9.604,9.92,9.45,9.797,1540,0
20121101,9.801,9.818,9.45,9.818,150,0
20121106,9.624,10.3,9.615,10.25,8090,0
20121107,10.25,10.495,10.015,10.15,1250,0
20121109,9.993,9.993,9.654,9.878,600,0
20121112,9.878,10.075,9.624,9.851,560,0
20121114,9.855,9.885,9.654,9.885,600,0
20121115,9.885,9.885,9.7,9.858,100,0
20121116,9.858,10,9.704,10,1153,0
20121119,10,10,9.948,9.95,300,0
20121120,9.858,9.95,9.764,9.895,250,0
20121122,9.8,9.902,9.2,9.846,4840,0
20121123,9.846,9.847,9.2,9.847,500,0
20121127,10.01,10.01,9.2,9.844,257,0
20121128,9.844,9.844,9.2,9.828,50,0
20121129,9.828,9.828,9.2,9.8,25,0
20121130,9.674,9.844,9.2,9.844,1000,0
20121203,9.844,9.999,9.67,9.765,800,0
20121204,9.684,9.85,9.67,9.844,500,0
20121205,9.844,9.989,9.694,9.852,500,0
20121213,9.794,9.909,9.65,9.792,700,0
20121218,9.65,9.788,9.551,9.73,1362,0
20121219,9.73,9.92,9.534,9.803,4033,0
20121221,9.8,9.8,9.55,9.798,4100,0
20121227,9.527,9.798,9.22,9.619,7582,0
20121228,9.362,9.83,9.342,9.55,25,0
20130103,9.78,9.995,9.7,9.905,500,0
20130104,9.79,9.905,9.79,9.903,700,0
20130107,9.821,10.19,9.8,10.19,3020,0
20130108,9.975,10.195,9.975,10.195,300,0
20130109,10.195,10.396,9.975,10.215,800,0
20130110,10.03,10.215,10.03,10.215,280,0
20130111,10.05,10.215,10.03,10.215,40,0
20130115,10.03,10.215,10.03,10.215,150,0
20130117,10.03,10.215,10.03,10.215,530,0
20130121,10.03,10.379,10.03,10.15,1420,0
20130123,10.105,10.2,9.995,10.1,3030,0
20130124,10,10.1,10,10.061,1508,0
20130125,10.05,10.1,10.03,10.03,2860,0
20130128,10.03,10.05,10.03,10.05,5710,0
20130129,10.03,10.05,10.03,10.05,1000,0
20130130,10.05,10.08,10,10,2560,0
20130131,10.03,10.199,10.03,10.199,430,0
20130201,9.99,10.351,9.99,10.351,200,0
20130204,10.03,10.374,9.867,10.374,3250,0
20130205,10.03,10.05,10.03,10.05,2000,0
20130207,9.9,10.294,9.9,10.294,100,0
20130208,10.295,10.375,10.11,10.375,5870,0
20130211,10.3,10.38,10.25,10.38,2495,0
20130212,10.37,10.501,10.35,10.501,1000,0
20130213,10.57,10.99,10.5,10.99,1920,0
20130214,10.9,11.115,10.613,11.115,2890,0
20130215,10.6,11.2,10.58,10.71,981,0
20130218,10.64,10.8,10.605,10.605,1079,0
20130219,10.63,10.8,10.63,10.7,300,0
20130220,10.64,10.8,10.64,10.66,1980,0
20130221,10.64,11.33,10.6,10.654,6640,0
20130222,10.68,10.8,10.63,10.63,800,0
20130225,10.63,10.8,10.63,10.65,1000,0
20130226,10.8,10.8,10.63,10.65,500,0
20130305,9.6,10.8,9.6,10.53,1335,0
20130306,10.505,10.65,10.48,10.649,280,0
20130307,10.65,10.65,10.48,10.505,100,0
20130308,10.58,10.65,10.58,10.64,650,0
20130311,10.64,10.98,10.64,10.975,2039,0
20130312,10.64,10.995,10.64,10.995,661,0
20130313,10.93,10.951,10.93,10.93,2300,0
20130314,10.93,10.95,10.93,10.95,500,0
20130315,10.98,11.467,10.96,11,2184,0
20130318,10.98,11.48,10.751,11.301,2580,0
20130319,11.035,11.48,10.95,10.95,1054,0
20130320,11.035,11.339,10.78,11.339,11,0
20130321,10.79,11.25,10.79,11.25,100,0
20130322,11.035,11.035,10.8,10.824,400,0
20130325,11.035,11.295,10.8,10.81,650,0
20130326,11.035,11.035,10.515,10.515,11500,0
20130327,10.95,10.95,10.48,10.8,1000,0
20130403,10.56,10.95,10.56,10.604,300,0
20130404,10.95,10.95,10.58,10.9,100,0
20130405,10.58,10.9,10.58,10.596,149,0
20130408,10.895,10.895,10.52,10.54,284,0
20130411,10.875,10.899,10.49,10.899,1340,0
20130412,10.51,10.875,10.49,10.872,19,0
20130415,10.875,10.9,10.5,10.9,460,0
20130417,10.52,10.875,10.5,10.523,1700,0
20130418,10.875,10.875,10.5,10.5,1900,0
20130419,10.875,10.894,10.48,10.894,100,0
20130422,10.48,10.934,10.48,10.5,300,0
20130423,10.875,10.875,10.48,10.534,784,0
20130424,10.5,10.755,10.48,10.51,2250,0
20130425,10.52,10.755,10.48,10.5,1450,0
20130426,10.5,10.885,10.48,10.53,1856,0
20130429,10.97,11.107,10.97,11.107,770,0
20130430,11.11,11.247,10.87,11.247,984,0
20130502,10.7,11.236,10.7,11.236,2960,0
20130506,10.69,11.25,10.25,10.35,11763,0
20130507,10.25,10.895,10.06,10.895,2750,0
20130508,10.33,10.745,10.24,10.5,760,0
20130509,10.112,10.479,10.09,10.479,350,0
20130510,10.2,10.47,10.18,10.2,680,0
20130513,10.05,10.379,10.02,10.379,1876,0
20130514,10.3,10.3,10,10,2100,0
20130515,10.3,10.3,9.867,10,250,0
20130516,9.98,10.3,9.98,10.25,400,0
20130517,10.3,10.345,9.957,9.957,360,0
20130520,10.3,10.38,9.858,9.976,970,0
20130521,9.941,10.455,9.941,10.445,1550,0
20130522,9.98,10.445,9.98,10.445,1095,0
20130523,10.3,10.3,9.752,10.245,2700,0
20130524,10,10.3,9.823,10,1300,0
20130527,10.245,10.3,9.872,10.27,1078,0
20130529,10,10.3,10,10.29,1200,0
20130530,10.245,10.3,9.764,10.3,488,0
20130531,10.235,10.3,9.76,10.03,915,0
20130603,10.03,10.3,10.03,10.199,1780,0
20130604,10.2,10.2,10.03,10.1,700,0
20130605,10.08,10.195,10,10.19,200,0
20130606,10.195,10.195,10,10.1,200,0
20130607,9.9,10.325,9.733,9.924,2800,0
20130610,9.935,10.195,9.814,9.95,1159,0
20130611,10.195,10.242,9.794,10.22,990,0
20130612,10.014,10.245,9.994,10.245,400,0
20130613,10.195,10.25,10.08,10.1,1885,0
20130614,10.195,10.37,10.06,10.06,3600,0
20130617,10.3,10.45,10,10.072,11245,0
20130618,10.07,10.434,10,10.245,2146,0
20130619,9.85,10.162,9.676,10.162,5116,0
20130620,9.694,10.095,9.694,9.714,600,0
20130621,8.72,9.789,8.72,9.789,1100,0
20130624,9.595,9.595,9.135,9.357,255,0
20130625,9.404,9.774,9.384,9.774,100,0
20130627,9.595,9.595,9.299,9.299,990,0
20130628,9.595,9.766,9.334,9.749,430,0
20130701,9.334,9.595,9.334,9.4,430,0
20130702,9.595,9.595,9.334,9.351,100,0
20130703,9.35,9.595,9.33,9.4,212,0
20130705,9.35,9.724,9.33,9.724,201,0
20130708,9.35,9.399,9.22,9.22,300,0
20130709,9.024,9.394,8.75,8.956,2329,0
20130710,8.956,9.395,8.73,8.999,2200,0
20130712,8.904,9.369,8.754,8.754,5,0
20130715,9.009,9.308,8.8,8.985,555,0
20130716,9.007,9.317,8.75,8.88,3825,0
20130717,8.909,9.295,8.892,8.906,5,0
20130718,8.899,9.274,8.875,8.913,210,0
20130722,9.27,9.27,8.913,8.933,150,0
20130725,8.918,9.261,8.88,8.9,300,0
20130726,8.931,9.245,8.909,8.941,300,0
20130730,8.995,9.244,8.985,8.997,270,0
20130731,9.198,9.239,8.93,8.965,643,0
20130801,9.198,9.495,8.998,9.495,900,0
20130802,9.121,9.467,9.102,9.236,305,0
20130805,9.266,9.5,9.245,9.25,10,0
20130806,9.273,9.273,9.249,9.268,100,0
20130807,9.268,9.7,9.227,9.508,2200,0
20130808,9.381,9.543,9.227,9.543,255,0
20130809,9.38,9.52,9.219,9.219,315,0
20130812,9.38,9.53,9.231,9.53,305,0
20130813,9.4,9.523,9.254,9.456,705,0
20130814,9.451,9.451,9.247,9.247,1100,0
20130815,9.256,9.432,9.201,9.201,616,0
20130819,9.195,9.432,8.951,9.202,1200,0
20130820,8.998,9.294,8.973,9.294,7,0
20130821,9.024,9.251,8.975,9.026,255,0
20130822,9.016,9.279,9.003,9.06,100,0
20130823,9.055,9.228,9.035,9.201,8,0
20130826,9.227,9.245,9.195,9.245,228,0
20130828,9.228,9.228,9,9,1776,0
20130829,9.011,9.228,8.98,8.98,262,0
20130830,9.009,9.009,8.98,8.982,180,0
20130902,9.016,9.071,9,9.054,1230,0
20130903,8.965,9.037,8.965,9.01,200,0
20130905,8.979,9.037,8.979,8.98,200,0
20130909,8.97,9.1,8.97,9.09,900,0
20130910,9.039,9.153,8.99,9.153,1200,0
20130911,9.004,9.15,8.997,9.15,1050,0
20130913,9.023,9.1,9.02,9.1,888,0
20130916,9.1,9.22,9.039,9.1,5,0
20130917,9.053,9.17,9.05,9.17,5,0
20130918,9.065,9.184,9.065,9.079,1305,0
20130919,9.108,9.145,9.082,9.082,189,0
20130920,9.131,9.175,9.08,9.1,705,0
20130923,9.131,9.145,9.06,9.124,1206,0
20130924,9.124,9.127,9.069,9.127,425,0
20130925,9.072,9.195,9.06,9.194,350,0
20130926,9.194,9.194,9.068,9.1,100,0
20130927,9.068,9.148,9,9.067,11884,0
20130930,9.076,9.1,8.972,9.075,1875,0
20131001,9.02,9.074,8.644,9.073,3776,0
20131002,9.046,9.046,8.78,9.018,300,0
20131003,9,9.032,8.836,9.032,115,0
20131004,9,9.053,8.833,9,600,0
20131007,9.026,9.026,8.831,9.011,120,0
20131008,9.032,9.05,9.01,9.013,150,0
20131010,9.031,9.108,9.01,9.047,200,0
20131011,9.047,9.175,9.022,9.087,250,0
20131014,9.092,9.168,9.074,9.088,300,0
20131015,9.127,9.15,9.07,9.13,688,0
20131016,9.15,9.169,9.13,9.15,1060,0
20131017,9.15,9.151,9.108,9.108,400,0
20131021,9.16,9.2,9.074,9.187,700,0
20131022,9.093,9.16,9.073,9.11,50,0
20131023,9.16,9.163,9.035,9.081,1130,0
20131025,9.03,9.202,9.01,9.01,330,0
20131028,9.042,9.216,9.021,9.031,1220,0
20131029,9.16,9.24,9.035,9.081,640,0
20131030,9.171,9.235,9.145,9.235,1990,0
20131031,9.14,9.24,9.14,9.14,880,0
20131101,9.144,9.295,9.14,9.287,830,0
20131104,9.327,9.327,9.254,9.269,1300,0
20131105,9.213,9.306,9.1,9.16,2008,0
20131106,9.105,9.274,9.104,9.16,100,0
20131107,9.18,9.329,9.16,9.187,2065,0
20131108,9.254,9.29,9.16,9.29,250,0
20131111,9.2,9.344,9.2,9.344,200,0
20131112,9.254,9.317,9.2,9.317,75,0
20131113,9.21,9.39,9.21,9.3,4140,0
20131114,9.39,9.41,9.368,9.388,880,0
20131115,9.375,9.425,9.337,9.4,400,0
20131118,9.4,9.59,9.4,9.59,770,0
20131119,9.5,9.674,9.48,9.664,550,0
20131120,9.56,9.561,9.54,9.56,620,0
20131121,9.54,9.667,9.54,9.667,1792,0
20131122,9.496,9.695,9.483,9.485,700,0
20131125,9.56,9.594,9.498,9.594,200,0
20131126,9.501,9.599,9.481,9.599,1000,0
20131128,9.488,9.6,9.488,9.499,2970,0
20131129,9.425,9.5,9.4,9.5,950,0
20131204,9.422,9.493,9.35,9.35,8620,0
20131205,9.37,9.569,9.349,9.559,600,0
20131206,9.344,9.487,9.344,9.46,800,0
20131209,9.487,9.543,9.33,9.361,500,0
20131210,9.361,9.59,9.361,9.59,2000,0
20131211,9.356,9.487,9.356,9.411,370,0
20131212,9.487,9.539,9.41,9.425,1800,0
20131213,9.472,9.487,9.41,9.41,900,0
20131216,9.43,9.539,9.381,9.4,2900,0
20131217,9.39,9.421,9.35,9.366,600,0
20131218,9.421,9.441,8.7,9.385,100,0
20131219,9.393,9.487,9.35,9.351,890,0
20131220,9.37,9.413,9.18,9.18,3900,0
20131223,9.413,9.413,9.3,9.3,1710,0
20131227,9.42,9.5,9.302,9.5,4662,0
20131230,9.402,9.5,9.401,9.404,410,0
20140102,9.49,9.498,9.404,9.498,500,0
20140103,9.404,9.48,9.404,9.42,100,0
20140107,9.474,9.59,9.422,9.59,1300,0
20140108,9.464,9.6,9.464,9.6,630,0
20140109,9.5,9.589,9.46,9.5,350,0
20140110,9.445,9.637,9.445,9.462,660,0
20140113,9.5,9.627,8.7,9.627,1090,0
20140115,9.604,9.672,9.604,9.672,1060,0
20140122,9.668,9.681,9.634,9.664,100,0
20140123,9.647,9.69,9.634,9.69,1370,0
20140124,9.676,9.676,9.55,9.635,2440,0
20140127,9.646,9.646,9.255,9.427,2705,0
20140129,9.595,9.595,9.366,9.366,360,0
20140130,9.216,9.49,9.216,9.4,400,0
20140131,9.47,9.5,9.293,9.5,800,0
20140203,9.31,9.589,9.31,9.351,250,0
20140204,9.519,9.519,9.31,9.474,600,0
20140205,9.346,9.6,9.346,9.6,700,0
20140206,9.6,10.664,9.451,9.997,6250,0
20140207,9.8,10.7,9.8,10.7,8032,0
20140210,10.65,10.705,10.04,10.4,4594,0
20140211,10.38,10.38,10.2,10.38,3686,0
20140212,10.45,10.54,10.295,10.39,2342,0
20140213,10.41,10.55,10.39,10.55,1010,0
20140214,10.42,10.485,10.35,10.35,577,0
20140217,10.34,10.48,10.208,10.475,210,0
20140218,10.475,10.5,10.225,10.499,1671,0
20140219,10.214,10.47,10.214,10.427,3082,0
20140220,10.373,10.59,10.21,10.59,2150,0
20140221,10.46,10.61,10.327,10.465,1190,0
20140224,10.62,10.755,10.5,10.65,3140,0
20140225,10.76,10.999,10.6,10.999,1509,0
20140226,10.798,11.21,10.79,10.95,5970,0
20140227,10.943,11.1,10.943,11,1200,0
20140228,11.025,11.2,11,11.115,1200,0
20140303,11.005,11.219,10.9,11,4211,0
20140304,11.059,11.1,10.9,10.9,243,0
20140305,11,11.11,10.88,10.95,1622,0
20140306,10.9,11.1,10.9,11,1410,0
20140307,11.06,11.077,10.95,10.95,700,0
20140310,11.02,11.2,10.9,10.95,1919,0
20140311,10.946,11.13,10.946,10.95,100,0
20140312,11.234,11.65,10.96,11.255,7511,0
20140313,11.276,11.365,11.13,11.265,4480,0
20140314,11.13,11.371,11,11.25,1620,0
20140317,11.435,11.63,11.12,11.2,5395,0
20140318,11.209,11.484,11.2,11.22,100,0
20140319,11.234,11.495,11.2,11.475,2200,0
20140320,11.445,11.5,11.26,11.385,2190,0
20140321,11.334,11.44,11.2,11.2,1250,0
20140324,11.2,11.615,11.2,11.615,900,0
20140325,11.265,11.424,10.94,11.1,2557,0
20140326,11.1,11.4,10.95,10.96,1400,0
20140327,10.978,11.195,10.901,10.96,250,0
20140328,10.96,11.335,10.6,11,4084,0
20140331,11.015,11.3,10.67,11.01,1250,0
20140401,11.175,11.175,11.025,11.151,25,0
20140402,11.174,11.235,10.655,10.75,3465,0
20140403,10.577,11.28,10.575,10.865,1300,0
20140404,10.879,11.249,10.879,11.05,840,0
20140407,10.88,11.15,10.775,11.025,1100,0
20140408,11.015,11.15,10.6,10.7,100,0
20140409,10.7,10.95,10.7,10.7,800,0
20140410,10.719,10.963,10.7,10.7,1047,0
20140411,10.79,10.895,10.36,10.5,2052,0
20140414,10.5,10.736,10.415,10.585,1200,0
20140415,10.433,10.715,10.31,10.42,905,0
20140416,10.63,12.48,10.465,12.1,19100,0
20140417,12,12.45,11.8,12.195,3419,0
20140422,12.295,12.295,11.851,11.95,4980,0
20140423,12.089,12.2,11.95,12.08,1537,0
20140424,12.29,12.29,12.105,12.2,750,0
20140425,12.2,12.23,12,12.02,614,0
20140428,12.034,12.3,12.02,12.02,1940,0
20140429,12.11,12.286,12.02,12.02,510,0
20140430,12.02,12.33,12.001,12.035,2440,0
20140502,12.335,12.5,12.1,12.305,11225,0
20140505,12.49,12.72,12.15,12.696,6307,0
20140506,12.525,12.77,12.5,12.56,4265,0
20140507,12.56,12.97,12.56,12.8,5864,0
20140508,12.88,13.1,12.715,13.066,3486,0
20140509,13.085,13.678,13,13.485,4685,0
20140512,13.68,14.18,13.3,13.6,5565,0
20140513,13.605,13.88,13.51,13.51,7544,0
20140514,13.66,13.895,13.5,13.5,7662,0
20140515,13.634,13.645,13.3,13.51,3637,0
20140516,13.58,13.823,13.51,13.58,6703,0
20140519,13.725,13.84,13.55,13.61,2723,0
20140520,13.612,13.64,13.528,13.55,770,0
20140521,13.51,13.6,13.51,13.58,1650,0
20140522,13.62,13.9,13.51,13.7,10369,0
20140523,13.704,13.95,13.6,13.95,4075,0
20140526,13.8,13.914,13.7,13.78,4180,0
20140527,13.79,13.89,13.7,13.81,4790,0
20140528,13.875,14.17,13.8,14.148,24320,0
20140529,14.143,14.48,13.98,14.415,5430,0
20140530,14.459,14.979,14.25,14.7,15027,0
20140602,14.996,14.997,13.8,14.5,12840,0
20140603,14.625,14.95,14.5,14.85,4721,0
20140604,14.825,14.939,14.657,14.75,6267,0
20140605,14.8,14.984,14.75,14.825,6252,0
20140606,14.915,14.995,14.83,14.979,18666,0
20140609,14.965,15.2,14.95,15.1,7735,0
20140610,15.499,15.5,15,15.2,8943,0
20140611,15.29,15.37,14.75,15.25,4161,0
20140612,15.379,15.73,15,15.47,22975,0
20140613,15.599,15.69,15.44,15.469,8268,0
20140616,15.515,15.59,15.2,15.35,6853,0
20140617,15.425,15.43,15.065,15.165,12330,0
20140618,15.199,15.3,14.728,15.2,12532,0
20140619,14.9,15.13,12.75,13.1,7725,0
20140620,13.175,13.599,13.1,13.25,1580,0
20140623,13.6,13.83,12.863,12.94,4838,0
20140624,13.549,13.599,12.96,13.3,2118,0
20140625,13.6,13.835,13.3,13.3,1527,0
20140626,13.145,13.3,12.95,12.95,500,0
20140627,13.135,13.3,12.365,12.625,8610,0
20140630,12.64,12.86,12.41,12.45,450,0
20140701,12.805,13.494,12.4,12.4,1450,0
20140702,13.105,13.45,12.7,12.7,1646,0
20140703,12.98,13.25,12.7,12.7,628,0
20140704,13.155,13.155,12.7,13.12,100,0
20140707,13.125,13.125,12.45,12.455,220,0
20140708,12.465,13.175,12.45,12.46,1270,0
20140709,12.84,13.199,12.405,12.46,1300,0
20140710,12.815,12.825,12.4,12.42,380,0
20140711,12.465,12.625,12.3,12.625,2496,0
20140714,12.635,12.665,12.3,12.615,825,0
20140715,12.61,12.61,12.3,12.3,773,0
20140717,12.61,12.91,12.3,12.3,1075,0
20140718,12.53,12.535,12.3,12.315,750,0
20140721,12.54,12.54,12.3,12.3,1925,0
20140722,12.56,12.56,12.3,12.3,225,0
20140724,12.48,12.5,12.3,12.385,900,0
20140725,12.94,12.95,12.3,12.89,615,0
20140728,12.595,12.749,12.3,12.3,1150,0
20140729,12.265,12.4,11.725,11.73,7880,0
20140730,11.8,12.89,11.55,12.79,5327,0
20140731,12.87,12.99,12.57,12.6,13531,0
20140801,12.5,12.792,12.49,12.5,2056,0
20140804,12.91,12.91,12,12,1460,0
20140805,12.215,12.5,11.925,12,150,0
20140806,12.004,12.5,12,12.05,420,0
20140807,12.175,12.51,12,12.05,2670,0
20140808,12.004,12.295,11.12,11.42,5220,0
20140811,11.835,12.25,11.301,12,2514,0
20140812,12.195,12.4,11.755,12.25,1280,0
20140813,12.35,12.39,11.785,12.25,983,0
20140814,12.305,12.6,11.925,12.12,1600,0
20140815,12.124,12.6,12.12,12.41,500,0
20140818,12.435,12.645,12.21,12.599,1130,0
20140819,12.43,12.645,12.21,12.55,439,0
20140820,12.256,12.895,12.255,12.45,1839,0
20140821,12.545,12.545,12.214,12.3,100,0
20140822,12.3,12.535,12.214,12.535,41,0
20140825,12.695,12.85,12.215,12.45,760,0
20140827,12.595,12.795,12.394,12.45,52,0
20140829,12.55,12.795,12.215,12.625,740,0
20140901,12.625,12.68,12.25,12.25,250,0
20140902,12.47,12.68,12.25,12.25,210,0
20140903,12.47,12.68,12.25,12.25,1150,0
20140904,12.47,12.68,12.25,12.3,300,0
20140905,12.47,12.68,12.21,12.49,1700,0
20140908,12.46,12.68,12.24,12.5,1640,0
20140909,12.5,12.68,12.45,12.45,1200,0
20140910,12.55,12.68,12.45,12.47,2000,0
20140911,12.56,12.67,12.45,12.65,3000,0
20140912,12.62,12.68,12.45,12.45,401,0
20140915,12.45,12.68,12.45,12.45,500,0
20140916,12.565,12.67,12.45,12.45,100,0
20140917,12.565,12.68,12.45,12.45,1173,0
20140918,12.455,12.665,12.45,12.565,80,0
20140922,12.595,12.679,12.51,12.645,765,0
20140924,12.645,12.665,12.6,12.6,50,0
20140925,12.645,12.665,12.6,12.6,100,0
20140926,12.645,12.68,12.6,12.6,50,0
20140929,12.6,12.68,12.6,12.6,660,0
20140930,12.64,12.64,12.51,12.51,600,0
20141001,12.71,12.725,12.411,12.514,500,0
20141002,12.514,12.73,12.51,12.51,775,0
20141006,12.53,12.55,12.51,12.51,177,0
20141007,12.53,12.55,12.45,12.46,160,0
20141008,12.5,12.55,12.2,12.21,1300,0
20141009,12.375,12.55,12.2,12.21,70,0
20141010,12.2,12.375,11.7,12.21,3384,0
20141013,12.21,12.21,11.704,11.75,3476,0
20141014,11.975,12.1,11.62,11.65,560,0
20141015,12.03,12.03,11.64,11.65,610,0
20141016,12.02,12.245,11.5,11.886,710,0
20141020,12.295,12.484,11.557,11.895,3355,0
20141021,11.83,12.211,11.504,11.578,620,0
20141022,11.59,12.48,11.59,11.975,942,0
20141023,12.04,12.04,11.35,11.769,2824,0
20141031,12.2,12.679,11.734,11.815,600,0
20141103,12.105,12.47,11.734,12.053,3700,0
20141104,12.03,12.75,12.01,12.55,5000,0
20141105,12.675,13.38,12.514,12.64,4254,0
20141106,12.68,13.8,12.46,13.012,5134,0
20141107,13.405,13.85,13.01,13.6,5733,0
20141110,13.91,14.99,13.85,14.37,45592,0
20141111,14.705,14.899,14.55,14.75,14871,0
20141112,14.894,15.5,14.75,15.116,20504,0
20141113,15.49,15.64,14.851,14.9,13423,0
20141114,14.96,15.25,14.9,14.9,2274,0
20141117,15.239,15.24,14.722,14.722,3100,0
20141118,15.075,15.075,14.426,14.426,2299,0
20141119,14.7,14.87,14.142,14.324,8988,0
20141120,14.834,14.834,14.155,14.371,1560,0
20141121,14.35,14.87,14.35,14.413,2820,0
20141124,14.68,15.3,14.35,14.359,6265,0
20141125,14.76,15.05,14.192,14.192,1172,0
20141126,14.45,14.85,14.42,14.472,8762,0
20141127,14.64,14.742,14.1,14.1,3050,0
20141128,14.5,14.599,14.221,14.221,50,0
20141201,14.615,14.7,14.25,14.48,835,0
20141202,14.48,14.649,14.176,14.176,20,0
20141203,14.27,14.5,14.069,14.069,805,0
20141204,14.425,14.65,14.148,14.29,2350,0
20141205,14.415,14.66,14.18,14.35,350,0
20141208,14.475,14.639,14.267,14.267,1724,0
20141209,14.22,14.639,14.1,14.1,880,0
20141210,14.495,14.63,13.554,13.932,6847,0
20141211,14.155,14.48,13.7,14.115,870,0
20141212,13.9,14.19,13.7,13.7,125,0
20141215,14.447,14.45,13.651,13.651,350,0
20141216,13.81,14.05,13.446,13.446,4200,0
20141217,13.55,13.715,13.354,13.354,120,0
20141218,13.675,13.915,13.55,13.701,900,0
20141219,14.045,14.45,13.55,13.662,690,0
20141222,13.7,14.35,13.62,13.85,954,0
20141223,13.655,14.299,13.654,13.948,188,0
20141229,14.025,14.289,13.13,13.6,690,0
20150102,14.394,14.394,13.814,13.908,814,0
20150105,14.09,14.25,13.85,13.934,2240,0
20150106,13.934,14.12,13.934,13.934,1,0
20150107,13.934,14.25,13.934,14,995,0
20150108,14.15,14.3,14,14.004,35,0
20150109,14.3,14.32,13.995,14.047,2325,0
20150112,14.185,14.38,14,14.071,1610,0
20150113,14.1,14.45,13.982,14.003,220,0
20150114,14.2,14.3,13.915,13.915,1900,0
20150115,14.125,14.33,13.963,13.963,5950,0
20150116,14.255,14.49,14.005,14.2,650,0
20150119,14.005,14.4,13.921,14.057,3200,0
20150120,14.26,14.4,13.887,13.887,1855,0
20150121,14.21,14.36,13.994,13.994,60,0
20150122,14.22,14.34,13.902,13.902,1620,0
20150123,14.195,14.41,14.06,14.062,2137,0
20150126,14.355,14.5,14.05,14.2,3490,0
20150127,14.401,14.5,14.004,14.004,2224,0
20150129,14.345,14.44,14.08,14.08,282,0
20150130,14.3,14.44,14.02,14.3,4780,0
20150202,14.465,14.549,14.14,14.36,1065,0
20150203,14.36,14.6,14.3,14.36,2150,0
20150204,14.5,14.6,14.235,14.235,1828,0
20150205,14.505,14.57,14.287,14.287,362,0
20150206,14.57,14.7,14.25,14.353,5450,0
20150209,14.64,14.895,14.356,14.356,732,0
20150210,14.47,14.755,14.407,14.407,1391,0
20150211,14.685,15.183,14.47,14.753,2797,0
20150212,14.835,15.175,14.685,15.01,485,0
20150213,14.904,15.045,14.635,14.715,1285,0
20150216,14.905,15.045,14.63,14.695,1500,0
20150217,14.8,15.14,14.79,14.79,1100,0
20150218,14.9,15.175,14.866,14.866,1335,0
20150220,15,15.2,14.817,14.817,510,0
20150223,15,15.025,14.736,14.736,2560,0
20150224,14.905,15.099,14.79,14.79,1185,0
20150225,14.905,15.005,14.6,14.635,3341,0
20150226,14.63,15.1,14.63,14.635,1300,0
20150227,14.89,15.2,14.852,14.852,1220,0
20150302,15.05,15.069,14.097,14.501,1483,0
20150303,14.36,15,14.36,14.589,714,0
20150304,14.5,15,14.32,14.32,200,0
20150305,14.5,14.975,14.48,14.48,438,0
20150306,14.52,14.975,14.52,14.8,2138,0
20150309,14.815,14.975,14.64,14.8,2376,0
20150310,14.82,14.975,14.55,14.55,620,0
20150311,14.79,14.975,14.55,14.55,1560,0
20150312,14.55,14.985,14.515,14.55,920,0
20150313,14.57,15,14.55,14.58,545,0
20150316,14.57,15,14.5,14.55,2990,0
20150317,14.6,14.825,14.55,14.55,2435,0
20150318,14.825,14.99,14.601,14.611,1005,0
20150319,14.605,14.966,14.604,14.627,270,0
20150320,14.65,14.825,14.55,14.55,100,0
20150323,14.82,14.985,14.571,14.571,930,0
20150324,14.67,14.97,14.592,14.592,350,0
20150325,14.71,15,14.55,14.589,1030,0
20150326,14.93,14.95,14.573,14.573,550,0
20150327,14.955,15.145,14.754,15,7387,0
20150330,14.995,15.15,14.79,14.79,3135,0
20150331,15,15.2,15,15,1835,0
20150401,15,15.6,14.6,14.954,3712,0
20150402,15.49,15.62,15.15,15.15,2758,0
20150407,15.69,15.75,15.449,15.749,7088,0
20150408,15.705,16.26,15.7,16.26,3422,0
20150409,16.36,16.461,16.36,16.4,3063,0
20150410,16.399,16.401,16.151,16.4,1350,0
20150413,16.099,16.469,15.901,15.901,780,0
20150414,15.95,16.434,15.95,16.425,948,0
20150415,16.1,16.438,16.1,16.438,680,0
20150416,16.1,16.25,16.1,16.2,4944,0
20150417,16.2,16.4,16.1,16.1,1200,0
20150420,15.859,15.92,15.75,15.83,1742,0
20150421,15.77,16.24,15.77,16.236,1732,0
20150422,15.823,16.24,15.823,16.24,129,0
20150423,16.19,18.177,16.19,17.98,15584,0
20150424,18.125,18.26,17.65,18.137,16306,0
20150427,17.93,18.1,17.71,17.92,6184,0
20150428,17.82,17.999,17.709,17.9,5478,0
20150429,17.899,18.149,17.8,17.899,5857,0
20150430,17.9,18.25,17.79,17.79,5318,0
20150504,18.2,20.45,18.2,19.2,17239,0
20150505,19.3,20.1,19.3,19.651,9457,0
20150506,19.65,20.1,19.65,19.95,6810,0
20150507,19.85,20.199,19.509,19.989,4196,0
20150508,19.99,19.999,19.761,19.8,2100,0
20150511,19.761,20,19.761,19.99,4538,0
20150512,19.81,20.2,19.81,20.2,1985,0
20150513,20.6,21.5,20.6,21.399,3052,0
20150515,20.86,21.5,20.86,21.199,3900,0
20150518,21.199,21.5,21.001,21.2,4417,0
20150519,21,21.825,21,21.06,1771,0
20150520,21.054,21.129,21.001,21.021,1383,0
20150521,21.03,21.458,21.03,21.45,885,0
20150522,21.6,21.989,21.6,21.989,3872,0
20150526,21.705,22.785,21.705,21.964,10597,0
20150527,22.35,22.35,21.951,21.951,2314,0
20150528,21.782,22.694,21.782,21.85,1736,0
20150529,21.999,22.1,21.6,22.09,1811,0
20150601,22.834,22.95,22.16,22.78,6005,0
20150602,22.5,22.95,22.23,22.95,3625,0
20150603,22.26,22.94,22.26,22.94,570,0
20150604,22.5,22.944,22.318,22.78,2315,0
20150605,22.307,23.14,22.307,23.09,5648,0
20150608,23.399,23.415,22.359,22.5,2204,0
20150609,22.35,23.19,22.2,22.21,3124,0
20150610,22.306,22.944,22.306,22.411,1220,0
20150611,22.949,22.949,22.5,22.565,1377,0
20150612,22.46,22.9,22.41,22.9,1563,0
20150615,22.411,22.94,22.405,22.499,2523,0
20150616,22.5,22.65,22.029,22.489,4370,0
20150617,22.06,22.649,22.06,22.645,1700,0
20150618,22.04,22.645,22.04,22.63,2820,0
20150619,22.635,22.639,22.109,22.16,2570,0
20150622,22.399,22.499,22.041,22.1,3398,0
20150623,22.3,22.349,22,22,3580,0
20150624,21.97,21.97,19.4,20.49,8827,0
20150625,20.319,21.027,20.252,20.499,6426,0
20150626,18.84,18.84,16.25,18,18766,0
20150629,17.301,18.74,17.3,18.098,5829,0
20150630,18,18.34,17.6,18.34,4287,0
20150701,17.934,18.349,17.61,18.161,1973,0
20150702,18.2,18.3,17.88,17.88,2432,0
20150703,17.88,18.199,17.784,18.199,662,0
20150706,17.801,18.2,17.801,17.815,898,0
20150707,17.8,17.822,17.8,17.822,100,0
20150708,17.801,18.235,17.75,18,1069,0
20150709,17.567,17.611,17.524,17.524,918,0
20150710,17.605,18.236,17.605,18.055,2627,0
20150713,17.7,17.999,17.7,17.951,1412,0
20150714,17.72,17.72,17.62,17.62,2350,0
20150715,17.61,18,17.61,18,1535,0
20150716,17.619,17.947,17.619,17.947,964,0
20150717,17.67,17.99,17.67,17.99,300,0
20150720,17.98,17.99,17.63,17.99,1934,0
20150721,17.65,17.98,17.65,17.881,250,0
20150722,17.71,17.711,17.71,17.711,200,0
20150723,17.71,17.711,17.66,17.66,750,0
20150724,17.65,17.98,17.65,17.98,70,0
20150727,17.71,17.8,17.71,17.8,207,0
20150728,17.7,17.95,17.7,17.95,650,0
20150729,17.65,17.95,17.65,17.7,768,0
20150730,17.7,17.7,17.65,17.65,930,0
20150731,17.62,17.8,17.62,17.8,100,0
20150803,17.63,17.639,17.63,17.631,301,0
20150804,17.63,17.801,17.63,17.8,347,0
20150805,17.634,18.23,17.634,18.23,1965,0
20150806,17.75,18.235,17.72,18.235,937,0
20150810,17.7,18.245,17.7,18.245,545,0
20150811,18.29,18.3,18.054,18.055,691,0
20150812,18.054,18.4,18.054,18.4,879,0
20150813,18.084,19,18.084,18.5,2719,0
20150814,18.154,18.9,18,18,1061,0
20150817,18.35,18.86,18.35,18.86,315,0
20150818,17.71,18.79,17.71,18,155,0
20150819,17.85,17.86,17.85,17.86,40,0
20150820,18.714,18.714,17.85,17.85,480,0
20150821,17.727,17.727,17,17.6,4548,0
20150824,17.111,17.485,16.062,16.836,4166,0
20150825,16.84,16.85,16.84,16.85,400,0
20150826,16.834,17.395,16.834,17,785,0
20150827,16.835,17.391,16.835,17.39,732,0
20150828,17.13,17.5,17.13,17.5,2860,0
20150831,17.499,17.499,17.148,17.15,985,0
20150901,17.149,17.49,17.149,17.49,162,0
20150902,17.499,17.499,17.481,17.481,610,0
20150903,17.17,17.299,17.15,17.299,750,0
20150904,17.149,17.291,16.844,16.844,1290,0
20150907,16.914,17.149,16.914,17.149,80,0
20150908,16.91,16.977,16.91,16.977,190,0
20150909,17.059,17.5,17.059,17.499,1100,0
20150910,17.15,17.5,17.15,17.5,600,0
20150911,17.15,17.5,17.15,17.5,578,0
20150914,17.15,17.16,17.15,17.16,33,0
20150915,17.15,17.15,17.075,17.107,700,0
20150916,17.07,17.071,16.999,16.999,863,0
20150917,16.95,17.979,16.95,17.109,2150,0
20150921,17.986,17.986,17.15,17.15,375,0
20150922,17.462,17.916,17.209,17.209,403,0
20150923,17.4,17.4,17.225,17.225,110,0
20150924,17.23,17.254,17.23,17.254,250,0
20150925,17.235,17.511,17.235,17.511,174,0
20150928,17.51,17.865,17.51,17.865,100,0
20150929,17.51,17.51,17.51,17.51,628,0
20150930,17.35,17.35,17.298,17.298,150,0
20151001,17.245,17.77,17.245,17.77,200,0
20151002,17.275,17.73,17.275,17.73,330,0
20151005,17.5,17.5,17.5,17.5,100,0
20151006,17.274,17.491,17.274,17.491,250,0
20151007,17.154,17.491,17.154,17.491,200,0
20151009,17.174,17.74,17.174,17.681,850,0
20151012,17.231,17.664,17.231,17.664,200,0
20151013,17.245,17.663,17.241,17.241,170,0
20151016,17.692,17.699,17.5,17.5,497,0
20151019,17.5,18.125,17.232,17.499,706,0
20151021,17.3,17.5,17.3,17.31,985,0
20151023,17.3,17.508,17.3,17.49,1186,0
20151026,17.5,18.13,17.5,17.509,1668,0
20151027,17.609,17.94,17.609,17.94,371,0
20151028,17.94,18.086,17.55,17.876,825,0
20151029,17.897,19.85,17.897,19.289,3350,0
20151030,18,19.8,18,19.345,1550,0
20151102,19.359,19.561,17.35,17.39,1755,0
20151103,17.7,19.218,17.7,18.985,920,0
20151104,18.05,19.049,18.05,19.049,1302,0
20151105,19,19.05,18.715,18.989,1710,0
20151106,18.7,18.99,18.7,18.7,805,0
20151109,18.985,18.99,18.851,18.851,2342,0
20151110,18.85,18.99,18.85,18.99,3242,0
20151111,18.855,19.474,18.855,19.186,1368,0
20151112,19.185,19.983,19.185,19.959,2054,0
20151113,19.5,19.5,19.5,19.5,255,0
20151116,19.17,19.894,19.17,19.858,970,0
20151117,19.858,19.858,19.5,19.501,389,0
20151118,19.52,19.52,19.35,19.35,1041,0
20151119,19.17,19.859,19.17,19.844,1542,0
20151120,19.5,19.844,19.1,19.5,1595,0
20151123,19.848,19.85,19.011,19.85,1087,0
20151124,19.849,19.88,19.849,19.88,2010,0
20151125,19.054,19.844,19.054,19.844,588,0
20151126,19.36,19.84,19.36,19.84,1378,0
20151127,19.84,19.94,19.551,19.939,2131,0
20151130,19.55,19.94,19.55,19.9,934,0
20151201,19.55,20.47,19.375,20.2,860,0
20151202,19.4,20.2,19.4,20.2,1228,0
20151203,19.8,20.2,19.8,19.801,322,0
20151204,19.8,20.449,19.8,20.445,498,0
20151207,20.201,20.458,20.201,20.201,640,0
20151208,20.2,20.5,20.2,20.5,1155,0
20151209,20.2,20.48,20.2,20.48,413,0
20151210,20.2,20.2,19.801,19.801,1155,0
20151211,19.841,20,19.801,19.801,1016,0
20151214,19.999,19.999,19.78,19.78,820,0
20151215,19.821,20,19.821,20,507,0
20151217,19.529,20.349,19.465,19.5,1602,0
20151218,19.4,19.799,19.4,19.799,25,0
20151221,19.4,19.8,19.4,19.5,725,0
20151222,19.76,20.327,19.654,20.327,867,0
20151223,20.35,20.35,19.505,20.2,480,0
20151228,20,20.892,19.5,19.5,3346,0
20151229,19.4,20.5,19.4,20.5,520,0
20160104,19.52,19.98,19.2,19.2,1539,0
20160106,19.25,19.35,19.25,19.35,30,0
20160107,19.25,19.895,18.99,18.99,668,0
20160108,18.9,19.5,18.9,19.5,400,0
20160111,19.25,20,18.8,18.8,2648,0
20160114,19.5,19.5,19.5,19.5,155,0
20160115,18.75,18.751,18.75,18.751,50,0
20160118,18.75,19.179,18.75,19.179,209,0
20160119,18.8,18.8,18.751,18.751,55,0
20160120,18.699,18.699,17.7,17.8,1765,0
20160121,17.8,18.699,17.8,17.98,1821,0
20160122,17.951,18.388,17.951,18.388,1564,0
20160125,18.42,18.979,18.151,18.151,789,0
20160126,18.184,18.95,18.184,18.95,400,0
20160128,18.15,19.189,18.15,18.5,1270,0
20160129,18.014,18.799,18.014,18.799,191,0
20160201,18.014,19,18.014,18.973,410,0
20160202,18.014,19,18.014,19,550,0
20160203,18.65,18.65,18.65,18.65,120,0
20160204,18.014,19,18.014,18.875,695,0
20160205,17.804,18.88,17.804,18.88,434,0
20160208,18,18.59,17.805,18.3,700,0
20160209,17.804,18.173,17.25,17.25,4810,0
20160210,17.12,18.465,17.12,18.465,560,0
20160215,17.321,17.321,16.2,17.277,4140,0
20160216,16.61,16.71,16.6,16.71,541,0
20160217,16.604,17.302,16.604,17,650,0
20160218,16.604,17.01,16.604,17.01,150,0
20160219,16.712,17.899,16.712,17.899,80,0
20160222,16.804,17.1,16.804,17.1,250,0
20160223,17.1,17.894,17.1,17.894,50,0
20160224,17.8,17.8,17.679,17.679,300,0
20160225,17.1,17.65,16.8,17.48,1940,0
20160226,16.72,17.445,16.72,17.445,60,0
20160229,16.724,17.471,16.521,17.471,810,0
20160301,16.182,17.464,16.182,17.461,790,0
20160302,16.63,16.95,16.63,16.95,362,0
20160303,16.634,16.634,16.634,16.634,150,0
20160304,16.63,17.49,16.63,17.1,1160,0
20160308,16.761,16.761,16.76,16.76,350,0
20160309,17.05,17.479,17,17.051,339,0
20160310,17.05,17.389,17.05,17.389,1000,0
20160311,17.05,17.389,17.05,17.05,160,0
20160314,16.65,17.489,16.65,16.65,737,0
20160315,16.7,17.49,16.7,16.7,3060,0
20160316,16.7,17.5,16.7,16.8,567,0
20160317,16.811,17.88,16.811,17.88,670,0
20160318,16.9,17.58,16.9,17.58,35,0
20160321,16.9,17.785,16.709,16.709,1088,0
20160322,17.26,17.261,17.26,17.261,16,0
20160324,17.51,17.844,17.51,17.843,390,0
20160329,17.85,18.379,17.85,18.349,1000,0
20160330,17.9,17.9,17.9,17.9,273,0
20160331,17.304,18.299,17.304,18.299,5,0
20160401,17.304,18.235,17.304,17.305,500,0
20160404,17.304,18.25,17.304,17.31,1205,0
20160405,18.259,18.3,18.259,18.3,415,0
20160406,17.304,18.099,17.304,17.385,64,0
20160407,17.4,17.401,17.4,17.401,232,0
20160408,17.4,17.401,17.4,17.401,18,0
20160411,17.4,18.355,17.4,18.355,1362,0
20160412,17.544,18.499,17.544,18.499,100,0
20160414,17.61,17.611,17.61,17.611,130,0
20160415,17.65,18.8,17.65,18,1550,0
20160418,17.652,17.701,17.652,17.701,10,0
20160419,17.7,18.854,17.7,18.854,200,0
20160420,18.25,18.794,18.25,18.794,850,0
20160421,18.3,18.96,17.799,18.96,3260,0
20160422,19.1,19.87,18.8,19.27,4308,0
20160425,20.645,20.8,19.401,20.46,2475,0
20160426,19.9,20.97,19.9,20.489,2841,0
20160427,20,20.49,19.9,20.49,1498,0
20160428,20.51,20.89,20.51,20.89,1135,0
20160429,19.78,20.992,19.78,20.8,2020,0
20160502,20.899,20.9,19.82,20.025,3167,0
20160503,20,20.899,20,20.8,1084,0
20160504,20.86,20.899,20.5,20.5,725,0
20160505,20.119,20.894,20.119,20.5,425,0
20160506,20.06,20.5,20.06,20.061,1160,0
20160509,20.06,20.894,20.06,20.894,405,0
20160510,20.45,20.895,20.45,20.5,1273,0
20160511,20.57,20.9,20.57,20.57,1376,0
20160512,20.18,20.5,20.18,20.3,220,0
20160513,20.15,20.845,20.15,20.151,4017,0
20160517,20.001,20.449,18.92,20.389,4883,0
20160518,20.4,20.4,19.401,20.3,2663,0
20160519,19.66,20.2,19.657,19.657,350,0
20160520,19.7,20.4,19.7,20.4,1555,0
20160523,20.399,20.4,20.399,20.4,1020,0
20160524,20.2,20.499,20.2,20.399,120,0
20160525,20.2,20.4,20.2,20.399,2200,0
20160526,20.2,20.4,20.2,20.3,2040,0
20160527,20.2,20.5,20.2,20.3,2675,0
20160530,20.411,20.75,20.411,20.45,3551,0
20160531,20.599,20.6,20.411,20.45,1824,0
20160601,20.449,20.479,20.38,20.38,610,0
20160602,20.01,20.679,20.01,20.679,4181,0
20160603,20.5,20.699,20.5,20.5,2890,0
20160606,20.01,20.752,20.01,20.735,2060,0
20160607,20.05,20.725,20.05,20.5,1050,0
20160608,20.12,20.489,20.12,20.489,728,0
20160609,20.18,20.7,20.18,20.7,4285,0
20160610,20.4,20.989,20.4,20.75,4933,0
20160613,20.18,20.749,20.18,20.4,2585,0
20160614,20.4,20.599,19.16,19.999,7415,0
20160615,19.999,20,19.26,19.26,2269,0
20160616,20.3,20.3,19.314,20,1374,0
20160617,17.14,18.138,17.024,18.138,1395,0
20160620,17.77,18.45,17.501,18.329,3000,0
20160621,17.7,18.45,17.7,18.45,525,0
20160622,18.18,18.301,17.509,17.561,5380,0
20160623,17.56,17.61,17.56,17.6,525,0
20160624,16.66,17.637,15.76,17.637,4252,0
20160627,16.72,17.452,16.72,16.73,450,0
20160628,16.72,17.3,16.72,17.3,403,0
20160629,16.72,17.84,16.72,17.84,150,0
20160630,17.5,17.5,17.4,17.4,765,0
20160701,18,18.293,17.4,18.199,1665,0
20160704,18,18,18,18,590,0
20160705,17.3,17.3,17.3,17.3,450,0
20160706,16.95,17.95,16.95,16.999,200,0
20160707,16.95,17.25,16.95,17.05,500,0
20160708,17.01,17.99,17.01,17.99,51,0
20160711,17.1,17.1,17.011,17.011,430,0
20160712,17.01,17.89,17.01,17.89,100,0
20160713,17.8,17.8,17.799,17.799,30,0
20160714,17.15,17.79,17.15,17.2,275,0
20160715,17.15,17.883,17.15,17.883,170,0
20160718,17.15,17.899,17.15,17.6,610,0
20160719,17.17,17.17,16.489,16.489,200,0
20160720,16.5,16.6,16.5,16.6,325,0
20160721,16.62,17.75,16.62,17.75,765,0
20160722,17,17.001,17,17,220,0
20160725,17,17.29,16.7,17.02,1743,0
20160726,16.7,17.5,16.7,17.2,2300,0
20160727,16.73,17.8,16.73,16.761,1650,0
20160728,16.85,17,16.85,17,10,0
20160729,17.01,17.07,17.01,17.07,100,0
20160802,17.05,17.05,17.05,17.05,230,0
20160803,16.9,17.1,16.9,17.1,100,0
20160804,17,17.699,17,17.299,535,0
20160808,16.851,16.999,16.851,16.999,521,0
20160809,16.85,17.299,16.8,17.299,1055,0
20160810,16.76,17.507,16.76,17.44,1398,0
20160811,16.76,16.76,16.52,16.52,400,0
20160812,16.62,17.68,16.62,17.68,270,0
20160815,16.66,17.449,16.66,17.449,600,0
20160816,16.66,16.665,16.66,16.66,278,0
20160817,16.64,17.1,16.64,17.1,100,0
20160818,16.64,17.4,16.64,17.3,400,0
20160822,16.8,17.199,16.8,17.199,22,0
20160823,16.8,16.8,16.76,16.76,500,0
20160824,16.7,16.801,16.7,16.801,45,0
20160825,16.8,16.801,16.8,16.8,575,0
20160830,17.05,17.05,16.801,16.801,100,0
20160902,16.8,17.349,16.8,17.349,631,0
20160907,16.85,16.85,16.81,16.811,407,0
20160908,16.81,17.369,16.8,17.369,545,0
20160909,17.329,17.329,16.7,16.7,780,0
20160913,16.75,16.78,16.75,16.78,1300,0
20160914,16.75,17.14,16.75,17.14,510,0
20160915,16.75,16.8,16.501,16.8,2750,0
20160916,16.5,16.768,16.5,16.768,150,0
20160919,16.6,16.999,16.6,16.999,314,0
20160921,16.6,16.975,16.6,16.975,394,0
20160922,16.5,16.55,16.5,16.501,704,0
20160927,16.5,16.501,16.5,16.501,100,0
20160928,16.5,16.5,16.5,16.5,500,0
20160929,17.129,17.129,16.5,16.5,1513,0
20160930,16.4,17.129,16.4,17.129,188,0
20161004,16.25,16.699,16.25,16.301,110,0
20161005,16.32,16.699,16.32,16.699,150,0
20161006,16.32,16.321,16.32,16.32,700,0
20161010,16.36,16.36,16.36,16.36,600,0
20161011,16.36,16.699,16.36,16.699,750,0
20161012,16.32,16.32,16.32,16.32,350,0
20161013,16.25,16.69,16.25,16.69,500,0
20161017,16.689,16.689,16.27,16.27,300,0
20161018,16.25,16.311,16.25,16.311,100,0
20161019,16.57,16.57,16.399,16.399,370,0
20161020,16.31,16.39,16.27,16.27,250,0
20161021,16.4,16.4,14.828,15.899,2265,0
20161024,15.12,16,15.12,15.25,1210,0
20161025,15.15,15.16,14.5,14.799,6946,0
20161026,14.56,14.56,13.85,14.01,5915,0
20161027,14.06,14.12,14,14.12,1575,0
20161028,14.7,14.799,14.05,14.799,2074,0
20161031,14,14.39,14,14.3,1450,0
20161101,14.5,14.5,14,14.1,633,0
20161102,14,15.2,14,14.55,2055,0
20161103,14.5,14.6,14.5,14.6,83,0
20161104,14.5,14.989,14.375,14.989,445,0
20161107,14.371,15.35,14.371,15.35,1121,0
20161108,14.37,15.199,14.37,15.199,325,0
20161109,14.371,15.199,14.371,15.199,395,0
20161110,14.37,15.19,14.37,15.11,842,0
20161111,14.297,15.697,14.297,15.697,329,0
20161114,14.33,15.78,14.33,15.649,1046,0
20161115,14.7,15.45,14.7,14.75,800,0
20161122,14.41,14.411,14.41,14.411,41,0
20161123,14.41,14.45,14.41,14.45,301,0
20161124,14.65,14.651,14.65,14.651,25,0
20161129,14.6,14.8,14.41,14.8,2410,0
20161201,14.65,15,14.65,14.651,484,0
20161205,14.65,15.5,14.65,14.76,520,0
20161206,14.75,14.75,14.66,14.66,290,0
20161207,14.67,14.88,14.67,14.88,200,0
20161212,14.69,14.8,14.69,14.691,1979,0
20161213,14.69,14.811,14.69,14.811,2155,0
20161214,14.81,15,14.71,15,1550,0
20161215,15.6,15.6,14.7,14.7,600,0
20161216,14.9,15.1,14.7,15.1,840,0
20161219,15.1,15.299,15.1,15.299,520,0
20161220,14.85,15.3,14.71,15.3,970,0
20161221,14.71,14.721,14.71,14.721,63,0
20161222,14.72,14.72,14.72,14.72,500,0
20161223,14.71,15.1,14.71,15.1,900,0
20161227,14.72,15.589,14.72,15.589,824,0
20161228,14.76,14.95,14.76,14.95,1260,0
20161229,14.8,15.199,14.8,14.81,750,0
20170102,14.8,15.449,14.8,15.449,50,0
20170103,14.85,15.3,14.85,14.85,635,0
20170104,15,15.19,15,15.19,950,0
20170105,14.82,15.195,14.82,15.195,198,0
20170106,14.82,15.18,14.82,15.18,130,0
20170109,15.18,15.2,14.97,14.97,1950,0
20170110,14.95,15.28,14.95,15.28,500,0
20170111,15.1,15.29,15.1,15.11,4400,0
20170112,15.1,15.1,14.82,14.85,209,0
20170116,15,15.099,15,15.099,10,0
20170117,15,15.1,14.85,14.85,400,0
20170118,14.8,15.3,14.8,15.3,665,0
20170119,14.9,14.97,14.9,14.911,580,0
20170120,15,15.95,15,15.95,960,0
20170123,15,15.849,15,15.151,480,0
20170124,15.05,15.839,15.05,15.839,40,0
20170125,15.2,15.785,15.2,15.785,3,0
20170127,15.2,15.2,15.2,15.2,330,0
20170201,15.15,15.55,15.15,15.55,65,0
20170202,15.5,15.5,15.2,15.5,635,0
20170203,15.15,15.185,15.15,15.185,60,0
20170206,15.2,15.201,15.2,15.201,20,0
20170207,15.2,15.6,15.2,15.6,550,0
20170208,15.3,15.301,15.3,15.301,75,0
20170209,15.3,15.899,15.3,15.89,315,0
20170210,15.6,15.899,15.6,15.899,118,0
20170213,15.89,17.2,15.89,16.1,3465,0
20170214,16.02,16.98,16.02,16.04,446,0
20170215,16.02,16.9,16.02,16.899,430,0
20170216,16.05,17,16.05,17,2548,0
20170217,16.5,16.99,16.5,16.51,650,0
20170220,16.6,16.601,16.6,16.601,28,0
20170221,16.9,17,16.9,17,845,0
20170222,16.68,17.194,16.68,16.7,220,0
20170224,16.75,17.095,16.75,16.75,500,0
20170227,17.075,17.075,16.801,16.801,205,0
20170228,16.8,16.8,16.8,16.8,700,0
20170301,16.851,16.851,16.85,16.85,155,0
20170302,16.8,17.05,16,17.05,4230,0
20170303,16.23,16.8,16.23,16.8,150,0
20170306,17.094,17.094,16.2,17,1570,0
20170307,16.2,16.649,16.2,16.6,180,0
20170308,16.2,17.138,16.2,17.1,1200,0
20170309,16.7,17.195,16.7,17.195,550,0
20170310,16.71,17.45,16.71,17.3,580,0
20170314,16.71,17.43,16.71,17.4,255,0
20170315,16.71,16.75,16.71,16.75,180,0
20170316,16.71,17.39,16.71,16.71,310,0
20170320,16.75,16.76,16.75,16.76,100,0
20170321,17,17,16.2,16.805,4230,0
20170322,16.3,17.12,16.3,17.12,205,0
