Date,Open,High,Low,Close,Volume,OpenInt
20160913,10.54,10.8,10.445,10.7,9339478,0
20160914,10.65,10.805,10.41,10.41,6428804,0
20160915,10.4,10.625,10.045,10.15,4465903,0
20160916,10.1,10.21,10,10.08,4173101,0
20160919,10.145,10.445,10.06,10.24,2977040,0
20160920,10.2,10.375,10.1,10.285,2281221,0
20160921,10.31,10.55,10.31,10.36,1754694,0
20160922,10.38,10.445,10.22,10.31,1940920,0
20160923,10.28,10.35,10.15,10.185,2028050,0
20160926,10.05,10.06,9.8,9.921,2345186,0
20160927,9.953,10.095,9.945,9.974,1639464,0
20160928,9.975,10.4,9.851,10.375,2724771,0
20160929,10.52,10.855,10.52,10.735,2499987,0
20160930,10.6,10.98,10.475,10.905,2774991,0
20161004,10.8,11.14,10.72,10.94,2242365,0
20161005,10.85,10.89,10.69,10.745,1178671,0
20161006,10.7,11.115,10.56,11.005,1601774,0
20161007,11.01,11.13,10.7,10.815,1677323,0
20161010,10.755,10.79,10.645,10.75,1089964,0
20161011,10.74,10.97,10.675,10.905,1306034,0
20161012,10.86,11.05,10.83,11.02,1702535,0
20161013,11.035,11.215,10.95,11.15,1977785,0
20161014,11.105,11.5,11.09,11.44,2109559,0
20161017,11.5,11.575,11.35,11.47,1079335,0
20161018,11.55,12.2,11.55,12.025,1720454,0
20161019,12.2,12.25,11.985,12.07,1065512,0
20161020,12.115,12.31,11.935,12.25,987121,0
20161021,12.3,12.46,12.215,12.3,560079,0
20161024,12.35,12.44,12.21,12.25,624513,0
20161025,12.345,12.57,12.1,12.225,943484,0
20161026,12,12.275,11.9,12.18,718967,0
20161027,12.11,12.2,11.865,11.92,958308,0
20161028,11.84,12.34,11.69,12.23,970973,0
20161031,12.205,12.355,12.03,12.125,860982,0
20161101,12.19,12.65,12.19,12.56,966493,0
20161102,12.5,12.63,12.32,12.42,1064573,0
20161103,12.42,12.87,12.42,12.78,1032625,0
20161104,12.755,12.835,12.635,12.75,686402,0
20161107,12.81,12.92,12.765,12.85,600960,0
20161108,12.83,12.88,12.495,12.655,798480,0
20161109,12.35,12.71,12.35,12.52,808585,0
20161110,12.495,12.575,12.12,12.135,1457709,0
20161111,12.115,12.395,12.05,12.125,1250405,0
20161114,12.25,12.4,12.01,12.14,1009050,0
20161115,12.135,12.34,12.04,12.08,1028355,0
20161116,12.13,12.25,12.08,12.1,758026,0
20161117,12.08,12.11,11.81,11.925,1302324,0
20161118,11.89,11.895,11.255,11.53,1501188,0
20161121,11.525,11.525,11.25,11.37,1228371,0
20161122,11.5,12.005,11.415,11.655,1351995,0
20161123,11.52,11.83,11.4,11.61,1566545,0
20161124,11.62,11.645,11.33,11.555,869405,0
20161125,11.555,12.155,11.55,11.875,1239617,0
20161128,11.82,12.115,11.78,12.08,851590,0
20161129,12.065,12.37,11.985,12.03,1126607,0
20161130,12.005,12.2,11.64,11.755,1571640,0
20161201,11.73,12,11.615,11.855,1212604,0
20161202,11.775,11.955,11.775,11.835,902383,0
20161205,11.8,11.97,11.71,11.75,1009387,0
20161206,11.79,11.99,11.76,11.86,1259313,0
20161207,11.97,11.995,11.475,11.495,1891436,0
20161208,11.57,11.58,11.04,11.33,2246056,0
20161209,11.365,11.835,11.36,11.78,1137143,0
20161212,11.84,12.53,11.76,12.51,1208414,0
20161213,12.44,12.945,12.42,12.9,1199517,0
20161214,13,13.19,12.61,12.74,1359018,0
20161215,12.545,12.85,12.335,12.495,1669555,0
20161216,12.545,12.625,12.295,12.455,3911019,0
20161219,12.4,12.62,12.3,12.585,1067533,0
20161220,12.57,12.695,12.4,12.615,751623,0
20161221,12.63,12.94,12.6,12.88,881800,0
20161222,12.83,12.85,12.71,12.8,504741,0
20161223,12.775,12.94,12.735,12.845,560682,0
20161227,12.82,13.03,12.745,12.965,401664,0
20161228,12.98,12.98,12.37,12.85,808393,0
20161229,12.8,13,12.655,12.935,501968,0
20161230,12.925,13.155,12.925,13.115,377049,0
20170102,13.125,13.365,13.065,13.205,422896,0
20170103,13.25,13.4,13.07,13.215,865417,0
20170104,13.2,13.295,12.89,12.94,933707,0
20170105,12.965,13.225,12.925,12.96,962313,0
20170106,12.94,13.095,12.88,12.995,1027070,0
20170109,13.05,13.45,13.01,13.11,1027994,0
20170110,13.2,13.415,13.13,13.38,1132373,0
20170111,13.29,13.31,13.12,13.14,996753,0
20170112,13.3,13.755,13.3,13.595,1588525,0
20170113,13.585,13.745,13.3,13.74,1497699,0
20170116,13.725,13.99,13.705,13.795,934938,0
20170117,13.83,14.35,13.76,14.2,1232471,0
20170118,14.1,14.265,14,14.045,1294063,0
20170119,13.95,14.01,13.745,13.785,1182095,0
20170120,13.785,13.99,13.61,13.72,764959,0
20170123,13.68,13.72,13.45,13.545,918414,0
20170124,13.51,13.6,13.41,13.575,792333,0
20170125,13.6,13.63,13.31,13.31,1156054,0
20170126,13.425,13.455,13.11,13.175,1207579,0
20170127,13.195,13.245,12.97,13.15,1472523,0
20170130,13.2,13.2,12.94,12.955,1064255,0
20170131,12.98,13.495,12.93,13.145,1576855,0
20170201,13.215,13.31,13.03,13.07,745713,0
20170202,13.085,13.3,13.02,13.165,1203245,0
20170203,13.08,13.08,12.55,12.93,1747415,0
20170206,12.945,13.02,12.675,12.72,932534,0
20170207,12.4,12.725,12.31,12.61,1049606,0
20170208,12.57,12.9,12.57,12.87,873010,0
20170209,12.905,12.905,12.66,12.84,1126505,0
20170210,12.87,13.02,12.775,12.87,880631,0
20170213,12.865,13.03,12.835,13.025,938000,0
20170214,12.85,13.35,12.8,13.25,1850331,0
20170215,13.25,13.36,13.195,13.335,888653,0
20170216,13.3,13.37,13.005,13.125,966075,0
20170217,13.175,13.285,13.055,13.055,673962,0
20170220,13.12,13.43,13.11,13.395,702375,0
20170221,13.35,13.405,13.245,13.355,774240,0
20170222,13.36,13.455,13.32,13.38,439739,0
20170223,13.41,13.6,13.33,13.44,818923,0
20170224,13.44,13.485,13.2,13.28,795626,0
20170227,13.435,13.59,13.32,13.55,883266,0
20170228,13.54,13.54,13.385,13.4,732319,0
20170301,13.45,13.53,13.365,13.365,979060,0
20170302,13.39,13.55,13.38,13.54,861275,0
20170303,13.5,13.7,13.5,13.5,872289,0
20170306,14.18,14.18,13.8,13.955,2271736,0
20170307,14,14.1,13.96,14.09,1000267,0
20170308,14.11,14.23,13.965,14.03,1194589,0
20170309,14.115,14.46,14.1,14.33,1157612,0
20170310,14.35,14.44,14.155,14.185,1072066,0
20170313,14.235,14.295,14.05,14.06,613212,0
20170314,14.08,14.78,14.08,14.44,2005350,0
20170315,14.475,14.53,14.2,14.38,1006065,0
20170316,14.5,14.65,14.365,14.4,850610,0
20170317,14.375,14.67,14.28,14.585,1939430,0
20170320,14.58,14.625,14.41,14.565,585591,0
20170321,14.565,14.615,14.33,14.33,563822,0
20170322,14.25,14.35,14.14,14.305,578791,0
20170323,14.325,14.8,14.325,14.795,973667,0
