Date,Open,High,Low,Close,Volume,OpenInt
20090406,3.55,3.59,3.4,3.59,73,0
20090407,3.55,3.79,3.4,3.79,200,0
20090408,3.79,3.85,3.4,3.85,2064,0
20090414,4.05,4.225,3.75,4.225,6,0
20090420,4,4,3.75,4,60,0
20090422,4.1,4.125,3,4.125,97,0
20090423,4.05,4.125,3.8,4.025,374,0
20090428,4.05,4.15,3.9,4.15,300,0
20090430,4.35,4.8,4.25,4.6,37,0
20090504,4.6,4.75,4.6,4.715,577,0
20090507,4.75,4.78,4.6,4.6,382,0
20090508,4.6,4.6,4.1,4.2,4584,0
20090511,4.1,4.5,4.1,4.25,0,0
20090512,4.2,4.6,4.1,4.6,420,0
20090513,4.6,4.6,4.4,4.45,12,0
20090514,4.6,4.6,4,4.075,445,0
20090519,4.075,4.5,3.85,4.5,400,0
20090522,4.5,4.5,3.9,3.9,1000,0
20090525,4,4,3.8,3.8,240,0
20090526,3.8,3.9,3.6,3.7,136,0
20090528,3.7,3.9,3.5,3.7,574,0
20090601,3.7,3.9,3.5,3.7,257,0
20090602,3.7,3.925,3.7,3.925,500,0
20090603,3.9,4.125,3.75,4.125,243,0
20090604,4.1,4.125,3.925,4.115,24,0
20090608,4.1,4.16,4,4.105,200,0
20090610,4.1,4.355,4,4.355,240,0
20090615,4.35,4.355,4.15,4.18,200,0
20090616,4.15,4.18,4,4.105,120,0
20090617,4,4.105,4,4.105,100,0
20090619,4.1,4.155,4,4.105,68,0
20090625,4.15,4.65,3.95,4.65,500,0
20090626,4.65,4.65,3.55,4.55,40,0
20090629,4.65,4.75,4.45,4.75,1300,0
20090630,4.75,4.75,4.5,4.5,16,0
20090702,4.75,5.25,4.55,5.05,460,0
20090703,5.05,5.05,4.55,5,345,0
20090706,5,5.05,4.8,5.05,801,0
20090707,5.05,5.35,4.85,5.35,213,0
20090710,5.35,5.35,5.15,5.35,20,0
20090714,5.35,5.35,5.1,5.1,2,0
20090717,5.35,5.55,5.15,5.55,2,0
20090720,5.45,8.25,5.15,7.75,844,0
20090721,7.4,7.75,6.75,7.55,400,0
20090722,7.55,7.75,7.25,7.7,780,0
20090727,7.65,7.65,7.5,7.55,10,0
20090729,7.6,7.6,7.5,7.5,210,0
20090803,7.65,7.7,7.4,7.45,40,0
20090806,7.55,7.6,7.3,7.3,10,0
20090807,7.6,7.6,7.3,7.5,10,0
20090810,7.2,7.5,7,7.05,161,0
20090811,7.2,7.35,7.05,7.35,180,0
20090812,7.4,7.75,7.15,7.75,398,0
20090813,7.75,8.4,7.5,8.4,1100,0
20090814,8.4,8.7,8.15,8.15,300,0
20090817,8.4,8.4,8.05,8.05,2,0
20090819,8.05,8.2,7.95,7.95,20,0
20090820,8.2,8.25,8,8,200,0
20090824,8.15,8.2,7,8,208,0
20090825,8,8.25,7.95,8.25,10,0
20090827,8.25,8.3,8,8.2,390,0
20090828,8.2,8.5,8.05,8.5,70,0
20090831,8.5,8.55,8.3,8.35,80,0
20090901,8.35,8.5,8.3,8.35,220,0
20090903,8.5,8.95,8.3,8.65,20,0
20090904,8.65,8.75,8.4,8.75,1000,0
20090908,8.8,9,8.7,9,1460,0
20090911,9,9,8.3,8.3,1777,0
20090914,8.2,8.4,7.55,7.95,3265,0
20090915,7.95,8.15,7.95,8.05,2058,0
20090916,8.05,8.1,8.05,8.05,206,0
20090917,8.1,8.25,8.05,8.05,348,0
20090918,8.05,8.1,5.5,8.05,716,0
20090921,8.05,8.35,8,8.3,1374,0
20090922,8.75,9.9,8,9.75,11280,0
20090923,9.7,10,9.35,9.95,2574,0
20090924,9.8,9.95,9.45,9.75,1335,0
20090925,9.85,9.85,9.1,9.45,1801,0
20090928,9.2,9.45,9.05,9.05,1198,0
20090929,9.15,9.95,9,9.8,1872,0
20090930,9.9,9.95,9.45,9.5,58,0
20091001,9.6,9.8,8.95,9.2,772,0
20091002,9.05,9.45,8.9,9.1,664,0
20091005,9.5,9.5,9,9.3,203,0
20091006,9.4,9.65,9.3,9.6,282,0
20091007,9.45,9.95,9.3,9.95,196,0
20091008,9.9,10.2,8.75,8.75,3000,0
20091009,8.85,9.4,8.75,9.4,1257,0
20091012,9.5,9.7,9.1,9.4,260,0
20091013,9.25,9.3,9,9,260,0
20091014,9.1,9.1,8.75,8.9,34,0
20091015,9,9,7.3,8.85,169,0
20091016,8.95,8.95,8.75,8.85,307,0
20091020,8.95,8.95,8.15,8.15,1306,0
20091021,8.5,9.3,8.25,9.3,5225,0
20091022,9.4,9.75,8.8,9.2,14250,0
20091023,9.3,9.7,9,9,1505,0
20091026,8.95,9.25,8.8,8.85,1341,0
20091027,8.95,9.15,8.75,8.85,365,0
20091028,8.95,9.15,8.8,9.1,444,0
20091029,9.2,9.2,8.8,9.15,40,0
20091030,9,9.15,9,9,300,0
20091102,9.1,9.1,8.75,8.8,310,0
20091103,8.9,9.05,8.6,8.6,810,0
20091104,8.45,8.75,8.4,8.4,720,0
20091105,8.5,8.85,8.4,8.4,674,0
20091109,8.4,8.95,8.4,8.95,346,0
20091110,8.8,8.85,7.75,8.45,164,0
20091111,8.55,8.75,8.25,8.25,600,0
20091113,8.2,8.25,8,8,120,0
20091116,8.2,8.25,6.65,7.15,869,0
20091117,7.05,7.45,6.85,6.85,410,0
20091118,6.75,6.9,4.5,6.4,6689,0
20091119,6.3,7.4,6.3,7.35,3565,0
20091120,7.25,7.4,7.05,7.05,1506,0
20091123,7.15,7.25,7,7,200,0
20091124,6.9,7.2,6.85,7.2,100,0
20091126,6.85,7.05,6.8,7,400,0
20091127,7.05,7.05,6.8,6.8,45,0
20091130,6.7,6.9,6.7,6.75,160,0
20091201,6.65,6.8,6.6,6.6,200,0
20091202,6.5,6.65,6.5,6.5,400,0
20091204,6.4,6.5,6.3,6.3,115,0
20091207,6.1,6.5,5.5,5.9,104,0
20091208,6,6.25,5.7,5.7,544,0
20091209,5.6,6.25,5.6,6.25,204,0
20091210,6.15,6.25,6.05,6.05,21,0
20091211,5.95,6.05,5.7,5.7,360,0
20091214,5.65,5.9,5.65,5.7,362,0
20091215,5.55,5.75,5.4,5.55,40,0
20091216,5.75,6,5.25,6,600,0
20091217,5.7,5.85,5.65,5.85,120,0
20091218,5.5,5.85,5.5,5.85,116,0
20091221,5.55,5.8,5,5.15,1565,0
20091222,4.895,5.05,4.895,5.05,447,0
20091228,5.05,5.15,5,5.05,830,0
20091229,5,5.15,4.83,5.05,2034,0
20091230,4.88,5.15,4.7,5,390,0
20100104,4.75,5,4.75,4.835,219,0
20100105,4.595,5,4.595,4.85,20,0
20100106,4.75,5,4.52,4.75,1780,0
20100107,4.44,4.915,4.44,4.75,424,0
20100108,4.515,4.97,4.515,4.9,1090,0
20100111,4.655,4.925,4.655,4.925,8,0
20100113,4.655,5.635,4.655,5.635,523,0
20100114,5.355,5.945,5.25,5.945,1227,0
20100115,5.65,6.15,5.55,5.945,646,0
20100118,5.845,6.25,5.845,5.945,833,0
20100120,5.51,6,5.51,5.8,460,0
20100121,5.51,6,5.51,5.8,60,0
20100122,5.51,5.75,5.285,5.75,660,0
20100125,5.45,5.56,5.25,5.32,634,0
20100126,5.05,5.55,5.05,5.55,1306,0
20100127,5.15,5.845,5.15,5.845,142,0
20100128,5.55,5.55,5.45,5.465,130,0
20100129,5.2,5.5,5.2,5.465,110,0
20100203,5.2,5.465,5.2,5.465,400,0
20100208,4.99,5.465,4.99,5.3,145,0
20100209,5.05,5.465,5.05,5.3,140,0
20100210,5.05,5.465,5.05,5.3,258,0
20100212,4.99,5.465,4.99,5.3,20,0
20100216,4.99,5.465,4.99,5.25,460,0
20100218,4.915,5.465,4.915,5.3,18,0
20100219,5.05,5.465,5.05,5.175,100,0
20100222,4.915,5.465,4.915,5.175,400,0
20100223,4.915,5.17,4.835,5.17,323,0
20100224,4.91,5.17,4.835,4.86,300,0
20100225,4.615,4.86,4.545,4.75,264,0
20100226,4.615,4.86,4.615,4.74,60,0
20100301,4.535,5.07,4.535,5.07,194,0
20100302,4.815,5,4.5,4.5,214,0
20100303,4.505,5.505,4.505,5.505,135,0
20100304,5.25,5.75,5.25,5.55,80,0
20100305,5.25,5.5,5.25,5.5,586,0
20100308,5.55,5.575,5.5,5.575,263,0
20100309,5.3,5.625,5.3,5.6,740,0
20100310,5.3,5.7,5.3,5.69,243,0
20100311,5.4,5.7,5.4,5.5,557,0
20100312,5.4,5.69,5.4,5.5,10,0
20100315,5.25,5.69,5.25,5.55,208,0
20100316,5.25,5.6,5.25,5.5,340,0
20100317,5.25,5.505,5.25,5.505,2,0
20100318,5.25,5.84,5.25,5.84,59,0
20100319,5.25,5.5,5.25,5.4,422,0
20100322,5.25,5.79,5.25,5.5,3033,0
20100325,5.45,5.75,5.37,5.37,12,0
20100329,5.42,5.75,5.4,5.45,140,0
20100330,5.2,5.75,5.2,5.45,10,0
20100406,5.15,5.45,5.15,5.4,500,0
20100407,5.15,5.575,5.15,5.415,493,0
20100408,5.15,5.415,5.15,5.415,40,0
20100409,5.15,5.415,5.15,5.4,10,0
20100412,5.15,5.415,5.15,5.4,3,0
20100415,5.15,5.5,5.15,5.5,75,0
20100416,5.25,5.415,5.25,5.25,440,0
20100419,5.15,5.4,5.15,5.2,500,0
20100420,4.99,5.4,4.99,5.22,170,0
20100426,4.75,5.325,4.75,5,2360,0
20100427,4.75,5.325,4.75,5,300,0
20100429,4.73,5.325,4.73,4.98,200,0
20100430,4.73,5.325,4.73,5,5,0
20100504,4.73,5.15,4.73,4.95,400,0
20100505,4.98,5,4.74,4.8,1600,0
20100506,4.56,4.98,4.545,4.545,772,0
20100507,4.545,4.74,4.505,4.505,760,0
20100510,4.28,4.74,4.28,4.5,880,0
20100511,4.275,4.55,4.275,4.545,260,0
20100513,4.42,4.5,4.25,4.255,162,0
20100514,4.04,4.255,4.04,4.255,675,0
20100517,4.04,4.26,4.04,4.065,907,0
20100518,3.86,4.26,3.86,4.065,700,0
20100519,3.86,4.135,3.85,3.95,321,0
20100520,3.755,3.9,3.755,3.85,42,0
20100521,3.705,3.885,3.705,3.865,434,0
20100526,3.67,3.865,3.67,3.85,5,0
20100528,3.67,3.865,3.5,3.8,5582,0
20100531,3.63,3.88,3.63,3.88,408,0
20100602,3.47,4.55,3.47,4.55,1618,0
20100603,4.325,4.75,4.325,4.45,310,0
20100607,4.23,5.315,4.23,4.93,376,0
20100608,4.685,4.95,4.55,4.93,283,0
20100609,4.685,4.95,4.685,4.93,340,0
20100610,4.685,4.93,4.685,4.75,171,0
20100611,4.515,4.93,4.515,4.74,130,0
20100615,4.505,4.93,4.505,4.74,46,0
20100617,4.505,4.93,4.505,4.74,30,0
20100618,4.505,5,4.505,5,32,0
20100622,4.5,4.81,4.5,4.7,666,0
20100623,4.5,4.81,4.5,4.7,320,0
20100624,4.5,5.25,4.5,5.075,3312,0
20100625,4.5,5.5,4.5,5.5,560,0
20100628,5.25,5.69,5.25,5.52,90,0
20100629,5.1,5.69,5.1,5.595,1903,0
20100630,5.4,5.595,5,5,1061,0
20100705,5.05,5.595,5.05,5.3,22,0
20100707,5.05,5.595,5.05,5.32,25,0
20100708,5.05,5.595,5.05,5.32,65,0
20100713,5.05,5.595,5.05,5.32,418,0
20100714,5.05,5.595,5.05,5.32,1613,0
20100715,5.05,5.15,5.05,5.05,450,0
20100716,4.895,5.15,4.895,5.15,92,0
20100720,5.05,5.32,5.05,5.32,222,0
20100721,5.05,5.32,5.05,5.32,92,0
20100722,5.05,5.32,5.05,5.32,220,0
20100723,5.05,5.32,5.05,5.15,200,0
20100727,4.845,5.225,4.845,4.885,500,0
20100729,4.64,5.015,4.64,4.69,300,0
20100730,4.455,5.015,4.455,4.69,140,0
20100802,4.455,5.015,4.455,4.5,400,0
20100804,4.275,4.81,4.275,4.81,266,0
20100805,4.57,4.81,4.57,4.6,4,0
20100806,4.365,4.81,4.365,4.55,12,0
20100810,4.365,4.81,4.365,4.7,10,0
20100811,4.465,4.915,4.465,4.915,30,0
20100812,4.67,4.7,4.595,4.595,200,0
20100816,4.365,4.8,4.365,4.8,45,0
20100818,4.365,4.6,4.365,4.55,600,0
20100823,4.365,4.9,4.365,4.75,1000,0
20100826,4.655,4.8,4.595,4.8,67,0
20100827,4.365,4.8,4.365,4.8,100,0
20100830,4.365,4.8,4.365,4.8,55,0
20100901,4.365,4.8,4.365,4.6,1019,0
20100903,4.365,4.625,4.365,4.605,9,0
20100908,4.365,4.6,4.365,4.595,180,0
20100909,4.365,4.8,4.365,4.55,213,0
20100913,4.18,4.6,4.18,4.395,524,0
20100914,4.175,4.75,4.1,4.75,413,0
20100916,4.365,4.705,4.365,4.705,929,0
20100920,4.365,4.6,4.365,4.595,220,0
20100921,4.365,4.6,4.365,4.595,180,0
20100923,4.365,4.6,4.365,4.595,2,0
20100927,4.365,4.6,4.365,4.595,220,0
20100929,4.365,4.6,4.365,4.595,264,0
20101001,4.18,4.595,4.18,4.4,50,0
20101004,4.18,4.595,4.18,4.455,30,0
20101005,4.23,4.595,4.23,4.355,8,0
20101007,4.18,4.705,4.18,4.6,604,0
20101011,4.47,4.705,4.4,4.6,255,0
20101012,4.37,4.705,4.37,4.4,60,0
20101013,4.47,4.7,4.4,4.7,46,0
20101014,4.18,4.41,4.18,4.41,60,0
20101015,4.19,4.425,4.19,4.425,548,0
20101018,4.205,4.41,4.205,4.41,465,0
20101019,4.19,4.405,4.19,4.405,27,0
20101021,4.185,4.45,4.185,4.41,121,0
20101022,4.19,4.41,4.19,4.41,200,0
20101026,4.185,4.705,4.185,4.705,800,0
20101027,4.47,4.705,4.47,4.5,266,0
20101028,4.47,4.705,4.47,4.51,20,0
20101029,4.285,4.75,4.285,4.705,601,0
20101101,4.47,4.75,4.47,4.75,33,0
20101102,4.46,4.7,4.46,4.595,40,0
20101103,4.365,4.7,4.365,4.6,2,0
20101104,4.37,4.7,4.37,4.45,151,0
20101105,4.42,4.75,4.42,4.45,1510,0
20101108,4.465,4.75,4.45,4.7,2080,0
20101109,4.465,4.75,4.4,4.5,232,0
20101110,4.275,4.45,4.275,4.4,172,0
20101111,4.18,4.4,4.18,4.4,67,0
20101115,4.4,4.65,4.4,4.65,10,0
20101116,4.42,4.42,4.4,4.4,240,0
20101117,4.18,4.5,4.18,4.3,538,0
20101118,4.085,4.5,4.085,4.325,512,0
20101119,4.11,4.5,4.11,4.3,200,0
20101123,4.275,4.4,4.25,4.25,20,0
20101124,4.085,4.4,4.085,4.305,34,0
20101125,4.09,4.4,4.09,4.25,1040,0
20101201,4.04,4.5,4,4.375,788,0
20101202,4.275,4.375,4.25,4.375,33,0
20101203,4.04,4.375,4.04,4.15,600,0
20101206,4.04,4.3,4.04,4.3,13,0
20101209,3.895,4.375,3.895,4.375,442,0
20101210,4.085,4.85,4.085,4.85,1446,0
20101213,4.135,5.5,4.135,5.275,3520,0
20101214,5.225,5.4,5,5.1,341,0
20101216,4.655,5,4.655,5,34,0
20101220,4.655,5,4.64,4.64,479,0
20101221,4.465,5.05,4.465,5.025,1280,0
20101222,4.8,5.1,4.8,5.075,1744,0
20101227,4.8,5.1,4.8,5.09,6,0
20101228,4.825,5.165,4.825,5.165,2402,0
20101229,4.87,5.165,4.87,5.065,2099,0
20101230,4.87,5.065,4.87,5,1,0
20110105,4.57,5.04,4.57,5.04,2,0
20110106,4.705,5.04,4.705,5.04,4,0
20110107,4.705,5.125,4.705,5.115,200,0
20110110,4.87,5.5,4.87,5,1205,0
20110111,5.025,5.71,5.025,5.555,910,0
20110113,5.075,5.555,4.955,5.175,1609,0
20110114,4.705,5.175,4.705,5.175,115,0
20110117,4.8,5.175,4.8,5.175,344,0
20110118,4.75,5.2,4.75,5.05,42,0
20110119,4.8,5.25,4.8,5.25,20,0
20110120,5.15,5.25,5.15,5.25,673,0
20110121,4.94,5.25,4.94,5.25,271,0
20110124,4.94,5.25,4.94,5.175,460,0
20110125,4.755,5.25,4.755,5.25,1525,0
20110126,4.895,5.355,4.895,5.355,406,0
20110128,5.085,5.355,5.085,5.355,42,0
20110131,5.085,5.355,5.085,5.25,409,0
20110203,5.06,5.415,5.06,5.415,10,0
20110208,5.06,5.55,4.25,4.9,4778,0
20110209,4.655,5,4.4,4.565,8690,0
20110210,4.45,5,4.27,4.59,197,0
20110211,4.44,4.59,4.44,4.59,250,0
20110214,4.28,4.6,4.28,4.6,80,0
20110215,4.305,4.615,4.305,4.615,240,0
20110216,4.305,4.615,4.305,4.615,44,0
20110217,4.3,4.615,4.3,4.615,84,0
20110218,4.3,4.615,4.3,4.6,460,0
20110221,4.3,4.6,4.3,4.6,127,0
20110225,4.275,4.6,4.275,4.6,200,0
20110304,4.325,4.625,4.325,4.625,4,0
20110307,4.325,4.625,4.325,4.625,106,0
20110310,4.625,4.625,4.325,4.625,60,0
20110311,4.33,4.7,4.33,4.625,140,0
20110314,4.465,4.6,4.465,4.6,620,0
20110315,4.6,4.6,4.05,4.25,1156,0
20110316,3.85,4.45,3.85,4.45,2,0
20110317,4.23,4.45,4.23,4.45,200,0
20110318,4.085,4.55,4.085,4.365,943,0
20110321,4.085,4.365,4.085,4.365,17,0
20110322,3.99,4.55,3.99,4.1,6,0
20110324,3.945,4.355,3.945,4.34,400,0
20110325,3.945,4.34,3.945,4.175,2200,0
20110328,3.755,4.15,3.755,4.15,180,0
20110329,4.15,4.15,3.755,3.85,180,0
20110330,3.85,3.925,3.65,3.925,20,0
20110331,3.47,3.95,3.47,3.95,1207,0
20110401,3.615,3.93,3.615,3.93,1030,0
20110404,3.66,3.855,3.66,3.855,40,0
20110405,3.66,3.95,3.66,3.95,15,0
20110407,3.66,3.95,3.66,3.95,6,0
20110408,3.66,3.95,3.66,3.95,26,0
20110411,3.705,3.95,3.705,3.95,20,0
20110412,3.66,3.95,3.66,3.93,1026,0
20110413,3.615,3.94,3.615,3.94,300,0
20110415,3.94,3.94,3.635,3.94,10,0
20110419,3.635,3.94,3.635,3.94,8,0
20110420,3.66,3.94,3.66,3.94,6,0
20110421,3.64,3.94,3.64,3.94,6,0
20110426,3.64,3.94,3.64,3.93,440,0
20110428,3.615,3.93,3.615,3.93,200,0
20110502,3.615,3.93,3.615,3.9,20,0
20110503,3.565,3.9,3.565,3.9,17,0
20110504,3.75,5.35,3.565,5.35,1263,0
20110505,4.75,5.25,4.745,4.775,1500,0
20110506,4.56,4.775,4.55,4.725,200,0
20110509,4.725,4.725,4.515,4.725,1250,0
20110512,4.325,4.95,4.325,4.725,126,0
20110513,4.325,4.9,4.325,4.65,484,0
20110516,4.325,4.75,4.325,4.55,178,0
20110517,4.55,5,4.55,4.9,1000,0
20110518,4.9,4.9,4.6,4.725,200,0
20110519,4.56,4.85,4.45,4.825,1800,0
20110523,4.65,4.655,4.37,4.655,12,0
20110526,4.485,4.8,4.435,4.435,468,0
20110527,4.215,4.655,4.215,4.45,6,0
20110531,4.395,4.615,4.395,4.49,6,0
20110601,4.2,4.49,4.2,4.39,826,0
20110603,4.175,4.425,4.175,4.365,120,0
20110606,4.09,4.39,4.09,4.39,110,0
20110607,4.165,4.425,4.165,4.4,580,0
20110610,4.31,4.4,4.3,4.4,345,0
20110614,4.31,4.43,4.3,4.43,10,0
20110620,4.38,4.4,4.34,4.34,24,0
20110621,4.39,4.45,4.39,4.4,24,0
20110623,4.5,4.5,4.35,4.35,20,0
20110624,4.5,4.5,4.35,4.4,301,0
20110627,4.4,4.4,4.25,4.25,1390,0
20110628,4.25,4.375,4.25,4.25,170,0
20110629,4.25,4.375,4.25,4.25,75,0
20110630,4.25,4.375,4.25,4.25,2,0
20110701,4.25,4.415,4.25,4.25,5,0
20110704,4.415,4.415,4.25,4.25,46,0
20110705,4.25,4.415,4.25,4.25,200,0
20110707,4.25,4.415,4.25,4.25,0,0
20110708,4.25,4.415,4.25,4.25,210,0
20110712,4.25,4.415,4.25,4.25,1233,0
20110713,4.415,4.415,4.25,4.25,26,0
20110715,4.415,4.415,4.25,4.25,20,0
20110718,4.3,4.42,4.25,4.25,152,0
20110719,4.42,4.42,4.25,4.25,31,0
20110722,4.42,4.42,4.085,4.2,1695,0
20110727,3.955,3.955,3.665,3.93,600,0
20110728,3.55,3.69,3.55,3.55,20,0
20110729,3.55,3.69,3.55,3.55,30,0
20110802,3.55,3.69,3.5,3.5,32,0
20110803,3.5,3.64,3.5,3.5,16,0
20110804,3.64,3.64,3.5,3.5,60,0
20110805,3.64,3.64,3.5,3.5,100,0
20110808,3.5,3.64,3.5,3.5,1226,0
20110809,2.75,3.365,2.5,3.12,5287,0
20110810,3,3.17,3,3,127,0
20110811,3.05,3.29,3.05,3.05,200,0
20110812,3.165,3.415,3.15,3.165,1200,0
20110816,3.25,3.45,3.25,3.25,200,0
20110819,3.315,3.45,3.27,3.315,310,0
20110825,3.25,3.51,3.25,3.25,40,0
20110830,3.25,3.38,3.25,3.38,100,0
20110901,3.25,3.5,3.25,3.5,800,0
20110902,3.365,3.38,3.35,3.38,19,0
20110905,3.25,3.38,3.25,3.38,80,0
20110912,3.38,3.38,3.15,3.225,1005,0
20110913,3.35,3.35,3.35,3.35,300,0
20110916,3.22,3.35,3.1,3.225,14,0
20110923,3.25,3.3,3.1,3.175,2800,0
20110926,3.15,3.855,3.125,3.855,884,0
20110927,3.525,3.9,3.525,3.75,3836,0
20110928,3.65,3.75,3.65,3.65,1000,0
20111004,3.75,3.755,3.65,3.65,520,0
20111007,3.5,4.35,3.5,3.855,1641,0
20111014,3.805,3.955,3.66,3.9,624,0
20111017,3.9,4.05,3.7,3.7,7,0
20111019,3.9,3.9,3.75,3.9,7,0
20111020,3.755,3.755,3.605,3.75,600,0
20111024,4,4,3.59,3.735,178,0
20111027,3.57,3.715,3.5,3.64,182,0
20111028,3.5,3.64,3.45,3.64,10,0
20111103,3.5,3.64,3.45,3.64,30,0
20111104,3.5,3.64,3.5,3.64,41,0
20111108,3.5,3.64,3.5,3.64,30,0
20111114,3.64,3.64,3.5,3.64,112,0
20111115,3.505,3.64,3.45,3.64,10,0
20111117,3.505,3.64,3.5,3.64,13,0
20111118,3.505,3.64,3.5,3.64,220,0
20111121,3.5,3.64,3.365,3.5,800,0
20111122,3.37,3.48,3.35,3.48,200,0
20111206,3.355,3.405,3.275,3.405,62,0
20111208,3.4,3.535,3.275,3.535,8,0
20111209,3.4,3.535,3.275,3.535,20,0
20111212,3.275,3.35,3.275,3.35,724,0
20111215,3.3,3.465,3.275,3.465,20,0
20111216,3.3,3.365,3.275,3.365,217,0
20111227,3.275,3.275,3.145,3.25,600,0
20111229,3.155,3.46,3.15,3.46,600,0
20111230,3.3,3.35,3.2,3.2,27,0
20120102,3.195,3.2,3.15,3.15,186,0
20120103,3.19,3.2,3.19,3.19,186,0
20120104,3.19,3.19,3.15,3.15,20,0
20120106,3.255,3.255,3.25,3.25,307,0
20120111,3.255,3.575,3.25,3.405,240,0
20120112,3.255,3.575,3.25,3.405,100,0
20120113,3.41,3.41,3.4,3.405,0,0
20120116,3.25,3.35,3.25,3.35,4,0
20120117,3.25,3.575,3.25,3.525,400,0
20120118,3.525,3.55,3.355,3.355,50,0
20120119,3.69,3.69,3.475,3.475,35,0
20120120,3.515,3.53,3.35,3.35,200,0
20120124,3.35,3.53,3.35,3.35,250,0
20120125,3.25,3.53,3.25,3.255,60,0
20120126,3.25,3.53,3.25,3.25,10,0
20120127,3.25,3.53,3.25,3.5,44,0
20120130,3.335,3.53,3.3,3.335,160,0
20120131,3.45,3.79,3.45,3.79,430,0
20120201,3.61,3.61,3.455,3.455,207,0
20120202,3.45,3.455,3.4,3.45,5,0
20120208,3.45,3.455,3.45,3.455,14,0
20120209,3.45,3.455,3.095,3.25,1400,0
20120210,2.96,3.25,2.95,2.96,2,0
20120215,2.96,3.1,2.95,3.1,24,0
20120220,2.95,3.1,2.81,3.095,1715,0
20120221,2.955,3.095,2.95,3.07,25,0
20120222,2.925,3.07,2.9,2.925,10,0
20120223,2.925,3.07,2.9,3.07,24,0
20120224,2.925,3.075,2.875,3.075,104,0
20120228,2.93,3.075,2.88,3.075,107,0
20120301,2.95,3.075,2.93,3.075,150,0
20120302,2.93,3.075,2.93,3.075,240,0
20120305,3.075,3.075,2.93,2.935,163,0
20120307,3.05,3.15,2.95,3,10,0
20120312,3.055,3.205,3.05,3.205,16,0
20120313,3.05,3.205,3.05,3.205,40,0
20120314,3.05,3.205,3,3.205,48,0
20120316,3.05,3.205,3.05,3.05,27,0
20120322,3.05,3.51,3.05,3.51,596,0
20120327,3.5,3.63,3.5,3.51,9,0
20120328,3.51,3.75,3.05,3.05,151,0
20120330,3.05,3.6,3.05,3.6,774,0
20120404,3.33,3.75,3.06,3.75,56,0
20120410,3.615,3.75,3.06,3.75,8,0
20120411,3.6,3.75,3.06,3.615,2,0
20120412,3.615,3.795,3.06,3.585,318,0
20120413,3.66,3.665,3.06,3.665,35,0
20120416,3.66,3.77,3.65,3.77,628,0
20120417,3.635,3.77,3.48,3.635,630,0
20120418,3.505,3.635,3.455,3.505,7,0
20120419,3.505,3.635,3.49,3.49,400,0
20120424,3.615,3.735,3.485,3.735,281,0
20120425,3.735,3.92,3.6,3.75,557,0
20120426,3.6,3.88,3.6,3.615,2,0
20120427,3.485,3.75,3.485,3.75,1066,0
20120430,3.75,3.75,3.6,3.745,587,0
20120502,3.62,3.62,3.6,3.61,100,0
20120504,3.48,3.79,3.48,3.79,316,0
20120507,3.655,3.84,3.525,3.84,446,0
20120508,3.55,3.8,3.49,3.8,808,0
20120518,3.75,3.805,3.6,3.615,80,0
20120521,3.615,3.94,3.6,3.94,304,0
20120522,3.94,4.075,3.78,4.075,309,0
20120523,4.075,4.075,3.93,3.94,100,0
20120524,3.79,3.94,3.79,3.935,186,0
20120525,3.79,3.95,3.73,3.94,235,0
20120528,3.94,4,3.65,3.935,298,0
20120529,3.95,4.1,3.925,4.1,50,0
20120530,3.95,4.1,3.95,4.1,8,0
20120601,3.95,4.1,3.95,3.95,200,0
20120604,3.955,4.2,3.95,4.2,15,0
20120605,4.05,4.2,3.875,3.875,290,0
20120606,3.735,4.02,3.735,4.02,248,0
20120611,4.02,4.02,3.575,3.92,382,0
20120612,3.775,3.995,3.58,3.995,2099,0
20120613,3.85,3.995,3.85,3.995,10,0
20120618,3.85,4.05,3.85,3.995,39,0
20120621,3.85,3.995,3.85,3.995,10,0
20120625,3.855,3.995,3.85,3.995,36,0
20120628,3.85,3.995,3.85,3.85,986,0
20120629,3.71,3.85,3.69,3.83,800,0
20120702,3.83,4.02,3.69,4.02,504,0
20120706,3.875,4.02,3.875,4.02,220,0
20120709,4.02,4.045,3.875,4.045,340,0
20120710,4.045,5,3.9,4.95,1481,0
20120711,4.76,5.5,4.705,5.5,7252,0
20120712,5.25,5.5,5.25,5.45,1114,0
20120713,5.245,5.575,5.245,5.47,2006,0
20120716,5.71,6.65,5.48,6.34,6225,0
20120717,6.2,6.485,5.885,5.885,1663,0
20120718,5.75,5.885,5.43,5.615,305,0
20120719,5.5,6,5.48,6,3720,0
20120720,5.86,6.485,5.85,6.37,2129,0
20120723,6.37,6.37,6.03,6.05,3143,0
20120725,6.2,6.2,5.9,6.045,25,0
20120727,5.9,6.2,5.9,6.155,740,0
20120802,6.005,6.155,5.95,6.03,17,0
20120806,6.03,6.295,5.6,6.045,620,0
20120807,5.9,6.05,5.605,6,18,0
20120809,6,6.15,5.605,6,209,0
20120810,5.9,6,5.61,6,6,0
20120813,5.9,6,5.61,5.765,400,0
20120814,5.625,5.765,5.625,5.74,2,0
20120815,5.6,5.74,5.365,5.365,1206,0
20120816,5.3,5.495,5.185,5.3,714,0
20120817,5.25,5.38,5.2,5.38,226,0
20120821,5.25,5.64,5.2,5.47,310,0
20120823,5.335,5.47,5.28,5.38,73,0
20120824,5.28,5.38,5.2,5.38,67,0
20120827,5.295,5.51,5.2,5.47,500,0
20120828,5.455,5.47,5.34,5.38,160,0
20120830,5.25,5.43,5.2,5.43,240,0
20120831,5.3,5.43,5.245,5.4,400,0
20120905,5.405,5.5,5.35,5.455,1000,0
20120906,5.405,5.505,5.35,5.505,880,0
20120910,5.455,5.5,5.395,5.5,50,0
20120911,5.395,5.55,5.395,5.5,1000,0
20120912,5.45,5.5,5.395,5.5,1112,0
20120914,5.455,5.5,5.395,5.5,101,0
20120917,5.5,5.5,5.395,5.5,367,0
20120918,5.4,5.5,5.3,5.45,240,0
20120920,5.245,5.45,5.245,5.33,1200,0
20120921,5.2,5.33,5.1,5.175,2060,0
20120924,5.175,5.28,5.05,5.28,110,0
20120927,5.28,5.625,5.1,5.625,2437,0
20120928,5.6,5.74,5.545,5.74,1069,0
20121002,5.55,5.74,5.545,5.735,540,0
20121005,5.6,5.74,5.545,5.74,80,0
20121008,5.74,5.74,5.545,5.74,1500,0
20121010,5.81,6.055,5.75,6.055,214,0
20121011,6.055,6.055,5.6,5.6,1240,0
20121012,5.625,5.945,5.625,5.945,330,0
20121015,5.94,5.945,5.8,5.945,50,0
20121016,5.74,5.945,5.74,5.945,130,0
20121019,5.945,5.945,5.74,5.9,27,0
20121023,5.875,6.09,5.74,5.925,100,0
20121102,5.91,6.055,5.765,5.91,8,0
20121106,5.7,5.875,5.695,5.875,217,0
20121107,5.75,5.875,5.695,5.875,10,0
20121108,5.875,5.875,5.695,5.875,107,0
20121112,5.75,5.875,5.695,5.875,10,0
20121113,5.75,5.875,5.695,5.875,120,0
20121114,5.875,5.875,5.695,5.875,1,0
20121115,5.875,6,5.695,5.875,1908,0
20121119,5.695,5.9,5.695,5.9,10,0
20121120,5.8,5.9,5.745,5.9,14,0
20121121,5.8,5.9,5.775,5.775,200,0
20121122,5.75,5.775,5.25,5.585,3772,0
20121126,5.395,5.585,5.395,5.585,20,0
20121129,5.55,5.75,5.55,5.75,14,0
20121203,5.61,6.045,5.61,6.045,12,0
20121205,5.855,6,5.3,5.53,3460,0
20121206,5.355,5.85,5.355,5.615,70,0
20121207,5.64,5.975,5.575,5.975,1549,0
20121210,4.49,5.01,4.49,5.01,1294,0
20121211,4.91,5.402,4.91,5.402,379,0
20121212,5.401,5.402,5.301,5.402,78,0
20121213,5.401,5.402,5.301,5.402,2,0
20121214,5.402,5.531,5.301,5.531,280,0
20121217,5.402,5.45,5.297,5.45,20,0
20121218,5.218,5.565,5.218,5.501,447,0
20121220,5.505,5.564,5.366,5.428,437,0
20121221,5.401,5.401,5.3,5.4,24,0
20121227,5.4,5.41,5.3,5.41,20,0
20130102,5.31,5.69,5.31,5.69,198,0
20130103,5.451,5.686,5.451,5.686,222,0
20130104,5.61,5.72,5.61,5.72,1,0
20130107,5.71,5.72,5.61,5.72,115,0
20130109,5.72,5.731,5.62,5.731,33,0
20130110,5.63,5.731,5.63,5.731,40,0
20130114,5.65,5.99,5.65,5.99,921,0
20130115,5.85,5.85,5.65,5.845,50,0
20130116,5.86,5.87,5.65,5.87,32,0
20130117,5.86,6.2,5.76,6.2,1363,0
20130118,6.21,6.565,6.11,6.565,46,0
20130122,6.305,6.405,6.305,6.405,10,0
20130123,6.32,6.32,6.22,6.32,300,0
20130124,6.4,6.461,6.3,6.461,10,0
20130125,6.46,6.6,6.36,6.36,1040,0
20130128,6.36,6.46,6.36,6.46,200,0
20130129,6.36,6.475,6.36,6.47,240,0
20130130,6.46,6.47,6.36,6.47,6,0
20130131,6.36,6.46,6.36,6.4,1130,0
20130204,6.3,6.45,6.3,6.45,60,0
20130205,6.3,6.41,6.3,6.4,80,0
20130207,6.32,7.2,6.32,7.2,3605,0
20130208,7.1,8.85,7.1,8.5,5170,0
20130211,8.5,9.03,8.5,9.03,5855,0
20130212,9.03,9.03,7.65,8.38,4699,0
20130213,8.38,8.5,8.28,8.5,1060,0
20130214,8.38,8.5,8.28,8.5,821,0
20130215,8.38,8.5,8.28,8.499,1318,0
20130218,7.601,8.499,7.601,8.499,1951,0
20130219,7.995,8.095,7.995,8.095,12,0
20130220,7.81,7.91,7.79,7.8,840,0
20130221,7.51,8.47,7.51,8.47,668,0
20130222,8.46,8.49,8.36,8.36,348,0
20130225,8.1,8.1,8.097,8.097,25,0
20130226,7.62,8.1,7.62,8,756,0
20130228,7.996,8.096,7.996,8.096,26,0
20130301,8.27,8.894,8.17,8.49,6169,0
20130304,8.2,9.14,8.2,8.5,7158,0
20130305,8.5,8.6,8.4,8.5,4521,0
20130307,8.4,9.52,8.3,9.4,1074,0
20130308,9.071,9.171,8.568,8.85,450,0
20130311,8.85,9.45,8.85,9.31,1139,0
20130312,9.68,9.7,9.12,9.2,349,0
20130313,9.42,9.88,9.366,9.8,555,0
20130314,9.8,9.8,8.95,9,5010,0
20130315,8.85,8.9,8.75,8.9,20,0
20130318,8.78,8.98,8.78,8.89,1544,0
20130319,8.88,8.88,8.78,8.8,2019,0
20130320,8.7,8.7,8.5,8.5,1940,0
20130321,8.2,8.48,8.2,8.2,1240,0
20130325,8.1,8.2,8.03,8.03,200,0
20130326,8.03,8.2,8.03,8.2,1,0
20130327,8.32,8.5,8.22,8.45,848,0
20130328,8.22,8.41,8.22,8.3,109,0
20130402,8.32,10.125,8.3,10.125,5611,0
20130403,10.485,10.99,8.3,9.98,3520,0
20130404,9.516,9.8,8,8.49,8441,0
20130405,8.48,8.5,7.342,8,4847,0
20130408,8,8.195,7.65,7.84,1029,0
20130409,7.549,7.979,7.53,7.979,1572,0
20130410,7.784,8.55,7.684,8.5,4728,0
20130411,8.049,8.446,7.949,8.446,510,0
20130412,8.24,8.24,4.05,4.05,930,0
20130415,3.8,5.3,3.8,4.7,1090,0
20130416,3.9,3.9,2.566,3.509,2515,0
20130417,3.109,3.49,2.8,3.324,2679,0
20130418,3.243,3.25,3.143,3.249,1183,0
20130419,3.17,3.17,2.91,2.91,1085,0
20130422,2.8,2.91,2.8,2.91,1276,0
20130423,2.9,2.9,2.8,2.9,1200,0
20130424,2.9,2.9,2.8,2.9,400,0
20130425,2.829,3.3,2.729,3.22,1690,0
20130426,3.15,3.307,3.05,3.126,600,0
20130429,3.25,3.667,3,3.05,4596,0
20130502,2.95,3.2,2.95,3.08,603,0
20130507,3.005,3.005,2.905,3.005,190,0
20130508,2.9,3.05,2.9,3.05,88,0
20130509,3,3.01,2.9,3.01,160,0
20130510,3,3.118,2.9,3.118,680,0
20130513,2.942,3.042,2.942,2.97,300,0
20130517,2.97,2.98,2.75,2.75,1542,0
20130520,2.583,2.7,2.534,2.534,438,0
20130521,2.534,2.634,2.231,2.6,332,0
20130522,2.14,2.67,2.14,2.67,600,0
20130523,2.3,2.7,2.29,2.7,104,0
20130524,2.51,2.788,2.41,2.788,315,0
20130529,2.55,2.555,2.45,2.555,6,0
20130530,2.41,2.51,2.31,2.31,650,0
20130603,2.262,2.365,2.262,2.365,10,0
20130604,2.362,2.41,2.262,2.41,10,0
20130606,2.412,2.412,2.312,2.402,8,0
20130607,2.412,2.412,2.09,2.09,1530,0
20130611,2.189,2.2,1.7,1.7,1008,0
20130612,1.72,1.76,1.62,1.76,150,0
20130619,1.8,2.588,1.7,2.55,2415,0
20130620,2.7,2.7,2.1,2.55,1918,0
20130625,2.212,2.22,2.112,2.15,3000,0
20130628,2.193,2.193,2.089,2.12,10,0
20130702,2.3,2.69,2.2,2.69,850,0
20130703,2.92,3.08,2.7,2.8,1850,0
20130704,2.642,2.642,2.542,2.642,250,0
20130705,2.642,2.75,2.542,2.75,34,0
20130708,2.494,2.594,2.494,2.594,250,0
20130712,2.593,2.593,2.35,2.35,780,0
20130715,2.308,2.308,2.208,2.208,2,0
20130716,2.308,2.308,2.208,2.208,6,0
20130717,2.308,2.483,2.117,2.483,22,0
20130718,2.342,2.45,2.211,2.45,51,0
20130719,2.311,2.311,2.211,2.311,500,0
20130729,2.26,2.261,2.26,2.261,20,0
20130730,2.272,2.272,2.272,2.272,4,0
20130801,2.3,2.31,2.2,2.31,5,0
20130808,2.3,2.3,2.2,2.3,40,0
20130809,2.26,2.26,2.16,2.16,6,0
20130812,2.26,2.26,1.787,1.903,1978,0
20130813,1.795,2.02,1.695,1.795,33,0
20130814,1.795,1.796,1.695,1.695,29,0
20130815,1.8,2,1.695,1.95,848,0
20130819,1.91,2.248,1.91,2.01,15139,0
20130820,1.896,2.123,1.896,2.003,472,0
20130826,2.003,2.1,1.881,1.981,22,0
20130828,1.881,1.981,1.81,1.81,1016,0
20130829,1.927,2.1,1.881,1.881,2000,0
20130830,1.881,2.62,1.86,2.124,4520,0
20130902,2.124,2.5,2.124,2.349,70,0
20130903,2.012,2.15,2.012,2.15,119,0
20130904,2.112,2.112,1.94,1.94,1000,0
20130905,1.94,2.04,1.939,2.039,24,0
20130906,2.05,2.05,1.95,2.02,1313,0
20130909,2,2.1,1.95,2.02,28,0
20130911,2,2.01,1.9,2.01,40,0
20130912,2,2.01,1.9,2.01,20,0
20130916,1.9,2.01,1.9,1.9,42,0
20130917,2,2.01,1.9,2.01,700,0
20130918,2,2.288,1.9,2.287,251,0
20130919,1.907,2.007,1.907,2,16,0
20130923,2.01,2.01,1.9,2.01,66,0
20130925,1.99,2.001,1.9,2.001,910,0
20130926,2,2.15,1.9,2.15,27,0
20130930,2,2.288,1.9,2.288,754,0
20131001,2.138,2.138,2.01,2.05,1504,0
20131008,2.01,2.25,1.91,1.91,1002,0
20131009,2.01,2.01,1.9,1.91,2000,0
20131010,2.01,2.05,1.91,1.912,2,0
20131011,2.012,2.35,1.912,1.968,2300,0
20131015,2.072,2.072,1.972,1.972,112,0
20131017,2.072,2.072,1.972,2.072,700,0
20131018,2.023,2.023,1.912,1.912,1680,0
20131022,1.95,2.288,1.95,2.105,700,0
20131023,2.138,2.138,2.012,2.012,5,0
20131025,2.012,2.4,2.012,2.018,222,0
20131028,2.122,2.4,2.022,2.4,216,0
20131030,2.122,2.13,2.022,2.13,400,0
20131031,2.022,2.122,2.022,2.122,2,0
20131101,2.022,2.39,2.022,2.022,351,0
20131104,2.15,2.26,2.05,2.26,2,0
20131105,2.15,2.25,2.03,2.03,2640,0
20131107,2.051,2.11,1.95,2.01,158,0
20131108,2.11,2.11,2.01,2.11,160,0
20131112,2.11,2.23,2.01,2.1,6960,0
20131113,2.049,2.15,1.949,1.998,130,0
20131114,2.05,2.25,2.05,2.1,111,0
20131118,2.11,2.21,2.11,2.21,200,0
20131119,2.2,2.2,2.01,2.011,16200,0
20131120,2.01,2.011,1.91,2.011,60,0
20131121,1.91,2.02,1.91,2.02,2,0
20131125,1.91,2.01,1.5,1.75,12617,0
20131126,1.75,1.85,1.696,1.796,700,0
20131127,1.796,2,1.696,1.88,7260,0
20131128,1.725,1.825,1.725,1.825,2,0
20131202,1.672,1.772,1.672,1.772,15,0
20131203,1.72,1.72,1.62,1.662,534,0
20131204,1.514,1.614,1.514,1.61,1440,0
20131209,1.72,1.861,1.62,1.861,776,0
20131211,1.86,1.91,1.86,1.87,80,0
20131212,1.86,1.88,1.86,1.86,1196,0
20131213,1.875,1.875,1.85,1.851,604,0
20131216,1.855,1.855,1.81,1.81,500,0
20131217,1.875,1.875,1.85,1.855,1379,0
20131218,1.82,1.93,1.82,1.93,300,0
20131219,1.93,1.99,1.86,1.86,6653,0
20131220,1.87,1.935,1.87,1.9,10,0
20131223,1.87,1.95,1.87,1.95,848,0
20131227,1.95,2,1.95,2,814,0
20131230,1.95,2.009,1.95,1.95,2,0
20140102,1.951,1.951,1.894,1.894,23,0
20140103,1.894,1.951,1.894,1.934,304,0
20140106,1.98,1.99,1.98,1.98,3,0
20140107,1.98,2.05,1.98,2.05,2072,0
20140108,2.05,2.111,1.981,2,432,0
20140109,2.05,2.111,2.05,2.051,16,0
20140113,2.05,2.112,1.9,1.9,10085,0
20140115,1.9,1.995,1.9,1.995,300,0
20140117,1.946,1.995,1.946,1.946,363,0
20140120,1.899,1.946,1.899,1.9,1,0
20140121,1.87,1.917,1.87,1.916,200,0
20140123,1.87,1.917,1.86,1.917,20,0
20140124,1.917,1.917,1.87,1.916,1009,0
20140127,1.916,1.917,1.87,1.916,280,0
20140128,1.87,1.917,1.86,1.916,26,0
20140129,1.916,1.917,1.87,1.917,226,0
20140130,1.917,2,1.87,2,26,0
20140203,2,2,1.951,1.98,12,0
20140205,1.932,1.98,1.902,1.902,206,0
20140206,1.93,2,1.93,2,1280,0
20140207,1.98,2.03,1.97,2.01,774,0
20140212,2.02,2.071,2.01,2.01,152,0
20140213,2.07,2.071,2.02,2.05,672,0
20140217,2.106,2.106,2.055,2.061,290,0
20140218,2.088,2.138,2.06,2.06,555,0
20140219,2.139,2.144,2.039,2.144,1530,0
20140221,2.144,2.144,2.1,2.144,40,0
20140224,2.11,2.144,2.1,2.144,30,0
20140225,2.144,2.144,2.09,2.09,28,0
20140226,2.1,2.15,2.1,2.1,1000,0
20140227,2.16,2.16,2.049,2.049,1510,0
20140228,2.1,2.1,2.02,2.07,28,0
20140305,2.02,2.131,2.02,2.069,2000,0
20140307,2.149,2.149,2.1,2.1,33,0
20140310,2.149,2.149,2.1,2.1,511,0
20140311,2.149,2.149,2.1,2.1,33,0
20140317,2.05,2.101,2.05,2.05,1003,0
20140318,2.101,2.101,2.049,2.049,40,0
20140320,2.1,2.1,2,2.071,20,0
20140321,2.071,2.071,2,2.02,4,0
20140324,2.02,2.071,2,2.02,4,0
20140326,2.02,2.071,2,2.02,6,0
20140401,2.071,2.071,2,2,400,0
20140402,2.05,2.05,2,2,746,0
20140407,2.05,2.05,2,2.05,40,0
20140409,2.05,2.05,2,2,21,0
20140410,2,2.05,2,2,200,0
20140422,2,2.098,2,2.047,10,0
20140429,2.098,2.14,2.047,2.048,517,0
20140502,2.048,2.099,2,2.05,400,0
20140507,2,2.05,2,2,1,0
20140508,2.01,2.01,1.913,1.913,4,0
20140512,1.998,1.999,1.89,1.89,1340,0
20140513,1.937,1.937,1.89,1.89,900,0
20140515,1.937,1.937,1.89,1.89,110,0
20140516,1.89,1.937,1.89,1.89,4,0
20140520,1.89,1.937,1.89,1.89,4,0
20140521,1.89,1.937,1.89,1.89,10,0
20140522,2.065,2.1,2,2.049,2850,0
20140523,2.15,2.15,2.08,2.1,1002,0
20140526,2.1,2.188,2.1,2.1,325,0
20140527,2.144,2.188,2.09,2.135,1991,0
20140530,2.195,2.25,2.142,2.25,607,0
20140602,2.197,2.197,1.77,1.84,34018,0
20140603,1.84,1.867,1.795,1.85,1405,0
20140605,1.947,2.054,1.849,1.95,27900,0
20140606,1.975,1.975,1.85,1.85,2000,0
20140610,1.898,1.898,1.85,1.85,1001,0
20140616,1.85,1.9,1.85,1.854,10000,0
20140618,1.9,1.9,1.86,1.86,28,0
20140619,1.86,1.9,1.86,1.86,366,0
20140620,1.86,1.939,1.86,1.86,2500,0
20140623,1.899,1.907,1.86,1.87,120,0
20140625,1.86,1.907,1.86,1.87,105,0
20140630,1.917,1.917,1.87,1.87,200,0
20140701,1.917,1.917,1.86,1.87,3,0
20140702,1.92,1.92,1.873,1.873,20,0
20140707,1.92,1.92,1.863,1.863,3,0
20140709,1.91,1.91,1.86,1.86,1000,0
20140715,1.948,1.95,1.9,1.95,1500,0
20140718,1.902,1.95,1.86,1.86,2000,0
20140725,1.907,1.907,1.86,1.86,170,0
20140728,1.907,1.907,1.85,1.85,1200,0
20140729,1.878,1.896,1.85,1.85,170,0
20140730,1.85,1.896,1.85,1.85,500,0
20140731,1.896,1.896,1.805,1.86,2200,0
20140801,1.86,1.907,1.86,1.86,80,0
20140805,1.907,1.907,1.82,1.82,70,0
20140806,1.82,1.863,1.776,1.776,3192,0
20140812,1.82,1.837,1.766,1.766,1500,0
20140813,1.81,1.81,1.75,1.75,1110,0
20140814,1.774,1.794,1.75,1.75,550,0
20140815,1.75,1.9,1.707,1.853,4609,0
20140818,1.853,1.9,1.81,1.81,296,0
20140820,1.846,1.892,1.846,1.847,540,0
20140821,1.81,1.855,1.81,1.81,13,0
20140822,1.835,1.855,1.8,1.855,20,0
20140825,1.855,1.855,1.81,1.81,120,0
20140826,1.837,1.855,1.81,1.81,300,0
20140827,1.837,1.837,1.766,1.766,941,0
20140902,1.81,1.81,1.756,1.756,22,0
20140903,1.8,1.8,1.756,1.756,8,0
20140904,1.8,1.8,1.717,1.73,34,0
20140908,1.773,1.773,1.73,1.73,6,0
20140910,1.773,1.773,1.693,1.73,6,0
20140911,1.754,1.754,1.639,1.639,2075,0
20140915,1.65,1.8,1.65,1.73,2403,0
20140922,1.773,1.773,1.72,1.773,70,0
20140924,1.745,1.745,1.65,1.65,27,0
20140926,1.65,1.76,1.65,1.707,880,0
20141002,1.707,1.792,1.707,1.746,54,0
20141007,1.791,1.834,1.747,1.834,600,0
20141010,1.789,1.834,1.704,1.747,1600,0
20141013,1.747,1.791,1.704,1.704,2260,0
20141015,1.747,1.747,1.704,1.704,80,0
20141016,1.746,1.855,1.704,1.811,620,0
20141017,1.84,1.943,1.84,1.849,3809,0
20141020,1.943,1.958,1.896,1.91,5,0
20141021,1.868,1.958,1.844,1.844,1032,0
20141022,1.863,1.91,1.844,1.844,6,0
20141027,1.844,1.872,1.834,1.844,10,0
20141028,1.872,1.872,1.844,1.844,488,0
20141030,1.872,1.872,1.844,1.844,10,0
20141103,1.89,1.89,1.844,1.844,284,0
20141104,1.844,1.89,1.844,1.844,100,0
20141105,1.844,1.89,1.844,1.844,200,0
20141110,1.89,1.89,1.844,1.844,1500,0
20141111,1.89,1.89,1.844,1.844,46,0
20141114,1.89,1.89,1.756,1.756,3292,0
20141117,1.756,1.85,1.756,1.756,44,0
20141118,1.756,1.85,1.748,1.756,120,0
20141119,1.756,1.85,1.756,1.756,12,0
20141120,1.756,1.85,1.756,1.756,120,0
20141121,1.756,1.85,1.756,1.756,516,0
20141125,1.756,1.85,1.756,1.756,560,0
20141127,1.756,1.85,1.756,1.756,86,0
20141205,1.756,1.845,1.756,1.8,2502,0
20141208,1.844,1.844,1.776,1.776,92,0
20141209,1.776,1.82,1.766,1.776,3,0
20141210,1.776,1.82,1.776,1.776,96,0
20141215,1.8,1.8,1.748,1.756,165,0
20141216,1.756,1.805,1.747,1.761,513,0
20141217,1.761,1.805,1.751,1.761,50,0
20141218,1.761,1.805,1.761,1.761,80,0
20141219,1.805,1.805,1.761,1.761,560,0
20141222,1.761,1.805,1.761,1.761,48000,0
20141229,1.725,1.836,1.665,1.836,21385,0
20141230,1.882,1.882,1.791,1.836,9,0
20150102,1.791,1.836,1.791,1.799,3,0
20150106,1.79,1.98,1.78,1.879,1000,0
20150107,1.879,2,1.879,2,70,0
20150109,1.928,2,1.88,1.88,44,0
20150112,1.86,1.96,1.86,1.86,2130,0
20150116,1.93,1.93,1.86,1.86,500,0
20150120,1.93,1.937,1.857,1.86,6,0
20150122,1.86,1.93,1.86,1.861,4028,0
20150123,1.86,2,1.833,1.851,1690,0
20150127,1.826,1.87,1.826,1.827,11,0
20150130,1.826,1.87,1.823,1.836,613,0
20150202,1.83,1.87,1.826,1.827,88,0
20150203,1.826,1.87,1.826,1.851,160,0
20150204,1.826,1.87,1.826,1.828,5,0
20150209,1.826,1.87,1.826,1.827,30,0
20150211,1.826,1.87,1.826,1.827,10,0
20150212,1.826,1.87,1.826,1.826,2300,0
20150216,1.826,1.87,1.826,1.826,10,0
20150217,1.826,1.87,1.826,1.826,1014,0
20150218,1.826,1.96,1.826,1.897,5968,0
20150219,1.896,1.971,1.84,1.971,39,0
20150220,1.858,1.865,1.824,1.828,304,0
20150223,1.826,1.877,1.823,1.827,173,0
20150224,1.826,1.91,1.826,1.858,3732,0
20150225,1.858,1.917,1.833,1.859,1004,0
20150226,1.9,1.99,1.84,1.93,1604,0
20150227,1.902,1.95,1.84,1.93,469,0
20150302,1.863,1.972,1.84,1.972,799,0
20150303,1.915,1.967,1.84,1.962,219,0
20150305,1.96,1.98,1.84,1.972,3,0
20150309,1.932,2.038,1.84,1.934,240,0
20150311,1.932,2.052,1.84,2.052,80,0
20150313,2.05,2.057,1.84,2.052,20,0
20150316,2.1,2.1,1.84,2.012,41,0
20150317,2.01,2.117,1.84,2.061,900,0
20150318,2.059,2.059,1.84,2,490,0
20150319,2.01,2.168,2.01,2.012,3800,0
20150320,2.07,2.135,2.07,2.072,600,0
20150323,2.03,2.115,2.03,2.03,2143,0
20150324,1.86,2.007,1.86,2,650,0
20150325,2.08,2.106,2.08,2.08,150,0
20150326,1.86,2.043,1.85,2,3055,0
20150327,1.87,2.11,1.86,2,8762,0
20150330,2,2.016,1.86,2,2620,0
20150331,1.86,2.057,1.86,2.052,5000,0
20150402,1.9,2.12,1.9,2.057,3595,0
20150408,2.055,2.062,2.055,2.056,4220,0
20150409,2.055,2.06,2.055,2.06,20,0
20150413,2.055,2.1,2.055,2.06,136,0
20150414,2.06,2.06,2.055,2.055,6,0
20150415,2.055,2.341,2.055,2.321,3538,0
20150416,2.055,2.2,2.055,2.2,1200,0
20150417,2.055,2.328,2.055,2.328,1200,0
20150420,2.132,2.15,2.132,2.15,654,0
20150421,2.142,2.15,2.142,2.15,200,0
20150422,2.142,2.142,2.142,2.142,1100,0
20150423,2.086,2.15,2.086,2.15,14,0
20150429,2.086,2.11,2.086,2.11,36,0
20150505,2.29,2.36,2.086,2.36,4301,0
20150506,2.059,2.337,2.059,2.1,2100,0
20150508,2.055,2.338,2.055,2.338,500,0
20150511,2.072,2.12,2.072,2.12,117,0
20150514,2.072,2.338,2.072,2.338,1062,0
20150515,2.057,2.08,2.057,2.08,34,0
20150521,2.152,2.3,2.152,2.3,1000,0
20150522,2.152,2.31,2.152,2.31,6000,0
20150527,2.162,2.34,2.162,2.34,2538,0
20150528,2.162,2.165,2.162,2.165,200,0
20150608,2.32,2.32,2.263,2.31,36,0
20150609,2.254,2.28,2.254,2.28,60,0
20150611,2.224,2.231,2.224,2.231,586,0
20150612,2.125,2.26,1.998,2.26,3506,0
20150615,2.205,2.26,2.205,2.26,4,0
20150617,2.21,2.218,2.21,2.218,60,0
20150618,2.21,2.217,2.21,2.217,770,0
20150619,2.21,2.25,2.21,2.25,80,0
20150622,2.21,2.261,2.21,2.261,63,0
20150623,2.206,2.327,2.206,2.327,890,0
20150624,2.27,2.319,2.27,2.319,1066,0
20150625,2.262,2.27,2.262,2.27,20,0
20150626,2.215,2.25,2.215,2.25,13,0
20150629,2.195,2.23,2.195,2.23,20,0
20150630,2.176,2.257,2.176,2.257,596,0
20150701,2.257,2.264,2.2,2.2,1000,0
20150702,2.146,2.267,2.146,2.267,855,0
20150703,2.212,2.25,2.212,2.25,20,0
20150706,2.195,2.3,2.195,2.3,1529,0
20150707,2.244,2.255,2.244,2.255,10,0
20150709,2.2,2.207,2.2,2.207,592,0
20150710,2.162,2.17,2.162,2.17,47,0
20150714,2.172,2.273,2.172,2.273,592,0
20150715,2.35,2.457,2.35,2.457,9737,0
20150716,2.344,2.7,2.344,2.64,16624,0
20150717,2.576,2.9,2.576,2.9,3555,0
20150720,2.95,2.95,2.66,2.75,6994,0
20150724,2.668,2.68,2.668,2.68,16,0
20150728,2.615,2.615,2.56,2.56,49,0
20150729,2.527,2.534,2.527,2.527,1200,0
20150730,2.501,2.619,2.501,2.6,574,0
20150731,2.6,2.6,2.537,2.537,26,0
20150803,2.537,2.67,2.537,2.67,376,0
20150804,2.605,2.615,2.605,2.615,50,0
20150806,2.51,2.632,2.501,2.632,564,0
20150807,2.568,2.58,2.568,2.58,50,0
20150810,2.642,2.81,2.642,2.81,3129,0
20150812,2.741,2.77,2.741,2.77,108,0
20150814,2.83,2.83,2.74,2.74,3496,0
20150819,2.63,2.73,2.63,2.69,200,0
20150820,2.61,2.73,2.61,2.73,100,0
20150821,2.61,2.73,2.61,2.71,300,0
20150824,2.61,2.74,2.56,2.74,2678,0
20150825,2.65,2.75,2.65,2.75,1354,0
20150826,2.683,2.69,2.683,2.69,500,0
20150827,2.65,2.66,2.65,2.65,3977,0
20150828,2.67,2.757,2.67,2.757,400,0
20150901,3.3,3.34,3.3,3.3,11439,0
20150903,3.3,3.31,3.093,3.105,3900,0
20150904,3.029,3.18,3.029,3.1,104,0
20150907,3.024,3.024,3.018,3.018,10,0
20150908,2.877,2.877,2.877,2.877,12,0
20150915,2.715,2.789,2.715,2.789,319,0
20150918,2.715,2.85,2.715,2.85,440,0
20150925,2.78,2.78,2.774,2.774,3,0
20150929,2.706,2.706,2.3,2.501,2768,0
20150930,2.44,2.618,2.44,2.618,823,0
20151001,2.554,2.627,2.553,2.627,592,0
20151007,2.627,2.628,2.627,2.628,500,0
20151009,2.62,2.628,2.62,2.628,40,0
20151012,2.62,2.62,2.62,2.62,870,0
20151014,2.634,2.634,2.627,2.627,541,0
20151016,2.62,2.74,2.62,2.65,1049,0
20151020,2.62,2.744,2.62,2.744,546,0
20151021,2.677,2.82,2.677,2.82,686,0
20151027,2.81,3.15,2.81,3.15,5275,0
20151028,3.073,3.12,3.067,3.12,2,0
20151029,3.044,3.212,3.044,3.212,1790,0
20151030,3.22,3.28,3.22,3.28,1742,0
20151104,3.183,3.2,3.18,3.18,20,0
20151106,3.168,3.169,2.779,2.985,4195,0
20151110,2.859,2.9,2.85,2.85,73,0
20151112,2.872,2.88,2.804,2.804,231,0
20151113,2.804,2.88,2.668,2.7,448,0
20151116,2.7,2.8,2.65,2.732,829,0
20151117,2.732,2.732,2.68,2.68,350,0
20151119,2.68,2.681,2.68,2.68,10,0
20151120,2.68,2.81,2.68,2.81,70,0
20151123,2.795,2.795,2.727,2.727,50,0
20151124,2.727,2.727,2.718,2.718,400,0
20151127,2.85,2.85,2.85,2.85,1183,0
20151130,2.85,3,2.85,3,1000,0
20151201,2.81,2.95,2.81,2.95,379,0
20151207,2.98,2.98,2.98,2.98,336,0
20151208,2.85,2.85,2.85,2.85,5000,0
20151210,2.87,2.871,2.87,2.871,21,0
20151217,2.87,3.11,2.87,3.11,3604,0
20151218,2.887,3.03,2.875,2.875,6010,0
20151221,2.87,2.88,2.87,2.88,26,0
20151222,2.87,2.888,2.82,2.888,8697,0
20151223,2.818,2.84,2.818,2.84,14,0
20151228,2.83,2.971,2.83,2.971,337,0
20151229,2.98,3.15,2.98,3.15,1450,0
20151230,3.15,3.15,3.001,3.001,6318,0
20160104,3.001,3.001,3.001,3.001,6,0
20160107,3.001,3.08,3.001,3.08,4,0
20160111,3.005,3.07,2.995,2.995,25,0
20160114,2.995,2.995,2.922,2.922,2,0
20160115,2.922,3,2.922,3,4,0
20160118,2.753,2.89,2.7,2.7,3628,0
20160120,2.447,2.5,2.382,2.5,1107,0
20160121,2.439,2.499,2.38,2.499,711,0
20160125,2.52,2.73,2.52,2.73,383,0
20160126,2.81,2.99,2.81,2.99,5812,0
20160127,2.917,2.917,2.917,2.917,200,0
20160201,2.846,2.846,2.82,2.82,34,0
20160203,2.751,2.751,2.751,2.751,320,0
20160208,2.684,2.7,2.634,2.634,390,0
20160211,2.449,2.45,2.449,2.45,960,0
20160215,2.45,2.572,2.45,2.55,300,0
20160223,2.562,2.63,2.562,2.63,2,0
20160224,2.567,2.567,2.567,2.567,800,0
20160225,2.504,2.62,2.504,2.62,90,0
20160302,2.6,2.6,2.6,2.6,300,0
20160310,2.6,2.61,2.6,2.61,54,0
20160315,2.6,2.61,2.6,2.61,50,0
20160318,2.6,2.61,2.6,2.61,35,0
20160324,2.6,2.6,2.55,2.55,3700,0
20160329,2.488,2.5,2.488,2.5,5512,0
20160330,2.45,2.55,2.45,2.55,394,0
20160401,2.55,2.65,2.55,2.65,4500,0
20160404,2.65,2.65,2.65,2.65,10040,0
20160405,2.585,2.585,2.585,2.585,2,0
20160414,2.522,2.522,2.494,2.494,17,0
20160419,2.433,2.525,2.433,2.525,397,0
20160421,2.463,2.463,2.463,2.463,12,0
20160425,2.403,2.42,2.403,2.42,1200,0
20160428,2.42,2.55,2.42,2.55,394,0
20160429,2.55,2.55,2.55,2.55,12576,0
20160503,2.732,2.732,2.732,2.732,367,0
20160511,2.7,2.72,2.7,2.72,196,0
20160512,2.654,2.654,2.6,2.6,600,0
20160513,2.537,2.537,2.52,2.52,232,0
20160517,2.459,2.5,2.459,2.5,20,0
20160519,2.439,2.439,2.38,2.38,20,0
20160527,2.43,2.45,2.43,2.45,70,0
20160601,2.45,2.45,2.45,2.45,10,0
20160607,2.45,2.52,2.45,2.52,100,0
20160608,2.459,2.459,2.459,2.459,16,0
20160609,2.45,2.5,2.45,2.5,234,0
20160613,2.45,2.46,2.39,2.39,146,0
20160615,2.382,2.5,2.382,2.5,2000,0
20160622,2.5,2.5,2.5,2.5,620,0
20160624,2.439,2.47,2.439,2.47,120,0
20160628,2.45,2.451,2.45,2.451,6,0
20160629,2.391,2.51,2.391,2.51,2779,0
20160707,2.449,2.5,2.449,2.5,6500,0
20160708,2.45,2.5,2.45,2.5,65728,0
20160726,2.55,2.9,2.55,2.9,800,0
20160727,2.75,2.989,2.695,2.989,1200,0
20160728,2.9,3.249,2.9,3.249,3577,0
20160729,3.15,3.27,3.15,3.27,667,0
20160801,3.15,3.285,3.15,3.15,852,0
20160803,3.15,3.16,3.15,3.16,33,0
20160804,3.15,3.16,3.15,3.16,1,0
20160810,3.2,3.25,3.2,3.25,30,0
20160811,3.2,3.21,3.2,3.21,100,0
20160812,3.2,3.28,3.2,3.28,200,0
20160816,3.25,3.29,3.25,3.29,2000,0
20160818,3.25,3.26,3.25,3.25,375,0
20160822,3.2,3.2,3.2,3.2,200,0
20160826,3.2,3.2,3.15,3.15,820,0
20160829,3,3.04,3,3.04,446,0
20160830,3,3.245,3,3.245,1213,0
20160831,3.26,3.26,3.25,3.25,500,0
20160901,3.2,3.21,3.2,3.21,100,0
20160902,3.2,3.21,3.2,3.21,40,0
20160905,3.25,3.25,3.2,3.2,40,0
20160908,3.2,3.2,3.2,3.2,200,0
20160913,3.2,3.21,3.2,3.21,3,0
20160914,3.2,3.21,3.2,3.21,3,0
20160916,3.2,3.2,3.19,3.19,1010,0
20160919,3.19,3.2,3.19,3.2,400,0
20160921,3.19,3.19,3.04,3.04,4090,0
20160926,3.04,3.04,3.04,3.04,1000,0
20160927,3.01,3.02,3.01,3.02,40,0
20161004,3.001,3.15,3.001,3.15,500,0
20161007,3.02,3.25,3.02,3.25,2455,0
20161012,3.02,3.02,3.02,3.02,2000,0
20161017,3.01,3.02,3.01,3.02,130,0
20161019,3.01,3.02,3.01,3.02,40,0
20161021,3.02,3.02,3.02,3.02,400,0
20161024,3.02,3.021,3.02,3.021,20,0
20161025,3.02,3.021,3.02,3.021,20,0
20161028,3.02,3.02,3.01,3.02,1498,0
20161031,3.01,3.02,3.01,3.02,20,0
20161102,3.02,3.02,3.02,3.02,667,0
20161103,3.02,3.03,3.02,3.03,20,0
20161107,3.02,3.04,3.02,3.02,3000,0
20161108,2.87,2.87,2.87,2.87,200,0
20161109,2.72,3.14,2.72,3.14,464,0
20161110,3.11,3.12,3.11,3.12,40,0
20161114,3.044,3.044,3.044,3.044,300,0
20161116,2.97,2.97,2.898,2.898,339,0
20161117,2.968,3,2.896,2.98,2687,0
20161118,2.907,3.052,2.907,3.052,328,0
20161121,2.978,2.978,2.978,2.978,73,0
20161122,2.905,2.905,2.905,2.905,64,0
20161123,2.905,2.97,2.905,2.97,20,0
20161125,2.898,2.97,2.898,2.95,70,0
20161128,2.878,3.097,2.878,3.021,952,0
20161129,2.95,3.25,2.95,3.25,2183,0
20161202,3.25,3.329,3.171,3.329,313,0
20161206,3.248,3.465,3.248,3.35,1498,0
20161207,3.268,3.268,3.22,3.22,120,0
20161208,3.141,3.141,3.141,3.141,135,0
20161209,3.064,3.2,3.064,3.2,527,0
20161214,3.13,3.14,3.13,3.14,20,0
20161216,3.13,3.15,3.13,3.15,10,0
20161219,3.15,3.15,3.13,3.13,8,0
20161221,3.15,3.307,3.15,3.226,809,0
20161222,3.147,3.25,3.147,3.25,3300,0
20161223,3.13,3.14,3.13,3.14,10,0
20161227,3.13,3.135,3.13,3.135,1,0
20161229,3.13,3.24,3.13,3.24,200,0
20161230,3.13,3.13,3.024,3.024,1304,0
20170102,3.175,3.175,3.098,3.098,1300,0
20170104,3.022,3.173,3.022,3.173,316,0
20170105,3.2,3.25,3.2,3.25,704,0
20170106,3.096,3.096,3.01,3.01,2513,0
20170109,2.897,3.04,2.897,3,2316,0
20170111,2.927,2.99,2.927,2.99,1300,0
20170112,2.917,2.95,2.917,2.95,2914,0
20170113,2.95,2.99,2.95,2.99,2000,0
20170116,2.95,2.95,2.95,2.95,500,0
20170117,2.95,2.95,2.95,2.95,1586,0
20170118,2.99,2.99,2.917,2.917,2000,0
20170119,2.858,2.92,2.858,2.92,67,0
20170120,2.849,2.95,2.849,2.85,10034,0
20170123,2.772,2.908,2.772,2.908,1011,0
20170124,2.773,2.88,2.705,2.88,1159,0
20170126,2.753,2.89,2.753,2.89,1246,0
20170130,2.82,2.98,2.82,2.98,368,0
20170131,2.848,2.98,2.848,2.98,740,0
20170203,2.906,2.97,2.906,2.97,10,0
20170206,2.898,2.95,2.898,2.95,4,0
20170208,2.878,2.878,2.878,2.878,348,0
20170209,2.85,2.851,2.78,2.851,241,0
20170210,2.85,2.99,2.85,2.99,7863,0
20170213,2.906,2.93,2.906,2.93,80,0
20170215,2.859,2.859,2.859,2.859,28,0
20170216,2.789,2.789,2.789,2.789,10,0
20170222,2.76,2.82,2.76,2.82,1370,0
20170224,2.85,2.85,2.77,2.77,10970,0
20170301,2.76,2.81,2.741,2.741,15,0
20170302,2.674,2.674,2.674,2.674,400,0
20170306,2.67,2.69,2.67,2.69,340,0
20170307,2.69,2.69,2.69,2.69,70,0
20170309,2.721,2.74,2.721,2.74,500,0
20170313,2.72,2.72,2.67,2.67,4,0
20170315,2.68,2.68,2.67,2.67,88,0
20170316,2.71,2.75,2.71,2.715,605,0
20170317,2.71,2.75,2.71,2.75,457,0
20170321,2.77,2.775,2.77,2.775,5,0
