Date,Open,High,Low,Close,Volume,OpenInt
20090406,0.018,0.02,0.017,0.017,50000,0
20090408,0.02,0.02,0.016,0.016,17667,0
20090409,0.016,0.02,0.013,0.015,261750,0
20090414,0.016,0.016,0.011,0.016,240,0
20090415,0.016,0.016,0.013,0.016,288,0
20090417,0.016,0.017,0.014,0.017,50506,0
20090420,0.014,0.018,0.014,0.018,88297,0
20090421,0.018,0.018,0.013,0.016,25000,0
20090423,0.017,0.018,0.014,0.014,500,0
20090424,0.017,0.02,0.015,0.016,18595,0
20090429,0.016,0.018,0.014,0.014,9491,0
20090430,0.016,0.02,0.016,0.019,673759,0
20090504,0.02,0.024,0.019,0.023,45000,0
20090505,0.023,0.034,0.019,0.034,697652,0
20090506,0.034,0.039,0.03,0.03,446339,0
20090507,0.036,0.039,0.025,0.037,189430,0
20090508,0.037,0.037,0.027,0.03,213800,0
20090511,0.03,0.03,0.025,0.026,232608,0
20090512,0.026,0.027,0.023,0.024,150976,0
20090513,0.024,0.025,0.023,0.024,15626,0
20090514,0.023,0.029,0.023,0.024,37800,0
20090518,0.025,0.028,0.025,0.025,25999,0
20090519,0.023,0.029,0.021,0.029,3036,0
20090520,0.029,0.03,0.021,0.021,360,0
20090522,0.024,0.026,0.024,0.025,10800,0
20090525,0.025,0.026,0.024,0.025,26014,0
20090526,0.025,0.025,0.024,0.024,54000,0
20090527,0.024,0.029,0.015,0.029,2000,0
20090528,0.029,0.029,0.015,0.015,2500,0
20090529,0.029,0.029,0.015,0.029,6000,0
20090602,0.029,0.029,0.015,0.025,108,0
20090603,0.025,0.028,0.02,0.028,1450,0
20090604,0.028,0.028,0.02,0.02,41050,0
20090605,0.021,0.028,0.021,0.028,41300,0
20090609,0.028,0.028,0.021,0.022,2675,0
20090611,0.022,0.022,0.021,0.022,27900,0
20090612,0.022,0.027,0.021,0.027,2000,0
20090616,0.026,0.026,0.022,0.023,2000,0
20090617,0.023,0.024,0.022,0.022,70001,0
20090618,0.022,0.023,0.022,0.022,34000,0
20090619,0.023,0.023,0.022,0.023,6099,0
20090622,0.022,0.025,0.022,0.023,11135,0
20090623,0.023,0.025,0.022,0.022,1,0
20090624,0.025,0.025,0.022,0.025,10000,0
20090625,0.025,0.025,0.021,0.021,4027,0
20090626,0.025,0.025,0.021,0.021,1070,0
20090629,0.021,0.025,0.021,0.021,108,0
20090630,0.023,0.027,0.021,0.023,7200,0
20090703,0.022,0.023,0.022,0.023,50000,0
20090706,0.023,0.023,0.022,0.023,9,0
20090708,0.023,0.023,0.023,0.023,45,0
20090709,0.023,0.023,0.023,0.023,50000,0
20090713,0.023,0.023,0.022,0.023,4125,0
20090714,0.024,0.029,0.022,0.029,54000,0
20090715,0.029,0.029,0.022,0.025,20410,0
20090716,0.025,0.029,0.025,0.028,26400,0
20090717,0.028,0.029,0.021,0.023,436454,0
20090722,0.021,0.027,0.021,0.021,22000,0
20090723,0.021,0.023,0.021,0.022,20000,0
20090724,0.022,0.023,0.022,0.022,765,0
20090730,0.022,0.023,0.022,0.022,3000,0
20090803,0.022,0.023,0.022,0.022,46212,0
20090804,0.022,0.023,0.022,0.022,20000,0
20090805,0.022,0.023,0.022,0.022,35000,0
20090810,0.02,0.023,0.02,0.022,4000,0
20090812,0.023,0.026,0.022,0.022,20000,0
20090813,0.026,0.026,0.024,0.024,31018,0
20090814,0.024,0.024,0.022,0.022,85,0
20090817,0.022,0.024,0.021,0.022,40270,0
20090818,0.022,0.024,0.021,0.022,45,0
20090821,0.024,0.024,0.021,0.022,29626,0
20090825,0.022,0.024,0.022,0.024,20000,0
20090826,0.024,0.024,0.021,0.021,100000,0
20090827,0.024,0.024,0.022,0.022,144009,0
20090828,0.022,0.022,0.022,0.022,29999,0
20090831,0.022,0.023,0.022,0.023,26000,0
20090901,0.023,0.023,0.022,0.022,14300,0
20090902,0.023,0.023,0.021,0.022,450,0
20090903,0.022,0.022,0.022,0.022,6900,0
20090907,0.021,0.023,0.021,0.021,89780,0
20090909,0.021,0.028,0.021,0.023,364000,0
20090910,0.023,0.024,0.021,0.021,30558,0
20090914,0.023,0.026,0.023,0.025,143924,0
20090915,0.025,0.025,0.024,0.024,143800,0
20090916,0.024,0.025,0.023,0.023,134050,0
20090918,0.023,0.025,0.021,0.024,17950,0
20090921,0.025,0.026,0.022,0.026,115000,0
20090922,0.025,0.026,0.024,0.026,31000,0
20090923,0.026,0.026,0.024,0.025,16500,0
20090924,0.026,0.026,0.021,0.021,630,0
20090925,0.022,0.025,0.021,0.023,585,0
20090928,0.024,0.025,0.021,0.023,63490,0
20090929,0.024,0.024,0.021,0.022,10000,0
20090930,0.023,0.023,0.021,0.022,122000,0
20091002,0.021,0.022,0.021,0.022,5000,0
20091006,0.022,0.024,0.021,0.024,5000,0
20091007,0.025,0.025,0.023,0.024,3000,0
20091008,0.025,0.025,0.022,0.022,110000,0
20091012,0.023,0.023,0.022,0.022,28426,0
20091014,0.023,0.023,0.021,0.022,1500,0
20091016,0.022,0.023,0.021,0.022,500,0
20091019,0.023,0.023,0.021,0.022,2000,0
20091021,0.022,0.023,0.016,0.022,16144,0
20091023,0.025,0.025,0.02,0.02,249200,0
20091026,0.02,0.023,0.01,0.01,7501,0
20091027,0.02,0.02,0.01,0.01,15072,0
20091028,0.021,0.021,0.02,0.02,126,0
20091029,0.021,0.021,0.019,0.02,270,0
20091102,0.02,0.02,0.019,0.019,11610,0
20091105,0.02,0.02,0.019,0.02,954,0
20091106,0.019,0.02,0.019,0.02,10100,0
20091109,0.019,0.02,0.019,0.02,99,0
20091110,0.02,0.02,0.019,0.02,3000,0
20091111,0.02,0.02,0.01,0.019,1,0
20091112,0.019,0.02,0.019,0.02,20900,0
20091113,0.02,0.02,0.019,0.02,950,0
20091116,0.019,0.019,0.019,0.019,5090,0
20091119,0.019,0.02,0.019,0.02,2000,0
20091124,0.02,0.02,0.019,0.02,51000,0
20091125,0.019,0.021,0.019,0.021,50000,0
20091126,0.019,0.02,0.019,0.019,171,0
20091127,0.019,0.02,0.019,0.02,114000,0
20091201,0.02,0.02,0.019,0.02,1665,0
20091202,0.02,0.02,0.019,0.02,51000,0
20091203,0.02,0.02,0.01,0.01,225,0
20091204,0.019,0.019,0.01,0.01,11500,0
20091207,0.019,0.021,0.019,0.021,705,0
20091208,0.019,0.021,0.019,0.02,11890,0
20091209,0.019,0.02,0.019,0.02,1500,0
20091210,0.02,0.02,0.019,0.02,36,0
20091211,0.02,0.02,0.019,0.02,54,0
20091214,0.02,0.027,0.019,0.027,100,0
20091216,0.025,0.025,0.019,0.02,5000,0
20091217,0.018,0.025,0.018,0.019,117000,0
20091221,0.018,0.02,0.018,0.02,41000,0
20091222,0.018,0.02,0.018,0.02,6215,0
20091223,0.018,0.024,0.018,0.019,5000,0
20091228,0.026,0.026,0.019,0.021,1259,0
20091230,0.018,0.021,0.018,0.019,5234,0
20100104,0.019,0.02,0.012,0.012,40000,0
20100107,0.017,0.017,0.01,0.01,81,0
20100108,0.017,0.02,0.017,0.02,12090,0
20100111,0.018,0.021,0.018,0.02,70693,0
20100112,0.018,0.019,0.018,0.019,5000,0
20100113,0.017,0.019,0.01,0.01,100,0
20100114,0.017,0.019,0.017,0.019,5500,0
20100118,0.019,0.024,0.019,0.02,1400,0
20100121,0.017,0.02,0.017,0.02,104000,0
20100122,0.018,0.02,0.018,0.02,209,0
20100125,0.018,0.02,0.018,0.02,50450,0
20100127,0.018,0.02,0.018,0.02,9,0
20100128,0.018,0.02,0.01,0.02,333,0
20100129,0.02,0.02,0.018,0.02,1354,0
20100201,0.02,0.02,0.018,0.02,54,0
20100202,0.02,0.02,0.018,0.02,9,0
20100204,0.02,0.025,0.018,0.021,127760,0
20100205,0.019,0.021,0.019,0.021,1583,0
20100208,0.019,0.022,0.01,0.01,140207,0
20100209,0.018,0.02,0.018,0.02,216,0
20100210,0.018,0.02,0.018,0.02,153,0
20100211,0.018,0.02,0.018,0.02,1246,0
20100212,0.018,0.02,0.018,0.02,50000,0
20100215,0.018,0.02,0.018,0.02,45,0
20100216,0.018,0.02,0.018,0.02,198,0
20100217,0.018,0.02,0.018,0.02,117,0
20100218,0.018,0.023,0.018,0.023,20000,0
20100222,0.022,0.024,0.02,0.02,297,0
20100223,0.018,0.02,0.018,0.02,509,0
20100224,0.018,0.02,0.01,0.01,1000,0
20100226,0.017,0.02,0.017,0.02,25000,0
20100301,0.018,0.02,0.018,0.02,100,0
20100302,0.018,0.02,0.018,0.02,171,0
20100303,0.018,0.02,0.018,0.02,6150,0
20100304,0.018,0.02,0.018,0.02,6138,0
20100305,0.018,0.02,0.018,0.02,5449,0
20100309,0.018,0.02,0.013,0.02,8470,0
20100310,0.018,0.02,0.018,0.02,1500,0
20100311,0.018,0.023,0.018,0.023,133027,0
20100312,0.018,0.023,0.018,0.02,1183,0
20100315,0.018,0.023,0.018,0.019,4200,0
20100316,0.018,0.02,0.018,0.02,12644,0
20100317,0.018,0.02,0.018,0.02,70000,0
20100319,0.017,0.02,0.011,0.011,1200,0
20100323,0.018,0.018,0.011,0.011,360,0
20100324,0.018,0.02,0.018,0.02,300000,0
20100325,0.019,0.022,0.018,0.021,108564,0
20100326,0.019,0.02,0.019,0.02,50100,0
20100329,0.02,0.02,0.019,0.019,900,0
20100330,0.019,0.02,0.019,0.019,48567,0
20100331,0.019,0.023,0.019,0.023,254877,0
20100401,0.021,0.023,0.02,0.02,76601,0
20100406,0.018,0.02,0.016,0.016,45,0
20100407,0.018,0.02,0.018,0.02,300,0
20100408,0.018,0.021,0.01,0.02,26001,0
20100409,0.018,0.02,0.018,0.018,208000,0
20100412,0.016,0.02,0.016,0.018,900,0
20100413,0.016,0.02,0.016,0.018,2700,0
20100415,0.016,0.02,0.01,0.01,27,0
20100416,0.016,0.022,0.016,0.022,58706,0
20100419,0.02,0.023,0.02,0.023,105671,0
20100421,0.021,0.021,0.019,0.019,450,0
20100422,0.017,0.02,0.017,0.018,200000,0
20100426,0.017,0.02,0.01,0.018,495,0
20100427,0.017,0.02,0.017,0.017,3000,0
20100428,0.017,0.02,0.01,0.019,10929,0
20100429,0.017,0.02,0.017,0.019,216,0
20100430,0.017,0.023,0.017,0.023,55958,0
20100503,0.021,0.024,0.016,0.016,5000,0
20100504,0.017,0.02,0.011,0.019,13375,0
20100505,0.018,0.02,0.018,0.019,12699,0
20100506,0.017,0.02,0.017,0.02,50000,0
20100510,0.018,0.02,0.016,0.019,1399,0
20100511,0.017,0.019,0.011,0.019,235,0
20100512,0.017,0.019,0.017,0.018,3630,0
20100514,0.016,0.019,0.016,0.019,20000,0
20100517,0.017,0.019,0.017,0.019,2400,0
20100518,0.017,0.019,0.017,0.019,10000,0
20100519,0.017,0.019,0.017,0.019,12716,0
20100520,0.017,0.019,0.017,0.019,50000,0
20100525,0.016,0.018,0.016,0.018,110000,0
20100528,0.016,0.018,0.016,0.017,7800,0
20100531,0.018,0.018,0.01,0.01,180,0
20100602,0.014,0.014,0.01,0.01,1200,0
20100604,0.014,0.017,0.014,0.017,36,0
20100608,0.014,0.016,0.01,0.01,250,0
20100610,0.014,0.014,0.01,0.01,201978,0
20100611,0.016,0.018,0.016,0.018,596,0
20100614,0.016,0.022,0.01,0.02,9090,0
20100616,0.012,0.018,0.012,0.015,5000,0
20100617,0.014,0.018,0.012,0.012,6200,0
20100618,0.012,0.021,0.012,0.021,200000,0
20100621,0.019,0.023,0.012,0.016,225,0
20100630,0.014,0.016,0.013,0.016,6200,0
20100701,0.014,0.015,0.013,0.013,10,0
20100706,0.011,0.015,0.011,0.015,16045,0
20100707,0.014,0.015,0.011,0.013,2422,0
20100709,0.011,0.015,0.01,0.01,927,0
20100714,0.014,0.019,0.013,0.019,4795,0
20100715,0.017,0.017,0.011,0.015,46400,0
20100716,0.014,0.015,0.01,0.01,927,0
20100722,0.014,0.015,0.014,0.015,700,0
20100723,0.014,0.021,0.014,0.021,2180,0
20100726,0.019,0.019,0.011,0.011,150500,0
20100727,0.014,0.015,0.011,0.011,297,0
20100728,0.012,0.019,0.012,0.019,9500,0
20100729,0.017,0.017,0.013,0.015,5000,0
20100730,0.012,0.02,0.011,0.02,40000,0
20100802,0.018,0.02,0.013,0.013,7700,0
20100804,0.011,0.015,0.01,0.01,3237,0
20100805,0.013,0.015,0.01,0.01,2500,0
20100806,0.012,0.016,0.012,0.016,13305,0
20100809,0.014,0.016,0.014,0.016,270,0
20100811,0.012,0.015,0.012,0.014,5180,0
20100813,0.013,0.015,0.013,0.015,45,0
20100816,0.012,0.016,0.012,0.016,1000,0
20100823,0.014,0.016,0.012,0.012,200,0
20100826,0.014,0.015,0.01,0.01,120100,0
20100901,0.011,0.014,0.01,0.01,1000,0
20100906,0.012,0.014,0.011,0.014,300,0
20100908,0.013,0.015,0.011,0.015,244600,0
20100909,0.013,0.015,0.013,0.015,7300,0
20100913,0.013,0.015,0.012,0.015,720,0
20100914,0.011,0.015,0.011,0.012,5000,0
20100915,0.011,0.014,0.011,0.013,270,0
20100917,0.011,0.014,0.01,0.012,20600,0
20100920,0.011,0.016,0.011,0.016,39500,0
20100921,0.011,0.016,0.011,0.016,111000,0
20100922,0.011,0.018,0.011,0.018,31970,0
20100923,0.011,0.025,0.011,0.019,1515847,0
20100924,0.011,0.022,0.011,0.016,173965,0
20100927,0.018,0.021,0.011,0.021,77700,0
20100928,0.02,0.027,0.011,0.025,818829,0
20100929,0.023,0.024,0.018,0.023,227400,0
20101001,0.018,0.022,0.018,0.022,32000,0
20101004,0.02,0.02,0.012,0.017,30000,0
20101005,0.015,0.018,0.01,0.018,30912,0
20101006,0.016,0.018,0.016,0.017,8000,0
20101007,0.015,0.018,0.015,0.015,51000,0
20101008,0.014,0.02,0.014,0.02,160000,0
20101011,0.018,0.019,0.014,0.018,24410,0
20101012,0.016,0.02,0.016,0.02,267350,0
20101014,0.018,0.019,0.01,0.019,2149,0
20101015,0.017,0.021,0.015,0.017,50000,0
20101018,0.015,0.02,0.015,0.02,153080,0
20101019,0.018,0.022,0.016,0.022,246783,0
20101020,0.02,0.081,0.02,0.081,6784681,0
20101021,0.044,0.044,0.041,0.043,4943735,0
20101022,0.045,0.05,0.034,0.035,504657,0
20101025,0.032,0.047,0.03,0.04,636930,0
20101026,0.036,0.045,0.035,0.042,604347,0
20101027,0.038,0.04,0.022,0.031,623700,0
20101028,0.028,0.04,0.028,0.031,419501,0
20101029,0.028,0.036,0.028,0.035,393686,0
20101101,0.032,0.038,0.032,0.036,325311,0
20101102,0.032,0.037,0.028,0.031,155348,0
20101103,0.028,0.037,0.028,0.03,3500,0
20101104,0.027,0.035,0.027,0.035,252650,0
20101105,0.032,0.034,0.027,0.034,444063,0
20101108,0.031,0.031,0.029,0.03,136000,0
20101109,0.027,0.032,0.025,0.029,140852,0
20101110,0.026,0.03,0.026,0.029,30108,0
20101111,0.026,0.03,0.023,0.024,74500,0
20101112,0.022,0.029,0.021,0.027,69382,0
20101115,0.028,0.034,0.022,0.032,411877,0
20101116,0.029,0.037,0.027,0.037,634500,0
20101117,0.033,0.038,0.029,0.037,190372,0
20101118,0.033,0.036,0.029,0.036,89236,0
20101119,0.032,0.037,0.03,0.037,179220,0
20101122,0.033,0.037,0.031,0.032,94500,0
20101123,0.029,0.035,0.029,0.032,60500,0
20101124,0.029,0.038,0.029,0.032,328585,0
20101125,0.029,0.052,0.029,0.052,1707869,0
20101126,0.052,0.06,0.043,0.043,859340,0
20101129,0.043,0.051,0.043,0.049,152546,0
20101130,0.044,0.052,0.043,0.052,377983,0
20101201,0.054,0.054,0.031,0.044,277700,0
20101202,0.048,0.048,0.039,0.04,307710,0
20101203,0.036,0.044,0.035,0.04,423058,0
20101206,0.044,0.044,0.03,0.041,129890,0
20101207,0.04,0.045,0.03,0.045,333769,0
20101208,0.041,0.05,0.039,0.042,60860,0
20101209,0.04,0.047,0.039,0.041,67340,0
20101210,0.04,0.042,0.04,0.041,20600,0
20101213,0.04,0.049,0.04,0.049,52000,0
20101214,0.044,0.054,0.035,0.048,923313,0
20101215,0.04,0.049,0.04,0.049,43500,0
20101216,0.044,0.046,0.04,0.043,255918,0
20101217,0.04,0.047,0.035,0.045,105072,0
20101220,0.041,0.045,0.04,0.041,110100,0
20101221,0.041,0.046,0.041,0.046,110000,0
20101222,0.041,0.05,0.04,0.04,181450,0
20101223,0.044,0.047,0.042,0.042,62640,0
20101227,0.04,0.047,0.039,0.044,66646,0
20101228,0.04,0.044,0.04,0.04,10162,0
20101229,0.04,0.047,0.039,0.047,73500,0
20101230,0.047,0.052,0.041,0.052,179950,0
20110103,0.05,0.058,0.042,0.046,681151,0
20110104,0.058,0.058,0.046,0.05,99910,0
20110105,0.045,0.05,0.043,0.048,44000,0
20110106,0.043,0.051,0.043,0.043,126275,0
20110107,0.039,0.049,0.039,0.044,32420,0
20110110,0.04,0.049,0.04,0.044,62225,0
20110111,0.04,0.044,0.04,0.044,29640,0
20110112,0.04,0.05,0.04,0.042,47400,0
20110113,0.039,0.043,0.039,0.042,2790,0
20110114,0.039,0.062,0.039,0.062,1913307,0
20110117,0.08,0.089,0.062,0.064,3432940,0
20110118,0.058,0.077,0.058,0.063,686606,0
20110119,0.065,0.067,0.053,0.062,370001,0
20110120,0.06,0.068,0.051,0.061,1441050,0
20110121,0.06,0.064,0.06,0.064,83795,0
20110124,0.06,0.065,0.053,0.065,257221,0
20110125,0.065,0.066,0.061,0.065,195655,0
20110126,0.06,0.066,0.06,0.065,135995,0
20110127,0.06,0.066,0.06,0.062,47996,0
20110128,0.056,0.068,0.056,0.067,462250,0
20110131,0.06,0.069,0.06,0.068,180400,0
20110201,0.061,0.068,0.061,0.067,39248,0
20110202,0.06,0.067,0.06,0.064,52181,0
20110203,0.058,0.067,0.054,0.065,373099,0
20110204,0.059,0.067,0.056,0.056,130617,0
20110207,0.057,0.067,0.056,0.062,62657,0
20110208,0.056,0.066,0.056,0.058,40192,0
20110209,0.052,0.057,0.052,0.055,122599,0
20110210,0.051,0.057,0.051,0.052,161000,0
20110211,0.051,0.06,0.051,0.06,47000,0
20110214,0.053,0.06,0.048,0.054,341467,0
20110215,0.06,0.06,0.045,0.049,344730,0
20110216,0.06,0.06,0.045,0.05,161261,0
20110217,0.06,0.06,0.05,0.052,10509,0
20110218,0.06,0.06,0.049,0.055,2005,0
20110221,0.051,0.06,0.049,0.054,10200,0
20110222,0.051,0.06,0.048,0.049,94700,0
20110223,0.051,0.06,0.048,0.049,80500,0
20110224,0.051,0.06,0.049,0.049,124950,0
20110225,0.051,0.06,0.025,0.049,5204,0
20110228,0.051,0.051,0.048,0.05,23082,0
20110301,0.051,0.051,0.049,0.049,525,0
20110302,0.051,0.054,0.048,0.049,50162,0
20110303,0.048,0.052,0.041,0.046,236618,0
20110304,0.041,0.05,0.038,0.041,212700,0
20110307,0.041,0.05,0.038,0.04,95778,0
20110308,0.035,0.05,0.035,0.038,27600,0
20110309,0.035,0.039,0.026,0.038,125045,0
20110311,0.036,0.041,0.035,0.037,50000,0
20110314,0.035,0.042,0.035,0.035,79250,0
20110315,0.037,0.038,0.034,0.034,126000,0
20110316,0.037,0.04,0.031,0.04,70000,0
20110317,0.04,0.04,0.033,0.039,33430,0
20110318,0.035,0.042,0.033,0.034,20000,0
20110321,0.031,0.06,0.031,0.06,141000,0
20110322,0.04,0.041,0.04,0.04,135,0
20110323,0.036,0.058,0.036,0.058,148745,0
20110324,0.048,0.056,0.04,0.04,120000,0
20110325,0.048,0.052,0.042,0.044,700,0
20110330,0.045,0.052,0.038,0.043,84500,0
20110331,0.042,0.044,0.039,0.043,35400,0
20110401,0.042,0.042,0.035,0.042,15000,0
20110404,0.037,0.047,0.034,0.045,21000,0
20110406,0.04,0.045,0.04,0.041,6627,0
20110407,0.04,0.041,0.037,0.037,23400,0
20110408,0.04,0.041,0.036,0.039,45600,0
20110411,0.036,0.04,0.036,0.036,57651,0
20110412,0.04,0.04,0.034,0.034,4700,0
20110413,0.04,0.04,0.034,0.035,77500,0
20110414,0.035,0.04,0.033,0.04,117200,0
20110418,0.04,0.04,0.031,0.032,3900,0
20110419,0.035,0.044,0.032,0.043,841700,0
20110420,0.039,0.044,0.031,0.038,172663,0
20110421,0.034,0.039,0.025,0.038,529301,0
20110426,0.034,0.043,0.034,0.043,20000,0
20110428,0.035,0.04,0.034,0.034,66804,0
20110429,0.035,0.037,0.031,0.037,4500,0
20110502,0.033,0.042,0.032,0.042,75386,0
20110503,0.038,0.039,0.032,0.039,28500,0
20110504,0.039,0.041,0.033,0.035,28672,0
20110505,0.032,0.045,0.032,0.04,344000,0
20110506,0.036,0.043,0.035,0.035,5745,0
20110509,0.033,0.04,0.033,0.035,35000,0
20110510,0.035,0.042,0.035,0.036,38800,0
20110511,0.032,0.04,0.032,0.035,55000,0
20110512,0.035,0.037,0.032,0.037,53000,0
20110513,0.033,0.036,0.033,0.036,111500,0
20110517,0.032,0.038,0.032,0.038,1500,0
20110519,0.032,0.038,0.032,0.037,120000,0
20110520,0.033,0.04,0.033,0.039,121931,0
20110524,0.032,0.038,0.032,0.035,15000,0
20110525,0.032,0.039,0.023,0.039,2000,0
20110526,0.035,0.04,0.035,0.04,20300,0
20110530,0.032,0.038,0.032,0.038,2435,0
20110603,0.037,0.037,0.032,0.036,54430,0
20110606,0.036,0.036,0.032,0.036,10000,0
20110608,0.032,0.037,0.032,0.036,150,0
20110609,0.033,0.036,0.033,0.036,36000,0
20110610,0.036,0.037,0.035,0.036,1776,0
20110613,0.035,0.037,0.035,0.036,538,0
20110614,0.036,0.036,0.035,0.036,74000,0
20110615,0.035,0.036,0.032,0.032,64000,0
20110616,0.036,0.036,0.031,0.033,192000,0
20110617,0.023,0.036,0.023,0.033,105181,0
20110620,0.028,0.033,0.028,0.033,26800,0
20110621,0.028,0.029,0.028,0.029,60910,0
20110624,0.028,0.031,0.023,0.029,158587,0
20110627,0.029,0.031,0.023,0.023,100000,0
20110628,0.029,0.031,0.023,0.023,5000,0
20110629,0.03,0.03,0.023,0.023,111120,0
20110630,0.027,0.03,0.023,0.023,11500,0
20110701,0.031,0.035,0.027,0.035,69545,0
20110704,0.023,0.029,0.023,0.023,20000,0
20110705,0.028,0.029,0.024,0.029,50090,0
20110706,0.027,0.027,0.024,0.024,7500,0
20110707,0.024,0.027,0.024,0.024,31001,0
20110711,0.026,0.029,0.024,0.025,34000,0
20110712,0.027,0.029,0.025,0.029,25000,0
20110713,0.027,0.041,0.024,0.033,523800,0
20110714,0.038,0.04,0.031,0.031,136000,0
20110715,0.033,0.042,0.031,0.035,294800,0
20110718,0.04,0.042,0.03,0.042,617180,0
20110719,0.041,0.042,0.034,0.034,68500,0
20110720,0.038,0.041,0.035,0.035,122500,0
20110721,0.038,0.04,0.035,0.035,14000,0
20110722,0.038,0.04,0.035,0.036,133927,0
20110725,0.037,0.038,0.036,0.036,46605,0
20110727,0.036,0.038,0.036,0.036,115800,0
20110728,0.037,0.039,0.036,0.036,20000,0
20110729,0.039,0.039,0.036,0.036,6900,0
20110801,0.038,0.044,0.036,0.036,184000,0
20110802,0.036,0.041,0.036,0.036,28500,0
20110803,0.039,0.041,0.036,0.036,176500,0
20110804,0.039,0.042,0.036,0.036,25000,0
20110805,0.039,0.039,0.036,0.036,37650,0
20110808,0.039,0.041,0.036,0.036,113210,0
20110809,0.036,0.04,0.036,0.036,5063,0
20110810,0.039,0.041,0.036,0.036,97668,0
20110811,0.04,0.04,0.036,0.036,30000,0
20110812,0.039,0.04,0.036,0.036,24000,0
20110815,0.04,0.04,0.036,0.036,60830,0
20110816,0.039,0.04,0.036,0.036,61200,0
20110818,0.039,0.039,0.036,0.036,2500,0
20110822,0.038,0.039,0.036,0.036,2797,0
20110823,0.038,0.038,0.036,0.036,25000,0
20110824,0.038,0.038,0.036,0.036,28100,0
20110825,0.038,0.038,0.029,0.036,105500,0
20110826,0.038,0.038,0.026,0.037,126555,0
20110831,0.028,0.036,0.028,0.028,472,0
20110905,0.023,0.036,0.023,0.023,305,0
20110907,0.035,0.035,0.023,0.025,5000,0
20110909,0.025,0.026,0.025,0.026,31000,0
20110912,0.026,0.026,0.025,0.025,600,0
20110915,0.025,0.026,0.025,0.025,16000,0
20110916,0.025,0.026,0.025,0.026,81900,0
20110919,0.026,0.038,0.025,0.026,156700,0
20110920,0.025,0.036,0.025,0.036,40000,0
20110921,0.026,0.036,0.026,0.026,50000,0
20110922,0.026,0.036,0.026,0.027,105152,0
20110923,0.026,0.027,0.026,0.027,17000,0
20110926,0.027,0.03,0.027,0.027,6563,0
20110927,0.027,0.027,0.027,0.027,100,0
20110928,0.03,0.03,0.027,0.027,300,0
20110929,0.027,0.035,0.027,0.035,12300,0
20111003,0.028,0.035,0.025,0.027,3001,0
20111005,0.033,0.033,0.025,0.027,31108,0
20111006,0.033,0.033,0.027,0.028,1985,0
20111007,0.033,0.034,0.027,0.027,8350,0
20111010,0.033,0.033,0.027,0.027,38000,0
20111011,0.033,0.033,0.027,0.027,50000,0
20111012,0.027,0.027,0.027,0.027,20245,0
20111013,0.025,0.027,0.025,0.026,7000,0
20111017,0.027,0.027,0.025,0.025,1032,0
20111018,0.026,0.028,0.026,0.027,12950,0
20111024,0.028,0.028,0.026,0.026,9,0
20111025,0.026,0.028,0.026,0.027,3000,0
20111027,0.026,0.028,0.026,0.027,5000,0
20111028,0.028,0.033,0.026,0.033,9166,0
20111031,0.03,0.041,0.026,0.041,259452,0
20111101,0.026,0.04,0.026,0.026,29750,0
20111102,0.028,0.028,0.026,0.026,36900,0
20111104,0.026,0.036,0.026,0.026,4445,0
20111107,0.028,0.035,0.026,0.035,1500,0
20111108,0.028,0.036,0.026,0.027,404,0
20111111,0.026,0.035,0.026,0.026,14500,0
20111114,0.028,0.028,0.026,0.027,180,0
20111116,0.029,0.032,0.027,0.032,100,0
20111117,0.029,0.029,0.027,0.028,5180,0
20111118,0.029,0.032,0.027,0.032,30000,0
20111121,0.027,0.029,0.027,0.029,2999,0
20111122,0.029,0.033,0.027,0.029,40000,0
20111123,0.027,0.029,0.027,0.029,1972,0
20111125,0.027,0.029,0.027,0.029,2570,0
20111128,0.029,0.03,0.027,0.03,342,0
20111129,0.027,0.029,0.027,0.029,15000,0
20111201,0.027,0.029,0.027,0.027,720,0
20111202,0.028,0.032,0.028,0.032,217000,0
20111206,0.029,0.031,0.029,0.031,1710,0
20111208,0.029,0.038,0.029,0.031,50200,0
20111209,0.027,0.031,0.027,0.029,10000,0
20111212,0.029,0.029,0.029,0.029,25036,0
20111213,0.027,0.029,0.027,0.029,105500,0
20111215,0.027,0.029,0.027,0.028,17500,0
20111216,0.03,0.03,0.028,0.028,900,0
20111219,0.027,0.03,0.027,0.027,905,0
20111221,0.028,0.033,0.028,0.033,12100,0
20111222,0.032,0.033,0.032,0.032,75000,0
20111223,0.027,0.037,0.027,0.028,85000,0
20111228,0.027,0.027,0.027,0.027,3545,0
20111230,0.027,0.027,0.027,0.027,50000,0
20120102,0.027,0.035,0.027,0.028,28400,0
20120103,0.027,0.029,0.02,0.028,22500,0
20120106,0.028,0.029,0.028,0.028,175,0
20120109,0.028,0.028,0.028,0.028,40000,0
20120110,0.028,0.028,0.028,0.028,1200,0
20120111,0.028,0.037,0.028,0.029,21499,0
20120112,0.028,0.03,0.028,0.03,11629,0
20120113,0.029,0.037,0.029,0.035,34358,0
20120116,0.029,0.03,0.027,0.03,24260,0
20120117,0.03,0.031,0.03,0.031,10000,0
20120118,0.03,0.035,0.03,0.03,4009,0
20120119,0.03,0.033,0.03,0.03,45000,0
20120120,0.03,0.035,0.03,0.031,35000,0
20120123,0.03,0.031,0.03,0.031,450,0
20120124,0.03,0.035,0.03,0.035,42000,0
20120125,0.03,0.032,0.03,0.032,12089,0
20120126,0.031,0.032,0.031,0.031,48550,0
20120127,0.031,0.031,0.03,0.031,7480,0
20120130,0.03,0.031,0.029,0.031,50600,0
20120201,0.031,0.031,0.028,0.029,6000,0
20120203,0.029,0.031,0.029,0.029,78700,0
20120206,0.03,0.03,0.029,0.03,40880,0
20120207,0.028,0.03,0.028,0.029,30000,0
20120209,0.029,0.029,0.028,0.029,50,0
20120213,0.029,0.029,0.028,0.028,83150,0
20120214,0.026,0.028,0.023,0.028,15005,0
20120215,0.028,0.035,0.022,0.034,35650,0
20120216,0.028,0.033,0.028,0.033,100,0
20120217,0.028,0.033,0.028,0.03,9,0
20120220,0.03,0.031,0.03,0.03,17111,0
20120223,0.03,0.032,0.03,0.032,31539,0
20120224,0.032,0.032,0.03,0.032,20000,0
20120227,0.032,0.032,0.03,0.032,5054,0
20120228,0.032,0.033,0.03,0.032,10009,0
20120229,0.032,0.032,0.03,0.032,54,0
20120301,0.032,0.032,0.03,0.03,2000,0
20120302,0.03,0.03,0.023,0.027,180,0
20120305,0.03,0.03,0.023,0.028,6040,0
20120306,0.023,0.028,0.023,0.026,8000,0
20120307,0.026,0.028,0.02,0.026,2045,0
20120308,0.026,0.034,0.023,0.034,3000,0
20120309,0.026,0.03,0.024,0.03,908,0
20120312,0.026,0.034,0.024,0.034,10306,0
20120313,0.029,0.034,0.025,0.03,3970,0
20120314,0.03,0.035,0.03,0.03,77500,0
20120315,0.03,0.03,0.02,0.03,450,0
20120316,0.031,0.031,0.031,0.031,2700,0
20120319,0.034,0.035,0.031,0.034,52162,0
20120320,0.031,0.031,0.03,0.031,5000,0
20120323,0.02,0.03,0.02,0.03,1400,0
20120326,0.031,0.031,0.03,0.031,10300,0
20120327,0.03,0.032,0.03,0.031,6540,0
20120328,0.032,0.032,0.03,0.03,1000,0
20120330,0.03,0.031,0.03,0.03,7100,0
20120402,0.03,0.03,0.03,0.03,50000,0
20120404,0.03,0.03,0.03,0.03,6236,0
20120405,0.03,0.03,0.03,0.03,33810,0
20120410,0.03,0.03,0.03,0.03,450,0
20120413,0.03,0.031,0.03,0.03,3064,0
20120416,0.03,0.031,0.03,0.03,793,0
20120417,0.03,0.03,0.026,0.026,284666,0
20120418,0.026,0.03,0.026,0.027,2233,0
20120419,0.026,0.027,0.026,0.027,5441,0
20120424,0.026,0.031,0.026,0.031,13000,0
20120427,0.027,0.028,0.027,0.027,2004,0
20120430,0.02,0.027,0.02,0.027,3900,0
20120502,0.027,0.027,0.027,0.027,7400,0
20120503,0.027,0.03,0.023,0.027,47135,0
20120504,0.027,0.027,0.024,0.027,825,0
20120509,0.027,0.027,0.024,0.027,594,0
20120510,0.024,0.033,0.024,0.033,55054,0
20120511,0.027,0.033,0.024,0.031,1670,0
20120514,0.03,0.031,0.03,0.031,531,0
20120516,0.03,0.031,0.03,0.03,79246,0
20120518,0.03,0.03,0.03,0.03,5000,0
20120521,0.03,0.03,0.024,0.027,2707,0
20120522,0.03,0.03,0.024,0.027,630,0
20120523,0.027,0.027,0.024,0.027,3000,0
20120524,0.027,0.027,0.024,0.027,1367,0
20120529,0.027,0.028,0.027,0.027,36,0
20120530,0.03,0.03,0.027,0.027,141000,0
20120531,0.027,0.03,0.027,0.027,618,0
20120604,0.027,0.029,0.027,0.027,20000,0
20120605,0.027,0.027,0.017,0.027,71900,0
20120606,0.024,0.027,0.024,0.024,5030,0
20120613,0.025,0.025,0.024,0.025,3000,0
20120620,0.025,0.026,0.024,0.026,1,0
20120621,0.024,0.026,0.024,0.024,216,0
20120629,0.026,0.026,0.024,0.024,180,0
20120702,0.026,0.026,0.019,0.019,104,0
20120703,0.019,0.027,0.01,0.027,69,0
20120705,0.022,0.027,0.019,0.019,15000,0
20120706,0.022,0.027,0.019,0.026,108,0
20120709,0.026,0.026,0.019,0.026,36,0
20120710,0.026,0.026,0.019,0.025,35027,0
20120711,0.025,0.025,0.022,0.025,720,0
20120712,0.022,0.025,0.012,0.012,71500,0
20120713,0.012,0.02,0.012,0.02,99126,0
20120716,0.02,0.02,0.015,0.019,10100,0
20120717,0.02,0.02,0.015,0.019,1000,0
20120718,0.02,0.02,0.015,0.019,51136,0
20120719,0.02,0.02,0.015,0.015,30000,0
20120720,0.015,0.019,0.015,0.019,63,0
20120723,0.017,0.017,0.015,0.015,2000,0
20120724,0.015,0.017,0.015,0.017,3107,0
20120725,0.017,0.019,0.015,0.019,9500,0
20120726,0.019,0.019,0.015,0.017,40000,0
20120727,0.017,0.023,0.015,0.022,385000,0
20120730,0.018,0.026,0.018,0.022,292900,0
20120731,0.022,0.023,0.018,0.023,50000,0
20120801,0.023,0.028,0.019,0.022,1119975,0
20120802,0.025,0.025,0.018,0.02,322162,0
20120803,0.02,0.02,0.018,0.02,140000,0
20120806,0.02,0.022,0.01,0.022,96677,0
20120807,0.022,0.022,0.016,0.021,100062,0
20120808,0.021,0.026,0.018,0.024,120309,0
20120809,0.024,0.024,0.022,0.022,50000,0
20120810,0.022,0.029,0.02,0.029,3540152,0
20120813,0.037,0.037,0.02,0.024,850000,0
20120814,0.024,0.025,0.022,0.024,322000,0
20120815,0.024,0.025,0.021,0.021,254045,0
20120816,0.023,0.023,0.02,0.022,21000,0
20120817,0.022,0.028,0.02,0.028,1397486,0
20120820,0.024,0.031,0.024,0.024,101201,0
20120821,0.03,0.03,0.022,0.028,82020,0
20120822,0.023,0.025,0.023,0.025,186563,0
20120823,0.025,0.025,0.022,0.025,111290,0
20120827,0.022,0.025,0.021,0.022,232000,0
20120828,0.022,0.022,0.018,0.018,144636,0
20120829,0.02,0.022,0.02,0.021,140100,0
20120903,0.02,0.025,0.02,0.023,50020,0
20120904,0.024,0.024,0.02,0.023,20000,0
20120905,0.023,0.024,0.021,0.024,96605,0
20120906,0.023,0.025,0.021,0.023,307500,0
20120910,0.023,0.023,0.021,0.023,20000,0
20120911,0.021,0.023,0.021,0.023,25743,0
20120912,0.023,0.023,0.021,0.023,861,0
20120913,0.021,0.023,0.021,0.022,100,0
20120914,0.023,0.025,0.022,0.024,60300,0
20120917,0.024,0.024,0.022,0.024,90000,0
20120918,0.023,0.024,0.022,0.023,12395,0
20120919,0.023,0.024,0.022,0.023,130200,0
20120920,0.022,0.023,0.022,0.023,200000,0
20120924,0.023,0.023,0.021,0.023,26207,0
20120925,0.021,0.023,0.021,0.023,20950,0
20120926,0.024,0.028,0.023,0.024,171500,0
20120927,0.025,0.025,0.022,0.023,95100,0
20121001,0.022,0.024,0.022,0.024,15180,0
20121004,0.024,0.024,0.022,0.024,250,0
20121009,0.022,0.025,0.022,0.024,5950,0
20121010,0.024,0.024,0.022,0.022,53036,0
20121011,0.022,0.022,0.022,0.022,1800,0
20121015,0.022,0.024,0.022,0.024,4900,0
20121016,0.022,0.024,0.022,0.024,163,0
20121018,0.022,0.024,0.022,0.024,100000,0
20121019,0.022,0.024,0.019,0.023,257239,0
20121022,0.023,0.023,0.018,0.023,50350,0
20121023,0.023,0.023,0.02,0.023,672,0
20121024,0.023,0.023,0.02,0.023,46135,0
20121026,0.023,0.023,0.02,0.023,50000,0
20121030,0.021,0.022,0.02,0.02,33950,0
20121031,0.021,0.021,0.018,0.021,143800,0
20121102,0.02,0.02,0.019,0.02,477,0
20121105,0.02,0.022,0.02,0.022,150000,0
20121106,0.022,0.023,0.019,0.023,26207,0
20121107,0.02,0.024,0.02,0.024,20050,0
20121108,0.02,0.021,0.02,0.021,20000,0
20121112,0.02,0.021,0.02,0.021,12400,0
20121113,0.021,0.021,0.02,0.02,4900,0
20121115,0.023,0.023,0.02,0.023,1000,0
20121119,0.023,0.023,0.02,0.022,44400,0
20121120,0.02,0.022,0.02,0.022,450,0
20121121,0.02,0.022,0.02,0.022,27,0
20121123,0.022,0.022,0.02,0.021,102000,0
20121126,0.02,0.021,0.02,0.02,3402,0
20121127,0.02,0.021,0.02,0.021,900,0
20121129,0.02,0.024,0.02,0.024,122000,0
20121203,0.02,0.022,0.02,0.02,905,0
20121205,0.02,0.02,0.02,0.02,43270,0
20121207,0.02,0.02,0.02,0.02,1500,0
20121210,0.021,0.022,0.02,0.022,50675,0
20121211,0.02,0.022,0.02,0.022,125883,0
20121212,0.02,0.022,0.02,0.022,13000,0
20121213,0.022,0.022,0.02,0.022,111,0
20121214,0.022,0.022,0.02,0.022,14800,0
20121217,0.021,0.021,0.019,0.021,132500,0
20121218,0.019,0.021,0.019,0.021,25450,0
20121220,0.021,0.021,0.018,0.021,130,0
20121227,0.021,0.021,0.019,0.021,181845,0
20121228,0.021,0.022,0.019,0.022,20100,0
20130102,0.017,0.021,0.017,0.02,25100,0
20130103,0.011,0.02,0.011,0.02,15480,0
20130104,0.013,0.021,0.013,0.021,4000,0
20130108,0.016,0.024,0.016,0.017,150000,0
20130109,0.019,0.019,0.018,0.019,20550,0
20130110,0.019,0.021,0.019,0.021,103000,0
20130111,0.018,0.02,0.018,0.018,53000,0
20130114,0.018,0.022,0.018,0.022,136666,0
20130115,0.019,0.024,0.019,0.024,237630,0
20130116,0.025,0.029,0.023,0.024,3771499,0
20130117,0.025,0.025,0.021,0.022,291879,0
20130118,0.02,0.023,0.02,0.021,135000,0
20130121,0.021,0.022,0.02,0.022,45585,0
20130122,0.02,0.023,0.019,0.023,163361,0
20130123,0.02,0.022,0.02,0.022,130000,0
20130124,0.02,0.022,0.02,0.022,356,0
20130125,0.022,0.022,0.02,0.02,34180,0
20130128,0.02,0.021,0.02,0.02,74225,0
20130129,0.02,0.02,0.02,0.02,99,0
20130131,0.02,0.02,0.019,0.02,110351,0
20130201,0.019,0.02,0.019,0.02,8000,0
20130204,0.019,0.022,0.019,0.02,140036,0
20130205,0.019,0.02,0.019,0.019,162081,0
20130207,0.019,0.02,0.019,0.02,58196,0
20130208,0.019,0.02,0.019,0.02,2216,0
20130211,0.019,0.02,0.019,0.02,522750,0
20130212,0.02,0.02,0.019,0.02,348700,0
20130213,0.019,0.02,0.019,0.02,150000,0
20130214,0.02,0.02,0.019,0.019,117,0
20130215,0.02,0.02,0.018,0.019,45,0
20130218,0.018,0.021,0.018,0.021,26089,0
20130219,0.018,0.021,0.018,0.019,5450,0
20130222,0.021,0.021,0.018,0.018,45009,0
20130225,0.018,0.019,0.018,0.018,14182,0
20130226,0.018,0.019,0.018,0.018,5560,0
20130227,0.018,0.019,0.018,0.019,909,0
20130301,0.018,0.019,0.018,0.019,20300,0
20130304,0.018,0.019,0.018,0.019,340,0
20130306,0.019,0.019,0.018,0.019,15632,0
20130307,0.019,0.019,0.018,0.019,662,0
20130308,0.018,0.019,0.018,0.018,18213,0
20130311,0.018,0.02,0.018,0.018,80000,0
20130312,0.018,0.021,0.018,0.018,7200,0
20130313,0.018,0.021,0.017,0.017,54889,0
20130314,0.016,0.021,0.016,0.021,3000,0
20130315,0.02,0.02,0.017,0.019,594,0
20130319,0.019,0.019,0.018,0.019,156000,0
20130320,0.019,0.019,0.018,0.019,1215,0
20130321,0.018,0.019,0.018,0.019,1070,0
20130322,0.018,0.019,0.018,0.018,75000,0
20130325,0.017,0.019,0.017,0.017,30375,0
20130326,0.019,0.019,0.017,0.017,50000,0
20130327,0.019,0.019,0.017,0.017,500,0
20130402,0.017,0.018,0.017,0.018,100,0
20130403,0.017,0.018,0.017,0.018,5000,0
20130405,0.017,0.018,0.017,0.017,6000,0
20130410,0.017,0.017,0.017,0.017,3600,0
20130411,0.017,0.018,0.017,0.018,2327,0
20130415,0.017,0.021,0.017,0.019,230324,0
20130416,0.017,0.019,0.017,0.019,103200,0
20130417,0.019,0.02,0.018,0.018,101000,0
20130418,0.019,0.019,0.017,0.017,5540,0
20130424,0.018,0.019,0.017,0.017,92000,0
20130425,0.018,0.018,0.017,0.017,108,0
20130426,0.018,0.019,0.017,0.017,75710,0
20130429,0.019,0.019,0.017,0.017,20,0
20130430,0.019,0.019,0.017,0.017,3000,0
20130503,0.019,0.019,0.016,0.016,40700,0
20130506,0.016,0.017,0.016,0.017,1500,0
20130507,0.017,0.017,0.016,0.017,30352,0
20130508,0.017,0.019,0.017,0.019,20252,0
20130510,0.017,0.018,0.017,0.018,2560,0
20130513,0.016,0.018,0.015,0.015,3400,0
20130514,0.013,0.02,0.013,0.02,51000,0
20130515,0.017,0.018,0.013,0.017,840,0
20130516,0.013,0.017,0.013,0.014,1770,0
20130517,0.014,0.017,0.013,0.016,30000,0
20130521,0.016,0.017,0.016,0.016,762,0
20130522,0.016,0.017,0.016,0.016,250,0
20130523,0.016,0.018,0.016,0.018,38000,0
20130527,0.016,0.018,0.016,0.017,4000,0
20130528,0.016,0.018,0.016,0.016,450,0
20130529,0.016,0.018,0.016,0.016,10000,0
20130531,0.017,0.017,0.016,0.016,20279,0
20130604,0.017,0.02,0.016,0.017,10056,0
20130605,0.016,0.02,0.016,0.016,40000,0
20130607,0.015,0.02,0.013,0.013,1054,0
20130610,0.013,0.016,0.013,0.016,2400,0
20130611,0.015,0.016,0.013,0.016,5000,0
20130614,0.014,0.016,0.014,0.016,4081,0
20130617,0.015,0.016,0.014,0.016,125027,0
20130618,0.015,0.019,0.014,0.019,84630,0
20130619,0.019,0.019,0.014,0.014,80000,0
20130620,0.014,0.018,0.012,0.012,51600,0
20130621,0.012,0.015,0.011,0.013,13931,0
20130624,0.013,0.019,0.012,0.019,100099,0
20130625,0.012,0.018,0.012,0.013,30,0
20130626,0.012,0.018,0.012,0.014,225,0
20130627,0.014,0.016,0.013,0.015,11000,0
20130628,0.015,0.015,0.013,0.013,10213,0
20130701,0.016,0.016,0.013,0.013,234,0
20130703,0.014,0.016,0.013,0.014,500,0
20130704,0.014,0.016,0.014,0.014,27,0
20130708,0.015,0.019,0.014,0.016,490096,0
20130709,0.016,0.016,0.013,0.014,234,0
20130710,0.014,0.015,0.013,0.013,10000,0
20130711,0.015,0.018,0.013,0.015,31950,0
20130715,0.018,0.018,0.013,0.013,176000,0
20130718,0.014,0.014,0.013,0.013,78333,0
20130719,0.014,0.015,0.013,0.015,452,0
20130724,0.013,0.014,0.013,0.013,27616,0
20130725,0.013,0.014,0.013,0.014,100,0
20130726,0.013,0.014,0.013,0.013,5091,0
20130729,0.014,0.014,0.013,0.013,10000,0
20130730,0.013,0.014,0.013,0.013,14250,0
20130801,0.014,0.015,0.013,0.014,23000,0
20130802,0.013,0.015,0.013,0.015,200,0
20130807,0.013,0.015,0.013,0.014,700,0
20130809,0.013,0.015,0.013,0.015,9166,0
20130812,0.017,0.017,0.014,0.015,22000,0
20130813,0.014,0.015,0.013,0.014,681,0
20130814,0.014,0.015,0.013,0.015,3500,0
20130815,0.014,0.015,0.014,0.014,348,0
20130816,0.014,0.015,0.013,0.015,22500,0
20130822,0.013,0.015,0.013,0.014,13725,0
20130827,0.013,0.014,0.013,0.014,90,0
20130828,0.014,0.014,0.013,0.013,5280,0
20130829,0.015,0.016,0.013,0.013,49,0
20130830,0.013,0.016,0.013,0.013,700,0
20130902,0.013,0.016,0.013,0.014,2000,0
20130904,0.014,0.016,0.013,0.013,3000,0
20130905,0.013,0.016,0.013,0.013,207,0
20130909,0.013,0.014,0.013,0.014,5050,0
20130910,0.013,0.016,0.013,0.016,43400,0
20130912,0.016,0.016,0.013,0.013,25000,0
20130917,0.016,0.016,0.013,0.014,6944,0
20130918,0.014,0.014,0.013,0.014,90,0
20130919,0.013,0.016,0.013,0.016,100,0
20130920,0.016,0.016,0.013,0.015,70109,0
20130923,0.015,0.015,0.014,0.015,2000,0
20130924,0.014,0.015,0.014,0.015,1090,0
20130925,0.014,0.016,0.014,0.014,25570,0
20130926,0.014,0.016,0.014,0.014,500,0
20130927,0.014,0.014,0.013,0.013,100000,0
20130930,0.014,0.014,0.013,0.013,119000,0
20131001,0.014,0.014,0.011,0.013,3000,0
20131003,0.014,0.014,0.011,0.012,900,0
20131004,0.012,0.012,0.011,0.012,25000,0
20131007,0.014,0.015,0.011,0.015,68,0
20131010,0.015,0.016,0.011,0.011,40000,0
20131014,0.011,0.015,0.011,0.011,49143,0
20131016,0.011,0.016,0.011,0.016,65324,0
20131017,0.011,0.015,0.011,0.011,25000,0
20131018,0.011,0.013,0.011,0.011,35000,0
20131021,0.012,0.012,0.011,0.011,2450,0
20131022,0.011,0.012,0.011,0.012,2000,0
20131024,0.011,0.016,0.011,0.016,50710,0
20131025,0.011,0.017,0.011,0.011,117044,0
20131029,0.012,0.016,0.011,0.011,25000,0
20131030,0.012,0.016,0.011,0.012,6500,0
20131101,0.011,0.013,0.011,0.011,100,0
20131104,0.012,0.015,0.011,0.015,15000,0
20131105,0.011,0.013,0.011,0.013,2180,0
20131106,0.011,0.015,0.011,0.011,30000,0
20131107,0.012,0.013,0.011,0.011,49190,0
20131111,0.011,0.012,0.011,0.011,10350,0
20131112,0.011,0.012,0.011,0.011,225,0
20131113,0.011,0.015,0.011,0.015,51656,0
20131114,0.011,0.012,0.011,0.011,2000,0
20131115,0.011,0.012,0.011,0.011,1600,0
20131118,0.011,0.012,0.011,0.012,64027,0
20131120,0.011,0.016,0.011,0.016,70396,0
20131125,0.016,0.016,0.011,0.012,1000,0
20131126,0.012,0.012,0.011,0.012,97000,0
20131127,0.012,0.012,0.011,0.011,600,0
20131129,0.011,0.012,0.011,0.011,550,0
20131203,0.011,0.012,0.011,0.012,45,0
20131205,0.011,0.012,0.011,0.012,63,0
20131206,0.012,0.023,0.011,0.023,3511623,0
20131209,0.031,0.031,0.022,0.022,3760120,0
20131210,0.019,0.021,0.017,0.02,145716,0
20131211,0.02,0.023,0.017,0.023,185300,0
20131212,0.022,0.022,0.016,0.018,496,0
20131213,0.02,0.022,0.018,0.022,95000,0
20131216,0.022,0.022,0.016,0.021,284760,0
20131217,0.019,0.022,0.017,0.021,65000,0
20131218,0.022,0.022,0.015,0.018,1046502,0
20131219,0.017,0.02,0.01,0.013,566560,0
20131220,0.012,0.016,0.012,0.014,215000,0
20131223,0.014,0.018,0.012,0.018,72000,0
20131227,0.015,0.018,0.015,0.016,153886,0
20131230,0.015,0.018,0.015,0.015,50800,0
20140102,0.016,0.02,0.015,0.02,298635,0
20140103,0.02,0.022,0.016,0.021,685578,0
20140106,0.019,0.021,0.016,0.016,165,0
20140108,0.015,0.018,0.015,0.015,60066,0
20140109,0.014,0.017,0.014,0.017,1000,0
20140110,0.015,0.018,0.015,0.017,77000,0
20140113,0.016,0.017,0.015,0.015,56450,0
20140114,0.016,0.016,0.014,0.015,10000,0
20140115,0.014,0.016,0.014,0.016,171,0
20140116,0.016,0.017,0.015,0.017,7870,0
20140117,0.016,0.018,0.016,0.018,100000,0
20140123,0.014,0.018,0.014,0.018,34081,0
20140124,0.017,0.02,0.014,0.017,105000,0
20140127,0.017,0.017,0.014,0.017,2009,0
20140128,0.014,0.017,0.014,0.017,21000,0
20140129,0.014,0.018,0.014,0.017,20869,0
20140130,0.014,0.02,0.014,0.017,15000,0
20140131,0.017,0.019,0.014,0.019,2499,0
20140204,0.019,0.019,0.015,0.017,38450,0
20140205,0.015,0.018,0.015,0.015,6600,0
20140206,0.017,0.017,0.015,0.017,26200,0
20140207,0.015,0.017,0.015,0.017,7550,0
20140210,0.017,0.017,0.015,0.015,35,0
20140212,0.015,0.015,0.015,0.015,20036,0
20140213,0.016,0.016,0.01,0.015,72600,0
20140218,0.014,0.015,0.014,0.014,4100,0
20140219,0.014,0.015,0.01,0.01,283,0
20140220,0.014,0.015,0.01,0.015,102000,0
20140221,0.016,0.017,0.014,0.016,225000,0
20140224,0.014,0.015,0.014,0.015,80207,0
20140225,0.015,0.015,0.013,0.014,231,0
20140226,0.014,0.015,0.013,0.015,10019,0
20140227,0.015,0.015,0.013,0.015,2777,0
20140228,0.015,0.017,0.012,0.017,895,0
20140303,0.014,0.016,0.013,0.015,10000,0
20140304,0.017,0.017,0.013,0.016,63279,0
20140305,0.016,0.017,0.014,0.014,50180,0
20140306,0.014,0.017,0.014,0.017,1000,0
20140307,0.016,0.017,0.014,0.016,35009,0
20140311,0.014,0.016,0.013,0.013,198,0
20140313,0.014,0.016,0.013,0.016,9500,0
20140314,0.014,0.017,0.013,0.017,19,0
20140317,0.017,0.017,0.015,0.016,927,0
20140318,0.017,0.017,0.015,0.017,100000,0
20140319,0.016,0.016,0.014,0.016,86664,0
20140320,0.017,0.018,0.014,0.017,102400,0
20140321,0.018,0.019,0.017,0.017,236000,0
20140324,0.016,0.019,0.015,0.018,9900,0
20140325,0.013,0.019,0.013,0.014,50086,0
20140327,0.016,0.019,0.014,0.015,220,0
20140328,0.014,0.019,0.014,0.017,500,0
20140331,0.017,0.017,0.014,0.017,3200,0
20140402,0.015,0.017,0.015,0.017,25000,0
20140404,0.014,0.017,0.014,0.017,1072,0
20140408,0.017,0.017,0.014,0.015,450,0
20140409,0.017,0.017,0.014,0.014,1090,0
20140410,0.014,0.017,0.014,0.015,81,0
20140414,0.015,0.017,0.015,0.017,50000,0
20140417,0.015,0.018,0.015,0.017,48000,0
20140422,0.016,0.017,0.016,0.017,1643,0
20140423,0.017,0.017,0.016,0.017,10113,0
20140424,0.017,0.022,0.017,0.022,118505,0
20140425,0.017,0.022,0.017,0.017,85000,0
20140428,0.018,0.02,0.016,0.017,2665,0
20140430,0.016,0.02,0.016,0.016,5197,0
20140502,0.018,0.019,0.016,0.018,20000,0
20140505,0.016,0.017,0.014,0.014,9612,0
20140506,0.018,0.02,0.015,0.02,700,0
20140507,0.018,0.02,0.016,0.018,1001,0
20140508,0.018,0.02,0.016,0.018,1100,0
20140513,0.016,0.02,0.016,0.017,1000,0
20140514,0.017,0.02,0.016,0.016,153,0
20140515,0.017,0.017,0.016,0.017,50350,0
20140516,0.017,0.017,0.016,0.017,70000,0
20140520,0.015,0.017,0.015,0.015,2200,0
20140522,0.017,0.018,0.015,0.018,30900,0
20140523,0.017,0.017,0.015,0.017,70000,0
20140527,0.017,0.017,0.015,0.017,20000,0
20140528,0.015,0.017,0.015,0.015,130000,0
20140529,0.016,0.016,0.014,0.016,500,0
20140530,0.016,0.016,0.014,0.016,2000,0
20140602,0.016,0.016,0.014,0.014,15000,0
20140603,0.016,0.018,0.014,0.018,5000,0
20140605,0.017,0.017,0.014,0.017,9,0
20140606,0.017,0.017,0.014,0.017,6205,0
20140611,0.017,0.017,0.016,0.016,100,0
20140612,0.016,0.017,0.016,0.016,60000,0
20140613,0.017,0.017,0.017,0.017,32000,0
20140616,0.017,0.017,0.015,0.016,800,0
20140618,0.017,0.017,0.015,0.017,10000,0
20140620,0.017,0.017,0.015,0.016,1000,0
20140623,0.016,0.016,0.014,0.016,10000,0
20140627,0.016,0.016,0.014,0.016,126,0
20140701,0.016,0.016,0.014,0.016,13000,0
20140702,0.016,0.016,0.014,0.016,27,0
20140707,0.016,0.016,0.014,0.014,85000,0
20140708,0.016,0.016,0.014,0.014,25000,0
20140710,0.016,0.016,0.012,0.012,9900,0
20140714,0.013,0.014,0.012,0.012,900,0
20140717,0.014,0.014,0.012,0.014,900,0
20140721,0.014,0.016,0.012,0.016,40900,0
20140722,0.016,0.016,0.014,0.015,6300,0
20140723,0.015,0.015,0.014,0.014,2000,0
20140724,0.017,0.017,0.015,0.015,60000,0
20140725,0.016,0.016,0.014,0.015,102626,0
20140730,0.014,0.016,0.014,0.016,55000,0
20140731,0.016,0.016,0.014,0.014,30000,0
20140801,0.014,0.016,0.014,0.016,6500,0
20140805,0.016,0.016,0.014,0.016,25000,0
20140806,0.014,0.016,0.014,0.016,6000,0
20140807,0.016,0.016,0.014,0.014,707,0
20140808,0.016,0.016,0.013,0.015,215,0
20140814,0.014,0.014,0.014,0.014,15000,0
20140818,0.014,0.015,0.014,0.014,21,0
20140821,0.014,0.014,0.014,0.014,25000,0
20140822,0.015,0.019,0.014,0.014,447526,0
20140825,0.015,0.019,0.014,0.019,98000,0
20140826,0.017,0.018,0.016,0.016,131600,0
20140827,0.014,0.017,0.014,0.017,50000,0
20140828,0.017,0.018,0.016,0.018,4000,0
20140829,0.018,0.018,0.016,0.016,5000,0
20140901,0.017,0.017,0.014,0.017,20000,0
20140903,0.014,0.018,0.014,0.017,31000,0
20140904,0.017,0.019,0.014,0.018,2200,0
20140905,0.018,0.018,0.015,0.017,9,0
20140908,0.017,0.017,0.014,0.017,200,0
20140909,0.017,0.018,0.014,0.018,17100,0
20140910,0.017,0.025,0.017,0.023,1250150,0
20140911,0.025,0.034,0.022,0.034,8398427,0
20140912,0.04,0.045,0.027,0.039,3064327,0
20140915,0.036,0.04,0.024,0.03,636803,0
20140916,0.032,0.039,0.03,0.039,1104521,0
20140917,0.04,0.04,0.031,0.037,1137061,0
20140918,0.035,0.047,0.033,0.046,2448339,0
20140919,0.048,0.054,0.035,0.052,2997369,0
20140922,0.051,0.065,0.037,0.037,4715808,0
20140923,0.038,0.048,0.035,0.047,2661979,0
20140924,0.048,0.055,0.043,0.046,1619143,0
20140925,0.045,0.047,0.037,0.039,1484265,0
20140926,0.039,0.043,0.036,0.039,617277,0
20140929,0.037,0.042,0.036,0.042,598600,0
20140930,0.037,0.042,0.032,0.033,481000,0
20141001,0.038,0.038,0.022,0.026,2136413,0
20141002,0.027,0.028,0.022,0.025,434955,0
20141006,0.023,0.027,0.022,0.022,278360,0
20141007,0.024,0.027,0.02,0.024,575100,0
20141008,0.024,0.027,0.023,0.023,90000,0
20141009,0.025,0.025,0.022,0.022,64000,0
20141010,0.022,0.025,0.022,0.022,125550,0
20141013,0.025,0.025,0.018,0.018,375300,0
20141014,0.018,0.025,0.018,0.022,104430,0
20141016,0.024,0.024,0.02,0.022,100000,0
20141017,0.02,0.022,0.02,0.02,53080,0
20141021,0.022,0.025,0.02,0.021,287684,0
20141022,0.02,0.024,0.02,0.021,24590,0
20141023,0.024,0.024,0.02,0.022,36850,0
20141024,0.024,0.024,0.02,0.023,3695,0
20141027,0.024,0.024,0.02,0.023,10090,0
20141028,0.024,0.024,0.02,0.023,5000,0
20141029,0.024,0.024,0.02,0.023,110000,0
20141030,0.024,0.024,0.02,0.021,30000,0
20141103,0.023,0.023,0.02,0.023,62501,0
20141105,0.021,0.022,0.018,0.021,3460,0
20141106,0.021,0.021,0.017,0.017,131001,0
20141107,0.021,0.021,0.02,0.02,37703,0
20141113,0.021,0.021,0.019,0.021,3245,0
20141117,0.02,0.021,0.02,0.02,400,0
20141118,0.019,0.02,0.019,0.02,40000,0
20141120,0.019,0.021,0.019,0.02,4900,0
20141121,0.02,0.021,0.019,0.02,10000,0
20141125,0.02,0.021,0.02,0.021,65000,0
20141126,0.023,0.023,0.02,0.02,1500,0
20141127,0.022,0.022,0.02,0.02,7715,0
20141128,0.02,0.022,0.02,0.022,132500,0
20141201,0.022,0.024,0.02,0.024,181000,0
20141202,0.02,0.022,0.02,0.022,200,0
20141203,0.022,0.022,0.02,0.022,3000,0
20141204,0.02,0.022,0.02,0.02,30000,0
20141205,0.02,0.022,0.016,0.018,16784,0
20141210,0.018,0.02,0.018,0.019,36572,0
20141211,0.018,0.026,0.018,0.026,876691,0
20141212,0.022,0.025,0.022,0.023,40000,0
20141215,0.023,0.023,0.019,0.019,40000,0
20141216,0.023,0.023,0.018,0.023,315,0
20141217,0.023,0.023,0.018,0.021,7000,0
20141219,0.022,0.022,0.018,0.019,4967,0
20141222,0.018,0.022,0.016,0.02,685000,0
20141229,0.019,0.019,0.016,0.016,74000,0
20150106,0.016,0.021,0.016,0.021,12000,0
20150107,0.021,0.025,0.019,0.025,224520,0
20150108,0.024,0.024,0.017,0.023,238400,0
20150109,0.022,0.022,0.017,0.02,115054,0
20150112,0.018,0.024,0.018,0.02,266869,0
20150113,0.021,0.023,0.018,0.021,39200,0
20150114,0.022,0.023,0.018,0.02,175837,0
20150115,0.02,0.021,0.018,0.02,116021,0
20150116,0.02,0.02,0.017,0.02,10900,0
20150119,0.017,0.02,0.017,0.02,6666,0
20150120,0.02,0.02,0.017,0.02,200,0
20150121,0.02,0.021,0.017,0.02,6000,0
20150122,0.02,0.021,0.017,0.021,25171,0
20150123,0.02,0.02,0.016,0.018,151135,0
20150126,0.019,0.019,0.016,0.019,2160,0
20150127,0.021,0.021,0.017,0.019,59522,0
20150128,0.02,0.02,0.017,0.019,25906,0
20150129,0.02,0.02,0.017,0.018,360,0
20150130,0.02,0.02,0.017,0.019,340,0
20150202,0.024,0.024,0.016,0.019,99,0
20150204,0.018,0.018,0.015,0.018,53440,0
20150205,0.017,0.02,0.015,0.018,81500,0
20150206,0.018,0.019,0.015,0.018,40000,0
20150209,0.023,0.023,0.015,0.015,25035,0
20150210,0.018,0.019,0.016,0.019,3078,0
20150211,0.018,0.018,0.016,0.018,1000,0
20150212,0.018,0.021,0.016,0.019,2281,0
20150213,0.018,0.021,0.015,0.019,240270,0
20150216,0.017,0.017,0.014,0.017,81,0
20150218,0.014,0.019,0.014,0.018,116000,0
20150219,0.016,0.018,0.015,0.018,30000,0
20150220,0.015,0.017,0.015,0.017,100,0
20150223,0.017,0.017,0.015,0.017,64836,0
20150224,0.017,0.019,0.015,0.018,51300,0
20150225,0.019,0.019,0.015,0.015,60000,0
20150226,0.018,0.019,0.015,0.015,131111,0
20150302,0.018,0.018,0.014,0.016,630,0
20150303,0.017,0.019,0.014,0.019,12500,0
20150304,0.017,0.017,0.015,0.015,28500,0
20150305,0.017,0.017,0.015,0.015,11014,0
20150306,0.015,0.018,0.015,0.018,116911,0
20150309,0.018,0.018,0.015,0.018,71550,0
20150311,0.015,0.018,0.015,0.018,1500,0
20150312,0.015,0.018,0.015,0.016,60862,0
20150316,0.018,0.018,0.015,0.016,2000,0
20150317,0.015,0.018,0.01,0.014,553792,0
20150318,0.011,0.015,0.011,0.013,50016,0
20150319,0.013,0.016,0.013,0.013,36000,0
20150323,0.013,0.016,0.013,0.015,25090,0
20150324,0.014,0.015,0.013,0.013,50081,0
20150325,0.013,0.016,0.013,0.016,40000,0
20150326,0.016,0.016,0.013,0.016,206018,0
20150327,0.013,0.015,0.013,0.013,34,0
20150330,0.013,0.015,0.013,0.013,37526,0
20150331,0.013,0.015,0.013,0.014,171,0
20150401,0.013,0.015,0.013,0.013,60000,0
20150402,0.014,0.017,0.014,0.016,165730,0
20150407,0.015,0.015,0.015,0.015,2000,0
20150409,0.014,0.015,0.014,0.015,2381,0
20150410,0.014,0.014,0.014,0.014,14000,0
20150415,0.015,0.015,0.014,0.014,26250,0
20150417,0.014,0.016,0.014,0.016,3000,0
20150421,0.014,0.016,0.014,0.016,7600,0
20150423,0.014,0.014,0.014,0.014,6044,0
20150428,0.014,0.015,0.014,0.015,100,0
20150505,0.013,0.014,0.013,0.014,1000,0
20150507,0.013,0.014,0.013,0.014,110,0
20150508,0.015,0.015,0.015,0.015,100000,0
20150511,0.013,0.017,0.013,0.014,86000,0
20150512,0.013,0.014,0.013,0.014,10010,0
20150513,0.013,0.017,0.013,0.017,135360,0
20150514,0.013,0.016,0.013,0.016,20000,0
20150526,0.014,0.014,0.014,0.014,500,0
20150529,0.013,0.013,0.013,0.013,17000,0
20150601,0.013,0.014,0.013,0.014,5090,0
20150604,0.013,0.013,0.013,0.013,41000,0
20150615,0.013,0.013,0.013,0.013,18,0
20150616,0.013,0.013,0.013,0.013,24000,0
20150623,0.012,0.013,0.012,0.012,2124,0
20150625,0.012,0.012,0.012,0.012,20081,0
20150629,0.012,0.012,0.012,0.012,70,0
20150707,0.012,0.012,0.012,0.012,20000,0
20150713,0.012,0.013,0.012,0.013,9,0
20150715,0.013,0.015,0.013,0.015,66000,0
20150716,0.013,0.014,0.013,0.014,7500,0
20150717,0.014,0.015,0.014,0.015,40000,0
20150720,0.014,0.015,0.014,0.015,2000,0
20150721,0.015,0.015,0.015,0.015,60000,0
20150722,0.011,0.011,0.011,0.011,339,0
20150727,0.015,0.017,0.015,0.017,60000,0
20150729,0.015,0.015,0.015,0.015,40000,0
20150730,0.013,0.014,0.013,0.014,210,0
20150803,0.013,0.013,0.013,0.013,62590,0
20150806,0.012,0.012,0.011,0.012,95000,0
20150811,0.011,0.014,0.011,0.014,12500,0
20150813,0.012,0.023,0.012,0.02,1027027,0
20150814,0.017,0.017,0.017,0.017,100000,0
20150817,0.015,0.02,0.015,0.015,659000,0
20150819,0.016,0.016,0.015,0.015,100000,0
20150820,0.014,0.015,0.014,0.014,51000,0
20150821,0.013,0.013,0.011,0.011,250000,0
20150824,0.011,0.015,0.011,0.015,10000,0
20150825,0.012,0.016,0.012,0.016,226000,0
20150827,0.012,0.017,0.012,0.017,20000,0
20150828,0.012,0.017,0.012,0.017,23000,0
20150831,0.012,0.017,0.012,0.017,102500,0
20150901,0.014,0.014,0.014,0.014,78000,0
20150903,0.013,0.016,0.013,0.013,25108,0
20150907,0.013,0.013,0.013,0.013,48036,0
20150908,0.013,0.016,0.013,0.016,20100,0
20150909,0.013,0.013,0.013,0.013,6000,0
20150911,0.013,0.013,0.012,0.012,50000,0
20150917,0.013,0.013,0.013,0.013,81,0
20150918,0.013,0.013,0.013,0.013,10000,0
20150924,0.013,0.013,0.013,0.013,30000,0
20150929,0.011,0.011,0.011,0.011,2700,0
20150930,0.012,0.013,0.012,0.012,44250,0
20151005,0.012,0.012,0.012,0.012,5650,0
20151019,0.01,0.011,0.01,0.011,1664,0
20151020,0.01,0.012,0.01,0.012,40000,0
20151023,0.01,0.011,0.01,0.011,10000,0
20151026,0.01,0.011,0.01,0.011,47500,0
20151027,0.01,0.01,0.01,0.01,10000,0
20151030,0.01,0.01,0.01,0.01,3500,0
20151104,0.009,0.009,0.009,0.009,10000,0
20151110,0.009,0.01,0.009,0.01,90,0
20151112,0.009,0.01,0.009,0.01,117,0
20151113,0.009,0.01,0.009,0.01,5974,0
20151119,0.009,0.011,0.009,0.011,76000,0
20151120,0.009,0.013,0.009,0.013,328600,0
20151126,0.012,0.014,0.012,0.014,5200,0
20151127,0.013,0.015,0.013,0.015,66000,0
20151130,0.011,0.016,0.011,0.016,29000,0
20151203,0.011,0.011,0.011,0.011,6250,0
20151204,0.011,0.015,0.011,0.015,31600,0
20151207,0.011,0.012,0.01,0.01,209260,0
20151208,0.011,0.012,0.011,0.012,119267,0
20151209,0.011,0.012,0.011,0.012,4000,0
20151210,0.011,0.012,0.011,0.012,60108,0
20151211,0.011,0.012,0.011,0.012,13165,0
20151214,0.011,0.011,0.011,0.011,244,0
20151218,0.009,0.009,0.009,0.009,30000,0
20151221,0.009,0.009,0.009,0.009,5000,0
20151222,0.009,0.01,0.009,0.01,108,0
20151223,0.009,0.012,0.009,0.012,77000,0
20151228,0.009,0.013,0.009,0.013,80000,0
20151230,0.01,0.01,0.01,0.01,10360,0
20160104,0.011,0.011,0.011,0.011,200,0
20160106,0.009,0.01,0.009,0.01,1000,0
20160108,0.009,0.009,0.009,0.009,5000,0
20160111,0.009,0.009,0.009,0.009,2100,0
20160114,0.01,0.01,0.01,0.01,8000,0
20160115,0.009,0.01,0.009,0.01,60000,0
20160120,0.01,0.01,0.01,0.01,324,0
20160127,0.009,0.009,0.009,0.009,60000,0
20160128,0.006,0.011,0.006,0.011,20000,0
20160129,0.007,0.008,0.007,0.008,225,0
20160203,0.007,0.007,0.007,0.007,10000,0
20160205,0.007,0.008,0.007,0.008,45,0
20160209,0.008,0.008,0.008,0.008,6000,0
20160212,0.007,0.009,0.007,0.009,6000,0
20160216,0.01,0.011,0.01,0.011,29250,0
20160218,0.011,0.011,0.011,0.011,1000,0
20160229,0.008,0.009,0.008,0.009,9000,0
20160302,0.008,0.009,0.008,0.009,90,0
20160308,0.007,0.008,0.007,0.008,45,0
20160310,0.007,0.014,0.007,0.014,62857,0
20160324,0.007,0.008,0.007,0.008,371,0
20160329,0.007,0.008,0.007,0.008,1000,0
20160404,0.006,0.007,0.006,0.007,700,0
20160414,0.006,0.007,0.006,0.007,7582,0
20160418,0.006,0.006,0.006,0.006,1000,0
20160419,0.006,0.006,0.004,0.004,60000,0
20160420,0.006,0.007,0.006,0.007,7500,0
20160421,0.006,0.007,0.006,0.006,61400,0
20160422,0.005,0.01,0.005,0.01,50000,0
20160425,0.006,0.008,0.006,0.008,4000,0
20160426,0.005,0.008,0.005,0.008,20000,0
20160427,0.005,0.009,0.005,0.009,41000,0
20160428,0.005,0.011,0.005,0.011,250045,0
20160429,0.012,0.012,0.007,0.007,860072,0
20160503,0.005,0.009,0.005,0.006,1800,0
20160505,0.006,0.006,0.006,0.006,100000,0
20160506,0.004,0.01,0.004,0.01,79500,0
20160512,0.006,0.008,0.006,0.008,43000,0
20160525,0.007,0.008,0.006,0.006,142391,0
20160530,0.007,0.008,0.007,0.008,25700,0
20160602,0.006,0.007,0.005,0.007,103000,0
20160608,0.005,0.007,0.005,0.007,13983,0
20160609,0.005,0.005,0.005,0.005,100,0
20160613,0.005,0.005,0.005,0.005,198,0
20160615,0.004,0.006,0.004,0.006,120000,0
20160624,0.004,0.005,0.004,0.005,10000,0
20160627,0.004,0.008,0.004,0.008,79764,0
20160629,0.005,0.006,0.005,0.006,10000,0
20160704,0.004,0.01,0.004,0.01,90077,0
20160705,0.004,0.011,0.004,0.01,82200,0
20160805,0.006,0.006,0.006,0.006,40000,0
20160810,0.006,0.007,0.006,0.007,300,0
20160811,0.006,0.006,0.006,0.006,18,0
20160812,0.006,0.007,0.006,0.007,350,0
20160816,0.006,0.007,0.006,0.007,8000,0
20160817,0.006,0.007,0.006,0.007,27,0
20160824,0.006,0.008,0.006,0.008,140000,0
20160829,0.007,0.007,0.007,0.007,55000,0
20160831,0.008,0.008,0.008,0.008,10000,0
20160901,0.005,0.006,0.005,0.006,10000,0
20160902,0.005,0.007,0.005,0.007,700,0
20160912,0.006,0.007,0.006,0.007,300,0
20160919,0.006,0.007,0.006,0.007,90,0
20160929,0.005,0.006,0.005,0.006,27,0
20161010,0.004,0.005,0.004,0.005,100,0
20161011,0.004,0.005,0.004,0.005,40000,0
20161013,0.004,0.006,0.004,0.006,50000,0
20161018,0.006,0.007,0.006,0.007,150,0
20161020,0.006,0.006,0.005,0.005,125000,0
20161028,0.005,0.008,0.005,0.006,42027,0
20161101,0.005,0.007,0.005,0.007,10001,0
20161109,0.005,0.006,0.005,0.006,4000,0
20161110,0.006,0.006,0.004,0.004,20300,0
20161115,0.004,0.005,0.004,0.005,40000,0
20161117,0.004,0.005,0.004,0.005,18,0
20161122,0.005,0.006,0.005,0.006,4697,0
20161123,0.004,0.005,0.004,0.005,18,0
20161129,0.004,0.005,0.004,0.005,9,0
20161130,0.004,0.004,0.004,0.004,475000,0
20161201,0.003,0.005,0.003,0.005,156072,0
20161202,0.003,0.004,0.003,0.004,735,0
20161205,0.004,0.005,0.004,0.005,324,0
20161206,0.004,0.005,0.004,0.005,100000,0
20161208,0.004,0.004,0.004,0.004,40000,0
20161209,0.005,0.007,0.005,0.006,385180,0
20161212,0.007,0.013,0.007,0.01,504100,0
20161213,0.008,0.01,0.008,0.009,94057,0
20161214,0.008,0.008,0.008,0.008,110000,0
20161216,0.005,0.006,0.005,0.006,171,0
20161220,0.005,0.006,0.005,0.006,45,0
20161221,0.005,0.006,0.005,0.006,70,0
20170103,0.005,0.006,0.005,0.006,150000,0
20170104,0.007,0.009,0.007,0.008,295000,0
20170106,0.005,0.006,0.005,0.006,20000,0
20170110,0.006,0.006,0.006,0.006,200,0
20170111,0.007,0.007,0.007,0.007,3517,0
20170113,0.006,0.007,0.006,0.007,9,0
20170116,0.007,0.007,0.006,0.006,53500,0
20170118,0.006,0.011,0.006,0.011,70000,0
20170119,0.007,0.008,0.007,0.008,50009,0
20170120,0.006,0.01,0.006,0.008,155881,0
20170124,0.01,0.01,0.01,0.01,1500,0
20170125,0.007,0.011,0.007,0.01,40600,0
20170126,0.008,0.008,0.008,0.008,41000,0
20170127,0.007,0.01,0.007,0.01,40000,0
20170131,0.008,0.009,0.008,0.009,198,0
20170201,0.008,0.01,0.008,0.01,1000,0
20170202,0.008,0.009,0.008,0.009,1000,0
20170207,0.008,0.008,0.008,0.008,40000,0
20170213,0.006,0.007,0.006,0.007,27,0
20170216,0.006,0.007,0.006,0.007,1530,0
20170217,0.005,0.007,0.005,0.007,50000,0
20170220,0.006,0.007,0.006,0.007,135,0
20170221,0.006,0.007,0.006,0.007,90900,0
20170222,0.007,0.007,0.006,0.006,47500,0
20170224,0.005,0.007,0.005,0.007,76000,0
20170227,0.007,0.007,0.007,0.007,1000,0
20170228,0.005,0.007,0.005,0.007,25000,0
20170302,0.007,0.007,0.007,0.007,50500,0
20170303,0.006,0.008,0.006,0.006,60050,0
20170306,0.006,0.008,0.006,0.008,10000,0
20170307,0.005,0.009,0.005,0.009,15000,0
20170308,0.005,0.009,0.005,0.009,132100,0
20170309,0.007,0.008,0.007,0.008,20000,0
20170317,0.007,0.007,0.006,0.006,50180,0
20170321,0.006,0.007,0.006,0.007,3000,0
