Date,Open,High,Low,Close,Volume,OpenInt
20090720,0.48,0.48,0.45,0.47,5800,0
20090730,0.47,0.47,0.33,0.33,4825,0
20090804,0.4,0.43,0.35,0.43,900,0
20090805,0.4,0.4,0.34,0.34,2714,0
20090807,0.4,0.43,0.34,0.35,250,0
20090812,0.34,0.43,0.34,0.341,25,0
20090813,0.34,0.43,0.34,0.34,275,0
20090827,0.34,0.34,0.2,0.28,13375,0
20090828,0.34,0.34,0.2,0.33,7000,0
20090831,0.2,0.33,0.2,0.33,4500,0
20090904,0.33,0.33,0.22,0.27,625,0
20090915,0.33,0.33,0.22,0.26,1200,0
20090930,0.253,0.32,0.25,0.32,525,0
20091009,0.324,0.324,0.25,0.32,250,0
20091014,0.32,0.32,0.25,0.32,375,0
20091020,0.355,0.355,0.35,0.35,1915,0
20091118,0.38,0.4,0.38,0.4,1000,0
20091208,0.38,0.38,0.38,0.38,3000,0
20091215,0.38,0.38,0.21,0.21,3275,0
20091218,0.38,0.38,0.38,0.38,2000,0
20091228,0.418,0.418,0.3,0.3,3075,0
20091230,0.38,0.38,0.38,0.38,1000,0
20100105,0.38,0.41,0.3,0.41,2500,0
20100106,0.42,0.42,0.42,0.42,2750,0
20100108,0.42,0.43,0.42,0.43,1125,0
20100112,0.42,0.42,0.4,0.4,6250,0
20100118,0.189,0.3,0.189,0.23,560,0
20100122,0.18,0.2,0.16,0.16,5414,0
20100128,0.18,0.18,0.17,0.18,1500,0
20100309,0.24,0.25,0.24,0.25,2889,0
20100414,0.25,0.25,0.21,0.21,225,0
20100519,0.21,0.22,0.21,0.22,2725,0
20100601,0.189,0.2,0.189,0.2,500,0
20100604,0.153,0.2,0.153,0.2,575,0
20100712,0.18,0.2,0.18,0.181,1200,0
20100713,0.2,0.2,0.18,0.2,1200,0
20100924,0.2,0.2,0.2,0.2,75,0
20101001,0.18,0.2,0.18,0.2,510,0
20101101,0.18,0.18,0.15,0.15,75,0
20101109,0.18,0.2,0.18,0.2,490,0
20101118,0.18,0.18,0.18,0.18,225,0
20101227,0.18,0.2,0.18,0.2,2925,0
20110119,0.18,0.2,0.15,0.2,325,0
20110505,0.17,0.2,0.17,0.2,400,0
20110523,0.16,0.17,0.12,0.12,150,0
20110530,0.17,0.17,0.08,0.08,125,0
20110531,0.17,0.17,0.04,0.091,225,0
20110609,0.095,0.106,0.09,0.106,775,0
20110616,0.09,0.11,0.09,0.11,950,0
20110617,0.09,0.106,0.09,0.106,250,0
20110623,0.09,0.108,0.09,0.108,2,0
20110629,0.09,0.106,0.09,0.09,100,0
20110725,0.095,0.095,0.095,0.095,25,0
20110726,0.136,0.136,0.097,0.097,211,0
20110727,0.097,0.098,0.097,0.098,150,0
20110729,0.09,0.091,0.09,0.09,500,0
20110803,0.09,0.091,0.09,0.09,125,0
20110812,0.09,0.1,0.09,0.09,100,0
20110826,0.09,0.09,0.09,0.09,4000,0
20110916,0.13,0.13,0.13,0.13,750,0
20110929,0.09,0.17,0.09,0.17,6000,0
20110930,0.13,0.13,0.09,0.09,250,0
20111003,0.09,0.12,0.09,0.12,225,0
20111005,0.082,0.161,0.082,0.161,1559,0
20111006,0.161,0.162,0.161,0.162,4441,0
20111007,0.123,0.125,0.123,0.125,100,0
20111014,0.086,0.166,0.086,0.166,4710,0
20111017,0.127,0.18,0.127,0.18,4000,0
20111019,0.182,0.183,0.182,0.183,100,0
20111020,0.144,0.35,0.144,0.35,1000,0
20111021,0.311,0.312,0.311,0.312,3725,0
20111024,0.273,0.275,0.235,0.235,211,0
20111101,0.235,0.235,0.195,0.195,150,0
20111110,0.2,0.2,0.2,0.2,25,0
20111121,0.17,0.17,0.17,0.17,50,0
20111216,0.13,0.13,0.08,0.08,1000,0
20120112,0.15,0.15,0.11,0.11,300,0
20120113,0.11,0.121,0.11,0.121,25,0
20120116,0.121,0.122,0.121,0.121,1225,0
20120118,0.121,0.122,0.081,0.081,9313,0
20120124,0.084,0.085,0.084,0.085,5000,0
20120125,0.045,0.05,0.045,0.05,1525,0
20120127,0.016,0.06,0.012,0.012,75,0
20120130,0.024,0.032,0.024,0.032,750,0
20120206,0.032,0.06,0.032,0.06,6180,0
20120207,0.032,0.08,0.032,0.08,1500,0
20120208,0.041,0.07,0.041,0.07,2500,0
20120209,0.03,0.07,0.03,0.07,325,0
20120217,0.041,0.06,0.041,0.06,7825,0
20120220,0.021,0.06,0.021,0.033,100,0
20120224,0.063,0.063,0.06,0.06,75,0
20120227,0.06,0.061,0.034,0.04,102,0
20120307,0.07,0.071,0.07,0.071,100,0
20120326,0.06,0.062,0.06,0.062,25,0
20120329,0.06,0.061,0.06,0.061,100,0
20120507,0.124,0.124,0.124,0.124,1250,0
20120514,0.084,0.084,0.084,0.084,1000,0
20120521,0.06,0.07,0.06,0.061,75,0
20120612,0.06,0.065,0.06,0.06,2677,0
20120613,0.065,0.065,0.06,0.06,25,0
20120614,0.06,0.065,0.06,0.061,250,0
20120628,0.065,0.065,0.065,0.065,25,0
20120731,0.065,0.072,0.065,0.072,50,0
20120801,0.06,0.081,0.06,0.081,500,0
20120806,0.06,0.066,0.06,0.065,5500,0
20120808,0.061,0.062,0.061,0.062,500,0
20121010,0.066,0.069,0.066,0.066,25,0
20121128,0.066,0.07,0.066,0.07,25,0
20121211,0.06,0.06,0.06,0.06,3750,0
20121213,0.06,0.06,0.02,0.02,125,0
20121217,0.021,0.022,0.021,0.022,825,0
20121228,0.065,0.098,0.065,0.098,8600,0
20130102,0.058,0.063,0.058,0.063,25,0
20130122,0.071,0.073,0.071,0.073,500,0
20130124,0.071,0.072,0.071,0.072,3250,0
20130125,0.032,0.033,0.032,0.033,8000,0
20130129,0.071,0.071,0.034,0.034,2000,0
20130131,0.034,0.042,0.021,0.021,75,0
20130226,0.046,0.047,0.046,0.047,75,0
20130319,0.046,0.047,0.046,0.047,500,0
20130321,0.047,0.047,0.047,0.047,2000,0
20130322,0.047,0.047,0.047,0.047,250,0
20130325,0.011,0.061,0.011,0.021,800,0
20130403,0.031,0.032,0.031,0.032,175,0
20130404,0.031,0.032,0.031,0.032,50,0
20130405,0.031,0.111,0.031,0.111,9010,0
20130408,0.071,0.11,0.07,0.07,5310,0
20130429,0.042,0.042,0.042,0.042,9010,0
20130507,0.035,0.035,0.033,0.033,5000,0
20130521,0.038,0.038,0.038,0.038,100,0
20130522,0.036,0.036,0.035,0.035,25,0
20130605,0.035,0.037,0.035,0.035,75,0
20130611,0.042,0.051,0.035,0.035,125,0
20130612,0.035,0.043,0.035,0.035,125,0
20130613,0.035,0.043,0.035,0.035,2400,0
20130619,0.042,0.045,0.042,0.045,1250,0
20130701,0.044,0.045,0.042,0.042,5125,0
20130708,0.042,0.044,0.042,0.042,400,0
20130710,0.042,0.042,0.042,0.042,4000,0
20130805,0.043,0.045,0.035,0.035,250,0
20130812,0.043,0.045,0.043,0.045,375,0
20130813,0.035,0.045,0.035,0.045,130,0
20130816,0.044,0.06,0.035,0.035,25,0
20130904,0.051,0.051,0.035,0.035,1000,0
20130918,0.035,0.042,0.035,0.035,1250,0
20130926,0.041,0.043,0.035,0.035,750,0
20131018,0.051,0.051,0.035,0.035,10000,0
20131105,0.035,0.035,0.021,0.021,40000,0
20131121,0.041,0.041,0.022,0.022,125,0
20131125,0.04,0.042,0.04,0.042,50,0
20131128,0.04,0.042,0.04,0.042,125,0
20131202,0.04,0.044,0.04,0.044,5000,0
20131203,0.042,0.042,0.04,0.04,50,0
20131217,0.04,0.04,0.022,0.022,7375,0
20131219,0.029,0.029,0.022,0.022,500,0
20140106,0.024,0.024,0.024,0.024,20000,0
20140108,0.025,0.049,0.025,0.049,10000,0
20140116,0.044,0.044,0.031,0.031,10000,0
20140124,0.032,0.032,0.018,0.019,50,0
20140206,0.024,0.024,0.014,0.014,50,0
20140213,0.02,0.021,0.015,0.021,125,0
20140217,0.021,0.021,0.018,0.018,75,0
20140221,0.024,0.024,0.018,0.02,8600,0
20140225,0.024,0.024,0.018,0.018,10,0
20140314,0.024,0.024,0.017,0.018,9975,0
20140319,0.023,0.023,0.016,0.016,25,0
20140403,0.028,0.08,0.022,0.08,76695,0
20140408,0.029,0.04,0.029,0.04,13545,0
20140410,0.049,0.049,0.041,0.041,125,0
20140414,0.05,0.058,0.047,0.058,500,0
20140415,0.059,0.064,0.05,0.055,1000,0
20140430,0.023,0.034,0.023,0.029,500,0
20140512,0.031,0.031,0.024,0.024,4000,0
20140519,0.022,0.022,0.021,0.021,10000,0
20140522,0.035,0.035,0.035,0.035,4000,0
20140523,0.028,0.028,0.018,0.019,175,0
20140527,0.027,0.027,0.018,0.024,625,0
20140530,0.027,0.027,0.019,0.019,150,0
20140602,0.025,0.028,0.025,0.028,15000,0
20140611,0.029,0.029,0.018,0.021,100,0
20140707,0.021,0.021,0.014,0.014,1875,0
20140710,0.022,0.047,0.016,0.047,50,0
20140715,0.021,0.021,0.018,0.018,625,0
20140804,0.019,0.019,0.013,0.013,250,0
20140909,0.019,0.019,0.013,0.013,75,0
20140915,0.042,0.042,0.013,0.013,35000,0
20140917,0.059,0.059,0.013,0.013,8500,0
20140918,0.034,0.076,0.034,0.076,2000,0
20140919,0.06,0.06,0.042,0.042,10000,0
20140922,0.05,0.05,0.027,0.027,1250,0
20141002,0.082,0.082,0.027,0.08,6080,0
20141006,0.214,0.214,0.04,0.044,53000,0
20141008,0.121,0.121,0.04,0.042,500,0
20141013,0.121,0.121,0.04,0.061,7600,0
20141016,0.065,0.066,0.041,0.051,250,0
20141029,0.124,0.124,0.041,0.052,5100,0
20141112,0.104,0.104,0.07,0.075,6080,0
20141113,0.189,0.189,0.058,0.058,1500,0
20141118,0.04,0.04,0.035,0.035,41375,0
20141119,0.04,0.052,0.035,0.035,100,0
20141124,0.026,0.038,0.026,0.035,150,0
20141127,0.026,0.038,0.026,0.038,2500,0
20141217,0.038,0.038,0.035,0.035,25,0
20141218,0.038,0.062,0.038,0.062,48281,0
20141219,0.099,0.099,0.07,0.07,200,0
20150109,0.11,0.11,0.049,0.052,10000,0
20150112,0.096,0.096,0.034,0.043,50,0
20150119,0.105,0.105,0.038,0.048,250,0
20150122,0.114,0.114,0.038,0.053,10000,0
20150128,0.074,0.074,0.039,0.061,25,0
20150227,0.039,0.04,0.039,0.039,250,0
20150310,0.039,0.046,0.039,0.046,125,0
20150316,0.045,0.045,0.045,0.045,5050,0
20150318,0.062,0.062,0.062,0.062,1000,0
20150324,0.062,0.064,0.052,0.052,750,0
20150325,0.065,0.07,0.051,0.065,2600,0
20150326,0.065,0.071,0.065,0.071,10000,0
20150330,0.075,0.075,0.07,0.075,300,0
20150429,0.07,0.072,0.07,0.072,28064,0
20150514,0.049,0.049,0.049,0.049,25,0
20150521,0.05,0.052,0.05,0.052,375,0
20150611,0.05,0.055,0.05,0.052,125,0
20150617,0.05,0.08,0.05,0.08,30589,0
20150702,0.056,0.056,0.056,0.056,125,0
20150710,0.058,0.058,0.058,0.058,25,0
20150713,0.057,0.057,0.057,0.057,3000,0
20150722,0.056,0.1,0.056,0.1,300,0
20150724,0.139,0.139,0.12,0.12,10000,0
20150727,0.1,0.101,0.1,0.101,100,0
20150811,0.12,0.16,0.12,0.16,2300,0
20150817,0.16,0.16,0.16,0.16,800,0
20150819,0.16,0.16,0.16,0.16,1313,0
20150821,0.15,0.22,0.15,0.22,8202,0
20150827,0.525,0.525,0.39,0.39,1253,0
20150828,0.4,0.49,0.335,0.49,7000,0
20150831,0.602,0.817,0.6,0.69,13911,0
20150901,0.658,0.803,0.658,0.7,11730,0
20150902,0.6,0.69,0.52,0.52,2239,0
20150903,0.5,0.511,0.5,0.511,400,0
20150907,0.65,0.65,0.5,0.5,5650,0
20150908,0.267,0.272,0.267,0.272,4320,0
20150915,0.27,0.27,0.27,0.27,650,0
20150916,0.265,0.268,0.265,0.268,1000,0
20150917,0.265,0.266,0.265,0.266,1000,0
20150918,0.265,0.267,0.265,0.267,350,0
20150921,0.265,0.482,0.265,0.45,12959,0
20150924,0.43,0.43,0.43,0.43,2000,0
20150925,0.409,0.527,0.409,0.527,9000,0
20150928,0.53,0.683,0.53,0.683,6500,0
20150929,0.63,0.63,0.63,0.63,25,0
20150930,0.601,0.722,0.601,0.722,10232,0
20151001,0.756,0.756,0.65,0.65,3650,0
20151002,0.62,0.62,0.62,0.62,807,0
20151006,0.696,0.696,0.6,0.6,1343,0
20151008,0.742,0.742,0.69,0.69,783,0
20151009,0.658,0.738,0.658,0.738,2260,0
20151013,0.43,0.7,0.43,0.7,3400,0
20151014,0.667,0.667,0.667,0.667,750,0
20151015,0.6,0.6,0.6,0.6,1500,0
20151016,0.7,0.7,0.7,0.7,500,0
20151019,0.749,0.749,0.74,0.74,1362,0
20151020,0.74,0.74,0.7,0.7,4329,0
20151021,0.688,0.688,0.688,0.688,2674,0
20151026,0.699,0.699,0.699,0.699,750,0
20151027,0.6,0.67,0.6,0.67,400,0
20151029,0.572,0.572,0.572,0.572,1500,0
20151030,0.598,0.699,0.598,0.699,4029,0
20151102,0.65,0.65,0.65,0.65,1500,0
20151103,0.67,0.67,0.67,0.67,3000,0
20151104,0.69,0.69,0.64,0.64,5500,0
20151105,0.67,0.67,0.64,0.64,8500,0
20151106,0.67,0.67,0.64,0.64,18500,0
20151109,0.709,0.72,0.7,0.72,11300,0
20151110,0.67,0.779,0.67,0.779,13732,0
20151111,0.74,0.78,0.74,0.75,6740,0
20151112,0.75,0.79,0.748,0.748,11600,0
20151113,0.702,0.799,0.701,0.799,9002,0
20151116,0.7,0.79,0.7,0.749,10650,0
20151117,0.71,0.71,0.667,0.667,10500,0
20151118,0.749,0.749,0.637,0.65,23556,0
20151120,0.67,0.67,0.575,0.581,6145,0
20151123,0.55,0.552,0.55,0.552,100,0
20151124,0.578,0.578,0.551,0.551,5275,0
20151125,0.551,0.551,0.551,0.551,2000,0
20151126,0.64,0.65,0.64,0.65,2200,0
20151127,0.64,0.7,0.64,0.7,3050,0
20151130,0.8,0.935,0.8,0.811,8725,0
20151201,0.81,0.97,0.81,0.945,19450,0
20151202,0.876,0.96,0.876,0.95,8379,0
20151203,0.906,0.96,0.906,0.96,4403,0
20151204,0.969,0.97,0.898,0.898,8432,0
20151207,0.855,0.855,0.761,0.763,1526,0
20151208,0.765,0.765,0.765,0.765,25,0
20151209,0.761,0.761,0.761,0.761,6025,0
20151214,0.761,0.82,0.761,0.79,9363,0
20151215,0.761,0.82,0.761,0.82,85,0
20151216,0.762,0.763,0.762,0.762,6958,0
20151217,0.77,0.86,0.77,0.86,2125,0
20151218,0.83,0.89,0.762,0.89,7249,0
20151221,0.786,0.82,0.786,0.82,2363,0
20151222,0.85,0.88,0.764,0.879,4099,0
20151223,0.777,0.88,0.777,0.778,7354,0
20151228,0.78,0.84,0.763,0.84,14889,0
20151229,0.8,0.82,0.77,0.77,5165,0
20151230,0.807,0.807,0.761,0.761,7425,0
20160104,0.797,0.797,0.604,0.7,1900,0
20160105,0.7,0.712,0.7,0.712,1201,0
20160106,0.7,0.75,0.7,0.75,2500,0
20160107,0.72,0.72,0.701,0.701,570,0
20160108,0.7,0.701,0.7,0.701,1500,0
20160111,0.734,0.734,0.701,0.734,3343,0
20160112,0.768,0.768,0.768,0.768,400,0
20160113,0.769,0.9,0.769,0.86,5403,0
20160114,0.76,0.9,0.704,0.9,3600,0
20160115,0.858,0.858,0.78,0.78,7500,0
20160118,0.73,0.83,0.73,0.73,1600,0
20160119,0.765,0.9,0.765,0.9,1075,0
20160120,0.92,0.92,0.769,0.769,7917,0
20160121,0.71,0.82,0.71,0.73,150,0
20160122,0.75,0.82,0.75,0.8,6000,0
20160125,0.762,0.762,0.762,0.762,2100,0
20160126,0.798,0.798,0.739,0.739,3196,0
20160127,0.79,0.83,0.79,0.83,4128,0
20160128,0.85,0.87,0.82,0.87,5166,0
20160129,0.87,0.87,0.82,0.82,2172,0
20160201,0.801,0.81,0.801,0.81,62,0
20160203,0.849,0.849,0.838,0.838,1950,0
20160204,0.839,0.85,0.8,0.85,4810,0
20160205,0.8,0.86,0.8,0.86,4965,0
20160208,0.84,0.84,0.77,0.77,2001,0
20160209,0.734,0.89,0.734,0.89,3190,0
20160210,0.89,0.89,0.77,0.77,725,0
20160211,0.807,0.807,0.75,0.8,3740,0
20160212,0.762,0.88,0.762,0.88,4000,0
20160215,0.87,0.88,0.6,0.7,10653,0
20160216,0.75,0.75,0.74,0.75,900,0
20160217,0.78,0.78,0.78,0.78,400,0
20160218,0.77,0.77,0.77,0.77,115,0
20160219,0.67,0.75,0.67,0.75,2299,0
20160222,0.84,0.84,0.731,0.731,999,0
20160302,0.697,0.697,0.697,0.697,1500,0
20160303,0.75,0.75,0.75,0.75,2600,0
20160304,0.786,0.849,0.786,0.849,3150,0
20160308,0.799,0.799,0.75,0.75,950,0
20160315,0.786,0.786,0.786,0.786,290,0
20160316,0.79,0.79,0.79,0.79,2000,0
20160321,0.799,0.799,0.799,0.799,800,0
20160322,0.755,0.755,0.755,0.755,1529,0
20160323,0.751,0.751,0.751,0.751,800,0
20160324,0.75,0.753,0.75,0.753,840,0
20160329,0.75,0.75,0.75,0.75,3000,0
20160331,0.8,0.8,0.8,0.8,10250,0
20160405,0.721,0.721,0.721,0.721,150,0
20160407,0.776,0.797,0.776,0.797,3200,0
20160408,0.72,0.84,0.72,0.84,500,0
20160411,0.862,0.862,0.862,0.862,1825,0
20160412,0.7,0.85,0.7,0.85,20,0
20160413,0.75,0.75,0.73,0.73,4840,0
20160418,0.811,0.873,0.81,0.81,3250,0
20160419,0.8,0.81,0.75,0.75,3000,0
20160420,0.75,0.82,0.75,0.82,500,0
20160422,0.755,0.755,0.755,0.755,975,0
20160425,0.72,0.721,0.72,0.721,100,0
20160429,0.735,0.799,0.735,0.77,5242,0
20160502,0.7,0.7,0.7,0.7,350,0
20160503,0.595,0.752,0.595,0.752,10,0
20160504,0.639,0.769,0.639,0.769,200,0
20160505,0.654,0.769,0.654,0.769,20,0
20160509,0.671,0.671,0.671,0.671,150,0
20160510,0.75,0.82,0.75,0.75,1750,0
20160511,0.7,0.799,0.7,0.799,37,0
20160512,0.7,0.72,0.7,0.72,72,0
20160513,0.7,0.733,0.7,0.733,394,0
20160517,0.7,0.8,0.7,0.8,550,0
20160518,0.68,0.712,0.68,0.712,1400,0
20160519,0.76,0.799,0.76,0.761,1310,0
20160523,0.677,0.677,0.677,0.677,700,0
20160524,0.66,0.72,0.66,0.72,50,0
20160530,0.65,0.681,0.65,0.681,1469,0
20160531,0.65,0.779,0.65,0.742,1400,0
20160601,0.65,0.681,0.65,0.681,850,0
20160602,0.713,0.759,0.713,0.759,1652,0
20160607,0.733,0.733,0.733,0.733,130,0
20160608,0.7,0.701,0.7,0.701,50,0
20160609,0.7,0.758,0.7,0.744,325,0
20160610,0.7,0.7,0.651,0.651,25,0
20160613,0.65,0.759,0.65,0.653,170,0
20160614,0.65,0.759,0.65,0.759,500,0
20160615,0.651,0.682,0.651,0.682,1797,0
20160616,0.65,0.651,0.65,0.651,350,0
20160617,0.65,0.73,0.65,0.73,250,0
20160620,0.65,0.682,0.65,0.682,1441,0
20160621,0.69,0.747,0.69,0.747,50,0
20160622,0.712,0.712,0.712,0.712,580,0
20160628,0.65,0.73,0.65,0.73,20,0
20160629,0.65,0.72,0.65,0.72,20,0
20160630,0.68,0.7,0.68,0.7,30,0
20160704,0.68,0.7,0.68,0.68,1260,0
20160705,0.578,0.65,0.578,0.65,440,0
20160706,0.553,0.606,0.553,0.606,1300,0
20160707,0.55,0.55,0.55,0.55,3000,0
20160708,0.51,0.67,0.51,0.67,3751,0
20160711,0.57,0.721,0.57,0.641,2011,0
20160714,0.65,0.681,0.65,0.681,1469,0
20160715,0.65,0.681,0.65,0.681,750,0
20160718,0.65,0.651,0.65,0.651,1050,0
20160719,0.682,0.682,0.682,0.682,730,0
20160720,0.714,0.714,0.607,0.607,1775,0
20160721,0.59,0.783,0.59,0.746,4435,0
20160725,0.63,0.64,0.63,0.64,260,0
20160727,0.59,0.746,0.59,0.746,80,0
20160728,0.634,0.747,0.591,0.747,1625,0
20160801,0.54,0.683,0.54,0.683,90,0
20160802,0.7,0.829,0.7,0.829,100,0
20160803,0.79,0.81,0.79,0.81,1841,0
20160808,1,1,0.8,0.8,9776,0
20160809,0.838,0.838,0.838,0.838,100,0
20160810,0.798,0.798,0.798,0.798,1,0
20160811,0.71,0.711,0.71,0.711,390,0
20160815,0.744,0.744,0.744,0.744,1000,0
20160816,0.71,0.898,0.71,0.898,557,0
20160819,0.71,0.889,0.71,0.889,50,0
20160822,0.756,0.791,0.756,0.791,1000,0
20160823,0.71,0.889,0.71,0.889,250,0
20160824,0.756,0.85,0.756,0.85,542,0
20160826,0.74,0.81,0.74,0.81,56,0
20160829,0.74,0.741,0.74,0.741,1000,0
20160906,0.74,0.775,0.74,0.775,500,0
20160909,0.74,0.8,0.74,0.8,32,0
20160913,0.741,0.741,0.741,0.741,250,0
20160914,0.75,0.751,0.75,0.751,75,0
20160920,0.83,0.831,0.83,0.831,330,0
20160923,0.83,0.83,0.83,0.83,1350,0
20160926,0.71,0.712,0.71,0.71,2300,0
20160928,0.713,0.889,0.713,0.756,200,0
20160929,0.713,0.73,0.713,0.73,1099,0
20161005,0.601,0.76,0.601,0.646,2485,0
20161006,0.6,0.629,0.6,0.629,1400,0
20161007,0.658,0.659,0.658,0.659,210,0
20161010,0.689,0.689,0.689,0.689,726,0
20161013,0.702,0.888,0.702,0.755,2099,0
20161017,0.63,0.631,0.63,0.631,500,0
20161019,0.635,0.759,0.635,0.759,100,0
20161020,0.645,0.89,0.645,0.89,950,0
20161021,0.757,0.969,0.757,0.824,3750,0
20161024,0.7,1,0.7,0.953,4660,0
20161025,0.81,0.87,0.636,0.636,960,0
20161026,0.665,0.665,0.665,0.665,750,0
20161027,0.67,0.847,0.67,0.72,810,0
20161031,0.702,0.702,0.702,0.702,1400,0
20161101,0.63,0.72,0.63,0.72,50,0
20161102,0.63,0.798,0.63,0.797,700,0
20161103,0.678,0.678,0.646,0.646,225,0
20161104,0.63,0.796,0.63,0.796,40,0
20161107,0.75,0.75,0.75,0.75,6800,0
20161108,0.67,0.85,0.67,0.85,500,0
20161109,0.723,0.85,0.723,0.81,505,0
20161110,0.849,0.849,0.849,0.849,1100,0
20161114,0.67,0.847,0.67,0.847,100,0
20161116,0.67,0.96,0.67,0.96,4084,0
20161118,0.71,0.744,0.71,0.744,1200,0
20161123,0.71,0.744,0.71,0.744,1495,0
20161201,0.604,0.764,0.604,0.764,2618,0
20161202,0.69,0.723,0.69,0.723,1384,0
20161205,0.757,0.76,0.757,0.76,550,0
20161206,0.69,0.872,0.69,0.741,1220,0
20161207,0.776,1.12,0.776,1.12,1828,0
20161208,0.952,0.952,0.85,0.85,1200,0
20161209,0.9,1.3,0.9,0.9,2550,0
20161214,0.79,0.999,0.79,0.999,100,0
20161215,0.849,1.073,0.849,1.073,50,0
20161216,1.022,1.022,0.974,0.974,1420,0
20161219,0.828,1.047,0.828,1.046,164,0
20161220,0.95,1,0.95,0.953,2068,0
20161222,0.95,1.1,0.95,1.048,1305,0
20161223,0.95,1.201,0.95,1.021,7550,0
20161227,0.95,1.201,0.95,1.201,25,0
20161228,1.144,1.144,1.144,1.144,438,0
20161229,0.972,1,0.972,1,5603,0
20170102,1.048,1.048,1.048,1.048,470,0
20170104,1,1.01,1,1.01,350,0
20170105,1,1.16,1,1.16,30,0
20170106,1,1.1,1,1,3000,0
20170110,0.93,1.15,0.93,1.15,20,0
20170111,1.096,1.096,1.096,1.096,51,0
20170113,0.95,0.95,0.95,0.95,2000,0
20170116,0.91,1.02,0.91,1.02,100,0
20170123,0.953,0.953,0.953,0.953,1050,0
20170124,0.997,0.997,0.997,0.997,1004,0
20170126,1.02,1.021,1.02,1.021,300,0
20170127,1.02,1.021,1.02,1.021,200,0
20170130,1.02,1.154,1.02,1.021,1552,0
20170131,1.02,1.154,1.02,1.15,1604,0
20170201,1.15,1.151,1.15,1.151,525,0
20170202,1.16,1.161,1.16,1.161,575,0
20170207,1.16,1.199,1.16,1.199,3572,0
20170210,1.11,1.11,1.06,1.11,7000,0
20170215,1.06,1.6,1.06,1.6,325,0
20170216,1.36,1.589,1.36,1.589,100,0
20170217,1.514,1.514,1.442,1.442,886,0
20170221,1.061,1.121,1.061,1.121,6600,0
20170224,1.06,1.34,1.06,1.34,160,0
20170227,1.139,1.139,1.061,1.111,460,0
20170303,1.07,1.354,1.07,1.354,430,0
20170306,1.348,1.348,1.348,1.348,19,0
20170307,1.348,1.348,1.348,1.348,100,0
20170310,1.07,1.071,1.07,1.071,200,0
20170313,1.08,1.4,1.08,1.08,1966,0
20170315,1.07,1.354,1.07,1.151,2127,0
20170317,1.1,1.391,1.1,1.325,240,0
20170320,1.126,1.389,1.126,1.181,620,0
20170321,1.13,1.13,1.07,1.07,4711,0
20170322,1.07,1.353,1.07,1.15,770,0
