Date,Open,High,Low,Close,Volume,OpenInt
20070706,28.7714,30.4018,27.1506,30.21,1185238,0
20070709,30.769,36.6773,30.6923,35.44,463126,0
20070710,37.0133,39.862,33.1192,33.57,784659,0
20070711,32.9769,36.3916,32.6124,35.49,215703,0
20070712,36.445,37.7686,35.86,35.86,132106,0
20070713,36.368,36.4447,33.8073,35.15,70068,0
20070716,35.6993,35.9679,33.57,33.57,126154,0
20070717,33.477,33.5729,32.6137,32.7,189007,0
20070718,32.1295,32.1295,30.7964,31.65,87270,0
20070719,31.548,33.0443,31.548,31.97,91431,0
20070720,32.6096,32.7534,31.6504,32.13,38890,0
20070723,31.6501,32.6092,31.065,32.59,37953,0
20070724,32.1349,32.2308,31.1757,31.78,44410,0
20070725,31.9368,31.9368,30.5941,30.69,61831,0
20070726,30.69,31.1887,30.3064,30.69,29717,0
20070727,29.5382,30.4972,27.3324,29.73,59331,0
20070730,29.729,29.729,27.811,28.77,56934,0
20070731,29.1569,29.5118,28.5335,28.85,61515,0
20070801,28.7125,28.77,27.9548,28.77,9593,0
20070802,28.7239,28.7239,27.9758,28.58,11052,0
20070803,28.4819,28.7696,28.1942,28.76,9593,0
20070806,28.5453,28.7755,28.0945,28.2,25021,0
20070807,28.4824,28.4824,27.9261,28.07,3233,0
20070808,28.1063,28.9792,27.9336,28.96,25436,0
20070809,29.4797,29.5276,28.1275,28.77,8238,0
20070810,29.1609,29.1609,27.1945,27.77,22831,0
20070813,27.1445,28.4873,27.1445,27.72,6255,0
20070814,26.9482,27.7154,26.8523,27.14,9697,0
20070815,27.1474,27.1474,25.9004,26.38,48787,0
20070816,25.8992,25.8992,23.8848,24.94,91844,0
20070817,23.3048,24.916,23.0171,24.12,68297,0
20070820,24.5723,25.8959,24.5723,25.8,51298,0
20070821,25.8961,25.8961,25.0329,25.57,11052,0
20070822,25.4173,25.6188,24.2376,25.12,25856,0
20070823,25.8921,26.1797,25.614,25.94,29094,0
20070824,26.1878,26.1878,25.9,25.9,70263,0
20070827,26.1839,26.1839,25.3111,26.04,14180,0
20070828,26.3656,26.3752,25.4641,25.56,111459,0
20070829,25.0935,25.8992,24.5659,24.94,24082,0
20070830,25.0286,26.0068,25.0286,25.23,27843,0
20070831,25.6971,26.57,25.6971,26.57,38469,0
20070903,27.0438,31.1579,26.5643,28.77,47445,0
20070904,29.2971,29.2971,27.4271,28.06,52138,0
20070905,28.5741,28.7755,28.2959,28.67,29817,0
20070906,28.77,28.77,28.3289,28.77,14181,0
20070907,28.7774,28.7774,27.0987,28.01,15742,0
20070910,27.8125,28.7236,26.3739,27.87,6152,0
20070911,27.4531,28.1821,26.5226,27.29,1877,0
20070912,26.852,29.7194,26.852,28.77,13869,0
20070913,28.77,28.933,27.7439,28.77,9281,0
20070914,28.7695,28.7695,28.29,28.29,4692,0
20070917,28.4335,28.75,27.8102,28.75,2294,0
20070918,28.2927,28.6284,26.95,26.95,4066,0
20070919,27.8193,28.4908,25.9007,26.86,33150,0
20070920,27.0923,27.5239,26.21,27.38,2711,0
20070921,27.8181,28.48,26.2354,28.48,10529,0
20070924,27.9596,28.2857,27.6239,27.95,5213,0
20070925,27.6206,27.6206,27.4,27.4,9071,0
20070926,27.2345,27.6758,26.8699,27.34,13864,0
20070927,27.3378,27.3378,26.8677,27.05,7193,0
20070928,26.9541,27.05,26.3785,27.05,8027,0
20071001,26.8696,27.4644,26.39,26.39,5942,0
20071002,26.0696,27.2398,25.8586,27,16264,0
20071003,28.2986,30.6968,27.0515,30.15,148446,0
20071004,31.0933,31.64,28.7819,31.64,31906,0
20071005,31.6405,32.12,30.691,32.12,41393,0
20071008,32.6096,33.0891,31.6697,32.6,29298,0
20071009,32.6105,33.56,32.3227,33.56,31070,0
20071010,33.5573,36.9139,33.5573,34.43,67045,0
20071011,35.4725,38.2735,35.0121,37.65,63488,0
20071012,37.4045,37.4045,34.5656,35.87,48692,0
20071015,35.9582,35.9677,35.4882,35.68,31799,0
20071016,35.9563,36.4167,35.4864,35.87,24919,0
20071017,36.4443,37.4034,35.4949,36.78,43584,0
20071018,37.3908,37.41,36.4508,37.41,41179,0
20071019,38.3684,38.848,36.45,36.45,75896,0
20071022,34.6251,36.3899,32.6109,34.98,39410,0
20071023,35.6335,37.3888,35.6335,37.36,27419,0
20071024,36.6806,37.4096,36.3545,36.93,10842,0
20071025,36.9312,36.96,36.7298,36.96,23664,0
20071026,37.4075,37.4075,36.4484,36.88,4483,0
20071029,36.2002,37.38,36.0179,37.38,39199,0
20071030,37.3808,37.3808,36.4504,36.93,16784,0
20071031,36.2527,37.1063,36.2527,37.02,16057,0
20071101,37.4,37.4096,36.0571,36.93,20642,0
20071102,35.9712,37.41,35.0311,37.41,17931,0
20071105,36.4482,37.2155,34.6162,36.64,16785,0
20071106,36.5441,37.8773,36.4482,37.58,24605,0
20071107,37.8736,39.293,37.4133,39.13,93841,0
20071108,38.1778,38.3696,36.4511,37.89,39302,0
20071109,38.3688,38.3688,35.9228,36.93,26584,0
20071112,36.2763,36.9286,34.6457,35.72,19496,0
20071113,35.7372,35.7852,31.6609,33.09,34406,0
20071114,33.581,35.3363,32.43,32.43,10843,0
20071115,33.3786,33.9541,32.6784,33.58,5734,0
20071116,35.4777,35.4777,33.3964,34.72,22208,0
20071119,34.844,34.844,33.5684,34,13137,0
20071120,32.657,34.3355,31.0362,31.65,18142,0
20071121,29.7339,31.6522,28.9665,29.59,20018,0
20071122,30.689,31.1685,29.3752,29.73,8029,0
20071123,30.0289,30.94,29.8562,30.94,9175,0
20071126,31.1049,31.7955,30.9035,31.22,23667,0
20071127,30.5041,31.2715,29.0172,30.6,43889,0
20071128,31.0473,31.3638,30.2129,30.28,5630,0
20071129,29.8364,30.7571,29.4816,30.69,21896,0
20071130,30.6922,34.03,29.5892,34.03,30653,0
20071203,35.7125,38.3696,33.1034,37.89,44410,0
20071204,35.4896,35.4896,33.5712,35.01,18975,0
20071205,35.01,35.3361,34.7222,35.01,19079,0
20071206,35.0104,35.49,34.8186,35.49,9487,0
20071207,35.4804,35.49,35.3941,35.49,14491,0
20071210,35.0092,35.4888,34.99,34.99,4275,0
20071211,35.4861,35.7259,35.4861,35.63,1564,0
20071212,35.1155,35.4704,34.7222,35.01,2294,0
20071213,35.0087,35.0087,33.57,33.57,3753,0
20071214,33.9057,33.9057,33.2055,33.57,2815,0
20071217,33.5914,34.0422,33.1118,33.86,417,0
20071218,33.5683,33.5683,31.0267,33.06,19393,0
20071219,32.5425,33.3961,31.1709,32.6,6881,0
20071220,32.6137,32.6137,32.1724,32.23,3232,0
20071221,32.6109,33.57,32.5245,33.57,11781,0
20071227,33.188,33.5716,32.6124,32.67,20747,0
20071228,32.5974,32.5974,31.6,31.6,2398,0
20080102,31.8431,33.09,31.6033,33.09,1981,0
20080103,32.602,32.602,32.18,32.18,1043,0
20080104,31.6975,32.2729,31.17,31.17,3962,0
20080107,31.1766,32.1263,30.9368,32.04,8548,0
20080108,31.6537,32.7472,30.9631,31.27,12198,0
20080109,31.6495,31.6495,30.6904,30.7,4171,0
20080110,30.2492,31.4673,30.2301,30.7,3545,0
20080111,30.2082,30.4959,30.2082,30.4,4067,0
20080114,29.7339,30.3094,29.4461,29.59,9487,0
20080115,29.6657,29.8767,29.4451,29.8,7820,0
20080116,29.3502,29.3502,26.4248,28.65,16473,0
20080117,28.2905,29.6331,27.811,28.77,21689,0
20080118,28.2513,28.7502,27.34,27.34,14490,0
20080121,26.8581,26.8676,23.261,23.99,20850,0
20080122,22.8247,26.8526,21.0985,25.51,23149,0
20080123,25.3908,25.9856,23.741,24.94,10321,0
20080124,25.7966,25.95,24.8376,25.95,19187,0
20080125,26.8459,26.8554,25.4647,25.81,22729,0
20080128,26.3746,26.8253,23.3055,25.31,27527,0
20080129,24.864,25.9,24.864,25.9,6463,0
20080130,25.9,25.9,25.8041,25.9,1876,0
20080131,25.9959,26.3796,25.6122,25.9,2189,0
20080201,26.3697,26.3792,24.4608,25.42,18452,0
20080204,26.0919,26.0919,25.6314,25.9,12301,0
20080205,25.6612,26.0929,24.04,24.04,14907,0
20080206,24.0393,24.941,24.0393,24.73,2398,0
20080207,24.7244,24.7244,24.0723,24.36,1460,0
20080208,24.2833,24.8395,24.0435,24.36,5735,0
20080211,23.9992,24.9392,23.5004,23.51,13032,0
20080212,23.8782,24.933,23.8302,24.77,9281,0
20080213,24.7074,24.928,24.3621,24.88,1355,0
20080214,25.19,25.708,24.5857,25.19,5629,0
20080215,24.6684,24.6684,24.1888,24.63,417,0
20080218,24.0226,25.1254,24.0226,24.55,11783,0
20080219,24.2175,24.6012,23.7859,24.16,22312,0
20080220,24.1729,24.1729,23.3,23.3,4274,0
20080221,23.1188,23.3106,22.783,23.09,13760,0
20080222,23.0159,23.0159,22.1049,22.92,6048,0
20080225,22.8284,23.7396,22.2529,23.26,23562,0
20080226,23.02,23.4996,22.2335,23.02,30652,0
20080227,23.5008,24.9396,23.5008,23.99,78919,0
20080228,24.6025,25.8781,24.0845,25.13,23145,0
20080229,24.9422,25.6137,24.9422,25.23,54518,0
20080303,24.9836,25.8371,24.9356,25.77,35451,0
20080304,25.5984,26.3561,25.3298,25.56,50047,0
20080305,25.9349,26.9516,25.9349,26.52,63182,0
20080306,26.8454,26.8454,25.8,25.8,27734,0
20080307,25.3224,25.898,23.5,25.85,25647,0
20080310,25.4619,25.8934,24.57,24.57,5526,0
20080311,24.9404,25.89,24.9404,25.42,37634,0
20080312,25.4204,26.0439,25.4204,25.9,63695,0
20080313,25.5139,25.7729,24.171,25.37,28462,0
20080314,24.9347,25.5581,24.9347,25.28,9176,0
20080317,24.2202,25.2753,24.2202,24.93,2294,0
20080318,24.9408,25.2286,24.5571,24.96,3961,0
20080319,24.3725,25.1494,24.3533,24.9,21790,0
20080320,24.6523,24.6523,23.7026,24.47,26375,0
20080325,25.4073,25.58,24.4578,25.11,15535,0
20080326,24.9377,24.9377,24.4582,24.65,8862,0
20080327,24.5581,24.8267,24.2224,24.75,29292,0
20080328,24.4577,24.9373,24.17,24.17,25857,0
20080331,24.9421,24.9421,24.3857,24.52,12822,0
20080401,24.4475,24.4571,23.546,24.39,12407,0
20080402,24.6998,24.8437,24.1914,24.46,17306,0
20080403,24.8149,24.9396,24.46,24.46,5630,0
20080404,24.6516,24.9394,24.22,24.22,11051,0
20080407,24.3594,25.8939,24.3594,25.75,15849,0
20080408,25.6557,25.7036,24.7925,25.32,8758,0
20080409,25.3259,25.4219,25.182,25.23,16574,0
20080410,24.9861,25.1971,24.9478,25.13,834,0
20080411,24.94,24.94,24.5755,24.94,14282,0
20080414,24.9256,24.9256,24.12,24.12,3232,0
20080415,24.0743,24.6881,24.0743,24.41,1877,0
20080416,24.0841,24.65,24.0745,24.65,4275,0
20080417,24.3582,24.9336,24.1664,24.55,54954,0
20080418,25.415,25.415,24.5231,24.83,13868,0
20080421,24.9352,26.3354,23.9186,24.12,30968,0
20080422,24.2144,24.55,23.9746,24.55,10741,0
20080423,24.3646,25.3527,23.7603,25.18,38781,0
20080424,25.2745,25.3512,24.5743,24.91,7715,0
20080425,25.1512,25.18,24.7867,25.18,8027,0
20080428,25.4198,25.4198,24.9402,25.18,17722,0
20080429,25.1298,26.3671,24.8421,25.36,32946,0
20080430,25.5065,26.6576,25.4202,26.13,37112,0
20080502,25.8449,26.0847,25.6723,25.96,13869,0
20080505,25.8863,25.9439,25.6082,25.8,8237,0
20080506,25.7996,25.8475,25.4447,25.79,15014,0
20080507,25.4565,25.7922,25.1784,25.61,26690,0
20080508,25.3242,26.5521,25.2859,26.13,51394,0
20080509,25.7485,26.3526,25.6238,26.18,17936,0
20080512,26.1795,26.1795,25.7,25.7,4171,0
20080513,26.0841,26.4677,25.7005,26.18,28989,0
20080514,25.9461,26.3586,25.4378,26.09,45142,0
20080515,25.895,27.8036,25.895,26.95,107291,0
20080516,26.9066,28.71,26.9066,28.71,25645,0
20080519,28.9426,29.1536,28.0987,28.77,11262,0
20080520,28.7221,28.7509,27.3891,28.07,24296,0
20080521,28.0922,28.0922,27.5743,27.91,23564,0
20080522,27.8133,27.89,27.6694,27.89,10322,0
20080523,27.8184,28.1637,27.5498,27.78,13448,0
20080526,27.6255,27.6255,26.9061,27.52,5004,0
20080527,27.1194,27.5223,26.9083,27.34,20119,0
20080528,27.3326,27.6203,27.0641,27.16,9176,0
20080529,27.3371,28.0086,27.3371,27.74,13761,0
20080530,27.8128,28.7718,27.7744,28.58,34826,0
20080602,28.77,29.3646,28.2905,28.77,46298,0
20080603,28.6751,30.1616,28.5024,29.73,60686,0
20080604,30.2176,30.2176,29.2583,29.69,27312,0
20080605,29.73,30.1903,29.0874,29.73,41604,0
20080606,29.7303,30.5839,28.5795,29.27,27110,0
20080609,29.4,30.6949,29.4,29.87,45975,0
20080610,29.496,29.7262,27.8173,27.99,43160,0
20080611,28.1205,28.5809,26.7586,27.43,28152,0
20080612,26.8623,28.2912,26.4691,27.15,17414,0
20080613,26.9458,27.8188,26.8595,27.79,8027,0
20080616,27.3493,28.1263,27.3493,28.04,30856,0
20080617,28.0995,28.0995,27.3419,27.62,8655,0
20080618,27.5665,27.72,27.2116,27.72,7924,0
20080619,27.5232,27.7054,26.5834,27.13,13034,0
20080620,27.1002,27.8196,26.6685,27.34,12822,0
20080623,25.9767,26.8593,25.8041,25.9,32734,0
20080624,25.8033,25.976,24.2494,24.94,38051,0
20080625,24.9384,25.1206,24.8041,24.9,51607,0
20080626,24.8546,24.9409,23.7322,24.02,30961,0
20080627,23.7114,24.1718,23.2606,23.98,30129,0
20080630,23.979,24.4106,23.768,24.19,61616,0
20080701,24.318,24.5578,23.6081,24.27,31794,0
20080702,24.3007,26.631,24.2911,24.55,17623,0
20080703,24.5492,25.2492,24.4533,24.53,18770,0
20080704,24.6229,25.0737,23.0306,24.22,62135,0
20080707,24.5719,25.2624,23.9772,24.85,13659,0
20080708,24.4532,24.9806,23.9737,24.06,38063,0
20080709,24.4316,25.0167,23.2709,24.94,17514,0
20080710,24.1437,24.7,23.9902,24.7,8236,0
20080711,24.3339,24.6504,23.72,23.72,25022,0
20080714,23.5946,24.4386,20.6309,22.06,86328,0
20080715,21.5846,22.0547,19.9538,20.75,47638,0
20080716,20.7172,22.1367,20.7172,22.06,15222,0
20080717,22.0639,23.6563,22.0639,23.57,5525,0
20080718,23.1788,24.4063,23.1788,24.32,15329,0
20080721,24.1818,24.46,23.9324,24.46,9487,0
20080722,24.7945,24.7945,23.4996,23.96,22207,0
20080723,23.9628,24.87,23.654,24.87,13160,0
20080724,23.9296,24.5858,22.8104,23.37,19277,0
20080725,23.0249,23.4881,23.0249,23.16,3834,0
20080728,23.1593,24.3944,23.1593,23.69,3109,0
20080818,23.1612,23.5183,23.1612,23.47,414,0
20080819,23.1351,23.2894,22.7202,23,3317,0
20080820,23.3312,23.7075,23.1576,23.64,2280,0
20080821,23.9759,23.9759,23.5225,23.59,2280,0
20080822,23.7226,23.7322,23.1534,23.52,933,0
20080825,23.779,24.7055,23.779,24.58,2072,0
20080826,24.2068,24.6989,23.7341,24.12,27778,0
20080827,24.12,24.3612,23.6376,24.12,19071,0
20080828,24.1331,24.8182,23.641,24.77,6943,0
20080829,24.1779,24.7375,23.6376,24.12,13474,0
20080901,23.7648,24.363,23.7648,24.17,1658,0
20080902,24.1296,24.2551,24.0814,24.12,7670,0
20080903,23.8776,24.36,23.54,24.36,2799,0
20080904,24.012,24.62,23.6452,24.62,2280,0
20080905,23.5439,23.5921,22.4053,23.1,23422,0
20080908,23.8645,23.8645,22.8512,23.16,2798,0
20080909,23.1018,23.3333,22.6096,23.15,13783,0
20080910,22.8149,22.9597,22.4868,22.95,2176,0
20080911,22.6112,22.9972,22.6112,22.92,9326,0
20080912,22.9151,23.108,22.6739,22.78,16998,0
20080915,22.4848,22.9287,22.2917,22.34,6736,0
20080916,21.997,22.19,20.7428,22.19,10676,0
20080917,22.1491,22.1877,21.2805,21.57,6321,0
20080918,20.9913,21.7248,20.4122,20.75,6942,0
20080919,21.2299,22.6291,20.9115,22.33,30363,0
20080922,22.195,22.195,21.2204,21.23,11192,0
20080923,20.7487,21.1058,20.411,20.99,8393,0
20080924,20.75,20.8948,20.0262,20.75,11501,0
20080925,20.3129,20.3129,18.8461,19.29,22798,0
20080926,19.2892,19.2892,16.983,17.34,28810,0
20080929,17.2753,17.2753,13.6176,14.38,67869,0
20080930,13.0278,14.0894,11.0399,13.52,114919,0
20081001,13.7047,13.7047,11.9385,12.45,45694,0
20081002,12.8161,13.8391,11.0018,11.88,48805,0
20081003,11.8205,12.5442,11.2802,12.11,23525,0
20081006,11.5761,11.5761,9.3091,9.83,37733,0
20081007,9.9355,10.5143,9.1734,9.54,62098,0
20081008,9.249,9.5384,7.812,8.68,42097,0
20081009,8.68,10.0302,8.41,8.68,80772,0
20081010,8.4079,9.6918,7.8673,8.35,28074,0
20081013,9.2664,11.4479,9.2664,11.39,16783,0
20081014,11.8659,12.5412,9.84,9.84,31098,0
20081015,10.1321,10.6339,9.1961,9.64,25804,0
20081016,9.1724,9.1724,8.0621,8.12,102018,0
20081017,8.4991,8.5955,7.5344,8.2,73909,0
20081020,8.6835,9.5326,8.587,8.78,109241,0
20081021,9.1621,9.8372,8.9596,9.22,84402,0
20081022,9.3233,9.3233,8.638,8.86,108792,0
20081023,8.8247,8.8247,8.6028,8.68,94147,0
20081024,8.6853,8.7239,7.8168,8.28,78028,0
20081027,8.5898,8.5898,7.7791,8.03,24141,0
20081028,8.2051,8.9002,7.8383,8.07,52729,0
20081029,8.7652,9.1706,8.688,8.91,22790,0
20081030,9.172,11.0913,9.172,9.77,97464,0
20081031,10.184,10.5025,8.9773,9.46,120584,0
20081103,9.5509,10.2745,9.5509,9.85,97332,0
20081104,9.9979,10.133,9.6891,9.94,67561,0
20081105,10.1423,10.2388,9.737,9.93,69118,0
20081106,9.459,9.5169,9.0536,9.43,13780,0
20081107,9.9366,9.9366,9.1648,9.57,6945,0
20081110,9.8411,10.8349,9.8411,10.42,52134,0
20081111,10.2903,10.5895,9.9524,10.02,31181,0
20081112,9.9368,10.3324,9.6474,9.85,24981,0
20081113,9.6728,9.9045,9.6535,9.75,34185,0
20081114,9.7649,10.3342,9.7553,9.9,11504,0
20081117,9.7856,10.2199,9.7856,9.94,9326,0
20081118,10.0437,10.0437,9.6674,9.87,9950,0
20081119,10.0336,10.0336,9.31,9.31,7981,0
20081120,9.4652,9.4652,8.8574,9.06,31300,0
20081121,9.0246,9.4493,9.0246,9.43,22068,0
20081124,9.8396,9.9072,9.6467,9.83,25916,0
20081125,10.1335,10.4037,10.0273,10.23,20516,0
20081126,10.2314,10.7044,10.1349,10.27,16162,0
20081127,10.3668,11.39,10.3668,11.39,10567,0
20081128,11.5537,11.7757,10.7139,11.1,20824,0
20081201,11.102,11.1792,10.3207,10.34,37323,0
20081202,10.61,10.61,10.3206,10.61,13270,0
20081203,10.7547,10.7547,10.61,10.61,27474,0
20081204,10.6093,10.754,10.4453,10.59,7465,0
20081205,10.6146,11.0005,10.547,10.74,16270,0
20081208,10.7098,10.9993,10.6616,10.98,7670,0
20081209,10.7626,11.8533,10.7529,11.39,7977,0
20081210,11.5764,11.8465,11.3255,11.75,12128,0
20081211,12.0579,12.0579,10.9004,10.91,12440,0
20081212,10.9511,11.3852,10.1309,10.98,8291,0
20081215,11.0782,11.58,11.001,11.58,10052,0
20081216,11.7201,12.8487,11.6429,12.54,51005,0
20081217,13.5029,13.5029,12.4123,13.03,17199,0
20081218,13.0304,13.4841,13.0304,13.32,5905,0
20081219,13.4421,13.5,13.0272,13.5,16373,0
20081222,13.938,13.938,13.1181,13.34,19180,0
20081223,13.6544,13.6544,13.2588,13.5,5596,0
20081229,13.9921,13.9921,13.2684,13.5,15544,0
20081230,13.5327,13.6099,13.2528,13.33,11189,0
20090102,13.3226,14.0847,13.0235,13.12,13268,0
20090105,13.5117,14.1198,13.0485,13.56,24556,0
20090106,13.6292,14.0057,13.33,13.33,13675,0
20090107,13.2004,13.5091,13.0846,13.21,20934,0
20090108,13.0821,13.1785,11.3841,11.77,34620,0
20090109,11.9411,11.9411,9.7419,10.61,24882,0
20090112,10.4698,10.4891,10.1321,10.19,6114,0
20090113,10.2272,10.6131,10.15,10.15,7048,0
20090114,10.28,10.5117,10.28,10.28,6527,0
20090115,10.1426,10.5576,10.1426,10.49,2694,0
20090116,10.4264,11.034,10.4264,10.6,6947,0
20090119,10.9157,11.1859,10.4814,10.52,5699,0
20090120,10.306,11.2323,10.306,10.47,4042,0
20090121,10.8029,10.8029,10.2917,10.61,3732,0
20090122,10.8043,11.1902,10.5246,10.65,1037,0
20090123,10.9975,11.5667,10.6599,10.93,4768,0
20090126,10.9355,11.1864,10.81,10.81,1347,0
20090127,10.8029,10.8029,10.2821,10.61,1970,0
20090128,10.463,11.4861,10.463,11.1,5802,0
20090129,11.1079,11.436,10.5675,11.05,14403,0
20090130,11.0354,11.0354,10.2926,10.91,4250,0
20090202,11.0627,11.0627,9.9149,10.32,7672,0
20090203,10.3754,11.4854,10.3754,11.08,29218,0
20090204,10.807,11.2895,10.6333,11,11400,0
20090205,11.1593,11.1593,10.8311,11.14,518,0
20090206,11.1,11.1,10.907,11.1,518,0
20090209,11.1694,11.1694,10.4653,10.61,3421,0
20090210,10.6104,11.083,10.6104,10.62,8501,0
20090211,10.807,11.4342,10.5272,11,9016,0
20090212,10.5548,10.96,10.5548,10.96,4042,0
20090213,10.6099,11.0922,10.6099,10.88,8087,0
20090216,10.6728,10.75,10.6535,10.75,3109,0
20090217,10.6521,10.8065,10.6521,10.71,933,0
20090218,10.7148,10.8113,10.3866,10.57,14503,0
20090219,10.5142,10.9869,10.5142,10.63,4976,0
20090220,10.5714,10.61,10.4653,10.61,5598,0
20090223,10.6511,10.68,10.5256,10.68,2384,0
20090224,10.6486,10.7065,10.5135,10.61,2696,0
20090225,10.811,10.811,10.2415,10.56,5802,0
20090226,10.6096,10.6096,10.2335,10.6,5288,0
20090227,10.5204,10.81,10.4722,10.81,6942,0
20090302,10.4689,10.5654,8.5392,9.89,20728,0
20090303,10.2695,10.2695,9.4104,9.7,21551,0
20090304,9.937,10.8439,9.937,10.13,4975,0
20090305,10.13,10.13,10.13,10.13,104,0
20090306,10.3779,10.3779,10.04,10.04,3418,0
20090310,10.3297,10.3297,10.0883,10.32,1036,0
20090311,10.3007,10.3296,10.04,10.04,13363,0
20090313,10.0383,10.0383,9.1792,9.99,17095,0
20090316,10.0393,10.0876,9.8655,10.02,5076,0
20090317,9.9897,9.9897,9.9607,9.98,207,0
20090318,10.0286,10.0769,9.8452,9.99,11189,0
20090319,10.04,10.1365,9.8566,10.04,6837,0
20090320,10.1282,10.2729,9.9353,10.08,12648,0
20090323,10.1271,10.32,9.9342,10.32,8295,0
20090324,10.2463,10.42,10.2463,10.42,933,0
20090325,10.2145,10.8029,10.2145,10.61,6946,0
20090326,10.3296,10.6192,10.04,10.04,16781,0
20090327,10.0584,10.2804,9.0738,9.18,17197,0
20090330,9.4969,9.6513,9.0915,9.41,5284,0
20090331,9.7909,11.45,9.5015,11.45,27368,0
20090401,10.8495,11.7278,10.8495,11.39,16369,0
20090402,11.458,12.0179,11.458,11.68,6423,0
20090403,11.3241,11.3434,10.6007,10.62,16277,0
20090406,10.9051,11.0981,10.7603,10.77,3005,0
20090407,10.9006,11.19,10.8813,11.19,1451,0
20090408,10.83,11.1003,10.83,10.83,622,0
20090409,10.3761,11.1386,10.3761,11.1,17820,0
20090414,11.0934,11.46,10.7365,11.46,18660,0
20090415,11.2469,11.9993,11.2083,11.98,7983,0
20090416,12.0105,12.0105,11.3834,11.75,4872,0
20090417,11.7594,12.3768,11.6533,12.29,12750,0
20090420,12.3673,12.3673,11.8464,12.02,8500,0
20090421,12.5333,12.5623,12.3018,12.35,1347,0
20090422,12.3732,12.962,12.1706,12.74,18028,0
20090423,12.9307,13.5096,12.8342,13.5,16373,0
20090424,13.4973,13.97,13.2754,13.97,8499,0
20090427,14.9552,15.92,14.2798,15.92,23112,0
20090428,15.5487,15.8769,14.6705,14.96,14816,0
20090429,14.9565,14.9565,14.7635,14.86,10156,0
20090430,15.0764,16.2154,15.0764,15.81,20307,0
20090504,16.013,16.013,15.4628,15.54,27662,0
20090505,15.7732,15.7732,12.58,12.58,52658,0
20090506,13.0803,14.7974,13.0224,14.18,40223,0
20090507,14.0855,14.6644,13.989,14.51,27675,0
20090508,14.5526,14.9869,14.5526,14.9,5596,0
20090511,14.9607,14.9897,14.7194,14.98,15541,0
20090512,14.9077,15.12,14.6665,15.12,4353,0
20090513,14.9012,14.9012,14.38,14.38,9015,0
20090514,14.3732,14.759,14.2767,14.46,9123,0
20090515,15.2896,15.2896,14.2381,14.46,24776,0
20090518,14.4628,14.4628,13.4015,13.99,13059,0
20090519,14.2414,14.28,13.73,14.28,1140,0
20090520,14.4531,14.4531,13.7488,13.99,2280,0
20090521,13.9796,13.9893,13.613,13.97,7670,0
20090522,13.9578,14.2375,13.9578,14.17,1451,0
20090525,14.3729,14.3729,13.8906,14.18,4665,0
20090526,14.3317,14.4572,14.1001,14.38,13470,0
20090527,14.396,14.8205,14.2319,14.56,28605,0
20090528,14.9526,16.39,14.6825,16.39,29647,0
20090529,15.8297,15.8297,14.1609,14.73,32447,0
20090601,14.763,14.763,14.4639,14.57,7669,0
20090602,14.4857,14.5725,13.8487,14.09,27045,0
20090603,13.8017,14.2168,13.5122,13.85,24245,0
20090604,13.9816,13.9912,13.75,13.75,2695,0
20090605,13.7541,13.7541,13.59,13.59,3523,0
20090608,13.5135,13.639,13.417,13.61,7045,0
20090609,13.5101,14.398,13.4136,13.79,6321,0
20090610,14.0207,14.04,13.7988,14.04,829,0
20090611,14.0868,14.2219,13.8649,14,1244,0
20090612,14.199,14.199,13.8614,13.9,3110,0
20090615,14.1101,14.1101,13.5117,13.56,4352,0
20090616,13.473,13.6467,13.2221,13.28,2176,0
20090617,13.3206,13.5233,13.06,13.06,3626,0
20090618,13.5563,13.5563,12.5914,12.63,10675,0
20090619,12.5966,12.78,11.8437,12.78,19166,0
20090622,12.9521,12.9521,12.1607,12.18,3419,0
20090623,12.157,12.35,12.0605,12.35,2902,0
20090624,12.3886,12.6105,12.1184,12.35,2798,0
20090625,12.5251,13.0269,11.7338,12.39,15545,0
20090626,12.7397,13.4056,12.73,12.73,5388,0
20090629,12.8928,12.999,12.6033,12.97,2901,0
20090630,12.9715,13.2611,12.2187,12.46,16371,0
20090701,12.6173,12.6173,12.27,12.27,3317,0
20090702,12.7399,12.7399,12.46,12.46,2383,0
20090703,12.8364,12.8364,12.46,12.46,2383,0
20090706,12.4493,12.4686,12.43,12.43,622,0
20090707,12.3472,12.4822,12.27,12.27,3732,0
20090708,12.1768,12.1768,12.0804,12.09,725,0
20090709,12.1613,12.1613,11.92,11.92,311,0
20090710,12.0939,12.48,11.9202,12.48,3937,0
20090713,12.3,12.3,12.1553,12.3,1140,0
20090714,12.5465,12.643,12.3052,12.45,3834,0
20090715,12.5497,12.6944,12.27,12.27,10470,0
20090716,12.1565,12.3687,11.9249,12.06,4042,0
20090717,12.2339,12.8899,12.2242,12.34,4250,0
20090720,12.3086,13.5433,12.2989,13.36,49968,0
20090721,13.5033,13.5033,13.0303,13.04,10153,0
20090722,13.1905,13.1905,12.8914,12.93,16167,0
20090723,13.1091,13.1091,12.4146,12.54,14099,0
20090724,12.1667,12.7745,12.157,12.35,10986,0
20090727,12.5276,12.7785,12.3345,12.46,7253,0
20090728,12.5459,12.8837,12.5459,12.71,3627,0
20090729,12.6427,13.0287,12.44,12.44,11502,0
20090730,12.3325,12.786,12.3325,12.4,10363,0
20090731,12.5663,12.74,12.3153,12.74,10879,0
20090803,12.7744,14.0332,12.7744,13.76,20084,0
20090804,13.9917,13.9917,13.2404,13.66,19473,0
20090805,13.8854,13.8854,13.417,13.7,21829,0
20090806,13.6644,13.8206,13.03,13.03,13422,0
20090807,13.0921,13.4241,13.0921,13.18,4302,0
20090810,13.18,13.5022,13.0336,13.18,9219,0
20090811,13.4581,13.6045,13.3019,13.38,2152,0
20090812,13.3673,13.6795,13.1721,13.66,29312,0
20090813,13.7612,14.2297,13.7612,13.81,18955,0
20090814,13.9552,14.1308,13.76,13.76,22953,0
20090817,13.8238,13.9117,13.199,13.57,12599,0
20090818,13.4383,13.4383,13.3505,13.37,3689,0
20090819,13.3753,13.4241,13.18,13.18,13725,0
20090820,13.1727,13.3288,12.88,12.88,7379,0
20090821,12.8804,13.3195,12.8804,13.3,5739,0
20090824,13.3062,13.4722,13.0524,13.15,5839,0
20090825,13.1731,13.4659,13.1439,13.3,4919,0
20090826,13.3491,13.4272,12.6758,12.91,14654,0
20090827,12.6898,12.8557,12.5921,12.68,13420,0
20090828,12.6761,12.7444,12.52,12.52,14962,0
20090831,12.6389,12.6389,11.3896,11.78,38526,0
20090901,11.8097,11.9756,11.0289,11.39,20184,0
20090902,11.2262,11.2262,9.5179,10.25,61873,0
20090903,10.2518,10.9353,10.2225,10.74,22123,0
20090904,10.7391,11.2174,10.5047,10.7,43328,0
20090907,10.8538,11.2247,10.7269,11.01,38522,0
20090908,11.2938,11.655,11.0791,11.45,71302,0
20090909,11.3987,11.8574,11.3987,11.75,29818,0
20090910,11.9169,12.0535,11.7119,11.79,28176,0
20090911,11.7133,12.0355,11.7133,11.85,25714,0
20090914,11.5612,11.7954,11.5124,11.61,9327,0
20090915,11.61,11.9417,11.61,11.61,19885,0
20090916,11.7655,11.7655,11.5702,11.58,8398,0
20090917,11.7012,11.789,11.5646,11.75,15063,0
20090918,11.7464,12.01,11.7171,12.01,9832,0
20090921,12.0395,12.0395,11.7175,12.02,23882,0
20090922,12.0453,12.4259,11.9281,12.26,9323,0
20090923,12.4131,12.6864,12.3448,12.54,5533,0
20090924,12.4181,12.4181,12.1545,12.34,1536,0
20090925,12.2093,12.2093,12.0238,12.18,1947,0
20090928,12.2024,12.3,12.0462,12.3,6761,0
20090929,12.2,12.2781,12.0536,12.2,2869,0
20090930,12.2073,12.2269,11.9536,12.1,5124,0
20091001,11.96,12.1162,11.7647,11.96,9013,0
20091002,11.9066,11.9066,11.7212,11.77,8505,0
20091005,11.9393,11.9393,11.7343,11.91,2151,0
20091006,11.9807,11.9807,11.61,11.61,6970,0
20091007,11.5785,12.0081,11.5688,11.93,6351,0
20091008,11.7348,11.8226,11.4809,11.52,11267,0
20091009,11.5767,11.7133,11.4205,11.44,19363,0
20091012,11.6124,11.8661,11.4856,11.71,14039,0
20091013,11.8268,12.1,11.8268,12.1,13117,0
20091014,12.155,12.6431,12.155,12.36,15467,0
20091015,12.5416,12.5416,12.2,12.2,12500,0
20091016,12.1959,12.3422,11.9617,12.03,9122,0
20091019,11.9712,12.4103,11.9712,12.02,11275,0
20091020,12.0676,12.1067,11.9212,11.97,23250,0
20091021,11.9576,12.104,11.7331,11.86,22231,0
20091022,11.7359,12.0874,11.4723,11.98,17514,0
20091023,12.0064,12.104,11.86,11.86,5327,0
20091026,12.0225,12.0225,11.6712,11.72,5124,0
20091027,11.6146,11.8488,11.6146,11.8,13832,0
20091028,11.6735,11.6735,11.41,11.41,8811,0
20091029,11.409,11.4188,11.3212,11.37,10964,0
20091030,11.4151,11.6493,11.3663,11.62,23267,0
20091102,11.7909,11.7909,11.3224,11.42,11065,0
20091103,11.42,11.5859,11.42,11.42,4713,0
20091104,11.5688,11.5688,11.52,11.52,4507,0
20091105,11.5032,11.63,11.3861,11.63,5842,0
20091106,11.6124,11.71,11.6124,11.71,4099,0
20091109,11.5724,12.07,11.5724,12.07,7379,0
20091110,12.0702,12.2068,11.7092,12.08,6354,0
20091111,12.1786,12.3152,11.9541,12.12,7276,0
20091112,12.1176,12.1176,11.6102,11.62,11275,0
20091113,11.7905,12.1321,11.6441,11.81,8504,0
20091116,12.0845,12.0845,11.8112,11.86,4200,0
20091117,11.6152,11.6152,11.381,11.42,32887,0
20091118,11.47,11.6164,11.47,11.47,35854,0
20091119,11.5172,12.0833,11.5172,11.81,25511,0
20091120,11.7143,11.9583,11.7143,11.89,10141,0
20091123,11.8096,12.3074,11.8096,12.2,7889,0
20091124,12.1864,12.3034,11.8058,12.04,8199,0
20091125,11.9009,12.0864,11.8228,11.94,3687,0
20091126,11.9198,11.9979,11.7636,11.91,5839,0
20091127,11.7141,12.29,11.636,12.29,9937,0
20091130,12.4436,12.4436,11.2724,11.37,19468,0
20091201,11.3216,11.3216,10.5701,10.98,23668,0
20091202,10.9308,11.37,10.882,11.37,6558,0
20091203,11.6307,11.8064,11.6015,11.66,19063,0
20091204,11.6124,12.1296,11.6124,11.71,44885,0
20091207,11.7114,12.1506,11.565,11.77,50412,0
20091208,11.6091,12.1363,11.57,11.57,55921,0
20091209,11.7112,12.0333,11.7112,11.76,13833,0
20091210,11.7148,11.9588,11.6659,11.91,30116,0
20091211,11.6124,11.7978,11.6124,11.71,6456,0
20091214,11.61,11.6588,11.61,11.61,10455,0
20091215,11.6179,11.7155,11.5202,11.53,12804,0
20091216,11.4224,11.7641,11.3736,11.52,14648,0
20091217,11.3247,11.5688,11.3247,11.52,8502,0
20091218,11.521,11.521,11.0328,11.15,10549,0
20091221,11.5124,11.61,11.4149,11.61,15170,0
20091222,11.4298,11.6152,11.42,11.42,33194,0
20091223,11.2217,11.4169,11.0753,11.29,74913,0
20091228,11.2662,11.6567,11.2662,11.52,31651,0
20091229,11.388,11.71,11.388,11.71,7686,0
20091230,11.721,11.9161,11.6136,11.76,32584,0
20100104,11.6179,11.7155,11.4226,11.53,4507,0
20100105,11.4176,11.8079,11.32,11.32,36481,0
20100106,11.32,11.7103,11.076,11.32,13117,0
20100107,11.32,11.4761,11.2712,11.32,10042,0
20100108,11.2322,11.6811,11.2322,11.32,19163,0
20100111,11.3207,11.4866,11.2426,11.35,14653,0
20100112,11.4078,11.4566,11.2614,11.32,24901,0
20100113,11.4564,11.6711,11.2319,11.31,49906,0
20100114,11.4581,11.6923,11.3117,11.38,47132,0
20100115,11.4993,11.5188,11.3626,11.47,33703,0
20100118,11.56,11.56,11.3259,11.56,28907,0
20100119,11.4995,11.4995,11.2262,11.48,11576,0
20100120,11.381,11.5664,11.3419,11.42,19978,0
20100121,11.3682,11.8561,11.3682,11.7,25312,0
20100122,11.61,11.61,11.4734,11.61,37719,0
20100125,11.4512,11.5976,11.2852,11.5,37491,0
20100126,11.3243,11.5195,11.2755,11.5,13521,0
20100127,11.5193,11.5193,11.324,11.49,18541,0
20100128,11.3736,11.52,11.3736,11.52,1844,0
20100129,11.4654,11.4654,11.28,11.28,7584,0
20100201,11.3102,11.32,11.3102,11.32,8505,0
20100202,11.3231,11.5183,11.3231,11.45,11474,0
20100203,11.3407,11.4481,11.3407,11.37,22849,0
20100204,11.3712,11.42,11.3712,11.42,7684,0
20100205,11.3176,11.4639,11.0737,11.22,16194,0
20100208,11.2322,11.4078,11.2322,11.32,7071,0
20100209,11.3176,11.3176,11.181,11.22,8405,0
20100210,11.2224,11.32,11.1834,11.32,6558,0
20100211,11.3188,11.3188,11.2212,11.27,6457,0
20100212,11.2231,12.16,11.2231,12.16,31048,0
20100215,12.2361,12.48,12.0995,12.48,7379,0
20100216,12.3875,12.3875,11.9096,12.29,11893,0
20100217,12.3022,12.3022,11.8238,11.98,7989,0
20100218,11.8595,12.1035,11.84,11.84,11782,0
20100219,11.8775,12.18,11.8579,12.18,10656,0
20100222,12.2832,12.3027,12,12,7374,0
20100223,12.0395,12.1956,11.8444,12.02,10147,0
20100224,12.2464,12.2952,12.1,12.1,14040,0
20100225,12.1988,12.2573,12.15,12.15,12194,0
20100226,12.0948,13.149,11.9093,12.7,43333,0
20100301,12.9211,13.409,12.8625,13.37,13731,0
20100302,13.407,14.1973,13.3972,14.09,22546,0
20100303,14.106,14.106,13.3933,13.53,5737,0
20100304,13.5624,14.0405,13.3575,13.66,15578,0
20100305,13.2736,14.8645,13.2736,14.64,31045,0
20100308,14.76,15.3262,14.5452,14.76,40976,0
20100309,15.0084,15.1743,14.54,14.54,55235,0
20100310,14.54,14.8718,14.4229,14.54,28796,0
20100311,14.6412,14.8852,14.5436,14.69,18646,0
20100312,14.64,14.7766,14.4253,14.64,19262,0
20100315,14.9312,14.98,14.736,14.98,20699,0
20100316,14.839,15.7567,14.839,15.62,15570,0
20100317,15.6152,15.7128,15.2053,15.42,13525,0
20100318,15.5733,15.7198,15.5733,15.71,9730,0
20100319,15.6976,16.01,15.5219,16.01,10448,0
20100322,15.9053,16.4908,15.6126,16.12,10453,0
20100323,16.499,16.9286,15.718,16.87,18233,0
20100324,16.5046,16.7876,16.3386,16.69,20594,0
20100325,16.544,16.8075,16.2707,16.3,21720,0
20100326,16.1996,16.59,16.1021,16.59,9222,0
20100329,16.6002,16.9713,16.2585,16.61,15464,0
20100330,16.6936,16.8986,16.5959,16.84,4507,0
20100331,16.7436,16.89,16.6166,16.89,7580,0
20100401,16.6898,17.09,16.6898,17.09,4098,0
20100406,16.8824,17.4191,16.8336,16.98,23774,0
20100407,17.0821,17.2286,16.7503,17.17,16084,0
20100408,16.9476,17.26,16.9086,17.26,3688,0
20100409,17.2581,17.2581,17.0336,17.18,6761,0
20100412,17.0352,17.0352,16.7912,16.84,10961,0
20100413,16.645,17.26,16.645,17.26,5634,0
20100414,17.0133,17.189,16.74,16.74,12089,0
20100415,16.5885,16.93,16.2957,16.93,21316,0
20100416,16.5968,16.5968,14.8492,15.64,28578,0
20100419,15.175,16.59,15.175,16.59,12399,0
20100420,16.5952,16.6929,16.3024,16.4,15878,0
20100421,16.59,16.7266,16.5412,16.59,11374,0
20100422,16.45,16.5964,16.3524,16.45,8297,0
20100423,16.4906,16.4906,15.71,15.71,18959,0
20100426,15.8531,15.9117,14.38,14.78,36184,0
20100427,14.3956,15.274,14.3468,15.03,13832,0
20100428,14.8388,15.0341,14.4093,14.79,19770,0
20100429,14.4953,15.1298,14.4953,15.12,13933,0
20100430,15.4199,15.4199,14.9905,15.01,5226,0
20100503,15.019,15.1752,14.6775,14.98,12706,0
20100504,15.0353,15.1036,14.5666,14.84,30830,0
20100505,14.6931,15.23,14.6443,14.82,28783,0
20100506,14.6431,15.4241,14.6431,15.18,37082,0
20100507,15.0312,15.4119,15.0312,15.08,28072,0
20100510,14.3194,15.52,14.2511,15.52,16084,0
20100511,15.4219,15.5293,14.9827,15.5,38829,0
20100512,15.2724,15.7116,15.1748,15.37,16088,0
20100513,14.9339,16.0076,14.9339,15.91,14036,0
20100514,15.6281,16.1064,15.4817,15.96,27250,0
20100517,15.4513,15.9975,15.3147,15.9,19888,0
20100518,15.7652,15.9507,15.4724,15.57,18234,0
20100519,15.2783,15.62,14.8292,15.62,24174,0
20100520,15.4207,15.8014,15.2938,15.45,16394,0
20100521,15.2396,15.2396,14.2536,14.4,9936,0
20100524,14.4695,14.8601,14.45,14.45,20280,0
20100525,14.4447,14.4447,13.8591,14.23,15881,0
20100526,14.1012,14.5403,14.0036,14.15,18138,0
20100527,13.8693,14.7575,13.8693,14.25,16905,0
20100528,14.4517,14.6371,13.31,13.31,31154,0
20100531,12.8821,14.59,12.5308,14.59,25617,0
20100601,14.2524,14.5452,13.8912,14.35,16800,0
20100602,14.2519,15.1793,14.2519,14.74,14649,0
20100603,14.4967,15.3557,14.4967,15.18,19463,0
20100604,15.3562,15.405,14.8778,15.2,6658,0
20100607,15.1386,15.4216,15.08,15.08,8606,0
20100608,15.0898,15.4216,15.0702,15.08,9426,0
20100609,15.3545,15.4033,15.0324,15.13,7786,0
20100610,15.3688,15.4176,15.1346,15.32,5534,0
20100611,15.13,15.1495,15.0812,15.13,7991,0
20100614,15.3033,15.3033,14.6884,15.03,11681,0
20100615,15.3921,15.3921,14.8846,15.07,11168,0
20100616,14.9864,15.0353,14.5373,14.84,6555,0
20100617,14.6863,15.3986,14.6863,14.94,13322,0
20100618,15.2638,15.42,15.0199,15.42,13833,0
20100621,15.3512,15.4195,15.0682,15.4,17215,0
20100622,15.2501,15.3086,14.84,14.84,9628,0
20100623,14.7348,15.1154,14.7348,14.93,8096,0
20100624,14.74,14.9645,14.74,14.74,9322,0
20100625,14.74,15.0328,14.74,14.74,7683,0
20100628,14.8564,15.2762,14.8076,15.12,11372,0
20100629,14.9027,14.9027,14.2,14.2,11169,0
20100630,14.573,15.0253,14.3567,14.75,6915,0
20100701,14.4542,15.1326,14.2379,14.7,8238,0
20100702,14.945,14.945,14.6303,14.65,7323,0
20100705,14.75,14.75,14.0912,14.75,10169,0
20100706,14.4215,15.0609,14.1657,14.51,9860,0
20100707,14.5124,14.5124,14.05,14.05,6200,0
20100708,14.267,14.267,14.0605,14.09,5187,0
20100709,14.2466,14.2466,13.8534,14.05,2644,0
20100712,14.1296,14.1296,13.5003,13.52,8339,0
20100713,13.5143,14.0061,13.5143,13.77,5795,0
20100714,13.77,13.8684,13.77,13.77,7524,0
20100715,13.765,13.765,13.293,13.47,8035,0
20100716,13.2865,13.67,13.2766,13.67,6813,0
20100719,13.28,13.5358,12.8668,13.28,8946,0
20100720,13.1209,13.17,12.9341,13.17,8445,0
20100721,12.8961,13.3778,12.8961,13.25,10377,0
20100722,13.0128,13.18,12.9046,13.18,10269,0
20100723,12.8817,13.1767,12.8817,12.98,6610,0
20100726,12.8456,13.18,12.8456,13.18,7320,0
20100727,13.0005,13.1087,12.9808,13.03,9864,0
20100728,13.0292,13.0783,12.9505,12.98,4271,0
20100729,13.0828,13.25,13.0041,13.25,3863,0
20100730,13.1726,13.33,12.9562,13.33,7522,0
20100802,13.0249,13.32,13.0249,13.32,3863,0
20100803,12.9333,13.13,12.8841,13.13,3254,0
20100804,12.977,12.977,12.8,12.8,2340,0
20100805,12.9119,13.089,12.8233,13.03,4471,0
20100806,12.98,12.9898,12.98,12.98,2337,0
20100809,12.644,12.9193,12.644,12.88,3051,0
20100810,12.7223,12.7518,12.1913,12.27,12409,0
20100811,12.2695,12.2892,12.1319,12.24,3153,0
20100812,12.1206,12.16,12.101,12.16,2846,0
20100813,12.23,12.23,11.9941,12.23,3153,0
20100816,11.9977,11.9977,11.8305,11.86,1729,0
20100817,11.9016,12,11.6656,12,1830,0
20100818,11.9797,11.9797,11.7043,11.96,3660,0
20100819,11.9008,11.95,11.8516,11.95,3050,0
20100820,11.9791,11.9791,11.6548,11.93,2646,0
20100823,11.7931,11.97,11.6457,11.97,3460,0
20100824,12.0027,12.0027,11.56,11.56,3253,0
20100825,11.5575,11.7838,11.4002,11.41,4778,0
20100826,11.51,11.51,11.5002,11.51,3456,0
20100827,11.51,11.51,11.4116,11.51,5794,0
20100830,11.5028,12.3876,11.5028,12.25,13019,0
20100831,12.2658,13.74,12.2658,13.74,20146,0
20100901,13.5552,13.87,13.4667,13.87,4066,0
20100902,13.4512,13.6675,13.4512,13.52,2441,0
20100903,13.4944,13.7698,13.4944,13.76,2440,0
20100906,13.5291,14.6992,13.5291,14.65,4984,0
20100907,14.6452,14.7436,14.2715,14.36,4982,0
20100908,14.2643,14.2643,13.8708,13.92,2846,0
20100909,14.2643,14.2643,13.615,13.92,4574,0
20100910,13.9175,13.9175,13.77,13.77,3253,0
20100913,13.9454,14.024,13.552,13.67,2440,0
20100914,13.8743,14.248,13.54,13.54,4271,0
20100915,13.8552,13.8552,13.5208,13.57,2746,0
20100916,13.7658,13.7658,13.284,13.52,8238,0
20100917,13.5682,13.7452,12.88,12.88,8340,0
20100920,12.98,13.57,12.921,13.57,11695,0
20100921,13.5256,13.683,13.1715,13.26,8641,0
20100922,13.28,13.28,13.1128,13.28,3761,0
20100923,13.0931,13.28,13.0833,13.28,2643,0
20100924,13.28,13.28,12.9849,13.28,4778,0
20100927,12.9929,13.2779,12.9929,13.16,7428,0
20100928,13.2672,13.2672,13.1002,13.11,3358,0
20100929,13.2579,13.7398,13.1103,13.13,5084,0
20100930,13.2763,13.6795,13.2763,13.65,10880,0
20101001,13.7636,13.911,13.3212,13.39,10579,0
20101004,13.6226,13.6423,13.18,13.18,5490,0
20101005,13.3677,13.3677,12.9841,13.23,2847,0
20101006,13.2734,13.6273,13.2144,13.47,4882,0
20101007,13.642,13.7698,13.4256,13.76,4677,0
20101008,13.7683,13.7683,13.3946,13.67,5186,0
20101011,13.5733,13.77,13.3864,13.77,6609,0
20101012,13.5003,13.638,13.1464,13.52,13018,0
20101013,13.4651,13.77,13.4651,13.77,5185,0
20101014,13.7208,13.77,13.7208,13.77,3253,0
20101015,13.6825,13.7317,13.23,13.23,3558,0
20101018,13.7672,13.7672,13.3247,13.6,4983,0
20101019,13.7712,13.7712,13.24,13.24,8845,0
20101020,13.239,13.5931,13.18,13.18,3660,0
20101021,13.7586,13.7586,13.08,13.08,5287,0
20101022,12.9782,13.0961,12.6635,12.87,11290,0
20101025,13.0728,13.0728,12.64,12.64,11081,0
20101026,12.7655,13.09,12.7655,13.09,2644,0
20101027,13.0931,13.28,12.7881,13.28,1728,0
20101028,13.2633,13.2928,12.8307,12.87,5289,0
20101029,13.0788,13.0788,12.715,13.01,19626,0
20101101,12.9191,12.9387,12.28,12.28,7018,0
20101102,12.2051,12.6969,12.2051,12.51,18506,0
20101103,12.4192,12.488,12.2913,12.37,10170,0
20101104,12.1329,12.3492,12.064,12.3,9357,0
20101105,12.2525,12.4,11.9378,12.4,13118,0
20101108,12.0357,12.311,11.5342,11.78,16984,0
20101109,11.7805,12.577,11.7805,11.81,32135,0
20101110,11.9173,12.1238,11.4552,11.76,16577,0
20101111,12.0029,12.0029,11.3437,11.57,12807,0
20101112,11.5569,11.6946,11.3503,11.37,6812,0
20101115,11.4067,11.4067,10.9642,11.21,9763,0
20101116,10.9969,11.1641,9.8952,10.21,37108,0
20101117,10.4252,10.4252,10.0318,10.14,22979,0
20101118,10.2387,10.3764,9.6191,10.16,24707,0
20101119,10.1843,10.5287,10.1843,10.45,16667,0
20101122,10.6283,10.8743,10.4314,10.52,22152,0
20101123,10.5281,10.5969,10.0563,10.42,12106,0
20101124,10.4835,10.513,10.1,10.1,5999,0
20101125,10.3179,10.3179,10.0526,10.2,13636,0
20101126,10.3295,10.3295,9.9852,10.3,10063,0
20101129,10.2587,10.4259,10.1111,10.18,5897,0
20101130,10.3129,10.3129,9.5166,9.9,18716,0
20101201,9.9162,11.5393,9.9162,11.5,52453,0
20101202,11.6006,12.22,11.581,12.22,16478,0
20101203,12.2498,12.417,11.8074,12.24,14952,0
20101206,12.0966,12.49,12.0868,12.49,9050,0
20101207,12.5424,12.69,12.3949,12.69,7624,0
20101208,12.3438,12.8552,12.3241,12.57,17792,0
20101209,12.6653,12.6653,11.5345,11.8,13322,0
20101210,11.4825,11.6497,11.3056,11.63,12613,0
20101213,11.6008,11.65,11.3747,11.65,5188,0
20101214,11.613,11.8,11.4162,11.8,7316,0
20101215,11.7076,11.7076,10.9697,11.56,18397,0
20101216,11.4526,11.61,11.4526,11.61,7216,0
20101217,11.2805,11.3395,11.0641,11.31,6202,0
20101220,11.0617,11.3567,11.0322,11.16,6000,0
20101221,11.2068,11.2068,11.02,11.02,5188,0
20101222,11.2575,11.2575,11.11,11.11,2339,0
20101223,11.169,11.169,11.0215,11.11,4577,0
20101227,11.26,11.26,10.9748,11.26,3559,0
20101228,11.27,11.2995,11.083,11.27,8026,0
20101229,11.26,11.2993,10.9748,11.26,9457,0
20101230,11.0843,11.34,11.0253,11.34,3762,0
20110103,11.5,11.805,11.4803,11.5,11690,0
20110104,11.5996,11.5996,10.8132,11,13631,0
20110105,11.1668,11.1668,10.8519,10.97,11180,0
20110106,11.0385,11.0778,10.8124,10.95,9868,0
20110107,10.8167,10.8953,10.62,10.62,8441,0
20110110,10.6312,10.9065,10.6312,10.7,10473,0
20110111,10.5839,10.9282,10.5839,10.82,9353,0
20110112,10.7511,10.82,10.6626,10.82,16673,0
20110113,10.9195,10.9195,10.6342,10.89,8437,0
20110114,10.74,11.0154,10.7203,10.74,11489,0
20110117,10.841,10.9,10.6344,10.9,6811,0
20110118,10.8984,10.8984,10.7213,10.8,9760,0
20110119,10.8195,10.8195,10.7211,10.79,9455,0
20110120,10.7916,10.89,10.7424,10.89,12910,0
20110121,10.8985,10.8985,10.7707,10.81,8133,0
20110124,10.6723,10.8297,10.6723,10.81,8845,0
20110125,10.6626,10.82,10.6626,10.82,7828,0
20110126,10.921,10.98,10.7635,10.98,15043,0
20110127,10.8806,10.92,10.7134,10.92,8640,0
20110128,10.8116,10.91,10.8018,10.91,10877,0
20110131,10.7231,10.91,10.6837,10.91,10165,0
20110201,10.7034,10.9297,10.7034,10.91,5387,0
20110202,10.77,10.888,10.77,10.77,10777,0
20110203,10.859,10.8984,10.7705,10.8,9252,0
20110204,10.8219,11.0679,10.8219,10.94,17991,0
20110207,11.0689,11.3148,11,11,10875,0
20110208,10.9184,11.0561,10.6725,10.82,21349,0
20110209,10.7724,11.0085,10.7232,10.92,8742,0
20110210,10.8995,11.0963,10.8307,10.87,9454,0
20110211,11.0266,11.0266,10.7413,10.82,9455,0
20110214,10.9552,10.9847,10.67,10.67,2644,0
20110215,10.6328,10.8393,10.6328,10.8,7727,0
20110216,10.7187,10.817,10.64,10.64,8542,0
20110217,10.6342,10.644,9.9757,10.3,16788,0
20110218,10.1293,10.2769,10.09,10.09,10677,0
20110221,10.0185,10.1758,9.871,9.93,7323,0
20110222,9.9678,9.9678,9.84,9.84,5900,0
20110223,9.8397,9.9775,8.659,9.21,30590,0
20110224,9.1172,9.3139,8.95,8.95,29384,0
20110225,9.1197,9.3459,9.0902,9.1,30495,0
20110228,9.2448,9.825,9.1956,9.53,14540,0
20110301,9.7357,9.7357,9.2243,9.48,24608,0
20110302,9.5812,9.5812,8.9516,9.05,15655,0
20110303,9.0797,9.3748,9.06,9.06,8132,0
20110304,9.1674,9.8362,9.1674,9.61,10878,0
20110307,9.6373,9.657,9.3325,9.48,11084,0
20110308,9.5159,9.5159,9.2603,9.28,9460,0
20110309,9.4703,9.49,9.3228,9.49,24811,0
20110310,9.5392,9.6277,9.313,9.49,66909,0
20110311,9.4978,9.547,9.36,9.36,15342,0
20110314,9.1895,9.3369,8.8652,9.16,16585,0
20110315,8.8694,9.4397,8.6629,9.42,42713,0
20110316,9.4361,9.4361,9.0429,9.21,28792,0
20110317,8.9724,9.1298,8.9724,9.12,18398,0
20110318,9.0958,9.1548,8.85,8.85,18102,0
20110321,9.0565,9.0565,8.7025,8.85,10068,0
20110322,8.9584,8.9584,8.673,8.86,8939,0
20110323,8.8385,8.8385,8.6615,8.75,7527,0
20110324,8.7269,8.7269,8.4613,8.54,7623,0
20110325,8.547,8.547,8.2815,8.37,6304,0
20110328,8.3283,8.3283,8.1907,8.23,6611,0
20110329,8.15,8.15,8.0124,8.15,10782,0
20110330,7.9124,8.05,7.9124,8.05,5596,0
20110331,8.0472,8.0472,7.88,7.88,6607,0
20110401,7.9197,8.0377,7.8803,7.9,6200,0
20110404,7.8779,7.9369,7.75,7.75,9558,0
20110405,7.6666,7.7452,7.1358,7.47,20755,0
20110406,7.5706,7.5706,7.02,7.02,42006,0
20110407,6.9223,7.0011,6.2035,6.43,58394,0
20110408,6.7727,6.7727,6.35,6.35,35199,0
20110411,6.4783,6.8027,6.3702,6.38,28991,0
20110412,6.507,7.2442,6.4087,6.91,77116,0
20110413,7.0477,7.7062,7.0477,7.49,61754,0
20110414,7.607,8.1679,7.5381,8.04,52942,0
20110415,8.0378,8.5887,7.6442,8.51,57938,0
20110418,8.7008,8.75,8.5534,8.75,19122,0
20110419,8.7763,9.16,8.7763,9.16,17888,0
20110420,8.9524,9.1098,8.8737,9.1,8335,0
20110421,8.8107,8.9483,8.0633,8.85,30915,0
20110426,9.0162,9.3898,8.8491,9.38,21968,0
20110427,9.6419,9.8387,9.15,9.15,7115,0
20110428,9.3158,9.4043,8.6567,9.06,10877,0
20110429,8.9192,8.988,8.7028,8.87,4576,0
20110502,8.7983,8.7983,8.4051,8.7,5697,0
20110503,8.5072,8.5564,8.0351,8.34,9253,0
20110504,8.3357,8.3357,7.9421,8.07,6401,0
20110505,8.1795,8.209,8.0419,8.15,4476,0
20110506,8.2175,8.2175,7.5778,8.06,12498,0
20110509,7.9736,8.77,7.9736,8.77,13629,0
20110510,8.8595,8.8595,8.8103,8.83,4882,0
20110511,8.7577,9.23,8.6593,9.23,21545,0
20110512,9.24,9.24,9.0041,9.24,9970,0
20110513,9.2462,9.2462,9.02,9.02,6608,0
20110516,9.0118,9.3463,9.0118,9.12,10063,0
20110517,9.2858,9.2858,9.03,9.03,5185,0
20110518,9.0913,9.17,8.6977,9.17,20124,0
20110519,9.086,9.5088,9.0565,9.44,11797,0
20110520,9.4334,9.64,9.3351,9.64,11996,0
20110523,9.4223,9.5698,9.4223,9.56,5287,0
20110524,9.6428,9.6428,9.1705,9.2,23985,0
20110525,9.2344,9.2344,8.0543,8.31,21659,0
20110526,8.3967,9.2128,8.2001,8.79,20036,0
20110527,8.719,8.7781,8.601,8.66,11889,0
20110530,8.554,8.554,8.2,8.2,25630,0
20110531,8.242,8.5075,8.183,8.36,44432,0
20110601,8.2202,9.2428,8.1612,8.82,40172,0
20110602,8.9641,8.9641,8.6,8.6,14533,0
20110603,8.7086,8.7873,8.5022,8.63,15566,0
20110606,8.46,8.4895,8.4502,8.46,9759,0
20110607,8.47,8.7061,8.47,8.47,8234,0
20110608,8.41,8.5871,8.3903,8.41,8032,0
20110609,8.4124,8.6387,8.4124,8.56,5996,0
20110610,8.6362,8.6362,8.41,8.41,4982,0
20110613,8.41,8.5182,8.41,8.41,8032,0
20110614,8.4105,8.5089,8.3613,8.44,29583,0
20110615,8.5602,8.57,8.511,8.57,16465,0
20110616,8.5405,8.6094,8.511,8.57,16058,0
20110617,8.4418,8.5795,8.4418,8.55,16262,0
20110620,8.5797,8.5797,8.4616,8.56,21343,0
20110621,8.5548,8.84,8.5057,8.84,15763,0
20110622,8.8292,8.898,8.7407,8.78,15765,0
20110623,8.7013,8.8193,8.7013,8.78,14443,0
20110624,8.8803,8.959,8.8705,8.9,16880,0
20110627,9,9.0984,8.9115,9,8337,0
20110628,8.871,9.0972,8.871,8.93,10778,0
20110629,9.2,9.35,9.11,9.18,8500,0
20110630,9.02,9.18,9.02,9.07,8900,0
20110701,9.18,9.2,9,9.01,8800,0
20110704,9.07,9.74,9.07,9.61,11900,0
20110705,9.67,9.68,9.47,9.47,10300,0
20110706,9.43,9.43,9.33,9.38,12000,0
20110707,9.24,9.75,9.24,9.4,17300,0
20110708,9.54,9.54,9.34,9.43,20800,0
20110711,9.51,9.51,8.64,8.8,34000,0
20110712,8.65,9.75,8.3,9.7,34800,0
20110713,9.6,9.6,9.26,9.29,24800,0
20110714,9.19,9.99,9.16,9.61,26100,0
20110715,9.43,9.5,9.32,9.32,8900,0
20110718,9.26,9.4,9.26,9.26,7000,0
20110719,9.18,9.28,9.16,9.28,5400,0
20110720,9.2,9.26,9.11,9.26,5800,0
20110721,9.28,9.28,9.11,9.16,5500,0
20110722,9.28,9.28,9.11,9.17,5800,0
20110725,9.12,9.4,9.12,9.34,12800,0
20110726,9.33,9.35,9.2,9.35,8800,0
20110727,9.4,9.4,9.1,9.3,7900,0
20110728,9.13,9.33,8.86,8.86,13600,0
20110729,8.96,9.1,8.96,8.96,9100,0
20110801,9.11,9.24,9.1,9.11,7500,0
20110802,8.88,9.05,8.82,8.82,8800,0
20110803,8.86,8.9,8.7,8.9,15700,0
20110804,8.8,8.97,8.49,8.49,14100,0
20110805,7.5,8.43,7.33,8.2,11000,0
20110808,7.11,7.65,7,7,1900,0
20110809,8,8,5.5,7.9,9800,0
20110810,8.4,8.49,7.66,7.66,7700,0
20110811,8.1,8.1,6.37,7,20300,0
20110812,6.93,7.39,6.91,7.26,14200,0
20110815,7.31,7.39,7.27,7.39,9400,0
20110816,7.31,7.38,7.3,7.38,5500,0
20110817,7.37,7.38,7.37,7.38,4200,0
20110818,7.26,7.3,6.7,7.25,15900,0
20110819,6.9,7.1,6.9,7.1,10600,0
20110822,7.16,7.16,6.75,7,23000,0
20110823,7.08,7.08,6.84,6.97,13400,0
20110824,6.75,6.92,6.75,6.8,13400,0
20110825,6.98,7.25,6.81,7.25,9300,0
20110826,7.3,7.35,7.22,7.35,3000,0
20110829,7.5,7.5,7.28,7.33,9800,0
20110830,7.36,7.44,7.29,7.3,6800,0
20110831,7.43,7.47,7.22,7.47,7100,0
20110901,7.4,7.43,7.16,7.2,8400,0
20110902,7.02,7.1,6.88,7.1,6400,0
20110905,7,7.04,7,7.01,3100,0
20110906,7.04,7.13,7.04,7.1,6400,0
20110907,6.98,7.26,6.98,7.2,17200,0
20110908,7.08,7.1,6.92,7,10700,0
20110909,6.93,7.14,6.93,7.01,15500,0
20110912,6.75,6.92,6.31,6.31,4100,0
20110913,6.5,6.5,6,6.2,5100,0
20110914,6.41,7.35,6.05,7.2,13800,0
20110915,7.3,7.3,6.93,7.1,8100,0
20110916,6.98,7.19,6.96,7.19,24800,0
20110919,7.2,7.31,7.2,7.21,7600,0
20110920,7.2,7.37,7.2,7.37,11000,0
20110921,7.3,7.4,7.3,7.3,7600,0
20110922,7.15,7.28,7.01,7.25,6500,0
20110923,7.29,7.39,7.24,7.39,6200,0
20110926,7.4,7.6,7.26,7.55,15900,0
20110927,7.54,8,7.17,7.38,14000,0
20110928,7.51,7.78,7.47,7.78,5900,0
20110929,7.73,7.74,7.16,7.4,8800,0
20110930,7.3,8,7.28,8,10000,0
20111003,7.81,7.99,7.7,7.99,3600,0
20111004,7.5,7.51,7.5,7.51,4900,0
20111005,7.49,7.69,7.49,7.69,6200,0
20111006,7.6,7.8,7.6,7.8,7000,0
20111007,7.62,7.63,7.41,7.41,6800,0
20111010,7.53,7.53,7.35,7.35,6200,0
20111011,7.21,7.21,6.78,6.78,8600,0
20111012,6.95,7,6.65,6.65,10600,0
20111013,6.78,7,6.7,6.72,14800,0
20111014,6.8,7.08,6.8,6.9,16000,0
20111017,7,7,6.82,6.82,7000,0
20111018,6.95,6.95,6.74,6.75,11200,0
20111019,6.8,6.8,6.7,6.8,10500,0
20111020,6.52,6.74,6,6.39,13800,0
20111021,6.4,6.4,6.33,6.33,4900,0
20111024,6.3,6.3,5.65,5.65,25100,0
20111025,5.72,5.78,5.25,5.54,10600,0
20111026,5.68,5.72,5.5,5.5,2500,0
20111027,5.75,6,5.65,5.65,10100,0
20111028,5.75,5.8,5.65,5.75,9700,0
20111031,5.75,5.77,5.36,5.36,3900,0
20111101,5.5,5.5,5.1,5.1,4000,0
20111102,5.3,5.5,5.2,5.45,9700,0
20111103,5.46,5.49,5.21,5.49,7700,0
20111104,5.45,5.53,5.31,5.53,5600,0
20111107,5.6,5.6,5.21,5.34,3600,0
20111108,5.3,5.35,5.15,5.35,4100,0
20111109,5.21,5.35,5.21,5.35,7200,0
20111110,5.18,5.25,5.18,5.2,3800,0
20111111,5.27,5.3,5.25,5.3,4000,0
20111114,5.1,5.4,5.1,5.4,3400,0
20111115,5.26,5.4,5.25,5.26,3900,0
20111116,5.4,5.4,5.08,5.08,3400,0
20111117,5.05,5.1,4.8,4.98,19400,0
20111118,4.8,5.25,4.68,5.25,13300,0
20111121,5.34,5.34,5.04,5.04,4400,0
20111122,4.86,4.91,4.67,4.83,18600,0
20111123,4.9,5.03,4.67,4.99,14900,0
20111124,4.87,5.14,4.7,5.14,27700,0
20111125,4.84,5.08,4.84,4.87,4600,0
20111128,4.87,5.1,4.87,4.98,4900,0
20111129,5,5.29,5,5,9700,0
20111130,4.96,5.12,4.76,5.12,42500,0
20111201,5.09,5.4,4.88,5.11,9800,0
20111202,4.88,5.2,4.86,4.86,5000,0
20111205,4.98,5.05,4.77,4.89,8500,0
20111206,5.02,5.02,4.63,4.81,6400,0
20111207,4.89,5.2,4.39,4.63,22700,0
20111208,4.48,4.54,4,4.21,8400,0
20111209,4.31,4.31,4.02,4.02,11000,0
20111212,4.12,4.27,4.05,4.05,5000,0
20111213,4.01,4.1,3.73,3.73,23100,0
20111214,3.71,3.88,3.42,3.51,9900,0
20111215,3.51,3.61,3.47,3.47,2900,0
20111216,3.5,3.58,2.8,3.4,4100,0
20111219,3.3,3.49,3.26,3.44,6000,0
20111220,3.42,3.45,3.29,3.37,7400,0
20111221,3.3,3.7,3.07,3.66,6200,0
20111222,3.36,3.55,3.05,3.06,5100,0
20111223,3.1,3.7,3.1,3.51,8100,0
20111227,3.65,3.81,3.55,3.79,5600,0
20111228,3.85,4.03,3.82,4,2400,0
20111229,3.9,3.9,3.5,3.74,5700,0
20111230,3.78,3.78,3.52,3.76,8000,0
20120102,3.8,3.8,3.63,3.8,5300,0
20120103,3.74,3.76,3.53,3.76,2600,0
20120104,3.6,3.73,3.51,3.7,4000,0
20120105,3.6,3.69,3.5,3.69,4900,0
20120106,3.6,3.6,3.5,3.5,3900,0
20120109,3.5,3.6,3.44,3.6,2800,0
20120110,3.6,3.6,3.45,3.6,3700,0
20120111,3.6,3.6,3.35,3.57,2400,0
20120112,3.6,3.6,3.37,3.37,5000,0
20120113,3.48,3.54,3.3,3.54,5400,0
20120116,3.37,3.5,3.35,3.5,2300,0
20120117,3.5,3.5,3.5,3.5,3400,0
20120118,3.3,3.5,3.3,3.5,1500,0
20120119,3.3,3.5,3.3,3.5,1900,0
20120120,3.45,3.45,3.29,3.45,5700,0
20120123,3.45,3.45,3.22,3.3,2700,0
20120124,3.42,3.43,2.98,2.98,13500,0
20120125,3.06,3.06,2.81,2.81,8200,0
20120126,3.01,3.11,2.86,2.86,19400,0
20120127,2.85,3.19,2.85,2.95,1800,0
20120130,2.87,3.02,2.87,2.88,4100,0
20120131,3.04,3.04,2.84,2.9,1500,0
20120201,2.85,2.9,2.81,2.82,2200,0
20120202,2.82,2.93,2.82,2.82,1800,0
20120203,2.97,3.67,2.95,3.67,36400,0
20120206,3.67,3.67,3.5,3.67,3100,0
20120207,3.67,3.69,3.6,3.61,1900,0
20120208,3.66,3.66,3.22,3.35,12300,0
20120209,3.35,3.35,2.97,2.97,19100,0
20120210,2.95,3.06,2.85,2.87,53600,0
20120213,2.95,3.05,2.95,3.04,3700,0
20120214,3,3,2.97,3,8700,0
20120215,3,3.28,2.96,2.98,10300,0
20120216,3.07,3.14,3.01,3.02,5200,0
20120217,3.12,3.12,3,3.09,4500,0
20120220,3.09,3.1,3,3,3800,0
20120221,3.05,3.12,3.05,3.12,1600,0
20120222,3.12,3.21,3.1,3.18,6900,0
20120223,3.16,3.25,3.11,3.25,2200,0
20120224,3.24,3.24,3.1,3.1,2100,0
20120227,3.25,3.25,3.1,3.22,2300,0
20120228,3.21,3.23,3.2,3.2,1500,0
20120229,3.09,3.26,3.07,3.1,2000,0
20120301,3.05,3.11,2.99,3.11,1500,0
20120302,3.05,3.22,3.05,3.22,1600,0
20120305,3.35,3.39,3.03,3.14,21800,0
20120306,3.02,3.11,2.98,3.05,5900,0
20120307,3.12,3.12,2.96,3.12,7500,0
20120308,3.09,3.15,3.09,3.15,1400,0
20120309,3.02,3.15,3.02,3.15,1400,0
20120312,3.01,3.16,3.01,3.1,1300,0
20120313,3.1,3.2,3,3.2,9300,0
20120314,3.08,3.35,3.08,3.33,9500,0
20120315,3.2,3.35,3.2,3.34,7600,0
20120316,3.25,3.39,3.25,3.39,15200,0
20120319,3.4,3.5,3.35,3.42,17400,0
20120320,3.5,3.5,3.45,3.5,3700,0
20120321,3.4,3.69,3.37,3.69,11400,0
20120322,3.69,3.7,3.69,3.7,1400,0
20120323,3.8,3.9,3.66,3.75,6000,0
20120326,3.7,3.8,3.7,3.7,600,0
20120327,3.57,3.57,3.57,3.57,2100,0
20120328,3.69,3.75,3.57,3.57,1200,0
20120329,3.57,3.6,3.37,3.37,3000,0
20120330,3.35,3.35,3.06,3.18,31800,0
20120402,3.25,3.29,3.19,3.23,6200,0
20120403,3.2,3.2,3.11,3.11,1600,0
20120404,3.15,3.21,3.05,3.1,1900,0
20120405,3.05,3.05,2.88,3.05,12400,0
20120410,3.05,3.25,2.95,3.25,2900,0
20120411,3.15,3.35,3.15,3.35,1400,0
20120412,3.25,3.4,3.25,3.4,1200,0
20120413,3.15,3.15,3.08,3.08,1800,0
20120416,3.15,3.19,3.15,3.15,1600,0
20120417,3.2,3.29,3.11,3.29,900,0
20120418,3.2,3.2,3.18,3.18,1100,0
20120419,3.27,3.27,3.27,3.27,800,0
20120420,3.3,3.3,3.07,3.07,1200,0
20120423,3.22,3.22,3.15,3.15,2300,0
20120424,3.11,3.15,3.11,3.15,1300,0
20120425,3.1,3.1,3.08,3.08,500,0
20120426,3.18,3.18,3.18,3.18,600,0
20120427,3.25,3.25,3.25,3.25,500,0
20120430,3.12,3.12,2.81,2.81,6300,0
20120502,2.81,2.81,2.62,2.7,23900,0
20120503,2.64,2.8,2.63,2.75,3600,0
20120504,2.75,2.8,2.72,2.72,6500,0
20120507,2.65,2.89,2.65,2.8,3700,0
20120508,2.75,2.9,2.73,2.88,900,0
20120509,2.8,2.8,2.75,2.75,2100,0
20120510,2.65,2.7,2.36,2.36,3000,0
20120511,2.4,2.46,2.4,2.45,5200,0
20120514,2.36,2.49,2.36,2.4,1900,0
20120515,2.39,2.5,2.39,2.5,3700,0
20120516,2.45,2.5,2.41,2.5,1700,0
20120517,2.5,2.5,2.5,2.5,1400,0
20120518,2.41,2.45,2.36,2.45,1600,0
20120521,2.51,2.51,2.5,2.5,1000,0
20120522,2.5,2.63,2.5,2.63,2200,0
20120523,2.53,2.66,2.53,2.66,1100,0
20120524,2.58,2.74,2.58,2.74,600,0
20120525,2.68,2.68,2.58,2.58,700,0
20120528,2.49,2.6,2.49,2.6,600,0
20120529,2.51,2.66,2.51,2.66,700,0
20120530,2.65,2.65,2.65,2.65,1000,0
20120531,2.7,2.7,2.7,2.7,1000,0
20120601,2.79,2.85,2.75,2.76,13700,0
20120604,2.75,2.8,2.75,2.8,5200,0
20120605,2.7,2.79,2.6,2.79,5200,0
20120606,2.8,2.8,2.8,2.8,400,0
20120607,2.8,2.8,2.75,2.75,2300,0
20120608,2.85,2.85,2.8,2.8,600,0
20120611,2.75,2.75,2.7,2.7,200,0
20120612,2.75,2.8,2.75,2.8,700,0
20120613,2.8,2.8,2.8,2.8,6100,0
20120614,2.8,2.85,2.8,2.85,1200,0
20120615,2.88,2.88,2.75,2.75,4400,0
20120618,2.85,2.85,2.85,2.85,500,0
20120619,2.84,2.9,2.84,2.9,400,0
20120620,2.89,2.89,2.89,2.89,400,0
20120621,2.79,2.9,2.79,2.9,500,0
20120622,2.9,2.9,2.9,2.9,500,0
20120625,2.8,2.89,2.8,2.89,700,0
20120626,2.88,2.88,2.88,2.88,800,0
20120627,2.74,2.74,2.66,2.66,2100,0
20120628,2.62,2.62,2.6,2.6,400,0
20120629,2.66,2.7,2.66,2.7,3300,0
20120702,2.6,2.62,2.6,2.62,2800,0
20120703,2.6,2.6,2.6,2.6,200,0
20120704,2.61,2.61,2.51,2.51,4000,0
20120705,2.5,2.5,2.4,2.43,5100,0
20120706,2.36,2.36,2.32,2.33,10500,0
20120709,2.28,2.28,1.61,1.69,24600,0
20120710,1.8,1.95,1.73,1.88,17000,0
20120711,1.92,2.1,1.92,1.95,12600,0
20120712,2,2.14,1.95,2.06,7500,0
20120713,2,2.1,2,2.02,18500,0
20120716,2,2.1,2,2.1,5900,0
20120717,2.03,2.13,2,2.13,7100,0
20120718,2.03,2.04,1.85,2.02,8000,0
20120719,2,2.08,1.95,2.08,6500,0
20120720,2.03,2.03,1.97,1.97,2800,0
20120723,1.91,1.91,1.71,1.85,3100,0
20120724,1.81,2,1.81,2,1100,0
20120725,2,2,1.95,1.95,900,0
20120726,2,2,1.81,1.91,1500,0
20120727,1.97,1.97,1.97,1.97,500,0
20120730,1.92,1.92,1.88,1.88,200,0
20120731,1.95,1.95,1.95,1.95,600,0
20120801,1.92,1.92,1.92,1.92,300,0
20120802,1.92,1.92,1.92,1.92,500,0
20120803,1.92,1.92,1.92,1.92,600,0
20120806,1.92,1.92,1.83,1.83,1000,0
20120807,1.8,1.8,1.77,1.77,900,0
20120808,1.71,1.77,1.71,1.77,3100,0
20120809,1.78,1.89,1.78,1.89,3400,0
20120810,1.9,1.95,1.9,1.95,4700,0
20120813,1.89,1.89,1.89,1.89,3000,0
20120814,1.95,2,1.86,1.86,8900,0
20120815,1.85,1.85,1.81,1.85,6000,0
20120816,1.82,1.98,1.82,1.98,3200,0
20120817,1.95,1.95,1.87,1.87,4000,0
20120820,1.77,1.82,1.73,1.73,5700,0
20120821,1.75,1.84,1.75,1.84,2500,0
20120822,1.86,1.86,1.75,1.75,5800,0
20120823,1.74,1.75,1.68,1.75,41900,0
20120824,1.69,1.7,1.6,1.6,50500,0
20120827,1.58,1.59,1.51,1.55,44200,0
20120828,1.58,1.58,1.5,1.5,2500,0
20120829,1.55,1.55,1.35,1.4,9100,0
20120830,1.37,1.67,1.37,1.67,11100,0
20120831,1.59,1.6,1.36,1.6,14100,0
20120903,1.6,1.61,1.6,1.61,11600,0
20120904,1.56,1.61,1.56,1.61,3000,0
20120905,1.49,1.65,1.49,1.65,12400,0
20120906,1.65,1.68,1.65,1.66,12000,0
20120907,1.65,1.67,1.6,1.67,2800,0
20120910,1.65,1.7,1.65,1.7,15800,0
20120911,1.7,1.75,1.7,1.74,10800,0
20120912,1.7,1.75,1.7,1.72,11500,0
20120913,1.81,1.81,1.7,1.8,14000,0
20120914,1.82,1.84,1.82,1.84,4100,0
20120917,1.85,1.86,1.78,1.8,11200,0
20120918,1.75,1.8,1.72,1.8,9300,0
20120919,1.85,1.85,1.8,1.8,6400,0
20120920,1.85,1.97,1.85,1.91,11400,0
20120921,1.91,1.96,1.91,1.94,3500,0
20120924,1.95,1.95,1.95,1.95,5000,0
20120925,1.95,1.95,1.9,1.95,8500,0
20120926,1.86,1.98,1.86,1.98,6100,0
20120927,1.95,2,1.95,2,4000,0
20120928,1.93,1.97,1.91,1.91,25300,0
20121001,1.85,1.85,1.85,1.85,200,0
20121002,1.8,1.85,1.8,1.85,5400,0
20121004,1.76,1.76,1.76,1.76,1000,0
20121008,1.84,1.84,1.84,1.84,300,0
20121009,1.73,1.81,1.73,1.81,100,0
20121010,1.73,1.73,1.45,1.58,2900,0
20121012,1.57,1.63,1.56,1.63,2800,0
20121015,1.59,1.59,1.59,1.59,2000,0
20121016,1.62,1.75,1.62,1.75,5800,0
20121017,1.79,1.81,1.74,1.81,6500,0
20121018,1.75,1.77,1.65,1.77,7300,0
20121019,1.8,1.8,1.74,1.76,3000,0
20121022,1.8,1.8,1.8,1.8,4000,0
20121023,1.8,2.2,1.8,2.01,94800,0
20121024,2.02,2.02,1.89,1.95,19100,0
20121025,1.89,1.95,1.87,1.9,17900,0
20121026,1.9,1.92,1.84,1.9,6600,0
20121029,1.9,1.9,1.65,1.83,15800,0
20121030,1.77,1.85,1.77,1.85,8500,0
20121031,1.78,1.82,1.78,1.8,17100,0
20121101,1.8,1.85,1.8,1.83,6600,0
20121102,1.83,1.83,1.83,1.83,7000,0
20121105,1.82,1.88,1.82,1.85,15600,0
20121106,1.85,1.91,1.81,1.82,22700,0
20121107,1.84,1.88,1.81,1.83,18300,0
20121108,1.89,1.89,1.79,1.79,16500,0
20121109,1.8,1.85,1.8,1.85,4900,0
20121112,1.85,1.85,1.79,1.79,2200,0
20121113,1.8,1.8,1.77,1.8,1200,0
20121114,1.75,1.8,1.75,1.75,2400,0
20121115,1.79,1.8,1.79,1.8,12000,0
20121116,1.75,1.75,1.65,1.65,15400,0
20121119,1.65,1.75,1.65,1.75,2100,0
20121120,1.71,1.75,1.71,1.71,5600,0
20121121,1.7,1.76,1.7,1.76,500,0
20121127,1.73,1.73,1.71,1.71,1000,0
20121129,1.75,1.79,1.75,1.79,6000,0
20121130,1.79,1.8,1.75,1.75,8400,0
20121203,1.71,1.74,1.71,1.71,3300,0
20121204,1.65,1.79,1.65,1.75,10600,0
20121207,1.75,1.75,1.73,1.75,2900,0
20121210,1.75,1.78,1.75,1.78,800,0
20121211,1.75,1.75,1.73,1.73,2300,0
20121212,1.73,1.74,1.7,1.74,2200,0
20121213,1.75,1.75,1.7,1.74,100,0
20121217,1.7,1.7,1.68,1.7,1000,0
20121218,1.7,1.74,1.68,1.74,5900,0
20121220,1.74,1.75,1.7,1.75,12100,0
20121221,1.75,1.76,1.72,1.72,6600,0
20121227,1.7,1.82,1.7,1.72,33900,0
20121228,1.77,1.78,1.7,1.75,2500,0
20130102,1.75,1.77,1.75,1.75,5500,0
20130103,1.75,1.75,1.75,1.75,2800,0
20130104,1.75,1.8,1.74,1.75,6000,0
20130107,1.8,1.81,1.77,1.81,34300,0
20130108,1.8,1.81,1.8,1.81,7200,0
20130109,1.8,1.8,1.8,1.8,4400,0
20130110,1.8,1.81,1.78,1.81,28400,0
20130111,1.81,1.82,1.78,1.81,5500,0
20130114,1.8,1.84,1.75,1.84,40300,0
20130115,1.8,1.8,1.75,1.77,17200,0
20130116,1.8,1.8,1.8,1.8,3900,0
20130117,1.75,1.78,1.74,1.78,18600,0
20130118,1.8,1.84,1.78,1.84,23700,0
20130121,1.8,1.9,1.75,1.9,17900,0
20130122,1.84,1.88,1.83,1.83,12700,0
20130123,1.87,2,1.87,1.98,8900,0
20130124,1.97,1.97,1.97,1.97,4100,0
20130125,1.97,2.11,1.94,2.1,18500,0
20130128,2.14,2.14,2.1,2.1,2900,0
20130129,2.2,2.2,1.96,2.1,13200,0
20130130,2.1,2.1,2.02,2.02,12000,0
20130131,2,2,2,2,300,0
20130201,2.04,2.04,2.03,2.03,500,0
20130204,2,2.07,2,2,8600,0
20130205,1.89,1.91,1.87,1.9,2600,0
20130206,1.9,1.9,1.86,1.88,100,0
20130208,1.96,1.98,1.88,1.93,1300,0
20130211,1.98,2,1.88,1.88,18800,0
20130212,1.89,2,1.89,2,10200,0
20130213,2,2.12,2,2.11,31100,0
20130214,2.08,2.08,2,2.01,10100,0
20130215,2.08,2.08,2.08,2.08,1000,0
20130218,2.09,2.12,2.03,2.05,600,0
20130219,2.05,2.05,1.91,1.91,8300,0
20130220,1.98,2.1,1.98,2.1,3200,0
20130222,2.05,2.09,2.05,2.09,2000,0
20130225,2.15,2.15,2.04,2.14,11000,0
20130226,2.1,2.2,2.1,2.18,5600,0
20130228,2.17,2.38,2.17,2.25,19900,0
20130301,2.3,2.39,2.25,2.33,5500,0
20130304,2.33,2.35,2.2,2.2,10600,0
20130305,2.26,2.26,2.1,2.1,14900,0
20130306,2.13,2.2,2.03,2.03,7400,0
20130307,2.03,2.3,2.03,2.19,25600,0
20130308,2.25,2.25,2.2,2.2,6400,0
20130311,2.2,2.2,2.2,2.2,1500,0
20130312,2.27,2.3,2.19,2.3,4100,0
20130313,2.1,2.18,2.1,2.12,2700,0
20130315,2.26,2.26,2.08,2.08,9000,0
20130318,2.15,2.21,2.15,2.21,3000,0
20130320,2.13,2.3,2.13,2.2,8900,0
20130321,2.14,2.21,2.13,2.21,5400,0
20130322,2.1,2.13,2.09,2.13,9300,0
20130325,2.07,2.07,2.07,2.07,1500,0
20130326,2.04,2.04,1.91,2.02,25300,0
20130327,1.95,1.98,1.91,1.98,5000,0
20130328,1.91,1.94,1.83,1.94,8500,0
20130402,1.87,1.87,1.79,1.79,28000,0
20130403,1.75,1.76,1.75,1.76,6000,0
20130404,1.83,1.83,1.76,1.76,7300,0
20130405,1.76,1.76,1.76,1.76,500,0
20130408,1.76,1.82,1.76,1.82,2100,0
20130409,1.9,1.9,1.79,1.79,3200,0
20130411,1.85,1.85,1.76,1.76,1700,0
20130412,1.85,1.85,1.76,1.76,2300,0
20130415,1.85,1.86,1.85,1.86,3300,0
20130417,1.88,1.88,1.88,1.88,2000,0
20130419,1.81,1.86,1.81,1.86,2000,0
20130422,1.91,1.91,1.91,1.91,10000,0
20130423,1.9,1.9,1.81,1.81,4200,0
20130424,1.82,1.82,1.82,1.82,2700,0
20130425,1.81,1.81,1.81,1.81,500,0
20130426,1.78,1.78,1.75,1.75,6100,0
20130429,1.75,1.75,1.44,1.61,36500,0
20130430,1.62,1.74,1.57,1.7,7300,0
20130502,1.75,1.75,1.54,1.58,5500,0
20130503,1.51,1.53,1.48,1.53,800,0
20130506,1.53,1.53,1.53,1.53,500,0
20130508,1.59,1.59,1.55,1.55,6000,0
20130509,1.59,1.59,1.59,1.59,600,0
20130510,1.53,1.53,1.51,1.53,900,0
20130513,1.48,1.48,1.48,1.48,200,0
20130514,1.54,1.58,1.54,1.58,4000,0
20130515,1.52,1.59,1.52,1.52,1500,0
20130517,1.56,1.56,1.52,1.52,16000,0
20130520,1.51,1.57,1.51,1.57,2600,0
20130522,1.56,1.59,1.55,1.59,4000,0
20130523,1.56,1.56,1.56,1.56,5000,0
20130524,1.56,1.59,1.56,1.56,2000,0
20130527,1.56,1.56,1.51,1.51,1600,0
20130528,1.6,1.6,1.51,1.58,13400,0
20130530,1.63,1.65,1.63,1.65,400,0
20130531,1.59,1.59,1.59,1.59,1700,0
20130603,1.59,1.59,1.59,1.59,1900,0
20130605,1.58,1.58,1.57,1.57,1200,0
20130607,1.54,1.62,1.54,1.62,6900,0
20130610,1.63,1.65,1.57,1.65,2300,0
20130611,1.6,1.6,1.53,1.58,2100,0
20130613,1.6,1.6,1.6,1.6,4000,0
20130617,1.6,1.6,1.55,1.55,3600,0
20130619,1.53,1.55,1.53,1.55,7100,0
20130620,1.55,1.55,1.55,1.55,2600,0
20130621,1.56,1.56,1.56,1.56,500,0
20130624,1.61,1.61,1.61,1.61,800,0
20130625,1.55,1.55,1.53,1.53,10100,0
20130626,1.58,1.6,1.54,1.54,6500,0
20130627,1.48,1.48,1.48,1.48,100,0
20130628,1.53,1.62,1.48,1.6,23800,0
20130702,1.61,1.79,1.61,1.66,37100,0
20130703,1.6,1.6,1.6,1.6,2000,0
20130704,1.55,1.55,1.55,1.55,100,0
20130708,1.55,1.55,1.55,1.55,3500,0
20130709,1.55,1.66,1.55,1.65,20000,0
20130710,1.58,1.59,1.58,1.59,12100,0
20130711,1.64,1.68,1.63,1.68,6900,0
20130712,1.71,1.72,1.67,1.67,6600,0
20130715,1.72,1.76,1.72,1.75,12000,0
20130717,1.65,1.79,1.65,1.79,1500,0
20130718,1.82,1.88,1.79,1.88,14500,0
20130719,1.81,1.93,1.81,1.93,20500,0
20130722,1.9,1.99,1.9,1.95,6000,0
20130723,1.91,1.91,1.82,1.82,2000,0
20130724,1.86,1.86,1.75,1.75,4400,0
20130725,1.85,1.85,1.85,1.85,1000,0
20130726,1.91,1.91,1.91,1.91,2000,0
20130729,1.9,2,1.9,1.97,10400,0
20130730,1.97,1.97,1.97,1.97,2000,0
20130731,2.24,2.24,2.1,2.1,6100,0
20130801,2.15,2.25,1.98,2.02,17600,0
20130802,1.98,2,1.98,2,3200,0
20130806,2.01,2.01,2,2,15700,0
20130807,1.97,2,1.97,2,7300,0
20130808,2,2,2,2,600,0
20130809,1.95,2,1.95,2,2200,0
20130812,2,2.07,2,2.02,5200,0
20130814,2.08,2.08,2.01,2.01,2300,0
20130815,2.1,2.15,2.1,2.15,1900,0
20130820,2.01,2.01,2.01,2.01,2300,0
20130826,1.97,1.99,1.97,1.99,3300,0
20130827,2,2,2,2,1100,0
20130828,2.01,2.07,2,2,16600,0
20130829,2,2.05,2,2,19500,0
20130830,1.98,1.99,1.94,1.99,8000,0
20130902,1.99,1.99,1.97,1.97,2700,0
20130903,2.03,2.03,2.03,2.03,200,0
20130904,1.97,1.97,1.97,1.97,400,0
20130906,2.03,2.14,2.01,2.03,7500,0
20130909,2.1,2.26,1.99,1.99,19500,0
20130910,2.01,2.01,1.84,1.84,11200,0
20130911,1.76,1.81,1.76,1.8,1400,0
20130912,1.85,1.85,1.85,1.85,3900,0
20130913,2.2,2.2,1.95,2,13300,0
20130916,2.05,2.14,1.99,1.99,9000,0
20130917,2.06,2.2,2.02,2.05,26900,0
20130918,1.95,2.09,1.95,2.05,5800,0
20130919,2.09,2.1,2.09,2.1,11700,0
20130920,2.03,2.12,2,2.12,12000,0
20130923,2.1,2.2,2.1,2.13,20100,0
20130924,2.22,2.26,2.08,2.08,14600,0
20130925,2.25,2.25,2.15,2.18,18300,0
20130926,2.18,2.23,2.1,2.1,16400,0
20130927,2.19,2.19,2.19,2.19,11100,0
20130930,2.25,2.25,2.25,2.25,3000,0
20131001,2.2,2.21,2.2,2.21,2500,0
20131002,2.11,2.27,2.1,2.27,12700,0
20131007,2.1,2.25,2.1,2.15,21700,0
20131008,2.2,2.2,2.2,2.2,2800,0
20131009,2.2,2.21,2.2,2.21,2800,0
20131011,2.25,2.25,2.15,2.22,3600,0
20131014,2.21,2.21,2.2,2.2,9400,0
20131018,2.15,2.15,2.11,2.11,3500,0
20131023,2.1,2.1,2.09,2.09,1100,0
20131024,2.06,2.06,2.06,2.06,1700,0
20131025,2.16,2.16,2.16,2.16,300,0
20131028,2.16,2.22,2.16,2.22,400,0
20131029,2.26,2.26,2.19,2.2,1400,0
20131030,2.05,2.05,2.05,2.05,200,0
20131031,2.1,2.1,2.1,2.1,500,0
20131101,2.05,2.05,2.05,2.05,100,0
20131104,2.05,2.07,2.05,2.07,900,0
20131105,2.07,2.1,2.07,2.1,500,0
20131106,2.07,2.17,2.07,2.12,2300,0
20131107,2.07,2.18,2.07,2.15,700,0
20131108,2.06,2.25,2.06,2.16,11800,0
20131111,2.25,2.28,2.25,2.28,32800,0
20131112,2.22,2.3,2.2,2.3,2200,0
20131114,2.3,2.5,2.3,2.5,2400,0
20131115,2.35,2.35,2.15,2.21,2600,0
20131118,2.31,2.41,2.31,2.4,7600,0
20131119,2.51,2.78,2.51,2.71,4600,0
20131120,2.61,2.78,2.58,2.78,2200,0
20131121,2.8,3.6,2.8,3.4,10800,0
20131122,3.05,3.6,3.05,3.33,16700,0
20131125,3.5,4.1,3.4,3.74,11600,0
20131126,4,4.7,3.62,4.1,28500,0
20131127,4.29,5.6,4.29,5.1,70200,0
20131128,5.1,6.17,3.45,4,101400,0
20131129,3.9,3.9,3.55,3.55,18400,0
20131202,3.69,4.49,3.65,4,19200,0
20131203,4.2,4.58,4.15,4.28,14400,0
20131204,4.45,4.6,4.4,4.5,23700,0
20131205,4.49,4.5,4.3,4.4,26100,0
20131206,4.19,4.4,3.5,4.39,53500,0
20131209,4.42,4.5,4.39,4.39,6800,0
20131210,4.39,4.47,4.39,4.47,800,0
20131211,4.4,4.4,4.39,4.39,11100,0
20131212,4.29,4.36,4.2,4.33,7200,0
20131213,4.25,4.35,4.05,4.35,6400,0
20131216,4.2,4.29,4.2,4.2,4500,0
20131218,4.25,4.35,4.25,4.28,10000,0
20131219,4.3,4.3,4.3,4.3,10000,0
20131220,4.3,4.32,4.29,4.32,25100,0
20131223,4.32,4.55,4.3,4.45,7500,0
20131227,4.3,4.5,4.3,4.5,7300,0
20131230,4.65,4.65,4.5,4.5,4800,0
20140102,4.66,4.86,4.65,4.81,13200,0
20140103,4.9,4.9,4.6,4.6,9200,0
20140106,4.75,4.75,4.74,4.74,4000,0
20140107,4.85,4.88,4.8,4.88,3500,0
20140108,5.05,5.05,4.8,4.97,4700,0
20140109,4.71,4.9,4.57,4.78,8700,0
20140110,4.9,4.9,4.4,4.6,22600,0
20140113,4.45,4.7,4.4,4.65,12000,0
20140114,4.75,4.75,4.05,4.2,18600,0
20140115,4.35,4.35,3.45,4.2,57100,0
20140116,4.24,4.39,4.14,4.25,43800,0
20140117,4.5,4.6,4.2,4.6,48600,0
20140120,4.3,4.6,4.3,4.58,9500,0
20140121,4.55,4.69,4.55,4.58,19600,0
20140122,4.7,4.71,4.55,4.55,16300,0
20140123,4.75,5.05,4.7,4.8,15800,0
20140124,4.81,4.89,4.4,4.6,45800,0
20140127,4.68,4.7,4.68,4.7,20900,0
20140128,4.7,4.7,4.7,4.7,3000,0
20140130,4.56,4.56,4.39,4.42,600,0
20140131,4.35,4.4,4,4.36,2200,0
20140203,4.16,4.33,4.16,4.33,4200,0
20140204,4.2,4.21,4.2,4.2,8500,0
20140206,4.15,4.19,4.15,4.15,2500,0
20140207,4.14,4.17,4.1,4.17,4200,0
20140210,4.1,4.1,4.1,4.1,700,0
20140211,4.25,4.25,4.1,4.1,7000,0
20140212,4.25,4.38,4.25,4.25,6300,0
20140213,4.38,4.38,4.25,4.25,1700,0
20140214,4.3,4.4,4.3,4.4,5900,0
20140217,4.3,4.3,4.3,4.3,200,0
20140219,4.4,4.4,4.4,4.4,2000,0
20140220,4.4,4.4,4.4,4.4,2000,0
20140221,4.5,4.5,4.4,4.4,5200,0
20140224,4.4,4.4,4.4,4.4,200,0
20140225,4.22,4.48,4.22,4.48,3400,0
20140303,4.3,4.3,4.1,4.1,8000,0
20140304,4.3,4.3,4.3,4.3,2500,0
20140305,4.3,4.3,4.09,4.09,4900,0
20140306,4.1,4.1,3.8,3.9,3900,0
20140307,3.9,4.29,3.85,4.04,7800,0
20140310,3.75,3.76,3.75,3.76,1500,0
20140311,3.7,3.8,3.7,3.8,4500,0
20140312,3.9,3.9,3.9,3.9,3300,0
20140313,3.7,3.7,3.7,3.7,200,0
20140314,3.8,3.8,3.8,3.8,3000,0
20140317,3.8,3.9,3.8,3.8,4800,0
20140318,3.65,3.75,3.65,3.75,2100,0
20140321,3.75,3.75,3.55,3.75,1600,0
20140324,3.89,3.89,3.66,3.7,1300,0
20140326,3.7,3.7,3.7,3.7,1800,0
20140327,3.7,3.7,3.7,3.7,600,0
20140331,3.66,3.7,3.66,3.7,600,0
20140401,3.66,3.66,3.57,3.57,1900,0
20140402,3.66,3.66,3.35,3.65,8400,0
20140404,3.59,3.59,3.59,3.59,500,0
20140407,3.22,3.55,3.22,3.35,4500,0
20140408,3.37,3.37,3.35,3.35,800,0
20140409,3.16,3.28,2.97,3.18,2100,0
20140410,3.06,3.12,3.06,3.12,1100,0
20140411,2.94,2.94,2.7,2.75,1300,0
20140414,2.72,2.72,2.72,2.72,800,0
20140415,2.7,2.83,2.7,2.83,1600,0
20140417,2.75,2.75,2.75,2.75,100,0
20140422,2.76,2.76,2.76,2.76,400,0
20140428,2.69,2.73,2.69,2.73,1200,0
20140429,2.76,2.82,2.72,2.72,2500,0
20140430,2.75,2.75,2.63,2.65,2000,0
20140502,2.6,2.63,2.6,2.63,5700,0
20140507,2.57,2.57,2.57,2.57,100,0
20140508,2.66,2.66,2.6,2.6,1100,0
20140512,2.6,2.6,2.6,2.6,1000,0
20140513,2.6,2.6,2.6,2.6,200,0
20140519,2.55,2.66,2.55,2.6,4200,0
20140520,2.62,2.95,2.55,2.95,10600,0
20140521,2.85,3.5,2.7,3.5,8200,0
20140522,3.1,3.2,3.1,3.1,3600,0
20140523,3.21,3.5,3.21,3.5,3000,0
20140526,3.49,3.5,3.15,3.15,6700,0
20140528,2.92,3.28,2.92,2.99,7300,0
20140529,2.85,3.39,2.85,3.28,900,0
20140530,3.12,3.46,3.06,3.09,6400,0
20140603,3.17,3.17,3.01,3.13,2800,0
20140604,3.06,3.08,2.89,3.08,5100,0
20140606,2.95,3.15,2.95,3.06,3400,0
20140609,3.05,3.05,3.05,3.05,200,0
20140611,2.94,3,2.65,3,9500,0
20140612,2.73,2.97,2.6,2.6,1700,0
20140613,2.62,2.68,2.62,2.68,3100,0
20140616,2.6,2.6,2.6,2.6,100,0
20140617,2.69,2.9,2.69,2.9,6200,0
20140618,2.8,3.05,2.8,3.05,4700,0
20140619,3.05,3.15,3.05,3.15,800,0
20140620,3.15,3.5,3.02,3.02,7400,0
20140623,2.93,2.95,2.93,2.95,2700,0
20140624,3.09,3.09,3.08,3.08,1900,0
20140625,3.03,3.1,3.03,3.07,4000,0
20140627,3.06,3.06,3.06,3.06,1600,0
20140630,3.1,3.1,3.1,3.1,2000,0
20140701,2.95,3.2,2.95,3.05,24600,0
20140702,3.1,3.15,3.1,3.15,5600,0
20140703,3.2,3.4,3.2,3.37,5400,0
20140704,3.44,3.44,3.44,3.44,1400,0
20140707,3.25,3.35,3.01,3.15,5300,0
20140709,3.22,3.22,3.22,3.22,300,0
20140710,3.15,3.25,2.92,3.25,11800,0
20140711,3.12,3.5,3,3.35,9500,0
20140714,3.3,3.35,3.15,3.35,3500,0
20140715,3.21,3.21,3.21,3.21,2000,0
20140716,3.2,3.2,3.2,3.2,600,0
20140717,3.3,3.3,3.3,3.3,1500,0
20140718,3.2,3.2,3.2,3.2,1300,0
20140721,3.1,3.25,3.1,3.25,600,0
20140723,3.35,3.35,3.35,3.35,400,0
20140724,3.25,3.25,3.25,3.25,1600,0
20140725,3.2,3.2,3.15,3.2,800,0
20140730,3.15,3.3,3,3.2,7200,0
20140731,3.35,3.35,3.35,3.35,1700,0
20140801,3.25,3.3,3.25,3.3,1300,0
20140804,3.2,3.34,3.2,3.34,2100,0
20140805,3.2,3.34,3,3.34,6400,0
20140806,3.34,3.34,3.33,3.34,11900,0
20140807,3.34,3.34,3.2,3.2,17000,0
20140808,3.34,3.49,3.3,3.4,6200,0
20140811,3.5,3.55,3.35,3.35,6900,0
20140812,3.35,3.35,3.35,3.35,7900,0
20140813,3.26,3.26,3.26,3.26,500,0
20140818,3.22,3.22,3.22,3.22,500,0
20140822,3.22,3.22,3.2,3.2,500,0
20140826,3.21,3.3,2.95,3.2,4500,0
20140827,3.08,3.2,3.08,3.2,4200,0
20140828,3.2,3.2,2.91,2.91,3500,0
20140829,2.9,3.2,2.78,3,8000,0
20140901,2.9,2.9,2.9,2.9,500,0
20140902,2.85,3.05,2.73,3,6200,0
20140904,2.97,3.07,2.97,3.03,1300,0
20140905,2.9,2.95,2.9,2.95,200,0
20140912,2.85,2.85,2.85,2.85,1400,0
20140915,2.76,2.9,2.76,2.85,3300,0
20140916,3,3.1,3,3,3500,0
20140917,3.05,3.05,2.8,2.8,1000,0
20140918,2.8,2.8,2.73,2.73,2200,0
20140922,2.73,2.73,2.73,2.73,100,0
20140923,2.74,2.74,2.74,2.74,1000,0
20140924,2.89,2.89,2.8,2.8,1000,0
20140930,2.73,2.8,2.73,2.8,1300,0
20141001,2.67,2.67,2.6,2.6,2000,0
20141008,2.7,2.7,2.7,2.7,200,0
20141009,2.7,2.72,2.7,2.72,3300,0
20141014,2.67,2.67,2.67,2.67,800,0
20141015,2.6,2.6,2.5,2.5,800,0
20141016,2.45,2.47,1.95,2,9000,0
20141017,2.09,2.1,2.05,2.1,3400,0
20141020,2.12,2.12,2.12,2.12,200,0
20141021,2.14,2.2,2.14,2.2,2400,0
20141022,2.2,2.3,2.2,2.2,2200,0
20141024,2.35,2.55,2.35,2.44,3000,0
20141027,2.32,2.32,2.32,2.32,1000,0
20141031,2.44,2.6,2.4,2.42,4000,0
20141103,2.32,2.32,2.3,2.3,1500,0
20141104,2.38,2.75,2.38,2.59,8800,0
20141105,2.5,2.5,2.5,2.5,21100,0
20141106,2.5,2.5,2.5,2.5,500,0
20141107,2.5,2.5,2.5,2.5,1000,0
20141110,2.5,2.5,2.5,2.5,2700,0
20141111,2.5,2.5,2.4,2.4,4600,0
20141112,2.55,2.55,2.55,2.55,4800,0
20141114,2.55,2.55,2.55,2.55,5000,0
20141118,2.5,2.5,2.38,2.5,5000,0
20141120,2.5,2.5,2.5,2.5,7800,0
20141124,2.38,2.45,2.38,2.45,1500,0
20141125,2.38,2.45,2.38,2.45,1400,0
20141126,2.4,2.45,2.4,2.45,7900,0
20141127,2.45,2.45,2.45,2.45,5000,0
20141128,2.74,3,2.74,3,8700,0
20141201,2.81,2.81,2.8,2.8,2600,0
20141202,2.65,2.65,2.62,2.62,2500,0
20141203,2.62,2.62,2.62,2.62,1000,0
20141204,2.71,2.71,2.6,2.6,3200,0
20141205,2.63,2.67,2.63,2.67,5400,0
20141208,2.51,2.51,2.51,2.51,800,0
20141210,2.55,2.55,2.53,2.53,1000,0
20141211,2.51,2.51,2.5,2.5,3100,0
20141212,2.5,2.5,2.5,2.5,3000,0
20141217,2.5,2.5,2.5,2.5,1200,0
20141218,2.5,2.5,2.5,2.5,5200,0
20141219,2.5,2.5,2.5,2.5,3900,0
20141222,2.5,2.5,2.5,2.5,3000,0
20141229,2.5,2.5,2.5,2.5,900,0
20141230,2.5,2.5,2.5,2.5,4200,0
20150102,2.4,2.5,2.37,2.37,2800,0
20150105,2.42,2.55,2.42,2.5,3300,0
20150106,2.5,2.5,2.5,2.5,6000,0
20150107,2.51,2.51,2.51,2.51,5900,0
20150109,2.53,2.53,2.53,2.53,5500,0
20150112,2.58,2.58,2.54,2.54,2200,0
20150113,2.6,2.84,2.6,2.84,5300,0
20150114,2.83,2.83,2.8,2.8,7600,0
20150115,2.82,2.82,2.8,2.8,2000,0
20150116,2.84,2.99,2.84,2.99,3500,0
20150119,3,3,3,3,200,0
20150121,3,3,3,3,1200,0
20150122,3,3,2.98,2.98,1000,0
20150127,3,3.45,3,3.1,4900,0
20150128,3,3,2.98,2.98,2500,0
20150129,2.8,2.8,2.7,2.7,3000,0
20150130,2.65,2.72,2.6,2.72,19600,0
20150202,2.56,2.8,2.36,2.8,16900,0
20150204,2.65,2.65,2.65,2.65,1000,0
20150205,2.65,2.65,2.65,2.65,400,0
20150209,2.75,2.75,2.65,2.65,1900,0
20150213,2.78,2.78,2.68,2.68,200,0
20150216,2.6,2.6,2.6,2.6,300,0
20150217,2.52,2.8,2.5,2.7,2600,0
20150218,2.6,2.86,2.6,2.7,4800,0
20150219,2.71,2.71,2.71,2.71,300,0
20150220,2.7,2.7,2.7,2.7,600,0
20150225,2.8,2.8,2.75,2.75,1100,0
20150226,2.75,2.75,2.75,2.75,1100,0
20150227,2.75,2.88,2.75,2.88,1000,0
20150302,2.7,2.7,2.7,2.7,200,0
20150304,2.65,2.75,2.65,2.75,2200,0
20150306,2.75,2.75,2.62,2.62,1500,0
20150309,2.75,2.75,2.75,2.75,1000,0
20150310,2.58,2.78,2.58,2.78,100,0
20150311,2.58,2.58,2.58,2.58,100,0
20150316,2.58,2.72,2.58,2.72,1400,0
20150319,2.62,2.7,2.62,2.7,2700,0
20150323,2.54,2.7,2.54,2.67,1000,0
20150324,2.54,2.54,2.54,2.54,1000,0
20150325,2.5,2.5,2.5,2.5,2000,0
20150326,2.5,2.58,2.5,2.58,1400,0
20150401,2.48,2.48,2.48,2.48,100,0
20150402,2.4,2.4,2.4,2.4,2100,0
20150407,2.52,2.52,2.48,2.48,2877,0
20150408,2.6,2.6,2.6,2.6,458,0
20150416,2.5,2.5,2.5,2.5,40,0
20150417,2.5,2.5,2.5,2.5,120,0
20150420,2.47,2.47,2.45,2.45,4704,0
20150421,2.4,2.4,2.4,2.4,1500,0
20150422,2.35,2.35,2.32,2.32,245,0
20150427,2.35,2.35,2.35,2.35,1800,0
20150428,2.35,2.35,2.35,2.35,1265,0
20150429,2.75,2.78,2.6,2.65,7249,0
20150430,2.69,2.801,2.501,2.501,21147,0
20150504,2.58,2.58,2.499,2.5,3719,0
20150505,2.56,2.6,2.471,2.471,2441,0
20150507,2.351,2.4,2.35,2.4,4147,0
20150508,2.351,2.351,2.35,2.35,2521,0
20150511,2.351,2.351,2.25,2.25,3439,0
20150514,2.241,2.241,1.626,1.989,37045,0
20150515,1.9,2.019,1.9,2.019,4600,0
20150518,2.101,2.101,2,2.05,6347,0
20150519,2.05,2.1,2.05,2.1,3005,0
20150522,2.05,2.05,2.05,2.05,900,0
20150526,2,2,1.95,1.95,400,0
20150528,1.958,2.08,1.958,2.08,4374,0
20150529,2.199,2.2,2.199,2.199,2810,0
20150601,2.201,2.201,2.2,2.2,1043,0
20150603,2.2,2.201,2.2,2.2,1056,0
20150608,2.201,2.202,2.2,2.2,2343,0
20150609,2.2,2.2,2.19,2.19,1364,0
20150611,2.12,2.12,2.001,2.05,3011,0
20150615,2,2,1.958,1.958,3802,0
20150616,1.958,1.958,1.958,1.958,648,0
20150619,1.9,1.98,1.9,1.98,1800,0
20150622,1.85,1.85,1.7,1.8,4610,0
20150623,1.85,1.85,1.85,1.85,2000,0
20150625,1.851,1.851,1.84,1.84,1300,0
20150629,1.84,1.84,1.7,1.7,5563,0
20150701,1.77,1.77,1.77,1.77,2000,0
20150702,1.8,1.802,1.8,1.801,556,0
20150708,1.751,1.751,1.697,1.697,6036,0
20150709,1.758,1.759,1.758,1.759,2445,0
20150710,1.661,1.783,1.66,1.782,4675,0
20150714,1.8,1.8,1.8,1.8,500,0
20150715,1.68,1.68,1.68,1.68,210,0
20150716,1.68,1.68,1.68,1.68,2000,0
20150720,1.674,1.679,1.674,1.675,5588,0
20150721,1.656,1.656,1.59,1.59,1822,0
20150722,1.57,1.744,1.57,1.723,5173,0
20150723,1.681,1.89,1.68,1.81,16038,0
20150724,1.84,1.88,1.8,1.88,10073,0
20150727,1.8,2.024,1.8,2,5062,0
20150728,1.9,2,1.9,2,7725,0
20150729,2,2.14,2,2.14,4603,0
20150730,2.211,2.4,2.2,2.4,5524,0
20150731,2.58,3.236,2.41,2.418,21291,0
20150803,2.458,2.674,2.4,2.4,2930,0
20150804,2.59,2.59,2.3,2.468,312,0
20150805,2.308,2.45,2.308,2.357,5163,0
20150806,2.297,2.307,2.2,2.3,6424,0
20150807,2.26,2.378,2.26,2.378,7022,0
20150810,2.258,2.303,2.258,2.303,7537,0
20150811,2.17,2.29,2.17,2.29,5725,0
20150812,2.23,2.268,2.2,2.2,5000,0
20150813,2.12,2.15,2.12,2.15,4100,0
20150814,2.151,2.151,2.15,2.15,1000,0
20150817,2.151,2.151,2.11,2.11,3100,0
20150818,2.07,2.07,1.7,2,30305,0
20150819,1.98,1.98,1.83,1.93,4725,0
20150820,1.9,1.9,1.9,1.9,775,0
20150821,1.84,1.84,1.74,1.74,2055,0
20150824,1.7,1.7,1.64,1.65,1551,0
20150825,1.744,2.45,1.744,2.45,13641,0
20150826,2.25,2.25,2.15,2.15,3999,0
20150827,2.15,2.15,2.14,2.14,4000,0
20150828,2.119,2.12,2.119,2.12,1187,0
20150831,2.1,2.101,2.1,2.1,4220,0
20150901,2.099,2.118,2.099,2.101,5066,0
20150902,2,2.101,2,2.1,13927,0
20150904,2.119,2.31,2.11,2.11,7943,0
20150907,2.149,2.15,2.011,2.1,10896,0
20150908,2.14,2.141,2.14,2.141,3000,0
20150911,2.117,2.2,1.981,1.981,5496,0
20150914,2.119,2.119,2.08,2.08,4006,0
20150915,2.17,2.171,2.14,2.14,3225,0
20150921,2.093,2.093,2.092,2.092,834,0
20150923,2.099,2.1,2.099,2.1,15959,0
20150924,2.1,2.1,2.061,2.061,700,0
20150925,2.099,2.194,2.099,2.1,4798,0
20150929,2.1,2.2,2.1,2.1,2883,0
20150930,2.099,2.2,2.099,2.1,4089,0
20151002,2.099,2.1,2.04,2.04,3120,0
20151005,2.099,2.171,2.099,2.1,11331,0
20151006,2.099,2.15,2.099,2.1,3834,0
20151007,2.099,2.118,2.061,2.1,7668,0
20151008,2.099,2.118,2.099,2.1,12163,0
20151009,2.099,2.14,2.02,2.02,14414,0
20151012,2.099,2.1,2.099,2.099,2902,0
20151013,2.099,2.1,2,2,5507,0
20151014,2.001,2.1,2.001,2.1,8451,0
20151015,2.099,2.14,2.099,2.1,14988,0
20151016,2.099,2.1,2.099,2.1,3995,0
20151019,2.099,2.141,2.099,2.1,7450,0
20151020,2.099,2.14,2.099,2.1,18957,0
20151021,2.099,2.1,2.099,2.1,1100,0
20151022,2.099,2.14,2.07,2.07,10312,0
20151023,2.15,2.194,2.15,2.194,2327,0
20151026,2.15,2.15,2.15,2.15,119,0
20151027,2.199,2.2,2.199,2.2,1725,0
20151029,2.198,2.198,2.198,2.198,2000,0
20151030,2.178,2.178,2.178,2.178,100,0
20151102,2.15,2.19,2.15,2.19,2877,0
20151109,2.063,2.099,2,2,2184,0
20151110,1.961,2.099,1.9,1.9,19734,0
20151111,2.011,2.08,1.959,1.959,6172,0
20151112,1.879,1.9,1.85,1.85,10000,0
20151113,1.8,1.95,1.8,1.9,9829,0
20151116,1.839,1.9,1.839,1.9,6000,0
20151117,1.98,1.99,1.98,1.99,4000,0
20151118,1.99,2,1.99,2,4000,0
20151120,2.05,2.05,1.98,1.98,564,0
20151124,1.986,1.986,1.986,1.986,500,0
20151125,2,2,2,2,28,0
20151127,1.9,2.04,1.9,2.04,4241,0
20151130,2.06,2.06,2.06,2.06,40,0
20151208,1.924,1.924,1.924,1.924,13,0
20151217,1.909,1.909,1.908,1.908,500,0
20151218,1.889,1.9,1.888,1.9,2738,0
20151221,1.926,1.926,1.926,1.926,2000,0
20151223,2.05,2.05,2.05,2.05,378,0
20151228,2.05,2.05,2.05,2.05,653,0
20151229,1.93,1.93,1.93,1.93,62,0
20151230,1.93,1.93,1.88,1.88,2995,0
20160104,1.968,1.968,1.968,1.968,2000,0
20160112,1.902,1.902,1.88,1.88,1160,0
20160113,1.88,1.88,1.88,1.88,1180,0
20160114,1.99,2,1.9,1.9,4584,0
20160115,1.903,1.904,1.903,1.904,2750,0
20160202,1.801,1.801,1.801,1.801,220,0
20160208,1.801,1.781,1.781,1.799,1000,0
20160211,1.78,1.78,1.78,1.78,300,0
20160212,1.761,1.761,1.76,1.76,212,0
20160216,1.764,1.764,1.763,1.763,3604,0
20160217,1.663,1.663,1.663,1.663,500,0
20160218,1.563,1.57,1.563,1.563,2023,0
20160219,1.564,1.564,1.564,1.564,1396,0
20160222,1.565,1.565,1.565,1.565,1050,0
20160223,1.565,1.565,1.565,1.565,446,0
20160224,1.55,1.55,1.51,1.51,761,0
20160302,1.5,1.5,1.442,1.442,1480,0
20160303,1.52,1.52,1.52,1.52,2000,0
20160308,1.499,1.499,1.498,1.498,752,0
20160314,1.5,1.5,1.5,1.5,896,0
20160321,1.48,1.48,1.48,1.48,40,0
20160323,1.59,1.59,1.59,1.59,1000,0
20160324,1.551,1.551,1.49,1.49,621,0
20160331,1.55,1.6,1.48,1.6,250,0
20160404,1.425,1.425,1.425,1.425,2000,0
20160407,1.498,1.498,1.498,1.498,2000,0
20160414,1.426,1.426,1.36,1.38,5512,0
20160415,1.39,1.443,1.39,1.443,5000,0
20160418,1.458,1.458,1.458,1.458,2000,0
20160420,1.5,1.5,1.5,1.5,500,0
20160425,1.578,1.579,1.578,1.579,400,0
20160427,1.48,1.48,1.48,1.48,100,0
20160512,1.5,1.5,1.5,1.5,462,0
20160513,1.5,1.5,1.5,1.5,538,0
20160523,1.4,1.4,1.4,1.4,1000,0
20160524,1.498,1.498,1.498,1.498,6,0
20160525,1.502,1.521,1.502,1.52,2200,0
20160527,1.6,1.647,1.6,1.647,7700,0
20160530,1.6,1.655,1.6,1.655,3000,0
20160601,1.65,1.65,1.65,1.65,820,0
20160602,1.752,1.752,1.752,1.752,1,0
20160603,1.683,1.683,1.683,1.683,175,0
20160608,1.707,1.75,1.707,1.75,2413,0
20160609,1.75,2.2,1.721,1.78,7392,0
20160614,1.697,1.697,1.697,1.697,20,0
20160617,1.665,1.665,1.585,1.585,2108,0
20160621,1.5,1.51,1.5,1.5,3324,0
20160622,1.526,1.6,1.526,1.6,4000,0
20160623,1.634,1.634,1.634,1.634,1768,0
20160624,1.57,1.571,1.57,1.571,1151,0
20160629,1.493,1.493,1.449,1.449,2001,0
20160630,1.389,1.407,1.389,1.407,3200,0
20160701,1.544,1.544,1.544,1.544,100,0
20160704,1.425,1.45,1.425,1.45,400,0
20160705,1.47,1.526,1.47,1.5,5300,0
20160706,1.501,1.501,1.45,1.45,3454,0
20160707,1.45,1.45,1.45,1.45,701,0
20160711,1.5,1.603,1.5,1.603,7400,0
20160713,1.657,1.66,1.657,1.658,6400,0
20160714,1.608,1.608,1.608,1.608,1,0
20160715,1.611,1.9,1.611,1.8,3264,0
20160718,1.74,1.869,1.74,1.869,252,0
20160719,1.879,1.879,1.879,1.879,2,0
20160721,1.9,1.9,1.9,1.9,2000,0
20160722,1.84,1.87,1.84,1.87,2917,0
20160729,1.754,1.754,1.754,1.754,816,0
20160801,1.66,1.66,1.637,1.637,2000,0
20160802,1.63,1.63,1.63,1.63,95,0
20160805,1.83,1.83,1.829,1.83,4401,0
20160808,1.881,1.881,1.881,1.881,100,0
20160811,1.8,1.8,1.8,1.8,1,0
20160818,1.818,1.818,1.818,1.818,200,0
20160822,1.758,1.758,1.758,1.758,50,0
20160823,1.758,1.739,1.739,1.739,50,0
20160825,1.73,1.74,1.73,1.73,6100,0
20160826,1.71,1.71,1.71,1.71,174,0
20160829,1.816,1.935,1.816,1.835,7050,0
20160830,1.755,1.76,1.735,1.76,8250,0
20160909,1.692,1.692,1.692,1.692,1468,0
20160914,1.742,1.742,1.742,1.742,10,0
20160916,1.7,1.7,1.7,1.7,1000,0
20160920,1.65,1.65,1.65,1.65,1000,0
20160921,1.59,1.59,1.59,1.59,100,0
20160923,1.644,1.644,1.644,1.644,2000,0
20160926,1.7,1.7,1.7,1.7,2700,0
20160927,1.62,2.13,1.62,1.79,40361,0
20160928,1.903,1.925,1.569,1.64,21289,0
20160929,1.612,1.88,1.612,1.74,11804,0
20161010,1.719,1.719,1.613,1.613,5881,0
20161014,1.684,2.15,1.684,1.884,12149,0
20161019,1.706,2.05,1.63,1.87,12290,0
20161020,1.837,1.875,1.837,1.875,6815,0
20161021,1.88,1.88,1.835,1.835,850,0
20161025,1.88,1.88,1.73,1.73,5000,0
20161026,1.67,1.67,1.67,1.67,155,0
20161027,1.67,1.67,1.6,1.6,2453,0
20161028,1.58,1.58,1.58,1.58,51,0
20161031,1.617,1.617,1.617,1.617,2000,0
20161102,1.617,1.617,1.6,1.6,488,0
20161109,1.597,1.597,1.55,1.55,3000,0
20161110,1.53,1.55,1.5,1.5,6400,0
20161111,1.511,1.512,1.5,1.5,3490,0
20161114,1.547,1.547,1.547,1.547,500,0
20161116,1.507,1.507,1.507,1.507,526,0
20161122,1.46,1.46,1.46,1.46,150,0
20161129,1.554,1.575,1.554,1.575,3000,0
20161201,1.6,1.6,1.6,1.6,1000,0
20161202,1.56,1.56,1.56,1.56,75,0
20161206,1.54,1.54,1.499,1.499,2000,0
20161207,1.5,1.5,1.5,1.5,291,0
20161208,1.5,1.5,1.5,1.5,140,0
20161209,1.5,1.5,1.5,1.5,750,0
20161213,1.48,1.48,1.46,1.46,401,0
20161214,1.44,1.44,1.44,1.44,550,0
20161215,1.44,1.451,1.451,1.451,1000,0
20161220,1.456,1.456,1.45,1.45,2500,0
20161229,1.83,1.83,1.629,1.789,11873,0
20161230,1.689,1.689,1.689,1.689,868,0
20170102,1.725,1.82,1.725,1.82,8300,0
20170104,1.829,1.829,1.829,1.829,150,0
20170105,1.82,1.82,1.82,1.82,758,0
20170106,1.775,1.775,1.775,1.775,100,0
20170112,1.775,1.775,1.775,1.775,1400,0
20170117,1.736,1.736,1.58,1.58,3900,0
20170118,1.617,1.741,1.6,1.66,4601,0
20170123,1.77,1.77,1.77,1.77,1,0
20170124,1.65,1.65,1.65,1.65,58,0
20170125,1.711,1.711,1.65,1.65,2600,0
20170127,1.648,1.67,1.648,1.67,3041,0
20170203,1.621,1.621,1.621,1.621,200,0
20170206,1.622,1.622,1.622,1.622,25,0
20170210,1.626,1.626,1.626,1.626,276,0
20170213,1.7,1.707,1.7,1.707,100,0
20170214,1.691,1.691,1.69,1.69,3500,0
20170216,1.7,1.732,1.7,1.71,3366,0
20170228,1.727,1.727,1.727,1.727,500,0
20170302,1.647,1.647,1.647,1.647,636,0
20170303,1.607,1.607,1.607,1.607,33,0
20170306,1.55,1.6,1.515,1.531,1872,0
20170308,1.55,1.55,1.55,1.55,6703,0
20170309,1.55,1.55,1.503,1.503,3421,0
20170310,1.549,1.55,1.549,1.55,633,0
20170313,1.639,1.639,1.47,1.47,15642,0
20170314,1.48,1.5,1.44,1.5,8814,0
20170315,1.5,1.5,1.5,1.5,4737,0
20170316,1.5,1.5,1.5,1.5,2454,0
